0.00,0.0000
0.50,-0.6354
1.00,-1.3539
1.50,-2.0730
2.00,-2.7175
2.50,-3.2391
3.00,-3.6239
3.50,-3.8915
4.00,-4.0832
4.50,-4.2418
5.00,-4.3905
5.50,-4.5284
6.00,-4.6420
6.50,-4.7207
7.00,-4.7613
7.50,-4.7645
8.00,-4.7297
8.50,-4.6597
9.00,-4.5692
9.50,-4.4908
10.00,-4.4634
10.50,-4.5085
11.00,-4.6116
11.50,-4.7293
12.00,-4.8178
12.50,-4.8601
13.00,-4.8719
13.50,-4.8830
14.00,-4.9088
14.50,-4.9349
15.00,-4.9299
15.50,-4.8730
16.00,-4.7705
16.50,-4.6477
17.00,-4.5306
17.50,-4.4383
18.00,-4.3872
18.50,-4.3893
19.00,-4.4416
19.50,-4.5181
20.00,-4.5821
20.50,-4.6102
21.00,-4.6047
21.50,-4.5827
22.00,-4.5547
22.50,-4.5147
23.00,-4.4491
23.50,-4.3535
24.00,-4.2423
24.50,-4.1418
25.00,-4.0734
25.50,-4.0399
26.00,-4.0243
26.50,-4.0024
27.00,-3.9592
27.50,-3.8990
28.00,-3.8442
28.50,-3.8205
29.00,-3.8386
29.50,-3.8860
30.00,-3.9357
30.50,-3.9685
31.00,-3.9861
31.50,-4.0055
32.00,-4.0387
32.50,-4.0764
33.00,-4.0934
33.50,-4.0698
34.00,-4.0097
34.50,-3.9438
35.00,-3.9123
35.50,-3.9426
36.00,-4.0331
36.50,-4.1524
37.00,-4.2557
37.50,-4.3109
38.00,-4.3177
38.50,-4.3019
39.00,-4.2895
39.50,-4.2862
40.00,-4.2804
40.50,-4.2650
41.00,-4.2532
41.50,-4.2726
42.00,-4.3399
42.50,-4.4416
43.00,-4.5382
43.50,-4.5949
44.00,-4.6106
44.50,-4.6167
45.00,-4.6475
45.50,-4.7106
46.00,-4.7858
46.50,-4.8480
47.00,-4.8876
47.50,-4.9127
48.00,-4.9359
48.50,-4.9609
49.00,-4.9826
49.50,-4.9958
50.00,-4.9997
50.50,-4.9924
51.00,-4.9660
51.50,-4.9141
52.00,-4.8467
52.50,-4.7926
53.00,-4.7831
53.50,-4.8313
54.00,-4.9277
54.50,-5.0525
55.00,-5.1877
55.50,-5.3155
56.00,-5.4147
56.50,-5.4684
57.00,-5.4775
57.50,-5.4615
58.00,-5.4429
58.50,-5.4310
59.00,-5.4203
59.50,-5.4000
60.00,-5.3610
60.50,-5.3000
61.00,-5.2229
61.50,-5.1499
62.00,-5.1118
62.50,-5.1319
63.00,-5.2054
63.50,-5.2972
64.00,-5.3615
64.50,-5.3703
65.00,-5.3291
65.50,-5.2699
66.00,-5.2291
66.50,-5.2241
67.00,-5.2432
67.50,-5.2561
68.00,-5.2346
68.50,-5.1691
69.00,-5.0704
69.50,-4.9619
70.00,-4.8716
70.50,-4.8244
71.00,-4.8330
71.50,-4.8884
72.00,-4.9590
72.50,-5.0046
73.00,-5.0001
73.50,-4.9499
74.00,-4.8828
74.50,-4.8285
75.00,-4.7985
75.50,-4.7884
76.00,-4.7937
76.50,-4.8181
77.00,-4.8674
77.50,-4.9350
78.00,-4.9969
78.50,-5.0246
79.00,-5.0062
79.50,-4.9572
80.00,-4.9086
80.50,-4.8810
81.00,-4.8718
81.50,-4.8629
82.00,-4.8415
82.50,-4.8128
83.00,-4.7950
83.50,-4.8037
84.00,-4.8395
84.50,-4.8921
85.00,-4.9516
85.50,-5.0134
86.00,-5.0716
86.50,-5.1121
87.00,-5.1193
87.50,-5.0892
88.00,-5.0350
88.50,-4.9787
89.00,-4.9356
89.50,-4.9092
90.00,-4.8964
90.50,-4.8961
91.00,-4.9092
91.50,-4.9314
92.00,-4.9484
92.50,-4.9392
93.00,-4.8878
93.50,-4.7942
94.00,-4.6771
94.50,-4.5657
95.00,-4.4869
95.50,-4.4552
96.00,-4.4676
96.50,-4.5048
97.00,-4.5393
97.50,-4.5489
98.00,-4.5279
98.50,-4.4887
99.00,-4.4528
99.50,-4.4358
100.00,-4.4361
100.50,-4.4366
101.00,-4.4202
101.50,-4.3866
102.00,-4.3522
102.50,-4.3357
103.00,-4.3426
103.50,-4.3635
104.00,-4.3820
104.50,-4.3854
105.00,-4.3701
105.50,-4.3419
106.00,-4.3126
106.50,-4.2929
107.00,-4.2874
107.50,-4.2926
108.00,-4.3023
108.50,-4.3132
109.00,-4.3264
109.50,-4.3429
110.00,-4.3586
110.50,-4.3649
111.00,-4.3570
111.50,-4.3380
112.00,-4.3173
112.50,-4.3037
113.00,-4.3029
113.50,-4.3164
114.00,-4.3394
114.50,-4.3571
115.00,-4.3496
115.50,-4.3055
116.00,-4.2328
116.50,-4.1534
117.00,-4.0868
117.50,-4.0398
118.00,-4.0100
118.50,-3.9949
119.00,-3.9935
119.50,-4.0005
120.00,-4.0053
120.50,-3.9999
121.00,-3.9870
121.50,-3.9796
122.00,-3.9921
122.50,-4.0313
123.00,-4.0927
123.50,-4.1618
124.00,-4.2187
124.50,-4.2463
125.00,-4.2378
125.50,-4.1987
126.00,-4.1449
126.50,-4.0969
127.00,-4.0741
127.50,-4.0860
128.00,-4.1272
128.50,-4.1803
129.00,-4.2289
129.50,-4.2695
130.00,-4.3101
130.50,-4.3570
131.00,-4.4053
131.50,-4.4422
132.00,-4.4589
132.50,-4.4566
133.00,-4.4422
133.50,-4.4194
134.00,-4.3869
134.50,-4.3429
135.00,-4.2915
135.50,-4.2441
136.00,-4.2146
136.50,-4.2103
137.00,-4.2262
137.50,-4.2469
138.00,-4.2553
138.50,-4.2425
139.00,-4.2134
139.50,-4.1834
140.00,-4.1695
140.50,-4.1807
141.00,-4.2147
141.50,-4.2609
142.00,-4.3087
142.50,-4.3500
143.00,-4.3767
143.50,-4.3763
144.00,-4.3375
144.50,-4.2614
145.00,-4.1662
145.50,-4.0790
146.00,-4.0213
146.50,-4.0011
147.00,-4.0121
147.50,-4.0400
148.00,-4.0712
148.50,-4.0993
149.00,-4.1260
149.50,-4.1559
150.00,-4.1902
150.50,-4.2249
151.00,-4.2513
151.50,-4.2607
152.00,-4.2503
152.50,-4.2278
153.00,-4.2086
153.50,-4.2047
154.00,-4.2177
154.50,-4.2428
155.00,-4.2791
155.50,-4.3323
156.00,-4.4041
156.50,-4.4820
157.00,-4.5433
157.50,-4.5711
158.00,-4.5684
158.50,-4.5547
159.00,-4.5526
159.50,-4.5747
160.00,-4.6190
160.50,-4.6721
161.00,-4.7179
161.50,-4.7467
162.00,-4.7600
162.50,-4.7639
163.00,-4.7610
163.50,-4.7491
164.00,-4.7308
164.50,-4.7176
165.00,-4.7217
165.50,-4.7427
166.00,-4.7662
166.50,-4.7759
167.00,-4.7679
167.50,-4.7526
168.00,-4.7428
168.50,-4.7426
169.00,-4.7453
169.50,-4.7409
170.00,-4.7252
170.50,-4.7030
171.00,-4.6849
171.50,-4.6820
172.00,-4.7014
172.50,-4.7431
173.00,-4.7988
173.50,-4.8547
174.00,-4.8968
174.50,-4.9182
175.00,-4.9200
175.50,-4.9076
176.00,-4.8877
176.50,-4.8696
177.00,-4.8649
177.50,-4.8819
178.00,-4.9152
178.50,-4.9462
179.00,-4.9551
179.50,-4.9350
180.00,-4.8957
180.50,-4.8552
181.00,-4.8293
181.50,-4.8261
182.00,-4.8453
182.50,-4.8768
183.00,-4.9043
183.50,-4.9133
184.00,-4.9012
184.50,-4.8796
185.00,-4.8660
185.50,-4.8739
186.00,-4.9050
186.50,-4.9475
187.00,-4.9801
187.50,-4.9828
188.00,-4.9498
188.50,-4.8930
189.00,-4.8344
189.50,-4.7927
190.00,-4.7785
190.50,-4.7941
191.00,-4.8337
191.50,-4.8834
192.00,-4.9274
192.50,-4.9572
193.00,-4.9775
193.50,-5.0014
194.00,-5.0398
194.50,-5.0931
195.00,-5.1495
195.50,-5.1913
196.00,-5.2043
196.50,-5.1864
197.00,-5.1474
197.50,-5.1025
198.00,-5.0650
198.50,-5.0435
199.00,-5.0420
199.50,-5.0579
200.00,-5.0811
200.50,-5.0987
201.00,-5.1018
201.50,-5.0910
202.00,-5.0746
202.50,-5.0618
203.00,-5.0567
203.50,-5.0584
204.00,-5.0670
204.50,-5.0863
205.00,-5.1193
205.50,-5.1618
206.00,-5.2029
206.50,-5.2331
207.00,-5.2506
207.50,-5.2592
208.00,-5.2623
208.50,-5.2611
209.00,-5.2579
209.50,-5.2580
210.00,-5.2662
210.50,-5.2828
211.00,-5.3040
211.50,-5.3263
212.00,-5.3517
212.50,-5.3873
213.00,-5.4365
213.50,-5.4919
214.00,-5.5364
214.50,-5.5533
215.00,-5.5377
215.50,-5.4986
216.00,-5.4528
216.50,-5.4139
217.00,-5.3865
217.50,-5.3696
218.00,-5.3643
218.50,-5.3760
219.00,-5.4078
219.50,-5.4533
220.00,-5.4987
220.50,-5.5331
221.00,-5.5552
221.50,-5.5700
222.00,-5.5824
222.50,-5.5929
223.00,-5.6011
223.50,-5.6079
224.00,-5.6139
224.50,-5.6166
225.00,-5.6124
225.50,-5.6052
226.00,-5.6102
226.50,-5.6465
227.00,-5.7211
227.50,-5.8191
228.00,-5.9101
228.50,-5.9659
229.00,-5.9774
229.50,-5.9577
230.00,-5.9305
230.50,-5.9113
231.00,-5.8971
231.50,-5.8741
232.00,-5.8347
232.50,-5.7880
233.00,-5.7513
233.50,-5.7368
234.00,-5.7455
234.50,-5.7702
235.00,-5.8007
235.50,-5.8251
236.00,-5.8320
236.50,-5.8170
237.00,-5.7853
237.50,-5.7490
238.00,-5.7196
238.50,-5.7053
239.00,-5.7092
239.50,-5.7288
240.00,-5.7549
240.50,-5.7747
241.00,-5.7782
241.50,-5.7658
242.00,-5.7491
242.50,-5.7430
243.00,-5.7538
243.50,-5.7751
244.00,-5.7937
244.50,-5.7998
245.00,-5.7924
245.50,-5.7789
246.00,-5.7698
246.50,-5.7719
247.00,-5.7840
247.50,-5.7993
248.00,-5.8120
248.50,-5.8214
249.00,-5.8285
249.50,-5.8326
250.00,-5.8310
250.50,-5.8224
251.00,-5.8109
251.50,-5.8077
252.00,-5.8257
252.50,-5.8699
253.00,-5.9295
253.50,-5.9809
254.00,-6.0020
254.50,-5.9854
255.00,-5.9410
255.50,-5.8877
256.00,-5.8432
256.50,-5.8178
257.00,-5.8136
257.50,-5.8253
258.00,-5.8440
258.50,-5.8615
259.00,-5.8753
259.50,-5.8874
260.00,-5.9031
260.50,-5.9274
261.00,-5.9637
261.50,-6.0094
262.00,-6.0541
262.50,-6.0822
263.00,-6.0821
263.50,-6.0544
264.00,-6.0114
264.50,-5.9694
265.00,-5.9408
265.50,-5.9306
266.00,-5.9371
266.50,-5.9533
267.00,-5.9698
267.50,-5.9795
268.00,-5.9821
268.50,-5.9829
269.00,-5.9875
269.50,-5.9959
270.00,-6.0030
270.50,-6.0046
271.00,-6.0006
271.50,-5.9946
272.00,-5.9895
272.50,-5.9858
273.00,-5.9832
273.50,-5.9814
274.00,-5.9800
274.50,-5.9782
275.00,-5.9761
275.50,-5.9778
276.00,-5.9899
276.50,-6.0186
277.00,-6.0645
277.50,-6.1211
278.00,-6.1762
278.50,-6.2176
279.00,-6.2408
279.50,-6.2528
280.00,-6.2685
280.50,-6.2999
281.00,-6.3459
281.50,-6.3931
282.00,-6.4249
282.50,-6.4309
283.00,-6.4099
283.50,-6.3701
284.00,-6.3268
284.50,-6.2977
285.00,-6.2936
285.50,-6.3123
286.00,-6.3408
286.50,-6.3646
287.00,-6.3744
287.50,-6.3671
288.00,-6.3439
288.50,-6.3082
289.00,-6.2665
289.50,-6.2293
290.00,-6.2072
290.50,-6.2044
291.00,-6.2155
291.50,-6.2298
292.00,-6.2386
292.50,-6.2409
293.00,-6.2399
293.50,-6.2397
294.00,-6.2420
294.50,-6.2470
295.00,-6.2552
295.50,-6.2683
296.00,-6.2851
296.50,-6.2984
297.00,-6.2975
297.50,-6.2763
298.00,-6.2394
298.50,-6.1986
299.00,-6.1659
299.50,-6.1489
300.00,-6.1508
300.50,-6.1708
301.00,-6.2045
301.50,-6.2456
302.00,-6.2871
302.50,-6.3233
303.00,-6.3503
303.50,-6.3645
304.00,-6.3631
304.50,-6.3468
305.00,-6.3218
305.50,-6.2982
306.00,-6.2843
306.50,-6.2822
307.00,-6.2892
307.50,-6.3004
308.00,-6.3099
308.50,-6.3127
309.00,-6.3100
309.50,-6.3104
310.00,-6.3233
310.50,-6.3489
311.00,-6.3772
311.50,-6.3978
312.00,-6.4109
312.50,-6.4259
313.00,-6.4508
313.50,-6.4831
314.00,-6.5129
314.50,-6.5324
315.00,-6.5420
315.50,-6.5476
316.00,-6.5534
316.50,-6.5603
317.00,-6.5688
317.50,-6.5817
318.00,-6.6018
318.50,-6.6292
319.00,-6.6618
319.50,-6.6988
320.00,-6.7416
320.50,-6.7915
321.00,-6.8464
321.50,-6.9002
322.00,-6.9441
322.50,-6.9704
323.00,-6.9786
323.50,-6.9762
324.00,-6.9734
324.50,-6.9746
325.00,-6.9751
325.50,-6.9666
326.00,-6.9455
326.50,-6.9163
327.00,-6.8876
327.50,-6.8666
328.00,-6.8576
328.50,-6.8615
329.00,-6.8753
329.50,-6.8930
330.00,-6.9080
330.50,-6.9191
331.00,-6.9312
331.50,-6.9506
332.00,-6.9772
332.50,-7.0016
333.00,-7.0098
333.50,-6.9912
334.00,-6.9470
334.50,-6.8919
335.00,-6.8473
335.50,-6.8292
336.00,-6.8379
336.50,-6.8585
337.00,-6.8715
337.50,-6.8658
338.00,-6.8438
338.50,-6.8174
339.00,-6.7977
339.50,-6.7878
340.00,-6.7825
340.50,-6.7742
341.00,-6.7593
341.50,-6.7398
342.00,-6.7206
342.50,-6.7062
343.00,-6.7007
343.50,-6.7087
344.00,-6.7325
344.50,-6.7675
345.00,-6.8029
345.50,-6.8280
346.00,-6.8405
346.50,-6.8478
347.00,-6.8612
347.50,-6.8877
348.00,-6.9254
348.50,-6.9663
349.00,-7.0022
349.50,-7.0293
350.00,-7.0465
350.50,-7.0533
351.00,-7.0504
351.50,-7.0409
352.00,-7.0286
352.50,-7.0144
353.00,-6.9941
353.50,-6.9630
354.00,-6.9212
354.50,-6.8783
355.00,-6.8485
355.50,-6.8417
356.00,-6.8555
356.50,-6.8773
357.00,-6.8949
357.50,-6.9070
358.00,-6.9228
358.50,-6.9533
359.00,-7.0007
359.50,-7.0559
360.00,-7.1038
360.50,-7.1315
361.00,-7.1341
361.50,-7.1172
362.00,-7.0936
362.50,-7.0771
363.00,-7.0759
363.50,-7.0897
364.00,-7.1144
364.50,-7.1470
365.00,-7.1866
365.50,-7.2313
366.00,-7.2770
366.50,-7.3187
367.00,-7.3532
367.50,-7.3773
368.00,-7.3896
368.50,-7.3901
369.00,-7.3824
369.50,-7.3720
370.00,-7.3642
370.50,-7.3611
371.00,-7.3630
371.50,-7.3687
372.00,-7.3771
372.50,-7.3874
373.00,-7.3991
373.50,-7.4126
374.00,-7.4271
374.50,-7.4389
375.00,-7.4412
375.50,-7.4269
376.00,-7.3935
376.50,-7.3462
377.00,-7.2975
377.50,-7.2633
378.00,-7.2554
378.50,-7.2756
379.00,-7.3156
379.50,-7.3625
380.00,-7.4047
380.50,-7.4344
381.00,-7.4478
381.50,-7.4435
382.00,-7.4249
382.50,-7.4015
383.00,-7.3856
383.50,-7.3861
384.00,-7.4046
384.50,-7.4370
385.00,-7.4751
385.50,-7.5083
386.00,-7.5256
386.50,-7.5207
387.00,-7.4985
387.50,-7.4730
388.00,-7.4596
388.50,-7.4673
389.00,-7.4955
389.50,-7.5362
390.00,-7.5767
390.50,-7.6059
391.00,-7.6195
391.50,-7.6227
392.00,-7.6268
392.50,-7.6423
393.00,-7.6735
393.50,-7.7156
394.00,-7.7578
394.50,-7.7892
395.00,-7.8067
395.50,-7.8166
396.00,-7.8264
396.50,-7.8368
397.00,-7.8414
397.50,-7.8359
398.00,-7.8237
398.50,-7.8143
399.00,-7.8154
399.50,-7.8282
400.00,-7.8486
400.50,-7.8719
401.00,-7.8951
401.50,-7.9166
402.00,-7.9351
402.50,-7.9497
403.00,-7.9608
403.50,-7.9709
404.00,-7.9846
404.50,-8.0044
405.00,-8.0273
405.50,-8.0450
406.00,-8.0502
406.50,-8.0429
407.00,-8.0307
407.50,-8.0217
408.00,-8.0181
408.50,-8.0152
409.00,-8.0056
409.50,-7.9850
410.00,-7.9560
410.50,-7.9281
411.00,-7.9128
411.50,-7.9177
412.00,-7.9407
412.50,-7.9699
413.00,-7.9889
413.50,-7.9872
414.00,-7.9680
414.50,-7.9466
415.00,-7.9396
415.50,-7.9535
416.00,-7.9834
416.50,-8.0200
417.00,-8.0565
417.50,-8.0898
418.00,-8.1175
418.50,-8.1365
419.00,-8.1444
419.50,-8.1414
420.00,-8.1317
420.50,-8.1226
421.00,-8.1199
421.50,-8.1234
422.00,-8.1272
422.50,-8.1275
423.00,-8.1271
423.50,-8.1297
424.00,-8.1326
424.50,-8.1266
425.00,-8.1078
425.50,-8.0852
426.00,-8.0744
426.50,-8.0835
427.00,-8.1060
427.50,-8.1286
428.00,-8.1415
428.50,-8.1433
429.00,-8.1376
429.50,-8.1268
430.00,-8.1106
430.50,-8.0901
431.00,-8.0694
431.50,-8.0557
432.00,-8.0528
432.50,-8.0590
433.00,-8.0665
433.50,-8.0677
434.00,-8.0601
434.50,-8.0490
435.00,-8.0435
435.50,-8.0488
436.00,-8.0616
436.50,-8.0726
437.00,-8.0766
437.50,-8.0761
438.00,-8.0773
438.50,-8.0824
439.00,-8.0885
439.50,-8.0919
440.00,-8.0937
440.50,-8.0987
441.00,-8.1108
441.50,-8.1300
442.00,-8.1508
442.50,-8.1671
443.00,-8.1767
443.50,-8.1835
444.00,-8.1941
444.50,-8.2118
445.00,-8.2337
445.50,-8.2531
446.00,-8.2646
446.50,-8.2693
447.00,-8.2734
447.50,-8.2839
448.00,-8.3034
448.50,-8.3295
449.00,-8.3579
449.50,-8.3846
450.00,-8.4058
450.50,-8.4178
451.00,-8.4188
451.50,-8.4107
452.00,-8.3987
452.50,-8.3896
453.00,-8.3902
453.50,-8.4049
454.00,-8.4329
454.50,-8.4647
455.00,-8.4842
455.50,-8.4761
456.00,-8.4377
456.50,-8.3842
457.00,-8.3425
457.50,-8.3359
458.00,-8.3685
458.50,-8.4228
459.00,-8.4710
459.50,-8.4933
460.00,-8.4882
460.50,-8.4675
461.00,-8.4439
461.50,-8.4237
462.00,-8.4061
462.50,-8.3866
463.00,-8.3613
463.50,-8.3294
464.00,-8.2950
464.50,-8.2647
465.00,-8.2432
465.50,-8.2312
466.00,-8.2267
466.50,-8.2293
467.00,-8.2408
467.50,-8.2622
468.00,-8.2924
468.50,-8.3270
469.00,-8.3597
469.50,-8.3833
470.00,-8.3934
470.50,-8.3920
471.00,-8.3885
471.50,-8.3920
472.00,-8.4031
472.50,-8.4132
473.00,-8.4135
473.50,-8.4042
474.00,-8.3942
474.50,-8.3918
475.00,-8.3969
475.50,-8.4034
476.00,-8.4057
476.50,-8.4027
477.00,-8.3972
477.50,-8.3932
478.00,-8.3941
478.50,-8.4006
479.00,-8.4065
479.50,-8.4005
480.00,-8.3734
480.50,-8.3269
481.00,-8.2748
481.50,-8.2361
482.00,-8.2238
482.50,-8.2396
483.00,-8.2746
483.50,-8.3159
484.00,-8.3531
484.50,-8.3824
485.00,-8.4060
485.50,-8.4276
486.00,-8.4479
486.50,-8.4650
487.00,-8.4781
487.50,-8.4904
488.00,-8.5078
488.50,-8.5339
489.00,-8.5677
489.50,-8.6060
490.00,-8.6487
490.50,-8.6986
491.00,-8.7562
491.50,-8.8139
492.00,-8.8597
492.50,-8.8858
493.00,-8.8955
493.50,-8.8996
494.00,-8.9059
494.50,-8.9149
495.00,-8.9237
495.50,-8.9327
496.00,-8.9480
496.50,-8.9746
497.00,-9.0092
497.50,-9.0389
498.00,-9.0497
498.50,-9.0368
499.00,-9.0077
499.50,-8.9749
500.00,-8.9479
500.50,-8.9291
501.00,-8.9174
501.50,-8.9110
502.00,-8.9091
502.50,-8.9116
503.00,-8.9181
503.50,-8.9251
504.00,-8.9272
504.50,-8.9200
505.00,-8.9026
505.50,-8.8777
506.00,-8.8501
506.50,-8.8268
507.00,-8.8144
507.50,-8.8158
508.00,-8.8282
508.50,-8.8464
509.00,-8.8664
509.50,-8.8853
510.00,-8.9013
510.50,-8.9126
511.00,-8.9195
511.50,-8.9250
512.00,-8.9322
512.50,-8.9428
513.00,-8.9572
513.50,-8.9752
514.00,-8.9979
514.50,-9.0264
515.00,-9.0599
515.50,-9.0940
516.00,-9.1226
516.50,-9.1416
517.00,-9.1516
517.50,-9.1574
518.00,-9.1636
518.50,-9.1722
519.00,-9.1810
519.50,-9.1851
520.00,-9.1800
520.50,-9.1653
521.00,-9.1470
521.50,-9.1355
522.00,-9.1387
522.50,-9.1550
523.00,-9.1748
523.50,-9.1903
524.00,-9.2039
524.50,-9.2241
525.00,-9.2545
525.50,-9.2877
526.00,-9.3116
526.50,-9.3213
527.00,-9.3236
527.50,-9.3317
528.00,-9.3541
528.50,-9.3891
529.00,-9.4273
529.50,-9.4578
530.00,-9.4735
530.50,-9.4741
531.00,-9.4645
531.50,-9.4518
532.00,-9.4409
532.50,-9.4318
533.00,-9.4228
533.50,-9.4135
534.00,-9.4082
534.50,-9.4123
535.00,-9.4282
535.50,-9.4523
536.00,-9.4778
536.50,-9.4994
537.00,-9.5153
537.50,-9.5252
538.00,-9.5310
538.50,-9.5361
539.00,-9.5447
539.50,-9.5569
540.00,-9.5672
540.50,-9.5668
541.00,-9.5497
541.50,-9.5171
542.00,-9.4778
542.50,-9.4437
543.00,-9.4238
543.50,-9.4194
544.00,-9.4249
544.50,-9.4307
545.00,-9.4270
545.50,-9.4097
546.00,-9.3843
546.50,-9.3640
547.00,-9.3625
547.50,-9.3854
548.00,-9.4275
548.50,-9.4754
549.00,-9.5126
549.50,-9.5266
550.00,-9.5166
550.50,-9.4950
551.00,-9.4790
551.50,-9.4791
552.00,-9.4947
552.50,-9.5184
553.00,-9.5433
553.50,-9.5658
554.00,-9.5853
554.50,-9.6026
555.00,-9.6189
555.50,-9.6342
556.00,-9.6465
556.50,-9.6537
557.00,-9.6551
557.50,-9.6517
558.00,-9.6435
558.50,-9.6297
559.00,-9.6114
559.50,-9.5940
560.00,-9.5861
560.50,-9.5955
561.00,-9.6245
561.50,-9.6681
562.00,-9.7162
562.50,-9.7602
563.00,-9.7957
563.50,-9.8201
564.00,-9.8291
564.50,-9.8206
565.00,-9.8006
565.50,-9.7841
566.00,-9.7873
566.50,-9.8158
567.00,-9.8608
567.50,-9.9052
568.00,-9.9359
568.50,-9.9487
569.00,-9.9468
569.50,-9.9351
570.00,-9.9195
570.50,-9.9090
571.00,-9.9118
571.50,-9.9261
572.00,-9.9384
572.50,-9.9340
573.00,-9.9118
573.50,-9.8861
574.00,-9.8731
574.50,-9.8763
575.00,-9.8846
575.50,-9.8821
576.00,-9.8591
576.50,-9.8172
577.00,-9.7674
577.50,-9.7262
578.00,-9.7103
578.50,-9.7299
579.00,-9.7813
579.50,-9.8473
580.00,-9.9050
580.50,-9.9396
581.00,-9.9505
581.50,-9.9470
582.00,-9.9397
582.50,-9.9348
583.00,-9.9342
583.50,-9.9388
584.00,-9.9498
584.50,-9.9673
585.00,-9.9894
585.50,-10.0127
586.00,-10.0332
586.50,-10.0478
587.00,-10.0550
587.50,-10.0557
588.00,-10.0535
588.50,-10.0551
589.00,-10.0663
589.50,-10.0883
590.00,-10.1149
590.50,-10.1372
591.00,-10.1500
591.50,-10.1552
592.00,-10.1574
592.50,-10.1587
593.00,-10.1595
593.50,-10.1627
594.00,-10.1746
594.50,-10.1968
595.00,-10.2216
595.50,-10.2360
596.00,-10.2330
596.50,-10.2181
597.00,-10.2056
597.50,-10.2086
598.00,-10.2326
598.50,-10.2736
599.00,-10.3220
599.50,-10.3675
600.00,-10.4048
600.50,-10.4349
601.00,-10.4643
601.50,-10.4984
602.00,-10.5361
602.50,-10.5684
603.00,-10.5843
603.50,-10.5793
604.00,-10.5592
604.50,-10.5348
605.00,-10.5138
605.50,-10.4980
606.00,-10.4849
606.50,-10.4734
607.00,-10.4647
607.50,-10.4617
608.00,-10.4693
608.50,-10.4915
609.00,-10.5280
609.50,-10.5715
610.00,-10.6091
610.50,-10.6287
611.00,-10.6246
611.50,-10.6012
612.00,-10.5731
612.50,-10.5593
613.00,-10.5728
613.50,-10.6128
614.00,-10.6675
614.50,-10.7220
615.00,-10.7667
615.50,-10.8008
616.00,-10.8295
616.50,-10.8590
617.00,-10.8905
617.50,-10.9189
618.00,-10.9376
618.50,-10.9433
619.00,-10.9369
619.50,-10.9218
620.00,-10.9028
620.50,-10.8866
621.00,-10.8790
621.50,-10.8819
622.00,-10.8904
622.50,-10.8955
623.00,-10.8898
623.50,-10.8712
624.00,-10.8445
624.50,-10.8200
625.00,-10.8082
625.50,-10.8123
626.00,-10.8228
626.50,-10.8238
627.00,-10.8059
627.50,-10.7761
628.00,-10.7509
628.50,-10.7411
629.00,-10.7430
629.50,-10.7460
630.00,-10.7448
630.50,-10.7419
631.00,-10.7408
631.50,-10.7398
632.00,-10.7355
632.50,-10.7299
633.00,-10.7299
633.50,-10.7388
634.00,-10.7520
634.50,-10.7616
635.00,-10.7637
635.50,-10.7599
636.00,-10.7529
636.50,-10.7436
637.00,-10.7344
637.50,-10.7296
638.00,-10.7325
638.50,-10.7437
639.00,-10.7636
639.50,-10.7949
640.00,-10.8388
640.50,-10.8902
641.00,-10.9362
641.50,-10.9637
642.00,-10.9657
642.50,-10.9439
643.00,-10.9067
643.50,-10.8671
644.00,-10.8399
644.50,-10.8368
645.00,-10.8602
645.50,-10.9009
646.00,-10.9447
646.50,-10.9814
647.00,-11.0081
647.50,-11.0261
648.00,-11.0360
648.50,-11.0390
649.00,-11.0406
649.50,-11.0496
650.00,-11.0723
650.50,-11.1066
651.00,-11.1425
651.50,-11.1694
652.00,-11.1832
652.50,-11.1875
653.00,-11.1891
653.50,-11.1933
654.00,-11.2035
654.50,-11.2202
655.00,-11.2408
655.50,-11.2589
656.00,-11.2676
656.50,-11.2638
657.00,-11.2517
657.50,-11.2399
658.00,-11.2363
658.50,-11.2437
659.00,-11.2602
659.50,-11.2832
660.00,-11.3107
660.50,-11.3384
661.00,-11.3590
661.50,-11.3649
662.00,-11.3545
662.50,-11.3345
663.00,-11.3165
663.50,-11.3090
664.00,-11.3105
664.50,-11.3115
665.00,-11.3036
665.50,-11.2874
666.00,-11.2710
666.50,-11.2620
667.00,-11.2617
667.50,-11.2670
668.00,-11.2735
668.50,-11.2771
669.00,-11.2749
669.50,-11.2676
670.00,-11.2635
670.50,-11.2732
671.00,-11.2992
671.50,-11.3303
672.00,-11.3508
672.50,-11.3533
673.00,-11.3435
673.50,-11.3316
674.00,-11.3244
674.50,-11.3222
675.00,-11.3216
675.50,-11.3222
676.00,-11.3296
676.50,-11.3532
677.00,-11.3987
677.50,-11.4615
678.00,-11.5265
678.50,-11.5767
679.00,-11.6034
679.50,-11.6116
680.00,-11.6135
680.50,-11.6177
681.00,-11.6231
681.50,-11.6237
682.00,-11.6172
682.50,-11.6081
683.00,-11.6035
683.50,-11.6080
684.00,-11.6214
684.50,-11.6392
685.00,-11.6546
685.50,-11.6610
686.00,-11.6547
686.50,-11.6359
687.00,-11.6090
687.50,-11.5829
688.00,-11.5676
688.50,-11.5688
689.00,-11.5827
689.50,-11.5969
690.00,-11.5991
690.50,-11.5864
691.00,-11.5679
691.50,-11.5584
692.00,-11.5677
692.50,-11.5939
693.00,-11.6252
693.50,-11.6472
694.00,-11.6515
694.50,-11.6394
695.00,-11.6187
695.50,-11.5976
696.00,-11.5791
696.50,-11.5620
697.00,-11.5444
697.50,-11.5277
698.00,-11.5173
698.50,-11.5211
699.00,-11.5454
699.50,-11.5915
700.00,-11.6546
700.50,-11.7274
701.00,-11.8018
701.50,-11.8685
702.00,-11.9162
702.50,-11.9363
703.00,-11.9289
703.50,-11.9053
704.00,-11.8817
704.50,-11.8709
705.00,-11.8763
705.50,-11.8947
706.00,-11.9222
706.50,-11.9564
707.00,-11.9944
707.50,-12.0287
708.00,-12.0504
708.50,-12.0562
709.00,-12.0525
709.50,-12.0517
710.00,-12.0621
710.50,-12.0822
711.00,-12.1028
711.50,-12.1160
712.00,-12.1234
712.50,-12.1344
713.00,-12.1569
713.50,-12.1911
714.00,-12.2311
714.50,-12.2699
715.00,-12.3025
715.50,-12.3250
716.00,-12.3346
716.50,-12.3326
717.00,-12.3252
717.50,-12.3215
718.00,-12.3286
718.50,-12.3472
719.00,-12.3728
719.50,-12.4019
720.00,-12.4350
720.50,-12.4722
721.00,-12.5073
721.50,-12.5290
722.00,-12.5299
722.50,-12.5131
723.00,-12.4905
723.50,-12.4719
724.00,-12.4590
724.50,-12.4473
725.00,-12.4355
725.50,-12.4278
726.00,-12.4299
726.50,-12.4440
727.00,-12.4657
727.50,-12.4845
728.00,-12.4891
728.50,-12.4742
729.00,-12.4448
729.50,-12.4136
730.00,-12.3927
730.50,-12.3875
731.00,-12.3973
731.50,-12.4156
732.00,-12.4324
732.50,-12.4384
733.00,-12.4295
733.50,-12.4098
734.00,-12.3900
734.50,-12.3809
735.00,-12.3883
735.50,-12.4087
736.00,-12.4306
736.50,-12.4391
737.00,-12.4253
737.50,-12.3922
738.00,-12.3552
738.50,-12.3322
739.00,-12.3323
739.50,-12.3512
740.00,-12.3768
740.50,-12.4006
741.00,-12.4258
741.50,-12.4634
742.00,-12.5225
742.50,-12.6027
743.00,-12.6948
743.50,-12.7874
744.00,-12.8708
744.50,-12.9400
745.00,-12.9972
745.50,-13.0521
746.00,-13.1176
746.50,-13.2017
747.00,-13.3037
747.50,-13.4173
748.00,-13.5372
748.50,-13.6618
749.00,-13.7890
749.50,-13.9145
750.00,-14.0321
750.50,-14.1357
751.00,-14.2221
751.50,-14.2919
752.00,-14.3478
752.50,-14.3942
753.00,-14.4354
753.50,-14.4742
754.00,-14.5115
754.50,-14.5448
755.00,-14.5706
755.50,-14.5877
756.00,-14.6003
756.50,-14.6147
757.00,-14.6332
757.50,-14.6515
758.00,-14.6597
758.50,-14.6484
759.00,-14.6141
759.50,-14.5624
760.00,-14.5072
760.50,-14.4630
761.00,-14.4339
761.50,-14.4120
762.00,-14.3854
762.50,-14.3477
763.00,-14.3002
763.50,-14.2464
764.00,-14.1885
764.50,-14.1279
765.00,-14.0677
765.50,-14.0130
766.00,-13.9684
766.50,-13.9356
767.00,-13.9101
767.50,-13.8808
768.00,-13.8342
768.50,-13.7622
769.00,-13.6696
769.50,-13.5732
770.00,-13.4959
770.50,-13.4541
771.00,-13.4504
771.50,-13.4738
772.00,-13.5070
772.50,-13.5349
773.00,-13.5482
773.50,-13.5451
774.00,-13.5275
774.50,-13.4990
775.00,-13.4641
775.50,-13.4311
776.00,-13.4118
776.50,-13.4129
777.00,-13.4286
777.50,-13.4428
778.00,-13.4413
778.50,-13.4209
779.00,-13.3884
779.50,-13.3520
780.00,-13.3164
780.50,-13.2835
781.00,-13.2554
781.50,-13.2343
782.00,-13.2204
782.50,-13.2094
783.00,-13.1934
783.50,-13.1670
784.00,-13.1312
784.50,-13.0932
785.00,-13.0585
785.50,-13.0265
786.00,-12.9942
786.50,-12.9617
787.00,-12.9333
787.50,-12.9120
788.00,-12.8959
788.50,-12.8804
789.00,-12.8630
789.50,-12.8448
790.00,-12.8278
790.50,-12.8132
791.00,-12.8002
791.50,-12.7854
792.00,-12.7646
792.50,-12.7363
793.00,-12.7065
793.50,-12.6863
794.00,-12.6864
794.50,-12.7098
795.00,-12.7507
795.50,-12.7975
796.00,-12.8364
796.50,-12.8569
797.00,-12.8572
797.50,-12.8469
798.00,-12.8404
798.50,-12.8473
799.00,-12.8653
799.50,-12.8856
800.00,-12.9012
800.50,-12.9112
801.00,-12.9170
801.50,-12.9181
802.00,-12.9129
802.50,-12.9035
803.00,-12.8974
803.50,-12.9026
804.00,-12.9187
804.50,-12.9365
805.00,-12.9449
805.50,-12.9407
806.00,-12.9300
806.50,-12.9220
807.00,-12.9231
807.50,-12.9352
808.00,-12.9578
808.50,-12.9870
809.00,-13.0162
809.50,-13.0384
810.00,-13.0491
810.50,-13.0481
811.00,-13.0399
811.50,-13.0342
812.00,-13.0421
812.50,-13.0669
813.00,-13.0985
813.50,-13.1205
814.00,-13.1240
814.50,-13.1141
815.00,-13.1023
815.50,-13.0953
816.00,-13.0912
816.50,-13.0843
817.00,-13.0715
817.50,-13.0537
818.00,-13.0336
818.50,-13.0137
819.00,-12.9957
819.50,-12.9802
820.00,-12.9685
820.50,-12.9637
821.00,-12.9709
821.50,-12.9933
822.00,-13.0279
822.50,-13.0654
823.00,-13.0941
823.50,-13.1062
824.00,-13.1014
824.50,-13.0878
825.00,-13.0768
825.50,-13.0753
826.00,-13.0801
826.50,-13.0818
827.00,-13.0770
827.50,-13.0731
828.00,-13.0836
828.50,-13.1146
829.00,-13.1599
829.50,-13.2068
830.00,-13.2462
830.50,-13.2777
831.00,-13.3079
831.50,-13.3430
832.00,-13.3809
832.50,-13.4098
833.00,-13.4167
833.50,-13.3982
834.00,-13.3657
834.50,-13.3372
835.00,-13.3270
835.50,-13.3394
836.00,-13.3684
836.50,-13.4008
837.00,-13.4231
837.50,-13.4303
838.00,-13.4279
838.50,-13.4270
839.00,-13.4358
839.50,-13.4550
840.00,-13.4784
840.50,-13.4996
841.00,-13.5156
841.50,-13.5266
842.00,-13.5314
842.50,-13.5250
843.00,-13.5023
843.50,-13.4657
844.00,-13.4282
844.50,-13.4065
845.00,-13.4100
845.50,-13.4340
846.00,-13.4638
846.50,-13.4856
847.00,-13.4950
847.50,-13.4956
848.00,-13.4908
848.50,-13.4792
849.00,-13.4576
849.50,-13.4261
850.00,-13.3879
850.50,-13.3462
851.00,-13.3023
851.50,-13.2602
852.00,-13.2303
852.50,-13.2228
853.00,-13.2359
853.50,-13.2528
854.00,-13.2544
854.50,-13.2361
855.00,-13.2108
855.50,-13.1961
856.00,-13.2004
856.50,-13.2198
857.00,-13.2441
857.50,-13.2654
858.00,-13.2808
858.50,-13.2896
859.00,-13.2909
859.50,-13.2853
860.00,-13.2781
860.50,-13.2809
861.00,-13.3057
861.50,-13.3558
862.00,-13.4214
862.50,-13.4833
863.00,-13.5233
863.50,-13.5338
864.00,-13.5211
864.50,-13.5004
865.00,-13.4855
865.50,-13.4808
866.00,-13.4806
866.50,-13.4776
867.00,-13.4708
867.50,-13.4673
868.00,-13.4760
868.50,-13.4999
869.00,-13.5350
869.50,-13.5727
870.00,-13.6053
870.50,-13.6274
871.00,-13.6356
871.50,-13.6292
872.00,-13.6136
872.50,-13.5995
873.00,-13.5968
873.50,-13.6085
874.00,-13.6289
874.50,-13.6475
875.00,-13.6559
875.50,-13.6514
876.00,-13.6366
876.50,-13.6156
877.00,-13.5917
877.50,-13.5675
878.00,-13.5451
878.50,-13.5265
879.00,-13.5116
879.50,-13.4976
880.00,-13.4813
880.50,-13.4641
881.00,-13.4531
881.50,-13.4568
882.00,-13.4774
882.50,-13.5059
883.00,-13.5264
883.50,-13.5284
884.00,-13.5158
884.50,-13.5047
885.00,-13.5079
885.50,-13.5236
886.00,-13.5394
886.50,-13.5459
887.00,-13.5461
887.50,-13.5527
888.00,-13.5766
888.50,-13.6171
889.00,-13.6618
889.50,-13.6939
890.00,-13.7027
890.50,-13.6881
891.00,-13.6597
891.50,-13.6299
892.00,-13.6089
892.50,-13.6037
893.00,-13.6187
893.50,-13.6539
894.00,-13.7015
894.50,-13.7457
895.00,-13.7709
895.50,-13.7708
896.00,-13.7500
896.50,-13.7197
897.00,-13.6922
897.50,-13.6771
898.00,-13.6779
898.50,-13.6919
899.00,-13.7122
899.50,-13.7320
900.00,-13.7490
900.50,-13.7669
901.00,-13.7927
901.50,-13.8321
902.00,-13.8851
902.50,-13.9466
903.00,-14.0079
903.50,-14.0585
904.00,-14.0870
904.50,-14.0853
905.00,-14.0544
905.50,-14.0066
906.00,-13.9604
906.50,-13.9303
907.00,-13.9200
907.50,-13.9240
908.00,-13.9350
908.50,-13.9515
909.00,-13.9791
909.50,-14.0228
910.00,-14.0782
910.50,-14.1312
911.00,-14.1678
911.50,-14.1848
912.00,-14.1902
912.50,-14.1936
913.00,-14.1975
913.50,-14.1977
914.00,-14.1902
914.50,-14.1778
915.00,-14.1684
915.50,-14.1690
916.00,-14.1800
916.50,-14.1954
917.00,-14.2062
917.50,-14.2052
918.00,-14.1901
918.50,-14.1656
919.00,-14.1427
919.50,-14.1335
920.00,-14.1453
920.50,-14.1780
921.00,-14.2261
921.50,-14.2802
922.00,-14.3298
922.50,-14.3688
923.00,-14.3966
923.50,-14.4140
924.00,-14.4179
924.50,-14.4021
925.00,-14.3681
925.50,-14.3295
926.00,-14.3042
926.50,-14.3025
927.00,-14.3237
927.50,-14.3605
928.00,-14.4035
928.50,-14.4407
929.00,-14.4605
929.50,-14.4591
930.00,-14.4453
930.50,-14.4341
931.00,-14.4367
931.50,-14.4539
932.00,-14.4794
932.50,-14.5063
933.00,-14.5302
933.50,-14.5492
934.00,-14.5637
934.50,-14.5773
935.00,-14.5951
935.50,-14.6182
936.00,-14.6415
936.50,-14.6573
937.00,-14.6625
937.50,-14.6597
938.00,-14.6528
938.50,-14.6426
939.00,-14.6268
939.50,-14.6040
940.00,-14.5754
940.50,-14.5439
941.00,-14.5121
941.50,-14.4832
942.00,-14.4625
942.50,-14.4559
943.00,-14.4660
943.50,-14.4881
944.00,-14.5114
944.50,-14.5266
945.00,-14.5323
945.50,-14.5355
946.00,-14.5452
946.50,-14.5661
947.00,-14.5970
947.50,-14.6332
948.00,-14.6683
948.50,-14.6950
949.00,-14.7071
949.50,-14.7036
950.00,-14.6899
950.50,-14.6738
951.00,-14.6622
951.50,-14.6593
952.00,-14.6684
952.50,-14.6914
953.00,-14.7251
953.50,-14.7614
954.00,-14.7904
954.50,-14.8053
955.00,-14.8052
955.50,-14.7948
956.00,-14.7814
956.50,-14.7714
957.00,-14.7709
957.50,-14.7868
958.00,-14.8267
958.50,-14.8943
959.00,-14.9833
959.50,-15.0773
960.00,-15.1567
960.50,-15.2074
961.00,-15.2264
961.50,-15.2221
962.00,-15.2099
962.50,-15.2060
963.00,-15.2199
963.50,-15.2502
964.00,-15.2845
964.50,-15.3059
965.00,-15.3023
965.50,-15.2739
966.00,-15.2353
966.50,-15.2060
967.00,-15.1961
967.50,-15.1986
968.00,-15.1958
968.50,-15.1764
969.00,-15.1461
969.50,-15.1213
970.00,-15.1143
970.50,-15.1229
971.00,-15.1343
971.50,-15.1364
972.00,-15.1280
972.50,-15.1182
973.00,-15.1181
973.50,-15.1326
974.00,-15.1584
974.50,-15.1872
975.00,-15.2100
975.50,-15.2203
976.00,-15.2144
976.50,-15.1935
977.00,-15.1647
977.50,-15.1416
978.00,-15.1392
978.50,-15.1653
979.00,-15.2134
979.50,-15.2644
980.00,-15.2975
980.50,-15.3024
981.00,-15.2833
981.50,-15.2551
982.00,-15.2323
982.50,-15.2202
983.00,-15.2117
983.50,-15.1966
984.00,-15.1750
984.50,-15.1601
985.00,-15.1646
985.50,-15.1870
986.00,-15.2158
986.50,-15.2437
987.00,-15.2750
987.50,-15.3148
988.00,-15.3574
988.50,-15.3877
989.00,-15.3951
989.50,-15.3824
990.00,-15.3629
990.50,-15.3495
991.00,-15.3469
991.50,-15.3495
992.00,-15.3456
992.50,-15.3258
993.00,-15.2894
993.50,-15.2454
994.00,-15.2072
994.50,-15.1874
995.00,-15.1935
995.50,-15.2268
996.00,-15.2803
996.50,-15.3401
997.00,-15.3904
997.50,-15.4218
998.00,-15.4340
998.50,-15.4329
999.00,-15.4241
999.50,-15.4103
1000.00,-15.3931
1000.50,-15.3741
1001.00,-15.3538
1001.50,-15.3308
1002.00,-15.3034
1002.50,-15.2737
1003.00,-15.2506
1003.50,-15.2461
1004.00,-15.2681
1004.50,-15.3132
1005.00,-15.3660
1005.50,-15.4078
1006.00,-15.4292
1006.50,-15.4358
1007.00,-15.4407
1007.50,-15.4518
1008.00,-15.4666
1008.50,-15.4785
1009.00,-15.4856
1009.50,-15.4927
1010.00,-15.5060
1010.50,-15.5281
1011.00,-15.5578
1011.50,-15.5927
1012.00,-15.6301
1012.50,-15.6675
1013.00,-15.7034
1013.50,-15.7389
1014.00,-15.7778
1014.50,-15.8215
1015.00,-15.8632
1015.50,-15.8892
1016.00,-15.8886
1016.50,-15.8640
1017.00,-15.8292
1017.50,-15.7972
1018.00,-15.7694
1018.50,-15.7381
1019.00,-15.6985
1019.50,-15.6572
1020.00,-15.6289
1020.50,-15.6242
1021.00,-15.6400
1021.50,-15.6624
1022.00,-15.6767
1022.50,-15.6760
1023.00,-15.6629
1023.50,-15.6444
1024.00,-15.6273
1024.50,-15.6165
1025.00,-15.6150
1025.50,-15.6225
1026.00,-15.6344
1026.50,-15.6422
1027.00,-15.6393
1027.50,-15.6254
1028.00,-15.6088
1028.50,-15.6019
1029.00,-15.6135
1029.50,-15.6402
1030.00,-15.6673
1030.50,-15.6782
1031.00,-15.6694
1031.50,-15.6552
1032.00,-15.6566
1032.50,-15.6845
1033.00,-15.7315
1033.50,-15.7793
1034.00,-15.8133
1034.50,-15.8312
1035.00,-15.8422
1035.50,-15.8582
1036.00,-15.8840
1036.50,-15.9149
1037.00,-15.9420
1037.50,-15.9579
1038.00,-15.9613
1038.50,-15.9574
1039.00,-15.9548
1039.50,-15.9597
1040.00,-15.9700
1040.50,-15.9786
1041.00,-15.9802
1041.50,-15.9751
1042.00,-15.9669
1042.50,-15.9576
1043.00,-15.9465
1043.50,-15.9345
1044.00,-15.9259
1044.50,-15.9269
1045.00,-15.9397
1045.50,-15.9588
1046.00,-15.9756
1046.50,-15.9864
1047.00,-15.9971
1047.50,-16.0200
1048.00,-16.0627
1048.50,-16.1221
1049.00,-16.1853
1049.50,-16.2372
1050.00,-16.2684
1050.50,-16.2768
1051.00,-16.2681
1051.50,-16.2528
1052.00,-16.2430
1052.50,-16.2454
1053.00,-16.2571
1053.50,-16.2667
1054.00,-16.2634
1054.50,-16.2471
1055.00,-16.2311
1055.50,-16.2318
1056.00,-16.2542
1056.50,-16.2864
1057.00,-16.3098
1057.50,-16.3119
1058.00,-16.2908
1058.50,-16.2501
1059.00,-16.1976
1059.50,-16.1466
1060.00,-16.1122
1060.50,-16.1015
1061.00,-16.1088
1061.50,-16.1228
1062.00,-16.1380
1062.50,-16.1574
1063.00,-16.1843
1063.50,-16.2145
1064.00,-16.2367
1064.50,-16.2406
1065.00,-16.2237
1065.50,-16.1948
1066.00,-16.1693
1066.50,-16.1595
1067.00,-16.1660
1067.50,-16.1770
1068.00,-16.1769
1068.50,-16.1568
1069.00,-16.1210
1069.50,-16.0850
1070.00,-16.0661
1070.50,-16.0736
1071.00,-16.1044
1071.50,-16.1468
1072.00,-16.1877
1072.50,-16.2188
1073.00,-16.2360
1073.50,-16.2364
1074.00,-16.2172
1074.50,-16.1790
1075.00,-16.1311
1075.50,-16.0907
1076.00,-16.0759
1076.50,-16.0953
1077.00,-16.1426
1077.50,-16.2005
1078.00,-16.2491
1078.50,-16.2761
1079.00,-16.2815
1079.50,-16.2768
1080.00,-16.2759
1080.50,-16.2856
1081.00,-16.3000
1081.50,-16.3048
1082.00,-16.2878
1082.50,-16.2505
1083.00,-16.2088
1083.50,-16.1820
1084.00,-16.1779
1084.50,-16.1867
1085.00,-16.1886
1085.50,-16.1696
1086.00,-16.1316
1086.50,-16.0881
1087.00,-16.0525
1087.50,-16.0294
1088.00,-16.0133
1088.50,-15.9945
1089.00,-15.9674
1089.50,-15.9382
1090.00,-15.9240
1090.50,-15.9431
1091.00,-16.0004
1091.50,-16.0818
1092.00,-16.1596
1092.50,-16.2070
1093.00,-16.2127
1093.50,-16.1848
1094.00,-16.1458
1094.50,-16.1188
1095.00,-16.1155
1095.50,-16.1312
1096.00,-16.1497
1096.50,-16.1565
1097.00,-16.1507
1097.50,-16.1450
1098.00,-16.1547
1098.50,-16.1825
1099.00,-16.2163
1099.50,-16.2396
1100.00,-16.2456
1100.50,-16.2399
1101.00,-16.2326
1101.50,-16.2284
1102.00,-16.2258
1102.50,-16.2225
1103.00,-16.2216
1103.50,-16.2327
1104.00,-16.2667
1104.50,-16.3274
1105.00,-16.4049
1105.50,-16.4793
1106.00,-16.5323
1106.50,-16.5572
1107.00,-16.5568
1107.50,-16.5377
1108.00,-16.5065
1108.50,-16.4721
1109.00,-16.4456
1109.50,-16.4343
1110.00,-16.4362
1110.50,-16.4422
1111.00,-16.4446
1111.50,-16.4436
1112.00,-16.4450
1112.50,-16.4515
1113.00,-16.4588
1113.50,-16.4601
1114.00,-16.4526
1114.50,-16.4395
1115.00,-16.4259
1115.50,-16.4153
1116.00,-16.4088
1116.50,-16.4092
1117.00,-16.4195
1117.50,-16.4394
1118.00,-16.4632
1118.50,-16.4836
1119.00,-16.4977
1119.50,-16.5048
1120.00,-16.5021
1120.50,-16.4845
1121.00,-16.4518
1121.50,-16.4153
1122.00,-16.3924
1122.50,-16.3936
1123.00,-16.4146
1123.50,-16.4412
1124.00,-16.4627
1124.50,-16.4766
1125.00,-16.4835
1125.50,-16.4810
1126.00,-16.4663
1126.50,-16.4450
1127.00,-16.4317
1127.50,-16.4408
1128.00,-16.4738
1128.50,-16.5169
1129.00,-16.5516
1129.50,-16.5678
1130.00,-16.5695
1130.50,-16.5690
1131.00,-16.5774
1131.50,-16.5995
1132.00,-16.6340
1132.50,-16.6766
1133.00,-16.7211
1133.50,-16.7615
1134.00,-16.7929
1134.50,-16.8109
1135.00,-16.8112
1135.50,-16.7903
1136.00,-16.7509
1136.50,-16.7047
1137.00,-16.6700
1137.50,-16.6600
1138.00,-16.6732
1138.50,-16.6928
1139.00,-16.6988
1139.50,-16.6814
1140.00,-16.6455
1140.50,-16.6045
1141.00,-16.5703
1141.50,-16.5499
1142.00,-16.5481
1142.50,-16.5687
1143.00,-16.6102
1143.50,-16.6619
1144.00,-16.7072
1144.50,-16.7324
1145.00,-16.7341
1145.50,-16.7183
1146.00,-16.6963
1146.50,-16.6794
1147.00,-16.6738
1147.50,-16.6777
1148.00,-16.6849
1148.50,-16.6920
1149.00,-16.7033
1149.50,-16.7249
1150.00,-16.7567
1150.50,-16.7897
1151.00,-16.8149
1151.50,-16.8293
1152.00,-16.8348
1152.50,-16.8347
1153.00,-16.8319
1153.50,-16.8307
1154.00,-16.8348
1154.50,-16.8441
1155.00,-16.8535
1155.50,-16.8587
1156.00,-16.8614
1156.50,-16.8699
1157.00,-16.8909
1157.50,-16.9239
1158.00,-16.9595
1158.50,-16.9860
1159.00,-16.9944
1159.50,-16.9823
1160.00,-16.9551
1160.50,-16.9257
1161.00,-16.9103
1161.50,-16.9195
1162.00,-16.9499
1162.50,-16.9846
1163.00,-17.0050
1163.50,-17.0042
1164.00,-16.9908
1164.50,-16.9806
1165.00,-16.9825
1165.50,-16.9925
1166.00,-16.9995
1166.50,-16.9952
1167.00,-16.9807
1167.50,-16.9625
1168.00,-16.9455
1168.50,-16.9283
1169.00,-16.9055
1169.50,-16.8735
1170.00,-16.8336
1170.50,-16.7917
1171.00,-16.7558
1171.50,-16.7331
1172.00,-16.7261
1172.50,-16.7304
1173.00,-16.7371
1173.50,-16.7391
1174.00,-16.7353
1174.50,-16.7316
1175.00,-16.7357
1175.50,-16.7512
1176.00,-16.7758
1176.50,-16.8030
1177.00,-16.8248
1177.50,-16.8340
1178.00,-16.8280
1178.50,-16.8119
1179.00,-16.7968
1179.50,-16.7929
1180.00,-16.8040
1180.50,-16.8269
1181.00,-16.8555
1181.50,-16.8834
1182.00,-16.9058
1182.50,-16.9203
1183.00,-16.9289
1183.50,-16.9380
1184.00,-16.9516
1184.50,-16.9655
1185.00,-16.9692
1185.50,-16.9574
1186.00,-16.9378
1186.50,-16.9278
1187.00,-16.9408
1187.50,-16.9775
1188.00,-17.0282
1188.50,-17.0804
1189.00,-17.1241
1189.50,-17.1531
1190.00,-17.1663
1190.50,-17.1655
1191.00,-17.1515
1191.50,-17.1220
1192.00,-17.0770
1192.50,-17.0245
1193.00,-16.9796
1193.50,-16.9558
1194.00,-16.9578
1194.50,-16.9798
1195.00,-17.0120
1195.50,-17.0441
1196.00,-17.0662
1196.50,-17.0697
1197.00,-17.0511
1197.50,-17.0184
1198.00,-16.9894
1198.50,-16.9838
1199.00,-17.0120
1199.50,-17.0702
1200.00,-17.1431
1200.50,-17.2133
1201.00,-17.2686
1201.50,-17.3047
1202.00,-17.3227
1202.50,-17.3239
1203.00,-17.3090
1203.50,-17.2813
1204.00,-17.2526
1204.50,-17.2406
1205.00,-17.2568
1205.50,-17.2956
1206.00,-17.3359
1206.50,-17.3549
1207.00,-17.3420
1207.50,-17.3028
1208.00,-17.2530
1208.50,-17.2075
1209.00,-17.1741
1209.50,-17.1533
1210.00,-17.1441
1210.50,-17.1475
1211.00,-17.1631
1211.50,-17.1856
1212.00,-17.2059
1212.50,-17.2186
1213.00,-17.2257
1213.50,-17.2357
1214.00,-17.2572
1214.50,-17.2936
1215.00,-17.3404
1215.50,-17.3867
1216.00,-17.4206
1216.50,-17.4355
1217.00,-17.4320
1217.50,-17.4167
1218.00,-17.3968
1218.50,-17.3787
1219.00,-17.3664
1219.50,-17.3609
1220.00,-17.3584
1220.50,-17.3505
1221.00,-17.3295
1221.50,-17.2972
1222.00,-17.2681
1222.50,-17.2631
1223.00,-17.2952
1223.50,-17.3602
1224.00,-17.4390
1224.50,-17.5125
1225.00,-17.5746
1225.50,-17.6323
1226.00,-17.6954
1226.50,-17.7635
1227.00,-17.8238
1227.50,-17.8603
1228.00,-17.8664
1228.50,-17.8507
1229.00,-17.8309
1229.50,-17.8222
1230.00,-17.8265
1230.50,-17.8359
1231.00,-17.8415
1231.50,-17.8402
1232.00,-17.8331
1232.50,-17.8203
1233.00,-17.7985
1233.50,-17.7642
1234.00,-17.7199
1234.50,-17.6750
1235.00,-17.6411
1235.50,-17.6227
1236.00,-17.6153
1236.50,-17.6103
1237.00,-17.6035
1237.50,-17.5952
1238.00,-17.5860
1238.50,-17.5746
1239.00,-17.5584
1239.50,-17.5378
1240.00,-17.5166
1240.50,-17.5023
1241.00,-17.5035
1241.50,-17.5248
1242.00,-17.5614
1242.50,-17.5997
1243.00,-17.6235
1243.50,-17.6215
1244.00,-17.5925
1244.50,-17.5470
1245.00,-17.5038
1245.50,-17.4838
1246.00,-17.4980
1246.50,-17.5439
1247.00,-17.6091
1247.50,-17.6806
1248.00,-17.7484
1248.50,-17.8046
1249.00,-17.8426
1249.50,-17.8578
1250.00,-17.8519
1250.50,-17.8357
1251.00,-17.8240
1251.50,-17.8273
1252.00,-17.8445
1252.50,-17.8668
1253.00,-17.8888
1253.50,-17.9113
1254.00,-17.9375
1254.50,-17.9674
1255.00,-17.9999
1255.50,-18.0376
1256.00,-18.0866
1256.50,-18.1520
1257.00,-18.2328
1257.50,-18.3204
1258.00,-18.4011
1258.50,-18.4598
1259.00,-18.4863
1259.50,-18.4808
1260.00,-18.4563
1260.50,-18.4323
1261.00,-18.4231
1261.50,-18.4302
1262.00,-18.4446
1262.50,-18.4558
1263.00,-18.4569
1263.50,-18.4451
1264.00,-18.4219
1264.50,-18.3936
1265.00,-18.3721
1265.50,-18.3701
1266.00,-18.3952
1266.50,-18.4455
1267.00,-18.5112
1267.50,-18.5776
1268.00,-18.6297
1268.50,-18.6561
1269.00,-18.6528
1269.50,-18.6237
1270.00,-18.5791
1270.50,-18.5295
1271.00,-18.4805
1271.50,-18.4297
1272.00,-18.3706
1272.50,-18.3019
1273.00,-18.2327
1273.50,-18.1780
1274.00,-18.1478
1274.50,-18.1422
1275.00,-18.1573
1275.50,-18.1929
1276.00,-18.2511
1276.50,-18.3243
1277.00,-18.3900
1277.50,-18.4237
1278.00,-18.4165
1278.50,-18.3822
1279.00,-18.3456
1279.50,-18.3265
1280.00,-18.3315
1280.50,-18.3560
1281.00,-18.3902
1281.50,-18.4231
1282.00,-18.4449
1282.50,-18.4506
1283.00,-18.4436
1283.50,-18.4347
1284.00,-18.4367
1284.50,-18.4563
1285.00,-18.4904
1285.50,-18.5299
1286.00,-18.5667
1286.50,-18.5983
1287.00,-18.6249
1287.50,-18.6443
1288.00,-18.6509
1288.50,-18.6393
1289.00,-18.6084
1289.50,-18.5637
1290.00,-18.5168
1290.50,-18.4781
1291.00,-18.4499
1291.50,-18.4267
1292.00,-18.4044
1292.50,-18.3870
1293.00,-18.3816
1293.50,-18.3878
1294.00,-18.3989
1294.50,-18.4121
1295.00,-18.4327
1295.50,-18.4655
1296.00,-18.5039
1296.50,-18.5315
1297.00,-18.5355
1297.50,-18.5164
1298.00,-18.4859
1298.50,-18.4561
1299.00,-18.4313
1299.50,-18.4104
1300.00,-18.3947
1300.50,-18.3915
1301.00,-18.4075
1301.50,-18.4406
1302.00,-18.4805
1302.50,-18.5192
1303.00,-18.5587
1303.50,-18.6068
1304.00,-18.6664
1304.50,-18.7303
1305.00,-18.7872
1305.50,-18.8295
1306.00,-18.8568
1306.50,-18.8744
1307.00,-18.8898
1307.50,-18.9091
1308.00,-18.9330
1308.50,-18.9542
1309.00,-18.9609
1309.50,-18.9450
1310.00,-18.9094
1310.50,-18.8677
1311.00,-18.8358
1311.50,-18.8200
1312.00,-18.8141
1312.50,-18.8056
1313.00,-18.7858
1313.50,-18.7555
1314.00,-18.7230
1314.50,-18.6970
1315.00,-18.6799
1315.50,-18.6684
1316.00,-18.6582
1316.50,-18.6493
1317.00,-18.6479
1317.50,-18.6634
1318.00,-18.7009
1318.50,-18.7547
1319.00,-18.8085
1319.50,-18.8441
1320.00,-18.8520
1320.50,-18.8360
1321.00,-18.8084
1321.50,-18.7819
1322.00,-18.7639
1322.50,-18.7540
1323.00,-18.7465
1323.50,-18.7362
1324.00,-18.7256
1324.50,-18.7247
1325.00,-18.7430
1325.50,-18.7804
1326.00,-18.8269
1326.50,-18.8711
1327.00,-18.9084
1327.50,-18.9418
1328.00,-18.9755
1328.50,-19.0091
1329.00,-19.0378
1329.50,-19.0559
1330.00,-19.0604
1330.50,-19.0508
1331.00,-19.0282
1331.50,-18.9965
1332.00,-18.9661
1332.50,-18.9526
1333.00,-18.9691
1333.50,-19.0163
1334.00,-19.0819
1334.50,-19.1479
1335.00,-19.1998
1335.50,-19.2295
1336.00,-19.2330
1336.50,-19.2099
1337.00,-19.1669
1337.50,-19.1198
1338.00,-19.0898
1338.50,-19.0914
1339.00,-19.1233
1339.50,-19.1693
1340.00,-19.2088
1340.50,-19.2274
1341.00,-19.2226
1341.50,-19.2018
1342.00,-19.1802
1342.50,-19.1756
1343.00,-19.2006
1343.50,-19.2551
1344.00,-19.3244
1344.50,-19.3868
1345.00,-19.4258
1345.50,-19.4381
1346.00,-19.4326
1346.50,-19.4215
1347.00,-19.4144
1347.50,-19.4176
1348.00,-19.4345
1348.50,-19.4625
1349.00,-19.4924
1349.50,-19.5131
1350.00,-19.5203
1350.50,-19.5195
1351.00,-19.5221
1351.50,-19.5376
1352.00,-19.5677
1352.50,-19.6025
1353.00,-19.6249
1353.50,-19.6198
1354.00,-19.5852
1354.50,-19.5332
1355.00,-19.4814
1355.50,-19.4418
1356.00,-19.4168
1356.50,-19.4033
1357.00,-19.3995
1357.50,-19.4060
1358.00,-19.4229
1358.50,-19.4463
1359.00,-19.4684
1359.50,-19.4800
1360.00,-19.4739
1360.50,-19.4491
1361.00,-19.4131
1361.50,-19.3784
1362.00,-19.3562
1362.50,-19.3531
1363.00,-19.3706
1363.50,-19.4071
1364.00,-19.4570
1364.50,-19.5099
1365.00,-19.5540
1365.50,-19.5780
1366.00,-19.5739
1366.50,-19.5399
1367.00,-19.4845
1367.50,-19.4267
1368.00,-19.3877
1368.50,-19.3805
1369.00,-19.4047
1369.50,-19.4474
1370.00,-19.4897
1370.50,-19.5159
1371.00,-19.5212
1371.50,-19.5129
1372.00,-19.5025
1372.50,-19.4969
1373.00,-19.4958
1373.50,-19.4972
1374.00,-19.5019
1374.50,-19.5099
1375.00,-19.5169
1375.50,-19.5182
1376.00,-19.5131
1376.50,-19.5043
1377.00,-19.4930
1377.50,-19.4772
1378.00,-19.4581
1378.50,-19.4437
1379.00,-19.4444
1379.50,-19.4630
1380.00,-19.4908
1380.50,-19.5122
1381.00,-19.5149
1381.50,-19.4962
1382.00,-19.4626
1382.50,-19.4243
1383.00,-19.3893
1383.50,-19.3605
1384.00,-19.3359
1384.50,-19.3108
1385.00,-19.2810
1385.50,-19.2443
1386.00,-19.2017
1386.50,-19.1566
1387.00,-19.1150
1387.50,-19.0845
1388.00,-19.0732
1388.50,-19.0864
1389.00,-19.1218
1389.50,-19.1670
1390.00,-19.2053
1390.50,-19.2268
1391.00,-19.2336
1391.50,-19.2364
1392.00,-19.2456
1392.50,-19.2644
1393.00,-19.2896
1393.50,-19.3153
1394.00,-19.3374
1394.50,-19.3556
1395.00,-19.3742
1395.50,-19.3982
1396.00,-19.4280
1396.50,-19.4562
1397.00,-19.4707
1397.50,-19.4643
1398.00,-19.4395
1398.50,-19.4075
1399.00,-19.3814
1399.50,-19.3698
1400.00,-19.3759
1400.50,-19.3969
1401.00,-19.4255
1401.50,-19.4521
1402.00,-19.4706
1402.50,-19.4811
1403.00,-19.4891
1403.50,-19.4988
1404.00,-19.5098
1404.50,-19.5183
1405.00,-19.5198
1405.50,-19.5111
1406.00,-19.4902
1406.50,-19.4565
1407.00,-19.4136
1407.50,-19.3699
1408.00,-19.3372
1408.50,-19.3243
1409.00,-19.3324
1409.50,-19.3559
1410.00,-19.3873
1410.50,-19.4194
1411.00,-19.4446
1411.50,-19.4543
1412.00,-19.4423
1412.50,-19.4117
1413.00,-19.3780
1413.50,-19.3614
1414.00,-19.3734
1414.50,-19.4048
1415.00,-19.4305
1415.50,-19.4264
1416.00,-19.3853
1416.50,-19.3193
1417.00,-19.2493
1417.50,-19.1906
1418.00,-19.1470
1418.50,-19.1152
1419.00,-19.0950
1419.50,-19.0934
1420.00,-19.1198
1420.50,-19.1767
1421.00,-19.2538
1421.50,-19.3319
1422.00,-19.3914
1422.50,-19.4227
1423.00,-19.4306
1423.50,-19.4293
1424.00,-19.4326
1424.50,-19.4450
1425.00,-19.4619
1425.50,-19.4761
1426.00,-19.4851
1426.50,-19.4914
1427.00,-19.4986
1427.50,-19.5055
1428.00,-19.5044
1428.50,-19.4844
1429.00,-19.4394
1429.50,-19.3759
1430.00,-19.3123
1430.50,-19.2668
1431.00,-19.2448
1431.50,-19.2393
1432.00,-19.2419
1432.50,-19.2508
1433.00,-19.2685
1433.50,-19.2952
1434.00,-19.3263
1434.50,-19.3563
1435.00,-19.3819
1435.50,-19.4019
1436.00,-19.4167
1436.50,-19.4287
1437.00,-19.4407
1437.50,-19.4525
1438.00,-19.4616
1438.50,-19.4671
1439.00,-19.4710
1439.50,-19.4712
1440.00,-19.4600
1440.50,-19.4295
1441.00,-19.3817
1441.50,-19.3313
1442.00,-19.2994
1442.50,-19.3037
1443.00,-19.3491
1443.50,-19.4234
1444.00,-19.5002
1444.50,-19.5530
1445.00,-19.5697
1445.50,-19.5571
1446.00,-19.5310
1446.50,-19.5044
1447.00,-19.4818
1447.50,-19.4634
1448.00,-19.4498
1448.50,-19.4437
1449.00,-19.4482
1449.50,-19.4634
1450.00,-19.4849
1450.50,-19.5039
1451.00,-19.5104
1451.50,-19.4983
1452.00,-19.4706
1452.50,-19.4388
1453.00,-19.4172
1453.50,-19.4176
1454.00,-19.4446
1454.50,-19.4964
1455.00,-19.5664
1455.50,-19.6453
1456.00,-19.7246
1456.50,-19.7992
1457.00,-19.8679
1457.50,-19.9326
1458.00,-19.9949
1458.50,-20.0529
1459.00,-20.1026
1459.50,-20.1411
1460.00,-20.1701
1460.50,-20.1943
1461.00,-20.2178
1461.50,-20.2373
1462.00,-20.2431
1462.50,-20.2276
1463.00,-20.1939
1463.50,-20.1575
1464.00,-20.1359
1464.50,-20.1357
1465.00,-20.1481
1465.50,-20.1559
1466.00,-20.1460
1466.50,-20.1185
1467.00,-20.0869
1467.50,-20.0717
1468.00,-20.0866
1468.50,-20.1270
1469.00,-20.1706
1469.50,-20.1958
1470.00,-20.1987
1470.50,-20.1955
1471.00,-20.2054
1471.50,-20.2333
1472.00,-20.2673
1472.50,-20.2885
1473.00,-20.2831
1473.50,-20.2473
1474.00,-20.1882
1474.50,-20.1202
1475.00,-20.0597
1475.50,-20.0193
1476.00,-20.0031
1476.50,-20.0053
1477.00,-20.0132
1477.50,-20.0129
1478.00,-19.9956
1478.50,-19.9590
1479.00,-19.9065
1479.50,-19.8456
1480.00,-19.7867
1480.50,-19.7397
1481.00,-19.7112
1481.50,-19.7030
1482.00,-19.7134
1482.50,-19.7373
1483.00,-19.7662
1483.50,-19.7877
1484.00,-19.7874
1484.50,-19.7551
1485.00,-19.6943
1485.50,-19.6260
1486.00,-19.5766
1486.50,-19.5597
1487.00,-19.5698
1487.50,-19.5926
1488.00,-19.6191
1488.50,-19.6471
1489.00,-19.6744
1489.50,-19.6961
1490.00,-19.7099
1490.50,-19.7218
1491.00,-19.7415
1491.50,-19.7727
1492.00,-19.8066
1492.50,-19.8279
1493.00,-19.8280
1493.50,-19.8135
1494.00,-19.7988
1494.50,-19.7941
1495.00,-19.7977
1495.50,-19.8029
1496.00,-19.8067
1496.50,-19.8119
1497.00,-19.8206
1497.50,-19.8296
1498.00,-19.8314
1498.50,-19.8216
1499.00,-19.8043
1499.50,-19.7911
1500.00,-19.7956
1500.50,-19.8247
1501.00,-19.8737
1501.50,-19.9288
1502.00,-19.9767
1502.50,-20.0150
1503.00,-20.0518
1503.50,-20.0950
1504.00,-20.1440
1504.50,-20.1903
1505.00,-20.2242
1505.50,-20.2388
1506.00,-20.2320
1506.50,-20.2067
1507.00,-20.1715
1507.50,-20.1388
1508.00,-20.1200
1508.50,-20.1217
1509.00,-20.1410
1509.50,-20.1675
1510.00,-20.1901
1510.50,-20.2042
1511.00,-20.2123
1511.50,-20.2157
1512.00,-20.2104
1512.50,-20.1914
1513.00,-20.1610
1513.50,-20.1322
1514.00,-20.1220
1514.50,-20.1413
1515.00,-20.1893
1515.50,-20.2538
1516.00,-20.3178
1516.50,-20.3647
1517.00,-20.3841
1517.50,-20.3772
1518.00,-20.3590
1518.50,-20.3528
1519.00,-20.3767
1519.50,-20.4296
1520.00,-20.4918
1520.50,-20.5381
1521.00,-20.5548
1521.50,-20.5468
1522.00,-20.5315
1522.50,-20.5250
1523.00,-20.5323
1523.50,-20.5471
1524.00,-20.5603
1524.50,-20.5683
1525.00,-20.5738
1525.50,-20.5797
1526.00,-20.5846
1526.50,-20.5849
1527.00,-20.5795
1527.50,-20.5730
1528.00,-20.5741
1528.50,-20.5908
1529.00,-20.6238
1529.50,-20.6611
1530.00,-20.6822
1530.50,-20.6713
1531.00,-20.6282
1531.50,-20.5654
1532.00,-20.4960
1532.50,-20.4248
1533.00,-20.3531
1533.50,-20.2858
1534.00,-20.2331
1534.50,-20.2033
1535.00,-20.1962
1535.50,-20.2027
1536.00,-20.2085
1536.50,-20.2021
1537.00,-20.1790
1537.50,-20.1415
1538.00,-20.0942
1538.50,-20.0412
1539.00,-19.9879
1539.50,-19.9414
1540.00,-19.9059
1540.50,-19.8801
1541.00,-19.8581
1541.50,-19.8355
1542.00,-19.8109
1542.50,-19.7840
1543.00,-19.7527
1543.50,-19.7162
1544.00,-19.6788
1544.50,-19.6490
1545.00,-19.6320
1545.50,-19.6252
1546.00,-19.6234
1546.50,-19.6274
1547.00,-19.6446
1547.50,-19.6808
1548.00,-19.7311
1548.50,-19.7818
1549.00,-19.8228
1549.50,-19.8531
1550.00,-19.8772
1550.50,-19.8956
1551.00,-19.9035
1551.50,-19.8979
1552.00,-19.8828
1552.50,-19.8670
1553.00,-19.8571
1553.50,-19.8531
1554.00,-19.8479
1554.50,-19.8312
1555.00,-19.7946
1555.50,-19.7385
1556.00,-19.6742
1556.50,-19.6200
1557.00,-19.5908
1557.50,-19.5900
1558.00,-19.6097
1558.50,-19.6381
1559.00,-19.6668
1559.50,-19.6900
1560.00,-19.7014
1560.50,-19.6964
1561.00,-19.6766
1561.50,-19.6483
1562.00,-19.6152
1562.50,-19.5768
1563.00,-19.5349
1563.50,-19.4981
1564.00,-19.4742
1564.50,-19.4615
1565.00,-19.4520
1565.50,-19.4420
1566.00,-19.4362
1566.50,-19.4426
1567.00,-19.4677
1567.50,-19.5151
1568.00,-19.5824
1568.50,-19.6584
1569.00,-19.7233
1569.50,-19.7606
1570.00,-19.7686
1570.50,-19.7613
1571.00,-19.7570
1571.50,-19.7643
1572.00,-19.7785
1572.50,-19.7889
1573.00,-19.7891
1573.50,-19.7810
1574.00,-19.7706
1574.50,-19.7605
1575.00,-19.7450
1575.50,-19.7131
1576.00,-19.6607
1576.50,-19.5982
1577.00,-19.5456
1577.50,-19.5191
1578.00,-19.5213
1578.50,-19.5450
1579.00,-19.5812
1579.50,-19.6216
1580.00,-19.6555
1580.50,-19.6732
1581.00,-19.6715
1581.50,-19.6562
1582.00,-19.6361
1582.50,-19.6171
1583.00,-19.6030
1583.50,-19.5987
1584.00,-19.6104
1584.50,-19.6425
1585.00,-19.6934
1585.50,-19.7554
1586.00,-19.8171
1586.50,-19.8664
1587.00,-19.8960
1587.50,-19.9055
1588.00,-19.9015
1588.50,-19.8925
1589.00,-19.8841
1589.50,-19.8802
1590.00,-19.8851
1590.50,-19.9033
1591.00,-19.9352
1591.50,-19.9751
1592.00,-20.0141
1592.50,-20.0454
1593.00,-20.0670
1593.50,-20.0803
1594.00,-20.0871
1594.50,-20.0898
1595.00,-20.0928
1595.50,-20.1018
1596.00,-20.1217
1596.50,-20.1533
1597.00,-20.1952
1597.50,-20.2443
1598.00,-20.2950
1598.50,-20.3375
1599.00,-20.3619
1599.50,-20.3643
1600.00,-20.3508
1600.50,-20.3326
1601.00,-20.3184
1601.50,-20.3074
1602.00,-20.2894
1602.50,-20.2508
1603.00,-20.1818
1603.50,-20.0801
1604.00,-19.9466
1604.50,-19.7838
1605.00,-19.6003
1605.50,-19.4132
1606.00,-19.2414
1606.50,-19.0930
1607.00,-18.9634
1607.50,-18.8465
1608.00,-18.7444
1608.50,-18.6649
1609.00,-18.6120
1609.50,-18.5841
1610.00,-18.5790
1610.50,-18.5949
1611.00,-18.6238
1611.50,-18.6497
1612.00,-18.6582
1612.50,-18.6482
1613.00,-18.6321
1613.50,-18.6239
1614.00,-18.6301
1614.50,-18.6496
1615.00,-18.6775
1615.50,-18.7081
1616.00,-18.7361
1616.50,-18.7593
1617.00,-18.7822
1617.50,-18.8143
1618.00,-18.8618
1618.50,-18.9200
1619.00,-18.9747
1619.50,-19.0125
1620.00,-19.0302
1620.50,-19.0346
1621.00,-19.0358
1621.50,-19.0402
1622.00,-19.0497
1622.50,-19.0641
1623.00,-19.0825
1623.50,-19.1042
1624.00,-19.1302
1624.50,-19.1637
1625.00,-19.2073
1625.50,-19.2586
1626.00,-19.3087
1626.50,-19.3459
1627.00,-19.3634
1627.50,-19.3627
1628.00,-19.3514
1628.50,-19.3384
1629.00,-19.3296
1629.50,-19.3297
1630.00,-19.3444
1630.50,-19.3786
1631.00,-19.4325
1631.50,-19.4985
1632.00,-19.5644
1632.50,-19.6196
1633.00,-19.6585
1633.50,-19.6824
1634.00,-19.6990
1634.50,-19.7192
1635.00,-19.7487
1635.50,-19.7822
1636.00,-19.8065
1636.50,-19.8117
1637.00,-19.7998
1637.50,-19.7834
1638.00,-19.7759
1638.50,-19.7832
1639.00,-19.8024
1639.50,-19.8257
1640.00,-19.8457
1640.50,-19.8591
1641.00,-19.8676
1641.50,-19.8769
1642.00,-19.8925
1642.50,-19.9155
1643.00,-19.9408
1643.50,-19.9614
1644.00,-19.9736
1644.50,-19.9810
1645.00,-19.9914
1645.50,-20.0089
1646.00,-20.0297
1646.50,-20.0458
1647.00,-20.0564
1647.50,-20.0721
1648.00,-20.1068
1648.50,-20.1659
1649.00,-20.2414
1649.50,-20.3183
1650.00,-20.3841
1650.50,-20.4328
1651.00,-20.4642
1651.50,-20.4827
1652.00,-20.4953
1652.50,-20.5107
1653.00,-20.5367
1653.50,-20.5758
1654.00,-20.6234
1654.50,-20.6695
1655.00,-20.7035
1655.50,-20.7186
1656.00,-20.7136
1656.50,-20.6919
1657.00,-20.6601
1657.50,-20.6272
1658.00,-20.6029
1658.50,-20.5960
1659.00,-20.6111
1659.50,-20.6447
1660.00,-20.6834
1660.50,-20.7081
1661.00,-20.7036
1661.50,-20.6674
1662.00,-20.6096
1662.50,-20.5485
1663.00,-20.5033
1663.50,-20.4869
1664.00,-20.5002
1664.50,-20.5324
1665.00,-20.5719
1665.50,-20.6147
1666.00,-20.6637
1666.50,-20.7186
1667.00,-20.7691
1667.50,-20.7999
1668.00,-20.8013
1668.50,-20.7781
1669.00,-20.7488
1669.50,-20.7379
1670.00,-20.7633
1670.50,-20.8267
1671.00,-20.9118
1671.50,-20.9930
1672.00,-21.0506
1672.50,-21.0802
1673.00,-21.0906
1673.50,-21.0911
1674.00,-21.0852
1674.50,-21.0720
1675.00,-21.0533
1675.50,-21.0356
1676.00,-21.0246
1676.50,-21.0186
1677.00,-21.0089
1677.50,-20.9886
1678.00,-20.9627
1678.50,-20.9469
1679.00,-20.9541
1679.50,-20.9830
1680.00,-21.0201
1680.50,-21.0518
1681.00,-21.0740
1681.50,-21.0904
1682.00,-21.1051
1682.50,-21.1221
1683.00,-21.1486
1683.50,-21.1933
1684.00,-21.2584
1684.50,-21.3305
1685.00,-21.3853
1685.50,-21.4015
1686.00,-21.3759
1686.50,-21.3259
1687.00,-21.2786
1687.50,-21.2541
1688.00,-21.2562
1688.50,-21.2760
1689.00,-21.2999
1689.50,-21.3157
1690.00,-21.3115
1690.50,-21.2789
1691.00,-21.2202
1691.50,-21.1528
1692.00,-21.0989
1692.50,-21.0699
1693.00,-21.0615
1693.50,-21.0611
1694.00,-21.0596
1694.50,-21.0561
1695.00,-21.0531
1695.50,-21.0524
1696.00,-21.0551
1696.50,-21.0648
1697.00,-21.0859
1697.50,-21.1168
1698.00,-21.1467
1698.50,-21.1609
1699.00,-21.1518
1699.50,-21.1255
1700.00,-21.0987
1700.50,-21.0888
1701.00,-21.1036
1701.50,-21.1368
1702.00,-21.1741
1702.50,-21.2033
1703.00,-21.2211
1703.50,-21.2335
1704.00,-21.2501
1704.50,-21.2773
1705.00,-21.3146
1705.50,-21.3562
1706.00,-21.3951
1706.50,-21.4270
1707.00,-21.4503
1707.50,-21.4642
1708.00,-21.4678
1708.50,-21.4607
1709.00,-21.4436
1709.50,-21.4180
1710.00,-21.3864
1710.50,-21.3532
1711.00,-21.3248
1711.50,-21.3057
1712.00,-21.2966
1712.50,-21.2930
1713.00,-21.2891
1713.50,-21.2833
1714.00,-21.2808
1714.50,-21.2894
1715.00,-21.3150
1715.50,-21.3588
1716.00,-21.4156
1716.50,-21.4746
1717.00,-21.5237
1717.50,-21.5574
1718.00,-21.5798
1718.50,-21.5973
1719.00,-21.6094
1719.50,-21.6088
1720.00,-21.5916
1720.50,-21.5628
1721.00,-21.5316
1721.50,-21.5025
1722.00,-21.4723
1722.50,-21.4361
1723.00,-21.3957
1723.50,-21.3627
1724.00,-21.3517
1724.50,-21.3703
1725.00,-21.4128
1725.50,-21.4618
1726.00,-21.4978
1726.50,-21.5089
1727.00,-21.4961
1727.50,-21.4686
1728.00,-21.4359
1728.50,-21.4037
1729.00,-21.3761
1729.50,-21.3576
1730.00,-21.3514
1730.50,-21.3582
1731.00,-21.3773
1731.50,-21.4062
1732.00,-21.4371
1732.50,-21.4557
1733.00,-21.4493
1733.50,-21.4179
1734.00,-21.3765
1734.50,-21.3446
1735.00,-21.3322
1735.50,-21.3346
1736.00,-21.3376
1736.50,-21.3280
1737.00,-21.2996
1737.50,-21.2537
1738.00,-21.1944
1738.50,-21.1263
1739.00,-21.0571
1739.50,-20.9991
1740.00,-20.9653
1740.50,-20.9608
1741.00,-20.9772
1741.50,-20.9965
1742.00,-21.0038
1742.50,-20.9953
1743.00,-20.9783
1743.50,-20.9623
1744.00,-20.9529
1744.50,-20.9516
1745.00,-20.9581
1745.50,-20.9704
1746.00,-20.9839
1746.50,-20.9945
1747.00,-21.0024
1747.50,-21.0114
1748.00,-21.0244
1748.50,-21.0402
1749.00,-21.0569
1749.50,-21.0773
1750.00,-21.1116
1750.50,-21.1718
1751.00,-21.2621
1751.50,-21.3727
1752.00,-21.4821
1752.50,-21.5664
1753.00,-21.6110
1753.50,-21.6162
1754.00,-21.5962
1754.50,-21.5716
1755.00,-21.5596
1755.50,-21.5689
1756.00,-21.5997
1756.50,-21.6485
1757.00,-21.7102
1757.50,-21.7762
1758.00,-21.8350
1758.50,-21.8761
1759.00,-21.8950
1759.50,-21.8937
1760.00,-21.8792
1760.50,-21.8630
1761.00,-21.8607
1761.50,-21.8848
1762.00,-21.9325
1762.50,-21.9791
1763.00,-21.9890
1763.50,-21.9402
1764.00,-21.8416
1764.50,-21.7282
1765.00,-21.6366
1765.50,-21.5839
1766.00,-21.5637
1766.50,-21.5588
1767.00,-21.5570
1767.50,-21.5579
1768.00,-21.5691
1768.50,-21.5960
1769.00,-21.6345
1769.50,-21.6724
1770.00,-21.6957
1770.50,-21.6958
1771.00,-21.6743
1771.50,-21.6433
1772.00,-21.6207
1772.50,-21.6212
1773.00,-21.6476
1773.50,-21.6904
1774.00,-21.7373
1774.50,-21.7816
1775.00,-21.8242
1775.50,-21.8678
1776.00,-21.9097
1776.50,-21.9412
1777.00,-21.9542
1777.50,-21.9496
1778.00,-21.9390
1778.50,-21.9372
1779.00,-21.9499
1779.50,-21.9704
1780.00,-21.9867
1780.50,-21.9913
1781.00,-21.9864
1781.50,-21.9774
1782.00,-21.9679
1782.50,-21.9586
1783.00,-21.9526
1783.50,-21.9545
1784.00,-21.9653
1784.50,-21.9787
1785.00,-21.9861
1785.50,-21.9848
1786.00,-21.9800
1786.50,-21.9791
1787.00,-21.9836
1787.50,-21.9872
1788.00,-21.9839
1788.50,-21.9762
1789.00,-21.9742
1789.50,-21.9860
1790.00,-22.0097
1790.50,-22.0344
1791.00,-22.0504
1791.50,-22.0564
1792.00,-22.0586
1792.50,-22.0643
1793.00,-22.0762
1793.50,-22.0923
1794.00,-22.1104
1794.50,-22.1292
1795.00,-22.1447
1795.50,-22.1481
1796.00,-22.1316
1796.50,-22.0971
1797.00,-22.0575
1797.50,-22.0268
1798.00,-22.0079
1798.50,-21.9924
1799.00,-21.9725
1799.50,-21.9515
1800.00,-21.9402
1800.50,-21.9440
1801.00,-21.9542
1801.50,-21.9543
1802.00,-21.9346
1802.50,-21.9028
1803.00,-21.8787
1803.50,-21.8768
1804.00,-21.8944
1804.50,-21.9161
1805.00,-21.9291
1805.50,-21.9346
1806.00,-21.9460
1806.50,-21.9752
1807.00,-22.0213
1807.50,-22.0666
1808.00,-22.0868
1808.50,-22.0692
1809.00,-22.0225
1809.50,-21.9699
1810.00,-21.9332
1810.50,-21.9213
1811.00,-21.9293
1811.50,-21.9421
1812.00,-21.9420
1812.50,-21.9198
1813.00,-21.8823
1813.50,-21.8487
1814.00,-21.8356
1814.50,-21.8450
1815.00,-21.8685
1815.50,-21.8986
1816.00,-21.9334
1816.50,-21.9707
1817.00,-22.0027
1817.50,-22.0191
1818.00,-22.0158
1818.50,-21.9998
1819.00,-21.9863
1819.50,-21.9908
1820.00,-22.0198
1820.50,-22.0701
1821.00,-22.1328
1821.50,-22.1993
1822.00,-22.2625
1822.50,-22.3159
1823.00,-22.3532
1823.50,-22.3734
1824.00,-22.3836
1824.50,-22.3962
1825.00,-22.4182
1825.50,-22.4427
1826.00,-22.4526
1826.50,-22.4356
1827.00,-22.3968
1827.50,-22.3557
1828.00,-22.3311
1828.50,-22.3271
1829.00,-22.3329
1829.50,-22.3344
1830.00,-22.3262
1830.50,-22.3122
1831.00,-22.2983
1831.50,-22.2846
1832.00,-22.2658
1832.50,-22.2387
1833.00,-22.2082
1833.50,-22.1827
1834.00,-22.1653
1834.50,-22.1503
1835.00,-22.1280
1835.50,-22.0933
1836.00,-22.0472
1836.50,-21.9936
1837.00,-21.9353
1837.50,-21.8750
1838.00,-21.8185
1838.50,-21.7736
1839.00,-21.7443
1839.50,-21.7263
1840.00,-21.7102
1840.50,-21.6888
1841.00,-21.6588
1841.50,-21.6204
1842.00,-21.5784
1842.50,-21.5415
1843.00,-21.5173
1843.50,-21.5044
1844.00,-21.4931
1844.50,-21.4765
1845.00,-21.4582
1845.50,-21.4461
1846.00,-21.4409
1846.50,-21.4344
1847.00,-21.4198
1847.50,-21.3997
1848.00,-21.3821
1848.50,-21.3720
1849.00,-21.3716
1849.50,-21.3867
1850.00,-21.4292
1850.50,-21.5063
1851.00,-21.6061
1851.50,-21.6995
1852.00,-21.7574
1852.50,-21.7707
1853.00,-21.7524
1853.50,-21.7247
1854.00,-21.7019
1854.50,-21.6868
1855.00,-21.6778
1855.50,-21.6791
1856.00,-21.7013
1856.50,-21.7524
1857.00,-21.8264
1857.50,-21.9015
1858.00,-21.9505
1858.50,-21.9572
1859.00,-21.9245
1859.50,-21.8693
1860.00,-21.8092
1860.50,-21.7534
1861.00,-21.7053
1861.50,-21.6705
1862.00,-21.6579
1862.50,-21.6710
1863.00,-21.7005
1863.50,-21.7292
1864.00,-21.7462
1864.50,-21.7549
1865.00,-21.7677
1865.50,-21.7949
1866.00,-21.8380
1866.50,-21.8902
1867.00,-21.9418
1867.50,-21.9829
1868.00,-22.0071
1868.50,-22.0162
1869.00,-22.0212
1869.50,-22.0376
1870.00,-22.0727
1870.50,-22.1194
1871.00,-22.1616
1871.50,-22.1868
1872.00,-22.1950
1872.50,-22.1951
1873.00,-22.1959
1873.50,-22.2006
1874.00,-22.2075
1874.50,-22.2148
1875.00,-22.2237
1875.50,-22.2377
1876.00,-22.2599
1876.50,-22.2911
1877.00,-22.3281
1877.50,-22.3651
1878.00,-22.3952
1878.50,-22.4145
1879.00,-22.4244
1879.50,-22.4304
1880.00,-22.4381
1880.50,-22.4496
1881.00,-22.4650
1881.50,-22.4868
1882.00,-22.5197
1882.50,-22.5649
1883.00,-22.6145
1883.50,-22.6540
1884.00,-22.6722
1884.50,-22.6709
1885.00,-22.6662
1885.50,-22.6762
1886.00,-22.7082
1886.50,-22.7561
1887.00,-22.8095
1887.50,-22.8625
1888.00,-22.9137
1888.50,-22.9626
1889.00,-23.0087
1889.50,-23.0515
1890.00,-23.0887
1890.50,-23.1139
1891.00,-23.1192
1891.50,-23.0997
1892.00,-23.0576
1892.50,-23.0014
1893.00,-22.9445
1893.50,-22.9025
1894.00,-22.8878
1894.50,-22.9054
1895.00,-22.9501
1895.50,-23.0103
1896.00,-23.0742
1896.50,-23.1344
1897.00,-23.1866
1897.50,-23.2262
1898.00,-23.2465
1898.50,-23.2456
1899.00,-23.2309
1899.50,-23.2161
1900.00,-23.2083
1900.50,-23.2021
1901.00,-23.1886
1901.50,-23.1691
1902.00,-23.1566
1902.50,-23.1602
1903.00,-23.1732
1903.50,-23.1803
1904.00,-23.1735
1904.50,-23.1562
1905.00,-23.1347
1905.50,-23.1125
1906.00,-23.0970
1906.50,-23.1046
1907.00,-23.1498
1907.50,-23.2306
1908.00,-23.3243
1908.50,-23.3996
1909.00,-23.4322
1909.50,-23.4138
1910.00,-23.3532
1910.50,-23.2703
1911.00,-23.1881
1911.50,-23.1247
1912.00,-23.0906
1912.50,-23.0886
1913.00,-23.1135
1913.50,-23.1525
1914.00,-23.1897
1914.50,-23.2140
1915.00,-23.2224
1915.50,-23.2182
1916.00,-23.2075
1916.50,-23.1963
1917.00,-23.1889
1917.50,-23.1828
1918.00,-23.1697
1918.50,-23.1410
1919.00,-23.0964
1919.50,-23.0472
1920.00,-23.0091
1920.50,-22.9927
1921.00,-23.0008
1921.50,-23.0321
1922.00,-23.0848
1922.50,-23.1538
1923.00,-23.2277
1923.50,-23.2916
1924.00,-23.3351
1924.50,-23.3545
1925.00,-23.3504
1925.50,-23.3248
1926.00,-23.2839
1926.50,-23.2389
1927.00,-23.2014
1927.50,-23.1770
1928.00,-23.1645
1928.50,-23.1607
1929.00,-23.1604
1929.50,-23.1539
1930.00,-23.1279
1930.50,-23.0740
1931.00,-22.9972
1931.50,-22.9145
1932.00,-22.8463
1932.50,-22.8068
1933.00,-22.8012
1933.50,-22.8270
1934.00,-22.8775
1934.50,-22.9427
1935.00,-23.0093
1935.50,-23.0626
1936.00,-23.0930
1936.50,-23.1016
1937.00,-23.0997
1937.50,-23.1030
1938.00,-23.1244
1938.50,-23.1677
1939.00,-23.2233
1939.50,-23.2713
1940.00,-23.2932
1940.50,-23.2846
1941.00,-23.2573
1941.50,-23.2280
1942.00,-23.2063
1942.50,-23.1924
1943.00,-23.1851
1943.50,-23.1893
1944.00,-23.2142
1944.50,-23.2646
1945.00,-23.3319
1945.50,-23.3957
1946.00,-23.4333
1946.50,-23.4342
1947.00,-23.4066
1947.50,-23.3716
1948.00,-23.3478
1948.50,-23.3403
1949.00,-23.3408
1949.50,-23.3398
1950.00,-23.3373
1950.50,-23.3411
1951.00,-23.3567
1951.50,-23.3787
1952.00,-23.3926
1952.50,-23.3854
1953.00,-23.3547
1953.50,-23.3105
1954.00,-23.2674
1954.50,-23.2349
1955.00,-23.2116
1955.50,-23.1889
1956.00,-23.1629
1956.50,-23.1408
1957.00,-23.1340
1957.50,-23.1427
1958.00,-23.1521
1958.50,-23.1451
1959.00,-23.1186
1959.50,-23.0848
1960.00,-23.0562
1960.50,-23.0329
1961.00,-23.0043
1961.50,-22.9625
1962.00,-22.9116
1962.50,-22.8639
1963.00,-22.8283
1963.50,-22.8054
1964.00,-22.7935
1964.50,-22.7971
1965.00,-22.8247
1965.50,-22.8773
1966.00,-22.9428
1966.50,-23.0019
1967.00,-23.0407
1967.50,-23.0556
1968.00,-23.0485
1968.50,-23.0218
1969.00,-22.9782
1969.50,-22.9242
1970.00,-22.8716
1970.50,-22.8336
1971.00,-22.8176
1971.50,-22.8216
1972.00,-22.8388
1972.50,-22.8639
1973.00,-22.8963
1973.50,-22.9372
1974.00,-22.9853
1974.50,-23.0353
1975.00,-23.0784
1975.50,-23.1032
1976.00,-23.1013
1976.50,-23.0754
1977.00,-23.0427
1977.50,-23.0254
1978.00,-23.0369
1978.50,-23.0750
1979.00,-23.1288
1979.50,-23.1873
1980.00,-23.2404
1980.50,-23.2760
1981.00,-23.2822
1981.50,-23.2552
1982.00,-23.2054
1982.50,-23.1536
1983.00,-23.1178
1983.50,-23.1022
1984.00,-23.0979
1984.50,-23.0930
1985.00,-23.0817
1985.50,-23.0645
1986.00,-23.0425
1986.50,-23.0145
1987.00,-22.9799
1987.50,-22.9399
1988.00,-22.8985
1988.50,-22.8616
1989.00,-22.8387
1989.50,-22.8402
1990.00,-22.8711
1990.50,-22.9232
1991.00,-22.9769
1991.50,-23.0107
1992.00,-23.0134
1992.50,-22.9903
1993.00,-22.9598
1993.50,-22.9446
1994.00,-22.9615
1994.50,-23.0139
1995.00,-23.0913
1995.50,-23.1739
1996.00,-23.2445
1996.50,-23.2972
1997.00,-23.3374
1997.50,-23.3696
1998.00,-23.3890
1998.50,-23.3868
1999.00,-23.3641
1999.50,-23.3368
2000.00,-23.3248
2000.50,-23.3364
2001.00,-23.3657
2001.50,-23.3998
2002.00,-23.4281
2002.50,-23.4456
2003.00,-23.4541
2003.50,-23.4603
2004.00,-23.4706
2004.50,-23.4886
2005.00,-23.5161
2005.50,-23.5550
2006.00,-23.6044
2006.50,-23.6547
2007.00,-23.6893
2007.50,-23.6942
2008.00,-23.6686
2008.50,-23.6228
2009.00,-23.5701
2009.50,-23.5209
2010.00,-23.4833
2010.50,-23.4625
2011.00,-23.4571
2011.50,-23.4577
2012.00,-23.4553
2012.50,-23.4507
2013.00,-23.4548
2013.50,-23.4743
2014.00,-23.5002
2014.50,-23.5134
2015.00,-23.5018
2015.50,-23.4715
2016.00,-23.4399
2016.50,-23.4186
2017.00,-23.4047
2017.50,-23.3857
2018.00,-23.3510
2018.50,-23.2997
2019.00,-23.2382
2019.50,-23.1741
2020.00,-23.1139
2020.50,-23.0644
2021.00,-23.0331
2021.50,-23.0233
2022.00,-23.0276
2022.50,-23.0282
2023.00,-23.0072
2023.50,-22.9599
2024.00,-22.8966
2024.50,-22.8324
2025.00,-22.7756
2025.50,-22.7260
2026.00,-22.6822
2026.50,-22.6493
2027.00,-22.6377
2027.50,-22.6553
2028.00,-22.7000
2028.50,-22.7591
2029.00,-22.8166
2029.50,-22.8635
2030.00,-22.9003
2030.50,-22.9317
2031.00,-22.9576
2031.50,-22.9717
2032.00,-22.9667
2032.50,-22.9410
2033.00,-22.9016
2033.50,-22.8646
2034.00,-22.8495
2034.50,-22.8695
2035.00,-22.9227
2035.50,-22.9901
2036.00,-23.0453
2036.50,-23.0677
2037.00,-23.0545
2037.50,-23.0228
2038.00,-23.0009
2038.50,-23.0116
2039.00,-23.0565
2039.50,-23.1168
2040.00,-23.1698
2040.50,-23.2072
2041.00,-23.2366
2041.50,-23.2691
2042.00,-23.3068
2042.50,-23.3426
2043.00,-23.3691
2043.50,-23.3838
2044.00,-23.3866
2044.50,-23.3781
2045.00,-23.3611
2045.50,-23.3447
2046.00,-23.3408
2046.50,-23.3546
2047.00,-23.3789
2047.50,-23.3979
2048.00,-23.3974
2048.50,-23.3714
2049.00,-23.3211
2049.50,-23.2502
2050.00,-23.1645
2050.50,-23.0757
2051.00,-23.0014
2051.50,-22.9579
2052.00,-22.9483
2052.50,-22.9584
2053.00,-22.9656
2053.50,-22.9512
2054.00,-22.9075
2054.50,-22.8365
2055.00,-22.7471
2055.50,-22.6538
2056.00,-22.5725
2056.50,-22.5121
2057.00,-22.4685
2057.50,-22.4278
2058.00,-22.3766
2058.50,-22.3103
2059.00,-22.2336
2059.50,-22.1537
2060.00,-22.0753
2060.50,-21.9992
2061.00,-21.9256
2061.50,-21.8569
2062.00,-21.7951
2062.50,-21.7390
2063.00,-21.6840
2063.50,-21.6241
2064.00,-21.5549
2064.50,-21.4741
2065.00,-21.3837
2065.50,-21.2891
2066.00,-21.1950
2066.50,-21.0998
2067.00,-20.9965
2067.50,-20.8801
2068.00,-20.7533
2068.50,-20.6254
2069.00,-20.5085
2069.50,-20.4130
2070.00,-20.3418
2070.50,-20.2837
2071.00,-20.2159
2071.50,-20.1157
2072.00,-19.9742
2072.50,-19.8007
2073.00,-19.6142
2073.50,-19.4312
2074.00,-19.2583
2074.50,-19.0921
2075.00,-18.9255
2075.50,-18.7534
2076.00,-18.5759
2076.50,-18.3958
2077.00,-18.2139
2077.50,-18.0272
2078.00,-17.8328
2078.50,-17.6351
2079.00,-17.4461
2079.50,-17.2769
2080.00,-17.1272
2080.50,-16.9815
2081.00,-16.8181
2081.50,-16.6213
2082.00,-16.3908
2082.50,-16.1412
2083.00,-15.8947
2083.50,-15.6685
2084.00,-15.4639
2084.50,-15.2675
2085.00,-15.0626
2085.50,-14.8405
2086.00,-14.6024
2086.50,-14.3547
2087.00,-14.1040
2087.50,-13.8553
2088.00,-13.6117
2088.50,-13.3727
2089.00,-13.1324
2089.50,-12.8805
2090.00,-12.6071
2090.50,-12.3083
2091.00,-11.9905
2091.50,-11.6694
2092.00,-11.3606
2092.50,-11.0705
2093.00,-10.7929
2093.50,-10.5168
2094.00,-10.2350
2094.50,-9.9468
2095.00,-9.6529
2095.50,-9.3524
2096.00,-9.0475
2096.50,-8.7459
2097.00,-8.4555
2097.50,-8.1742
2098.00,-7.8893
2098.50,-7.5879
2099.00,-7.2689
2099.50,-6.9439
2100.00,-6.6258
2100.50,-6.3193
2101.00,-6.0250
2101.50,-5.7496
2102.00,-5.5073
2102.50,-5.3088
2103.00,-5.1502
2103.50,-5.0162
2104.00,-4.8947
2104.50,-4.7856
2105.00,-4.6966
2105.50,-4.6327
2106.00,-4.5925
2106.50,-4.5735
2107.00,-4.5820
2107.50,-4.6364
2108.00,-4.7609
2108.50,-4.9711
2109.00,-5.2675
2109.50,-5.6379
2110.00,-6.0683
2110.50,-6.5496
2111.00,-7.0766
2111.50,-7.6434
2112.00,-8.2408
2112.50,-8.8613
2113.00,-9.5052
2113.50,-10.1829
2114.00,-10.9093
2114.50,-11.6921
2115.00,-12.5228
2115.50,-13.3762
2116.00,-14.2196
2116.50,-15.0233
2117.00,-15.7696
2117.50,-16.4572
2118.00,-17.0975
2118.50,-17.7030
2119.00,-18.2747
2119.50,-18.8028
2120.00,-19.2774
2120.50,-19.6979
2121.00,-20.0712
2121.50,-20.4039
2122.00,-20.6960
2122.50,-20.9421
2123.00,-21.1376
2123.50,-21.2870
2124.00,-21.4048
2124.50,-21.5058
2125.00,-21.5941
2125.50,-21.6630
2126.00,-21.7050
2126.50,-21.7229
2127.00,-21.7298
2127.50,-21.7380
2128.00,-21.7486
2128.50,-21.7502
2129.00,-21.7288
2129.50,-21.6806
2130.00,-21.6180
2130.50,-21.5625
2131.00,-21.5299
2131.50,-21.5210
2132.00,-21.5252
2132.50,-21.5315
2133.00,-21.5357
2133.50,-21.5356
2134.00,-21.5274
2134.50,-21.5076
2135.00,-21.4795
2135.50,-21.4546
2136.00,-21.4466
2136.50,-21.4624
2137.00,-21.4958
2137.50,-21.5328
2138.00,-21.5619
2138.50,-21.5819
2139.00,-21.5988
2139.50,-21.6176
2140.00,-21.6399
2140.50,-21.6655
2141.00,-21.6943
2141.50,-21.7239
2142.00,-21.7490
2142.50,-21.7655
2143.00,-21.7723
2143.50,-21.7708
2144.00,-21.7602
2144.50,-21.7382
2145.00,-21.7042
2145.50,-21.6634
2146.00,-21.6244
2146.50,-21.5958
2147.00,-21.5838
2147.50,-21.5902
2148.00,-21.6121
2148.50,-21.6407
2149.00,-21.6654
2149.50,-21.6805
2150.00,-21.6884
2150.50,-21.6960
2151.00,-21.7076
2151.50,-21.7223
2152.00,-21.7350
2152.50,-21.7403
2153.00,-21.7344
2153.50,-21.7157
2154.00,-21.6849
2154.50,-21.6456
2155.00,-21.6038
2155.50,-21.5651
2156.00,-21.5316
2156.50,-21.5029
2157.00,-21.4814
2157.50,-21.4730
2158.00,-21.4822
2158.50,-21.5077
2159.00,-21.5448
2159.50,-21.5902
2160.00,-21.6432
2160.50,-21.7024
2161.00,-21.7607
2161.50,-21.8059
2162.00,-21.8254
2162.50,-21.8132
2163.00,-21.7751
2163.50,-21.7265
2164.00,-21.6850
2164.50,-21.6620
2165.00,-21.6603
2165.50,-21.6780
2166.00,-21.7121
2166.50,-21.7578
2167.00,-21.8047
2167.50,-21.8377
2168.00,-21.8445
2168.50,-21.8250
2169.00,-21.7910
2169.50,-21.7569
2170.00,-21.7299
2170.50,-21.7092
2171.00,-21.6904
2171.50,-21.6717
2172.00,-21.6558
2172.50,-21.6504
2173.00,-21.6623
2173.50,-21.6897
2174.00,-21.7212
2174.50,-21.7420
2175.00,-21.7431
2175.50,-21.7248
2176.00,-21.6938
2176.50,-21.6608
2177.00,-21.6398
2177.50,-21.6458
2178.00,-21.6882
2178.50,-21.7612
2179.00,-21.8431
2179.50,-21.9073
2180.00,-21.9370
2180.50,-21.9331
2181.00,-21.9099
2181.50,-21.8854
2182.00,-21.8728
2182.50,-21.8768
2183.00,-21.8927
2183.50,-21.9071
2184.00,-21.9064
2184.50,-21.8875
2185.00,-21.8626
2185.50,-21.8507
2186.00,-21.8614
2186.50,-21.8867
2187.00,-21.9066
2187.50,-21.9039
2188.00,-21.8767
2188.50,-21.8402
2189.00,-21.8170
2189.50,-21.8222
2190.00,-21.8561
2190.50,-21.9073
2191.00,-21.9618
2191.50,-22.0100
2192.00,-22.0485
2192.50,-22.0764
2193.00,-22.0937
2193.50,-22.1010
2194.00,-22.1028
2194.50,-22.1087
2195.00,-22.1294
2195.50,-22.1700
2196.00,-22.2248
2196.50,-22.2812
2197.00,-22.3288
2197.50,-22.3659
2198.00,-22.3973
2198.50,-22.4243
2199.00,-22.4391
2199.50,-22.4305
2200.00,-22.3949
2200.50,-22.3425
2201.00,-22.2918
2201.50,-22.2594
2202.00,-22.2538
2202.50,-22.2748
2203.00,-22.3166
2203.50,-22.3701
2204.00,-22.4223
2204.50,-22.4603
2205.00,-22.4773
2205.50,-22.4786
2206.00,-22.4780
2206.50,-22.4884
2207.00,-22.5136
2207.50,-22.5458
2208.00,-22.5729
2208.50,-22.5869
2209.00,-22.5893
2209.50,-22.5879
2210.00,-22.5887
2210.50,-22.5919
2211.00,-22.5925
2211.50,-22.5834
2212.00,-22.5587
2212.50,-22.5184
2213.00,-22.4733
2213.50,-22.4405
2214.00,-22.4326
2214.50,-22.4477
2215.00,-22.4718
2215.50,-22.4895
2216.00,-22.4927
2216.50,-22.4791
2217.00,-22.4484
2217.50,-22.4023
2218.00,-22.3484
2218.50,-22.3016
2219.00,-22.2781
2219.50,-22.2858
2220.00,-22.3205
2220.50,-22.3690
2221.00,-22.4179
2221.50,-22.4602
2222.00,-22.4942
2222.50,-22.5180
2223.00,-22.5262
2223.50,-22.5164
2224.00,-22.4966
2224.50,-22.4836
2225.00,-22.4902
2225.50,-22.5134
2226.00,-22.5385
2226.50,-22.5523
2227.00,-22.5535
2227.50,-22.5491
2228.00,-22.5471
2228.50,-22.5530
2229.00,-22.5691
2229.50,-22.5935
2230.00,-22.6190
2230.50,-22.6354
2231.00,-22.6379
2231.50,-22.6300
2232.00,-22.6202
2232.50,-22.6146
2233.00,-22.6149
2233.50,-22.6202
2234.00,-22.6286
2234.50,-22.6352
2235.00,-22.6319
2235.50,-22.6134
2236.00,-22.5823
2236.50,-22.5490
2237.00,-22.5225
2237.50,-22.5056
2238.00,-22.4978
2238.50,-22.5010
2239.00,-22.5182
2239.50,-22.5461
2240.00,-22.5725
2240.50,-22.5829
2241.00,-22.5731
2241.50,-22.5555
2242.00,-22.5513
2242.50,-22.5741
2243.00,-22.6196
2243.50,-22.6705
2244.00,-22.7102
2244.50,-22.7308
2245.00,-22.7323
2245.50,-22.7166
2246.00,-22.6859
2246.50,-22.6452
2247.00,-22.6029
2247.50,-22.5690
2248.00,-22.5518
2248.50,-22.5580
2249.00,-22.5907
2249.50,-22.6470
2250.00,-22.7165
2250.50,-22.7829
2251.00,-22.8302
2251.50,-22.8502
2252.00,-22.8471
2252.50,-22.8357
2253.00,-22.8333
2253.50,-22.8496
2254.00,-22.8804
2254.50,-22.9136
2255.00,-22.9397
2255.50,-22.9616
2256.00,-22.9888
2256.50,-23.0249
2257.00,-23.0617
2257.50,-23.0889
2258.00,-23.1048
2258.50,-23.1128
2259.00,-23.1110
2259.50,-23.0915
2260.00,-23.0515
2260.50,-23.0010
2261.00,-22.9567
2261.50,-22.9302
2262.00,-22.9209
2262.50,-22.9192
2263.00,-22.9139
2263.50,-22.8984
2264.00,-22.8747
2264.50,-22.8525
2265.00,-22.8455
2265.50,-22.8632
2266.00,-22.9043
2266.50,-22.9554
2267.00,-22.9980
2267.50,-23.0224
2268.00,-23.0351
2268.50,-23.0520
2269.00,-23.0811
2269.50,-23.1139
2270.00,-23.1346
2270.50,-23.1376
2271.00,-23.1340
2271.50,-23.1399
2272.00,-23.1622
2272.50,-23.1945
2273.00,-23.2258
2273.50,-23.2506
2274.00,-23.2695
2274.50,-23.2858
2275.00,-23.3008
2275.50,-23.3124
2276.00,-23.3145
2276.50,-23.2999
2277.00,-23.2648
2277.50,-23.2128
2278.00,-23.1549
2278.50,-23.1031
2279.00,-23.0640
2279.50,-23.0359
2280.00,-23.0118
2280.50,-22.9849
2281.00,-22.9533
2281.50,-22.9189
2282.00,-22.8859
2282.50,-22.8583
2283.00,-22.8389
2283.50,-22.8277
2284.00,-22.8235
2284.50,-22.8259
2285.00,-22.8382
2285.50,-22.8637
2286.00,-22.8998
2286.50,-22.9362
2287.00,-22.9598
2287.50,-22.9617
2288.00,-22.9416
2288.50,-22.9080
2289.00,-22.8736
2289.50,-22.8510
2290.00,-22.8472
2290.50,-22.8628
2291.00,-22.8938
2291.50,-22.9328
2292.00,-22.9691
2292.50,-22.9902
2293.00,-22.9863
2293.50,-22.9595
2294.00,-22.9251
2294.50,-22.9051
2295.00,-22.9133
2295.50,-22.9472
2296.00,-22.9897
2296.50,-23.0195
2297.00,-23.0239
2297.50,-23.0053
2298.00,-22.9776
2298.50,-22.9554
2299.00,-22.9446
2299.50,-22.9416
2300.00,-22.9413
2300.50,-22.9437
2301.00,-22.9522
2301.50,-22.9686
2302.00,-22.9899
2302.50,-23.0107
2303.00,-23.0250
2303.50,-23.0282
2304.00,-23.0198
2304.50,-23.0049
2305.00,-22.9916
2305.50,-22.9832
2306.00,-22.9759
2306.50,-22.9640
2307.00,-22.9465
2307.50,-22.9267
2308.00,-22.9078
2308.50,-22.8922
2309.00,-22.8852
2309.50,-22.8954
2310.00,-22.9291
2310.50,-22.9829
2311.00,-23.0451
2311.50,-23.1011
2312.00,-23.1403
2312.50,-23.1589
2313.00,-23.1618
2313.50,-23.1614
2314.00,-23.1699
2314.50,-23.1890
2315.00,-23.2073
2315.50,-23.2108
2316.00,-23.1962
2316.50,-23.1748
2317.00,-23.1634
2317.50,-23.1712
2318.00,-23.1916
2318.50,-23.2058
2319.00,-23.1980
2319.50,-23.1701
2320.00,-23.1407
2320.50,-23.1316
2321.00,-23.1525
2321.50,-23.1979
2322.00,-23.2528
2322.50,-23.3028
2323.00,-23.3397
2323.50,-23.3615
2324.00,-23.3682
2324.50,-23.3576
2325.00,-23.3276
2325.50,-23.2811
2326.00,-23.2263
2326.50,-23.1710
2327.00,-23.1181
2327.50,-23.0687
2328.00,-23.0265
2328.50,-22.9973
2329.00,-22.9832
2329.50,-22.9795
2330.00,-22.9772
2330.50,-22.9676
2331.00,-22.9460
2331.50,-22.9139
2332.00,-22.8783
2332.50,-22.8500
2333.00,-22.8406
2333.50,-22.8587
2334.00,-22.9048
2334.50,-22.9690
2335.00,-23.0372
2335.50,-23.0990
2336.00,-23.1519
2336.50,-23.1983
2337.00,-23.2416
2337.50,-23.2839
2338.00,-23.3252
2338.50,-23.3653
2339.00,-23.4063
2339.50,-23.4528
2340.00,-23.5076
2340.50,-23.5667
2341.00,-23.6197
2341.50,-23.6573
2342.00,-23.6771
2342.50,-23.6836
2343.00,-23.6844
2343.50,-23.6853
2344.00,-23.6893
2344.50,-23.6966
2345.00,-23.7050
2345.50,-23.7117
2346.00,-23.7143
2346.50,-23.7124
2347.00,-23.7067
2347.50,-23.6984
2348.00,-23.6891
2348.50,-23.6803
2349.00,-23.6733
2349.50,-23.6672
2350.00,-23.6580
2350.50,-23.6395
2351.00,-23.6078
2351.50,-23.5683
2352.00,-23.5352
2352.50,-23.5230
2353.00,-23.5357
2353.50,-23.5636
2354.00,-23.5911
2354.50,-23.6064
2355.00,-23.6060
2355.50,-23.5899
2356.00,-23.5591
2356.50,-23.5174
2357.00,-23.4737
2357.50,-23.4407
2358.00,-23.4293
2358.50,-23.4424
2359.00,-23.4734
2359.50,-23.5086
2360.00,-23.5331
2360.50,-23.5378
2361.00,-23.5238
2361.50,-23.5008
2362.00,-23.4790
2362.50,-23.4620
2363.00,-23.4462
2363.50,-23.4265
2364.00,-23.4013
2364.50,-23.3737
2365.00,-23.3476
2365.50,-23.3247
2366.00,-23.3062
2366.50,-23.2965
2367.00,-23.3037
2367.50,-23.3355
2368.00,-23.3949
2368.50,-23.4771
2369.00,-23.5666
2369.50,-23.6394
2370.00,-23.6731
2370.50,-23.6609
2371.00,-23.6161
2371.50,-23.5631
2372.00,-23.5231
2372.50,-23.5057
2373.00,-23.5096
2373.50,-23.5263
2374.00,-23.5448
2374.50,-23.5564
2375.00,-23.5598
2375.50,-23.5616
2376.00,-23.5702
2376.50,-23.5878
2377.00,-23.6075
2377.50,-23.6184
2378.00,-23.6149
2378.50,-23.6019
2379.00,-23.5891
2379.50,-23.5809
2380.00,-23.5720
2380.50,-23.5537
2381.00,-23.5249
2381.50,-23.4941
2382.00,-23.4712
2382.50,-23.4586
2383.00,-23.4510
2383.50,-23.4429
2384.00,-23.4360
2384.50,-23.4376
2385.00,-23.4535
2385.50,-23.4833
2386.00,-23.5198
2386.50,-23.5531
2387.00,-23.5747
2387.50,-23.5817
2388.00,-23.5757
2388.50,-23.5598
2389.00,-23.5367
2389.50,-23.5102
2390.00,-23.4877
2390.50,-23.4803
2391.00,-23.4984
2391.50,-23.5427
2392.00,-23.6001
2392.50,-23.6488
2393.00,-23.6733
2393.50,-23.6752
2394.00,-23.6690
2394.50,-23.6678
2395.00,-23.6753
2395.50,-23.6899
2396.00,-23.7109
2396.50,-23.7366
2397.00,-23.7573
2397.50,-23.7576
2398.00,-23.7285
2398.50,-23.6790
2399.00,-23.6318
2399.50,-23.6085
2400.00,-23.6162
2400.50,-23.6450
2401.00,-23.6771
2401.50,-23.6948
2402.00,-23.6867
2402.50,-23.6486
2403.00,-23.5837
2403.50,-23.5006
2404.00,-23.4128
2404.50,-23.3360
2405.00,-23.2815
2405.50,-23.2482
2406.00,-23.2204
2406.50,-23.1781
2407.00,-23.1086
2407.50,-23.0113
2408.00,-22.8925
2408.50,-22.7594
2409.00,-22.6185
2409.50,-22.4757
2410.00,-22.3338
2410.50,-22.1909
2411.00,-22.0427
2411.50,-21.8872
2412.00,-21.7277
2412.50,-21.5696
2413.00,-21.4137
2413.50,-21.2529
2414.00,-21.0769
2414.50,-20.8838
2415.00,-20.6863
2415.50,-20.5032
2416.00,-20.3438
2416.50,-20.2009
2417.00,-20.0587
2417.50,-19.9043
2418.00,-19.7317
2418.50,-19.5394
2419.00,-19.3286
2419.50,-19.1047
2420.00,-18.8754
2420.50,-18.6477
2421.00,-18.4269
2421.50,-18.2172
2422.00,-18.0217
2422.50,-17.8378
2423.00,-17.6566
2423.50,-17.4685
2424.00,-17.2710
2424.50,-17.0695
2425.00,-16.8707
2425.50,-16.6746
2426.00,-16.4736
2426.50,-16.2589
2427.00,-16.0308
2427.50,-15.8005
2428.00,-15.5829
2428.50,-15.3831
2429.00,-15.1908
2429.50,-14.9888
2430.00,-14.7672
2430.50,-14.5290
2431.00,-14.2852
2431.50,-14.0455
2432.00,-13.8141
2432.50,-13.5904
2433.00,-13.3717
2433.50,-13.1557
2434.00,-12.9391
2434.50,-12.7146
2435.00,-12.4705
2435.50,-12.1981
2436.00,-11.8992
2436.50,-11.5894
2437.00,-11.2905
2437.50,-11.0184
2438.00,-10.7749
2438.50,-10.5473
2439.00,-10.3157
2439.50,-10.0628
2440.00,-9.7832
2440.50,-9.4853
2441.00,-9.1849
2441.50,-8.8968
2442.00,-8.6285
2442.50,-8.3811
2443.00,-8.1512
2443.50,-7.9331
2444.00,-7.7205
2444.50,-7.5082
2445.00,-7.2918
2445.50,-7.0678
2446.00,-6.8341
2446.50,-6.5911
2447.00,-6.3414
2447.50,-6.0863
2448.00,-5.8245
2448.50,-5.5540
2449.00,-5.2779
2449.50,-5.0039
2450.00,-4.7380
2450.50,-4.4772
2451.00,-4.2113
2451.50,-3.9326
2452.00,-3.6427
2452.50,-3.3514
2453.00,-3.0697
2453.50,-2.8037
2454.00,-2.5508
2454.50,-2.3007
2455.00,-2.0409
2455.50,-1.7649
2456.00,-1.4790
2456.50,-1.1992
2457.00,-0.9416
2457.50,-0.7127
2458.00,-0.5067
2458.50,-0.3101
2459.00,-0.1088
2459.50,0.1070
2460.00,0.3421
2460.50,0.5961
2461.00,0.8643
2461.50,1.1412
2462.00,1.4263
2462.50,1.7237
2463.00,2.0367
2463.50,2.3615
2464.00,2.6863
2464.50,2.9981
2465.00,3.2882
2465.50,3.5552
2466.00,3.8033
2466.50,4.0385
2467.00,4.2673
2467.50,4.4988
2468.00,4.7458
2468.50,5.0188
2469.00,5.3174
2469.50,5.6262
2470.00,5.9234
2470.50,6.1946
2471.00,6.4427
2471.50,6.6852
2472.00,6.9409
2472.50,7.2170
2473.00,7.5081
2473.50,7.8052
2474.00,8.1036
2474.50,8.4041
2475.00,8.7046
2475.50,8.9945
2476.00,9.2588
2476.50,9.4907
2477.00,9.7001
2477.50,9.9095
2478.00,10.1381
2478.50,10.3880
2479.00,10.6420
2479.50,10.8760
2480.00,11.0747
2480.50,11.2413
2481.00,11.3953
2481.50,11.5604
2482.00,11.7526
2482.50,11.9730
2483.00,12.2101
2483.50,12.4488
2484.00,12.6797
2484.50,12.9020
2485.00,13.1174
2485.50,13.3242
2486.00,13.5156
2486.50,13.6797
2487.00,13.7956
2487.50,13.8296
2488.00,13.7387
2488.50,13.4854
2489.00,13.0531
2489.50,12.4451
2490.00,11.6676
2490.50,10.7115
2491.00,9.5526
2491.50,8.1693
2492.00,6.5594
2492.50,4.7441
2493.00,2.7588
2493.50,0.6421
2494.00,-1.5699
2494.50,-3.8409
2495.00,-6.1289
2495.50,-8.3833
2496.00,-10.5484
2496.50,-12.5724
2497.00,-14.4174
2497.50,-16.0659
2498.00,-17.5181
2498.50,-18.7843
2499.00,-19.8760
2499.50,-20.8029
2500.00,-21.5739
2500.50,-22.1991
2501.00,-22.6917
2501.50,-23.0720
2502.00,-23.3689
2502.50,-23.6152
2503.00,-23.8358
2503.50,-24.0372
2504.00,-24.2067
2504.50,-24.3252
2505.00,-24.3867
2505.50,-24.4070
2506.00,-24.4159
2506.50,-24.4341
2507.00,-24.4593
2507.50,-24.4702
2508.00,-24.4470
2508.50,-24.3879
2509.00,-24.3082
2509.50,-24.2274
2510.00,-24.1577
2510.50,-24.1045
2511.00,-24.0705
2511.50,-24.0586
2512.00,-24.0703
2512.50,-24.1039
2513.00,-24.1556
2513.50,-24.2196
2514.00,-24.2876
2514.50,-24.3495
2515.00,-24.3984
2515.50,-24.4368
2516.00,-24.4751
2516.50,-24.5221
2517.00,-24.5768
2517.50,-24.6282
2518.00,-24.6642
2518.50,-24.6809
2519.00,-24.6862
2519.50,-24.6925
2520.00,-24.7060
2520.50,-24.7208
2521.00,-24.7243
2521.50,-24.7082
2522.00,-24.6741
2522.50,-24.6336
2523.00,-24.6034
2523.50,-24.5985
2524.00,-24.6253
2524.50,-24.6789
2525.00,-24.7447
2525.50,-24.8052
2526.00,-24.8472
2526.50,-24.8645
2527.00,-24.8579
2527.50,-24.8338
2528.00,-24.8025
2528.50,-24.7761
2529.00,-24.7643
2529.50,-24.7713
2530.00,-24.7942
2530.50,-24.8258
2531.00,-24.8585
2531.50,-24.8882
2532.00,-24.9150
2532.50,-24.9418
2533.00,-24.9708
2533.50,-25.0017
2534.00,-25.0312
2534.50,-25.0525
2535.00,-25.0572
2535.50,-25.0372
2536.00,-24.9900
2536.50,-24.9216
2537.00,-24.8460
2537.50,-24.7814
2538.00,-24.7447
2538.50,-24.7439
2539.00,-24.7730
2539.50,-24.8146
2540.00,-24.8475
2540.50,-24.8575
2541.00,-24.8428
2541.50,-24.8139
2542.00,-24.7864
2542.50,-24.7672
2543.00,-24.7480
2543.50,-24.7197
2544.00,-24.6912
2544.50,-24.6885
2545.00,-24.7310
2545.50,-24.8117
2546.00,-24.9011
2546.50,-24.9681
2547.00,-24.9974
2547.50,-24.9945
2548.00,-24.9764
2548.50,-24.9581
2549.00,-24.9420
2549.50,-24.9205
2550.00,-24.8861
2550.50,-24.8402
2551.00,-24.7930
2551.50,-24.7579
2552.00,-24.7444
2552.50,-24.7540
2553.00,-24.7807
2553.50,-24.8140
2554.00,-24.8437
2554.50,-24.8624
2555.00,-24.8678
2555.50,-24.8617
2556.00,-24.8488
2556.50,-24.8345
2557.00,-24.8241
2557.50,-24.8214
2558.00,-24.8271
2558.50,-24.8354
2559.00,-24.8368
2559.50,-24.8259
2560.00,-24.8072
2560.50,-24.7907
2561.00,-24.7827
2561.50,-24.7813
2562.00,-24.7826
2562.50,-24.7872
2563.00,-24.7999
2563.50,-24.8228
2564.00,-24.8505
2564.50,-24.8745
2565.00,-24.8925
2565.50,-24.9102
2566.00,-24.9338
2566.50,-24.9608
2567.00,-24.9795
2567.50,-24.9791
2568.00,-24.9590
2568.50,-24.9293
2569.00,-24.9029
2569.50,-24.8869
2570.00,-24.8805
2570.50,-24.8790
2571.00,-24.8790
2571.50,-24.8814
2572.00,-24.8902
2572.50,-24.9077
2573.00,-24.9306
2573.50,-24.9502
2574.00,-24.9608
2574.50,-24.9659
2575.00,-24.9777
2575.50,-25.0058
2576.00,-25.0480
2576.50,-25.0921
2577.00,-25.1270
2577.50,-25.1492
2578.00,-25.1592
2578.50,-25.1570
2579.00,-25.1434
2579.50,-25.1224
2580.00,-25.1007
2580.50,-25.0820
2581.00,-25.0631
2581.50,-25.0363
2582.00,-24.9983
2582.50,-24.9553
2583.00,-24.9178
2583.50,-24.8907
2584.00,-24.8702
2584.50,-24.8537
2585.00,-24.8490
2585.50,-24.8684
2586.00,-24.9113
2586.50,-24.9572
2587.00,-24.9807
2587.50,-24.9720
2588.00,-24.9411
2588.50,-24.9050
2589.00,-24.8744
2589.50,-24.8509
2590.00,-24.8303
2590.50,-24.8078
2591.00,-24.7830
2591.50,-24.7614
2592.00,-24.7518
2592.50,-24.7605
2593.00,-24.7865
2593.50,-24.8243
2594.00,-24.8683
2594.50,-24.9147
2595.00,-24.9604
2595.50,-25.0012
2596.00,-25.0335
2596.50,-25.0578
2597.00,-25.0804
2597.50,-25.1095
2598.00,-25.1481
2598.50,-25.1899
2599.00,-25.2238
2599.50,-25.2435
2600.00,-25.2541
2600.50,-25.2679
2601.00,-25.2933
2601.50,-25.3282
2602.00,-25.3624
2602.50,-25.3857
2603.00,-25.3912
2603.50,-25.3755
2604.00,-25.3410
2604.50,-25.2974
2605.00,-25.2574
2605.50,-25.2278
2606.00,-25.2059
2606.50,-25.1865
2607.00,-25.1689
2607.50,-25.1558
2608.00,-25.1468
2608.50,-25.1386
2609.00,-25.1307
2609.50,-25.1277
2610.00,-25.1338
2610.50,-25.1457
2611.00,-25.1531
2611.50,-25.1463
2612.00,-25.1228
2612.50,-25.0878
2613.00,-25.0491
2613.50,-25.0119
2614.00,-24.9797
2614.50,-24.9567
2615.00,-24.9474
2615.50,-24.9516
2616.00,-24.9628
2616.50,-24.9729
2617.00,-24.9799
2617.50,-24.9897
2618.00,-25.0099
2618.50,-25.0440
2619.00,-25.0882
2619.50,-25.1319
2620.00,-25.1610
2620.50,-25.1636
2621.00,-25.1376
2621.50,-25.0920
2622.00,-25.0418
2622.50,-25.0014
2623.00,-24.9828
2623.50,-24.9938
2624.00,-25.0329
2624.50,-25.0878
2625.00,-25.1394
2625.50,-25.1729
2626.00,-25.1834
2626.50,-25.1760
2627.00,-25.1613
2627.50,-25.1501
2628.00,-25.1492
2628.50,-25.1619
2629.00,-25.1883
2629.50,-25.2256
2630.00,-25.2681
2630.50,-25.3083
2631.00,-25.3406
2631.50,-25.3636
2632.00,-25.3804
2632.50,-25.3952
2633.00,-25.4117
2633.50,-25.4304
2634.00,-25.4497
2634.50,-25.4685
2635.00,-25.4898
2635.50,-25.5190
2636.00,-25.5590
2636.50,-25.6047
2637.00,-25.6446
2637.50,-25.6675
2638.00,-25.6697
2638.50,-25.6551
2639.00,-25.6313
2639.50,-25.6042
2640.00,-25.5751
2640.50,-25.5444
2641.00,-25.5149
2641.50,-25.4929
2642.00,-25.4839
2642.50,-25.4872
2643.00,-25.4953
2643.50,-25.4992
2644.00,-25.4939
2644.50,-25.4823
2645.00,-25.4713
2645.50,-25.4668
2646.00,-25.4677
2646.50,-25.4663
2647.00,-25.4539
2647.50,-25.4273
2648.00,-25.3896
2648.50,-25.3451
2649.00,-25.2956
2649.50,-25.2425
2650.00,-25.1908
2650.50,-25.1502
2651.00,-25.1307
2651.50,-25.1355
2652.00,-25.1592
2652.50,-25.1904
2653.00,-25.2162
2653.50,-25.2261
2654.00,-25.2145
2654.50,-25.1812
2655.00,-25.1332
2655.50,-25.0856
2656.00,-25.0579
2656.50,-25.0644
2657.00,-25.1057
2657.50,-25.1663
2658.00,-25.2241
2658.50,-25.2626
2659.00,-25.2787
2659.50,-25.2802
2660.00,-25.2779
2660.50,-25.2781
2661.00,-25.2800
2661.50,-25.2789
2662.00,-25.2720
2662.50,-25.2630
2663.00,-25.2610
2663.50,-25.2767
2664.00,-25.3168
2664.50,-25.3814
2665.00,-25.4624
2665.50,-25.5466
2666.00,-25.6193
2666.50,-25.6701
2667.00,-25.6945
2667.50,-25.6951
2668.00,-25.6797
2668.50,-25.6572
2669.00,-25.6349
2669.50,-25.6179
2670.00,-25.6111
2670.50,-25.6193
2671.00,-25.6441
2671.50,-25.6803
2672.00,-25.7177
2672.50,-25.7453
2673.00,-25.7570
2673.50,-25.7555
2674.00,-25.7531
2674.50,-25.7657
2675.00,-25.8015
2675.50,-25.8558
2676.00,-25.9154
2676.50,-25.9683
2677.00,-26.0082
2677.50,-26.0340
2678.00,-26.0486
2678.50,-26.0578
2679.00,-26.0669
2679.50,-26.0762
2680.00,-26.0814
2680.50,-26.0813
2681.00,-26.0828
2681.50,-26.0952
2682.00,-26.1179
2682.50,-26.1360
2683.00,-26.1326
2683.50,-26.1042
2684.00,-26.0625
2684.50,-26.0198
2685.00,-25.9763
2685.50,-25.9234
2686.00,-25.8563
2686.50,-25.7806
2687.00,-25.7067
2687.50,-25.6424
2688.00,-25.5910
2688.50,-25.5542
2689.00,-25.5323
2689.50,-25.5237
2690.00,-25.5262
2690.50,-25.5376
2691.00,-25.5546
2691.50,-25.5737
2692.00,-25.5927
2692.50,-25.6094
2693.00,-25.6179
2693.50,-25.6094
2694.00,-25.5802
2694.50,-25.5384
2695.00,-25.5010
2695.50,-25.4835
2696.00,-25.4895
2696.50,-25.5079
2697.00,-25.5206
2697.50,-25.5159
2698.00,-25.4965
2698.50,-25.4763
2699.00,-25.4673
2699.50,-25.4704
2700.00,-25.4764
2700.50,-25.4751
2701.00,-25.4661
2701.50,-25.4623
2702.00,-25.4850
2702.50,-25.5493
2703.00,-25.6518
2703.50,-25.7698
2704.00,-25.8722
2704.50,-25.9362
2705.00,-25.9552
2705.50,-25.9390
2706.00,-25.9057
2706.50,-25.8759
2707.00,-25.8657
2707.50,-25.8802
2708.00,-25.9106
2708.50,-25.9389
2709.00,-25.9509
2709.50,-25.9458
2710.00,-25.9303
2710.50,-25.9070
2711.00,-25.8713
2711.50,-25.8222
2712.00,-25.7730
2712.50,-25.7462
2713.00,-25.7565
2713.50,-25.7998
2714.00,-25.8590
2714.50,-25.9170
2715.00,-25.9652
2715.50,-26.0031
2716.00,-26.0337
2716.50,-26.0573
2717.00,-26.0696
2717.50,-26.0638
2718.00,-26.0374
2718.50,-25.9969
2719.00,-25.9558
2719.50,-25.9249
2720.00,-25.9060
2720.50,-25.8930
2721.00,-25.8797
2721.50,-25.8643
2722.00,-25.8469
2722.50,-25.8246
2723.00,-25.7942
2723.50,-25.7585
2724.00,-25.7280
2724.50,-25.7124
2725.00,-25.7117
2725.50,-25.7181
2726.00,-25.7260
2726.50,-25.7379
2727.00,-25.7600
2727.50,-25.7943
2728.00,-25.8343
2728.50,-25.8664
2729.00,-25.8762
2729.50,-25.8572
2730.00,-25.8162
2730.50,-25.7707
2731.00,-25.7358
2731.50,-25.7144
2732.00,-25.7004
2732.50,-25.6898
2733.00,-25.6874
2733.50,-25.7004
2734.00,-25.7276
2734.50,-25.7561
2735.00,-25.7688
2735.50,-25.7564
2736.00,-25.7233
2736.50,-25.6839
2737.00,-25.6520
2737.50,-25.6328
2738.00,-25.6221
2738.50,-25.6151
2739.00,-25.6127
2739.50,-25.6199
2740.00,-25.6381
2740.50,-25.6614
2741.00,-25.6809
2741.50,-25.6948
2742.00,-25.7100
2742.50,-25.7329
2743.00,-25.7597
2743.50,-25.7774
2744.00,-25.7754
2744.50,-25.7555
2745.00,-25.7307
2745.50,-25.7162
2746.00,-25.7191
2746.50,-25.7347
2747.00,-25.7526
2747.50,-25.7657
2748.00,-25.7752
2748.50,-25.7862
2749.00,-25.8002
2749.50,-25.8128
2750.00,-25.8188
2750.50,-25.8184
2751.00,-25.8175
2751.50,-25.8214
2752.00,-25.8296
2752.50,-25.8376
2753.00,-25.8407
2753.50,-25.8376
2754.00,-25.8311
2754.50,-25.8242
2755.00,-25.8176
2755.50,-25.8076
2756.00,-25.7913
2756.50,-25.7716
2757.00,-25.7586
2757.50,-25.7634
2758.00,-25.7892
2758.50,-25.8286
2759.00,-25.8689
2759.50,-25.8994
2760.00,-25.9167
2760.50,-25.9257
2761.00,-25.9365
2761.50,-25.9566
2762.00,-25.9852
2762.50,-26.0146
2763.00,-26.0354
2763.50,-26.0413
2764.00,-26.0307
2764.50,-26.0094
2765.00,-25.9900
2765.50,-25.9888
2766.00,-26.0180
2766.50,-26.0787
2767.00,-26.1592
2767.50,-26.2387
2768.00,-26.2977
2768.50,-26.3271
2769.00,-26.3312
2769.50,-26.3212
2770.00,-26.3068
2770.50,-26.2911
2771.00,-26.2727
2771.50,-26.2516
2772.00,-26.2348
2772.50,-26.2359
2773.00,-26.2665
2773.50,-26.3288
2774.00,-26.4121
2774.50,-26.4976
2775.00,-26.5669
2775.50,-26.6103
2776.00,-26.6297
2776.50,-26.6351
2777.00,-26.6329
2777.50,-26.6173
2778.00,-26.5738
2778.50,-26.4951
2779.00,-26.3907
2779.50,-26.2820
2780.00,-26.1880
2780.50,-26.1185
2781.00,-26.0784
2781.50,-26.0702
2782.00,-26.0898
2782.50,-26.1240
2783.00,-26.1577
2783.50,-26.1826
2784.00,-26.1981
2784.50,-26.2063
2785.00,-26.2072
2785.50,-26.1975
2786.00,-26.1730
2786.50,-26.1342
2787.00,-26.0910
2787.50,-26.0614
2788.00,-26.0600
2788.50,-26.0868
2789.00,-26.1263
2789.50,-26.1559
2790.00,-26.1584
2790.50,-26.1299
2791.00,-26.0831
2791.50,-26.0418
2792.00,-26.0292
2792.50,-26.0542
2793.00,-26.1061
2793.50,-26.1601
2794.00,-26.1909
2794.50,-26.1848
2795.00,-26.1465
2795.50,-26.0977
2796.00,-26.0659
2796.50,-26.0702
2797.00,-26.1106
2797.50,-26.1698
2798.00,-26.2247
2798.50,-26.2604
2799.00,-26.2747
2799.50,-26.2758
2800.00,-26.2795
2800.50,-26.3028
2801.00,-26.3544
2801.50,-26.4268
2802.00,-26.4983
2802.50,-26.5459
2803.00,-26.5594
2803.50,-26.5450
2804.00,-26.5176
2804.50,-26.4900
2805.00,-26.4696
2805.50,-26.4601
2806.00,-26.4655
2806.50,-26.4877
2807.00,-26.5228
2807.50,-26.5596
2808.00,-26.5835
2808.50,-26.5842
2809.00,-26.5625
2809.50,-26.5274
2810.00,-26.4878
2810.50,-26.4446
2811.00,-26.3962
2811.50,-26.3501
2812.00,-26.3260
2812.50,-26.3418
2813.00,-26.3962
2813.50,-26.4657
2814.00,-26.5205
2814.50,-26.5442
2815.00,-26.5383
2815.50,-26.5141
2816.00,-26.4818
2816.50,-26.4468
2817.00,-26.4115
2817.50,-26.3780
2818.00,-26.3493
2818.50,-26.3283
2819.00,-26.3171
2819.50,-26.3189
2820.00,-26.3378
2820.50,-26.3746
2821.00,-26.4217
2821.50,-26.4622
2822.00,-26.4789
2822.50,-26.4645
2823.00,-26.4255
2823.50,-26.3784
2824.00,-26.3395
2824.50,-26.3170
2825.00,-26.3093
2825.50,-26.3079
2826.00,-26.3016
2826.50,-26.2829
2827.00,-26.2553
2827.50,-26.2312
2828.00,-26.2224
2828.50,-26.2288
2829.00,-26.2412
2829.50,-26.2512
2830.00,-26.2586
2830.50,-26.2693
2831.00,-26.2906
2831.50,-26.3267
2832.00,-26.3745
2832.50,-26.4219
2833.00,-26.4537
2833.50,-26.4632
2834.00,-26.4566
2834.50,-26.4457
2835.00,-26.4392
2835.50,-26.4429
2836.00,-26.4629
2836.50,-26.5026
2837.00,-26.5554
2837.50,-26.6037
2838.00,-26.6299
2838.50,-26.6273
2839.00,-26.6012
2839.50,-26.5631
2840.00,-26.5252
2840.50,-26.4974
2841.00,-26.4835
2841.50,-26.4795
2842.00,-26.4786
2842.50,-26.4797
2843.00,-26.4886
2843.50,-26.5090
2844.00,-26.5356
2844.50,-26.5572
2845.00,-26.5672
2845.50,-26.5677
2846.00,-26.5636
2846.50,-26.5569
2847.00,-26.5479
2847.50,-26.5419
2848.00,-26.5480
2848.50,-26.5731
2849.00,-26.6167
2849.50,-26.6710
2850.00,-26.7242
2850.50,-26.7637
2851.00,-26.7786
2851.50,-26.7643
2852.00,-26.7224
2852.50,-26.6593
2853.00,-26.5824
2853.50,-26.5009
2854.00,-26.4266
2854.50,-26.3733
2855.00,-26.3529
2855.50,-26.3705
2856.00,-26.4218
2856.50,-26.4932
2857.00,-26.5646
2857.50,-26.6158
2858.00,-26.6343
2858.50,-26.6213
