0.00,0.0000
0.50,-0.8399
1.00,-1.8329
1.50,-2.8799
2.00,-3.8777
2.50,-4.7485
3.00,-5.4580
3.50,-6.0174
4.00,-6.4670
4.50,-6.8494
5.00,-7.1906
5.50,-7.4962
6.00,-7.7607
6.50,-7.9777
7.00,-8.1420
7.50,-8.2497
8.00,-8.2986
8.50,-8.2937
9.00,-8.2552
9.50,-8.2221
10.00,-8.2398
10.50,-8.3335
11.00,-8.4893
11.50,-8.6621
12.00,-8.8050
12.50,-8.8976
13.00,-8.9520
13.50,-8.9940
14.00,-9.0369
14.50,-9.0682
15.00,-9.0617
15.50,-9.0012
16.00,-8.8948
16.50,-8.7671
17.00,-8.6420
17.50,-8.5387
18.00,-8.4775
18.50,-8.4781
19.00,-8.5437
19.50,-8.6486
20.00,-8.7499
20.50,-8.8160
21.00,-8.8446
21.50,-8.8516
22.00,-8.8489
22.50,-8.8325
23.00,-8.7914
23.50,-8.7215
24.00,-8.6345
24.50,-8.5544
25.00,-8.5037
25.50,-8.4872
26.00,-8.4870
26.50,-8.4735
27.00,-8.4289
27.50,-8.3646
28.00,-8.3189
28.50,-8.3318
29.00,-8.4152
29.50,-8.5405
30.00,-8.6587
30.50,-8.7361
31.00,-8.7757
31.50,-8.8073
32.00,-8.8561
32.50,-8.9216
33.00,-8.9787
33.50,-9.0014
34.00,-8.9859
34.50,-8.9586
35.00,-8.9612
35.50,-9.0269
36.00,-9.1589
36.50,-9.3253
37.00,-9.4769
37.50,-9.5773
38.00,-9.6244
38.50,-9.6415
39.00,-9.6480
39.50,-9.6404
40.00,-9.6035
40.50,-9.5398
41.00,-9.4837
41.50,-9.4833
42.00,-9.5628
42.50,-9.6971
43.00,-9.8260
43.50,-9.8974
44.00,-9.9044
44.50,-9.8829
45.00,-9.8751
45.50,-9.8944
46.00,-9.9231
46.50,-9.9373
47.00,-9.9317
47.50,-9.9183
48.00,-9.9092
48.50,-9.9010
49.00,-9.8810
49.50,-9.8452
50.00,-9.8016
50.50,-9.7553
51.00,-9.6934
51.50,-9.5975
52.00,-9.4727
52.50,-9.3591
53.00,-9.3068
53.50,-9.3389
54.00,-9.4399
54.50,-9.5773
55.00,-9.7216
55.50,-9.8486
56.00,-9.9339
56.50,-9.9627
57.00,-9.9437
57.50,-9.9063
58.00,-9.8757
58.50,-9.8547
59.00,-9.8270
59.50,-9.7731
60.00,-9.6791
60.50,-9.5397
61.00,-9.3676
61.50,-9.2028
62.00,-9.1015
62.50,-9.1022
63.00,-9.1959
63.50,-9.3300
64.00,-9.4435
64.50,-9.5015
65.00,-9.5069
65.50,-9.4881
66.00,-9.4750
66.50,-9.4801
67.00,-9.4932
67.50,-9.4918
68.00,-9.4560
68.50,-9.3798
69.00,-9.2730
69.50,-9.1566
70.00,-9.0588
70.50,-9.0084
71.00,-9.0238
71.50,-9.0984
72.00,-9.1957
72.50,-9.2646
73.00,-9.2706
73.50,-9.2184
74.00,-9.1451
74.50,-9.0898
75.00,-9.0691
75.50,-9.0783
76.00,-9.1108
76.50,-9.1683
77.00,-9.2521
77.50,-9.3473
78.00,-9.4201
78.50,-9.4359
79.00,-9.3849
79.50,-9.2927
80.00,-9.2006
80.50,-9.1333
81.00,-9.0844
81.50,-9.0331
82.00,-8.9746
82.50,-8.9328
83.00,-8.9417
83.50,-9.0141
84.00,-9.1258
84.50,-9.2336
85.00,-9.3083
85.50,-9.3517
86.00,-9.3788
86.50,-9.3941
87.00,-9.3857
87.50,-9.3437
88.00,-9.2757
88.50,-9.2021
89.00,-9.1389
89.50,-9.0907
90.00,-9.0591
90.50,-9.0496
91.00,-9.0658
91.50,-9.0967
92.00,-9.1144
92.50,-9.0866
93.00,-8.9952
93.50,-8.8459
94.00,-8.6667
94.50,-8.4974
95.00,-8.3753
95.50,-8.3206
96.00,-8.3267
96.50,-8.3627
97.00,-8.3915
97.50,-8.3917
98.00,-8.3660
98.50,-8.3338
99.00,-8.3164
99.50,-8.3231
100.00,-8.3425
100.50,-8.3469
101.00,-8.3126
101.50,-8.2411
102.00,-8.1588
102.50,-8.0962
103.00,-8.0676
103.50,-8.0669
104.00,-8.0756
104.50,-8.0736
105.00,-8.0494
105.50,-8.0051
106.00,-7.9554
106.50,-7.9166
107.00,-7.8994
107.50,-7.9066
108.00,-7.9369
108.50,-7.9860
109.00,-8.0454
109.50,-8.1013
110.00,-8.1385
110.50,-8.1486
111.00,-8.1363
111.50,-8.1179
112.00,-8.1103
112.50,-8.1228
113.00,-8.1578
113.50,-8.2152
114.00,-8.2863
114.50,-8.3439
115.00,-8.3472
115.50,-8.2697
116.00,-8.1226
116.50,-7.9513
117.00,-7.8043
117.50,-7.7086
118.00,-7.6675
118.50,-7.6753
119.00,-7.7216
119.50,-7.7836
120.00,-7.8259
120.50,-7.8201
121.00,-7.7677
121.50,-7.7010
122.00,-7.6627
122.50,-7.6822
123.00,-7.7623
123.50,-7.8785
124.00,-7.9886
124.50,-8.0546
125.00,-8.0611
125.50,-8.0184
126.00,-7.9480
126.50,-7.8726
127.00,-7.8163
127.50,-7.8036
128.00,-7.8448
128.50,-7.9244
129.00,-8.0097
129.50,-8.0788
130.00,-8.1368
130.50,-8.2029
131.00,-8.2843
131.50,-8.3656
132.00,-8.4220
132.50,-8.4372
133.00,-8.4066
133.50,-8.3313
134.00,-8.2148
134.50,-8.0693
135.00,-7.9225
135.50,-7.8122
136.00,-7.7686
136.50,-7.7948
137.00,-7.8608
137.50,-7.9178
138.00,-7.9270
138.50,-7.8823
139.00,-7.8105
139.50,-7.7514
140.00,-7.7320
140.50,-7.7537
141.00,-7.8007
141.50,-7.8587
142.00,-7.9273
142.50,-8.0118
143.00,-8.1015
143.50,-8.1586
144.00,-8.1359
144.50,-8.0140
145.00,-7.8222
145.50,-7.6236
146.00,-7.4771
146.50,-7.4082
147.00,-7.4030
147.50,-7.4249
148.00,-7.4411
148.50,-7.4436
149.00,-7.4494
149.50,-7.4798
150.00,-7.5372
150.50,-7.5988
151.00,-7.6304
151.50,-7.6086
152.00,-7.5355
152.50,-7.4386
153.00,-7.3540
153.50,-7.3042
154.00,-7.2873
154.50,-7.2879
155.00,-7.2988
155.50,-7.3300
156.00,-7.3938
156.50,-7.4830
157.00,-7.5684
157.50,-7.6214
158.00,-7.6387
158.50,-7.6431
159.00,-7.6626
159.50,-7.7077
160.00,-7.7633
160.50,-7.7986
161.00,-7.7870
161.50,-7.7274
162.00,-7.6474
162.50,-7.5843
163.00,-7.5580
163.50,-7.5641
164.00,-7.5906
164.50,-7.6332
165.00,-7.6918
165.50,-7.7562
166.00,-7.8052
166.50,-7.8248
167.00,-7.8241
167.50,-7.8300
168.00,-7.8653
168.50,-7.9327
169.00,-8.0141
169.50,-8.0833
170.00,-8.1199
170.50,-8.1191
171.00,-8.0936
171.50,-8.0689
172.00,-8.0731
172.50,-8.1223
173.00,-8.2081
173.50,-8.2981
174.00,-8.3544
174.50,-8.3575
175.00,-8.3148
175.50,-8.2478
176.00,-8.1785
176.50,-8.1263
177.00,-8.1086
177.50,-8.1338
178.00,-8.1891
178.50,-8.2376
179.00,-8.2360
179.50,-8.1613
180.00,-8.0252
180.50,-7.8685
181.00,-7.7413
181.50,-7.6814
182.00,-7.6990
182.50,-7.7731
183.00,-7.8631
183.50,-7.9344
184.00,-7.9765
184.50,-8.0029
185.00,-8.0351
185.50,-8.0883
186.00,-8.1664
186.50,-8.2573
187.00,-8.3290
187.50,-8.3416
188.00,-8.2756
188.50,-8.1502
189.00,-8.0091
189.50,-7.8903
190.00,-7.8101
190.50,-7.7690
191.00,-7.7593
191.50,-7.7663
192.00,-7.7721
192.50,-7.7663
193.00,-7.7565
193.50,-7.7643
194.00,-7.8135
194.50,-7.9145
195.00,-8.0526
195.50,-8.1838
196.00,-8.2499
196.50,-8.2101
197.00,-8.0675
197.50,-7.8681
198.00,-7.6733
198.50,-7.5308
199.00,-7.4603
199.50,-7.4508
200.00,-7.4669
200.50,-7.4635
201.00,-7.4107
201.50,-7.3128
202.00,-7.2056
202.50,-7.1311
203.00,-7.1124
203.50,-7.1456
204.00,-7.2124
204.50,-7.2941
205.00,-7.3748
205.50,-7.4376
206.00,-7.4666
206.50,-7.4549
207.00,-7.4060
207.50,-7.3268
208.00,-7.2219
208.50,-7.0995
209.00,-6.9785
209.50,-6.8828
210.00,-6.8298
210.50,-6.8234
211.00,-6.8578
211.50,-6.9276
212.00,-7.0309
212.50,-7.1645
213.00,-7.3152
213.50,-7.4555
214.00,-7.5522
214.50,-7.5813
215.00,-7.5397
215.50,-7.4459
216.00,-7.3299
216.50,-7.2185
217.00,-7.1264
217.50,-7.0583
218.00,-7.0177
218.50,-7.0099
219.00,-7.0371
219.50,-7.0925
220.00,-7.1615
220.50,-7.2263
221.00,-7.2722
221.50,-7.2927
222.00,-7.2939
222.50,-7.2903
223.00,-7.2939
223.50,-7.3045
224.00,-7.3096
224.50,-7.2902
225.00,-7.2325
225.50,-7.1428
226.00,-7.0557
226.50,-7.0201
227.00,-7.0637
227.50,-7.1669
228.00,-7.2710
228.50,-7.3166
229.00,-7.2830
229.50,-7.1995
230.00,-7.1197
230.50,-7.0795
231.00,-7.0703
231.50,-7.0526
232.00,-6.9964
232.50,-6.9092
233.00,-6.8272
233.50,-6.7855
234.00,-6.7973
234.50,-6.8517
235.00,-6.9220
235.50,-6.9763
236.00,-6.9897
236.50,-6.9523
237.00,-6.8687
237.50,-6.7555
238.00,-6.6416
238.50,-6.5645
239.00,-6.5541
239.50,-6.6075
240.00,-6.6823
240.50,-6.7210
241.00,-6.6921
241.50,-6.6111
242.00,-6.5236
242.50,-6.4669
243.00,-6.4455
243.50,-6.4399
244.00,-6.4333
244.50,-6.4278
245.00,-6.4354
245.50,-6.4602
246.00,-6.4918
246.50,-6.5132
247.00,-6.5111
247.50,-6.4840
248.00,-6.4455
248.50,-6.4208
249.00,-6.4326
249.50,-6.4824
250.00,-6.5454
250.50,-6.5903
251.00,-6.6066
251.50,-6.6137
252.00,-6.6399
252.50,-6.6898
253.00,-6.7330
253.50,-6.7230
254.00,-6.6338
254.50,-6.4842
255.00,-6.3271
255.50,-6.2153
256.00,-6.1702
256.50,-6.1781
257.00,-6.2088
257.50,-6.2348
258.00,-6.2398
258.50,-6.2201
259.00,-6.1829
259.50,-6.1406
260.00,-6.1061
260.50,-6.0913
261.00,-6.1078
261.50,-6.1588
262.00,-6.2290
262.50,-6.2849
263.00,-6.2942
263.50,-6.2501
264.00,-6.1786
264.50,-6.1250
265.00,-6.1261
265.50,-6.1909
266.00,-6.2968
266.50,-6.4033
267.00,-6.4711
267.50,-6.4798
268.00,-6.4350
268.50,-6.3630
269.00,-6.2932
269.50,-6.2404
270.00,-6.1999
270.50,-6.1596
271.00,-6.1135
271.50,-6.0660
272.00,-6.0270
272.50,-6.0051
273.00,-6.0043
273.50,-6.0217
274.00,-6.0457
274.50,-6.0565
275.00,-6.0346
275.50,-5.9744
276.00,-5.8946
276.50,-5.8348
277.00,-5.8364
277.50,-5.9135
278.00,-6.0373
278.50,-6.1516
279.00,-6.2141
279.50,-6.2307
280.00,-6.2444
280.50,-6.2885
281.00,-6.3523
281.50,-6.3955
282.00,-6.3904
282.50,-6.3417
283.00,-6.2707
283.50,-6.1956
284.00,-6.1274
284.50,-6.0745
285.00,-6.0406
285.50,-6.0206
286.00,-6.0061
286.50,-5.9941
287.00,-5.9883
287.50,-5.9906
288.00,-5.9920
288.50,-5.9735
289.00,-5.9183
289.50,-5.8253
290.00,-5.7131
290.50,-5.6083
291.00,-5.5314
291.50,-5.4927
292.00,-5.4958
292.50,-5.5376
293.00,-5.6057
293.50,-5.6781
294.00,-5.7326
294.50,-5.7581
295.00,-5.7613
295.50,-5.7583
296.00,-5.7563
296.50,-5.7406
297.00,-5.6842
297.50,-5.5774
298.00,-5.4461
298.50,-5.3408
299.00,-5.3017
299.50,-5.3318
300.00,-5.3977
300.50,-5.4552
301.00,-5.4776
301.50,-5.4672
302.00,-5.4468
302.50,-5.4407
303.00,-5.4577
303.50,-5.4867
304.00,-5.5068
304.50,-5.5024
305.00,-5.4735
305.50,-5.4321
306.00,-5.3909
306.50,-5.3548
307.00,-5.3212
307.50,-5.2852
308.00,-5.2468
308.50,-5.2162
309.00,-5.2131
309.50,-5.2566
310.00,-5.3490
310.50,-5.4662
311.00,-5.5661
311.50,-5.6122
312.00,-5.5957
312.50,-5.5390
313.00,-5.4787
313.50,-5.4422
314.00,-5.4353
314.50,-5.4439
315.00,-5.4477
315.50,-5.4326
316.00,-5.3976
316.50,-5.3520
317.00,-5.3072
317.50,-5.2710
318.00,-5.2453
318.50,-5.2309
319.00,-5.2330
319.50,-5.2612
320.00,-5.3211
320.50,-5.4036
321.00,-5.4836
321.50,-5.5306
322.00,-5.5253
322.50,-5.4677
323.00,-5.3748
323.50,-5.2732
324.00,-5.1890
324.50,-5.1371
325.00,-5.1144
325.50,-5.1030
326.00,-5.0831
326.50,-5.0488
327.00,-5.0125
327.50,-4.9953
328.00,-5.0111
328.50,-5.0534
329.00,-5.0963
329.50,-5.1109
330.00,-5.0882
330.50,-5.0484
331.00,-5.0268
331.50,-5.0466
332.00,-5.1002
332.50,-5.1516
333.00,-5.1596
333.50,-5.1024
334.00,-4.9899
334.50,-4.8573
335.00,-4.7475
335.50,-4.6904
336.00,-4.6858
336.50,-4.7040
337.00,-4.7053
337.50,-4.6696
338.00,-4.6101
338.50,-4.5606
339.00,-4.5459
339.50,-4.5603
340.00,-4.5692
340.50,-4.5355
341.00,-4.4505
341.50,-4.3457
342.00,-4.2721
342.50,-4.2651
343.00,-4.3225
343.50,-4.4117
344.00,-4.4955
344.50,-4.5504
345.00,-4.5693
345.50,-4.5559
346.00,-4.5241
346.50,-4.4958
347.00,-4.4903
347.50,-4.5133
348.00,-4.5559
348.50,-4.6046
349.00,-4.6481
349.50,-4.6777
350.00,-4.6863
350.50,-4.6710
351.00,-4.6308
351.50,-4.5650
352.00,-4.4744
352.50,-4.3681
353.00,-4.2659
353.50,-4.1888
354.00,-4.1476
354.50,-4.1401
355.00,-4.1565
355.50,-4.1846
356.00,-4.2118
356.50,-4.2281
357.00,-4.2343
357.50,-4.2443
358.00,-4.2786
358.50,-4.3506
359.00,-4.4572
359.50,-4.5800
360.00,-4.6899
360.50,-4.7547
361.00,-4.7506
361.50,-4.6788
362.00,-4.5716
362.50,-4.4745
363.00,-4.4137
363.50,-4.3821
364.00,-4.3589
364.50,-4.3380
365.00,-4.3299
365.50,-4.3405
366.00,-4.3598
366.50,-4.3733
367.00,-4.3752
367.50,-4.3658
368.00,-4.3406
368.50,-4.2890
369.00,-4.2053
369.50,-4.1004
370.00,-4.0027
370.50,-3.9443
371.00,-3.9435
371.50,-3.9963
372.00,-4.0805
372.50,-4.1692
373.00,-4.2390
373.50,-4.2731
374.00,-4.2603
374.50,-4.1996
375.00,-4.1061
375.50,-4.0066
376.00,-3.9257
376.50,-3.8729
377.00,-3.8425
377.50,-3.8247
378.00,-3.8139
378.50,-3.8119
379.00,-3.8263
379.50,-3.8674
380.00,-3.9422
380.50,-4.0434
381.00,-4.1419
381.50,-4.1953
382.00,-4.1741
382.50,-4.0837
383.00,-3.9608
383.50,-3.8480
384.00,-3.7696
384.50,-3.7250
385.00,-3.6974
385.50,-3.6671
386.00,-3.6232
386.50,-3.5714
387.00,-3.5322
387.50,-3.5245
388.00,-3.5487
388.50,-3.5839
389.00,-3.6026
389.50,-3.5880
390.00,-3.5403
390.50,-3.4725
391.00,-3.4038
391.50,-3.3532
392.00,-3.3345
392.50,-3.3563
393.00,-3.4204
393.50,-3.5172
394.00,-3.6215
394.50,-3.6987
395.00,-3.7229
395.50,-3.6943
396.00,-3.6381
396.50,-3.5841
397.00,-3.5431
397.50,-3.5025
398.00,-3.4445
398.50,-3.3678
399.00,-3.2914
399.50,-3.2377
400.00,-3.2125
400.50,-3.2050
401.00,-3.2037
401.50,-3.2097
402.00,-3.2327
402.50,-3.2773
403.00,-3.3362
403.50,-3.3979
404.00,-3.4596
404.50,-3.5267
405.00,-3.5981
405.50,-3.6551
406.00,-3.6725
406.50,-3.6405
407.00,-3.5761
407.50,-3.5068
408.00,-3.4457
408.50,-3.3802
409.00,-3.2858
409.50,-3.1539
410.00,-3.0041
410.50,-2.8751
411.00,-2.7990
411.50,-2.7818
412.00,-2.8015
412.50,-2.8235
413.00,-2.8238
413.50,-2.8017
414.00,-2.7740
414.50,-2.7554
415.00,-2.7457
415.50,-2.7329
416.00,-2.7112
416.50,-2.6928
417.00,-2.7008
417.50,-2.7491
418.00,-2.8291
418.50,-2.9100
419.00,-2.9511
419.50,-2.9223
420.00,-2.8242
420.50,-2.6949
421.00,-2.5886
421.50,-2.5392
422.00,-2.5411
422.50,-2.5606
423.00,-2.5644
423.50,-2.5380
424.00,-2.4882
424.50,-2.4368
425.00,-2.4084
425.50,-2.4135
426.00,-2.4377
426.50,-2.4505
427.00,-2.4278
427.50,-2.3707
428.00,-2.3065
428.50,-2.2709
429.00,-2.2853
429.50,-2.3414
430.00,-2.4033
430.50,-2.4275
431.00,-2.3905
431.50,-2.3075
432.00,-2.2249
432.50,-2.1907
433.00,-2.2240
433.50,-2.3042
434.00,-2.3858
434.50,-2.4253
435.00,-2.4047
435.50,-2.3377
436.00,-2.2580
436.50,-2.1982
437.00,-2.1718
437.50,-2.1690
438.00,-2.1689
438.50,-2.1578
439.00,-2.1390
439.50,-2.1250
440.00,-2.1207
440.50,-2.1176
441.00,-2.1037
441.50,-2.0740
442.00,-2.0314
442.50,-1.9811
443.00,-1.9293
443.50,-1.8847
444.00,-1.8556
444.50,-1.8437
445.00,-1.8428
445.50,-1.8447
446.00,-1.8457
446.50,-1.8478
447.00,-1.8551
447.50,-1.8655
448.00,-1.8671
448.50,-1.8419
449.00,-1.7808
449.50,-1.6961
450.00,-1.6150
450.50,-1.5607
451.00,-1.5379
451.50,-1.5349
452.00,-1.5363
452.50,-1.5338
453.00,-1.5302
453.50,-1.5344
454.00,-1.5527
454.50,-1.5815
455.00,-1.6128
455.50,-1.6419
456.00,-1.6705
456.50,-1.6987
457.00,-1.7197
457.50,-1.7226
458.00,-1.6999
458.50,-1.6505
459.00,-1.5808
459.50,-1.5057
460.00,-1.4440
460.50,-1.4084
461.00,-1.3974
461.50,-1.4003
462.00,-1.4108
462.50,-1.4292
463.00,-1.4524
463.50,-1.4660
464.00,-1.4526
464.50,-1.4078
465.00,-1.3452
465.50,-1.2867
466.00,-1.2501
466.50,-1.2452
467.00,-1.2768
467.50,-1.3444
468.00,-1.4385
468.50,-1.5387
469.00,-1.6195
469.50,-1.6602
470.00,-1.6541
470.50,-1.6116
471.00,-1.5549
471.50,-1.5084
472.00,-1.4863
472.50,-1.4868
473.00,-1.4980
473.50,-1.5057
474.00,-1.4998
474.50,-1.4753
475.00,-1.4334
475.50,-1.3858
476.00,-1.3539
476.50,-1.3554
477.00,-1.3866
477.50,-1.4200
478.00,-1.4256
478.50,-1.3993
479.00,-1.3688
479.50,-1.3747
480.00,-1.4400
480.50,-1.5509
481.00,-1.6637
481.50,-1.7294
482.00,-1.7189
482.50,-1.6364
483.00,-1.5157
483.50,-1.4033
484.00,-1.3376
484.50,-1.3309
485.00,-1.3678
485.50,-1.4177
486.00,-1.4565
486.50,-1.4803
487.00,-1.5014
487.50,-1.5302
488.00,-1.5601
488.50,-1.5709
489.00,-1.5477
489.50,-1.4975
490.00,-1.4472
490.50,-1.4274
491.00,-1.4533
491.50,-1.5167
492.00,-1.5933
492.50,-1.6572
493.00,-1.6950
493.50,-1.7089
494.00,-1.7092
494.50,-1.6999
495.00,-1.6743
495.50,-1.6267
496.00,-1.5672
496.50,-1.5225
497.00,-1.5179
497.50,-1.5552
498.00,-1.6104
498.50,-1.6531
499.00,-1.6665
499.50,-1.6529
500.00,-1.6246
500.50,-1.5976
501.00,-1.5851
501.50,-1.5913
502.00,-1.6043
502.50,-1.6014
503.00,-1.5626
503.50,-1.4847
504.00,-1.3840
504.50,-1.2896
505.00,-1.2298
505.50,-1.2176
506.00,-1.2461
506.50,-1.2941
507.00,-1.3391
507.50,-1.3673
508.00,-1.3768
508.50,-1.3754
509.00,-1.3718
509.50,-1.3658
510.00,-1.3488
510.50,-1.3131
511.00,-1.2619
511.50,-1.2085
512.00,-1.1678
512.50,-1.1453
513.00,-1.1355
513.50,-1.1288
514.00,-1.1238
514.50,-1.1315
515.00,-1.1642
515.50,-1.2213
516.00,-1.2838
516.50,-1.3289
517.00,-1.3465
517.50,-1.3401
518.00,-1.3143
518.50,-1.2667
519.00,-1.1964
519.50,-1.1137
520.00,-1.0411
520.50,-0.9984
521.00,-0.9915
521.50,-1.0125
522.00,-1.0464
522.50,-1.0788
523.00,-1.0984
523.50,-1.0998
524.00,-1.0859
524.50,-1.0650
525.00,-1.0442
525.50,-1.0235
526.00,-0.9990
526.50,-0.9708
527.00,-0.9480
527.50,-0.9432
528.00,-0.9628
528.50,-1.0001
529.00,-1.0396
529.50,-1.0660
530.00,-1.0719
530.50,-1.0589
531.00,-1.0347
531.50,-1.0081
532.00,-0.9862
532.50,-0.9728
533.00,-0.9656
533.50,-0.9591
534.00,-0.9519
534.50,-0.9531
535.00,-0.9769
535.50,-1.0281
536.00,-1.0912
536.50,-1.1354
537.00,-1.1325
537.50,-1.0759
538.00,-0.9870
538.50,-0.9014
539.00,-0.8435
539.50,-0.8100
540.00,-0.7781
540.50,-0.7311
541.00,-0.6748
541.50,-0.6292
542.00,-0.6076
542.50,-0.6058
543.00,-0.6071
543.50,-0.5960
544.00,-0.5698
544.50,-0.5414
545.00,-0.5305
545.50,-0.5494
546.00,-0.5932
546.50,-0.6454
547.00,-0.6922
547.50,-0.7307
548.00,-0.7626
548.50,-0.7850
549.00,-0.7904
549.50,-0.7774
550.00,-0.7566
550.50,-0.7446
551.00,-0.7538
551.50,-0.7886
552.00,-0.8452
552.50,-0.9092
553.00,-0.9545
553.50,-0.9536
554.00,-0.8965
554.50,-0.8011
555.00,-0.7063
555.50,-0.6535
556.00,-0.6684
556.50,-0.7498
557.00,-0.8669
557.50,-0.9689
558.00,-1.0107
558.50,-0.9833
559.00,-0.9264
559.50,-0.9041
560.00,-0.9601
560.50,-1.0860
561.00,-1.2320
561.50,-1.3438
562.00,-1.3913
562.50,-1.3720
563.00,-1.3014
563.50,-1.2025
564.00,-1.0998
564.50,-1.0131
565.00,-0.9529
565.50,-0.9196
566.00,-0.9059
566.50,-0.9007
567.00,-0.8944
567.50,-0.8817
568.00,-0.8620
568.50,-0.8371
569.00,-0.8086
569.50,-0.7760
570.00,-0.7388
570.50,-0.7003
571.00,-0.6692
571.50,-0.6544
572.00,-0.6580
572.50,-0.6754
573.00,-0.7021
573.50,-0.7384
574.00,-0.7867
574.50,-0.8440
575.00,-0.9012
575.50,-0.9511
576.00,-0.9973
576.50,-1.0513
577.00,-1.1176
577.50,-1.1824
578.00,-1.2207
578.50,-1.2163
579.00,-1.1737
579.50,-1.1130
580.00,-1.0564
580.50,-1.0207
581.00,-1.0153
581.50,-1.0420
582.00,-1.0919
582.50,-1.1450
583.00,-1.1770
583.50,-1.1722
584.00,-1.1302
584.50,-1.0656
585.00,-0.9993
585.50,-0.9469
586.00,-0.9118
586.50,-0.8884
587.00,-0.8753
587.50,-0.8825
588.00,-0.9236
588.50,-0.9985
589.00,-1.0891
589.50,-1.1714
590.00,-1.2292
590.50,-1.2542
591.00,-1.2419
591.50,-1.1930
592.00,-1.1202
592.50,-1.0467
593.00,-0.9922
593.50,-0.9627
594.00,-0.9510
594.50,-0.9473
595.00,-0.9457
595.50,-0.9424
596.00,-0.9309
596.50,-0.9044
597.00,-0.8643
597.50,-0.8239
598.00,-0.8015
598.50,-0.8077
599.00,-0.8413
599.50,-0.8935
600.00,-0.9538
600.50,-1.0109
601.00,-1.0515
601.50,-1.0627
602.00,-1.0382
602.50,-0.9845
603.00,-0.9212
603.50,-0.8730
604.00,-0.8558
604.50,-0.8677
605.00,-0.8923
605.50,-0.9120
606.00,-0.9199
606.50,-0.9206
607.00,-0.9225
607.50,-0.9319
608.00,-0.9488
608.50,-0.9662
609.00,-0.9730
609.50,-0.9635
610.00,-0.9459
610.50,-0.9401
611.00,-0.9622
611.50,-1.0103
612.00,-1.0644
612.50,-1.1015
613.00,-1.1094
613.50,-1.0900
614.00,-1.0547
614.50,-1.0187
615.00,-0.9960
615.50,-0.9953
616.00,-1.0169
616.50,-1.0524
617.00,-1.0866
617.50,-1.1024
618.00,-1.0896
618.50,-1.0503
619.00,-0.9976
619.50,-0.9486
620.00,-0.9178
620.50,-0.9143
621.00,-0.9392
621.50,-0.9834
622.00,-1.0296
622.50,-1.0580
623.00,-1.0554
623.50,-1.0225
624.00,-0.9734
624.50,-0.9299
625.00,-0.9102
625.50,-0.9194
626.00,-0.9484
626.50,-0.9826
627.00,-1.0144
627.50,-1.0463
628.00,-1.0823
628.50,-1.1178
629.00,-1.1398
629.50,-1.1350
630.00,-1.1013
630.50,-1.0499
631.00,-0.9985
631.50,-0.9630
632.00,-0.9505
632.50,-0.9576
633.00,-0.9748
633.50,-0.9911
634.00,-0.9989
634.50,-0.9959
635.00,-0.9856
635.50,-0.9755
636.00,-0.9713
636.50,-0.9700
637.00,-0.9615
637.50,-0.9369
638.00,-0.8973
638.50,-0.8529
639.00,-0.8154
639.50,-0.7906
640.00,-0.7777
640.50,-0.7729
641.00,-0.7743
641.50,-0.7847
642.00,-0.8129
642.50,-0.8696
643.00,-0.9571
643.50,-1.0630
644.00,-1.1637
644.50,-1.2381
645.00,-1.2767
645.50,-1.2810
646.00,-1.2569
646.50,-1.2135
647.00,-1.1638
647.50,-1.1228
648.00,-1.1010
648.50,-1.0981
649.00,-1.1036
649.50,-1.1038
650.00,-1.0915
650.50,-1.0718
651.00,-1.0584
651.50,-1.0619
652.00,-1.0795
652.50,-1.0962
653.00,-1.0970
653.50,-1.0784
654.00,-1.0510
654.50,-1.0295
655.00,-1.0213
655.50,-1.0248
656.00,-1.0336
656.50,-1.0433
657.00,-1.0523
657.50,-1.0614
658.00,-1.0711
658.50,-1.0805
659.00,-1.0859
659.50,-1.0842
660.00,-1.0774
660.50,-1.0738
661.00,-1.0852
661.50,-1.1220
662.00,-1.1887
662.50,-1.2802
663.00,-1.3799
663.50,-1.4627
664.00,-1.5061
664.50,-1.5027
665.00,-1.4653
665.50,-1.4186
666.00,-1.3843
666.50,-1.3719
667.00,-1.3798
667.50,-1.4027
668.00,-1.4332
668.50,-1.4611
669.00,-1.4769
669.50,-1.4765
670.00,-1.4639
670.50,-1.4452
671.00,-1.4211
671.50,-1.3869
672.00,-1.3391
672.50,-1.2823
673.00,-1.2282
673.50,-1.1885
674.00,-1.1688
674.50,-1.1699
675.00,-1.1900
675.50,-1.2252
676.00,-1.2659
676.50,-1.2975
677.00,-1.3078
677.50,-1.2958
678.00,-1.2730
678.50,-1.2588
679.00,-1.2740
679.50,-1.3346
680.00,-1.4431
680.50,-1.5801
681.00,-1.7090
681.50,-1.7950
682.00,-1.8267
682.50,-1.8227
683.00,-1.8127
683.50,-1.8130
684.00,-1.8156
684.50,-1.8014
685.00,-1.7634
685.50,-1.7149
686.00,-1.6800
686.50,-1.6773
687.00,-1.7120
687.50,-1.7774
688.00,-1.8593
688.50,-1.9424
689.00,-2.0140
689.50,-2.0655
690.00,-2.0918
690.50,-2.0892
691.00,-2.0589
691.50,-2.0083
692.00,-1.9506
692.50,-1.9002
693.00,-1.8693
693.50,-1.8647
694.00,-1.8859
694.50,-1.9249
695.00,-1.9669
695.50,-1.9949
696.00,-1.9987
696.50,-1.9838
697.00,-1.9692
697.50,-1.9717
698.00,-1.9907
698.50,-2.0093
699.00,-2.0070
699.50,-1.9718
700.00,-1.9033
700.50,-1.8106
701.00,-1.7087
701.50,-1.6160
702.00,-1.5473
702.50,-1.5091
703.00,-1.4968
703.50,-1.4981
704.00,-1.4983
704.50,-1.4864
705.00,-1.4598
705.50,-1.4246
706.00,-1.3928
706.50,-1.3778
707.00,-1.3917
707.50,-1.4412
708.00,-1.5214
708.50,-1.6128
709.00,-1.6884
709.50,-1.7294
710.00,-1.7347
710.50,-1.7181
711.00,-1.6970
711.50,-1.6864
712.00,-1.6966
712.50,-1.7316
713.00,-1.7849
713.50,-1.8419
714.00,-1.8870
714.50,-1.9129
715.00,-1.9228
715.50,-1.9243
716.00,-1.9235
716.50,-1.9234
717.00,-1.9261
717.50,-1.9328
718.00,-1.9435
718.50,-1.9587
719.00,-1.9823
719.50,-2.0183
720.00,-2.0622
720.50,-2.0980
721.00,-2.1076
721.50,-2.0862
722.00,-2.0469
722.50,-2.0129
723.00,-2.0006
723.50,-2.0105
724.00,-2.0288
724.50,-2.0386
725.00,-2.0276
725.50,-1.9916
726.00,-1.9340
726.50,-1.8652
727.00,-1.8012
727.50,-1.7602
728.00,-1.7548
728.50,-1.7829
729.00,-1.8261
729.50,-1.8580
730.00,-1.8587
730.50,-1.8248
731.00,-1.7693
731.50,-1.7141
732.00,-1.6813
732.50,-1.6855
733.00,-1.7240
733.50,-1.7754
734.00,-1.8127
734.50,-1.8228
735.00,-1.8119
735.50,-1.7920
736.00,-1.7638
736.50,-1.7198
737.00,-1.6600
737.50,-1.6006
738.00,-1.5629
738.50,-1.5564
739.00,-1.5738
739.50,-1.5999
740.00,-1.6243
740.50,-1.6465
741.00,-1.6722
741.50,-1.7033
742.00,-1.7321
742.50,-1.7430
743.00,-1.7229
743.50,-1.6721
744.00,-1.6088
744.50,-1.5626
745.00,-1.5576
745.50,-1.5950
746.00,-1.6497
746.50,-1.6868
747.00,-1.6884
747.50,-1.6661
748.00,-1.6467
748.50,-1.6462
749.00,-1.6565
749.50,-1.6568
750.00,-1.6364
750.50,-1.6054
751.00,-1.5838
751.50,-1.5810
752.00,-1.5862
752.50,-1.5781
753.00,-1.5453
753.50,-1.4965
754.00,-1.4541
754.50,-1.4390
755.00,-1.4594
755.50,-1.5070
756.00,-1.5623
756.50,-1.6086
757.00,-1.6465
757.50,-1.6941
758.00,-1.7697
758.50,-1.8683
759.00,-1.9538
759.50,-1.9779
760.00,-1.9149
760.50,-1.7826
761.00,-1.6319
761.50,-1.5105
762.00,-1.4343
762.50,-1.3882
763.00,-1.3510
763.50,-1.3170
764.00,-1.2981
764.50,-1.3084
765.00,-1.3494
765.50,-1.4064
766.00,-1.4559
766.50,-1.4772
767.00,-1.4636
767.50,-1.4247
768.00,-1.3809
768.50,-1.3511
769.00,-1.3434
769.50,-1.3537
770.00,-1.3693
770.50,-1.3775
771.00,-1.3737
771.50,-1.3619
772.00,-1.3480
772.50,-1.3330
773.00,-1.3137
773.50,-1.2885
774.00,-1.2614
774.50,-1.2391
775.00,-1.2264
775.50,-1.2247
776.00,-1.2326
776.50,-1.2438
777.00,-1.2467
777.50,-1.2287
778.00,-1.1846
778.50,-1.1209
779.00,-1.0513
779.50,-0.9897
780.00,-0.9463
780.50,-0.9275
781.00,-0.9352
781.50,-0.9630
782.00,-0.9945
782.50,-1.0102
783.00,-0.9986
783.50,-0.9651
784.00,-0.9307
784.50,-0.9169
785.00,-0.9295
785.50,-0.9542
786.00,-0.9692
786.50,-0.9624
787.00,-0.9375
787.50,-0.9041
788.00,-0.8667
788.50,-0.8244
789.00,-0.7788
789.50,-0.7377
790.00,-0.7117
790.50,-0.7070
791.00,-0.7219
791.50,-0.7476
792.00,-0.7737
792.50,-0.7947
793.00,-0.8124
793.50,-0.8322
794.00,-0.8562
794.50,-0.8798
795.00,-0.8951
795.50,-0.8984
796.00,-0.8929
796.50,-0.8842
797.00,-0.8741
797.50,-0.8597
798.00,-0.8385
798.50,-0.8126
799.00,-0.7861
799.50,-0.7598
800.00,-0.7313
800.50,-0.6994
801.00,-0.6696
801.50,-0.6527
802.00,-0.6577
802.50,-0.6822
803.00,-0.7095
803.50,-0.7159
804.00,-0.6877
804.50,-0.6321
805.00,-0.5720
805.50,-0.5289
806.00,-0.5094
806.50,-0.5046
807.00,-0.5003
807.50,-0.4885
808.00,-0.4697
808.50,-0.4485
809.00,-0.4271
809.50,-0.4046
810.00,-0.3807
810.50,-0.3572
811.00,-0.3377
811.50,-0.3231
812.00,-0.3101
812.50,-0.2915
813.00,-0.2606
813.50,-0.2142
814.00,-0.1551
814.50,-0.0918
815.00,-0.0372
815.50,-0.0069
816.00,-0.0146
816.50,-0.0633
817.00,-0.1380
817.50,-0.2069
818.00,-0.2378
818.50,-0.2156
819.00,-0.1515
819.50,-0.0739
820.00,-0.0099
820.50,0.0288
821.00,0.0480
821.50,0.0582
822.00,0.0628
822.50,0.0559
823.00,0.0318
823.50,-0.0070
824.00,-0.0535
824.50,-0.1051
825.00,-0.1644
825.50,-0.2304
826.00,-0.2901
826.50,-0.3231
827.00,-0.3137
827.50,-0.2606
828.00,-0.1768
828.50,-0.0831
829.00,0.0000
829.50,0.0610
830.00,0.1002
830.50,0.1256
831.00,0.1450
831.50,0.1621
832.00,0.1781
832.50,0.1940
833.00,0.2107
833.50,0.2277
834.00,0.2452
834.50,0.2635
835.00,0.2814
835.50,0.2949
836.00,0.2993
836.50,0.2924
837.00,0.2781
837.50,0.2663
838.00,0.2664
838.50,0.2793
839.00,0.2940
839.50,0.2951
840.00,0.2746
840.50,0.2380
841.00,0.2000
841.50,0.1758
842.00,0.1738
842.50,0.1943
843.00,0.2321
843.50,0.2795
844.00,0.3294
844.50,0.3764
845.00,0.4186
845.50,0.4573
846.00,0.4942
846.50,0.5265
847.00,0.5452
847.50,0.5416
848.00,0.5172
848.50,0.4875
849.00,0.4708
849.50,0.4750
850.00,0.4935
850.50,0.5145
851.00,0.5331
851.50,0.5562
852.00,0.5960
852.50,0.6554
853.00,0.7192
853.50,0.7619
854.00,0.7685
854.50,0.7493
855.00,0.7322
855.50,0.7382
856.00,0.7652
856.50,0.7929
857.00,0.8035
857.50,0.7970
858.00,0.7871
858.50,0.7874
859.00,0.8020
859.50,0.8258
860.00,0.8532
860.50,0.8820
861.00,0.9122
861.50,0.9408
862.00,0.9612
862.50,0.9663
863.00,0.9526
863.50,0.9223
864.00,0.8819
864.50,0.8406
865.00,0.8075
865.50,0.7882
866.00,0.7811
866.50,0.7799
867.00,0.7784
867.50,0.7730
868.00,0.7626
868.50,0.7485
869.00,0.7352
869.50,0.7290
870.00,0.7339
870.50,0.7481
871.00,0.7646
871.50,0.7765
872.00,0.7805
872.50,0.7769
873.00,0.7682
873.50,0.7609
874.00,0.7665
874.50,0.7970
875.00,0.8539
875.50,0.9230
876.00,0.9819
876.50,1.0145
877.00,1.0208
877.50,1.0137
878.00,1.0096
878.50,1.0180
879.00,1.0394
879.50,1.0669
880.00,1.0919
880.50,1.1101
881.00,1.1233
881.50,1.1369
882.00,1.1542
882.50,1.1737
883.00,1.1912
883.50,1.2046
884.00,1.2152
884.50,1.2258
885.00,1.2363
885.50,1.2433
886.00,1.2437
886.50,1.2397
887.00,1.2384
887.50,1.2487
888.00,1.2760
888.50,1.3186
889.00,1.3660
889.50,1.4006
890.00,1.4039
890.50,1.3688
891.00,1.3075
891.50,1.2490
892.00,1.2231
892.50,1.2415
893.00,1.2899
893.50,1.3382
894.00,1.3607
894.50,1.3509
895.00,1.3209
895.50,1.2892
896.00,1.2661
896.50,1.2498
897.00,1.2338
897.50,1.2166
898.00,1.2036
898.50,1.2030
899.00,1.2202
899.50,1.2557
900.00,1.3042
900.50,1.3548
901.00,1.3932
901.50,1.4072
902.00,1.3926
902.50,1.3547
903.00,1.3057
903.50,1.2592
904.00,1.2233
904.50,1.1988
905.00,1.1833
905.50,1.1763
906.00,1.1810
906.50,1.2003
907.00,1.2314
907.50,1.2670
908.00,1.3011
908.50,1.3330
909.00,1.3674
909.50,1.4084
910.00,1.4528
910.50,1.4896
911.00,1.5074
911.50,1.5033
912.00,1.4847
912.50,1.4630
913.00,1.4470
913.50,1.4390
914.00,1.4355
914.50,1.4302
915.00,1.4182
915.50,1.4001
916.00,1.3819
916.50,1.3730
917.00,1.3825
917.50,1.4155
918.00,1.4674
918.50,1.5225
919.00,1.5592
919.50,1.5623
920.00,1.5308
920.50,1.4767
921.00,1.4161
921.50,1.3616
922.00,1.3195
922.50,1.2936
923.00,1.2867
923.50,1.3000
924.00,1.3287
924.50,1.3614
925.00,1.3863
925.50,1.3991
926.00,1.4037
926.50,1.4056
927.00,1.4070
927.50,1.4088
928.00,1.4138
928.50,1.4262
929.00,1.4467
929.50,1.4699
930.00,1.4878
930.50,1.4942
931.00,1.4867
931.50,1.4665
932.00,1.4359
932.50,1.3980
933.00,1.3594
933.50,1.3302
934.00,1.3202
934.50,1.3304
935.00,1.3526
935.50,1.3752
936.00,1.3921
936.50,1.4043
937.00,1.4157
937.50,1.4277
938.00,1.4366
938.50,1.4373
939.00,1.4275
939.50,1.4081
940.00,1.3804
940.50,1.3441
941.00,1.3010
941.50,1.2573
942.00,1.2206
942.50,1.1935
943.00,1.1719
943.50,1.1491
944.00,1.1190
944.50,1.0784
945.00,1.0290
945.50,0.9783
946.00,0.9372
946.50,0.9155
947.00,0.9183
947.50,0.9435
948.00,0.9827
948.50,1.0235
949.00,1.0541
949.50,1.0679
950.00,1.0673
950.50,1.0611
951.00,1.0585
951.50,1.0623
952.00,1.0701
952.50,1.0783
953.00,1.0871
953.50,1.1000
954.00,1.1217
954.50,1.1542
955.00,1.1951
955.50,1.2364
956.00,1.2676
956.50,1.2821
957.00,1.2819
957.50,1.2759
958.00,1.2722
958.50,1.2709
959.00,1.2643
959.50,1.2449
960.00,1.2138
960.50,1.1822
961.00,1.1622
961.50,1.1579
962.00,1.1626
962.50,1.1651
963.00,1.1584
963.50,1.1427
964.00,1.1214
964.50,1.0953
965.00,1.0639
965.50,1.0319
966.00,1.0106
966.50,1.0099
967.00,1.0281
967.50,1.0495
968.00,1.0554
968.50,1.0359
969.00,0.9955
969.50,0.9474
970.00,0.9033
970.50,0.8674
971.00,0.8368
971.50,0.8095
972.00,0.7905
972.50,0.7912
973.00,0.8198
973.50,0.8719
974.00,0.9301
974.50,0.9735
975.00,0.9895
975.50,0.9791
976.00,0.9550
976.50,0.9335
977.00,0.9251
977.50,0.9283
978.00,0.9317
978.50,0.9237
979.00,0.9025
979.50,0.8769
980.00,0.8604
980.50,0.8615
981.00,0.8775
981.50,0.8955
982.00,0.9021
982.50,0.8942
983.00,0.8823
983.50,0.8822
984.00,0.9036
984.50,0.9439
985.00,0.9925
985.50,1.0396
986.00,1.0812
986.50,1.1166
987.00,1.1430
987.50,1.1551
988.00,1.1506
988.50,1.1343
989.00,1.1164
989.50,1.1055
990.00,1.1040
990.50,1.1072
991.00,1.1053
991.50,1.0890
992.00,1.0564
992.50,1.0167
993.00,0.9843
993.50,0.9680
994.00,0.9647
994.50,0.9654
995.00,0.9656
995.50,0.9714
996.00,0.9942
996.50,1.0415
997.00,1.1107
997.50,1.1884
998.00,1.2567
998.50,1.3000
999.00,1.3127
999.50,1.3013
1000.00,1.2823
1000.50,1.2735
1001.00,1.2839
1001.50,1.3093
1002.00,1.3363
1002.50,1.3523
1003.00,1.3545
1003.50,1.3513
1004.00,1.3545
1004.50,1.3684
1005.00,1.3855
1005.50,1.3936
1006.00,1.3875
1006.50,1.3724
1007.00,1.3560
1007.50,1.3417
1008.00,1.3276
1008.50,1.3116
1009.00,1.2958
1009.50,1.2860
1010.00,1.2886
1010.50,1.3050
1011.00,1.3278
1011.50,1.3453
1012.00,1.3495
1012.50,1.3420
1013.00,1.3306
1013.50,1.3236
1014.00,1.3248
1014.50,1.3316
1015.00,1.3349
1015.50,1.3244
1016.00,1.2956
1016.50,1.2547
1017.00,1.2143
1017.50,1.1849
1018.00,1.1701
1018.50,1.1670
1019.00,1.1689
1019.50,1.1679
1020.00,1.1583
1020.50,1.1413
1021.00,1.1258
1021.50,1.1209
1022.00,1.1267
1022.50,1.1333
1023.00,1.1306
1023.50,1.1175
1024.00,1.1025
1024.50,1.0934
1025.00,1.0896
1025.50,1.0837
1026.00,1.0711
1026.50,1.0556
1027.00,1.0441
1027.50,1.0389
1028.00,1.0336
1028.50,1.0195
1029.00,0.9924
1029.50,0.9559
1030.00,0.9173
1030.50,0.8828
1031.00,0.8561
1031.50,0.8407
1032.00,0.8399
1032.50,0.8542
1033.00,0.8783
1033.50,0.9017
1034.00,0.9138
1034.50,0.9101
1035.00,0.8941
1035.50,0.8729
1036.00,0.8521
1036.50,0.8350
1037.00,0.8237
1037.50,0.8198
1038.00,0.8214
1038.50,0.8221
1039.00,0.8136
1039.50,0.7930
1040.00,0.7678
1040.50,0.7529
1041.00,0.7602
1041.50,0.7892
1042.00,0.8284
1042.50,0.8655
1043.00,0.8948
1043.50,0.9173
1044.00,0.9349
1044.50,0.9487
1045.00,0.9596
1045.50,0.9697
1046.00,0.9811
1046.50,0.9956
1047.00,1.0135
1047.50,1.0330
1048.00,1.0520
1048.50,1.0717
1049.00,1.0972
1049.50,1.1333
1050.00,1.1788
1050.50,1.2256
1051.00,1.2650
1051.50,1.2917
1052.00,1.3039
1052.50,1.3005
1053.00,1.2815
1053.50,1.2501
1054.00,1.2141
1054.50,1.1846
1055.00,1.1711
1055.50,1.1737
1056.00,1.1812
1056.50,1.1803
1057.00,1.1661
1057.50,1.1449
1058.00,1.1255
1058.50,1.1110
1059.00,1.0997
1059.50,1.0881
1060.00,1.0733
1060.50,1.0523
1061.00,1.0231
1061.50,0.9883
1062.00,0.9559
1062.50,0.9354
1063.00,0.9319
1063.50,0.9450
1064.00,0.9704
1064.50,1.0019
1065.00,1.0323
1065.50,1.0554
1066.00,1.0681
1066.50,1.0715
1067.00,1.0680
1067.50,1.0591
1068.00,1.0449
1068.50,1.0251
1069.00,1.0007
1069.50,0.9761
1070.00,0.9571
1070.50,0.9489
1071.00,0.9524
1071.50,0.9637
1072.00,0.9761
1072.50,0.9828
1073.00,0.9803
1073.50,0.9702
1074.00,0.9586
1074.50,0.9522
1075.00,0.9535
1075.50,0.9585
1076.00,0.9608
1076.50,0.9567
1077.00,0.9488
1077.50,0.9430
1078.00,0.9435
1078.50,0.9496
1079.00,0.9560
1079.50,0.9545
1080.00,0.9367
1080.50,0.8978
1081.00,0.8402
1081.50,0.7759
1082.00,0.7226
1082.50,0.6954
1083.00,0.6989
1083.50,0.7258
1084.00,0.7641
1084.50,0.8033
1085.00,0.8350
1085.50,0.8531
1086.00,0.8563
1086.50,0.8521
1087.00,0.8535
1087.50,0.8694
1088.00,0.8981
1088.50,0.9295
1089.00,0.9553
1089.50,0.9766
1090.00,1.0022
1090.50,1.0406
1091.00,1.0910
1091.50,1.1416
1092.00,1.1762
1092.50,1.1839
1093.00,1.1649
1093.50,1.1276
1094.00,1.0837
1094.50,1.0413
1095.00,1.0034
1095.50,0.9703
1096.00,0.9453
1096.50,0.9359
1097.00,0.9474
1097.50,0.9765
1098.00,1.0118
1098.50,1.0416
1099.00,1.0604
1099.50,1.0686
1100.00,1.0682
1100.50,1.0608
1101.00,1.0495
1101.50,1.0393
1102.00,1.0352
1102.50,1.0385
1103.00,1.0458
1103.50,1.0522
1104.00,1.0543
1104.50,1.0503
1105.00,1.0389
1105.50,1.0196
1106.00,0.9966
1106.50,0.9798
1107.00,0.9794
1107.50,0.9972
1108.00,1.0236
1108.50,1.0444
1109.00,1.0497
1109.50,1.0396
1110.00,1.0223
1110.50,1.0096
1111.00,1.0098
1111.50,1.0250
1112.00,1.0510
1112.50,1.0805
1113.00,1.1061
1113.50,1.1236
1114.00,1.1331
1114.50,1.1384
1115.00,1.1433
1115.50,1.1472
1116.00,1.1447
1116.50,1.1314
1117.00,1.1081
1117.50,1.0805
1118.00,1.0552
1118.50,1.0365
1119.00,1.0265
1119.50,1.0259
1120.00,1.0332
1120.50,1.0441
1121.00,1.0532
1121.50,1.0575
1122.00,1.0557
1122.50,1.0457
1123.00,1.0234
1123.50,0.9868
1124.00,0.9400
1124.50,0.8901
1125.00,0.8401
1125.50,0.7891
1126.00,0.7395
1126.50,0.7025
1127.00,0.6902
1127.50,0.7037
1128.00,0.7296
1128.50,0.7514
1129.00,0.7613
1129.50,0.7624
1130.00,0.7612
1130.50,0.7605
1131.00,0.7580
1131.50,0.7515
1132.00,0.7440
1132.50,0.7429
1133.00,0.7517
1133.50,0.7646
1134.00,0.7698
1134.50,0.7584
1135.00,0.7294
1135.50,0.6878
1136.00,0.6420
1136.50,0.6017
1137.00,0.5764
1137.50,0.5698
1138.00,0.5767
1138.50,0.5851
1139.00,0.5846
1139.50,0.5714
1140.00,0.5487
1140.50,0.5248
1141.00,0.5092
1141.50,0.5075
1142.00,0.5166
1142.50,0.5256
1143.00,0.5265
1143.50,0.5225
1144.00,0.5253
1144.50,0.5427
1145.00,0.5704
1145.50,0.5951
1146.00,0.6069
1146.50,0.6047
1147.00,0.5942
1147.50,0.5792
1148.00,0.5592
1148.50,0.5329
1149.00,0.5030
1149.50,0.4751
1150.00,0.4516
1150.50,0.4307
1151.00,0.4119
1151.50,0.4000
1152.00,0.4019
1152.50,0.4184
1153.00,0.4409
1153.50,0.4560
1154.00,0.4541
1154.50,0.4351
1155.00,0.4074
1155.50,0.3851
1156.00,0.3803
1156.50,0.3974
1157.00,0.4310
1157.50,0.4708
1158.00,0.5092
1158.50,0.5435
1159.00,0.5726
1159.50,0.5941
1160.00,0.6064
1160.50,0.6121
1161.00,0.6162
1161.50,0.6223
1162.00,0.6301
1162.50,0.6377
1163.00,0.6436
1163.50,0.6476
1164.00,0.6500
1164.50,0.6509
1165.00,0.6490
1165.50,0.6440
1166.00,0.6382
1166.50,0.6370
1167.00,0.6453
1167.50,0.6639
1168.00,0.6883
1168.50,0.7101
1169.00,0.7197
1169.50,0.7117
1170.00,0.6892
1170.50,0.6625
1171.00,0.6438
1171.50,0.6405
1172.00,0.6520
1172.50,0.6722
1173.00,0.6926
1173.50,0.7042
1174.00,0.6996
1174.50,0.6766
1175.00,0.6396
1175.50,0.5984
1176.00,0.5630
1176.50,0.5389
1177.00,0.5277
1177.50,0.5288
1178.00,0.5412
1178.50,0.5621
1179.00,0.5858
1179.50,0.6043
1180.00,0.6112
1180.50,0.6052
1181.00,0.5893
1181.50,0.5692
1182.00,0.5516
1182.50,0.5433
1183.00,0.5486
1183.50,0.5666
1184.00,0.5912
1184.50,0.6157
1185.00,0.6381
1185.50,0.6611
1186.00,0.6875
1186.50,0.7152
1187.00,0.7375
1187.50,0.7484
1188.00,0.7463
1188.50,0.7354
1189.00,0.7240
1189.50,0.7207
1190.00,0.7303
1190.50,0.7500
1191.00,0.7701
1191.50,0.7779
1192.00,0.7638
1192.50,0.7270
1193.00,0.6763
1193.50,0.6262
1194.00,0.5895
1194.50,0.5725
1195.00,0.5733
1195.50,0.5831
1196.00,0.5911
1196.50,0.5904
1197.00,0.5835
1197.50,0.5802
1198.00,0.5900
1198.50,0.6143
1199.00,0.6450
1199.50,0.6691
1200.00,0.6756
1200.50,0.6593
1201.00,0.6251
1201.50,0.5857
1202.00,0.5571
1202.50,0.5498
1203.00,0.5629
1203.50,0.5855
1204.00,0.6042
1204.50,0.6087
1205.00,0.5947
1205.50,0.5636
1206.00,0.5223
1206.50,0.4824
1207.00,0.4555
1207.50,0.4470
1208.00,0.4528
1208.50,0.4629
1209.00,0.4661
1209.50,0.4557
1210.00,0.4313
1210.50,0.3988
1211.00,0.3657
1211.50,0.3363
1212.00,0.3086
1212.50,0.2783
1213.00,0.2439
1213.50,0.2094
1214.00,0.1810
1214.50,0.1634
1215.00,0.1573
1215.50,0.1604
1216.00,0.1694
1216.50,0.1817
1217.00,0.1949
1217.50,0.2058
1218.00,0.2114
1218.50,0.2093
1219.00,0.2001
1219.50,0.1867
1220.00,0.1727
1220.50,0.1617
1221.00,0.1542
1221.50,0.1475
1222.00,0.1362
1222.50,0.1179
1223.00,0.0979
1223.50,0.0870
1224.00,0.0924
1224.50,0.1108
1225.00,0.1314
1225.50,0.1453
1226.00,0.1513
1226.50,0.1522
1227.00,0.1501
1227.50,0.1449
1228.00,0.1381
1228.50,0.1357
1229.00,0.1458
1229.50,0.1725
1230.00,0.2107
1230.50,0.2483
1231.00,0.2752
1231.50,0.2912
1232.00,0.3040
1232.50,0.3211
1233.00,0.3444
1233.50,0.3733
1234.00,0.4098
1234.50,0.4604
1235.00,0.5341
1235.50,0.6402
1236.00,0.7836
1236.50,0.9610
1237.00,1.1617
1237.50,1.3730
1238.00,1.5859
1238.50,1.7933
1239.00,1.9842
1239.50,2.1436
1240.00,2.2602
1240.50,2.3341
1241.00,2.3764
1241.50,2.4011
1242.00,2.4171
1242.50,2.4276
1243.00,2.4326
1243.50,2.4316
1244.00,2.4227
1244.50,2.4045
1245.00,2.3774
1245.50,2.3450
1246.00,2.3106
1246.50,2.2758
1247.00,2.2418
1247.50,2.2115
1248.00,2.1875
1248.50,2.1680
1249.00,2.1460
1249.50,2.1134
1250.00,2.0653
1250.50,2.0002
1251.00,1.9196
1251.50,1.8273
1252.00,1.7301
1252.50,1.6367
1253.00,1.5556
1253.50,1.4943
1254.00,1.4586
1254.50,1.4491
1255.00,1.4578
1255.50,1.4705
1256.00,1.4740
1256.50,1.4634
1257.00,1.4425
1257.50,1.4203
1258.00,1.4074
1258.50,1.4146
1259.00,1.4482
1259.50,1.5046
1260.00,1.5699
1260.50,1.6289
1261.00,1.6751
1261.50,1.7133
1262.00,1.7532
1262.50,1.8007
1263.00,1.8543
1263.50,1.9084
1264.00,1.9582
1264.50,2.0030
1265.00,2.0454
1265.50,2.0878
1266.00,2.1285
1266.50,2.1615
1267.00,2.1813
1267.50,2.1874
1268.00,2.1847
1268.50,2.1792
1269.00,2.1747
1269.50,2.1735
1270.00,2.1760
1270.50,2.1809
1271.00,2.1851
1271.50,2.1849
1272.00,2.1777
1272.50,2.1625
1273.00,2.1401
1273.50,2.1142
1274.00,2.0900
1274.50,2.0697
1275.00,2.0495
1275.50,2.0212
1276.00,1.9791
1276.50,1.9249
1277.00,1.8678
1277.50,1.8185
1278.00,1.7826
1278.50,1.7594
1279.00,1.7464
1279.50,1.7447
1280.00,1.7572
1280.50,1.7830
1281.00,1.8127
1281.50,1.8325
1282.00,1.8335
1282.50,1.8177
1283.00,1.7962
1283.50,1.7788
1284.00,1.7668
1284.50,1.7536
1285.00,1.7320
1285.50,1.6996
1286.00,1.6592
1286.50,1.6162
1287.00,1.5765
1287.50,1.5456
1288.00,1.5254
1288.50,1.5128
1289.00,1.5021
1289.50,1.4893
1290.00,1.4747
1290.50,1.4622
1291.00,1.4555
1291.50,1.4547
1292.00,1.4561
1292.50,1.4546
1293.00,1.4492
1293.50,1.4438
1294.00,1.4426
1294.50,1.4446
1295.00,1.4432
1295.50,1.4327
1296.00,1.4136
1296.50,1.3915
1297.00,1.3729
1297.50,1.3634
1298.00,1.3672
1298.50,1.3845
1299.00,1.4088
1299.50,1.4267
1300.00,1.4255
1300.50,1.4013
1301.00,1.3633
1301.50,1.3289
1302.00,1.3144
1302.50,1.3269
1303.00,1.3620
1303.50,1.4074
1304.00,1.4493
1304.50,1.4775
1305.00,1.4888
1305.50,1.4858
1306.00,1.4745
1306.50,1.4627
1307.00,1.4571
1307.50,1.4603
1308.00,1.4691
1308.50,1.4766
1309.00,1.4786
1309.50,1.4766
1310.00,1.4752
1310.50,1.4763
1311.00,1.4773
1311.50,1.4738
1312.00,1.4640
1312.50,1.4499
1313.00,1.4352
1313.50,1.4213
1314.00,1.4058
1314.50,1.3845
1315.00,1.3568
1315.50,1.3269
1316.00,1.3011
1316.50,1.2830
1317.00,1.2728
1317.50,1.2678
1318.00,1.2642
1318.50,1.2579
1319.00,1.2457
1319.50,1.2281
1320.00,1.2087
1320.50,1.1916
1321.00,1.1798
1321.50,1.1732
1322.00,1.1708
1322.50,1.1725
1323.00,1.1797
1323.50,1.1924
1324.00,1.2053
1324.50,1.2090
1325.00,1.1960
1325.50,1.1670
1326.00,1.1312
1326.50,1.0999
1327.00,1.0792
1327.50,1.0673
1328.00,1.0579
1328.50,1.0459
1329.00,1.0300
1329.50,1.0136
1330.00,1.0016
1330.50,0.9981
1331.00,1.0044
1331.50,1.0189
1332.00,1.0378
1332.50,1.0571
1333.00,1.0733
1333.50,1.0850
1334.00,1.0912
1334.50,1.0896
1335.00,1.0781
1335.50,1.0583
1336.00,1.0366
1336.50,1.0213
1337.00,1.0171
1337.50,1.0229
1338.00,1.0329
1338.50,1.0401
1339.00,1.0404
1339.50,1.0353
1340.00,1.0307
1340.50,1.0326
1341.00,1.0422
1341.50,1.0540
1342.00,1.0592
1342.50,1.0509
1343.00,1.0277
1343.50,0.9939
1344.00,0.9566
1344.50,0.9252
1345.00,0.9093
1345.50,0.9145
1346.00,0.9372
1346.50,0.9645
1347.00,0.9819
1347.50,0.9825
1348.00,0.9698
1348.50,0.9534
1349.00,0.9430
1349.50,0.9447
1350.00,0.9584
1350.50,0.9780
1351.00,0.9960
1351.50,1.0111
1352.00,1.0308
1352.50,1.0642
1353.00,1.1126
1353.50,1.1672
1354.00,1.2160
1354.50,1.2536
1355.00,1.2831
1355.50,1.3110
1356.00,1.3403
1356.50,1.3684
1357.00,1.3888
1357.50,1.3967
1358.00,1.3928
1358.50,1.3824
1359.00,1.3711
1359.50,1.3620
1360.00,1.3557
1360.50,1.3525
1361.00,1.3520
1361.50,1.3514
1362.00,1.3467
1362.50,1.3353
1363.00,1.3195
1363.50,1.3041
1364.00,1.2918
1364.50,1.2803
1365.00,1.2657
1365.50,1.2483
1366.00,1.2335
1366.50,1.2273
1367.00,1.2307
1367.50,1.2377
1368.00,1.2393
1368.50,1.2295
1369.00,1.2091
1369.50,1.1866
1370.00,1.1738
1370.50,1.1789
1371.00,1.1994
1371.50,1.2235
1372.00,1.2382
1372.50,1.2388
1373.00,1.2306
1373.50,1.2214
1374.00,1.2147
1374.50,1.2095
1375.00,1.2044
1375.50,1.1993
1376.00,1.1951
1376.50,1.1922
1377.00,1.1915
1377.50,1.1930
1378.00,1.1947
1378.50,1.1935
1379.00,1.1877
1379.50,1.1785
1380.00,1.1665
1380.50,1.1503
1381.00,1.1283
1381.50,1.1009
1382.00,1.0723
1382.50,1.0464
1383.00,1.0234
1383.50,0.9994
1384.00,0.9713
1384.50,0.9417
1385.00,0.9190
1385.50,0.9091
1386.00,0.9086
1386.50,0.9065
1387.00,0.8950
1387.50,0.8762
1388.00,0.8603
1388.50,0.8563
1389.00,0.8660
1389.50,0.8849
1390.00,0.9074
1390.50,0.9302
1391.00,0.9503
1391.50,0.9628
1392.00,0.9622
1392.50,0.9460
1393.00,0.9167
1393.50,0.8792
1394.00,0.8360
1394.50,0.7866
1395.00,0.7321
1395.50,0.6792
1396.00,0.6393
1396.50,0.6219
1397.00,0.6281
1397.50,0.6490
1398.00,0.6703
1398.50,0.6803
1399.00,0.6733
1399.50,0.6502
1400.00,0.6151
1400.50,0.5745
1401.00,0.5379
1401.50,0.5153
1402.00,0.5115
1402.50,0.5211
1403.00,0.5309
1403.50,0.5297
1404.00,0.5157
1404.50,0.4968
1405.00,0.4819
1405.50,0.4746
1406.00,0.4718
1406.50,0.4688
1407.00,0.4649
1407.50,0.4638
1408.00,0.4691
1408.50,0.4784
1409.00,0.4838
1409.50,0.4764
1410.00,0.4521
1410.50,0.4143
1411.00,0.3734
1411.50,0.3425
1412.00,0.3303
1412.50,0.3378
1413.00,0.3590
1413.50,0.3847
1414.00,0.4058
1414.50,0.4169
1415.00,0.4190
1415.50,0.4198
1416.00,0.4280
1416.50,0.4458
1417.00,0.4668
1417.50,0.4817
1418.00,0.4862
1418.50,0.4833
1419.00,0.4799
1419.50,0.4816
1420.00,0.4897
1420.50,0.5013
1421.00,0.5124
1421.50,0.5209
1422.00,0.5271
1422.50,0.5331
1423.00,0.5404
1423.50,0.5501
1424.00,0.5646
1424.50,0.5860
1425.00,0.6128
1425.50,0.6379
1426.00,0.6532
1426.50,0.6563
1427.00,0.6528
1427.50,0.6515
1428.00,0.6588
1428.50,0.6771
1429.00,0.7053
1429.50,0.7400
1430.00,0.7745
1430.50,0.7987
1431.00,0.8030
1431.50,0.7853
1432.00,0.7547
1432.50,0.7285
1433.00,0.7207
1433.50,0.7320
1434.00,0.7489
1434.50,0.7551
1435.00,0.7442
1435.50,0.7233
1436.00,0.7059
1436.50,0.7001
1437.00,0.7035
1437.50,0.7049
1438.00,0.6918
1438.50,0.6562
1439.00,0.5995
1439.50,0.5325
1440.00,0.4708
1440.50,0.4253
1441.00,0.3965
1441.50,0.3762
1442.00,0.3538
1442.50,0.3228
1443.00,0.2805
1443.50,0.2283
1444.00,0.1694
1444.50,0.1093
1445.00,0.0535
1445.50,0.0051
1446.00,-0.0357
1446.50,-0.0700
1447.00,-0.0985
1447.50,-0.1224
1448.00,-0.1466
1448.50,-0.1791
1449.00,-0.2268
1449.50,-0.2895
1450.00,-0.3588
1450.50,-0.4209
1451.00,-0.4613
1451.50,-0.4719
1452.00,-0.4564
1452.50,-0.4295
1453.00,-0.4084
1453.50,-0.4044
1454.00,-0.4199
1454.50,-0.4514
1455.00,-0.4926
1455.50,-0.5349
1456.00,-0.5684
1456.50,-0.5855
1457.00,-0.5860
1457.50,-0.5782
1458.00,-0.5736
1458.50,-0.5780
1459.00,-0.5879
1459.50,-0.5967
1460.00,-0.6017
1460.50,-0.6069
1461.00,-0.6159
1461.50,-0.6277
1462.00,-0.6372
1462.50,-0.6401
1463.00,-0.6359
1463.50,-0.6254
1464.00,-0.6071
1464.50,-0.5783
1465.00,-0.5372
1465.50,-0.4860
1466.00,-0.4299
1466.50,-0.3760
1467.00,-0.3311
1467.50,-0.3007
1468.00,-0.2865
1468.50,-0.2854
1469.00,-0.2907
1469.50,-0.2935
1470.00,-0.2849
1470.50,-0.2590
1471.00,-0.2157
1471.50,-0.1628
1472.00,-0.1119
1472.50,-0.0722
1473.00,-0.0451
1473.50,-0.0253
1474.00,-0.0052
1474.50,0.0204
1475.00,0.0519
1475.50,0.0854
1476.00,0.1162
1476.50,0.1403
1477.00,0.1553
1477.50,0.1597
1478.00,0.1546
1478.50,0.1468
1479.00,0.1443
1479.50,0.1498
1480.00,0.1556
1480.50,0.1506
1481.00,0.1303
1481.50,0.1020
1482.00,0.0792
1482.50,0.0703
1483.00,0.0728
1483.50,0.0764
1484.00,0.0705
1484.50,0.0499
1485.00,0.0166
1485.50,-0.0212
1486.00,-0.0523
1486.50,-0.0684
1487.00,-0.0679
1487.50,-0.0547
1488.00,-0.0347
1488.50,-0.0114
1489.00,0.0141
1489.50,0.0426
1490.00,0.0744
1490.50,0.1079
1491.00,0.1393
1491.50,0.1640
1492.00,0.1795
1492.50,0.1854
1493.00,0.1824
1493.50,0.1735
1494.00,0.1670
1494.50,0.1759
1495.00,0.2096
1495.50,0.2647
1496.00,0.3250
1496.50,0.3722
1497.00,0.3978
1497.50,0.4062
1498.00,0.4089
1498.50,0.4156
1499.00,0.4304
1499.50,0.4504
1500.00,0.4684
1500.50,0.4768
1501.00,0.4733
1501.50,0.4629
1502.00,0.4527
1502.50,0.4463
1503.00,0.4418
1503.50,0.4378
1504.00,0.4365
1504.50,0.4409
1505.00,0.4513
1505.50,0.4655
1506.00,0.4821
1506.50,0.5007
1507.00,0.5202
1507.50,0.5368
1508.00,0.5476
1508.50,0.5533
1509.00,0.5595
1509.50,0.5717
1510.00,0.5898
1510.50,0.6081
1511.00,0.6209
1511.50,0.6287
1512.00,0.6385
1512.50,0.6585
1513.00,0.6915
1513.50,0.7321
1514.00,0.7709
1514.50,0.7997
1515.00,0.8155
1515.50,0.8216
1516.00,0.8246
1516.50,0.8304
1517.00,0.8421
1517.50,0.8579
1518.00,0.8706
1518.50,0.8720
1519.00,0.8594
1519.50,0.8399
1520.00,0.8272
1520.50,0.8322
1521.00,0.8551
1521.50,0.8874
1522.00,0.9187
1522.50,0.9433
1523.00,0.9600
1523.50,0.9675
1524.00,0.9643
1524.50,0.9509
1525.00,0.9329
1525.50,0.9177
1526.00,0.9100
1526.50,0.9095
1527.00,0.9141
1527.50,0.9236
1528.00,0.9395
1528.50,0.9626
1529.00,0.9918
1529.50,1.0273
1530.00,1.0715
1530.50,1.1258
1531.00,1.1869
1531.50,1.2478
1532.00,1.3023
1532.50,1.3484
1533.00,1.3872
1533.50,1.4210
1534.00,1.4507
1534.50,1.4775
1535.00,1.5040
1535.50,1.5347
1536.00,1.5723
1536.50,1.6138
1537.00,1.6493
1537.50,1.6682
1538.00,1.6672
1538.50,1.6536
1539.00,1.6386
1539.50,1.6272
1540.00,1.6142
1540.50,1.5887
1541.00,1.5436
1541.50,1.4808
1542.00,1.4101
1542.50,1.3439
1543.00,1.2897
1543.50,1.2467
1544.00,1.2062
1544.50,1.1573
1545.00,1.0958
1545.50,1.0275
1546.00,0.9629
1546.50,0.9069
1547.00,0.8548
1547.50,0.7975
1548.00,0.7290
1548.50,0.6507
1549.00,0.5696
1549.50,0.4961
1550.00,0.4413
1550.50,0.4143
1551.00,0.4173
1551.50,0.4418
1552.00,0.4704
1552.50,0.4860
1553.00,0.4818
1553.50,0.4647
1554.00,0.4503
1554.50,0.4536
1555.00,0.4797
1555.50,0.5208
1556.00,0.5592
1556.50,0.5766
1557.00,0.5641
1557.50,0.5265
1558.00,0.4767
1558.50,0.4278
1559.00,0.3884
1559.50,0.3621
1560.00,0.3500
1560.50,0.3510
1561.00,0.3624
1561.50,0.3808
1562.00,0.4024
1562.50,0.4240
1563.00,0.4441
1563.50,0.4632
1564.00,0.4835
1564.50,0.5072
1565.00,0.5358
1565.50,0.5693
1566.00,0.6062
1566.50,0.6430
1567.00,0.6763
1567.50,0.7057
1568.00,0.7353
1568.50,0.7709
1569.00,0.8150
1569.50,0.8655
1570.00,0.9189
1570.50,0.9730
1571.00,1.0282
1571.50,1.0862
1572.00,1.1488
1572.50,1.2149
1573.00,1.2787
1573.50,1.3321
1574.00,1.3719
1574.50,1.4048
1575.00,1.4459
1575.50,1.5086
1576.00,1.5951
1576.50,1.6961
1577.00,1.7989
1577.50,1.8962
1578.00,1.9886
1578.50,2.0802
1579.00,2.1751
1579.50,2.2762
1580.00,2.3847
1580.50,2.5009
1581.00,2.6241
1581.50,2.7538
1582.00,2.8898
1582.50,3.0312
1583.00,3.1753
1583.50,3.3204
1584.00,3.4684
1584.50,3.6245
1585.00,3.7926
1585.50,3.9709
1586.00,4.1536
1586.50,4.3351
1587.00,4.5133
1587.50,4.6901
1588.00,4.8699
1588.50,5.0568
1589.00,5.2524
1589.50,5.4557
1590.00,5.6650
1590.50,5.8803
1591.00,6.1021
1591.50,6.3306
1592.00,6.5666
1592.50,6.8137
1593.00,7.0782
1593.50,7.3657
1594.00,7.6780
1594.50,8.0116
1595.00,8.3601
1595.50,8.7167
1596.00,9.0770
1596.50,9.4404
1597.00,9.8094
1597.50,10.1871
1598.00,10.5756
1598.50,10.9768
1599.00,11.3935
1599.50,11.8274
1600.00,12.2743
1600.50,12.7244
1601.00,13.1676
1601.50,13.6000
1602.00,14.0243
1602.50,14.4456
1603.00,14.8680
1603.50,15.2930
1604.00,15.7201
1604.50,16.1447
1605.00,16.5587
1605.50,16.9547
1606.00,17.3313
1606.50,17.6947
1607.00,18.0513
1607.50,18.4007
1608.00,18.7328
1608.50,19.0347
1609.00,19.2988
1609.50,19.5244
1610.00,19.7128
1610.50,19.8615
1611.00,19.9618
1611.50,20.0023
1612.00,19.9719
1612.50,19.8624
1613.00,19.6702
1613.50,19.3954
1614.00,19.0396
1614.50,18.6026
1615.00,18.0816
1615.50,17.4756
1616.00,16.7898
1616.50,16.0369
1617.00,15.2325
1617.50,14.3891
1618.00,13.5134
1618.50,12.6106
1619.00,11.6893
1619.50,10.7625
1620.00,9.8447
1620.50,8.9492
1621.00,8.0881
1621.50,7.2725
1622.00,6.5112
1622.50,5.8091
1623.00,5.1697
1623.50,4.5965
1624.00,4.0924
1624.50,3.6583
1625.00,3.2912
1625.50,2.9858
1626.00,2.7345
1626.50,2.5274
1627.00,2.3526
1627.50,2.1991
1628.00,2.0615
1628.50,1.9437
1629.00,1.8549
1629.50,1.7997
1630.00,1.7704
1630.50,1.7504
1631.00,1.7265
1631.50,1.6985
1632.00,1.6758
1632.50,1.6677
1633.00,1.6755
1633.50,1.6932
1634.00,1.7130
1634.50,1.7301
1635.00,1.7446
1635.50,1.7601
1636.00,1.7796
1636.50,1.8034
1637.00,1.8296
1637.50,1.8565
1638.00,1.8844
1638.50,1.9135
1639.00,1.9431
1639.50,1.9703
1640.00,1.9921
1640.50,2.0086
1641.00,2.0238
1641.50,2.0435
1642.00,2.0702
1642.50,2.1004
1643.00,2.1276
1643.50,2.1467
1644.00,2.1582
1644.50,2.1670
1645.00,2.1773
1645.50,2.1898
1646.00,2.2024
1646.50,2.2138
1647.00,2.2245
1647.50,2.2343
1648.00,2.2407
1648.50,2.2394
1649.00,2.2287
1649.50,2.2115
1650.00,2.1936
1650.50,2.1805
1651.00,2.1743
1651.50,2.1746
1652.00,2.1789
1652.50,2.1826
1653.00,2.1788
1653.50,2.1616
1654.00,2.1304
1654.50,2.0912
1655.00,2.0539
1655.50,2.0260
1656.00,2.0084
1656.50,1.9961
1657.00,1.9828
1657.50,1.9634
1658.00,1.9352
1658.50,1.8969
1659.00,1.8498
1659.50,1.7995
1660.00,1.7549
1660.50,1.7232
1661.00,1.7069
1661.50,1.7053
1662.00,1.7168
1662.50,1.7367
1663.00,1.7546
1663.50,1.7585
1664.00,1.7443
1664.50,1.7170
1665.00,1.6842
1665.50,1.6464
1666.00,1.5999
1666.50,1.5445
1667.00,1.4877
1667.50,1.4394
1668.00,1.4039
1668.50,1.3773
1669.00,1.3518
1669.50,1.3218
1670.00,1.2865
1670.50,1.2479
1671.00,1.2076
1671.50,1.1658
1672.00,1.1225
1672.50,1.0786
1673.00,1.0351
1673.50,0.9936
1674.00,0.9568
1674.50,0.9278
1675.00,0.9087
1675.50,0.8991
1676.00,0.8976
1676.50,0.9035
1677.00,0.9166
1677.50,0.9345
1678.00,0.9509
1678.50,0.9590
1679.00,0.9574
1679.50,0.9520
1680.00,0.9510
1680.50,0.9569
1681.00,0.9659
1681.50,0.9737
1682.00,0.9803
1682.50,0.9889
1683.00,1.0002
1683.50,1.0111
1684.00,1.0191
1684.50,1.0260
1685.00,1.0366
1685.50,1.0534
1686.00,1.0750
1686.50,1.0979
1687.00,1.1210
1687.50,1.1448
1688.00,1.1695
1688.50,1.1928
1689.00,1.2122
1689.50,1.2275
1690.00,1.2431
1690.50,1.2651
1691.00,1.2970
1691.50,1.3359
1692.00,1.3752
1692.50,1.4105
1693.00,1.4438
1693.50,1.4792
1694.00,1.5166
1694.50,1.5506
1695.00,1.5752
1695.50,1.5891
1696.00,1.5952
1696.50,1.5949
1697.00,1.5861
1697.50,1.5659
1698.00,1.5369
1698.50,1.5079
1699.00,1.4905
1699.50,1.4918
1700.00,1.5098
1700.50,1.5343
1701.00,1.5530
1701.50,1.5583
1702.00,1.5521
1702.50,1.5418
1703.00,1.5348
1703.50,1.5336
1704.00,1.5351
1704.50,1.5344
1705.00,1.5290
1705.50,1.5215
1706.00,1.5178
1706.50,1.5227
1707.00,1.5364
1707.50,1.5532
1708.00,1.5651
1708.50,1.5665
1709.00,1.5574
1709.50,1.5419
1710.00,1.5255
1710.50,1.5122
1711.00,1.5039
1711.50,1.5008
1712.00,1.5016
1712.50,1.5035
1713.00,1.5040
1713.50,1.5009
1714.00,1.4930
1714.50,1.4794
1715.00,1.4585
1715.50,1.4296
1716.00,1.3948
1716.50,1.3610
1717.00,1.3359
1717.50,1.3227
1718.00,1.3184
1718.50,1.3182
1719.00,1.3207
1719.50,1.3267
1720.00,1.3344
1720.50,1.3381
1721.00,1.3318
1721.50,1.3133
1722.00,1.2839
1722.50,1.2455
1723.00,1.1976
1723.50,1.1375
1724.00,1.0641
1724.50,0.9817
1725.00,0.9015
1725.50,0.8375
1726.00,0.7993
1726.50,0.7871
1727.00,0.7931
1727.50,0.8086
1728.00,0.8291
1728.50,0.8520
1729.00,0.8720
1729.50,0.8821
1730.00,0.8801
1730.50,0.8707
1731.00,0.8596
1731.50,0.8479
1732.00,0.8320
1732.50,0.8097
1733.00,0.7836
1733.50,0.7580
1734.00,0.7367
1734.50,0.7223
1735.00,0.7171
1735.50,0.7229
1736.00,0.7398
1736.50,0.7649
1737.00,0.7948
1737.50,0.8264
1738.00,0.8574
1738.50,0.8843
1739.00,0.9016
1739.50,0.9047
1740.00,0.8942
1740.50,0.8772
1741.00,0.8634
1741.50,0.8595
1742.00,0.8662
1742.50,0.8804
1743.00,0.8987
1743.50,0.9184
1744.00,0.9354
1744.50,0.9436
1745.00,0.9362
1745.50,0.9113
1746.00,0.8741
1746.50,0.8344
1747.00,0.8018
1747.50,0.7819
1748.00,0.7750
1748.50,0.7770
1749.00,0.7813
1749.50,0.7810
1750.00,0.7707
1750.50,0.7468
1751.00,0.7085
1751.50,0.6609
1752.00,0.6161
1752.50,0.5901
1753.00,0.5938
1753.50,0.6283
1754.00,0.6854
1754.50,0.7531
1755.00,0.8180
1755.50,0.8676
1756.00,0.8927
1756.50,0.8904
1757.00,0.8657
1757.50,0.8315
1758.00,0.8046
1758.50,0.7996
1759.00,0.8228
1759.50,0.8709
1760.00,0.9333
1760.50,0.9972
1761.00,1.0512
1761.50,1.0900
1762.00,1.1169
1762.50,1.1416
1763.00,1.1747
1763.50,1.2221
1764.00,1.2853
1764.50,1.3631
1765.00,1.4524
1765.50,1.5485
1766.00,1.6494
1766.50,1.7568
1767.00,1.8733
1767.50,1.9992
1768.00,2.1338
1768.50,2.2811
1769.00,2.4511
1769.50,2.6533
1770.00,2.8894
1770.50,3.1527
1771.00,3.4330
1771.50,3.7216
1772.00,4.0128
1772.50,4.3052
1773.00,4.6023
1773.50,4.9127
1774.00,5.2479
1774.50,5.6168
1775.00,6.0211
1775.50,6.4538
1776.00,6.9038
1776.50,7.3636
1777.00,7.8325
1777.50,8.3157
1778.00,8.8178
1778.50,9.3385
1779.00,9.8708
1779.50,10.4057
1780.00,10.9405
1780.50,11.4814
1781.00,12.0398
1781.50,12.6247
1782.00,13.2370
1782.50,13.8700
1783.00,14.5122
1783.50,15.1537
1784.00,15.7888
1784.50,16.4184
1785.00,17.0465
1785.50,17.6770
1786.00,18.3111
1786.50,18.9479
1787.00,19.5863
1787.50,20.2286
1788.00,20.8792
1788.50,21.5415
1789.00,22.2127
1789.50,22.8846
1790.00,23.5486
1790.50,24.2020
1791.00,24.8488
1791.50,25.4955
1792.00,26.1466
1792.50,26.8046
1793.00,27.4708
1793.50,28.1453
1794.00,28.8255
1794.50,29.5081
1795.00,30.1921
1795.50,30.8787
1796.00,31.5684
1796.50,32.2580
1797.00,32.9443
1797.50,33.6275
1798.00,34.3126
1798.50,35.0038
1799.00,35.6979
1799.50,36.3835
1800.00,37.0489
1800.50,37.6928
1801.00,38.3269
1801.50,38.9670
1802.00,39.6199
1802.50,40.2778
1803.00,40.9267
1803.50,41.5585
1804.00,42.1771
1804.50,42.7905
1805.00,43.4008
1805.50,44.0005
1806.00,44.5792
1806.50,45.1327
1807.00,45.6663
1807.50,46.1890
1808.00,46.7053
1808.50,47.2107
1809.00,47.6941
1809.50,48.1455
1810.00,48.5576
1810.50,48.9219
1811.00,49.2221
1811.50,49.4349
1812.00,49.5351
1812.50,49.4990
1813.00,49.3002
1813.50,48.9081
1814.00,48.2896
1814.50,47.4142
1815.00,46.2563
1815.50,44.7949
1816.00,43.0177
1816.50,40.9282
1817.00,38.5506
1817.50,35.9286
1818.00,33.1201
1818.50,30.1906
1819.00,27.2050
1819.50,24.2223
1820.00,21.2933
1820.50,18.4656
1821.00,15.7881
1821.50,13.3119
1822.00,11.0827
1822.50,9.1313
1823.00,7.4672
1823.50,6.0786
1824.00,4.9368
1824.50,4.0050
1825.00,3.2466
1825.50,2.6312
1826.00,2.1351
1826.50,1.7400
1827.00,1.4302
1827.50,1.1912
1828.00,1.0092
1828.50,0.8723
1829.00,0.7707
1829.50,0.6960
1830.00,0.6398
1830.50,0.5944
1831.00,0.5563
1831.50,0.5269
1832.00,0.5083
1832.50,0.4984
1833.00,0.4900
1833.50,0.4757
1834.00,0.4533
1834.50,0.4252
1835.00,0.3948
1835.50,0.3642
1836.00,0.3356
1836.50,0.3118
1837.00,0.2941
1837.50,0.2817
1838.00,0.2722
1838.50,0.2644
1839.00,0.2585
1839.50,0.2546
1840.00,0.2508
1840.50,0.2430
1841.00,0.2281
1841.50,0.2068
1842.00,0.1844
1842.50,0.1684
1843.00,0.1635
1843.50,0.1687
1844.00,0.1775
1844.50,0.1809
1845.00,0.1718
1845.50,0.1498
1846.00,0.1218
1846.50,0.0980
1847.00,0.0850
1847.50,0.0827
1848.00,0.0869
1848.50,0.0938
1849.00,0.1011
1849.50,0.1046
1850.00,0.0958
1850.50,0.0672
1851.00,0.0193
1851.50,-0.0348
1852.00,-0.0767
1852.50,-0.0955
1853.00,-0.0963
1853.50,-0.0954
1854.00,-0.1068
1854.50,-0.1323
1855.00,-0.1635
1855.50,-0.1916
1856.00,-0.2126
1856.50,-0.2264
1857.00,-0.2342
1857.50,-0.2364
1858.00,-0.2341
1858.50,-0.2291
1859.00,-0.2239
1859.50,-0.2204
1860.00,-0.2183
1860.50,-0.2152
1861.00,-0.2098
1861.50,-0.2058
1862.00,-0.2093
1862.50,-0.2234
1863.00,-0.2437
1863.50,-0.2609
1864.00,-0.2693
1864.50,-0.2709
1865.00,-0.2722
1865.50,-0.2776
1866.00,-0.2880
1866.50,-0.3019
1867.00,-0.3177
1867.50,-0.3325
1868.00,-0.3428
1868.50,-0.3466
1869.00,-0.3454
1869.50,-0.3440
1870.00,-0.3473
1870.50,-0.3570
1871.00,-0.3713
1871.50,-0.3867
1872.00,-0.4022
1872.50,-0.4197
1873.00,-0.4395
1873.50,-0.4553
1874.00,-0.4558
1874.50,-0.4348
1875.00,-0.3990
1875.50,-0.3645
1876.00,-0.3454
1876.50,-0.3453
1877.00,-0.3584
1877.50,-0.3762
1878.00,-0.3933
1878.50,-0.4079
1879.00,-0.4198
1879.50,-0.4283
1880.00,-0.4323
1880.50,-0.4325
1881.00,-0.4311
1881.50,-0.4318
1882.00,-0.4373
1882.50,-0.4469
1883.00,-0.4574
1883.50,-0.4633
1884.00,-0.4590
1884.50,-0.4416
1885.00,-0.4134
1885.50,-0.3818
1886.00,-0.3552
1886.50,-0.3391
1887.00,-0.3333
1887.50,-0.3326
1888.00,-0.3299
1888.50,-0.3206
1889.00,-0.3057
1889.50,-0.2916
1890.00,-0.2847
1890.50,-0.2854
1891.00,-0.2871
1891.50,-0.2803
1892.00,-0.2599
1892.50,-0.2278
1893.00,-0.1915
1893.50,-0.1582
1894.00,-0.1347
1894.50,-0.1256
1895.00,-0.1326
1895.50,-0.1523
1896.00,-0.1789
1896.50,-0.2086
1897.00,-0.2409
1897.50,-0.2757
1898.00,-0.3094
1898.50,-0.3356
1899.00,-0.3489
1899.50,-0.3486
1900.00,-0.3376
1900.50,-0.3191
1901.00,-0.2964
1901.50,-0.2738
1902.00,-0.2580
1902.50,-0.2544
1903.00,-0.2622
1903.50,-0.2732
1904.00,-0.2756
1904.50,-0.2629
1905.00,-0.2383
1905.50,-0.2135
1906.00,-0.2016
1906.50,-0.2101
1907.00,-0.2389
1907.50,-0.2812
1908.00,-0.3297
1908.50,-0.3783
1909.00,-0.4208
1909.50,-0.4508
1910.00,-0.4646
1910.50,-0.4657
1911.00,-0.4619
1911.50,-0.4595
1912.00,-0.4601
1912.50,-0.4631
1913.00,-0.4671
1913.50,-0.4697
1914.00,-0.4669
1914.50,-0.4560
1915.00,-0.4380
1915.50,-0.4167
1916.00,-0.3962
1916.50,-0.3775
1917.00,-0.3585
1917.50,-0.3362
1918.00,-0.3097
1918.50,-0.2816
1919.00,-0.2572
1919.50,-0.2411
1920.00,-0.2350
1920.50,-0.2386
1921.00,-0.2520
1921.50,-0.2763
1922.00,-0.3097
1922.50,-0.3449
1923.00,-0.3735
1923.50,-0.3938
1924.00,-0.4111
1924.50,-0.4316
1925.00,-0.4546
1925.50,-0.4759
1926.00,-0.4944
1926.50,-0.5155
1927.00,-0.5452
1927.50,-0.5837
1928.00,-0.6271
1928.50,-0.6712
1929.00,-0.7112
1929.50,-0.7393
1930.00,-0.7453
1930.50,-0.7223
1931.00,-0.6732
1931.50,-0.6099
1932.00,-0.5491
1932.50,-0.5065
1933.00,-0.4922
1933.50,-0.5069
1934.00,-0.5416
1934.50,-0.5814
1935.00,-0.6128
1935.50,-0.6285
1936.00,-0.6281
1936.50,-0.6145
1937.00,-0.5916
1937.50,-0.5649
1938.00,-0.5429
1938.50,-0.5335
1939.00,-0.5377
1939.50,-0.5451
1940.00,-0.5385
1940.50,-0.5062
1941.00,-0.4508
1941.50,-0.3887
1942.00,-0.3396
1942.50,-0.3148
1943.00,-0.3118
1943.50,-0.3200
1944.00,-0.3295
1944.50,-0.3360
1945.00,-0.3389
1945.50,-0.3364
1946.00,-0.3264
1946.50,-0.3095
1947.00,-0.2901
1947.50,-0.2724
1948.00,-0.2564
1948.50,-0.2385
1949.00,-0.2174
1949.50,-0.1974
1950.00,-0.1848
1950.50,-0.1819
1951.00,-0.1830
1951.50,-0.1776
1952.00,-0.1583
1952.50,-0.1262
1953.00,-0.0903
1953.50,-0.0608
1954.00,-0.0420
1954.50,-0.0313
1955.00,-0.0232
1955.50,-0.0168
1956.00,-0.0173
1956.50,-0.0314
1957.00,-0.0591
1957.50,-0.0920
1958.00,-0.1190
1958.50,-0.1341
1959.00,-0.1394
1959.50,-0.1410
1960.00,-0.1434
1960.50,-0.1478
1961.00,-0.1541
1961.50,-0.1621
1962.00,-0.1730
1962.50,-0.1884
1963.00,-0.2087
1963.50,-0.2320
1964.00,-0.2538
1964.50,-0.2693
1965.00,-0.2748
1965.50,-0.2693
1966.00,-0.2567
1966.50,-0.2456
1967.00,-0.2453
1967.50,-0.2584
1968.00,-0.2785
1968.50,-0.2938
1969.00,-0.2946
1969.50,-0.2797
1970.00,-0.2568
1970.50,-0.2396
1971.00,-0.2404
1971.50,-0.2626
1972.00,-0.2977
1972.50,-0.3312
1973.00,-0.3516
1973.50,-0.3573
1974.00,-0.3553
1974.50,-0.3539
1975.00,-0.3556
1975.50,-0.3548
1976.00,-0.3434
1976.50,-0.3197
1977.00,-0.2924
1977.50,-0.2758
1978.00,-0.2790
1978.50,-0.2988
1979.00,-0.3245
1979.50,-0.3472
1980.00,-0.3662
1980.50,-0.3858
1981.00,-0.4083
1981.50,-0.4319
1982.00,-0.4525
1982.50,-0.4681
1983.00,-0.4800
1983.50,-0.4912
1984.00,-0.5037
1984.50,-0.5181
1985.00,-0.5346
1985.50,-0.5531
1986.00,-0.5732
1986.50,-0.5936
1987.00,-0.6128
1987.50,-0.6285
1988.00,-0.6386
1988.50,-0.6436
1989.00,-0.6484
1989.50,-0.6607
1990.00,-0.6855
1990.50,-0.7203
1991.00,-0.7560
1991.50,-0.7827
1992.00,-0.7974
1992.50,-0.8062
1993.00,-0.8199
1993.50,-0.8476
1994.00,-0.8915
1994.50,-0.9455
1995.00,-0.9984
1995.50,-1.0386
1996.00,-1.0620
1996.50,-1.0736
1997.00,-1.0825
1997.50,-1.0929
1998.00,-1.0993
1998.50,-1.0932
1999.00,-1.0727
1999.50,-1.0454
2000.00,-1.0229
2000.50,-1.0127
2001.00,-1.0138
2001.50,-1.0188
2002.00,-1.0183
2002.50,-1.0066
2003.00,-0.9859
2003.50,-0.9647
2004.00,-0.9516
2004.50,-0.9499
2005.00,-0.9561
2005.50,-0.9636
2006.00,-0.9675
2006.50,-0.9650
2007.00,-0.9551
2007.50,-0.9365
2008.00,-0.9072
2008.50,-0.8661
2009.00,-0.8170
2009.50,-0.7701
2010.00,-0.7382
2010.50,-0.7289
2011.00,-0.7391
2011.50,-0.7573
2012.00,-0.7713
2012.50,-0.7749
2013.00,-0.7681
2013.50,-0.7546
2014.00,-0.7377
2014.50,-0.7196
2015.00,-0.7022
2015.50,-0.6887
2016.00,-0.6817
2016.50,-0.6820
2017.00,-0.6870
2017.50,-0.6921
2018.00,-0.6929
2018.50,-0.6872
2019.00,-0.6749
2019.50,-0.6578
2020.00,-0.6393
2020.50,-0.6251
2021.00,-0.6212
2021.50,-0.6315
2022.00,-0.6529
2022.50,-0.6753
2023.00,-0.6860
2023.50,-0.6796
2024.00,-0.6618
2024.50,-0.6456
2025.00,-0.6419
2025.50,-0.6536
2026.00,-0.6761
2026.50,-0.7016
2027.00,-0.7252
2027.50,-0.7471
2028.00,-0.7696
2028.50,-0.7940
2029.00,-0.8202
2029.50,-0.8493
2030.00,-0.8840
2030.50,-0.9242
2031.00,-0.9634
2031.50,-0.9923
2032.00,-1.0046
2032.50,-1.0000
2033.00,-0.9845
2033.50,-0.9680
2034.00,-0.9632
2034.50,-0.9803
2035.00,-1.0213
2035.50,-1.0775
2036.00,-1.1334
2036.50,-1.1744
2037.00,-1.1925
2037.50,-1.1909
2038.00,-1.1830
2038.50,-1.1865
2039.00,-1.2117
2039.50,-1.2548
2040.00,-1.3028
2040.50,-1.3450
2041.00,-1.3804
2041.50,-1.4158
2042.00,-1.4573
2042.50,-1.5056
2043.00,-1.5564
2043.50,-1.6038
2044.00,-1.6437
2044.50,-1.6743
2045.00,-1.6955
2045.50,-1.7078
2046.00,-1.7119
2046.50,-1.7091
2047.00,-1.7030
2047.50,-1.6981
2048.00,-1.6974
2048.50,-1.6993
2049.00,-1.6969
2049.50,-1.6838
2050.00,-1.6605
2050.50,-1.6350
2051.00,-1.6170
2051.50,-1.6104
2052.00,-1.6115
2052.50,-1.6128
2053.00,-1.6082
2053.50,-1.5942
2054.00,-1.5691
2054.50,-1.5312
2055.00,-1.4803
2055.50,-1.4199
2056.00,-1.3580
2056.50,-1.3035
2057.00,-1.2604
2057.50,-1.2239
2058.00,-1.1839
2058.50,-1.1349
2059.00,-1.0828
2059.50,-1.0411
2060.00,-1.0193
2060.50,-1.0150
2061.00,-1.0171
2061.50,-1.0139
2062.00,-0.9998
2062.50,-0.9733
2063.00,-0.9346
2063.50,-0.8848
2064.00,-0.8274
2064.50,-0.7693
2065.00,-0.7191
2065.50,-0.6823
2066.00,-0.6586
2066.50,-0.6414
2067.00,-0.6232
2067.50,-0.5988
2068.00,-0.5674
2068.50,-0.5323
2069.00,-0.5006
2069.50,-0.4799
2070.00,-0.4739
2070.50,-0.4794
2071.00,-0.4881
2071.50,-0.4917
2072.00,-0.4862
2072.50,-0.4729
2073.00,-0.4560
2073.50,-0.4405
2074.00,-0.4310
2074.50,-0.4308
2075.00,-0.4412
2075.50,-0.4625
2076.00,-0.4934
2076.50,-0.5304
2077.00,-0.5677
2077.50,-0.5991
2078.00,-0.6228
2078.50,-0.6424
2079.00,-0.6646
2079.50,-0.6945
2080.00,-0.7336
2080.50,-0.7796
2081.00,-0.8283
2081.50,-0.8752
2082.00,-0.9169
2082.50,-0.9521
2083.00,-0.9825
2083.50,-1.0111
2084.00,-1.0417
2084.50,-1.0776
2085.00,-1.1215
2085.50,-1.1745
2086.00,-1.2326
2086.50,-1.2872
2087.00,-1.3301
2087.50,-1.3613
2088.00,-1.3898
2088.50,-1.4243
2089.00,-1.4646
2089.50,-1.5003
2090.00,-1.5179
2090.50,-1.5101
2091.00,-1.4813
2091.50,-1.4471
2092.00,-1.4260
2092.50,-1.4289
2093.00,-1.4534
2093.50,-1.4868
2094.00,-1.5147
2094.50,-1.5274
2095.00,-1.5224
2095.50,-1.5031
2096.00,-1.4768
2096.50,-1.4515
2097.00,-1.4319
2097.50,-1.4159
2098.00,-1.3963
2098.50,-1.3672
2099.00,-1.3302
2099.50,-1.2940
2100.00,-1.2676
2100.50,-1.2538
2101.00,-1.2495
2101.50,-1.2522
2102.00,-1.2628
2102.50,-1.2815
2103.00,-1.3022
2103.50,-1.3148
2104.00,-1.3121
2104.50,-1.2947
2105.00,-1.2697
2105.50,-1.2453
2106.00,-1.2277
2106.50,-1.2204
2107.00,-1.2247
2107.50,-1.2386
2108.00,-1.2569
2108.50,-1.2733
2109.00,-1.2829
2109.50,-1.2848
2110.00,-1.2823
2110.50,-1.2820
2111.00,-1.2915
2111.50,-1.3142
2112.00,-1.3466
2112.50,-1.3784
2113.00,-1.3981
2113.50,-1.4027
2114.00,-1.4009
2114.50,-1.4077
2115.00,-1.4322
2115.50,-1.4696
2116.00,-1.5061
2116.50,-1.5295
2117.00,-1.5363
2117.50,-1.5316
2118.00,-1.5241
2118.50,-1.5199
2119.00,-1.5194
2119.50,-1.5180
2120.00,-1.5118
2120.50,-1.5014
2121.00,-1.4916
2121.50,-1.4866
2122.00,-1.4866
2122.50,-1.4860
2123.00,-1.4768
2123.50,-1.4548
2124.00,-1.4248
2124.50,-1.3975
2125.00,-1.3805
2125.50,-1.3727
2126.00,-1.3667
2126.50,-1.3589
2127.00,-1.3533
2127.50,-1.3571
2128.00,-1.3698
2128.50,-1.3807
2129.00,-1.3768
2129.50,-1.3533
2130.00,-1.3176
2130.50,-1.2832
2131.00,-1.2590
2131.50,-1.2448
2132.00,-1.2338
2132.50,-1.2196
2133.00,-1.2005
2133.50,-1.1779
2134.00,-1.1537
2134.50,-1.1298
2135.00,-1.1090
2135.50,-1.0955
2136.00,-1.0929
2136.50,-1.1018
2137.00,-1.1194
2137.50,-1.1403
2138.00,-1.1593
2138.50,-1.1735
2139.00,-1.1831
2139.50,-1.1920
2140.00,-1.2060
2140.50,-1.2296
2141.00,-1.2594
2141.50,-1.2834
2142.00,-1.2889
2142.50,-1.2736
2143.00,-1.2503
2143.50,-1.2365
2144.00,-1.2418
2144.50,-1.2633
2145.00,-1.2923
2145.50,-1.3227
2146.00,-1.3521
2146.50,-1.3789
2147.00,-1.4013
2147.50,-1.4193
2148.00,-1.4351
2148.50,-1.4505
2149.00,-1.4638
2149.50,-1.4721
2150.00,-1.4749
2150.50,-1.4753
2151.00,-1.4783
2151.50,-1.4864
2152.00,-1.4977
2152.50,-1.5067
2153.00,-1.5084
2153.50,-1.5013
2154.00,-1.4879
2154.50,-1.4729
2155.00,-1.4586
2155.50,-1.4430
2156.00,-1.4224
2156.50,-1.3963
2157.00,-1.3698
2157.50,-1.3498
2158.00,-1.3392
2158.50,-1.3358
2159.00,-1.3351
2159.50,-1.3342
2160.00,-1.3316
2160.50,-1.3263
2161.00,-1.3183
2161.50,-1.3087
2162.00,-1.2979
2162.50,-1.2840
2163.00,-1.2631
2163.50,-1.2334
2164.00,-1.1983
2164.50,-1.1657
2165.00,-1.1454
2165.50,-1.1445
2166.00,-1.1644
2166.50,-1.1993
2167.00,-1.2363
2167.50,-1.2600
2168.00,-1.2607
2168.50,-1.2387
2169.00,-1.2037
2169.50,-1.1681
2170.00,-1.1405
2170.50,-1.1241
2171.00,-1.1171
2171.50,-1.1169
2172.00,-1.1227
2172.50,-1.1371
2173.00,-1.1620
2173.50,-1.1940
2174.00,-1.2249
2174.50,-1.2475
2175.00,-1.2614
2175.50,-1.2723
2176.00,-1.2866
2176.50,-1.3065
2177.00,-1.3299
2177.50,-1.3557
2178.00,-1.3845
2178.50,-1.4151
2179.00,-1.4406
2179.50,-1.4525
2180.00,-1.4471
2180.50,-1.4289
2181.00,-1.4075
2181.50,-1.3920
2182.00,-1.3879
2182.50,-1.3947
2183.00,-1.4057
2183.50,-1.4112
2184.00,-1.4041
2184.50,-1.3852
2185.00,-1.3638
2185.50,-1.3515
2186.00,-1.3547
2186.50,-1.3703
2187.00,-1.3882
2187.50,-1.3992
2188.00,-1.4024
2188.50,-1.4061
2189.00,-1.4218
2189.50,-1.4550
2190.00,-1.5024
2190.50,-1.5548
2191.00,-1.6030
2191.50,-1.6412
2192.00,-1.6694
2192.50,-1.6926
2193.00,-1.7164
2193.50,-1.7419
2194.00,-1.7662
2194.50,-1.7860
2195.00,-1.8025
2195.50,-1.8194
2196.00,-1.8391
2196.50,-1.8589
2197.00,-1.8743
2197.50,-1.8829
2198.00,-1.8849
2198.50,-1.8807
2199.00,-1.8686
2199.50,-1.8466
2200.00,-1.8154
2200.50,-1.7796
2201.00,-1.7447
2201.50,-1.7142
2202.00,-1.6890
2202.50,-1.6709
2203.00,-1.6641
2203.50,-1.6723
2204.00,-1.6926
2204.50,-1.7151
2205.00,-1.7286
2205.50,-1.7301
2206.00,-1.7252
2206.50,-1.7234
2207.00,-1.7293
2207.50,-1.7400
2208.00,-1.7487
2208.50,-1.7504
2209.00,-1.7449
2209.50,-1.7372
2210.00,-1.7346
2210.50,-1.7423
2211.00,-1.7594
2211.50,-1.7771
2212.00,-1.7834
2212.50,-1.7724
2213.00,-1.7477
2213.50,-1.7195
2214.00,-1.6965
2214.50,-1.6809
2215.00,-1.6708
2215.50,-1.6636
2216.00,-1.6584
2216.50,-1.6546
2217.00,-1.6504
2217.50,-1.6446
2218.00,-1.6399
2218.50,-1.6416
2219.00,-1.6540
2219.50,-1.6741
2220.00,-1.6934
2220.50,-1.7052
2221.00,-1.7119
2221.50,-1.7218
2222.00,-1.7415
2222.50,-1.7689
2223.00,-1.7959
2223.50,-1.8140
2224.00,-1.8199
2224.50,-1.8158
2225.00,-1.8067
2225.50,-1.7986
2226.00,-1.7969
2226.50,-1.8050
2227.00,-1.8224
2227.50,-1.8440
2228.00,-1.8641
2228.50,-1.8804
2229.00,-1.8955
2229.50,-1.9139
2230.00,-1.9365
2230.50,-1.9591
2231.00,-1.9771
2231.50,-1.9884
2232.00,-1.9952
2232.50,-2.0003
2233.00,-2.0060
2233.50,-2.0133
2234.00,-2.0217
2234.50,-2.0295
2235.00,-2.0348
2235.50,-2.0378
2236.00,-2.0424
2236.50,-2.0517
2237.00,-2.0645
2237.50,-2.0751
2238.00,-2.0789
2238.50,-2.0770
2239.00,-2.0733
2239.50,-2.0705
2240.00,-2.0677
2240.50,-2.0621
2241.00,-2.0534
2241.50,-2.0446
2242.00,-2.0425
2242.50,-2.0546
2243.00,-2.0855
2243.50,-2.1326
2244.00,-2.1843
2244.50,-2.2248
2245.00,-2.2411
2245.50,-2.2300
2246.00,-2.1994
2246.50,-2.1633
2247.00,-2.1352
2247.50,-2.1213
2248.00,-2.1204
2248.50,-2.1276
2249.00,-2.1386
2249.50,-2.1501
2250.00,-2.1595
2250.50,-2.1634
2251.00,-2.1598
2251.50,-2.1484
2252.00,-2.1325
2252.50,-2.1177
2253.00,-2.1115
2253.50,-2.1186
2254.00,-2.1390
2254.50,-2.1681
2255.00,-2.1993
2255.50,-2.2270
2256.00,-2.2467
2256.50,-2.2545
2257.00,-2.2494
2257.50,-2.2363
2258.00,-2.2245
2258.50,-2.2214
2259.00,-2.2266
2259.50,-2.2351
2260.00,-2.2427
2260.50,-2.2487
2261.00,-2.2540
2261.50,-2.2578
2262.00,-2.2588
2262.50,-2.2563
2263.00,-2.2499
2263.50,-2.2397
2264.00,-2.2255
2264.50,-2.2091
2265.00,-2.1949
2265.50,-2.1875
2266.00,-2.1879
2266.50,-2.1902
2267.00,-2.1849
2267.50,-2.1667
2268.00,-2.1401
2268.50,-2.1158
2269.00,-2.0995
2269.50,-2.0859
2270.00,-2.0646
2270.50,-2.0313
2271.00,-1.9929
2271.50,-1.9605
2272.00,-1.9395
2272.50,-1.9267
2273.00,-1.9161
2273.50,-1.9055
2274.00,-1.8958
2274.50,-1.8881
2275.00,-1.8822
2275.50,-1.8780
2276.00,-1.8745
2276.50,-1.8698
2277.00,-1.8615
2277.50,-1.8498
2278.00,-1.8389
2278.50,-1.8339
2279.00,-1.8372
2279.50,-1.8470
2280.00,-1.8601
2280.50,-1.8745
2281.00,-1.8918
2281.50,-1.9141
2282.00,-1.9417
2282.50,-1.9702
2283.00,-1.9932
2283.50,-2.0065
2284.00,-2.0126
2284.50,-2.0200
2285.00,-2.0386
2285.50,-2.0739
2286.00,-2.1240
2286.50,-2.1813
2287.00,-2.2349
2287.50,-2.2756
2288.00,-2.3000
2288.50,-2.3130
2289.00,-2.3245
2289.50,-2.3423
2290.00,-2.3668
2290.50,-2.3923
2291.00,-2.4114
2291.50,-2.4184
2292.00,-2.4087
2292.50,-2.3796
2293.00,-2.3321
2293.50,-2.2749
2294.00,-2.2234
2294.50,-2.1917
2295.00,-2.1834
2295.50,-2.1905
2296.00,-2.2007
2296.50,-2.2063
2297.00,-2.2064
2297.50,-2.2027
2298.00,-2.1955
2298.50,-2.1835
2299.00,-2.1664
2299.50,-2.1468
2300.00,-2.1302
2300.50,-2.1213
2301.00,-2.1214
2301.50,-2.1269
2302.00,-2.1325
2302.50,-2.1359
2303.00,-2.1381
2303.50,-2.1422
2304.00,-2.1502
2304.50,-2.1625
2305.00,-2.1763
2305.50,-2.1860
2306.00,-2.1872
2306.50,-2.1804
2307.00,-2.1711
2307.50,-2.1647
2308.00,-2.1637
2308.50,-2.1707
2309.00,-2.1895
2309.50,-2.2227
2310.00,-2.2657
2310.50,-2.3072
2311.00,-2.3352
2311.50,-2.3442
2312.00,-2.3377
2312.50,-2.3240
2313.00,-2.3125
2313.50,-2.3091
2314.00,-2.3151
2314.50,-2.3250
2315.00,-2.3278
2315.50,-2.3133
2316.00,-2.2798
2316.50,-2.2374
2317.00,-2.2015
2317.50,-2.1811
2318.00,-2.1717
2318.50,-2.1605
2319.00,-2.1386
2319.50,-2.1093
2320.00,-2.0856
2320.50,-2.0785
2321.00,-2.0887
2321.50,-2.1085
2322.00,-2.1277
2322.50,-2.1405
2323.00,-2.1454
2323.50,-2.1433
2324.00,-2.1352
2324.50,-2.1205
2325.00,-2.0997
2325.50,-2.0757
2326.00,-2.0547
2326.50,-2.0416
2327.00,-2.0372
2327.50,-2.0377
2328.00,-2.0391
2328.50,-2.0403
2329.00,-2.0428
2329.50,-2.0482
2330.00,-2.0556
2330.50,-2.0611
2331.00,-2.0616
2331.50,-2.0576
2332.00,-2.0525
2332.50,-2.0503
2333.00,-2.0554
2333.50,-2.0727
2334.00,-2.1051
2334.50,-2.1500
2335.00,-2.1992
2335.50,-2.2438
2336.00,-2.2792
2336.50,-2.3060
2337.00,-2.3274
2337.50,-2.3466
2338.00,-2.3634
2338.50,-2.3745
2339.00,-2.3763
2339.50,-2.3700
2340.00,-2.3620
2340.50,-2.3601
2341.00,-2.3678
2341.50,-2.3834
2342.00,-2.4028
2342.50,-2.4224
2343.00,-2.4397
2343.50,-2.4527
2344.00,-2.4598
2344.50,-2.4604
2345.00,-2.4541
2345.50,-2.4402
2346.00,-2.4192
2346.50,-2.3939
2347.00,-2.3698
2347.50,-2.3518
2348.00,-2.3401
2348.50,-2.3310
2349.00,-2.3206
2349.50,-2.3094
2350.00,-2.3008
2350.50,-2.2973
2351.00,-2.2981
2351.50,-2.3009
2352.00,-2.3042
2352.50,-2.3085
2353.00,-2.3138
2353.50,-2.3185
2354.00,-2.3202
2354.50,-2.3188
2355.00,-2.3177
2355.50,-2.3206
2356.00,-2.3279
2356.50,-2.3351
2357.00,-2.3370
2357.50,-2.3327
2358.00,-2.3272
2358.50,-2.3265
2359.00,-2.3326
2359.50,-2.3423
2360.00,-2.3509
2360.50,-2.3549
2361.00,-2.3529
2361.50,-2.3449
2362.00,-2.3333
2362.50,-2.3223
2363.00,-2.3172
2363.50,-2.3215
2364.00,-2.3339
2364.50,-2.3486
2365.00,-2.3596
2365.50,-2.3638
2366.00,-2.3631
2366.50,-2.3619
2367.00,-2.3649
2367.50,-2.3758
2368.00,-2.3966
2368.50,-2.4273
2369.00,-2.4639
2369.50,-2.4986
2370.00,-2.5218
2370.50,-2.5263
2371.00,-2.5114
2371.50,-2.4845
2372.00,-2.4586
2372.50,-2.4459
2373.00,-2.4502
2373.50,-2.4640
2374.00,-2.4748
2374.50,-2.4759
2375.00,-2.4721
2375.50,-2.4748
2376.00,-2.4931
2376.50,-2.5273
2377.00,-2.5712
2377.50,-2.6167
2378.00,-2.6573
2378.50,-2.6893
2379.00,-2.7112
2379.50,-2.7226
2380.00,-2.7233
2380.50,-2.7142
2381.00,-2.6991
2381.50,-2.6861
2382.00,-2.6837
2382.50,-2.6945
2383.00,-2.7138
2383.50,-2.7339
2384.00,-2.7498
2384.50,-2.7606
2385.00,-2.7678
2385.50,-2.7713
2386.00,-2.7690
2386.50,-2.7597
2387.00,-2.7461
2387.50,-2.7325
2388.00,-2.7192
2388.50,-2.7023
2389.00,-2.6787
2389.50,-2.6517
2390.00,-2.6299
2390.50,-2.6207
2391.00,-2.6249
2391.50,-2.6357
2392.00,-2.6435
2392.50,-2.6424
2393.00,-2.6344
2393.50,-2.6273
2394.00,-2.6283
2394.50,-2.6388
2395.00,-2.6549
2395.50,-2.6715
2396.00,-2.6854
2396.50,-2.6927
2397.00,-2.6867
2397.50,-2.6622
2398.00,-2.6208
2398.50,-2.5732
2399.00,-2.5324
2399.50,-2.5071
2400.00,-2.4987
2400.50,-2.5045
2401.00,-2.5202
2401.50,-2.5379
2402.00,-2.5473
2402.50,-2.5398
2403.00,-2.5149
2403.50,-2.4810
2404.00,-2.4515
2404.50,-2.4387
2405.00,-2.4486
2405.50,-2.4780
2406.00,-2.5156
2406.50,-2.5480
2407.00,-2.5669
2407.50,-2.5732
2408.00,-2.5736
2408.50,-2.5743
2409.00,-2.5776
2409.50,-2.5816
2410.00,-2.5819
2410.50,-2.5737
2411.00,-2.5548
2411.50,-2.5280
2412.00,-2.5007
2412.50,-2.4800
2413.00,-2.4677
2413.50,-2.4600
2414.00,-2.4531
2414.50,-2.4485
2415.00,-2.4523
2415.50,-2.4680
2416.00,-2.4930
2416.50,-2.5201
2417.00,-2.5442
2417.50,-2.5645
2418.00,-2.5825
2418.50,-2.5975
2419.00,-2.6076
2419.50,-2.6109
2420.00,-2.6083
2420.50,-2.6041
2421.00,-2.6035
2421.50,-2.6096
2422.00,-2.6201
2422.50,-2.6293
2423.00,-2.6333
2423.50,-2.6334
2424.00,-2.6344
2424.50,-2.6393
2425.00,-2.6457
2425.50,-2.6476
2426.00,-2.6394
2426.50,-2.6203
2427.00,-2.5953
2427.50,-2.5711
2428.00,-2.5521
2428.50,-2.5367
2429.00,-2.5199
2429.50,-2.4983
2430.00,-2.4741
2430.50,-2.4554
2431.00,-2.4520
2431.50,-2.4697
2432.00,-2.5082
2432.50,-2.5599
2433.00,-2.6138
2433.50,-2.6595
2434.00,-2.6901
2434.50,-2.7039
2435.00,-2.7048
2435.50,-2.6995
2436.00,-2.6932
2436.50,-2.6867
2437.00,-2.6791
2437.50,-2.6713
2438.00,-2.6682
2438.50,-2.6762
2439.00,-2.6977
2439.50,-2.7292
2440.00,-2.7634
2440.50,-2.7933
2441.00,-2.8156
2441.50,-2.8307
2442.00,-2.8406
2442.50,-2.8478
2443.00,-2.8553
2443.50,-2.8655
2444.00,-2.8800
2444.50,-2.8979
2445.00,-2.9157
2445.50,-2.9290
2446.00,-2.9361
2446.50,-2.9390
2447.00,-2.9410
2447.50,-2.9419
2448.00,-2.9377
2448.50,-2.9248
2449.00,-2.9054
2449.50,-2.8870
2450.00,-2.8766
2450.50,-2.8758
2451.00,-2.8802
2451.50,-2.8844
2452.00,-2.8865
2452.50,-2.8888
2453.00,-2.8941
2453.50,-2.9026
2454.00,-2.9111
2454.50,-2.9146
2455.00,-2.9082
2455.50,-2.8903
2456.00,-2.8640
2456.50,-2.8374
2457.00,-2.8205
2457.50,-2.8207
2458.00,-2.8388
2458.50,-2.8685
2459.00,-2.9001
2459.50,-2.9244
2460.00,-2.9349
2460.50,-2.9281
2461.00,-2.9046
2461.50,-2.8692
2462.00,-2.8295
2462.50,-2.7920
2463.00,-2.7597
2463.50,-2.7331
2464.00,-2.7136
2464.50,-2.7041
2465.00,-2.7056
2465.50,-2.7142
2466.00,-2.7223
2466.50,-2.7242
2467.00,-2.7210
2467.50,-2.7171
2468.00,-2.7160
2468.50,-2.7183
2469.00,-2.7234
2469.50,-2.7328
2470.00,-2.7471
2470.50,-2.7640
2471.00,-2.7773
2471.50,-2.7806
2472.00,-2.7715
2472.50,-2.7533
2473.00,-2.7321
2473.50,-2.7141
2474.00,-2.7032
2474.50,-2.7004
2475.00,-2.7049
2475.50,-2.7147
2476.00,-2.7285
2476.50,-2.7464
2477.00,-2.7690
2477.50,-2.7944
2478.00,-2.8194
2478.50,-2.8436
2479.00,-2.8709
2479.50,-2.9065
2480.00,-2.9518
2480.50,-3.0030
2481.00,-3.0530
2481.50,-3.0933
2482.00,-3.1161
2482.50,-3.1177
2483.00,-3.1018
2483.50,-3.0788
2484.00,-3.0592
2484.50,-3.0483
2485.00,-3.0442
2485.50,-3.0412
2486.00,-3.0338
2486.50,-3.0209
2487.00,-3.0078
2487.50,-3.0041
2488.00,-3.0181
2488.50,-3.0506
2489.00,-3.0936
2489.50,-3.1356
2490.00,-3.1696
2490.50,-3.1971
2491.00,-3.2225
2491.50,-3.2479
2492.00,-3.2707
2492.50,-3.2862
2493.00,-3.2920
2493.50,-3.2888
2494.00,-3.2801
2494.50,-3.2715
2495.00,-3.2685
2495.50,-3.2727
2496.00,-3.2798
2496.50,-3.2819
2497.00,-3.2727
2497.50,-3.2537
2498.00,-3.2341
2498.50,-3.2232
2499.00,-3.2229
2499.50,-3.2256
2500.00,-3.2206
2500.50,-3.2015
2501.00,-3.1699
2501.50,-3.1338
2502.00,-3.1025
2502.50,-3.0825
2503.00,-3.0742
2503.50,-3.0715
2504.00,-3.0662
2504.50,-3.0542
2505.00,-3.0400
2505.50,-3.0356
2506.00,-3.0519
2506.50,-3.0898
2507.00,-3.1366
2507.50,-3.1729
2508.00,-3.1842
2508.50,-3.1699
2509.00,-3.1433
2509.50,-3.1213
2510.00,-3.1155
2510.50,-3.1277
2511.00,-3.1534
2511.50,-3.1860
2512.00,-3.2193
2512.50,-3.2475
2513.00,-3.2670
2513.50,-3.2766
2514.00,-3.2784
2514.50,-3.2767
2515.00,-3.2778
2515.50,-3.2889
2516.00,-3.3156
2516.50,-3.3584
2517.00,-3.4108
2517.50,-3.4614
2518.00,-3.4985
2518.50,-3.5169
2519.00,-3.5198
2519.50,-3.5156
2520.00,-3.5120
2520.50,-3.5127
2521.00,-3.5186
2521.50,-3.5283
2522.00,-3.5387
2522.50,-3.5445
2523.00,-3.5421
2523.50,-3.5335
2524.00,-3.5270
2524.50,-3.5327
2525.00,-3.5545
2525.50,-3.5864
2526.00,-3.6169
2526.50,-3.6362
2527.00,-3.6414
2527.50,-3.6366
2528.00,-3.6274
2528.50,-3.6181
2529.00,-3.6103
2529.50,-3.6056
2530.00,-3.6057
2530.50,-3.6121
2531.00,-3.6261
2531.50,-3.6476
2532.00,-3.6739
2532.50,-3.7001
2533.00,-3.7201
2533.50,-3.7296
2534.00,-3.7265
2534.50,-3.7105
2535.00,-3.6820
2535.50,-3.6427
2536.00,-3.5958
2536.50,-3.5454
2537.00,-3.4964
2537.50,-3.4562
2538.00,-3.4343
2538.50,-3.4390
2539.00,-3.4709
2539.50,-3.5195
2540.00,-3.5667
2540.50,-3.5957
2541.00,-3.6002
2541.50,-3.5880
2542.00,-3.5734
2542.50,-3.5649
2543.00,-3.5603
2543.50,-3.5526
2544.00,-3.5416
2544.50,-3.5355
2545.00,-3.5429
2545.50,-3.5643
2546.00,-3.5925
2546.50,-3.6171
2547.00,-3.6311
2547.50,-3.6329
2548.00,-3.6243
2548.50,-3.6070
2549.00,-3.5797
2549.50,-3.5403
2550.00,-3.4915
2550.50,-3.4423
2551.00,-3.4036
2551.50,-3.3825
2552.00,-3.3796
2552.50,-3.3898
2553.00,-3.4044
2553.50,-3.4156
2554.00,-3.4196
2554.50,-3.4178
2555.00,-3.4142
2555.50,-3.4107
2556.00,-3.4072
2556.50,-3.4050
2557.00,-3.4083
2557.50,-3.4229
2558.00,-3.4518
2558.50,-3.4910
2559.00,-3.5308
2559.50,-3.5605
2560.00,-3.5730
2560.50,-3.5685
2561.00,-3.5528
2561.50,-3.5339
2562.00,-3.5184
2562.50,-3.5088
2563.00,-3.5050
2563.50,-3.5066
2564.00,-3.5135
2564.50,-3.5239
2565.00,-3.5335
2565.50,-3.5374
2566.00,-3.5331
2566.50,-3.5217
2567.00,-3.5072
2567.50,-3.4948
2568.00,-3.4886
2568.50,-3.4905
2569.00,-3.5007
2569.50,-3.5186
2570.00,-3.5438
2570.50,-3.5747
2571.00,-3.6079
2571.50,-3.6399
2572.00,-3.6685
2572.50,-3.6939
2573.00,-3.7160
2573.50,-3.7331
2574.00,-3.7434
2574.50,-3.7482
2575.00,-3.7508
2575.50,-3.7540
2576.00,-3.7574
2576.50,-3.7599
2577.00,-3.7618
2577.50,-3.7645
2578.00,-3.7665
2578.50,-3.7642
2579.00,-3.7558
2579.50,-3.7447
2580.00,-3.7368
2580.50,-3.7345
2581.00,-3.7341
2581.50,-3.7295
2582.00,-3.7183
2582.50,-3.7031
2583.00,-3.6886
2583.50,-3.6776
2584.00,-3.6701
2584.50,-3.6652
2585.00,-3.6619
2585.50,-3.6597
2586.00,-3.6557
2586.50,-3.6442
2587.00,-3.6206
2587.50,-3.5863
2588.00,-3.5488
2588.50,-3.5165
2589.00,-3.4937
2589.50,-3.4797
2590.00,-3.4713
2590.50,-3.4647
2591.00,-3.4572
2591.50,-3.4478
2592.00,-3.4355
2592.50,-3.4177
2593.00,-3.3923
2593.50,-3.3615
2594.00,-3.3327
2594.50,-3.3147
2595.00,-3.3117
2595.50,-3.3207
2596.00,-3.3334
2596.50,-3.3433
2597.00,-3.3502
2597.50,-3.3593
2598.00,-3.3753
2598.50,-3.3968
2599.00,-3.4177
2599.50,-3.4336
2600.00,-3.4469
2600.50,-3.4638
2601.00,-3.4881
2601.50,-3.5185
2602.00,-3.5508
2602.50,-3.5823
2603.00,-3.6112
2603.50,-3.6360
2604.00,-3.6553
2604.50,-3.6696
2605.00,-3.6808
2605.50,-3.6898
2606.00,-3.6956
2606.50,-3.6960
2607.00,-3.6895
2607.50,-3.6752
2608.00,-3.6533
2608.50,-3.6283
2609.00,-3.6104
2609.50,-3.6112
2610.00,-3.6345
2610.50,-3.6716
2611.00,-3.7044
2611.50,-3.7164
2612.00,-3.7030
2612.50,-3.6726
2613.00,-3.6392
2613.50,-3.6146
2614.00,-3.6037
2614.50,-3.6051
2615.00,-3.6137
2615.50,-3.6220
2616.00,-3.6258
2616.50,-3.6261
2617.00,-3.6283
2617.50,-3.6366
2618.00,-3.6497
2618.50,-3.6634
2619.00,-3.6743
2619.50,-3.6816
2620.00,-3.6853
2620.50,-3.6831
2621.00,-3.6730
2621.50,-3.6552
2622.00,-3.6347
2622.50,-3.6199
2623.00,-3.6198
2623.50,-3.6375
2624.00,-3.6653
2624.50,-3.6878
2625.00,-3.6933
2625.50,-3.6818
2626.00,-3.6636
2626.50,-3.6498
2627.00,-3.6447
2627.50,-3.6467
2628.00,-3.6530
2628.50,-3.6627
2629.00,-3.6768
2629.50,-3.6948
2630.00,-3.7146
2630.50,-3.7324
2631.00,-3.7434
2631.50,-3.7441
2632.00,-3.7346
2632.50,-3.7201
2633.00,-3.7066
2633.50,-3.6963
2634.00,-3.6853
2634.50,-3.6675
2635.00,-3.6405
2635.50,-3.6092
2636.00,-3.5831
2636.50,-3.5689
2637.00,-3.5657
2637.50,-3.5657
2638.00,-3.5605
2638.50,-3.5474
2639.00,-3.5306
2639.50,-3.5163
2640.00,-3.5060
2640.50,-3.4949
2641.00,-3.4771
2641.50,-3.4536
2642.00,-3.4331
2642.50,-3.4274
2643.00,-3.4438
2643.50,-3.4814
2644.00,-3.5327
2644.50,-3.5879
2645.00,-3.6395
2645.50,-3.6826
2646.00,-3.7148
2646.50,-3.7338
2647.00,-3.7383
2647.50,-3.7284
2648.00,-3.7080
2648.50,-3.6835
2649.00,-3.6612
2649.50,-3.6441
2650.00,-3.6323
2650.50,-3.6260
2651.00,-3.6269
2651.50,-3.6381
2652.00,-3.6616
2652.50,-3.6958
2653.00,-3.7355
2653.50,-3.7738
2654.00,-3.8051
2654.50,-3.8265
2655.00,-3.8371
2655.50,-3.8391
2656.00,-3.8392
2656.50,-3.8478
2657.00,-3.8741
2657.50,-3.9186
2658.00,-3.9728
2658.50,-4.0236
2659.00,-4.0619
2659.50,-4.0855
2660.00,-4.0976
2660.50,-4.1032
2661.00,-4.1062
2661.50,-4.1090
2662.00,-4.1143
2662.50,-4.1261
2663.00,-4.1470
2663.50,-4.1762
2664.00,-4.2090
2664.50,-4.2382
2665.00,-4.2570
2665.50,-4.2615
2666.00,-4.2517
2666.50,-4.2300
2667.00,-4.2002
2667.50,-4.1662
2668.00,-4.1337
2668.50,-4.1077
2669.00,-4.0908
2669.50,-4.0817
2670.00,-4.0785
2670.50,-4.0814
2671.00,-4.0916
2671.50,-4.1078
2672.00,-4.1244
2672.50,-4.1351
2673.00,-4.1378
2673.50,-4.1372
2674.00,-4.1401
2674.50,-4.1490
2675.00,-4.1580
2675.50,-4.1582
2676.00,-4.1465
2676.50,-4.1301
2677.00,-4.1202
2677.50,-4.1235
2678.00,-4.1384
2678.50,-4.1594
2679.00,-4.1813
2679.50,-4.2000
2680.00,-4.2124
2680.50,-4.2169
2681.00,-4.2156
2681.50,-4.2125
2682.00,-4.2095
2682.50,-4.2046
2683.00,-4.1944
2683.50,-4.1785
2684.00,-4.1593
2684.50,-4.1386
2685.00,-4.1167
2685.50,-4.0940
2686.00,-4.0741
2686.50,-4.0607
2687.00,-4.0528
2687.50,-4.0442
2688.00,-4.0302
2688.50,-4.0127
2689.00,-3.9981
2689.50,-3.9927
2690.00,-3.9991
2690.50,-4.0177
2691.00,-4.0455
2691.50,-4.0760
2692.00,-4.0995
2692.50,-4.1083
2693.00,-4.1018
2693.50,-4.0873
2694.00,-4.0761
2694.50,-4.0775
2695.00,-4.0942
2695.50,-4.1216
2696.00,-4.1499
2696.50,-4.1694
2697.00,-4.1747
2697.50,-4.1691
2698.00,-4.1611
2698.50,-4.1582
2699.00,-4.1609
2699.50,-4.1637
2700.00,-4.1614
2700.50,-4.1527
2701.00,-4.1412
2701.50,-4.1334
2702.00,-4.1383
2702.50,-4.1636
2703.00,-4.2086
2703.50,-4.2623
2704.00,-4.3078
2704.50,-4.3323
2705.00,-4.3334
2705.50,-4.3182
2706.00,-4.2990
2706.50,-4.2862
2707.00,-4.2839
2707.50,-4.2887
2708.00,-4.2934
2708.50,-4.2927
2709.00,-4.2869
2709.50,-4.2794
2710.00,-4.2717
2710.50,-4.2615
2711.00,-4.2462
2711.50,-4.2282
2712.00,-4.2163
2712.50,-4.2190
2713.00,-4.2379
2713.50,-4.2653
2714.00,-4.2912
2714.50,-4.3092
2715.00,-4.3178
2715.50,-4.3195
2716.00,-4.3192
2716.50,-4.3234
2717.00,-4.3347
2717.50,-4.3484
2718.00,-4.3541
2718.50,-4.3439
2719.00,-4.3192
2719.50,-4.2894
2720.00,-4.2656
2720.50,-4.2535
2721.00,-4.2518
2721.50,-4.2538
2722.00,-4.2520
2722.50,-4.2406
2723.00,-4.2176
2723.50,-4.1865
2724.00,-4.1545
2724.50,-4.1268
2725.00,-4.1042
2725.50,-4.0848
2726.00,-4.0695
2726.50,-4.0641
2727.00,-4.0753
2727.50,-4.1042
2728.00,-4.1447
2728.50,-4.1858
2729.00,-4.2165
2729.50,-4.2302
2730.00,-4.2264
2730.50,-4.2087
2731.00,-4.1820
2731.50,-4.1507
2732.00,-4.1202
2732.50,-4.0967
2733.00,-4.0854
2733.50,-4.0860
2734.00,-4.0926
2734.50,-4.0976
2735.00,-4.0976
2735.50,-4.0950
2736.00,-4.0937
2736.50,-4.0953
2737.00,-4.0976
2737.50,-4.0972
2738.00,-4.0931
2738.50,-4.0880
2739.00,-4.0877
2739.50,-4.0978
2740.00,-4.1215
2740.50,-4.1576
2741.00,-4.2007
2741.50,-4.2443
2742.00,-4.2820
2742.50,-4.3080
2743.00,-4.3188
2743.50,-4.3155
2744.00,-4.3057
2744.50,-4.3003
2745.00,-4.3074
2745.50,-4.3290
2746.00,-4.3615
2746.50,-4.3982
2747.00,-4.4323
2747.50,-4.4581
2748.00,-4.4729
2748.50,-4.4785
2749.00,-4.4794
2749.50,-4.4788
2750.00,-4.4766
2750.50,-4.4728
2751.00,-4.4696
2751.50,-4.4709
2752.00,-4.4774
2752.50,-4.4873
2753.00,-4.4995
2753.50,-4.5152
2754.00,-4.5358
2754.50,-4.5582
2755.00,-4.5761
2755.50,-4.5832
2756.00,-4.5782
2756.50,-4.5647
2757.00,-4.5488
2757.50,-4.5361
2758.00,-4.5311
2758.50,-4.5362
2759.00,-4.5502
2759.50,-4.5674
2760.00,-4.5807
2760.50,-4.5879
2761.00,-4.5933
2761.50,-4.6023
2762.00,-4.6152
2762.50,-4.6262
2763.00,-4.6286
2763.50,-4.6192
2764.00,-4.6001
2764.50,-4.5775
2765.00,-4.5589
2765.50,-4.5503
2766.00,-4.5550
2766.50,-4.5730
2767.00,-4.6010
2767.50,-4.6320
2768.00,-4.6559
2768.50,-4.6652
2769.00,-4.6584
2769.50,-4.6389
2770.00,-4.6106
2770.50,-4.5764
2771.00,-4.5390
2771.50,-4.5027
2772.00,-4.4733
2772.50,-4.4545
2773.00,-4.4472
2773.50,-4.4486
2774.00,-4.4546
2774.50,-4.4622
2775.00,-4.4712
2775.50,-4.4834
2776.00,-4.5006
2776.50,-4.5212
2777.00,-4.5391
2777.50,-4.5437
2778.00,-4.5256
2778.50,-4.4831
2779.00,-4.4238
2779.50,-4.3594
2780.00,-4.2992
2780.50,-4.2515
2781.00,-4.2268
2781.50,-4.2341
2782.00,-4.2712
2782.50,-4.3239
2783.00,-4.3738
2783.50,-4.4114
2784.00,-4.4380
2784.50,-4.4597
2785.00,-4.4800
2785.50,-4.4969
2786.00,-4.5046
2786.50,-4.5000
2787.00,-4.4868
2787.50,-4.4761
2788.00,-4.4786
2788.50,-4.4979
2789.00,-4.5290
2789.50,-4.5623
2790.00,-4.5891
2790.50,-4.6040
2791.00,-4.6075
2791.50,-4.6057
2792.00,-4.6076
2792.50,-4.6190
2793.00,-4.6376
2793.50,-4.6534
2794.00,-4.6553
2794.50,-4.6389
2795.00,-4.6100
2795.50,-4.5818
2796.00,-4.5670
2796.50,-4.5718
2797.00,-4.5936
2797.50,-4.6244
2798.00,-4.6549
2798.50,-4.6772
2799.00,-4.6859
2799.50,-4.6803
2800.00,-4.6654
2800.50,-4.6490
2801.00,-4.6362
2801.50,-4.6260
2802.00,-4.6147
2802.50,-4.6008
2803.00,-4.5885
2803.50,-4.5848
2804.00,-4.5935
2804.50,-4.6098
2805.00,-4.6225
2805.50,-4.6209
2806.00,-4.6028
2806.50,-4.5753
2807.00,-4.5498
2807.50,-4.5338
2808.00,-4.5270
2808.50,-4.5238
2809.00,-4.5189
2809.50,-4.5119
2810.00,-4.5046
2810.50,-4.4963
2811.00,-4.4828
2811.50,-4.4636
2812.00,-4.4474
2812.50,-4.4479
2813.00,-4.4735
2813.50,-4.5188
2814.00,-4.5675
2814.50,-4.6011
2815.00,-4.6074
2815.50,-4.5844
2816.00,-4.5398
2816.50,-4.4874
2817.00,-4.4411
2817.50,-4.4103
2818.00,-4.3983
2818.50,-4.4031
2819.00,-4.4196
2819.50,-4.4417
2820.00,-4.4651
2820.50,-4.4881
2821.00,-4.5096
2821.50,-4.5259
2822.00,-4.5311
2822.50,-4.5219
2823.00,-4.5027
2823.50,-4.4848
2824.00,-4.4801
2824.50,-4.4945
2825.00,-4.5261
2825.50,-4.5664
2826.00,-4.6017
2826.50,-4.6174
2827.00,-4.6062
2827.50,-4.5745
2828.00,-4.5393
2828.50,-4.5162
2829.00,-4.5091
2829.50,-4.5107
2830.00,-4.5109
2830.50,-4.5049
2831.00,-4.4966
2831.50,-4.4931
2832.00,-4.4974
2832.50,-4.5040
2833.00,-4.5022
2833.50,-4.4855
2834.00,-4.4569
2834.50,-4.4257
2835.00,-4.4000
2835.50,-4.3843
2836.00,-4.3805
2836.50,-4.3880
2837.00,-4.4020
2837.50,-4.4153
2838.00,-4.4233
2838.50,-4.4261
2839.00,-4.4248
2839.50,-4.4177
2840.00,-4.4034
2840.50,-4.3846
2841.00,-4.3667
2841.50,-4.3540
2842.00,-4.3483
2842.50,-4.3516
2843.00,-4.3658
2843.50,-4.3891
2844.00,-4.4142
2844.50,-4.4314
2845.00,-4.4357
2845.50,-4.4287
2846.00,-4.4161
2846.50,-4.4026
2847.00,-4.3906
2847.50,-4.3809
2848.00,-4.3739
2848.50,-4.3701
2849.00,-4.3703
2849.50,-4.3758
2850.00,-4.3883
2850.50,-4.4074
2851.00,-4.4284
2851.50,-4.4425
2852.00,-4.4415
2852.50,-4.4229
2853.00,-4.3915
2853.50,-4.3554
2854.00,-4.3222
2854.50,-4.2976
2855.00,-4.2855
2855.50,-4.2894
2856.00,-4.3103
2856.50,-4.3451
2857.00,-4.3852
2857.50,-4.4193
2858.00,-4.4378
2858.50,-4.4390
