0.00,0.0000
0.50,-0.0750
1.00,-0.1313
1.50,-0.1518
2.00,-0.1332
2.50,-0.0851
3.00,-0.0213
3.50,0.0472
4.00,0.1128
4.50,0.1688
5.00,0.2098
5.50,0.2357
6.00,0.2525
6.50,0.2683
7.00,0.2866
7.50,0.3046
8.00,0.3181
8.50,0.3266
9.00,0.3348
9.50,0.3487
10.00,0.3727
10.50,0.4070
11.00,0.4488
11.50,0.4939
12.00,0.5383
12.50,0.5803
13.00,0.6207
13.50,0.6615
14.00,0.7026
14.50,0.7416
15.00,0.7760
15.50,0.8059
16.00,0.8333
16.50,0.8596
17.00,0.8841
17.50,0.9059
18.00,0.9250
18.50,0.9428
19.00,0.9598
19.50,0.9751
20.00,0.9872
20.50,0.9972
21.00,1.0092
21.50,1.0283
22.00,1.0549
22.50,1.0837
23.00,1.1065
23.50,1.1168
24.00,1.1127
24.50,1.0968
25.00,1.0742
25.50,1.0498
26.00,1.0260
26.50,1.0034
27.00,0.9815
27.50,0.9604
28.00,0.9416
28.50,0.9258
29.00,0.9119
29.50,0.8972
30.00,0.8800
30.50,0.8609
31.00,0.8417
31.50,0.8236
32.00,0.8060
32.50,0.7865
33.00,0.7637
33.50,0.7391
34.00,0.7159
34.50,0.6963
35.00,0.6799
35.50,0.6632
36.00,0.6439
36.50,0.6223
37.00,0.6021
37.50,0.5877
38.00,0.5812
38.50,0.5811
39.00,0.5827
39.50,0.5808
40.00,0.5725
40.50,0.5584
41.00,0.5415
41.50,0.5261
42.00,0.5159
42.50,0.5125
43.00,0.5151
43.50,0.5218
44.00,0.5319
44.50,0.5456
45.00,0.5630
45.50,0.5825
46.00,0.6015
46.50,0.6181
47.00,0.6300
47.50,0.6351
48.00,0.6334
48.50,0.6276
49.00,0.6244
49.50,0.6294
50.00,0.6440
50.50,0.6638
51.00,0.6814
51.50,0.6915
52.00,0.6938
52.50,0.6931
53.00,0.6966
53.50,0.7091
54.00,0.7310
54.50,0.7598
55.00,0.7915
55.50,0.8225
56.00,0.8498
56.50,0.8712
57.00,0.8859
57.50,0.8961
58.00,0.9057
58.50,0.9190
59.00,0.9374
59.50,0.9590
60.00,0.9800
60.50,0.9978
61.00,1.0114
61.50,1.0209
62.00,1.0270
62.50,1.0313
63.00,1.0368
63.50,1.0463
64.00,1.0605
64.50,1.0770
65.00,1.0915
65.50,1.1005
66.00,1.1031
66.50,1.1012
67.00,1.0985
67.50,1.0981
68.00,1.1012
68.50,1.1072
69.00,1.1140
69.50,1.1202
70.00,1.1257
70.50,1.1323
71.00,1.1419
71.50,1.1545
72.00,1.1670
72.50,1.1753
73.00,1.1776
73.50,1.1753
74.00,1.1715
74.50,1.1693
75.00,1.1708
75.50,1.1772
76.00,1.1873
76.50,1.1980
77.00,1.2060
77.50,1.2103
78.00,1.2131
78.50,1.2169
79.00,1.2229
79.50,1.2311
80.00,1.2420
80.50,1.2573
81.00,1.2784
81.50,1.3045
82.00,1.3315
82.50,1.3542
83.00,1.3695
83.50,1.3782
84.00,1.3834
84.50,1.3889
85.00,1.3972
85.50,1.4105
86.00,1.4306
86.50,1.4571
87.00,1.4868
87.50,1.5151
88.00,1.5383
88.50,1.5567
89.00,1.5743
89.50,1.5956
90.00,1.6223
90.50,1.6516
91.00,1.6799
91.50,1.7057
92.00,1.7299
92.50,1.7531
93.00,1.7740
93.50,1.7913
94.00,1.8055
94.50,1.8180
95.00,1.8295
95.50,1.8383
96.00,1.8428
96.50,1.8433
97.00,1.8431
97.50,1.8460
98.00,1.8538
98.50,1.8645
99.00,1.8741
99.50,1.8803
100.00,1.8843
100.50,1.8897
101.00,1.8987
101.50,1.9095
102.00,1.9179
102.50,1.9215
103.00,1.9212
103.50,1.9196
104.00,1.9202
104.50,1.9253
105.00,1.9363
105.50,1.9523
106.00,1.9703
106.50,1.9879
107.00,2.0048
107.50,2.0226
108.00,2.0417
108.50,2.0598
109.00,2.0725
109.50,2.0764
110.00,2.0717
110.50,2.0629
111.00,2.0554
111.50,2.0524
112.00,2.0532
112.50,2.0555
113.00,2.0580
113.50,2.0615
114.00,2.0676
114.50,2.0780
115.00,2.0928
115.50,2.1100
116.00,2.1262
116.50,2.1388
117.00,2.1483
117.50,2.1572
118.00,2.1671
118.50,2.1771
119.00,2.1850
119.50,2.1912
120.00,2.1983
120.50,2.2076
121.00,2.2158
121.50,2.2174
122.00,2.2092
122.50,2.1931
123.00,2.1734
123.50,2.1532
124.00,2.1333
124.50,2.1142
125.00,2.0972
125.50,2.0843
126.00,2.0761
126.50,2.0700
127.00,2.0617
127.50,2.0476
128.00,2.0285
128.50,2.0092
129.00,1.9959
129.50,1.9929
130.00,2.0000
130.50,2.0141
131.00,2.0298
131.50,2.0424
132.00,2.0501
132.50,2.0547
133.00,2.0606
133.50,2.0727
134.00,2.0940
134.50,2.1253
135.00,2.1646
135.50,2.2066
136.00,2.2450
136.50,2.2761
137.00,2.3008
137.50,2.3241
138.00,2.3513
138.50,2.3845
139.00,2.4210
139.50,2.4553
140.00,2.4809
140.50,2.4943
141.00,2.4966
141.50,2.4926
142.00,2.4870
142.50,2.4828
143.00,2.4813
143.50,2.4843
144.00,2.4934
144.50,2.5088
145.00,2.5278
145.50,2.5460
146.00,2.5587
146.50,2.5637
147.00,2.5618
147.50,2.5556
148.00,2.5467
148.50,2.5341
149.00,2.5170
149.50,2.4963
150.00,2.4754
150.50,2.4573
151.00,2.4427
151.50,2.4306
152.00,2.4199
152.50,2.4103
153.00,2.4018
153.50,2.3940
154.00,2.3861
154.50,2.3771
155.00,2.3662
155.50,2.3533
156.00,2.3398
156.50,2.3277
157.00,2.3188
157.50,2.3132
158.00,2.3099
158.50,2.3067
159.00,2.3018
159.50,2.2949
160.00,2.2874
160.50,2.2825
161.00,2.2819
161.50,2.2840
162.00,2.2851
162.50,2.2838
163.00,2.2830
163.50,2.2881
164.00,2.3017
164.50,2.3208
165.00,2.3392
165.50,2.3514
166.00,2.3549
166.50,2.3497
167.00,2.3378
167.50,2.3231
168.00,2.3102
168.50,2.3032
169.00,2.3034
169.50,2.3088
170.00,2.3159
170.50,2.3224
171.00,2.3280
171.50,2.3338
172.00,2.3403
172.50,2.3467
173.00,2.3518
173.50,2.3555
174.00,2.3588
174.50,2.3635
175.00,2.3709
175.50,2.3803
176.00,2.3897
176.50,2.3958
177.00,2.3963
177.50,2.3913
178.00,2.3836
178.50,2.3780
179.00,2.3787
179.50,2.3866
180.00,2.3993
180.50,2.4125
181.00,2.4222
181.50,2.4272
182.00,2.4290
182.50,2.4312
183.00,2.4382
183.50,2.4528
184.00,2.4746
184.50,2.4995
185.00,2.5212
185.50,2.5350
186.00,2.5407
186.50,2.5422
187.00,2.5437
187.50,2.5469
188.00,2.5503
188.50,2.5514
189.00,2.5501
189.50,2.5494
190.00,2.5530
190.50,2.5633
191.00,2.5801
191.50,2.6014
192.00,2.6256
192.50,2.6512
193.00,2.6760
193.50,2.6964
194.00,2.7086
194.50,2.7109
195.00,2.7059
195.50,2.7001
196.00,2.7010
196.50,2.7141
197.00,2.7400
197.50,2.7742
198.00,2.8097
198.50,2.8392
199.00,2.8577
199.50,2.8648
200.00,2.8643
200.50,2.8635
201.00,2.8686
201.50,2.8822
202.00,2.9019
202.50,2.9233
203.00,2.9426
203.50,2.9574
204.00,2.9676
204.50,2.9745
205.00,2.9806
205.50,2.9889
206.00,3.0007
206.50,3.0144
207.00,3.0263
207.50,3.0331
208.00,3.0344
208.50,3.0336
209.00,3.0348
209.50,3.0389
210.00,3.0438
210.50,3.0461
211.00,3.0439
211.50,3.0356
212.00,3.0207
212.50,3.0004
213.00,2.9784
213.50,2.9597
214.00,2.9484
214.50,2.9443
215.00,2.9442
215.50,2.9439
216.00,2.9416
216.50,2.9386
217.00,2.9379
217.50,2.9409
218.00,2.9455
218.50,2.9476
219.00,2.9447
219.50,2.9373
220.00,2.9288
220.50,2.9229
221.00,2.9221
221.50,2.9266
222.00,2.9339
222.50,2.9409
223.00,2.9460
223.50,2.9494
224.00,2.9526
224.50,2.9567
225.00,2.9635
225.50,2.9745
226.00,2.9907
226.50,3.0109
227.00,3.0330
227.50,3.0559
228.00,3.0804
228.50,3.1068
229.00,3.1333
229.50,3.1553
230.00,3.1681
230.50,3.1706
231.00,3.1669
231.50,3.1633
232.00,3.1644
232.50,3.1720
233.00,3.1852
233.50,3.2016
234.00,3.2177
234.50,3.2305
235.00,3.2402
235.50,3.2509
236.00,3.2673
236.50,3.2915
237.00,3.3207
237.50,3.3485
238.00,3.3692
238.50,3.3795
239.00,3.3797
239.50,3.3726
240.00,3.3627
240.50,3.3539
241.00,3.3487
241.50,3.3474
242.00,3.3487
242.50,3.3519
243.00,3.3569
243.50,3.3635
244.00,3.3712
244.50,3.3796
245.00,3.3887
245.50,3.3994
246.00,3.4105
246.50,3.4186
247.00,3.4198
247.50,3.4127
248.00,3.4002
248.50,3.3871
249.00,3.3767
249.50,3.3694
250.00,3.3635
250.50,3.3587
251.00,3.3566
251.50,3.3590
252.00,3.3662
252.50,3.3767
253.00,3.3885
253.50,3.4010
254.00,3.4151
254.50,3.4316
255.00,3.4489
255.50,3.4623
256.00,3.4674
256.50,3.4630
257.00,3.4532
257.50,3.4444
258.00,3.4411
258.50,3.4444
259.00,3.4530
259.50,3.4652
260.00,3.4806
260.50,3.4985
261.00,3.5172
261.50,3.5351
262.00,3.5512
262.50,3.5656
263.00,3.5779
263.50,3.5867
264.00,3.5905
264.50,3.5887
265.00,3.5817
265.50,3.5708
266.00,3.5575
266.50,3.5435
267.00,3.5305
267.50,3.5207
268.00,3.5162
268.50,3.5185
269.00,3.5276
269.50,3.5413
270.00,3.5557
270.50,3.5658
271.00,3.5690
271.50,3.5661
272.00,3.5604
272.50,3.5553
273.00,3.5522
273.50,3.5511
274.00,3.5526
274.50,3.5579
275.00,3.5678
275.50,3.5821
276.00,3.5985
276.50,3.6130
277.00,3.6221
277.50,3.6245
278.00,3.6235
278.50,3.6238
279.00,3.6279
279.50,3.6335
280.00,3.6364
280.50,3.6352
281.00,3.6334
281.50,3.6369
282.00,3.6493
282.50,3.6695
283.00,3.6926
283.50,3.7130
284.00,3.7267
284.50,3.7339
285.00,3.7384
285.50,3.7470
286.00,3.7639
286.50,3.7884
287.00,3.8141
287.50,3.8339
288.00,3.8438
288.50,3.8458
289.00,3.8455
289.50,3.8488
290.00,3.8583
290.50,3.8723
291.00,3.8858
291.50,3.8945
292.00,3.8977
292.50,3.8970
293.00,3.8945
293.50,3.8908
294.00,3.8856
294.50,3.8788
295.00,3.8717
295.50,3.8665
296.00,3.8653
296.50,3.8692
297.00,3.8768
297.50,3.8851
298.00,3.8909
298.50,3.8928
299.00,3.8915
299.50,3.8892
300.00,3.8884
300.50,3.8910
301.00,3.8975
301.50,3.9070
302.00,3.9158
302.50,3.9187
303.00,3.9129
303.50,3.9000
304.00,3.8843
304.50,3.8696
305.00,3.8566
305.50,3.8453
306.00,3.8367
306.50,3.8335
307.00,3.8370
307.50,3.8461
308.00,3.8571
308.50,3.8655
309.00,3.8686
309.50,3.8656
310.00,3.8578
310.50,3.8473
311.00,3.8375
311.50,3.8314
312.00,3.8302
312.50,3.8334
313.00,3.8394
313.50,3.8475
314.00,3.8579
314.50,3.8700
315.00,3.8822
315.50,3.8928
316.00,3.9015
316.50,3.9100
317.00,3.9213
317.50,3.9370
318.00,3.9569
318.50,3.9787
319.00,3.9994
319.50,4.0169
320.00,4.0311
320.50,4.0432
321.00,4.0549
321.50,4.0678
322.00,4.0821
322.50,4.0970
323.00,4.1104
323.50,4.1204
324.00,4.1263
324.50,4.1291
325.00,4.1314
325.50,4.1359
326.00,4.1445
326.50,4.1573
327.00,4.1728
327.50,4.1894
328.00,4.2059
328.50,4.2218
329.00,4.2363
329.50,4.2486
330.00,4.2580
330.50,4.2646
331.00,4.2694
331.50,4.2730
332.00,4.2743
332.50,4.2712
333.00,4.2632
333.50,4.2527
334.00,4.2437
334.50,4.2405
335.00,4.2445
335.50,4.2544
336.00,4.2669
336.50,4.2781
337.00,4.2847
337.50,4.2842
338.00,4.2765
338.50,4.2650
339.00,4.2554
339.50,4.2528
340.00,4.2594
340.50,4.2736
341.00,4.2910
341.50,4.3074
342.00,4.3207
342.50,4.3325
343.00,4.3458
343.50,4.3629
344.00,4.3834
344.50,4.4042
345.00,4.4211
345.50,4.4314
346.00,4.4360
346.50,4.4388
347.00,4.4436
347.50,4.4519
348.00,4.4611
348.50,4.4677
349.00,4.4698
349.50,4.4684
350.00,4.4658
350.50,4.4629
351.00,4.4600
351.50,4.4568
352.00,4.4537
352.50,4.4516
353.00,4.4520
353.50,4.4559
354.00,4.4641
354.50,4.4757
355.00,4.4892
355.50,4.5034
356.00,4.5190
356.50,4.5369
357.00,4.5559
357.50,4.5719
358.00,4.5802
358.50,4.5797
359.00,4.5736
359.50,4.5677
360.00,4.5666
360.50,4.5719
361.00,4.5827
361.50,4.5969
362.00,4.6122
362.50,4.6267
363.00,4.6389
363.50,4.6489
364.00,4.6585
364.50,4.6703
365.00,4.6850
365.50,4.7011
366.00,4.7148
366.50,4.7236
367.00,4.7270
367.50,4.7261
368.00,4.7227
368.50,4.7187
369.00,4.7156
369.50,4.7153
370.00,4.7189
370.50,4.7260
371.00,4.7343
371.50,4.7394
372.00,4.7370
372.50,4.7257
373.00,4.7086
373.50,4.6922
374.00,4.6814
374.50,4.6778
375.00,4.6792
375.50,4.6815
376.00,4.6814
376.50,4.6781
377.00,4.6737
377.50,4.6717
378.00,4.6737
378.50,4.6786
379.00,4.6831
379.50,4.6831
380.00,4.6768
380.50,4.6658
381.00,4.6546
381.50,4.6487
382.00,4.6518
382.50,4.6640
383.00,4.6817
383.50,4.6991
384.00,4.7110
384.50,4.7148
385.00,4.7120
385.50,4.7068
386.00,4.7039
386.50,4.7069
387.00,4.7175
387.50,4.7349
388.00,4.7560
388.50,4.7764
389.00,4.7922
389.50,4.8011
390.00,4.8029
390.50,4.8001
391.00,4.7959
391.50,4.7938
392.00,4.7955
392.50,4.8022
393.00,4.8142
393.50,4.8309
394.00,4.8489
394.50,4.8624
395.00,4.8671
395.50,4.8635
396.00,4.8580
396.50,4.8579
397.00,4.8669
397.50,4.8831
398.00,4.9013
398.50,4.9167
399.00,4.9271
399.50,4.9326
400.00,4.9339
400.50,4.9312
401.00,4.9251
401.50,4.9174
402.00,4.9117
402.50,4.9119
403.00,4.9201
403.50,4.9354
404.00,4.9554
404.50,4.9769
405.00,4.9973
405.50,5.0133
406.00,5.0216
406.50,5.0196
407.00,5.0082
407.50,4.9922
408.00,4.9777
408.50,4.9681
409.00,4.9625
409.50,4.9583
410.00,4.9557
410.50,4.9583
411.00,4.9699
411.50,4.9893
412.00,5.0106
412.50,5.0273
413.00,5.0380
413.50,5.0458
414.00,5.0550
414.50,5.0669
415.00,5.0805
415.50,5.0933
416.00,5.1034
416.50,5.1101
417.00,5.1140
417.50,5.1161
418.00,5.1180
418.50,5.1202
419.00,5.1219
419.50,5.1221
420.00,5.1213
420.50,5.1223
421.00,5.1300
421.50,5.1479
422.00,5.1755
422.50,5.2075
423.00,5.2359
423.50,5.2538
424.00,5.2590
424.50,5.2552
425.00,5.2488
425.50,5.2452
426.00,5.2458
426.50,5.2495
427.00,5.2552
427.50,5.2623
428.00,5.2710
428.50,5.2814
429.00,5.2934
429.50,5.3056
430.00,5.3153
430.50,5.3184
431.00,5.3119
431.50,5.2977
432.00,5.2833
432.50,5.2779
433.00,5.2864
433.50,5.3055
434.00,5.3259
434.50,5.3382
435.00,5.3377
435.50,5.3260
436.00,5.3086
436.50,5.2927
437.00,5.2848
437.50,5.2882
438.00,5.3012
438.50,5.3186
439.00,5.3346
439.50,5.3462
440.00,5.3523
440.50,5.3526
441.00,5.3469
441.50,5.3361
442.00,5.3215
442.50,5.3041
443.00,5.2839
443.50,5.2619
444.00,5.2408
444.50,5.2243
445.00,5.2150
445.50,5.2125
446.00,5.2139
446.50,5.2155
447.00,5.2143
447.50,5.2095
448.00,5.2009
448.50,5.1879
449.00,5.1691
449.50,5.1449
450.00,5.1194
450.50,5.0984
451.00,5.0856
451.50,5.0809
452.00,5.0806
452.50,5.0816
453.00,5.0829
453.50,5.0849
454.00,5.0882
454.50,5.0929
455.00,5.0996
455.50,5.1089
456.00,5.1195
456.50,5.1270
457.00,5.1278
457.50,5.1217
458.00,5.1129
458.50,5.1066
459.00,5.1054
459.50,5.1091
460.00,5.1167
460.50,5.1275
461.00,5.1406
461.50,5.1544
462.00,5.1665
462.50,5.1740
463.00,5.1750
463.50,5.1697
464.00,5.1609
464.50,5.1524
465.00,5.1471
465.50,5.1465
466.00,5.1504
466.50,5.1584
467.00,5.1703
467.50,5.1858
468.00,5.2042
468.50,5.2229
469.00,5.2369
469.50,5.2407
470.00,5.2312
470.50,5.2101
471.00,5.1839
471.50,5.1610
472.00,5.1476
472.50,5.1450
473.00,5.1502
473.50,5.1581
474.00,5.1636
474.50,5.1633
475.00,5.1557
475.50,5.1409
476.00,5.1217
476.50,5.1021
477.00,5.0843
477.50,5.0676
478.00,5.0499
478.50,5.0314
479.00,5.0159
479.50,5.0080
480.00,5.0103
480.50,5.0218
481.00,5.0374
481.50,5.0506
482.00,5.0554
482.50,5.0503
483.00,5.0387
483.50,5.0280
484.00,5.0250
484.50,5.0316
485.00,5.0440
485.50,5.0549
486.00,5.0588
486.50,5.0556
487.00,5.0508
487.50,5.0504
488.00,5.0551
488.50,5.0594
489.00,5.0580
489.50,5.0508
490.00,5.0436
490.50,5.0431
491.00,5.0527
491.50,5.0709
492.00,5.0940
492.50,5.1179
493.00,5.1399
493.50,5.1590
494.00,5.1742
494.50,5.1832
495.00,5.1836
495.50,5.1757
496.00,5.1645
496.50,5.1585
497.00,5.1636
497.50,5.1788
498.00,5.1971
498.50,5.2109
499.00,5.2172
499.50,5.2182
500.00,5.2180
500.50,5.2194
501.00,5.2226
501.50,5.2260
502.00,5.2280
502.50,5.2272
503.00,5.2231
503.50,5.2161
504.00,5.2089
504.50,5.2054
505.00,5.2089
505.50,5.2188
506.00,5.2314
506.50,5.2414
507.00,5.2455
507.50,5.2436
508.00,5.2384
508.50,5.2332
509.00,5.2296
509.50,5.2271
510.00,5.2234
510.50,5.2165
511.00,5.2058
511.50,5.1932
512.00,5.1811
512.50,5.1708
513.00,5.1609
513.50,5.1482
514.00,5.1312
514.50,5.1130
515.00,5.0995
515.50,5.0946
516.00,5.0971
516.50,5.1029
517.00,5.1090
517.50,5.1137
518.00,5.1139
518.50,5.1048
519.00,5.0840
519.50,5.0555
520.00,5.0293
520.50,5.0143
521.00,5.0128
521.50,5.0198
522.00,5.0284
522.50,5.0343
523.00,5.0365
523.50,5.0353
524.00,5.0313
524.50,5.0247
525.00,5.0158
525.50,5.0048
526.00,4.9919
526.50,4.9792
527.00,4.9707
527.50,4.9694
528.00,4.9751
528.50,4.9846
529.00,4.9939
529.50,5.0002
530.00,5.0023
530.50,5.0012
531.00,4.9992
531.50,4.9995
532.00,5.0042
532.50,5.0135
533.00,5.0246
533.50,5.0337
534.00,5.0393
534.50,5.0449
535.00,5.0566
535.50,5.0776
536.00,5.1046
536.50,5.1281
537.00,5.1379
537.50,5.1306
538.00,5.1122
538.50,5.0949
539.00,5.0887
539.50,5.0955
540.00,5.1087
540.50,5.1196
541.00,5.1236
541.50,5.1228
542.00,5.1233
542.50,5.1296
543.00,5.1406
543.50,5.1517
544.00,5.1593
544.50,5.1650
545.00,5.1748
545.50,5.1931
546.00,5.2178
546.50,5.2421
547.00,5.2592
547.50,5.2667
548.00,5.2653
548.50,5.2560
549.00,5.2391
549.50,5.2153
550.00,5.1881
550.50,5.1632
551.00,5.1462
551.50,5.1398
552.00,5.1422
552.50,5.1481
553.00,5.1514
553.50,5.1476
554.00,5.1358
554.50,5.1192
555.00,5.1021
555.50,5.0890
556.00,5.0836
556.50,5.0875
557.00,5.0974
557.50,5.1044
558.00,5.0980
558.50,5.0739
559.00,5.0408
559.50,5.0163
560.00,5.0144
560.50,5.0342
561.00,5.0611
561.50,5.0788
562.00,5.0791
562.50,5.0624
563.00,5.0336
563.50,4.9997
564.00,4.9690
564.50,4.9500
565.00,4.9461
565.50,4.9529
566.00,4.9603
566.50,4.9579
567.00,4.9417
567.50,4.9153
568.00,4.8868
568.50,4.8640
569.00,4.8498
569.50,4.8421
570.00,4.8356
570.50,4.8257
571.00,4.8125
571.50,4.8011
572.00,4.7980
572.50,4.8047
573.00,4.8164
573.50,4.8265
574.00,4.8316
574.50,4.8325
575.00,4.8317
575.50,4.8323
576.00,4.8393
576.50,4.8595
577.00,4.8938
577.50,4.9320
578.00,4.9562
578.50,4.9526
579.00,4.9218
579.50,4.8769
580.00,4.8352
580.50,4.8097
581.00,4.8065
581.50,4.8242
582.00,4.8554
582.50,4.8892
583.00,4.9144
583.50,4.9235
584.00,4.9149
584.50,4.8921
585.00,4.8618
585.50,4.8310
586.00,4.8043
586.50,4.7849
587.00,4.7774
587.50,4.7873
588.00,4.8164
588.50,4.8578
589.00,4.8988
589.50,4.9290
590.00,4.9444
590.50,4.9452
591.00,4.9308
591.50,4.9013
592.00,4.8617
592.50,4.8227
593.00,4.7943
593.50,4.7794
594.00,4.7741
594.50,4.7736
595.00,4.7761
595.50,4.7811
596.00,4.7853
596.50,4.7828
597.00,4.7696
597.50,4.7479
598.00,4.7256
598.50,4.7108
599.00,4.7072
599.50,4.7135
600.00,4.7257
600.50,4.7390
601.00,4.7483
601.50,4.7498
602.00,4.7430
602.50,4.7313
603.00,4.7191
603.50,4.7089
604.00,4.6991
604.50,4.6860
605.00,4.6674
605.50,4.6445
606.00,4.6214
606.50,4.6023
607.00,4.5896
607.50,4.5829
608.00,4.5784
608.50,4.5699
609.00,4.5514
609.50,4.5230
610.00,4.4927
610.50,4.4729
611.00,4.4725
611.50,4.4901
612.00,4.5139
612.50,4.5284
613.00,4.5240
613.50,4.5029
614.00,4.4763
614.50,4.4575
615.00,4.4547
615.50,4.4695
616.00,4.4979
616.50,4.5329
617.00,4.5656
617.50,4.5875
618.00,4.5942
618.50,4.5881
619.00,4.5780
619.50,4.5747
620.00,4.5846
620.50,4.6077
621.00,4.6391
621.50,4.6727
622.00,4.7028
622.50,4.7237
623.00,4.7314
623.50,4.7265
624.00,4.7163
624.50,4.7106
625.00,4.7158
625.50,4.7309
626.00,4.7503
626.50,4.7685
627.00,4.7840
627.50,4.7975
628.00,4.8097
628.50,4.8191
629.00,4.8229
629.50,4.8169
630.00,4.7980
630.50,4.7678
631.00,4.7344
631.50,4.7097
632.00,4.7017
632.50,4.7087
633.00,4.7193
633.50,4.7204
634.00,4.7050
634.50,4.6759
635.00,4.6422
635.50,4.6148
636.00,4.5990
636.50,4.5913
637.00,4.5815
637.50,4.5610
638.00,4.5291
638.50,4.4942
639.00,4.4652
639.50,4.4451
640.00,4.4311
640.50,4.4197
641.00,4.4117
641.50,4.4113
642.00,4.4233
642.50,4.4491
643.00,4.4851
643.50,4.5224
644.00,4.5507
644.50,4.5638
645.00,4.5614
645.50,4.5477
646.00,4.5264
646.50,4.5004
647.00,4.4731
647.50,4.4494
648.00,4.4334
648.50,4.4240
649.00,4.4159
649.50,4.4035
650.00,4.3859
650.50,4.3665
651.00,4.3508
651.50,4.3418
652.00,4.3385
652.50,4.3349
653.00,4.3236
653.50,4.2997
654.00,4.2646
654.50,4.2250
655.00,4.1889
655.50,4.1627
656.00,4.1496
656.50,4.1488
657.00,4.1565
657.50,4.1672
658.00,4.1761
658.50,4.1801
659.00,4.1784
659.50,4.1729
660.00,4.1669
660.50,4.1642
661.00,4.1690
661.50,4.1853
662.00,4.2158
662.50,4.2583
663.00,4.3031
663.50,4.3379
664.00,4.3554
664.50,4.3585
665.00,4.3566
665.50,4.3577
666.00,4.3637
666.50,4.3724
667.00,4.3823
667.50,4.3941
668.00,4.4074
668.50,4.4182
669.00,4.4212
669.50,4.4141
670.00,4.3991
670.50,4.3782
671.00,4.3510
671.50,4.3160
672.00,4.2742
672.50,4.2291
673.00,4.1845
673.50,4.1424
674.00,4.1044
674.50,4.0721
675.00,4.0467
675.50,4.0260
676.00,4.0027
676.50,3.9661
677.00,3.9089
677.50,3.8340
678.00,3.7558
678.50,3.6926
679.00,3.6579
679.50,3.6549
680.00,3.6767
680.50,3.7098
681.00,3.7372
681.50,3.7448
682.00,3.7280
682.50,3.6938
683.00,3.6558
683.50,3.6242
684.00,3.5993
684.50,3.5742
685.00,3.5426
685.50,3.5036
686.00,3.4627
686.50,3.4287
687.00,3.4108
687.50,3.4150
688.00,3.4393
688.50,3.4737
689.00,3.5040
689.50,3.5195
690.00,3.5168
690.50,3.4984
691.00,3.4689
691.50,3.4326
692.00,3.3929
692.50,3.3536
693.00,3.3198
693.50,3.2975
694.00,3.2920
694.50,3.3053
695.00,3.3347
695.50,3.3721
696.00,3.4081
696.50,3.4386
697.00,3.4655
697.50,3.4913
698.00,3.5122
698.50,3.5185
699.00,3.5030
699.50,3.4663
700.00,3.4154
700.50,3.3582
701.00,3.3018
701.50,3.2534
702.00,3.2220
702.50,3.2132
703.00,3.2246
703.50,3.2442
704.00,3.2560
704.50,3.2507
705.00,3.2292
705.50,3.2011
706.00,3.1766
706.50,3.1628
707.00,3.1650
707.50,3.1883
708.00,3.2347
708.50,3.2964
709.00,3.3562
709.50,3.3960
710.00,3.4082
710.50,3.3981
711.00,3.3788
711.50,3.3636
712.00,3.3609
712.50,3.3727
713.00,3.3939
713.50,3.4154
714.00,3.4287
714.50,3.4302
715.00,3.4218
715.50,3.4088
716.00,3.3985
716.50,3.3979
717.00,3.4103
717.50,3.4313
718.00,3.4495
718.50,3.4557
719.00,3.4498
719.50,3.4398
720.00,3.4322
720.50,3.4254
721.00,3.4131
721.50,3.3934
722.00,3.3740
722.50,3.3671
723.00,3.3798
723.50,3.4096
724.00,3.4466
724.50,3.4797
725.00,3.5008
725.50,3.5046
726.00,3.4899
726.50,3.4611
727.00,3.4287
727.50,3.4066
728.00,3.4062
728.50,3.4291
729.00,3.4656
729.50,3.5005
730.00,3.5210
730.50,3.5223
731.00,3.5081
731.50,3.4889
732.00,3.4785
732.50,3.4864
733.00,3.5093
733.50,3.5303
734.00,3.5316
734.50,3.5088
735.00,3.4735
735.50,3.4408
736.00,3.4173
736.50,3.4025
737.00,3.3972
737.50,3.4061
738.00,3.4309
738.50,3.4655
739.00,3.5000
739.50,3.5285
740.00,3.5523
740.50,3.5763
741.00,3.6040
741.50,3.6339
742.00,3.6606
742.50,3.6777
743.00,3.6811
743.50,3.6723
744.00,3.6609
744.50,3.6618
745.00,3.6865
745.50,3.7330
746.00,3.7835
746.50,3.8171
747.00,3.8266
747.50,3.8238
748.00,3.8269
748.50,3.8437
749.00,3.8661
749.50,3.8813
750.00,3.8851
750.50,3.8861
751.00,3.8954
751.50,3.9155
752.00,3.9368
752.50,3.9470
753.00,3.9416
753.50,3.9269
754.00,3.9146
754.50,3.9141
755.00,3.9281
755.50,3.9517
756.00,3.9749
756.50,3.9899
757.00,3.9991
757.50,4.0160
758.00,4.0530
758.50,4.1076
759.00,4.1592
759.50,4.1806
760.00,4.1561
760.50,4.0928
761.00,4.0159
761.50,3.9516
762.00,3.9103
762.50,3.8850
763.00,3.8630
763.50,3.8402
764.00,3.8235
764.50,3.8233
765.00,3.8425
765.50,3.8721
766.00,3.8952
766.50,3.8978
767.00,3.8783
767.50,3.8501
768.00,3.8334
768.50,3.8434
769.00,3.8815
769.50,3.9338
770.00,3.9784
770.50,3.9968
771.00,3.9853
771.50,3.9555
772.00,3.9249
772.50,3.9051
773.00,3.8987
773.50,3.9034
774.00,3.9170
774.50,3.9370
775.00,3.9590
775.50,3.9766
776.00,3.9853
776.50,3.9845
777.00,3.9765
777.50,3.9633
778.00,3.9470
778.50,3.9314
779.00,3.9230
779.50,3.9274
780.00,3.9464
780.50,3.9773
781.00,4.0138
781.50,4.0465
782.00,4.0641
782.50,4.0581
783.00,4.0295
783.50,3.9925
784.00,3.9677
784.50,3.9693
785.00,3.9965
785.50,4.0348
786.00,4.0657
786.50,4.0783
787.00,4.0735
787.50,4.0587
788.00,4.0412
788.50,4.0225
789.00,3.9996
789.50,3.9709
790.00,3.9406
790.50,3.9191
791.00,3.9166
791.50,3.9376
792.00,3.9800
792.50,4.0380
793.00,4.1038
793.50,4.1679
794.00,4.2205
794.50,4.2546
795.00,4.2688
795.50,4.2678
796.00,4.2605
796.50,4.2565
797.00,4.2604
797.50,4.2688
798.00,4.2731
798.50,4.2667
799.00,4.2491
799.50,4.2240
800.00,4.1965
800.50,4.1723
801.00,4.1586
801.50,4.1617
802.00,4.1830
802.50,4.2150
803.00,4.2421
803.50,4.2480
804.00,4.2273
804.50,4.1895
805.00,4.1531
805.50,4.1321
806.00,4.1279
806.50,4.1322
807.00,4.1354
807.50,4.1332
808.00,4.1256
808.50,4.1137
809.00,4.0975
809.50,4.0775
810.00,4.0574
810.50,4.0453
811.00,4.0482
811.50,4.0648
812.00,4.0835
812.50,4.0882
813.00,4.0695
813.50,4.0284
814.00,3.9741
814.50,3.9195
815.00,3.8776
815.50,3.8588
816.00,3.8690
816.50,3.9076
817.00,3.9659
817.50,4.0288
818.00,4.0785
818.50,4.1008
819.00,4.0891
819.50,4.0465
820.00,3.9854
820.50,3.9230
821.00,3.8754
821.50,3.8519
822.00,3.8526
822.50,3.8706
823.00,3.8962
823.50,3.9238
824.00,3.9551
824.50,3.9963
825.00,4.0498
825.50,4.1094
826.00,4.1621
826.50,4.1946
827.00,4.1980
827.50,4.1707
828.00,4.1203
828.50,4.0636
829.00,4.0196
829.50,3.9985
830.00,3.9967
830.50,4.0022
831.00,4.0047
831.50,4.0018
832.00,3.9971
832.50,3.9960
833.00,4.0017
833.50,4.0126
834.00,4.0233
834.50,4.0277
835.00,4.0244
835.50,4.0178
836.00,4.0166
836.50,4.0280
837.00,4.0528
837.50,4.0828
838.00,4.1048
838.50,4.1111
839.00,4.1067
839.50,4.1062
840.00,4.1232
840.50,4.1597
841.00,4.2042
841.50,4.2399
842.00,4.2550
842.50,4.2485
843.00,4.2287
843.50,4.2067
844.00,4.1900
844.50,4.1789
845.00,4.1676
845.50,4.1487
846.00,4.1204
846.50,4.0905
847.00,4.0712
847.50,4.0707
848.00,4.0879
848.50,4.1147
849.00,4.1424
849.50,4.1664
850.00,4.1861
850.50,4.2036
851.00,4.2206
851.50,4.2324
852.00,4.2278
852.50,4.1984
853.00,4.1524
853.50,4.1149
854.00,4.1087
854.50,4.1344
855.00,4.1703
855.50,4.1925
856.00,4.1934
856.50,4.1820
857.00,4.1690
857.50,4.1565
858.00,4.1398
858.50,4.1158
859.00,4.0877
859.50,4.0609
860.00,4.0379
860.50,4.0167
861.00,3.9946
861.50,3.9715
862.00,3.9506
862.50,3.9357
863.00,3.9314
863.50,3.9429
864.00,3.9731
864.50,4.0161
865.00,4.0580
865.50,4.0859
866.00,4.0978
866.50,4.1009
867.00,4.1022
867.50,4.1008
868.00,4.0912
868.50,4.0685
869.00,4.0320
869.50,3.9844
870.00,3.9324
870.50,3.8861
871.00,3.8565
871.50,3.8498
872.00,3.8641
872.50,3.8913
873.00,3.9210
873.50,3.9420
874.00,3.9434
874.50,3.9196
875.00,3.8768
875.50,3.8336
876.00,3.8109
876.50,3.8205
877.00,3.8596
877.50,3.9135
878.00,3.9635
878.50,3.9968
879.00,4.0132
879.50,4.0251
880.00,4.0481
880.50,4.0874
881.00,4.1335
881.50,4.1687
882.00,4.1812
882.50,4.1741
883.00,4.1615
883.50,4.1548
884.00,4.1524
884.50,4.1439
885.00,4.1233
885.50,4.0971
886.00,4.0788
886.50,4.0756
887.00,4.0795
887.50,4.0726
888.00,4.0396
888.50,3.9796
889.00,3.9078
889.50,3.8493
890.00,3.8260
890.50,3.8440
891.00,3.8896
891.50,3.9356
892.00,3.9557
892.50,3.9377
893.00,3.8869
893.50,3.8222
894.00,3.7667
894.50,3.7370
895.00,3.7372
895.50,3.7607
896.00,3.7976
896.50,3.8399
897.00,3.8791
897.50,3.9048
898.00,3.9073
898.50,3.8841
899.00,3.8404
899.50,3.7852
900.00,3.7265
900.50,3.6706
901.00,3.6230
901.50,3.5903
902.00,3.5788
902.50,3.5898
903.00,3.6157
903.50,3.6430
904.00,3.6612
904.50,3.6702
905.00,3.6764
905.50,3.6835
906.00,3.6868
906.50,3.6783
907.00,3.6572
907.50,3.6337
908.00,3.6218
908.50,3.6257
909.00,3.6344
909.50,3.6303
910.00,3.6062
910.50,3.5734
911.00,3.5519
911.50,3.5541
912.00,3.5769
912.50,3.6076
913.00,3.6351
913.50,3.6558
914.00,3.6720
914.50,3.6879
915.00,3.7054
915.50,3.7217
916.00,3.7292
916.50,3.7175
917.00,3.6797
917.50,3.6197
918.00,3.5548
918.50,3.5061
919.00,3.4865
919.50,3.4931
920.00,3.5119
920.50,3.5270
921.00,3.5288
921.50,3.5183
922.00,3.5027
922.50,3.4867
923.00,3.4654
923.50,3.4310
924.00,3.3862
924.50,3.3483
925.00,3.3357
925.50,3.3506
926.00,3.3779
926.50,3.3989
927.00,3.4032
927.50,3.3887
928.00,3.3579
928.50,3.3184
929.00,3.2853
929.50,3.2758
930.00,3.2989
930.50,3.3502
931.00,3.4149
931.50,3.4765
932.00,3.5244
932.50,3.5567
933.00,3.5770
933.50,3.5896
934.00,3.5958
934.50,3.5955
935.00,3.5888
935.50,3.5776
936.00,3.5628
936.50,3.5429
937.00,3.5147
937.50,3.4791
938.00,3.4433
938.50,3.4165
939.00,3.4022
939.50,3.3970
940.00,3.3982
940.50,3.4081
941.00,3.4288
941.50,3.4541
942.00,3.4693
942.50,3.4643
943.00,3.4449
943.50,3.4307
944.00,3.4401
944.50,3.4749
945.00,3.5190
945.50,3.5512
946.00,3.5601
946.50,3.5472
947.00,3.5208
947.50,3.4882
948.00,3.4550
948.50,3.4270
949.00,3.4096
949.50,3.4049
950.00,3.4100
950.50,3.4193
951.00,3.4285
951.50,3.4361
952.00,3.4397
952.50,3.4335
953.00,3.4118
953.50,3.3750
954.00,3.3318
954.50,3.2950
955.00,3.2735
955.50,3.2710
956.00,3.2867
956.50,3.3163
957.00,3.3500
957.50,3.3746
958.00,3.3814
958.50,3.3732
959.00,3.3617
959.50,3.3561
960.00,3.3550
960.50,3.3498
961.00,3.3354
961.50,3.3162
962.00,3.3028
962.50,3.3021
963.00,3.3122
963.50,3.3242
964.00,3.3315
964.50,3.3360
965.00,3.3457
965.50,3.3620
966.00,3.3726
966.50,3.3601
967.00,3.3221
967.50,3.2802
968.00,3.2658
968.50,3.2924
969.00,3.3437
969.50,3.3887
970.00,3.4088
970.50,3.4109
971.00,3.4165
971.50,3.4374
972.00,3.4635
972.50,3.4711
973.00,3.4443
973.50,3.3887
974.00,3.3270
974.50,3.2819
975.00,3.2633
975.50,3.2681
976.00,3.2871
976.50,3.3101
977.00,3.3293
977.50,3.3401
978.00,3.3421
978.50,3.3381
979.00,3.3342
979.50,3.3363
980.00,3.3439
980.50,3.3491
981.00,3.3434
981.50,3.3281
982.00,3.3152
982.50,3.3178
983.00,3.3401
983.50,3.3732
984.00,3.3993
984.50,3.4028
985.00,3.3788
985.50,3.3341
986.00,3.2791
986.50,3.2220
987.00,3.1699
987.50,3.1335
988.00,3.1245
988.50,3.1460
989.00,3.1862
989.50,3.2243
990.00,3.2443
990.50,3.2453
991.00,3.2410
991.50,3.2491
992.00,3.2794
992.50,3.3266
993.00,3.3738
993.50,3.4055
994.00,3.4172
994.50,3.4122
995.00,3.3930
995.50,3.3561
996.00,3.2963
996.50,3.2157
997.00,3.1274
997.50,3.0531
998.00,3.0138
998.50,3.0193
999.00,3.0628
999.50,3.1230
1000.00,3.1742
1000.50,3.1988
1001.00,3.1948
1001.50,3.1754
1002.00,3.1603
1002.50,3.1640
1003.00,3.1861
1003.50,3.2115
1004.00,3.2212
1004.50,3.2093
1005.00,3.1900
1005.50,3.1852
1006.00,3.2038
1006.50,3.2328
1007.00,3.2491
1007.50,3.2394
1008.00,3.2092
1008.50,3.1749
1009.00,3.1505
1009.50,3.1394
1010.00,3.1343
1010.50,3.1258
1011.00,3.1093
1011.50,3.0867
1012.00,3.0610
1012.50,3.0304
1013.00,2.9873
1013.50,2.9238
1014.00,2.8401
1014.50,2.7514
1015.00,2.6863
1015.50,2.6709
1016.00,2.7093
1016.50,2.7776
1017.00,2.8397
1017.50,2.8720
1018.00,2.8743
1018.50,2.8631
1019.00,2.8568
1019.50,2.8666
1020.00,2.8921
1020.50,2.9235
1021.00,2.9475
1021.50,2.9561
1022.00,2.9515
1022.50,2.9426
1023.00,2.9361
1023.50,2.9304
1024.00,2.9193
1024.50,2.8992
1025.00,2.8723
1025.50,2.8452
1026.00,2.8249
1026.50,2.8173
1027.00,2.8247
1027.50,2.8436
1028.00,2.8638
1028.50,2.8724
1029.00,2.8619
1029.50,2.8385
1030.00,2.8214
1030.50,2.8276
1031.00,2.8555
1031.50,2.8819
1032.00,2.8809
1032.50,2.8446
1033.00,2.7884
1033.50,2.7363
1034.00,2.7040
1034.50,2.6910
1035.00,2.6862
1035.50,2.6775
1036.00,2.6579
1036.50,2.6242
1037.00,2.5758
1037.50,2.5171
1038.00,2.4611
1038.50,2.4255
1039.00,2.4222
1039.50,2.4496
1040.00,2.4928
1040.50,2.5316
1041.00,2.5510
1041.50,2.5484
1042.00,2.5347
1042.50,2.5260
1043.00,2.5337
1043.50,2.5601
1044.00,2.5997
1044.50,2.6439
1045.00,2.6854
1045.50,2.7214
1046.00,2.7527
1046.50,2.7794
1047.00,2.7971
1047.50,2.7990
1048.00,2.7802
1048.50,2.7390
1049.00,2.6773
1049.50,2.6023
1050.00,2.5298
1050.50,2.4784
1051.00,2.4596
1051.50,2.4706
1052.00,2.4978
1052.50,2.5273
1053.00,2.5544
1053.50,2.5847
1054.00,2.6238
1054.50,2.6642
1055.00,2.6842
1055.50,2.6651
1056.00,2.6096
1056.50,2.5408
1057.00,2.4820
1057.50,2.4411
1058.00,2.4145
1058.50,2.3987
1059.00,2.3945
1059.50,2.4022
1060.00,2.4206
1060.50,2.4496
1061.00,2.4900
1061.50,2.5376
1062.00,2.5800
1062.50,2.6017
1063.00,2.5938
1063.50,2.5591
1064.00,2.5106
1064.50,2.4665
1065.00,2.4437
1065.50,2.4491
1066.00,2.4738
1066.50,2.4983
1067.00,2.5077
1067.50,2.5054
1068.00,2.5120
1068.50,2.5485
1069.00,2.6181
1069.50,2.7011
1070.00,2.7669
1070.50,2.7930
1071.00,2.7757
1071.50,2.7282
1072.00,2.6708
1072.50,2.6198
1073.00,2.5841
1073.50,2.5673
1074.00,2.5705
1074.50,2.5904
1075.00,2.6167
1075.50,2.6322
1076.00,2.6213
1076.50,2.5787
1077.00,2.5129
1077.50,2.4411
1078.00,2.3804
1078.50,2.3407
1079.00,2.3240
1079.50,2.3276
1080.00,2.3472
1080.50,2.3773
1081.00,2.4137
1081.50,2.4543
1082.00,2.4964
1082.50,2.5322
1083.00,2.5494
1083.50,2.5370
1084.00,2.4938
1084.50,2.4323
1085.00,2.3753
1085.50,2.3444
1086.00,2.3473
1086.50,2.3732
1087.00,2.4033
1087.50,2.4260
1088.00,2.4445
1088.50,2.4694
1089.00,2.5010
1089.50,2.5214
1090.00,2.5033
1090.50,2.4322
1091.00,2.3205
1091.50,2.2014
1092.00,2.1111
1092.50,2.0729
1093.00,2.0907
1093.50,2.1505
1094.00,2.2277
1094.50,2.2979
1095.00,2.3486
1095.50,2.3812
1096.00,2.4013
1096.50,2.4062
1097.00,2.3862
1097.50,2.3381
1098.00,2.2743
1098.50,2.2171
1099.00,2.1846
1099.50,2.1816
1100.00,2.2018
1100.50,2.2327
1101.00,2.2598
1101.50,2.2730
1102.00,2.2734
1102.50,2.2731
1103.00,2.2819
1103.50,2.2942
1104.00,2.2920
1104.50,2.2631
1105.00,2.2173
1105.50,2.1808
1106.00,2.1750
1106.50,2.1998
1107.00,2.2384
1107.50,2.2733
1108.00,2.2983
1108.50,2.3161
1109.00,2.3315
1109.50,2.3456
1110.00,2.3571
1110.50,2.3636
1111.00,2.3635
1111.50,2.3552
1112.00,2.3374
1112.50,2.3119
1113.00,2.2858
1113.50,2.2674
1114.00,2.2573
1114.50,2.2460
1115.00,2.2221
1115.50,2.1840
1116.00,2.1406
1116.50,2.1031
1117.00,2.0776
1117.50,2.0646
1118.00,2.0617
1118.50,2.0627
1119.00,2.0577
1119.50,2.0386
1120.00,2.0083
1120.50,1.9809
1121.00,1.9691
1121.50,1.9714
1122.00,1.9747
1122.50,1.9714
1123.00,1.9702
1123.50,1.9876
1124.00,2.0316
1124.50,2.0956
1125.00,2.1685
1125.50,2.2445
1126.00,2.3182
1126.50,2.3766
1127.00,2.4023
1127.50,2.3872
1128.00,2.3413
1128.50,2.2857
1129.00,2.2385
1129.50,2.2064
1130.00,2.1861
1130.50,2.1724
1131.00,2.1614
1131.50,2.1494
1132.00,2.1296
1132.50,2.0964
1133.00,2.0524
1133.50,2.0091
1134.00,1.9802
1134.50,1.9753
1135.00,2.0010
1135.50,2.0609
1136.00,2.1482
1136.50,2.2380
1137.00,2.2943
1137.50,2.2935
1138.00,2.2446
1138.50,2.1864
1139.00,2.1619
1139.50,2.1914
1140.00,2.2648
1140.50,2.3526
1141.00,2.4239
1141.50,2.4589
1142.00,2.4538
1142.50,2.4180
1143.00,2.3683
1143.50,2.3191
1144.00,2.2752
1144.50,2.2324
1145.00,2.1853
1145.50,2.1335
1146.00,2.0802
1146.50,2.0288
1147.00,1.9859
1147.50,1.9638
1148.00,1.9735
1148.50,2.0099
1149.00,2.0508
1149.50,2.0744
1150.00,2.0780
1150.50,2.0764
1151.00,2.0826
1151.50,2.0948
1152.00,2.1019
1152.50,2.0983
1153.00,2.0902
1153.50,2.0896
1154.00,2.1045
1154.50,2.1357
1155.00,2.1766
1155.50,2.2137
1156.00,2.2280
1156.50,2.2028
1157.00,2.1346
1157.50,2.0374
1158.00,1.9364
1158.50,1.8589
1159.00,1.8276
1159.50,1.8540
1160.00,1.9306
1160.50,2.0294
1161.00,2.1127
1161.50,2.1542
1162.00,2.1534
1162.50,2.1324
1163.00,2.1157
1163.50,2.1099
1164.00,2.1016
1164.50,2.0747
1165.00,2.0285
1165.50,1.9796
1166.00,1.9469
1166.50,1.9370
1167.00,1.9423
1167.50,1.9508
1168.00,1.9578
1168.50,1.9680
1169.00,1.9869
1169.50,2.0136
1170.00,2.0398
1170.50,2.0561
1171.00,2.0558
1171.50,2.0343
1172.00,1.9911
1172.50,1.9353
1173.00,1.8842
1173.50,1.8544
1174.00,1.8511
1174.50,1.8671
1175.00,1.8894
1175.50,1.9057
1176.00,1.9067
1176.50,1.8894
1177.00,1.8602
1177.50,1.8341
1178.00,1.8249
1178.50,1.8346
1179.00,1.8548
1179.50,1.8773
1180.00,1.9021
1180.50,1.9351
1181.00,1.9797
1181.50,2.0335
1182.00,2.0920
1182.50,2.1528
1183.00,2.2147
1183.50,2.2727
1184.00,2.3198
1184.50,2.3528
1185.00,2.3752
1185.50,2.3892
1186.00,2.3918
1186.50,2.3821
1187.00,2.3718
1187.50,2.3840
1188.00,2.4369
1188.50,2.5318
1189.00,2.6565
1189.50,2.7996
1190.00,2.9583
1190.50,3.1357
1191.00,3.3320
1191.50,3.5394
1192.00,3.7436
1192.50,3.9286
1193.00,4.0793
1193.50,4.1840
1194.00,4.2364
1194.50,4.2378
1195.00,4.1982
1195.50,4.1370
1196.00,4.0797
1196.50,4.0474
1197.00,4.0444
1197.50,4.0531
1198.00,4.0464
1198.50,4.0060
1199.00,3.9321
1199.50,3.8404
1200.00,3.7516
1200.50,3.6826
1201.00,3.6394
1201.50,3.6146
1202.00,3.5925
1202.50,3.5617
1203.00,3.5242
1203.50,3.4920
1204.00,3.4730
1204.50,3.4623
1205.00,3.4488
1205.50,3.4268
1206.00,3.4006
1206.50,3.3780
1207.00,3.3626
1207.50,3.3531
1208.00,3.3460
1208.50,3.3395
1209.00,3.3340
1209.50,3.3309
1210.00,3.3297
1210.50,3.3293
1211.00,3.3319
1211.50,3.3444
1212.00,3.3705
1212.50,3.4025
1213.00,3.4238
1213.50,3.4224
1214.00,3.3993
1214.50,3.3632
1215.00,3.3221
1215.50,3.2816
1216.00,3.2498
1216.50,3.2378
1217.00,3.2517
1217.50,3.2863
1218.00,3.3269
1218.50,3.3580
1219.00,3.3728
1219.50,3.3780
1220.00,3.3909
1220.50,3.4293
1221.00,3.5005
1221.50,3.5958
1222.00,3.6914
1222.50,3.7582
1223.00,3.7745
1223.50,3.7390
1224.00,3.6735
1224.50,3.6097
1225.00,3.5675
1225.50,3.5443
1226.00,3.5258
1226.50,3.5066
1227.00,3.4960
1227.50,3.5063
1228.00,3.5354
1228.50,3.5642
1229.00,3.5694
1229.50,3.5425
1230.00,3.4995
1230.50,3.4700
1231.00,3.4731
1231.50,3.5021
1232.00,3.5316
1232.50,3.5397
1233.00,3.5232
1233.50,3.4947
1234.00,3.4707
1234.50,3.4609
1235.00,3.4646
1235.50,3.4758
1236.00,3.4913
1236.50,3.5156
1237.00,3.5558
1237.50,3.6107
1238.00,3.6662
1238.50,3.7038
1239.00,3.7139
1239.50,3.7009
1240.00,3.6746
1240.50,3.6385
1241.00,3.5877
1241.50,3.5174
1242.00,3.4347
1242.50,3.3581
1243.00,3.3085
1243.50,3.2993
1244.00,3.3301
1244.50,3.3863
1245.00,3.4418
1245.50,3.4699
1246.00,3.4574
1246.50,3.4107
1247.00,3.3471
1247.50,3.2817
1248.00,3.2215
1248.50,3.1701
1249.00,3.1341
1249.50,3.1230
1250.00,3.1442
1250.50,3.1936
1251.00,3.2540
1251.50,3.3031
1252.00,3.3287
1252.50,3.3336
1253.00,3.3260
1253.50,3.3069
1254.00,3.2719
1254.50,3.2226
1255.00,3.1724
1255.50,3.1378
1256.00,3.1250
1256.50,3.1243
1257.00,3.1168
1257.50,3.0869
1258.00,3.0299
1258.50,2.9528
1259.00,2.8698
1259.50,2.7968
1260.00,2.7479
1260.50,2.7310
1261.00,2.7454
1261.50,2.7828
1262.00,2.8304
1262.50,2.8767
1263.00,2.9168
1263.50,2.9535
1264.00,2.9912
1264.50,3.0268
1265.00,3.0458
1265.50,3.0321
1266.00,2.9804
1266.50,2.9018
1267.00,2.8161
1267.50,2.7413
1268.00,2.6878
1268.50,2.6578
1269.00,2.6450
1269.50,2.6370
1270.00,2.6221
1270.50,2.5999
1271.00,2.5833
1271.50,2.5902
1272.00,2.6290
1272.50,2.6912
1273.00,2.7568
1273.50,2.8056
1274.00,2.8267
1274.50,2.8200
1275.00,2.7918
1275.50,2.7473
1276.00,2.6874
1276.50,2.6154
1277.00,2.5431
1277.50,2.4899
1278.00,2.4706
1278.50,2.4854
1279.00,2.5184
1279.50,2.5455
1280.00,2.5478
1280.50,2.5217
1281.00,2.4799
1281.50,2.4429
1282.00,2.4277
1282.50,2.4397
1283.00,2.4686
1283.50,2.4934
1284.00,2.4945
1284.50,2.4672
1285.00,2.4268
1285.50,2.3982
1286.00,2.3993
1286.50,2.4281
1287.00,2.4659
1287.50,2.4920
1288.00,2.4991
1288.50,2.4955
1289.00,2.4963
1289.50,2.5095
1290.00,2.5295
1290.50,2.5429
1291.00,2.5421
1291.50,2.5322
1292.00,2.5235
1292.50,2.5202
1293.00,2.5194
1293.50,2.5187
1294.00,2.5168
1294.50,2.5060
1295.00,2.4701
1295.50,2.3993
1296.00,2.3060
1296.50,2.2229
1297.00,2.1794
1297.50,2.1787
1298.00,2.1962
1298.50,2.2022
1299.00,2.1872
1299.50,2.1681
1300.00,2.1707
1300.50,2.2082
1301.00,2.2724
1301.50,2.3419
1302.00,2.3951
1302.50,2.4173
1303.00,2.4034
1303.50,2.3589
1304.00,2.3019
1304.50,2.2557
1305.00,2.2360
1305.50,2.2407
1306.00,2.2540
1306.50,2.2590
1307.00,2.2481
1307.50,2.2258
1308.00,2.2042
1308.50,2.1960
1309.00,2.2076
1309.50,2.2358
1310.00,2.2697
1310.50,2.2960
1311.00,2.3053
1311.50,2.2950
1312.00,2.2689
1312.50,2.2355
1313.00,2.2067
1313.50,2.1949
1314.00,2.2087
1314.50,2.2483
1315.00,2.3059
1315.50,2.3684
1316.00,2.4206
1316.50,2.4483
1317.00,2.4423
1317.50,2.4039
1318.00,2.3466
1318.50,2.2917
1319.00,2.2564
1319.50,2.2455
1320.00,2.2516
1320.50,2.2660
1321.00,2.2852
1321.50,2.3090
1322.00,2.3337
1322.50,2.3531
1323.00,2.3670
1323.50,2.3836
1324.00,2.4092
1324.50,2.4354
1325.00,2.4426
1325.50,2.4173
1326.00,2.3644
1326.50,2.3035
1327.00,2.2547
1327.50,2.2279
1328.00,2.2202
1328.50,2.2199
1329.00,2.2119
1329.50,2.1851
1330.00,2.1392
1330.50,2.0866
1331.00,2.0441
1331.50,2.0192
1332.00,2.0042
1332.50,1.9844
1333.00,1.9546
1333.50,1.9232
1334.00,1.9025
1334.50,1.8966
1335.00,1.8991
1335.50,1.9013
1336.00,1.8994
1336.50,1.8965
1337.00,1.8977
1337.50,1.9034
1338.00,1.9043
1338.50,1.8830
1339.00,1.8242
1339.50,1.7252
1340.00,1.5987
1340.50,1.4659
1341.00,1.3474
1341.50,1.2582
1342.00,1.2058
1342.50,1.1877
1343.00,1.1915
1343.50,1.1992
1344.00,1.1957
1344.50,1.1755
1345.00,1.1416
1345.50,1.1009
1346.00,1.0624
1346.50,1.0374
1347.00,1.0353
1347.50,1.0567
1348.00,1.0907
1348.50,1.1219
1349.00,1.1385
1349.50,1.1365
1350.00,1.1202
1350.50,1.0994
1351.00,1.0829
1351.50,1.0692
1352.00,1.0478
1352.50,1.0126
1353.00,0.9729
1353.50,0.9479
1354.00,0.9491
1354.50,0.9704
1355.00,0.9957
1355.50,1.0126
1356.00,1.0193
1356.50,1.0210
1357.00,1.0217
1357.50,1.0193
1358.00,1.0068
1358.50,0.9783
1359.00,0.9346
1359.50,0.8829
1360.00,0.8332
1360.50,0.7922
1361.00,0.7623
1361.50,0.7443
1362.00,0.7381
1362.50,0.7372
1363.00,0.7258
1363.50,0.6888
1364.00,0.6252
1364.50,0.5514
1365.00,0.4876
1365.50,0.4463
1366.00,0.4323
1366.50,0.4481
1367.00,0.4924
1367.50,0.5546
1368.00,0.6173
1368.50,0.6660
1369.00,0.6949
1369.50,0.7038
1370.00,0.6913
1370.50,0.6579
1371.00,0.6130
1371.50,0.5746
1372.00,0.5588
1372.50,0.5674
1373.00,0.5860
1373.50,0.5962
1374.00,0.5904
1374.50,0.5766
1375.00,0.5696
1375.50,0.5774
1376.00,0.5952
1376.50,0.6108
1377.00,0.6153
1377.50,0.6085
1378.00,0.5942
1378.50,0.5715
1379.00,0.5342
1379.50,0.4829
1380.00,0.4349
1380.50,0.4165
1381.00,0.4425
1381.50,0.5027
1382.00,0.5689
1382.50,0.6176
1383.00,0.6469
1383.50,0.6723
1384.00,0.7074
1384.50,0.7480
1385.00,0.7762
1385.50,0.7804
1386.00,0.7670
1386.50,0.7538
1387.00,0.7520
1387.50,0.7559
1388.00,0.7469
1388.50,0.7087
1389.00,0.6402
1389.50,0.5581
1390.00,0.4839
1390.50,0.4289
1391.00,0.3910
1391.50,0.3663
1392.00,0.3565
1392.50,0.3641
1393.00,0.3838
1393.50,0.4049
1394.00,0.4226
1394.50,0.4405
1395.00,0.4599
1395.50,0.4725
1396.00,0.4694
1396.50,0.4562
1397.00,0.4522
1397.50,0.4715
1398.00,0.5066
1398.50,0.5336
1399.00,0.5343
1399.50,0.5113
1400.00,0.4825
1400.50,0.4653
1401.00,0.4651
1401.50,0.4755
1402.00,0.4855
1402.50,0.4854
1403.00,0.4713
1403.50,0.4446
1404.00,0.4077
1404.50,0.3615
1405.00,0.3069
1405.50,0.2503
1406.00,0.2038
1406.50,0.1780
1407.00,0.1733
1407.50,0.1809
1408.00,0.1895
1408.50,0.1939
1409.00,0.1956
1409.50,0.1987
1410.00,0.2059
1410.50,0.2184
1411.00,0.2373
1411.50,0.2622
1412.00,0.2895
1412.50,0.3107
1413.00,0.3143
1413.50,0.2945
1414.00,0.2608
1414.50,0.2389
1415.00,0.2562
1415.50,0.3230
1416.00,0.4257
1416.50,0.5378
1417.00,0.6353
1417.50,0.7082
1418.00,0.7609
1418.50,0.8023
1419.00,0.8330
1419.50,0.8421
1420.00,0.8182
1420.50,0.7629
1421.00,0.6940
1421.50,0.6370
1422.00,0.6116
1422.50,0.6214
1423.00,0.6516
1423.50,0.6756
1424.00,0.6694
1424.50,0.6252
1425.00,0.5532
1425.50,0.4739
1426.00,0.4093
1426.50,0.3782
1427.00,0.3934
1427.50,0.4563
1428.00,0.5541
1428.50,0.6641
1429.00,0.7637
1429.50,0.8375
1430.00,0.8785
1430.50,0.8881
1431.00,0.8758
1431.50,0.8546
1432.00,0.8330
1432.50,0.8093
1433.00,0.7756
1433.50,0.7268
1434.00,0.6669
1434.50,0.6078
1435.00,0.5623
1435.50,0.5348
1436.00,0.5174
1436.50,0.4937
1437.00,0.4530
1437.50,0.4017
1438.00,0.3594
1438.50,0.3420
1439.00,0.3494
1439.50,0.3692
1440.00,0.3889
1440.50,0.4039
1441.00,0.4169
1441.50,0.4314
1442.00,0.4431
1442.50,0.4381
1443.00,0.4031
1443.50,0.3403
1444.00,0.2716
1444.50,0.2231
1445.00,0.2051
1445.50,0.2066
1446.00,0.2081
1446.50,0.1980
1447.00,0.1778
1447.50,0.1578
1448.00,0.1488
1448.50,0.1559
1449.00,0.1755
1449.50,0.2005
1450.00,0.2260
1450.50,0.2516
1451.00,0.2772
1451.50,0.2993
1452.00,0.3143
1452.50,0.3236
1453.00,0.3318
1453.50,0.3410
1454.00,0.3495
1454.50,0.3544
1455.00,0.3512
1455.50,0.3319
1456.00,0.2892
1456.50,0.2252
1457.00,0.1556
1457.50,0.1010
1458.00,0.0735
1458.50,0.0696
1459.00,0.0762
1459.50,0.0806
1460.00,0.0755
1460.50,0.0583
1461.00,0.0307
1461.50,0.0046
1462.00,0.0032
1462.50,0.0477
1463.00,0.1383
1463.50,0.2485
1464.00,0.3433
1464.50,0.4044
1465.00,0.4395
1465.50,0.4715
1466.00,0.5223
1466.50,0.5993
1467.00,0.6904
1467.50,0.7687
1468.00,0.8108
1468.50,0.8175
1469.00,0.8163
1469.50,0.8352
1470.00,0.8741
1470.50,0.9039
1471.00,0.8961
1471.50,0.8500
1472.00,0.7930
1472.50,0.7585
1473.00,0.7671
1473.50,0.8193
1474.00,0.8984
1474.50,0.9782
1475.00,1.0348
1475.50,1.0560
1476.00,1.0436
1476.50,1.0105
1477.00,0.9772
1477.50,0.9656
1478.00,0.9909
1478.50,1.0549
1479.00,1.1442
1479.50,1.2370
1480.00,1.3125
1480.50,1.3611
1481.00,1.3859
1481.50,1.3971
1482.00,1.4023
1482.50,1.4031
1483.00,1.3976
1483.50,1.3902
1484.00,1.3991
1484.50,1.4523
1485.00,1.5642
1485.50,1.7157
1486.00,1.8627
1486.50,1.9660
1487.00,2.0132
1487.50,2.0137
1488.00,1.9813
1488.50,1.9295
1489.00,1.8752
1489.50,1.8377
1490.00,1.8273
1490.50,1.8391
1491.00,1.8596
1491.50,1.8804
1492.00,1.9043
1492.50,1.9407
1493.00,1.9922
1493.50,2.0482
1494.00,2.0889
1494.50,2.0982
1495.00,2.0753
1495.50,2.0360
1496.00,2.0052
1496.50,2.0039
1497.00,2.0374
1497.50,2.0923
1498.00,2.1436
1498.50,2.1688
1499.00,2.1600
1499.50,2.1269
1500.00,2.0894
1500.50,2.0669
1501.00,2.0713
1501.50,2.1045
1502.00,2.1594
1502.50,2.2186
1503.00,2.2608
1503.50,2.2720
1504.00,2.2566
1504.50,2.2372
1505.00,2.2412
1505.50,2.2850
1506.00,2.3652
1506.50,2.4619
1507.00,2.5510
1507.50,2.6148
1508.00,2.6460
1508.50,2.6462
1509.00,2.6257
1509.50,2.6025
1510.00,2.5969
1510.50,2.6213
1511.00,2.6772
1511.50,2.7585
1512.00,2.8566
1512.50,2.9620
1513.00,3.0660
1513.50,3.1659
1514.00,3.2664
1514.50,3.3719
1515.00,3.4793
1515.50,3.5806
1516.00,3.6760
1516.50,3.7828
1517.00,3.9271
1517.50,4.1234
1518.00,4.3593
1518.50,4.6017
1519.00,4.8185
1519.50,4.9990
1520.00,5.1580
1520.50,5.3221
1521.00,5.5128
1521.50,5.7363
1522.00,5.9848
1522.50,6.2465
1523.00,6.5168
1523.50,6.7999
1524.00,7.1019
1524.50,7.4221
1525.00,7.7519
1525.50,8.0809
1526.00,8.4020
1526.50,8.7134
1527.00,9.0172
1527.50,9.3161
1528.00,9.6088
1528.50,9.8900
1529.00,10.1589
1529.50,10.4303
1530.00,10.7296
1530.50,11.0725
1531.00,11.4462
1531.50,11.8175
1532.00,12.1580
1532.50,12.4601
1533.00,12.7274
1533.50,12.9588
1534.00,13.1457
1534.50,13.2841
1535.00,13.3806
1535.50,13.4449
1536.00,13.4785
1536.50,13.4709
1537.00,13.4086
1537.50,13.2849
1538.00,13.1027
1538.50,12.8697
1539.00,12.5901
1539.50,12.2619
1540.00,11.8804
1540.50,11.4466
1541.00,10.9694
1541.50,10.4605
1542.00,9.9264
1542.50,9.3657
1543.00,8.7743
1543.50,8.1525
1544.00,7.5106
1544.50,6.8682
1545.00,6.2472
1545.50,5.6631
1546.00,5.1204
1546.50,4.6152
1547.00,4.1455
1547.50,3.7209
1548.00,3.3595
1548.50,3.0736
1549.00,2.8553
1549.50,2.6795
1550.00,2.5216
1550.50,2.3739
1551.00,2.2449
1551.50,2.1444
1552.00,2.0721
1552.50,2.0191
1553.00,1.9768
1553.50,1.9443
1554.00,1.9279
1554.50,1.9368
1555.00,1.9761
1555.50,2.0402
1556.00,2.1116
1556.50,2.1677
1557.00,2.1936
1557.50,2.1902
1558.00,2.1703
1558.50,2.1461
1559.00,2.1213
1559.50,2.0948
1560.00,2.0687
1560.50,2.0512
1561.00,2.0533
1561.50,2.0844
1562.00,2.1489
1562.50,2.2404
1563.00,2.3364
1563.50,2.4078
1564.00,2.4396
1564.50,2.4406
1565.00,2.4302
1565.50,2.4204
1566.00,2.4132
1566.50,2.4098
1567.00,2.4106
1567.50,2.4074
1568.00,2.3857
1568.50,2.3392
1569.00,2.2785
1569.50,2.2228
1570.00,2.1841
1570.50,2.1613
1571.00,2.1459
1571.50,2.1295
1572.00,2.1072
1572.50,2.0805
1573.00,2.0591
1573.50,2.0567
1574.00,2.0767
1574.50,2.1047
1575.00,2.1183
1575.50,2.1075
1576.00,2.0790
1576.50,2.0404
1577.00,1.9877
1577.50,1.9116
1578.00,1.8123
1578.50,1.7025
1579.00,1.5977
1579.50,1.5071
1580.00,1.4334
1580.50,1.3768
1581.00,1.3357
1581.50,1.3051
1582.00,1.2757
1582.50,1.2384
1583.00,1.1873
1583.50,1.1213
1584.00,1.0404
1584.50,0.9437
1585.00,0.8333
1585.50,0.7196
1586.00,0.6216
1586.50,0.5580
1587.00,0.5371
1587.50,0.5530
1588.00,0.5924
1588.50,0.6438
1589.00,0.7011
1589.50,0.7575
1590.00,0.7987
1590.50,0.8094
1591.00,0.7853
1591.50,0.7398
1592.00,0.6928
1592.50,0.6568
1593.00,0.6318
1593.50,0.6134
1594.00,0.6018
1594.50,0.6018
1595.00,0.6153
1595.50,0.6350
1596.00,0.6477
1596.50,0.6414
1597.00,0.6085
1597.50,0.5457
1598.00,0.4564
1598.50,0.3555
1599.00,0.2691
1599.50,0.2244
1600.00,0.2332
1600.50,0.2809
1601.00,0.3336
1601.50,0.3603
1602.00,0.3524
1602.50,0.3248
1603.00,0.2972
1603.50,0.2759
1604.00,0.2524
1604.50,0.2173
1605.00,0.1698
1605.50,0.1141
1606.00,0.0533
1606.50,-0.0091
1607.00,-0.0643
1607.50,-0.1014
1608.00,-0.1141
1608.50,-0.1047
1609.00,-0.0819
1609.50,-0.0601
1610.00,-0.0554
1610.50,-0.0748
1611.00,-0.1048
1611.50,-0.1200
1612.00,-0.1046
1612.50,-0.0687
1613.00,-0.0363
1613.50,-0.0214
1614.00,-0.0163
1614.50,-0.0032
1615.00,0.0261
1615.50,0.0641
1616.00,0.0936
1616.50,0.1007
1617.00,0.0817
1617.50,0.0442
1618.00,0.0017
1618.50,-0.0336
1619.00,-0.0558
1619.50,-0.0668
1620.00,-0.0709
1620.50,-0.0687
1621.00,-0.0574
1621.50,-0.0374
1622.00,-0.0166
1622.50,-0.0049
1623.00,-0.0066
1623.50,-0.0178
1624.00,-0.0312
1624.50,-0.0427
1625.00,-0.0535
1625.50,-0.0663
1626.00,-0.0793
1626.50,-0.0849
1627.00,-0.0739
1627.50,-0.0441
1628.00,-0.0036
1628.50,0.0334
1629.00,0.0562
1629.50,0.0638
1630.00,0.0633
1630.50,0.0620
1631.00,0.0632
1631.50,0.0670
1632.00,0.0735
1632.50,0.0823
1633.00,0.0884
1633.50,0.0803
1634.00,0.0447
1634.50,-0.0222
1635.00,-0.1053
1635.50,-0.1732
1636.00,-0.1962
1636.50,-0.1673
1637.00,-0.1100
1637.50,-0.0644
1638.00,-0.0632
1638.50,-0.1127
1639.00,-0.1918
1639.50,-0.2660
1640.00,-0.3066
1640.50,-0.3047
1641.00,-0.2735
1641.50,-0.2387
1642.00,-0.2231
1642.50,-0.2349
1643.00,-0.2670
1643.50,-0.3045
1644.00,-0.3335
1644.50,-0.3453
1645.00,-0.3381
1645.50,-0.3152
1646.00,-0.2812
1646.50,-0.2436
1647.00,-0.2167
1647.50,-0.2179
1648.00,-0.2558
1648.50,-0.3200
1649.00,-0.3875
1649.50,-0.4376
1650.00,-0.4608
1650.50,-0.4573
1651.00,-0.4314
1651.50,-0.3910
1652.00,-0.3467
1652.50,-0.3105
1653.00,-0.2921
1653.50,-0.2943
1654.00,-0.3112
1654.50,-0.3311
1655.00,-0.3432
1655.50,-0.3423
1656.00,-0.3269
1656.50,-0.2951
1657.00,-0.2467
1657.50,-0.1900
1658.00,-0.1424
1658.50,-0.1203
1659.00,-0.1268
1659.50,-0.1472
1660.00,-0.1565
1660.50,-0.1354
1661.00,-0.0843
1661.50,-0.0238
1662.00,0.0214
1662.50,0.0396
1663.00,0.0378
1663.50,0.0339
1664.00,0.0440
1664.50,0.0725
1665.00,0.1072
1665.50,0.1260
1666.00,0.1138
1666.50,0.0776
1667.00,0.0460
1667.50,0.0527
1668.00,0.1145
1668.50,0.2205
1669.00,0.3374
1669.50,0.4275
1670.00,0.4686
1670.50,0.4669
1671.00,0.4549
1671.50,0.4732
1672.00,0.5453
1672.50,0.6668
1673.00,0.8150
1673.50,0.9692
1674.00,1.1213
1674.50,1.2724
1675.00,1.4265
1675.50,1.5914
1676.00,1.7810
1676.50,2.0117
1677.00,2.2904
1677.50,2.6048
1678.00,2.9268
1678.50,3.2302
1679.00,3.5087
1679.50,3.7801
1680.00,4.0715
1680.50,4.4022
1681.00,4.7768
1681.50,5.1890
1682.00,5.6274
1682.50,6.0768
1683.00,6.5215
1683.50,6.9521
1684.00,7.3736
1684.50,7.8057
1685.00,8.2736
1685.50,8.7955
1686.00,9.3739
1686.50,9.9968
1687.00,10.6449
1687.50,11.3029
1688.00,11.9655
1688.50,12.6340
1689.00,13.3081
1689.50,13.9829
1690.00,14.6540
1690.50,15.3221
1691.00,15.9909
1691.50,16.6610
1692.00,17.3295
1692.50,17.9942
1693.00,18.6549
1693.50,19.3105
1694.00,19.9564
1694.50,20.5903
1695.00,21.2185
1695.50,21.8549
1696.00,22.5072
1696.50,23.1664
1697.00,23.8147
1697.50,24.4461
1698.00,25.0763
1698.50,25.7301
1699.00,26.4183
1699.50,27.1280
1700.00,27.8332
1700.50,28.5135
1701.00,29.1665
1701.50,29.8047
1702.00,30.4438
1702.50,31.0954
1703.00,31.7670
1703.50,32.4628
1704.00,33.1797
1704.50,33.9043
1705.00,34.6180
1705.50,35.3083
1706.00,35.9765
1706.50,36.6370
1707.00,37.3102
1707.50,38.0137
1708.00,38.7550
1708.50,39.5303
1709.00,40.3302
1709.50,41.1448
1710.00,41.9646
1710.50,42.7773
1711.00,43.5664
1711.50,44.3178
1712.00,45.0284
1712.50,45.7094
1713.00,46.3793
1713.50,47.0519
1714.00,47.7279
1714.50,48.3964
1715.00,49.0391
1715.50,49.6345
1716.00,50.1651
1716.50,50.6228
1717.00,51.0066
1717.50,51.3091
1718.00,51.5075
1718.50,51.5701
1719.00,51.4689
1719.50,51.1816
1720.00,50.6798
1720.50,49.9219
1721.00,48.8599
1721.50,47.4559
1722.00,45.6931
1722.50,43.5746
1723.00,41.1150
1723.50,38.3370
1724.00,35.2778
1724.50,32.0022
1725.00,28.6077
1725.50,25.2141
1726.00,21.9360
1726.50,18.8567
1727.00,16.0165
1727.50,13.4240
1728.00,11.0753
1728.50,8.9693
1729.00,7.1121
1729.50,5.5154
1730.00,4.1896
1730.50,3.1333
1731.00,2.3228
1731.50,1.7119
1732.00,1.2485
1732.50,0.8951
1733.00,0.6344
1733.50,0.4555
1734.00,0.3379
1734.50,0.2529
1735.00,0.1793
1735.50,0.1157
1736.00,0.0741
1736.50,0.0639
1737.00,0.0812
1737.50,0.1136
1738.00,0.1505
1738.50,0.1865
1739.00,0.2154
1739.50,0.2257
1740.00,0.2062
1740.50,0.1565
1741.00,0.0924
1741.50,0.0379
1742.00,0.0071
1742.50,-0.0060
1743.00,-0.0196
1743.50,-0.0464
1744.00,-0.0842
1744.50,-0.1210
1745.00,-0.1435
1745.50,-0.1428
1746.00,-0.1168
1746.50,-0.0739
1747.00,-0.0300
1747.50,0.0020
1748.00,0.0209
1748.50,0.0329
1749.00,0.0428
1749.50,0.0489
1750.00,0.0465
1750.50,0.0290
1751.00,-0.0123
1751.50,-0.0836
1752.00,-0.1790
1752.50,-0.2748
1753.00,-0.3390
1753.50,-0.3512
1754.00,-0.3182
1754.50,-0.2672
1755.00,-0.2253
1755.50,-0.2035
1756.00,-0.1995
1756.50,-0.2109
1757.00,-0.2421
1757.50,-0.2991
1758.00,-0.3803
1758.50,-0.4707
1759.00,-0.5467
1759.50,-0.5863
1760.00,-0.5812
1760.50,-0.5447
1761.00,-0.5104
1761.50,-0.5150
1762.00,-0.5706
1762.50,-0.6468
1763.00,-0.6847
1763.50,-0.6390
1764.00,-0.5129
1764.50,-0.3574
1765.00,-0.2344
1765.50,-0.1786
1766.00,-0.1866
1766.50,-0.2301
1767.00,-0.2791
1767.50,-0.3195
1768.00,-0.3595
1768.50,-0.4186
1769.00,-0.5043
1769.50,-0.5984
1770.00,-0.6661
1770.50,-0.6801
1771.00,-0.6393
1771.50,-0.5675
1772.00,-0.4974
1772.50,-0.4526
1773.00,-0.4389
1773.50,-0.4498
1774.00,-0.4784
1774.50,-0.5237
1775.00,-0.5867
1775.50,-0.6634
1776.00,-0.7431
1776.50,-0.8140
1777.00,-0.8678
1777.50,-0.9020
1778.00,-0.9197
1778.50,-0.9258
1779.00,-0.9231
1779.50,-0.9118
1780.00,-0.8927
1780.50,-0.8732
1781.00,-0.8650
1781.50,-0.8744
1782.00,-0.8939
1782.50,-0.9059
1783.00,-0.8954
1783.50,-0.8606
1784.00,-0.8109
1784.50,-0.7567
1785.00,-0.7019
1785.50,-0.6475
1786.00,-0.6004
1786.50,-0.5743
1787.00,-0.5785
1787.50,-0.6081
1788.00,-0.6490
1788.50,-0.6916
1789.00,-0.7352
1789.50,-0.7779
1790.00,-0.8091
1790.50,-0.8163
1791.00,-0.8002
1791.50,-0.7778
1792.00,-0.7696
1792.50,-0.7827
1793.00,-0.8054
1793.50,-0.8203
1794.00,-0.8223
1794.50,-0.8249
1795.00,-0.8455
1795.50,-0.8866
1796.00,-0.9317
1796.50,-0.9627
1797.00,-0.9753
1797.50,-0.9771
1798.00,-0.9711
1798.50,-0.9485
1799.00,-0.8989
1799.50,-0.8275
1800.00,-0.7560
1800.50,-0.7081
1801.00,-0.6925
1801.50,-0.7007
1802.00,-0.7190
1802.50,-0.7395
1803.00,-0.7621
1803.50,-0.7872
1804.00,-0.8097
1804.50,-0.8224
1805.00,-0.8241
1805.50,-0.8231
1806.00,-0.8343
1806.50,-0.8694
1807.00,-0.9239
1807.50,-0.9733
1808.00,-0.9852
1808.50,-0.9455
1809.00,-0.8721
1809.50,-0.8023
1810.00,-0.7662
1810.50,-0.7684
1811.00,-0.7915
1811.50,-0.8066
1812.00,-0.7897
1812.50,-0.7357
1813.00,-0.6643
1813.50,-0.6054
1814.00,-0.5745
1814.50,-0.5646
1815.00,-0.5636
1815.50,-0.5771
1816.00,-0.6229
1816.50,-0.7053
1817.00,-0.8013
1817.50,-0.8756
1818.00,-0.9084
1818.50,-0.9048
1819.00,-0.8840
1819.50,-0.8641
1820.00,-0.8565
1820.50,-0.8677
1821.00,-0.9014
1821.50,-0.9565
1822.00,-1.0261
1822.50,-1.1000
1823.00,-1.1665
1823.50,-1.2163
1824.00,-1.2474
1824.50,-1.2672
1825.00,-1.2868
1825.50,-1.3097
1826.00,-1.3268
1826.50,-1.3246
1827.00,-1.2973
1827.50,-1.2508
1828.00,-1.1977
1828.50,-1.1489
1829.00,-1.1122
1829.50,-1.0925
1830.00,-1.0916
1830.50,-1.1045
1831.00,-1.1199
1831.50,-1.1255
1832.00,-1.1163
1832.50,-1.0980
1833.00,-1.0857
1833.50,-1.0943
1834.00,-1.1290
1834.50,-1.1829
1835.00,-1.2432
1835.50,-1.2973
1836.00,-1.3329
1836.50,-1.3382
1837.00,-1.3085
1837.50,-1.2543
1838.00,-1.1993
1838.50,-1.1671
1839.00,-1.1650
1839.50,-1.1802
1840.00,-1.1906
1840.50,-1.1789
1841.00,-1.1416
1841.50,-1.0908
1842.00,-1.0496
1842.50,-1.0407
1843.00,-1.0707
1843.50,-1.1226
1844.00,-1.1677
1844.50,-1.1883
1845.00,-1.1890
1845.50,-1.1873
1846.00,-1.1939
1846.50,-1.2057
1847.00,-1.2132
1847.50,-1.2120
1848.00,-1.2063
1848.50,-1.2053
1849.00,-1.2194
1849.50,-1.2587
1850.00,-1.3287
1850.50,-1.4242
1851.00,-1.5250
1851.50,-1.6018
1852.00,-1.6322
1852.50,-1.6140
1853.00,-1.5656
1853.50,-1.5125
1854.00,-1.4707
1854.50,-1.4413
1855.00,-1.4198
1855.50,-1.4112
1856.00,-1.4306
1856.50,-1.4893
1857.00,-1.5787
1857.50,-1.6712
1858.00,-1.7374
1858.50,-1.7636
1859.00,-1.7552
1859.50,-1.7249
1860.00,-1.6799
1860.50,-1.6209
1861.00,-1.5507
1861.50,-1.4818
1862.00,-1.4330
1862.50,-1.4168
1863.00,-1.4291
1863.50,-1.4519
1864.00,-1.4655
1864.50,-1.4621
1865.00,-1.4502
1865.50,-1.4466
1866.00,-1.4639
1866.50,-1.5023
1867.00,-1.5517
1867.50,-1.5989
1868.00,-1.6333
1868.50,-1.6506
1869.00,-1.6545
1869.50,-1.6538
1870.00,-1.6554
1870.50,-1.6591
1871.00,-1.6590
1871.50,-1.6501
1872.00,-1.6326
1872.50,-1.6096
1873.00,-1.5848
1873.50,-1.5596
1874.00,-1.5342
1874.50,-1.5090
1875.00,-1.4876
1875.50,-1.4770
1876.00,-1.4816
1876.50,-1.4966
1877.00,-1.5083
1877.50,-1.5031
1878.00,-1.4780
1878.50,-1.4415
1879.00,-1.4075
1879.50,-1.3853
1880.00,-1.3741
1880.50,-1.3649
1881.00,-1.3493
1881.50,-1.3274
1882.00,-1.3090
1882.50,-1.3015
1883.00,-1.2991
1883.50,-1.2845
1884.00,-1.2457
1884.50,-1.1919
1885.00,-1.1509
1885.50,-1.1453
1886.00,-1.1735
1886.50,-1.2142
1887.00,-1.2475
1887.50,-1.2674
1888.00,-1.2760
1888.50,-1.2739
1889.00,-1.2624
1889.50,-1.2473
1890.00,-1.2370
1890.50,-1.2349
1891.00,-1.2368
1891.50,-1.2380
1892.00,-1.2388
1892.50,-1.2432
1893.00,-1.2531
1893.50,-1.2678
1894.00,-1.2865
1894.50,-1.3114
1895.00,-1.3463
1895.50,-1.3918
1896.00,-1.4416
1896.50,-1.4832
1897.00,-1.5031
1897.50,-1.4948
1898.00,-1.4632
1898.50,-1.4231
1899.00,-1.3913
1899.50,-1.3769
1900.00,-1.3754
1900.50,-1.3724
1901.00,-1.3573
1901.50,-1.3356
1902.00,-1.3240
1902.50,-1.3327
1903.00,-1.3546
1903.50,-1.3721
1904.00,-1.3733
1904.50,-1.3574
1905.00,-1.3287
1905.50,-1.2921
1906.00,-1.2599
1906.50,-1.2555
1907.00,-1.3000
1907.50,-1.3910
1908.00,-1.4968
1908.50,-1.5736
1909.00,-1.5892
1909.50,-1.5366
1910.00,-1.4314
1910.50,-1.3051
1911.00,-1.1935
1911.50,-1.1247
1912.00,-1.1088
1912.50,-1.1366
1913.00,-1.1869
1913.50,-1.2399
1914.00,-1.2881
1914.50,-1.3357
1915.00,-1.3880
1915.50,-1.4418
1916.00,-1.4857
1916.50,-1.5084
1917.00,-1.5074
1917.50,-1.4886
1918.00,-1.4605
1918.50,-1.4297
1919.00,-1.4016
1919.50,-1.3802
1920.00,-1.3639
1920.50,-1.3450
1921.00,-1.3180
1921.50,-1.2909
1922.00,-1.2841
1922.50,-1.3142
1923.00,-1.3784
1923.50,-1.4568
1924.00,-1.5269
1924.50,-1.5745
1925.00,-1.5943
1925.50,-1.5866
1926.00,-1.5577
1926.50,-1.5204
1927.00,-1.4882
1927.50,-1.4690
1928.00,-1.4636
1928.50,-1.4688
1929.00,-1.4792
1929.50,-1.4867
1930.00,-1.4799
1930.50,-1.4493
1931.00,-1.3938
1931.50,-1.3246
1932.00,-1.2617
1932.50,-1.2242
1933.00,-1.2202
1933.50,-1.2441
1934.00,-1.2836
1934.50,-1.3271
1935.00,-1.3647
1935.50,-1.3865
1936.00,-1.3854
1936.50,-1.3643
1937.00,-1.3366
1937.50,-1.3175
1938.00,-1.3149
1938.50,-1.3247
1939.00,-1.3361
1939.50,-1.3398
1940.00,-1.3354
1940.50,-1.3304
1941.00,-1.3312
1941.50,-1.3327
1942.00,-1.3191
1942.50,-1.2790
1943.00,-1.2211
1943.50,-1.1737
1944.00,-1.1668
1944.50,-1.2093
1945.00,-1.2799
1945.50,-1.3386
1946.00,-1.3525
1946.50,-1.3180
1947.00,-1.2624
1947.50,-1.2223
1948.00,-1.2163
1948.50,-1.2333
1949.00,-1.2454
1949.50,-1.2340
1950.00,-1.2055
1950.50,-1.1857
1951.00,-1.1970
1951.50,-1.2406
1952.00,-1.2967
1952.50,-1.3410
1953.00,-1.3626
1953.50,-1.3663
1954.00,-1.3645
1954.50,-1.3651
1955.00,-1.3662
1955.50,-1.3619
1956.00,-1.3532
1956.50,-1.3523
1957.00,-1.3710
1957.50,-1.4034
1958.00,-1.4255
1958.50,-1.4130
1959.00,-1.3618
1959.50,-1.2893
1960.00,-1.2168
1960.50,-1.1538
1961.00,-1.0976
1961.50,-1.0469
1962.00,-1.0085
1962.50,-0.9911
1963.00,-0.9956
1963.50,-1.0160
1964.00,-1.0492
1964.50,-1.1000
1965.00,-1.1728
1965.50,-1.2588
1966.00,-1.3362
1966.50,-1.3856
1967.00,-1.4047
1967.50,-1.4050
1968.00,-1.3995
1968.50,-1.3923
1969.00,-1.3819
1969.50,-1.3678
1970.00,-1.3536
1970.50,-1.3410
1971.00,-1.3246
1971.50,-1.2954
1972.00,-1.2533
1972.50,-1.2151
1973.00,-1.2057
1973.50,-1.2407
1974.00,-1.3152
1974.50,-1.4068
1975.00,-1.4855
1975.50,-1.5262
1976.00,-1.5188
1976.50,-1.4755
1977.00,-1.4266
1977.50,-1.4047
1978.00,-1.4279
1978.50,-1.4928
1979.00,-1.5802
1979.50,-1.6654
1980.00,-1.7259
1980.50,-1.7471
1981.00,-1.7269
1981.50,-1.6781
1982.00,-1.6252
1982.50,-1.5959
1983.00,-1.6062
1983.50,-1.6509
1984.00,-1.7073
1984.50,-1.7528
1985.00,-1.7782
1985.50,-1.7870
1986.00,-1.7849
1986.50,-1.7759
1987.00,-1.7638
1987.50,-1.7539
1988.00,-1.7507
1988.50,-1.7566
1989.00,-1.7743
1989.50,-1.8071
1990.00,-1.8542
1990.50,-1.9071
1991.00,-1.9529
1991.50,-1.9825
1992.00,-1.9932
1992.50,-1.9844
1993.00,-1.9563
1993.50,-1.9150
1994.00,-1.8786
1994.50,-1.8697
1995.00,-1.8972
1995.50,-1.9463
1996.00,-1.9905
1996.50,-2.0138
1997.00,-2.0194
1997.50,-2.0159
1998.00,-2.0006
1998.50,-1.9598
1999.00,-1.8875
1999.50,-1.7972
2000.00,-1.7144
2000.50,-1.6590
2001.00,-1.6379
2001.50,-1.6488
2002.00,-1.6866
2002.50,-1.7430
2003.00,-1.8056
2003.50,-1.8604
2004.00,-1.8984
2004.50,-1.9199
2005.00,-1.9343
2005.50,-1.9525
2006.00,-1.9772
2006.50,-1.9979
2007.00,-1.9970
2007.50,-1.9623
2008.00,-1.8979
2008.50,-1.8200
2009.00,-1.7460
2009.50,-1.6861
2010.00,-1.6428
2010.50,-1.6133
2011.00,-1.5907
2011.50,-1.5667
2012.00,-1.5395
2012.50,-1.5197
2013.00,-1.5247
2013.50,-1.5609
2014.00,-1.6115
2014.50,-1.6467
2015.00,-1.6474
2015.50,-1.6172
2016.00,-1.5721
2016.50,-1.5240
2017.00,-1.4776
2017.50,-1.4374
2018.00,-1.4074
2018.50,-1.3850
2019.00,-1.3616
2019.50,-1.3335
2020.00,-1.3066
2020.50,-1.2907
2021.00,-1.2891
2021.50,-1.2962
2022.00,-1.3003
2022.50,-1.2898
2023.00,-1.2593
2023.50,-1.2163
2024.00,-1.1769
2024.50,-1.1535
2025.00,-1.1438
2025.50,-1.1341
2026.00,-1.1134
2026.50,-1.0843
2027.00,-1.0614
2027.50,-1.0597
2028.00,-1.0827
2028.50,-1.1208
2029.00,-1.1609
2029.50,-1.1979
2030.00,-1.2346
2030.50,-1.2711
2031.00,-1.2966
2031.50,-1.2950
2032.00,-1.2596
2032.50,-1.2019
2033.00,-1.1465
2033.50,-1.1160
2034.00,-1.1193
2034.50,-1.1498
2035.00,-1.1938
2035.50,-1.2405
2036.00,-1.2836
2036.50,-1.3153
2037.00,-1.3261
2037.50,-1.3162
2038.00,-1.3049
2038.50,-1.3225
2039.00,-1.3875
2039.50,-1.4900
2040.00,-1.5985
2040.50,-1.6828
2041.00,-1.7305
2041.50,-1.7461
2042.00,-1.7383
2042.50,-1.7131
2043.00,-1.6759
2043.50,-1.6361
2044.00,-1.6049
2044.50,-1.5897
2045.00,-1.5922
2045.50,-1.6116
2046.00,-1.6457
2046.50,-1.6867
2047.00,-1.7180
2047.50,-1.7218
2048.00,-1.6920
2048.50,-1.6390
2049.00,-1.5778
2049.50,-1.5116
2050.00,-1.4312
2050.50,-1.3341
2051.00,-1.2422
2051.50,-1.1928
2052.00,-1.2091
2052.50,-1.2794
2053.00,-1.3693
2053.50,-1.4499
2054.00,-1.5127
2054.50,-1.5609
2055.00,-1.5932
2055.50,-1.6020
2056.00,-1.5822
2056.50,-1.5392
2057.00,-1.4866
2057.50,-1.4352
2058.00,-1.3868
2058.50,-1.3369
2059.00,-1.2839
2059.50,-1.2312
2060.00,-1.1835
2060.50,-1.1435
2061.00,-1.1151
2061.50,-1.1073
2062.00,-1.1298
2062.50,-1.1845
2063.00,-1.2606
2063.50,-1.3375
2064.00,-1.3920
2064.50,-1.4075
2065.00,-1.3844
2065.50,-1.3408
2066.00,-1.2991
2066.50,-1.2680
2067.00,-1.2394
2067.50,-1.2036
2068.00,-1.1657
2068.50,-1.1470
2069.00,-1.1700
2069.50,-1.2428
2070.00,-1.3517
2070.50,-1.4681
2071.00,-1.5608
2071.50,-1.6107
2072.00,-1.6187
2072.50,-1.6026
2073.00,-1.5829
2073.50,-1.5699
2074.00,-1.5616
2074.50,-1.5517
2075.00,-1.5395
2075.50,-1.5309
2076.00,-1.5331
2076.50,-1.5475
2077.00,-1.5673
2077.50,-1.5813
2078.00,-1.5829
2078.50,-1.5770
2079.00,-1.5794
2079.50,-1.6063
2080.00,-1.6591
2080.50,-1.7207
2081.00,-1.7644
2081.50,-1.7700
2082.00,-1.7357
2082.50,-1.6771
2083.00,-1.6186
2083.50,-1.5795
2084.00,-1.5663
2084.50,-1.5750
2085.00,-1.5985
2085.50,-1.6295
2086.00,-1.6597
2086.50,-1.6808
2087.00,-1.6882
2087.50,-1.6842
2088.00,-1.6743
2088.50,-1.6641
2089.00,-1.6564
2089.50,-1.6499
2090.00,-1.6376
2090.50,-1.6117
2091.00,-1.5737
2091.50,-1.5407
2092.00,-1.5363
2092.50,-1.5730
2093.00,-1.6417
2093.50,-1.7180
2094.00,-1.7769
2094.50,-1.8023
2095.00,-1.7878
2095.50,-1.7384
2096.00,-1.6748
2096.50,-1.6285
2097.00,-1.6238
2097.50,-1.6599
2098.00,-1.7107
2098.50,-1.7434
2099.00,-1.7405
2099.50,-1.7055
2100.00,-1.6531
2100.50,-1.5966
2101.00,-1.5422
2101.50,-1.4937
2102.00,-1.4575
2102.50,-1.4447
2103.00,-1.4642
2103.50,-1.5154
2104.00,-1.5837
2104.50,-1.6457
2105.00,-1.6796
2105.50,-1.6719
2106.00,-1.6199
2106.50,-1.5303
2107.00,-1.4219
2107.50,-1.3240
2108.00,-1.2687
2108.50,-1.2777
2109.00,-1.3526
2109.50,-1.4764
2110.00,-1.6209
2110.50,-1.7567
2111.00,-1.8612
2111.50,-1.9235
2112.00,-1.9418
2112.50,-1.9185
2113.00,-1.8591
2113.50,-1.7792
2114.00,-1.7067
2114.50,-1.6700
2115.00,-1.6808
2115.50,-1.7249
2116.00,-1.7713
2116.50,-1.7893
2117.00,-1.7648
2117.50,-1.7096
2118.00,-1.6534
2118.50,-1.6221
2119.00,-1.6174
2119.50,-1.6219
2120.00,-1.6251
2120.50,-1.6403
2121.00,-1.6914
2121.50,-1.7834
2122.00,-1.8897
2122.50,-1.9661
2123.00,-1.9813
2123.50,-1.9385
2124.00,-1.8735
2124.50,-1.8285
2125.00,-1.8217
2125.50,-1.8374
2126.00,-1.8440
2126.50,-1.8235
2127.00,-1.7843
2127.50,-1.7489
2128.00,-1.7294
2128.50,-1.7154
2129.00,-1.6841
2129.50,-1.6224
2130.00,-1.5417
2130.50,-1.4712
2131.00,-1.4365
2131.50,-1.4425
2132.00,-1.4745
2132.50,-1.5147
2133.00,-1.5533
2133.50,-1.5877
2134.00,-1.6133
2134.50,-1.6205
2135.00,-1.6014
2135.50,-1.5592
2136.00,-1.5108
2136.50,-1.4776
2137.00,-1.4716
2137.50,-1.4905
2138.00,-1.5237
2138.50,-1.5613
2139.00,-1.5973
2139.50,-1.6282
2140.00,-1.6538
2140.50,-1.6802
2141.00,-1.7177
2141.50,-1.7729
2142.00,-1.8419
2142.50,-1.9122
2143.00,-1.9711
2143.50,-2.0107
2144.00,-2.0256
2144.50,-2.0085
2145.00,-1.9527
2145.50,-1.8593
2146.00,-1.7438
2146.50,-1.6354
2147.00,-1.5679
2147.50,-1.5635
2148.00,-1.6162
2148.50,-1.6903
2149.00,-1.7416
2149.50,-1.7462
2150.00,-1.7160
2150.50,-1.6850
2151.00,-1.6822
2151.50,-1.7125
2152.00,-1.7593
2152.50,-1.7999
2153.00,-1.8202
2153.50,-1.8179
2154.00,-1.7977
2154.50,-1.7665
2155.00,-1.7317
2155.50,-1.6999
2156.00,-1.6743
2156.50,-1.6545
2157.00,-1.6415
2157.50,-1.6403
2158.00,-1.6580
2158.50,-1.6963
2159.00,-1.7480
2159.50,-1.8006
2160.00,-1.8424
2160.50,-1.8686
2161.00,-1.8796
2161.50,-1.8774
2162.00,-1.8628
2162.50,-1.8373
2163.00,-1.8047
2163.50,-1.7698
2164.00,-1.7378
2164.50,-1.7148
2165.00,-1.7088
2165.50,-1.7280
2166.00,-1.7746
2166.50,-1.8413
2167.00,-1.9105
2167.50,-1.9619
2168.00,-1.9834
2168.50,-1.9782
2169.00,-1.9599
2169.50,-1.9388
2170.00,-1.9162
2170.50,-1.8889
2171.00,-1.8589
2171.50,-1.8351
2172.00,-1.8275
2172.50,-1.8418
2173.00,-1.8760
2173.50,-1.9190
2174.00,-1.9547
2174.50,-1.9709
2175.00,-1.9646
2175.50,-1.9391
2176.00,-1.8983
2176.50,-1.8482
2177.00,-1.8035
2177.50,-1.7873
2178.00,-1.8190
2178.50,-1.8963
2179.00,-1.9919
2179.50,-2.0698
2180.00,-2.1070
2180.50,-2.1024
2181.00,-2.0704
2181.50,-2.0299
2182.00,-1.9992
2182.50,-1.9931
2183.00,-2.0162
2183.50,-2.0587
2184.00,-2.1022
2184.50,-2.1336
2185.00,-2.1536
2185.50,-2.1723
2186.00,-2.1971
2186.50,-2.2249
2187.00,-2.2460
2187.50,-2.2533
2188.00,-2.2503
2188.50,-2.2502
2189.00,-2.2669
2189.50,-2.3052
2190.00,-2.3572
2190.50,-2.4080
2191.00,-2.4421
2191.50,-2.4485
2192.00,-2.4207
2192.50,-2.3595
2193.00,-2.2760
2193.50,-2.1917
2194.00,-2.1314
2194.50,-2.1129
2195.00,-2.1390
2195.50,-2.1965
2196.00,-2.2627
2196.50,-2.3160
2197.00,-2.3464
2197.50,-2.3607
2198.00,-2.3753
2198.50,-2.3973
2199.00,-2.4147
2199.50,-2.4037
2200.00,-2.3491
2200.50,-2.2567
2201.00,-2.1499
2201.50,-2.0560
2202.00,-1.9955
2202.50,-1.9778
2203.00,-1.9995
2203.50,-2.0460
2204.00,-2.0949
2204.50,-2.1248
2205.00,-2.1259
2205.50,-2.1054
2206.00,-2.0833
2206.50,-2.0798
2207.00,-2.1030
2207.50,-2.1457
2208.00,-2.1919
2208.50,-2.2263
2209.00,-2.2401
2209.50,-2.2302
2210.00,-2.1959
2210.50,-2.1393
2211.00,-2.0678
2211.50,-1.9939
2212.00,-1.9284
2212.50,-1.8742
2213.00,-1.8293
2213.50,-1.7950
2214.00,-1.7801
2214.50,-1.7928
2215.00,-1.8287
2215.50,-1.8691
2216.00,-1.8913
2216.50,-1.8817
2217.00,-1.8397
2217.50,-1.7753
2218.00,-1.7021
2218.50,-1.6341
2219.00,-1.5837
2219.50,-1.5608
2220.00,-1.5693
2220.50,-1.6045
2221.00,-1.6552
2221.50,-1.7095
2222.00,-1.7587
2222.50,-1.7955
2223.00,-1.8125
2223.50,-1.8092
2224.00,-1.8013
2224.50,-1.8143
2225.00,-1.8613
2225.50,-1.9285
2226.00,-1.9866
2226.50,-2.0174
2227.00,-2.0251
2227.50,-2.0250
2228.00,-2.0282
2228.50,-2.0383
2229.00,-2.0576
2229.50,-2.0884
2230.00,-2.1292
2230.50,-2.1721
2231.00,-2.2068
2231.50,-2.2236
2232.00,-2.2148
2232.50,-2.1787
2233.00,-2.1252
2233.50,-2.0762
2234.00,-2.0517
2234.50,-2.0554
2235.00,-2.0729
2235.50,-2.0881
2236.00,-2.0976
2236.50,-2.1069
2237.00,-2.1156
2237.50,-2.1132
2238.00,-2.0928
2238.50,-2.0644
2239.00,-2.0476
2239.50,-2.0517
2240.00,-2.0649
2240.50,-2.0673
2241.00,-2.0531
2241.50,-2.0399
2242.00,-2.0529
2242.50,-2.1013
2243.00,-2.1681
2243.50,-2.2233
2244.00,-2.2464
2244.50,-2.2363
2245.00,-2.2045
2245.50,-2.1622
2246.00,-2.1154
2246.50,-2.0701
2247.00,-2.0372
2247.50,-2.0278
2248.00,-2.0465
2248.50,-2.0897
2249.00,-2.1510
2249.50,-2.2247
2250.00,-2.3038
2250.50,-2.3761
2251.00,-2.4268
2251.50,-2.4474
2252.00,-2.4413
2252.50,-2.4233
2253.00,-2.4108
2253.50,-2.4141
2254.00,-2.4313
2254.50,-2.4502
2255.00,-2.4597
2255.50,-2.4610
2256.00,-2.4663
2256.50,-2.4852
2257.00,-2.5141
2257.50,-2.5405
2258.00,-2.5555
2258.50,-2.5583
2259.00,-2.5513
2259.50,-2.5365
2260.00,-2.5177
2260.50,-2.5016
2261.00,-2.4939
2261.50,-2.4945
2262.00,-2.4988
2262.50,-2.5035
2263.00,-2.5086
2263.50,-2.5135
2264.00,-2.5137
2264.50,-2.5058
2265.00,-2.4957
2265.50,-2.4970
2266.00,-2.5188
2266.50,-2.5534
2267.00,-2.5809
2267.50,-2.5863
2268.00,-2.5736
2268.50,-2.5590
2269.00,-2.5536
2269.50,-2.5536
2270.00,-2.5501
2270.50,-2.5428
2271.00,-2.5421
2271.50,-2.5555
2272.00,-2.5772
2272.50,-2.5924
2273.00,-2.5931
2273.50,-2.5855
2274.00,-2.5837
2274.50,-2.5973
2275.00,-2.6254
2275.50,-2.6584
2276.00,-2.6823
2276.50,-2.6839
2277.00,-2.6584
2277.50,-2.6122
2278.00,-2.5589
2278.50,-2.5086
2279.00,-2.4628
2279.50,-2.4171
2280.00,-2.3691
2280.50,-2.3224
2281.00,-2.2840
2281.50,-2.2593
2282.00,-2.2487
2282.50,-2.2490
2283.00,-2.2573
2283.50,-2.2727
2284.00,-2.2973
2284.50,-2.3368
2285.00,-2.3967
2285.50,-2.4741
2286.00,-2.5513
2286.50,-2.6020
2287.00,-2.6077
2287.50,-2.5707
2288.00,-2.5110
2288.50,-2.4545
2289.00,-2.4204
2289.50,-2.4149
2290.00,-2.4307
2290.50,-2.4516
2291.00,-2.4628
2291.50,-2.4589
2292.00,-2.4432
2292.50,-2.4189
2293.00,-2.3848
2293.50,-2.3399
2294.00,-2.2916
2294.50,-2.2537
2295.00,-2.2363
2295.50,-2.2362
2296.00,-2.2375
2296.50,-2.2222
2297.00,-2.1835
2297.50,-2.1304
2298.00,-2.0805
2298.50,-2.0471
2299.00,-2.0303
2299.50,-2.0233
2300.00,-2.0226
2300.50,-2.0309
2301.00,-2.0498
2301.50,-2.0711
2302.00,-2.0812
2302.50,-2.0709
2303.00,-2.0397
2303.50,-1.9920
2304.00,-1.9359
2304.50,-1.8834
2305.00,-1.8472
2305.50,-1.8328
2306.00,-1.8349
2306.50,-1.8460
2307.00,-1.8634
2307.50,-1.8866
2308.00,-1.9111
2308.50,-1.9300
2309.00,-1.9435
2309.50,-1.9612
2310.00,-1.9930
2310.50,-2.0373
2311.00,-2.0817
2311.50,-2.1116
2312.00,-2.1190
2312.50,-2.1033
2313.00,-2.0698
2313.50,-2.0303
2314.00,-1.9987
2314.50,-1.9807
2315.00,-1.9682
2315.50,-1.9456
2316.00,-1.9061
2316.50,-1.8632
2317.00,-1.8443
2317.50,-1.8710
2318.00,-1.9380
2318.50,-2.0137
2319.00,-2.0629
2319.50,-2.0744
2320.00,-2.0665
2320.50,-2.0696
2321.00,-2.1033
2321.50,-2.1669
2322.00,-2.2450
2322.50,-2.3203
2323.00,-2.3821
2323.50,-2.4270
2324.00,-2.4532
2324.50,-2.4589
2325.00,-2.4453
2325.50,-2.4191
2326.00,-2.3899
2326.50,-2.3623
2327.00,-2.3329
2327.50,-2.2978
2328.00,-2.2608
2328.50,-2.2335
2329.00,-2.2249
2329.50,-2.2342
2330.00,-2.2505
2330.50,-2.2598
2331.00,-2.2512
2331.50,-2.2222
2332.00,-2.1820
2332.50,-2.1513
2333.00,-2.1511
2333.50,-2.1890
2334.00,-2.2525
2334.50,-2.3179
2335.00,-2.3688
2335.50,-2.4066
2336.00,-2.4429
2336.50,-2.4852
2337.00,-2.5280
2337.50,-2.5584
2338.00,-2.5681
2338.50,-2.5622
2339.00,-2.5577
2339.50,-2.5723
2340.00,-2.6117
2340.50,-2.6666
2341.00,-2.7208
2341.50,-2.7622
2342.00,-2.7851
2342.50,-2.7885
2343.00,-2.7756
2343.50,-2.7555
2344.00,-2.7397
2344.50,-2.7355
2345.00,-2.7415
2345.50,-2.7513
2346.00,-2.7594
2346.50,-2.7631
2347.00,-2.7612
2347.50,-2.7521
2348.00,-2.7351
2348.50,-2.7134
2349.00,-2.6956
2349.50,-2.6916
2350.00,-2.7043
2350.50,-2.7239
2351.00,-2.7355
2351.50,-2.7322
2352.00,-2.7220
2352.50,-2.7190
2353.00,-2.7293
2353.50,-2.7453
2354.00,-2.7534
2354.50,-2.7473
2355.00,-2.7316
2355.50,-2.7122
2356.00,-2.6872
2356.50,-2.6496
2357.00,-2.6003
2357.50,-2.5543
2358.00,-2.5335
2358.50,-2.5508
2359.00,-2.5996
2359.50,-2.6565
2360.00,-2.6940
2360.50,-2.6964
2361.00,-2.6675
2361.50,-2.6242
2362.00,-2.5822
2362.50,-2.5466
2363.00,-2.5155
2363.50,-2.4887
2364.00,-2.4695
2364.50,-2.4587
2365.00,-2.4490
2365.50,-2.4289
2366.00,-2.3939
2366.50,-2.3545
2367.00,-2.3326
2367.50,-2.3476
2368.00,-2.4017
2368.50,-2.4761
2369.00,-2.5390
2369.50,-2.5624
2370.00,-2.5389
2370.50,-2.4855
2371.00,-2.4324
2371.50,-2.4021
2372.00,-2.3998
2372.50,-2.4179
2373.00,-2.4473
2373.50,-2.4799
2374.00,-2.5068
2374.50,-2.5216
2375.00,-2.5263
2375.50,-2.5325
2376.00,-2.5519
2376.50,-2.5872
2377.00,-2.6298
2377.50,-2.6660
2378.00,-2.6834
2378.50,-2.6749
2379.00,-2.6422
2379.50,-2.5969
2380.00,-2.5565
2380.50,-2.5358
2381.00,-2.5390
2381.50,-2.5584
2382.00,-2.5770
2382.50,-2.5757
2383.00,-2.5439
2383.50,-2.4900
2384.00,-2.4410
2384.50,-2.4249
2385.00,-2.4507
2385.50,-2.5033
2386.00,-2.5549
2386.50,-2.5831
2387.00,-2.5791
2387.50,-2.5456
2388.00,-2.4897
2388.50,-2.4195
2389.00,-2.3459
2389.50,-2.2839
2390.00,-2.2501
2390.50,-2.2555
2391.00,-2.2992
2391.50,-2.3656
2392.00,-2.4284
2392.50,-2.4640
2393.00,-2.4650
2393.50,-2.4448
2394.00,-2.4253
2394.50,-2.4197
2395.00,-2.4264
2395.50,-2.4366
2396.00,-2.4453
2396.50,-2.4522
2397.00,-2.4558
2397.50,-2.4509
2398.00,-2.4363
2398.50,-2.4202
2399.00,-2.4162
2399.50,-2.4331
2400.00,-2.4718
2400.50,-2.5283
2401.00,-2.5946
2401.50,-2.6550
2402.00,-2.6867
2402.50,-2.6733
2403.00,-2.6182
2403.50,-2.5446
2404.00,-2.4836
2404.50,-2.4608
2405.00,-2.4895
2405.50,-2.5656
2406.00,-2.6664
2406.50,-2.7579
2407.00,-2.8112
2407.50,-2.8156
2408.00,-2.7809
2408.50,-2.7293
2409.00,-2.6851
2409.50,-2.6656
2410.00,-2.6730
2410.50,-2.6945
2411.00,-2.7101
2411.50,-2.7069
2412.00,-2.6868
2412.50,-2.6629
2413.00,-2.6451
2413.50,-2.6324
2414.00,-2.6167
2414.50,-2.5969
2415.00,-2.5841
2415.50,-2.5903
2416.00,-2.6145
2416.50,-2.6419
2417.00,-2.6585
2417.50,-2.6618
2418.00,-2.6573
2418.50,-2.6498
2419.00,-2.6406
2419.50,-2.6328
2420.00,-2.6326
2420.50,-2.6441
2421.00,-2.6658
2421.50,-2.6923
2422.00,-2.7186
2422.50,-2.7418
2423.00,-2.7599
2423.50,-2.7696
2424.00,-2.7670
2424.50,-2.7512
2425.00,-2.7250
2425.50,-2.6912
2426.00,-2.6492
2426.50,-2.5978
2427.00,-2.5435
2427.50,-2.5021
2428.00,-2.4907
2428.50,-2.5148
2429.00,-2.5621
2429.50,-2.6090
2430.00,-2.6346
2430.50,-2.6310
2431.00,-2.6057
2431.50,-2.5750
2432.00,-2.5547
2432.50,-2.5520
2433.00,-2.5632
2433.50,-2.5774
2434.00,-2.5820
2434.50,-2.5673
2435.00,-2.5308
2435.50,-2.4807
2436.00,-2.4374
2436.50,-2.4248
2437.00,-2.4576
2437.50,-2.5325
2438.00,-2.6298
2438.50,-2.7228
2439.00,-2.7901
2439.50,-2.8232
2440.00,-2.8285
2440.50,-2.8195
2441.00,-2.8058
2441.50,-2.7893
2442.00,-2.7676
2442.50,-2.7403
2443.00,-2.7110
2443.50,-2.6863
2444.00,-2.6742
2444.50,-2.6816
2445.00,-2.7094
2445.50,-2.7478
2446.00,-2.7788
2446.50,-2.7873
2447.00,-2.7725
2447.50,-2.7481
2448.00,-2.7328
2448.50,-2.7371
2449.00,-2.7591
2449.50,-2.7875
2450.00,-2.8074
2450.50,-2.8049
2451.00,-2.7717
2451.50,-2.7107
2452.00,-2.6373
2452.50,-2.5728
2453.00,-2.5326
2453.50,-2.5196
2454.00,-2.5260
2454.50,-2.5404
2455.00,-2.5521
2455.50,-2.5542
2456.00,-2.5458
2456.50,-2.5347
2457.00,-2.5353
2457.50,-2.5621
2458.00,-2.6199
2458.50,-2.6997
2459.00,-2.7847
2459.50,-2.8589
2460.00,-2.9137
2460.50,-2.9468
2461.00,-2.9603
2461.50,-2.9579
2462.00,-2.9434
2462.50,-2.9194
2463.00,-2.8886
2463.50,-2.8571
2464.00,-2.8332
2464.50,-2.8223
2465.00,-2.8225
2465.50,-2.8274
2466.00,-2.8326
2466.50,-2.8404
2467.00,-2.8555
2467.50,-2.8783
2468.00,-2.9018
2468.50,-2.9165
2469.00,-2.9188
2469.50,-2.9144
2470.00,-2.9133
2470.50,-2.9203
2471.00,-2.9302
2471.50,-2.9303
2472.00,-2.9114
2472.50,-2.8733
2473.00,-2.8238
2473.50,-2.7732
2474.00,-2.7330
2474.50,-2.7156
2475.00,-2.7312
2475.50,-2.7803
2476.00,-2.8523
2476.50,-2.9319
2477.00,-3.0061
2477.50,-3.0671
2478.00,-3.1104
2478.50,-3.1341
2479.00,-3.1395
2479.50,-3.1311
2480.00,-3.1171
2480.50,-3.1054
2481.00,-3.1005
2481.50,-3.1019
2482.00,-3.1066
2482.50,-3.1109
2483.00,-3.1121
2483.50,-3.1082
2484.00,-3.0971
2484.50,-3.0768
2485.00,-3.0470
2485.50,-3.0101
2486.00,-2.9672
2486.50,-2.9160
2487.00,-2.8530
2487.50,-2.7823
2488.00,-2.7213
2488.50,-2.6945
2489.00,-2.7163
2489.50,-2.7779
2490.00,-2.8512
2490.50,-2.9074
2491.00,-2.9329
2491.50,-2.9309
2492.00,-2.9149
2492.50,-2.9005
2493.00,-2.8995
2493.50,-2.9146
2494.00,-2.9405
2494.50,-2.9690
2495.00,-2.9947
2495.50,-3.0133
2496.00,-3.0170
2496.50,-2.9949
2497.00,-2.9430
2497.50,-2.8735
2498.00,-2.8126
2498.50,-2.7819
2499.00,-2.7837
2499.50,-2.8013
2500.00,-2.8129
2500.50,-2.8042
2501.00,-2.7742
2501.50,-2.7337
2502.00,-2.7021
2502.50,-2.7000
2503.00,-2.7386
2503.50,-2.8101
2504.00,-2.8892
2504.50,-2.9459
2505.00,-2.9640
2505.50,-2.9515
2506.00,-2.9323
2506.50,-2.9261
2507.00,-2.9328
2507.50,-2.9347
2508.00,-2.9127
2508.50,-2.8619
2509.00,-2.7954
2509.50,-2.7336
2510.00,-2.6944
2510.50,-2.6873
2511.00,-2.7148
2511.50,-2.7723
2512.00,-2.8492
2512.50,-2.9311
2513.00,-3.0053
2513.50,-3.0649
2514.00,-3.1073
2514.50,-3.1308
2515.00,-3.1352
2515.50,-3.1252
2516.00,-3.1108
2516.50,-3.1021
2517.00,-3.1038
2517.50,-3.1144
2518.00,-3.1291
2518.50,-3.1451
2519.00,-3.1647
2519.50,-3.1912
2520.00,-3.2205
2520.50,-3.2388
2521.00,-3.2329
2521.50,-3.2007
2522.00,-3.1525
2522.50,-3.1025
2523.00,-3.0633
2523.50,-3.0471
2524.00,-3.0638
2524.50,-3.1140
2525.00,-3.1830
2525.50,-3.2460
2526.00,-3.2801
2526.50,-3.2750
2527.00,-3.2335
2527.50,-3.1680
2528.00,-3.0963
2528.50,-3.0362
2529.00,-2.9987
2529.50,-2.9830
2530.00,-2.9788
2530.50,-2.9752
2531.00,-2.9700
2531.50,-2.9717
2532.00,-2.9909
2532.50,-3.0303
2533.00,-3.0822
2533.50,-3.1358
2534.00,-3.1833
2534.50,-3.2189
2535.00,-3.2336
2535.50,-3.2183
2536.00,-3.1726
2536.50,-3.1093
2537.00,-3.0471
2537.50,-3.0014
2538.00,-2.9797
2538.50,-2.9846
2539.00,-3.0125
2539.50,-3.0527
2540.00,-3.0872
2540.50,-3.0990
2541.00,-3.0810
2541.50,-3.0415
2542.00,-2.9985
2542.50,-2.9651
2543.00,-2.9412
2543.50,-2.9210
2544.00,-2.9080
2544.50,-2.9157
2545.00,-2.9536
2545.50,-3.0156
2546.00,-3.0838
2546.50,-3.1405
2547.00,-3.1774
2547.50,-3.1976
2548.00,-3.2110
2548.50,-3.2229
2549.00,-3.2276
2549.50,-3.2115
2550.00,-3.1661
2550.50,-3.0973
2551.00,-3.0251
2551.50,-2.9741
2552.00,-2.9606
2552.50,-2.9830
2553.00,-3.0244
2553.50,-3.0632
2554.00,-3.0846
2554.50,-3.0872
2555.00,-3.0810
2555.50,-3.0795
2556.00,-3.0898
2556.50,-3.1073
2557.00,-3.1200
2557.50,-3.1168
2558.00,-3.0936
2558.50,-3.0549
2559.00,-3.0123
2559.50,-2.9803
2560.00,-2.9690
2560.50,-2.9789
2561.00,-3.0007
2561.50,-3.0222
2562.00,-3.0374
2562.50,-3.0510
2563.00,-3.0712
2563.50,-3.1003
2564.00,-3.1307
2564.50,-3.1540
2565.00,-3.1708
2565.50,-3.1889
2566.00,-3.2123
2566.50,-3.2331
2567.00,-3.2368
2567.50,-3.2144
2568.00,-3.1711
2568.50,-3.1240
2569.00,-3.0903
2569.50,-3.0770
2570.00,-3.0787
2570.50,-3.0880
2571.00,-3.1053
2571.50,-3.1372
2572.00,-3.1856
2572.50,-3.2400
2573.00,-3.2801
2573.50,-3.2881
2574.00,-3.2598
2574.50,-3.2070
2575.00,-3.1506
2575.50,-3.1067
2576.00,-3.0773
2576.50,-3.0539
2577.00,-3.0290
2577.50,-3.0039
2578.00,-2.9865
2578.50,-2.9828
2579.00,-2.9909
2579.50,-3.0009
2580.00,-2.9980
2580.50,-2.9701
2581.00,-2.9128
2581.50,-2.8325
2582.00,-2.7447
2582.50,-2.6701
2583.00,-2.6247
2583.50,-2.6112
2584.00,-2.6190
2584.50,-2.6349
2585.00,-2.6557
2585.50,-2.6872
2586.00,-2.7301
2586.50,-2.7695
2587.00,-2.7847
2587.50,-2.7686
2588.00,-2.7364
2588.50,-2.7114
2589.00,-2.7059
2589.50,-2.7131
2590.00,-2.7157
2590.50,-2.7012
2591.00,-2.6737
2591.50,-2.6522
2592.00,-2.6576
2592.50,-2.6970
2593.00,-2.7592
2593.50,-2.8266
2594.00,-2.8885
2594.50,-2.9440
2595.00,-2.9935
2595.50,-3.0313
2596.00,-3.0487
2596.50,-3.0440
2597.00,-3.0279
2597.50,-3.0169
2598.00,-3.0202
2598.50,-3.0332
2599.00,-3.0445
2599.50,-3.0493
2600.00,-3.0536
2600.50,-3.0667
2601.00,-3.0901
2601.50,-3.1172
2602.00,-3.1402
2602.50,-3.1562
2603.00,-3.1648
2603.50,-3.1664
2604.00,-3.1640
2604.50,-3.1618
2605.00,-3.1604
2605.50,-3.1524
2606.00,-3.1293
2606.50,-3.0920
2607.00,-3.0524
2607.50,-3.0215
2608.00,-3.0003
2608.50,-2.9835
2609.00,-2.9726
2609.50,-2.9778
2610.00,-3.0093
2610.50,-3.0665
2611.00,-3.1376
2611.50,-3.2061
2612.00,-3.2577
2612.50,-3.2844
2613.00,-3.2844
2613.50,-3.2615
2614.00,-3.2251
2614.50,-3.1906
2615.00,-3.1733
2615.50,-3.1792
2616.00,-3.2000
2616.50,-3.2196
2617.00,-3.2261
2617.50,-3.2190
2618.00,-3.2081
2618.50,-3.2071
2619.00,-3.2259
2619.50,-3.2624
2620.00,-3.3008
2620.50,-3.3193
2621.00,-3.3039
2621.50,-3.2559
2622.00,-3.1899
2622.50,-3.1297
2623.00,-3.1016
2623.50,-3.1243
2624.00,-3.1954
2624.50,-3.2910
2625.00,-3.3785
2625.50,-3.4324
2626.00,-3.4410
2626.50,-3.4060
2627.00,-3.3418
2627.50,-3.2718
2628.00,-3.2199
2628.50,-3.2003
2629.00,-3.2117
2629.50,-3.2421
2630.00,-3.2765
2630.50,-3.3051
2631.00,-3.3252
2631.50,-3.3370
2632.00,-3.3404
2632.50,-3.3349
2633.00,-3.3224
2633.50,-3.3067
2634.00,-3.2911
2634.50,-3.2767
2635.00,-3.2659
2635.50,-3.2660
2636.00,-3.2857
2636.50,-3.3253
2637.00,-3.3716
2637.50,-3.4050
2638.00,-3.4128
2638.50,-3.3966
2639.00,-3.3681
2639.50,-3.3380
2640.00,-3.3099
2640.50,-3.2833
2641.00,-3.2602
2641.50,-3.2480
2642.00,-3.2546
2642.50,-3.2811
2643.00,-3.3187
2643.50,-3.3524
2644.00,-3.3727
2644.50,-3.3812
2645.00,-3.3886
2645.50,-3.4053
2646.00,-3.4336
2646.50,-3.4659
2647.00,-3.4898
2647.50,-3.4957
2648.00,-3.4835
2648.50,-3.4609
2649.00,-3.4356
2649.50,-3.4100
2650.00,-3.3828
2650.50,-3.3559
2651.00,-3.3376
2651.50,-3.3386
2652.00,-3.3645
2652.50,-3.4099
2653.00,-3.4611
2653.50,-3.5035
2654.00,-3.5282
2654.50,-3.5341
2655.00,-3.5283
2655.50,-3.5239
2656.00,-3.5351
2656.50,-3.5678
2657.00,-3.6140
2657.50,-3.6545
2658.00,-3.6712
2658.50,-3.6602
2659.00,-3.6350
2659.50,-3.6149
2660.00,-3.6098
2660.50,-3.6146
2661.00,-3.6164
2661.50,-3.6049
2662.00,-3.5782
2662.50,-3.5418
2663.00,-3.5068
2663.50,-3.4883
2664.00,-3.5002
2664.50,-3.5474
2665.00,-3.6201
2665.50,-3.6996
2666.00,-3.7680
2666.50,-3.8168
2667.00,-3.8445
2667.50,-3.8516
2668.00,-3.8368
2668.50,-3.8002
2669.00,-3.7462
2669.50,-3.6853
2670.00,-3.6304
2670.50,-3.5913
2671.00,-3.5698
2671.50,-3.5588
2672.00,-3.5492
2672.50,-3.5362
2673.00,-3.5207
2673.50,-3.5068
2674.00,-3.4994
2674.50,-3.5011
2675.00,-3.5097
2675.50,-3.5182
2676.00,-3.5208
2676.50,-3.5171
2677.00,-3.5102
2677.50,-3.5029
2678.00,-3.4980
2678.50,-3.4989
2679.00,-3.5069
2679.50,-3.5180
2680.00,-3.5254
2680.50,-3.5278
2681.00,-3.5333
2681.50,-3.5501
2682.00,-3.5749
2682.50,-3.5910
2683.00,-3.5818
2683.50,-3.5436
2684.00,-3.4848
2684.50,-3.4136
2685.00,-3.3311
2685.50,-3.2388
2686.00,-3.1491
2686.50,-3.0817
2687.00,-3.0478
2687.50,-3.0424
2688.00,-3.0543
2688.50,-3.0786
2689.00,-3.1152
2689.50,-3.1603
2690.00,-3.2041
2690.50,-3.2374
2691.00,-3.2581
2691.50,-3.2706
2692.00,-3.2807
2692.50,-3.2910
2693.00,-3.2965
2693.50,-3.2866
2694.00,-3.2553
2694.50,-3.2100
2695.00,-3.1732
2695.50,-3.1696
2696.00,-3.2092
2696.50,-3.2762
2697.00,-3.3380
2697.50,-3.3683
2698.00,-3.3671
2698.50,-3.3570
2699.00,-3.3601
2699.50,-3.3780
2700.00,-3.3943
2700.50,-3.3911
2701.00,-3.3666
2701.50,-3.3400
2702.00,-3.3423
2702.50,-3.3982
2703.00,-3.5085
2703.50,-3.6448
2704.00,-3.7639
2704.50,-3.8300
2705.00,-3.8330
2705.50,-3.7892
2706.00,-3.7292
2706.50,-3.6822
2707.00,-3.6648
2707.50,-3.6783
2708.00,-3.7119
2708.50,-3.7511
2709.00,-3.7842
2709.50,-3.8052
2710.00,-3.8098
2710.50,-3.7927
2711.00,-3.7491
2711.50,-3.6840
2712.00,-3.6181
2712.50,-3.5801
2713.00,-3.5871
2713.50,-3.6326
2714.00,-3.6930
2714.50,-3.7443
2715.00,-3.7760
2715.50,-3.7903
2716.00,-3.7934
2716.50,-3.7879
2717.00,-3.7708
2717.50,-3.7399
2718.00,-3.6998
2718.50,-3.6616
2719.00,-3.6344
2719.50,-3.6185
2720.00,-3.6063
2720.50,-3.5900
2721.00,-3.5693
2721.50,-3.5499
2722.00,-3.5351
2722.50,-3.5201
2723.00,-3.4981
2723.50,-3.4702
2724.00,-3.4473
2724.50,-3.4394
2725.00,-3.4461
2725.50,-3.4582
2726.00,-3.4695
2726.50,-3.4840
2727.00,-3.5115
2727.50,-3.5571
2728.00,-3.6127
2728.50,-3.6582
2729.00,-3.6708
2729.50,-3.6389
2730.00,-3.5711
2730.50,-3.4923
2731.00,-3.4283
2731.50,-3.3896
2732.00,-3.3701
2732.50,-3.3605
2733.00,-3.3606
2733.50,-3.3792
2734.00,-3.4228
2734.50,-3.4860
2735.00,-3.5523
2735.50,-3.6027
2736.00,-3.6264
2736.50,-3.6250
2737.00,-3.6099
2737.50,-3.5932
2738.00,-3.5809
2738.50,-3.5734
2739.00,-3.5716
2739.50,-3.5780
2740.00,-3.5921
2740.50,-3.6067
2741.00,-3.6144
2741.50,-3.6178
2742.00,-3.6311
2742.50,-3.6655
2743.00,-3.7148
2743.50,-3.7583
2744.00,-3.7777
2744.50,-3.7713
2745.00,-3.7538
2745.50,-3.7441
2746.00,-3.7509
2746.50,-3.7691
2747.00,-3.7856
2747.50,-3.7909
2748.00,-3.7853
2748.50,-3.7772
2749.00,-3.7738
2749.50,-3.7755
2750.00,-3.7794
2750.50,-3.7888
2751.00,-3.8142
2751.50,-3.8618
2752.00,-3.9231
2752.50,-3.9769
2753.00,-4.0039
2753.50,-3.9969
2754.00,-3.9620
2754.50,-3.9114
2755.00,-3.8574
2755.50,-3.8112
2756.00,-3.7819
2756.50,-3.7747
2757.00,-3.7889
2757.50,-3.8175
2758.00,-3.8493
2758.50,-3.8738
2759.00,-3.8827
2759.50,-3.8702
2760.00,-3.8334
2760.50,-3.7775
2761.00,-3.7179
2761.50,-3.6730
2762.00,-3.6525
2762.50,-3.6506
2763.00,-3.6523
2763.50,-3.6449
2764.00,-3.6272
2764.50,-3.6069
2765.00,-3.5928
2765.50,-3.5876
2766.00,-3.5898
2766.50,-3.5988
2767.00,-3.6148
2767.50,-3.6346
2768.00,-3.6503
2768.50,-3.6543
2769.00,-3.6451
2769.50,-3.6278
2770.00,-3.6092
2770.50,-3.5923
2771.00,-3.5765
2771.50,-3.5620
2772.00,-3.5536
2772.50,-3.5599
2773.00,-3.5876
2773.50,-3.6368
2774.00,-3.7001
2774.50,-3.7652
2775.00,-3.8188
2775.50,-3.8510
2776.00,-3.8606
2776.50,-3.8543
2777.00,-3.8396
2777.50,-3.8152
2778.00,-3.7722
2778.50,-3.7049
2779.00,-3.6209
2779.50,-3.5366
2780.00,-3.4657
2780.50,-3.4152
2781.00,-3.3900
2781.50,-3.3960
2782.00,-3.4332
2782.50,-3.4916
2783.00,-3.5567
2783.50,-3.6178
2784.00,-3.6697
2784.50,-3.7091
2785.00,-3.7327
2785.50,-3.7374
2786.00,-3.7221
2786.50,-3.6897
2787.00,-3.6511
2787.50,-3.6252
2788.00,-3.6291
2788.50,-3.6677
2789.00,-3.7293
2789.50,-3.7908
2790.00,-3.8279
2790.50,-3.8264
2791.00,-3.7900
2791.50,-3.7390
2792.00,-3.6985
2792.50,-3.6830
2793.00,-3.6880
2793.50,-3.6967
2794.00,-3.6938
2794.50,-3.6755
2795.00,-3.6492
2795.50,-3.6272
2796.00,-3.6211
2796.50,-3.6371
2797.00,-3.6727
2797.50,-3.7164
2798.00,-3.7534
2798.50,-3.7716
2799.00,-3.7676
2799.50,-3.7479
2800.00,-3.7273
2800.50,-3.7217
2801.00,-3.7367
2801.50,-3.7627
2802.00,-3.7824
2802.50,-3.7867
2803.00,-3.7800
2803.50,-3.7719
2804.00,-3.7641
2804.50,-3.7509
2805.00,-3.7310
2805.50,-3.7150
2806.00,-3.7183
2806.50,-3.7463
2807.00,-3.7869
2807.50,-3.8180
2808.00,-3.8210
2808.50,-3.7928
2809.00,-3.7474
2809.50,-3.7055
2810.00,-3.6779
2810.50,-3.6577
2811.00,-3.6287
2811.50,-3.5827
2812.00,-3.5300
2812.50,-3.4918
2813.00,-3.4832
2813.50,-3.5053
2814.00,-3.5503
2814.50,-3.6107
2815.00,-3.6801
2815.50,-3.7464
2816.00,-3.7922
2816.50,-3.8041
2817.00,-3.7839
2817.50,-3.7501
2818.00,-3.7249
2818.50,-3.7214
2819.00,-3.7383
2819.50,-3.7670
2820.00,-3.7995
2820.50,-3.8315
2821.00,-3.8586
2821.50,-3.8750
2822.00,-3.8742
2822.50,-3.8519
2823.00,-3.8098
2823.50,-3.7574
2824.00,-3.7076
2824.50,-3.6707
2825.00,-3.6494
2825.50,-3.6383
2826.00,-3.6284
2826.50,-3.6128
2827.00,-3.5934
2827.50,-3.5808
2828.00,-3.5865
2828.50,-3.6132
2829.00,-3.6539
2829.50,-3.6980
2830.00,-3.7361
2830.50,-3.7639
2831.00,-3.7842
2831.50,-3.8059
2832.00,-3.8358
2832.50,-3.8704
2833.00,-3.8997
2833.50,-3.9168
2834.00,-3.9221
2834.50,-3.9174
2835.00,-3.9025
2835.50,-3.8795
2836.00,-3.8568
2836.50,-3.8440
2837.00,-3.8438
2837.50,-3.8500
2838.00,-3.8536
2838.50,-3.8471
2839.00,-3.8253
2839.50,-3.7871
2840.00,-3.7410
2840.50,-3.7048
2841.00,-3.6950
2841.50,-3.7131
2842.00,-3.7447
2842.50,-3.7730
2843.00,-3.7904
2843.50,-3.7986
2844.00,-3.7998
2844.50,-3.7913
2845.00,-3.7689
2845.50,-3.7328
2846.00,-3.6888
2846.50,-3.6460
2847.00,-3.6160
2847.50,-3.6101
2848.00,-3.6345
2848.50,-3.6848
2849.00,-3.7492
2849.50,-3.8165
2850.00,-3.8798
2850.50,-3.9341
2851.00,-3.9729
2851.50,-3.9876
2852.00,-3.9716
2852.50,-3.9244
2853.00,-3.8550
2853.50,-3.7808
2854.00,-3.7202
2854.50,-3.6850
2855.00,-3.6788
2855.50,-3.7001
2856.00,-3.7454
2856.50,-3.8073
2857.00,-3.8744
2857.50,-3.9343
2858.00,-3.9782
2858.50,-4.0017
