0.00,0.0000
0.50,0.0905
1.00,0.2446
1.50,0.4513
2.00,0.6852
2.50,0.9190
3.00,1.1343
3.50,1.3221
4.00,1.4792
4.50,1.6051
5.00,1.7022
5.50,1.7765
6.00,1.8370
6.50,1.8916
7.00,1.9450
7.50,1.9981
8.00,2.0517
8.50,2.1066
9.00,2.1633
9.50,2.2209
10.00,2.2785
10.50,2.3367
11.00,2.3970
11.50,2.4596
12.00,2.5228
12.50,2.5848
13.00,2.6453
13.50,2.7045
14.00,2.7605
14.50,2.8096
15.00,2.8494
15.50,2.8820
16.00,2.9129
16.50,2.9480
17.00,2.9911
17.50,3.0415
18.00,3.0936
18.50,3.1396
19.00,3.1739
19.50,3.1960
20.00,3.2101
20.50,3.2214
21.00,3.2344
21.50,3.2528
22.00,3.2789
22.50,3.3104
23.00,3.3384
23.50,3.3521
24.00,3.3461
24.50,3.3258
25.00,3.3032
25.50,3.2879
26.00,3.2809
26.50,3.2762
27.00,3.2666
27.50,3.2490
28.00,3.2247
28.50,3.1964
29.00,3.1657
29.50,3.1335
30.00,3.1021
30.50,3.0753
31.00,3.0567
31.50,3.0468
32.00,3.0427
32.50,3.0420
33.00,3.0443
33.50,3.0490
34.00,3.0522
34.50,3.0482
35.00,3.0348
35.50,3.0163
36.00,2.9993
36.50,2.9867
37.00,2.9777
37.50,2.9709
38.00,2.9682
38.50,2.9723
39.00,2.9823
39.50,2.9928
40.00,2.9970
40.50,2.9922
41.00,2.9815
41.50,2.9725
42.00,2.9730
42.50,2.9880
43.00,3.0186
43.50,3.0614
44.00,3.1100
44.50,3.1565
45.00,3.1939
45.50,3.2196
46.00,3.2367
46.50,3.2521
47.00,3.2713
47.50,3.2945
48.00,3.3172
48.50,3.3345
49.00,3.3454
49.50,3.3538
50.00,3.3645
50.50,3.3796
51.00,3.3972
51.50,3.4145
52.00,3.4318
52.50,3.4520
53.00,3.4781
53.50,3.5092
54.00,3.5407
54.50,3.5674
55.00,3.5873
55.50,3.6024
56.00,3.6162
56.50,3.6309
57.00,3.6468
57.50,3.6642
58.00,3.6836
58.50,3.7043
59.00,3.7231
59.50,3.7339
60.00,3.7301
60.50,3.7092
61.00,3.6768
61.50,3.6459
62.00,3.6297
62.50,3.6335
63.00,3.6523
63.50,3.6763
64.00,3.6980
64.50,3.7165
65.00,3.7348
65.50,3.7541
66.00,3.7718
66.50,3.7837
67.00,3.7889
67.50,3.7898
68.00,3.7892
68.50,3.7869
69.00,3.7814
69.50,3.7737
70.00,3.7687
70.50,3.7730
71.00,3.7906
71.50,3.8200
72.00,3.8536
72.50,3.8804
73.00,3.8920
73.50,3.8877
74.00,3.8758
74.50,3.8674
75.00,3.8704
75.50,3.8858
76.00,3.9099
76.50,3.9390
77.00,3.9709
77.50,4.0027
78.00,4.0300
78.50,4.0491
79.00,4.0608
79.50,4.0711
80.00,4.0871
80.50,4.1113
81.00,4.1400
81.50,4.1659
82.00,4.1842
82.50,4.1962
83.00,4.2084
83.50,4.2284
84.00,4.2590
84.50,4.2975
85.00,4.3384
85.50,4.3782
86.00,4.4146
86.50,4.4446
87.00,4.4632
87.50,4.4675
88.00,4.4609
88.50,4.4522
89.00,4.4512
89.50,4.4633
90.00,4.4882
90.50,4.5208
91.00,4.5557
91.50,4.5888
92.00,4.6169
92.50,4.6348
93.00,4.6371
93.50,4.6231
94.00,4.6006
94.50,4.5808
95.00,4.5709
95.50,4.5697
96.00,4.5705
96.50,4.5674
97.00,4.5600
97.50,4.5530
98.00,4.5519
98.50,4.5578
99.00,4.5675
99.50,4.5771
100.00,4.5857
100.50,4.5948
101.00,4.6055
101.50,4.6172
102.00,4.6287
102.50,4.6399
103.00,4.6506
103.50,4.6600
104.00,4.6662
104.50,4.6674
105.00,4.6620
105.50,4.6503
106.00,4.6333
106.50,4.6143
107.00,4.5985
107.50,4.5912
108.00,4.5941
108.50,4.6020
109.00,4.6054
109.50,4.5981
110.00,4.5816
110.50,4.5639
111.00,4.5525
111.50,4.5498
112.00,4.5524
112.50,4.5546
113.00,4.5517
113.50,4.5419
114.00,4.5259
114.50,4.5061
115.00,4.4858
115.50,4.4680
116.00,4.4548
116.50,4.4472
117.00,4.4450
117.50,4.4488
118.00,4.4591
118.50,4.4756
119.00,4.4971
119.50,4.5222
120.00,4.5495
120.50,4.5774
121.00,4.6045
121.50,4.6295
122.00,4.6517
122.50,4.6709
123.00,4.6878
123.50,4.7044
124.00,4.7228
124.50,4.7435
125.00,4.7661
125.50,4.7901
126.00,4.8144
126.50,4.8372
127.00,4.8558
127.50,4.8674
128.00,4.8715
128.50,4.8705
129.00,4.8693
129.50,4.8735
130.00,4.8881
130.50,4.9162
131.00,4.9561
131.50,4.9981
132.00,5.0273
132.50,5.0317
133.00,5.0104
133.50,4.9747
134.00,4.9396
134.50,4.9142
135.00,4.8976
135.50,4.8838
136.00,4.8683
136.50,4.8505
137.00,4.8316
137.50,4.8127
138.00,4.7943
138.50,4.7770
139.00,4.7614
139.50,4.7473
140.00,4.7340
140.50,4.7205
141.00,4.7060
141.50,4.6897
142.00,4.6722
142.50,4.6566
143.00,4.6468
143.50,4.6436
144.00,4.6438
144.50,4.6425
145.00,4.6374
145.50,4.6307
146.00,4.6257
146.50,4.6240
147.00,4.6246
147.50,4.6263
148.00,4.6290
148.50,4.6319
149.00,4.6333
149.50,4.6317
150.00,4.6273
150.50,4.6219
151.00,4.6157
151.50,4.6075
152.00,4.5969
152.50,4.5860
153.00,4.5781
153.50,4.5754
154.00,4.5785
154.50,4.5868
155.00,4.5995
155.50,4.6148
156.00,4.6297
156.50,4.6409
157.00,4.6462
157.50,4.6460
158.00,4.6431
158.50,4.6412
159.00,4.6426
159.50,4.6463
160.00,4.6480
160.50,4.6443
161.00,4.6361
161.50,4.6298
162.00,4.6318
162.50,4.6439
163.00,4.6619
163.50,4.6805
164.00,4.6976
164.50,4.7148
165.00,4.7333
165.50,4.7506
166.00,4.7618
166.50,4.7638
167.00,4.7600
167.50,4.7585
168.00,4.7681
168.50,4.7917
169.00,4.8240
169.50,4.8532
170.00,4.8676
170.50,4.8616
171.00,4.8386
171.50,4.8091
172.00,4.7850
172.50,4.7737
173.00,4.7752
173.50,4.7831
174.00,4.7902
174.50,4.7926
175.00,4.7925
175.50,4.7951
176.00,4.8042
176.50,4.8197
177.00,4.8378
177.50,4.8532
178.00,4.8628
178.50,4.8672
179.00,4.8696
179.50,4.8729
180.00,4.8782
180.50,4.8851
181.00,4.8934
181.50,4.9029
182.00,4.9122
182.50,4.9185
183.00,4.9197
183.50,4.9175
184.00,4.9164
184.50,4.9212
185.00,4.9333
185.50,4.9510
186.00,4.9704
186.50,4.9874
187.00,4.9994
187.50,5.0060
188.00,5.0089
188.50,5.0112
189.00,5.0151
189.50,5.0206
190.00,5.0261
190.50,5.0291
191.00,5.0282
191.50,5.0229
192.00,5.0143
192.50,5.0049
193.00,4.9975
193.50,4.9939
194.00,4.9949
194.50,5.0002
195.00,5.0095
195.50,5.0216
196.00,5.0339
196.50,5.0428
197.00,5.0457
197.50,5.0433
198.00,5.0393
198.50,5.0373
199.00,5.0393
199.50,5.0445
200.00,5.0513
200.50,5.0577
201.00,5.0620
201.50,5.0628
202.00,5.0604
202.50,5.0570
203.00,5.0560
203.50,5.0610
204.00,5.0732
204.50,5.0913
205.00,5.1103
205.50,5.1241
206.00,5.1272
206.50,5.1188
207.00,5.1028
207.50,5.0856
208.00,5.0718
208.50,5.0631
209.00,5.0587
209.50,5.0579
210.00,5.0604
210.50,5.0659
211.00,5.0733
211.50,5.0803
212.00,5.0845
212.50,5.0846
213.00,5.0813
213.50,5.0763
214.00,5.0709
214.50,5.0656
215.00,5.0595
215.50,5.0528
216.00,5.0465
216.50,5.0422
217.00,5.0404
217.50,5.0404
218.00,5.0418
218.50,5.0443
219.00,5.0471
219.50,5.0484
220.00,5.0460
220.50,5.0394
221.00,5.0308
221.50,5.0231
222.00,5.0184
222.50,5.0165
223.00,5.0166
223.50,5.0182
224.00,5.0224
224.50,5.0304
225.00,5.0422
225.50,5.0558
226.00,5.0678
226.50,5.0769
227.00,5.0851
227.50,5.0969
228.00,5.1156
228.50,5.1415
229.00,5.1719
229.50,5.2023
230.00,5.2280
230.50,5.2466
231.00,5.2582
231.50,5.2654
232.00,5.2710
232.50,5.2777
233.00,5.2875
233.50,5.3011
234.00,5.3184
234.50,5.3379
235.00,5.3583
235.50,5.3794
236.00,5.4015
236.50,5.4239
237.00,5.4434
237.50,5.4556
238.00,5.4569
238.50,5.4477
239.00,5.4320
239.50,5.4166
240.00,5.4082
240.50,5.4108
241.00,5.4237
241.50,5.4434
242.00,5.4655
242.50,5.4865
243.00,5.5025
243.50,5.5090
244.00,5.5028
244.50,5.4854
245.00,5.4629
245.50,5.4438
246.00,5.4340
246.50,5.4334
247.00,5.4361
247.50,5.4343
248.00,5.4249
248.50,5.4111
249.00,5.3990
249.50,5.3911
250.00,5.3852
250.50,5.3778
251.00,5.3677
251.50,5.3567
252.00,5.3478
252.50,5.3428
253.00,5.3420
253.50,5.3437
254.00,5.3462
254.50,5.3485
255.00,5.3515
255.50,5.3568
256.00,5.3637
256.50,5.3702
257.00,5.3754
257.50,5.3816
258.00,5.3919
258.50,5.4063
259.00,5.4219
259.50,5.4354
260.00,5.4459
260.50,5.4534
261.00,5.4589
261.50,5.4626
262.00,5.4650
262.50,5.4665
263.00,5.4672
263.50,5.4686
264.00,5.4734
264.50,5.4853
265.00,5.5064
265.50,5.5340
266.00,5.5601
266.50,5.5769
267.00,5.5818
267.50,5.5796
268.00,5.5781
268.50,5.5831
269.00,5.5957
269.50,5.6144
270.00,5.6355
270.50,5.6542
271.00,5.6657
271.50,5.6681
272.00,5.6641
272.50,5.6584
273.00,5.6551
273.50,5.6557
274.00,5.6602
274.50,5.6668
275.00,5.6722
275.50,5.6728
276.00,5.6683
276.50,5.6631
277.00,5.6633
277.50,5.6725
278.00,5.6894
278.50,5.7105
279.00,5.7323
279.50,5.7525
280.00,5.7692
280.50,5.7820
281.00,5.7923
281.50,5.8036
282.00,5.8178
282.50,5.8327
283.00,5.8438
283.50,5.8481
284.00,5.8464
284.50,5.8424
285.00,5.8392
285.50,5.8383
286.00,5.8398
286.50,5.8434
287.00,5.8488
287.50,5.8550
288.00,5.8600
288.50,5.8622
289.00,5.8607
289.50,5.8558
290.00,5.8490
290.50,5.8415
291.00,5.8350
291.50,5.8327
292.00,5.8381
292.50,5.8523
293.00,5.8720
293.50,5.8910
294.00,5.9044
294.50,5.9110
295.00,5.9120
295.50,5.9088
296.00,5.9031
296.50,5.8959
297.00,5.8887
297.50,5.8826
298.00,5.8793
298.50,5.8806
299.00,5.8882
299.50,5.9006
300.00,5.9148
300.50,5.9263
301.00,5.9324
301.50,5.9327
302.00,5.9290
302.50,5.9248
303.00,5.9221
303.50,5.9206
304.00,5.9165
304.50,5.9057
305.00,5.8866
305.50,5.8620
306.00,5.8379
306.50,5.8203
307.00,5.8130
307.50,5.8166
308.00,5.8297
308.50,5.8500
309.00,5.8752
309.50,5.9031
310.00,5.9312
310.50,5.9556
311.00,5.9724
311.50,5.9794
312.00,5.9784
312.50,5.9743
313.00,5.9718
313.50,5.9734
314.00,5.9787
314.50,5.9855
315.00,5.9917
315.50,5.9964
316.00,6.0003
316.50,6.0045
317.00,6.0101
317.50,6.0185
318.00,6.0307
318.50,6.0466
319.00,6.0648
319.50,6.0826
320.00,6.0968
320.50,6.1053
321.00,6.1076
321.50,6.1062
322.00,6.1045
322.50,6.1045
323.00,6.1055
323.50,6.1047
324.00,6.0985
324.50,6.0860
325.00,6.0691
325.50,6.0521
326.00,6.0395
326.50,6.0347
327.00,6.0401
327.50,6.0560
328.00,6.0797
328.50,6.1037
329.00,6.1192
329.50,6.1220
330.00,6.1158
330.50,6.1105
331.00,6.1152
331.50,6.1313
332.00,6.1523
332.50,6.1688
333.00,6.1739
333.50,6.1676
334.00,6.1555
334.50,6.1442
335.00,6.1367
335.50,6.1320
336.00,6.1273
336.50,6.1209
337.00,6.1133
337.50,6.1068
338.00,6.1047
338.50,6.1090
339.00,6.1194
339.50,6.1323
340.00,6.1437
340.50,6.1515
341.00,6.1566
341.50,6.1617
342.00,6.1703
342.50,6.1849
343.00,6.2054
343.50,6.2296
344.00,6.2537
344.50,6.2741
345.00,6.2889
345.50,6.2977
346.00,6.3018
346.50,6.3025
347.00,6.3004
347.50,6.2948
348.00,6.2852
348.50,6.2727
349.00,6.2596
349.50,6.2483
350.00,6.2397
350.50,6.2332
351.00,6.2276
351.50,6.2221
352.00,6.2163
352.50,6.2104
353.00,6.2048
353.50,6.2004
354.00,6.1982
354.50,6.1984
355.00,6.1999
355.50,6.2011
356.00,6.2013
356.50,6.2014
357.00,6.2032
357.50,6.2082
358.00,6.2171
358.50,6.2302
359.00,6.2469
359.50,6.2645
360.00,6.2794
360.50,6.2896
361.00,6.2965
361.50,6.3030
362.00,6.3094
362.50,6.3134
363.00,6.3116
363.50,6.3042
364.00,6.2960
364.50,6.2939
365.00,6.3019
365.50,6.3181
366.00,6.3362
366.50,6.3503
367.00,6.3579
367.50,6.3594
368.00,6.3568
368.50,6.3521
369.00,6.3473
369.50,6.3445
370.00,6.3461
370.50,6.3538
371.00,6.3670
371.50,6.3810
372.00,6.3897
372.50,6.3903
373.00,6.3851
373.50,6.3795
374.00,6.3772
374.50,6.3785
375.00,6.3819
375.50,6.3853
376.00,6.3877
376.50,6.3888
377.00,6.3887
377.50,6.3889
378.00,6.3924
378.50,6.4020
379.00,6.4186
379.50,6.4404
380.00,6.4631
380.50,6.4819
381.00,6.4946
381.50,6.5033
382.00,6.5123
382.50,6.5252
383.00,6.5426
383.50,6.5618
384.00,6.5802
384.50,6.5981
385.00,6.6179
385.50,6.6404
386.00,6.6628
386.50,6.6814
387.00,6.6954
387.50,6.7073
388.00,6.7197
388.50,6.7328
389.00,6.7447
389.50,6.7541
390.00,6.7617
390.50,6.7686
391.00,6.7761
391.50,6.7847
392.00,6.7947
392.50,6.8075
393.00,6.8244
393.50,6.8457
394.00,6.8684
394.50,6.8872
395.00,6.8979
395.50,6.9005
396.00,6.8987
396.50,6.8980
397.00,6.9019
397.50,6.9102
398.00,6.9203
398.50,6.9297
399.00,6.9371
399.50,6.9423
400.00,6.9457
400.50,6.9478
401.00,6.9501
401.50,6.9551
402.00,6.9661
402.50,6.9846
403.00,7.0096
403.50,7.0380
404.00,7.0663
404.50,7.0930
405.00,7.1187
405.50,7.1441
406.00,7.1684
406.50,7.1890
407.00,7.2037
407.50,7.2130
408.00,7.2199
408.50,7.2268
409.00,7.2337
409.50,7.2395
410.00,7.2449
410.50,7.2525
411.00,7.2645
411.50,7.2800
412.00,7.2955
412.50,7.3082
413.00,7.3183
413.50,7.3281
414.00,7.3391
414.50,7.3511
415.00,7.3627
415.50,7.3725
416.00,7.3796
416.50,7.3851
417.00,7.3907
417.50,7.3974
418.00,7.4032
418.50,7.4050
419.00,7.4015
419.50,7.3953
420.00,7.3912
420.50,7.3928
421.00,7.4002
421.50,7.4099
422.00,7.4170
422.50,7.4172
423.00,7.4098
423.50,7.3973
424.00,7.3840
424.50,7.3737
425.00,7.3677
425.50,7.3639
426.00,7.3591
426.50,7.3517
427.00,7.3436
427.50,7.3395
428.00,7.3438
428.50,7.3570
429.00,7.3748
429.50,7.3901
430.00,7.3965
430.50,7.3919
431.00,7.3800
431.50,7.3692
432.00,7.3679
432.50,7.3799
433.00,7.4025
433.50,7.4275
434.00,7.4461
434.50,7.4533
435.00,7.4508
435.50,7.4447
436.00,7.4409
436.50,7.4406
437.00,7.4411
437.50,7.4400
438.00,7.4379
438.50,7.4384
439.00,7.4441
439.50,7.4545
440.00,7.4668
440.50,7.4774
441.00,7.4834
441.50,7.4824
442.00,7.4738
442.50,7.4597
443.00,7.4432
443.50,7.4267
444.00,7.4108
444.50,7.3957
445.00,7.3827
445.50,7.3729
446.00,7.3664
446.50,7.3618
447.00,7.3578
447.50,7.3537
448.00,7.3502
448.50,7.3470
449.00,7.3428
449.50,7.3369
450.00,7.3308
450.50,7.3283
451.00,7.3307
451.50,7.3358
452.00,7.3392
452.50,7.3393
453.00,7.3386
453.50,7.3407
454.00,7.3470
454.50,7.3560
455.00,7.3661
455.50,7.3772
456.00,7.3896
456.50,7.4012
457.00,7.4080
457.50,7.4079
458.00,7.4028
458.50,7.3972
459.00,7.3940
459.50,7.3936
460.00,7.3947
460.50,7.3966
461.00,7.3985
461.50,7.3995
462.00,7.3993
462.50,7.3969
463.00,7.3919
463.50,7.3852
464.00,7.3793
464.50,7.3768
465.00,7.3780
465.50,7.3818
466.00,7.3871
466.50,7.3938
467.00,7.4020
467.50,7.4108
468.00,7.4191
468.50,7.4262
469.00,7.4326
469.50,7.4383
470.00,7.4424
470.50,7.4448
471.00,7.4472
471.50,7.4521
472.00,7.4607
472.50,7.4714
473.00,7.4810
473.50,7.4875
474.00,7.4920
474.50,7.4966
475.00,7.5029
475.50,7.5119
476.00,7.5239
476.50,7.5382
477.00,7.5522
477.50,7.5615
478.00,7.5628
478.50,7.5560
479.00,7.5458
479.50,7.5393
480.00,7.5421
480.50,7.5541
481.00,7.5691
481.50,7.5798
482.00,7.5818
482.50,7.5773
483.00,7.5726
483.50,7.5744
484.00,7.5845
484.50,7.5998
485.00,7.6141
485.50,7.6220
486.00,7.6225
486.50,7.6185
487.00,7.6151
487.50,7.6157
488.00,7.6183
488.50,7.6161
489.00,7.6034
489.50,7.5808
490.00,7.5555
490.50,7.5372
491.00,7.5326
491.50,7.5434
492.00,7.5668
492.50,7.5964
493.00,7.6248
493.50,7.6462
494.00,7.6593
494.50,7.6669
495.00,7.6738
495.50,7.6840
496.00,7.6992
496.50,7.7195
497.00,7.7436
497.50,7.7688
498.00,7.7903
498.50,7.8039
499.00,7.8089
499.50,7.8098
500.00,7.8127
500.50,7.8209
501.00,7.8333
501.50,7.8467
502.00,7.8593
502.50,7.8721
503.00,7.8881
503.50,7.9097
504.00,7.9361
504.50,7.9641
505.00,7.9895
505.50,8.0093
506.00,8.0230
506.50,8.0312
507.00,8.0340
507.50,8.0314
508.00,8.0266
508.50,8.0251
509.00,8.0320
509.50,8.0461
510.00,8.0608
510.50,8.0693
511.00,8.0705
511.50,8.0683
512.00,8.0675
512.50,8.0684
513.00,8.0673
513.50,8.0597
514.00,8.0452
514.50,8.0287
515.00,8.0166
515.50,8.0120
516.00,8.0130
516.50,8.0145
517.00,8.0131
517.50,8.0080
518.00,7.9999
518.50,7.9888
519.00,7.9730
519.50,7.9510
520.00,7.9238
520.50,7.8960
521.00,7.8749
521.50,7.8672
522.00,7.8758
522.50,7.8980
523.00,7.9263
523.50,7.9518
524.00,7.9682
524.50,7.9745
525.00,7.9728
525.50,7.9659
526.00,7.9548
526.50,7.9415
527.00,7.9293
527.50,7.9226
528.00,7.9240
528.50,7.9335
529.00,7.9500
529.50,7.9718
530.00,7.9956
530.50,8.0160
531.00,8.0284
531.50,8.0311
532.00,8.0266
532.50,8.0190
533.00,8.0114
533.50,8.0054
534.00,8.0025
534.50,8.0049
535.00,8.0145
535.50,8.0311
536.00,8.0522
536.50,8.0737
537.00,8.0911
537.50,8.1005
538.00,8.1008
538.50,8.0950
539.00,8.0880
539.50,8.0824
540.00,8.0780
540.50,8.0732
541.00,8.0683
541.50,8.0643
542.00,8.0622
542.50,8.0614
543.00,8.0617
543.50,8.0624
544.00,8.0640
544.50,8.0677
545.00,8.0756
545.50,8.0886
546.00,8.1045
546.50,8.1186
547.00,8.1263
547.50,8.1261
548.00,8.1198
548.50,8.1105
549.00,8.1000
549.50,8.0880
550.00,8.0739
550.50,8.0592
551.00,8.0475
551.50,8.0416
552.00,8.0406
552.50,8.0406
553.00,8.0380
553.50,8.0324
554.00,8.0258
554.50,8.0205
555.00,8.0182
555.50,8.0196
556.00,8.0245
556.50,8.0302
557.00,8.0324
557.50,8.0273
558.00,8.0146
558.50,8.0001
559.00,7.9933
559.50,8.0015
560.00,8.0232
560.50,8.0489
561.00,8.0675
561.50,8.0737
562.00,8.0694
562.50,8.0584
563.00,8.0439
563.50,8.0281
564.00,8.0143
564.50,8.0057
565.00,8.0038
565.50,8.0062
566.00,8.0081
566.50,8.0051
567.00,7.9970
567.50,7.9867
568.00,7.9772
568.50,7.9690
569.00,7.9605
569.50,7.9499
570.00,7.9375
570.50,7.9250
571.00,7.9150
571.50,7.9091
572.00,7.9073
572.50,7.9073
573.00,7.9068
573.50,7.9043
574.00,7.8999
574.50,7.8942
575.00,7.8878
575.50,7.8822
576.00,7.8803
576.50,7.8867
577.00,7.9032
577.50,7.9247
578.00,7.9408
578.50,7.9415
579.00,7.9249
579.50,7.8993
580.00,7.8780
580.50,7.8711
581.00,7.8801
581.50,7.8995
582.00,7.9214
582.50,7.9385
583.00,7.9465
583.50,7.9449
584.00,7.9382
584.50,7.9330
585.00,7.9329
585.50,7.9365
586.00,7.9387
586.50,7.9355
587.00,7.9285
587.50,7.9242
588.00,7.9291
588.50,7.9430
589.00,7.9573
589.50,7.9612
590.00,7.9488
590.50,7.9220
591.00,7.8877
591.50,7.8530
592.00,7.8233
592.50,7.8019
593.00,7.7895
593.50,7.7825
594.00,7.7757
594.50,7.7667
595.00,7.7587
595.50,7.7577
596.00,7.7660
596.50,7.7793
597.00,7.7904
597.50,7.7951
598.00,7.7957
598.50,7.7982
599.00,7.8081
599.50,7.8273
600.00,7.8537
600.50,7.8829
601.00,7.9098
601.50,7.9315
602.00,7.9484
602.50,7.9629
603.00,7.9771
603.50,7.9922
604.00,8.0083
604.50,8.0243
605.00,8.0388
605.50,8.0507
606.00,8.0606
606.50,8.0709
607.00,8.0843
607.50,8.1011
608.00,8.1182
608.50,8.1296
609.00,8.1299
609.50,8.1184
610.00,8.1008
610.50,8.0873
611.00,8.0858
611.50,8.0955
612.00,8.1066
612.50,8.1073
613.00,8.0924
613.50,8.0666
614.00,8.0404
614.50,8.0227
615.00,8.0152
615.50,8.0127
616.00,8.0086
616.50,8.0004
617.00,7.9901
617.50,7.9806
618.00,7.9720
618.50,7.9624
619.00,7.9511
619.50,7.9407
620.00,7.9346
620.50,7.9349
621.00,7.9403
621.50,7.9476
622.00,7.9520
622.50,7.9481
623.00,7.9312
623.50,7.9009
624.00,7.8627
624.50,7.8263
625.00,7.8006
625.50,7.7894
626.00,7.7906
626.50,7.7993
627.00,7.8094
627.50,7.8155
628.00,7.8132
628.50,7.8007
629.00,7.7799
629.50,7.7544
630.00,7.7271
630.50,7.6988
631.00,7.6696
631.50,7.6413
632.00,7.6164
632.50,7.5970
633.00,7.5825
633.50,7.5708
634.00,7.5591
634.50,7.5450
635.00,7.5284
635.50,7.5116
636.00,7.4981
636.50,7.4882
637.00,7.4771
637.50,7.4586
638.00,7.4305
638.50,7.3975
639.00,7.3679
639.50,7.3471
640.00,7.3350
640.50,7.3269
641.00,7.3186
641.50,7.3099
642.00,7.3048
642.50,7.3084
643.00,7.3230
643.50,7.3456
644.00,7.3691
644.50,7.3861
645.00,7.3923
645.50,7.3874
646.00,7.3737
646.50,7.3548
647.00,7.3354
647.50,7.3202
648.00,7.3120
648.50,7.3106
649.00,7.3123
649.50,7.3118
650.00,7.3052
650.50,7.2926
651.00,7.2790
651.50,7.2711
652.00,7.2728
652.50,7.2823
653.00,7.2939
653.50,7.3025
654.00,7.3067
654.50,7.3077
655.00,7.3068
655.50,7.3040
656.00,7.2989
656.50,7.2915
657.00,7.2830
657.50,7.2734
658.00,7.2612
658.50,7.2440
659.00,7.2211
659.50,7.1964
660.00,7.1779
660.50,7.1730
661.00,7.1838
661.50,7.2062
662.00,7.2324
662.50,7.2548
663.00,7.2678
663.50,7.2689
664.00,7.2596
664.50,7.2440
665.00,7.2271
665.50,7.2127
666.00,7.2026
666.50,7.1965
667.00,7.1931
667.50,7.1896
668.00,7.1829
668.50,7.1713
669.00,7.1561
669.50,7.1413
670.00,7.1290
670.50,7.1184
671.00,7.1063
671.50,7.0905
672.00,7.0710
672.50,7.0486
673.00,7.0247
673.50,7.0022
674.00,6.9857
674.50,6.9786
675.00,6.9797
675.50,6.9822
676.00,6.9771
676.50,6.9592
677.00,6.9312
677.50,6.9025
678.00,6.8837
678.50,6.8809
679.00,6.8941
679.50,6.9188
680.00,6.9493
680.50,6.9793
681.00,7.0033
681.50,7.0188
682.00,7.0286
682.50,7.0395
683.00,7.0572
683.50,7.0831
684.00,7.1127
684.50,7.1402
685.00,7.1612
685.50,7.1752
686.00,7.1852
686.50,7.1976
687.00,7.2198
687.50,7.2568
688.00,7.3070
688.50,7.3627
689.00,7.4140
689.50,7.4549
690.00,7.4847
690.50,7.5056
691.00,7.5198
691.50,7.5284
692.00,7.5330
692.50,7.5369
693.00,7.5448
693.50,7.5621
694.00,7.5929
694.50,7.6373
695.00,7.6901
695.50,7.7424
696.00,7.7870
696.50,7.8228
697.00,7.8537
697.50,7.8836
698.00,7.9118
698.50,7.9350
699.00,7.9524
699.50,7.9669
700.00,7.9817
700.50,7.9960
701.00,8.0065
701.50,8.0133
702.00,8.0222
702.50,8.0408
703.00,8.0712
703.50,8.1082
704.00,8.1441
704.50,8.1744
705.00,8.1992
705.50,8.2210
706.00,8.2407
706.50,8.2581
707.00,8.2737
707.50,8.2897
708.00,8.3082
708.50,8.3279
709.00,8.3439
709.50,8.3517
710.00,8.3503
710.50,8.3431
711.00,8.3348
711.50,8.3291
712.00,8.3275
712.50,8.3301
713.00,8.3358
713.50,8.3427
714.00,8.3479
714.50,8.3510
715.00,8.3549
715.50,8.3645
716.00,8.3822
716.50,8.4057
717.00,8.4290
717.50,8.4463
718.00,8.4542
718.50,8.4522
719.00,8.4428
719.50,8.4305
720.00,8.4204
720.50,8.4159
721.00,8.4169
721.50,8.4216
722.00,8.4287
722.50,8.4387
723.00,8.4528
723.50,8.4703
724.00,8.4874
724.50,8.4998
725.00,8.5061
725.50,8.5078
726.00,8.5081
726.50,8.5088
727.00,8.5103
727.50,8.5131
728.00,8.5197
728.50,8.5331
729.00,8.5536
729.50,8.5764
730.00,8.5936
730.50,8.5987
731.00,8.5922
731.50,8.5825
732.00,8.5808
732.50,8.5933
733.00,8.6162
733.50,8.6374
734.00,8.6444
734.50,8.6335
735.00,8.6113
735.50,8.5877
736.00,8.5679
736.50,8.5513
737.00,8.5364
737.50,8.5239
738.00,8.5155
738.50,8.5110
739.00,8.5085
739.50,8.5069
740.00,8.5055
740.50,8.5034
741.00,8.4991
741.50,8.4920
742.00,8.4830
742.50,8.4739
743.00,8.4669
743.50,8.4633
744.00,8.4644
744.50,8.4717
745.00,8.4853
745.50,8.5015
746.00,8.5137
746.50,8.5171
747.00,8.5144
747.50,8.5158
748.00,8.5299
748.50,8.5556
749.00,8.5817
749.50,8.5956
750.00,8.5925
750.50,8.5775
751.00,8.5602
751.50,8.5473
752.00,8.5397
752.50,8.5345
753.00,8.5292
753.50,8.5229
754.00,8.5158
754.50,8.5071
755.00,8.4958
755.50,8.4817
756.00,8.4653
756.50,8.4501
757.00,8.4418
757.50,8.4468
758.00,8.4669
758.50,8.4962
759.00,8.5232
759.50,8.5362
760.00,8.5286
760.50,8.5024
761.00,8.4661
761.50,8.4298
762.00,8.3986
762.50,8.3702
763.00,8.3409
763.50,8.3117
764.00,8.2901
764.50,8.2847
765.00,8.2976
765.50,8.3207
766.00,8.3404
766.50,8.3460
767.00,8.3373
767.50,8.3232
768.00,8.3158
768.50,8.3226
769.00,8.3442
769.50,8.3749
770.00,8.4046
770.50,8.4224
771.00,8.4225
771.50,8.4066
772.00,8.3831
772.50,8.3610
773.00,8.3459
773.50,8.3397
774.00,8.3423
774.50,8.3521
775.00,8.3654
775.50,8.3778
776.00,8.3861
776.50,8.3909
777.00,8.3956
777.50,8.4029
778.00,8.4119
778.50,8.4193
779.00,8.4230
779.50,8.4256
780.00,8.4334
780.50,8.4513
781.00,8.4779
781.50,8.5051
782.00,8.5222
782.50,8.5213
783.00,8.5018
783.50,8.4703
784.00,8.4381
784.50,8.4162
785.00,8.4103
785.50,8.4179
786.00,8.4307
786.50,8.4399
787.00,8.4409
787.50,8.4328
788.00,8.4153
788.50,8.3869
789.00,8.3468
789.50,8.2996
790.00,8.2560
790.50,8.2272
791.00,8.2189
791.50,8.2267
792.00,8.2412
792.50,8.2544
793.00,8.2643
793.50,8.2731
794.00,8.2830
794.50,8.2941
795.00,8.3056
795.50,8.3179
796.00,8.3338
796.50,8.3555
797.00,8.3807
797.50,8.4016
798.00,8.4103
798.50,8.4044
799.00,8.3892
799.50,8.3727
800.00,8.3603
800.50,8.3537
801.00,8.3537
801.50,8.3618
802.00,8.3794
802.50,8.4046
803.00,8.4301
803.50,8.4467
804.00,8.4492
804.50,8.4406
805.00,8.4292
805.50,8.4226
806.00,8.4223
806.50,8.4244
807.00,8.4232
807.50,8.4143
808.00,8.3964
808.50,8.3726
809.00,8.3489
809.50,8.3306
810.00,8.3202
810.50,8.3177
811.00,8.3215
811.50,8.3287
812.00,8.3349
812.50,8.3366
813.00,8.3332
813.50,8.3275
814.00,8.3222
814.50,8.3179
815.00,8.3138
815.50,8.3108
816.00,8.3121
816.50,8.3220
817.00,8.3416
817.50,8.3665
818.00,8.3891
818.50,8.4023
819.00,8.4030
819.50,8.3925
820.00,8.3757
820.50,8.3596
821.00,8.3500
821.50,8.3503
822.00,8.3607
822.50,8.3797
823.00,8.4055
823.50,8.4358
824.00,8.4688
824.50,8.5032
825.00,8.5388
825.50,8.5740
826.00,8.6049
826.50,8.6257
827.00,8.6318
827.50,8.6234
828.00,8.6071
828.50,8.5936
829.00,8.5916
829.50,8.6032
830.00,8.6234
830.50,8.6431
831.00,8.6547
831.50,8.6554
832.00,8.6492
832.50,8.6453
833.00,8.6524
833.50,8.6724
834.00,8.6988
834.50,8.7218
835.00,8.7352
835.50,8.7394
836.00,8.7393
836.50,8.7401
837.00,8.7439
837.50,8.7494
838.00,8.7530
838.50,8.7522
839.00,8.7482
839.50,8.7453
840.00,8.7473
840.50,8.7546
841.00,8.7647
841.50,8.7732
842.00,8.7758
842.50,8.7700
843.00,8.7566
843.50,8.7396
844.00,8.7237
844.50,8.7108
845.00,8.6991
845.50,8.6866
846.00,8.6742
846.50,8.6654
847.00,8.6625
847.50,8.6648
848.00,8.6697
848.50,8.6763
849.00,8.6861
849.50,8.7007
850.00,8.7193
850.50,8.7388
851.00,8.7557
851.50,8.7657
852.00,8.7635
852.50,8.7448
853.00,8.7124
853.50,8.6776
854.00,8.6525
854.50,8.6404
855.00,8.6345
855.50,8.6256
856.00,8.6121
856.50,8.5993
857.00,8.5913
857.50,8.5847
858.00,8.5710
858.50,8.5449
859.00,8.5094
859.50,8.4741
860.00,8.4476
860.50,8.4308
861.00,8.4184
861.50,8.4049
862.00,8.3890
862.50,8.3733
863.00,8.3615
863.50,8.3569
864.00,8.3615
864.50,8.3737
865.00,8.3882
865.50,8.3991
866.00,8.4039
866.50,8.4040
867.00,8.4010
867.50,8.3955
868.00,8.3882
868.50,8.3809
869.00,8.3740
869.50,8.3661
870.00,8.3561
870.50,8.3463
871.00,8.3418
871.50,8.3464
872.00,8.3605
872.50,8.3813
873.00,8.4054
873.50,8.4292
874.00,8.4499
874.50,8.4654
875.00,8.4765
875.50,8.4866
876.00,8.5001
876.50,8.5188
877.00,8.5401
877.50,8.5585
878.00,8.5691
878.50,8.5721
879.00,8.5734
879.50,8.5803
880.00,8.5972
880.50,8.6218
881.00,8.6457
881.50,8.6594
882.00,8.6573
882.50,8.6421
883.00,8.6231
883.50,8.6093
884.00,8.6036
884.50,8.6026
885.00,8.6007
885.50,8.5956
886.00,8.5887
886.50,8.5827
887.00,8.5778
887.50,8.5718
888.00,8.5624
888.50,8.5492
889.00,8.5348
889.50,8.5246
890.00,8.5250
890.50,8.5391
891.00,8.5643
891.50,8.5919
892.00,8.6106
892.50,8.6129
893.00,8.5984
893.50,8.5750
894.00,8.5548
894.50,8.5471
895.00,8.5541
895.50,8.5711
896.00,8.5912
896.50,8.6092
897.00,8.6226
897.50,8.6293
898.00,8.6282
898.50,8.6191
899.00,8.6042
899.50,8.5870
900.00,8.5705
900.50,8.5564
901.00,8.5460
901.50,8.5419
902.00,8.5480
902.50,8.5674
903.00,8.5975
903.50,8.6295
904.00,8.6530
904.50,8.6620
905.00,8.6585
905.50,8.6487
906.00,8.6379
906.50,8.6281
907.00,8.6202
907.50,8.6159
908.00,8.6161
908.50,8.6183
909.00,8.6166
909.50,8.6072
910.00,8.5923
910.50,8.5810
911.00,8.5826
911.50,8.6003
912.00,8.6286
912.50,8.6572
913.00,8.6783
913.50,8.6905
914.00,8.6978
914.50,8.7050
915.00,8.7137
915.50,8.7221
916.00,8.7261
916.50,8.7208
917.00,8.7039
917.50,8.6790
918.00,8.6552
918.50,8.6417
919.00,8.6404
919.50,8.6449
920.00,8.6461
920.50,8.6380
921.00,8.6203
921.50,8.5994
922.00,8.5848
922.50,8.5809
923.00,8.5826
923.50,8.5783
924.00,8.5624
924.50,8.5415
925.00,8.5280
925.50,8.5290
926.00,8.5417
926.50,8.5572
927.00,8.5674
927.50,8.5664
928.00,8.5526
928.50,8.5298
929.00,8.5081
929.50,8.4998
930.00,8.5117
930.50,8.5408
931.00,8.5764
931.50,8.6069
932.00,8.6276
932.50,8.6419
933.00,8.6565
933.50,8.6746
934.00,8.6929
934.50,8.7048
935.00,8.7060
935.50,8.6971
936.00,8.6829
936.50,8.6685
937.00,8.6556
937.50,8.6433
938.00,8.6307
938.50,8.6194
939.00,8.6127
939.50,8.6131
940.00,8.6218
940.50,8.6375
941.00,8.6562
941.50,8.6701
942.00,8.6716
942.50,8.6583
943.00,8.6370
943.50,8.6203
944.00,8.6188
944.50,8.6338
945.00,8.6562
945.50,8.6733
946.00,8.6778
946.50,8.6708
947.00,8.6590
947.50,8.6493
948.00,8.6452
948.50,8.6460
949.00,8.6469
949.50,8.6429
950.00,8.6324
950.50,8.6183
951.00,8.6061
951.50,8.5999
952.00,8.5997
952.50,8.6009
953.00,8.5973
953.50,8.5849
954.00,8.5650
954.50,8.5436
955.00,8.5285
955.50,8.5243
956.00,8.5314
956.50,8.5458
957.00,8.5627
957.50,8.5782
958.00,8.5901
958.50,8.5988
959.00,8.6058
959.50,8.6121
960.00,8.6170
960.50,8.6192
961.00,8.6200
961.50,8.6237
962.00,8.6350
962.50,8.6554
963.00,8.6810
963.50,8.7048
964.00,8.7223
964.50,8.7345
965.00,8.7462
965.50,8.7589
966.00,8.7673
966.50,8.7643
967.00,8.7508
967.50,8.7395
968.00,8.7461
968.50,8.7767
969.00,8.8211
969.50,8.8616
970.00,8.8863
970.50,8.8964
971.00,8.9010
971.50,8.9061
972.00,8.9093
972.50,8.9031
973.00,8.8840
973.50,8.8559
974.00,8.8276
974.50,8.8060
975.00,8.7933
975.50,8.7888
976.00,8.7916
976.50,8.8006
977.00,8.8130
977.50,8.8242
978.00,8.8297
978.50,8.8281
979.00,8.8220
979.50,8.8167
980.00,8.8145
980.50,8.8125
981.00,8.8053
981.50,8.7915
982.00,8.7763
982.50,8.7679
983.00,8.7712
983.50,8.7838
984.00,8.7970
984.50,8.8008
985.00,8.7902
985.50,8.7668
986.00,8.7359
986.50,8.7024
987.00,8.6691
987.50,8.6395
988.00,8.6191
988.50,8.6141
989.00,8.6259
989.50,8.6492
990.00,8.6740
990.50,8.6934
991.00,8.7080
991.50,8.7245
992.00,8.7489
992.50,8.7807
993.00,8.8132
993.50,8.8402
994.00,8.8598
994.50,8.8735
995.00,8.8813
995.50,8.8793
996.00,8.8621
996.50,8.8275
997.00,8.7812
997.50,8.7357
998.00,8.7054
998.50,8.6988
999.00,8.7159
999.50,8.7490
1000.00,8.7868
1000.50,8.8191
1001.00,8.8407
1001.50,8.8525
1002.00,8.8600
1002.50,8.8689
1003.00,8.8796
1003.50,8.8865
1004.00,8.8826
1004.50,8.8676
1005.00,8.8502
1005.50,8.8412
1006.00,8.8432
1006.50,8.8491
1007.00,8.8492
1007.50,8.8404
1008.00,8.8280
1008.50,8.8192
1009.00,8.8167
1009.50,8.8166
1010.00,8.8130
1010.50,8.8028
1011.00,8.7893
1011.50,8.7797
1012.00,8.7788
1012.50,8.7837
1013.00,8.7839
1013.50,8.7680
1014.00,8.7334
1014.50,8.6910
1015.00,8.6609
1015.50,8.6605
1016.00,8.6926
1016.50,8.7431
1017.00,8.7908
1017.50,8.8200
1018.00,8.8283
1018.50,8.8236
1019.00,8.8165
1019.50,8.8128
1020.00,8.8118
1020.50,8.8106
1021.00,8.8090
1021.50,8.8117
1022.00,8.8228
1022.50,8.8410
1023.00,8.8587
1023.50,8.8661
1024.00,8.8588
1024.50,8.8395
1025.00,8.8153
1025.50,8.7936
1026.00,8.7800
1026.50,8.7782
1027.00,8.7886
1027.50,8.8066
1028.00,8.8242
1028.50,8.8331
1029.00,8.8297
1029.50,8.8176
1030.00,8.8063
1030.50,8.8054
1031.00,8.8156
1031.50,8.8273
1032.00,8.8276
1032.50,8.8118
1033.00,8.7866
1033.50,8.7647
1034.00,8.7548
1034.50,8.7570
1035.00,8.7642
1035.50,8.7679
1036.00,8.7629
1036.50,8.7483
1037.00,8.7262
1037.50,8.7005
1038.00,8.6765
1038.50,8.6593
1039.00,8.6523
1039.50,8.6556
1040.00,8.6657
1040.50,8.6774
1041.00,8.6855
1041.50,8.6868
1042.00,8.6817
1042.50,8.6748
1043.00,8.6731
1043.50,8.6817
1044.00,8.6999
1044.50,8.7212
1045.00,8.7375
1045.50,8.7435
1046.00,8.7404
1046.50,8.7325
1047.00,8.7240
1047.50,8.7168
1048.00,8.7099
1048.50,8.7001
1049.00,8.6834
1049.50,8.6588
1050.00,8.6307
1050.50,8.6071
1051.00,8.5949
1051.50,8.5960
1052.00,8.6068
1052.50,8.6211
1053.00,8.6341
1053.50,8.6443
1054.00,8.6525
1054.50,8.6572
1055.00,8.6534
1055.50,8.6377
1056.00,8.6139
1056.50,8.5909
1057.00,8.5754
1057.50,8.5681
1058.00,8.5670
1058.50,8.5719
1059.00,8.5833
1059.50,8.6000
1060.00,8.6194
1060.50,8.6408
1061.00,8.6654
1061.50,8.6926
1062.00,8.7173
1062.50,8.7327
1063.00,8.7358
1063.50,8.7293
1064.00,8.7203
1064.50,8.7168
1065.00,8.7231
1065.50,8.7379
1066.00,8.7552
1066.50,8.7681
1067.00,8.7741
1067.50,8.7768
1068.00,8.7844
1068.50,8.8041
1069.00,8.8369
1069.50,8.8754
1070.00,8.9069
1070.50,8.9208
1071.00,8.9144
1071.50,8.8931
1072.00,8.8667
1072.50,8.8442
1073.00,8.8324
1073.50,8.8369
1074.00,8.8643
1074.50,8.9238
1075.00,9.0251
1075.50,9.1741
1076.00,9.3678
1076.50,9.5921
1077.00,9.8268
1077.50,10.0522
1078.00,10.2529
1078.50,10.4192
1079.00,10.5476
1079.50,10.6405
1080.00,10.7057
1080.50,10.7518
1081.00,10.7865
1081.50,10.8148
1082.00,10.8388
1082.50,10.8560
1083.00,10.8604
1083.50,10.8462
1084.00,10.8122
1084.50,10.7647
1085.00,10.7157
1085.50,10.6780
1086.00,10.6567
1086.50,10.6475
1087.00,10.6400
1087.50,10.6265
1088.00,10.6077
1088.50,10.5899
1089.00,10.5775
1089.50,10.5659
1090.00,10.5433
1090.50,10.5007
1091.00,10.4405
1091.50,10.3771
1092.00,10.3290
1092.50,10.3112
1093.00,10.3288
1093.50,10.3738
1094.00,10.4283
1094.50,10.4739
1095.00,10.5023
1095.50,10.5174
1096.00,10.5262
1096.50,10.5294
1097.00,10.5207
1097.50,10.4947
1098.00,10.4546
1098.50,10.4115
1099.00,10.3783
1099.50,10.3641
1100.00,10.3712
1100.50,10.3933
1101.00,10.4183
1101.50,10.4352
1102.00,10.4416
1102.50,10.4442
1103.00,10.4497
1103.50,10.4563
1104.00,10.4548
1104.50,10.4394
1105.00,10.4160
1105.50,10.3979
1106.00,10.3952
1106.50,10.4069
1107.00,10.4252
1107.50,10.4437
1108.00,10.4614
1108.50,10.4799
1109.00,10.4995
1109.50,10.5178
1110.00,10.5308
1110.50,10.5356
1111.00,10.5325
1111.50,10.5254
1112.00,10.5189
1112.50,10.5154
1113.00,10.5134
1113.50,10.5083
1114.00,10.4954
1114.50,10.4723
1115.00,10.4423
1115.50,10.4133
1116.00,10.3928
1116.50,10.3819
1117.00,10.3758
1117.50,10.3688
1118.00,10.3585
1118.50,10.3451
1119.00,10.3285
1119.50,10.3085
1120.00,10.2878
1120.50,10.2718
1121.00,10.2629
1121.50,10.2566
1122.00,10.2440
1122.50,10.2213
1123.00,10.1940
1123.50,10.1728
1124.00,10.1643
1124.50,10.1676
1125.00,10.1789
1125.50,10.1946
1126.00,10.2098
1126.50,10.2155
1127.00,10.2021
1127.50,10.1669
1128.00,10.1181
1128.50,10.0686
1129.00,10.0284
1129.50,10.0004
1130.00,9.9832
1130.50,9.9759
1131.00,9.9766
1131.50,9.9797
1132.00,9.9757
1132.50,9.9567
1133.00,9.9243
1133.50,9.8898
1134.00,9.8667
1134.50,9.8630
1135.00,9.8793
1135.50,9.9118
1136.00,9.9539
1136.50,9.9941
1137.00,10.0178
1137.50,10.0147
1138.00,9.9881
1138.50,9.9564
1139.00,9.9412
1139.50,9.9531
1140.00,9.9845
1140.50,10.0168
1141.00,10.0316
1141.50,10.0193
1142.00,9.9803
1142.50,9.9221
1143.00,9.8557
1143.50,9.7922
1144.00,9.7383
1144.50,9.6951
1145.00,9.6605
1145.50,9.6326
1146.00,9.6110
1146.50,9.5949
1147.00,9.5852
1147.50,9.5845
1148.00,9.5950
1148.50,9.6118
1149.00,9.6232
1149.50,9.6193
1150.00,9.6012
1150.50,9.5800
1151.00,9.5662
1151.50,9.5620
1152.00,9.5621
1152.50,9.5604
1153.00,9.5549
1153.50,9.5469
1154.00,9.5381
1154.50,9.5287
1155.00,9.5177
1155.50,9.5017
1156.00,9.4758
1156.50,9.4369
1157.00,9.3869
1157.50,9.3328
1158.00,9.2828
1158.50,9.2445
1159.00,9.2239
1159.50,9.2245
1160.00,9.2433
1160.50,9.2687
1161.00,9.2847
1161.50,9.2807
1162.00,9.2581
1162.50,9.2284
1163.00,9.2031
1163.50,9.1849
1164.00,9.1671
1164.50,9.1424
1165.00,9.1113
1165.50,9.0816
1166.00,9.0625
1166.50,9.0587
1167.00,9.0696
1167.50,9.0912
1168.00,9.1174
1168.50,9.1432
1169.00,9.1655
1169.50,9.1839
1170.00,9.1996
1170.50,9.2142
1171.00,9.2274
1171.50,9.2365
1172.00,9.2394
1172.50,9.2374
1173.00,9.2363
1173.50,9.2420
1174.00,9.2566
1174.50,9.2774
1175.00,9.2994
1175.50,9.3171
1176.00,9.3262
1176.50,9.3255
1177.00,9.3191
1177.50,9.3139
1178.00,9.3155
1178.50,9.3238
1179.00,9.3343
1179.50,9.3439
1180.00,9.3548
1180.50,9.3721
1181.00,9.3995
1181.50,9.4372
1182.00,9.4829
1182.50,9.5329
1183.00,9.5817
1183.50,9.6220
1184.00,9.6484
1184.50,9.6609
1185.00,9.6639
1185.50,9.6615
1186.00,9.6530
1186.50,9.6357
1187.00,9.6091
1187.50,9.5775
1188.00,9.5462
1188.50,9.5172
1189.00,9.4876
1189.50,9.4530
1190.00,9.4116
1190.50,9.3668
1191.00,9.3258
1191.50,9.2964
1192.00,9.2827
1192.50,9.2821
1193.00,9.2867
1193.50,9.2856
1194.00,9.2684
1194.50,9.2286
1195.00,9.1658
1195.50,9.0876
1196.00,9.0085
1196.50,8.9417
1197.00,8.8920
1197.50,8.8534
1198.00,8.8159
1198.50,8.7746
1199.00,8.7307
1199.50,8.6877
1200.00,8.6481
1200.50,8.6124
1201.00,8.5807
1201.50,8.5514
1202.00,8.5221
1202.50,8.4917
1203.00,8.4641
1203.50,8.4460
1204.00,8.4410
1204.50,8.4450
1205.00,8.4498
1205.50,8.4501
1206.00,8.4456
1206.50,8.4377
1207.00,8.4259
1207.50,8.4081
1208.00,8.3842
1208.50,8.3568
1209.00,8.3301
1209.50,8.3071
1210.00,8.2892
1210.50,8.2760
1211.00,8.2668
1211.50,8.2597
1212.00,8.2506
1212.50,8.2330
1213.00,8.2019
1213.50,8.1578
1214.00,8.1062
1214.50,8.0544
1215.00,8.0067
1215.50,7.9654
1216.00,7.9330
1216.50,7.9126
1217.00,7.9059
1217.50,7.9118
1218.00,7.9258
1218.50,7.9408
1219.00,7.9493
1219.50,7.9488
1220.00,7.9450
1220.50,7.9499
1221.00,7.9737
1221.50,8.0160
1222.00,8.0636
1222.50,8.0972
1223.00,8.1026
1223.50,8.0801
1224.00,8.0451
1224.50,8.0174
1225.00,8.0071
1225.50,8.0089
1226.00,8.0110
1226.50,8.0092
1227.00,8.0108
1227.50,8.0257
1228.00,8.0546
1228.50,8.0853
1229.00,8.1016
1229.50,8.0960
1230.00,8.0766
1230.50,8.0608
1231.00,8.0614
1231.50,8.0770
1232.00,8.0960
1232.50,8.1070
1233.00,8.1067
1233.50,8.1001
1234.00,8.0946
1234.50,8.0949
1235.00,8.0998
1235.50,8.1048
1236.00,8.1087
1236.50,8.1164
1237.00,8.1357
1237.50,8.1684
1238.00,8.2046
1238.50,8.2285
1239.00,8.2296
1239.50,8.2104
1240.00,8.1817
1240.50,8.1514
1241.00,8.1189
1241.50,8.0797
1242.00,8.0349
1242.50,7.9940
1243.00,7.9708
1243.50,7.9726
1244.00,7.9966
1244.50,8.0310
1245.00,8.0618
1245.50,8.0779
1246.00,8.0759
1246.50,8.0599
1247.00,8.0371
1247.50,8.0115
1248.00,7.9829
1248.50,7.9514
1249.00,7.9232
1249.50,7.9116
1250.00,7.9275
1250.50,7.9707
1251.00,8.0278
1251.50,8.0810
1252.00,8.1190
1252.50,8.1408
1253.00,8.1504
1253.50,8.1505
1254.00,8.1428
1254.50,8.1312
1255.00,8.1230
1255.50,8.1234
1256.00,8.1303
1256.50,8.1353
1257.00,8.1297
1257.50,8.1104
1258.00,8.0809
1258.50,8.0476
1259.00,8.0156
1259.50,7.9892
1260.00,7.9717
1260.50,7.9660
1261.00,7.9720
1261.50,7.9856
1262.00,8.0003
1262.50,8.0115
1263.00,8.0195
1263.50,8.0291
1264.00,8.0440
1264.50,8.0619
1265.00,8.0730
1265.50,8.0668
1266.00,8.0398
1266.50,7.9985
1267.00,7.9549
1267.50,7.9183
1268.00,7.8919
1268.50,7.8738
1269.00,7.8601
1269.50,7.8463
1270.00,7.8290
1270.50,7.8081
1271.00,7.7885
1271.50,7.7787
1272.00,7.7845
1272.50,7.8035
1273.00,7.8254
1273.50,7.8375
1274.00,7.8335
1274.50,7.8157
1275.00,7.7919
1275.50,7.7665
1276.00,7.7368
1276.50,7.6995
1277.00,7.6587
1277.50,7.6270
1278.00,7.6169
1278.50,7.6311
1279.00,7.6596
1279.50,7.6866
1280.00,7.6996
1280.50,7.6963
1281.00,7.6837
1281.50,7.6723
1282.00,7.6693
1282.50,7.6762
1283.00,7.6886
1283.50,7.6998
1284.00,7.7037
1284.50,7.7000
1285.00,7.6945
1285.50,7.6966
1286.00,7.7131
1286.50,7.7432
1287.00,7.7782
1287.50,7.8079
1288.00,7.8271
1288.50,7.8385
1289.00,7.8495
1289.50,7.8667
1290.00,7.8914
1290.50,7.9191
1291.00,7.9438
1291.50,7.9617
1292.00,7.9715
1292.50,7.9729
1293.00,7.9672
1293.50,7.9587
1294.00,7.9518
1294.50,7.9449
1295.00,7.9294
1295.50,7.9005
1296.00,7.8667
1296.50,7.8484
1297.00,7.8620
1297.50,7.9052
1298.00,7.9584
1298.50,8.0004
1299.00,8.0240
1299.50,8.0376
1300.00,8.0545
1300.50,8.0821
1301.00,8.1191
1301.50,8.1589
1302.00,8.1935
1302.50,8.2164
1303.00,8.2231
1303.50,8.2133
1304.00,8.1932
1304.50,8.1745
1305.00,8.1689
1305.50,8.1815
1306.00,8.2082
1306.50,8.2390
1307.00,8.2636
1307.50,8.2772
1308.00,8.2825
1308.50,8.2875
1309.00,8.2998
1309.50,8.3214
1310.00,8.3493
1310.50,8.3780
1311.00,8.4036
1311.50,8.4241
1312.00,8.4391
1312.50,8.4495
1313.00,8.4588
1313.50,8.4729
1314.00,8.4974
1314.50,8.5339
1315.00,8.5796
1315.50,8.6295
1316.00,8.6789
1316.50,8.7240
1317.00,8.7614
1317.50,8.7897
1318.00,8.8119
1318.50,8.8346
1319.00,8.8644
1319.50,8.9025
1320.00,8.9446
1320.50,8.9853
1321.00,9.0226
1321.50,9.0574
1322.00,9.0912
1322.50,9.1236
1323.00,9.1547
1323.50,9.1853
1324.00,9.2148
1324.50,9.2384
1325.00,9.2501
1325.50,9.2489
1326.00,9.2416
1326.50,9.2369
1327.00,9.2399
1327.50,9.2504
1328.00,9.2659
1328.50,9.2845
1329.00,9.3052
1329.50,9.3279
1330.00,9.3539
1330.50,9.3864
1331.00,9.4291
1331.50,9.4814
1332.00,9.5366
1332.50,9.5852
1333.00,9.6227
1333.50,9.6535
1334.00,9.6855
1334.50,9.7256
1335.00,9.7763
1335.50,9.8370
1336.00,9.9054
1336.50,9.9802
1337.00,10.0637
1337.50,10.1603
1338.00,10.2699
1338.50,10.3838
1339.00,10.4889
1339.50,10.5777
1340.00,10.6555
1340.50,10.7371
1341.00,10.8377
1341.50,10.9663
1342.00,11.1243
1342.50,11.3073
1343.00,11.5078
1343.50,11.7172
1344.00,11.9292
1344.50,12.1417
1345.00,12.3574
1345.50,12.5807
1346.00,12.8161
1346.50,13.0665
1347.00,13.3312
1347.50,13.6068
1348.00,13.8887
1348.50,14.1754
1349.00,14.4684
1349.50,14.7702
1350.00,15.0821
1350.50,15.4037
1351.00,15.7314
1351.50,16.0576
1352.00,16.3747
1352.50,16.6829
1353.00,16.9930
1353.50,17.3199
1354.00,17.6709
1354.50,18.0401
1355.00,18.4125
1355.50,18.7726
1356.00,19.1106
1356.50,19.4229
1357.00,19.7091
1357.50,19.9681
1358.00,20.1949
1358.50,20.3801
1359.00,20.5133
1359.50,20.5863
1360.00,20.5944
1360.50,20.5348
1361.00,20.4043
1361.50,20.1986
1362.00,19.9119
1362.50,19.5367
1363.00,19.0654
1363.50,18.4960
1364.00,17.8372
1364.50,17.1083
1365.00,16.3330
1365.50,15.5343
1366.00,14.7332
1366.50,13.9493
1367.00,13.1994
1367.50,12.4954
1368.00,11.8457
1368.50,11.2573
1369.00,10.7361
1369.50,10.2848
1370.00,9.9016
1370.50,9.5834
1371.00,9.3293
1371.50,9.1408
1372.00,9.0162
1372.50,8.9454
1373.00,8.9110
1373.50,8.8974
1374.00,8.8982
1374.50,8.9170
1375.00,8.9587
1375.50,9.0210
1376.00,9.0927
1376.50,9.1614
1377.00,9.2206
1377.50,9.2719
1378.00,9.3199
1378.50,9.3656
1379.00,9.4056
1379.50,9.4377
1380.00,9.4684
1380.50,9.5115
1381.00,9.5781
1381.50,9.6658
1382.00,9.7599
1382.50,9.8459
1383.00,9.9200
1383.50,9.9897
1384.00,10.0615
1384.50,10.1328
1385.00,10.1925
1385.50,10.2318
1386.00,10.2500
1386.50,10.2538
1387.00,10.2501
1387.50,10.2416
1388.00,10.2249
1388.50,10.1955
1389.00,10.1532
1389.50,10.1051
1390.00,10.0604
1390.50,10.0229
1391.00,9.9896
1391.50,9.9575
1392.00,9.9285
1392.50,9.9052
1393.00,9.8836
1393.50,9.8550
1394.00,9.8145
1394.50,9.7664
1395.00,9.7169
1395.50,9.6656
1396.00,9.6070
1396.50,9.5402
1397.00,9.4719
1397.50,9.4102
1398.00,9.3542
1398.50,9.2950
1399.00,9.2246
1399.50,9.1445
1400.00,9.0631
1400.50,8.9886
1401.00,8.9234
1401.50,8.8636
1402.00,8.8035
1402.50,8.7392
1403.00,8.6705
1403.50,8.6005
1404.00,8.5329
1404.50,8.4703
1405.00,8.4141
1405.50,8.3653
1406.00,8.3243
1406.50,8.2895
1407.00,8.2564
1407.50,8.2207
1408.00,8.1804
1408.50,8.1383
1409.00,8.0997
1409.50,8.0688
1410.00,8.0461
1410.50,8.0295
1411.00,8.0173
1411.50,8.0090
1412.00,8.0039
1412.50,7.9980
1413.00,7.9844
1413.50,7.9587
1414.00,7.9257
1414.50,7.8993
1415.00,7.8949
1415.50,7.9179
1416.00,7.9609
1416.50,8.0091
1417.00,8.0493
1417.50,8.0773
1418.00,8.0986
1418.50,8.1208
1419.00,8.1421
1419.50,8.1488
1420.00,8.1271
1420.50,8.0773
1421.00,8.0166
1421.50,7.9669
1422.00,7.9409
1422.50,7.9370
1423.00,7.9426
1423.50,7.9434
1424.00,7.9306
1424.50,7.9045
1425.00,7.8727
1425.50,7.8453
1426.00,7.8304
1426.50,7.8329
1427.00,7.8533
1427.50,7.8878
1428.00,7.9275
1428.50,7.9613
1429.00,7.9808
1429.50,7.9846
1430.00,7.9766
1430.50,7.9634
1431.00,7.9504
1431.50,7.9410
1432.00,7.9356
1432.50,7.9320
1433.00,7.9266
1433.50,7.9164
1434.00,7.9004
1434.50,7.8806
1435.00,7.8612
1435.50,7.8472
1436.00,7.8397
1436.50,7.8348
1437.00,7.8266
1437.50,7.8135
1438.00,7.8005
1438.50,7.7952
1439.00,7.8019
1439.50,7.8190
1440.00,7.8418
1440.50,7.8670
1441.00,7.8944
1441.50,7.9253
1442.00,7.9550
1442.50,7.9724
1443.00,7.9676
1443.50,7.9431
1444.00,7.9149
1444.50,7.9007
1445.00,7.9075
1445.50,7.9291
1446.00,7.9542
1446.50,7.9750
1447.00,7.9911
1447.50,8.0064
1448.00,8.0259
1448.50,8.0514
1449.00,8.0812
1449.50,8.1125
1450.00,8.1430
1450.50,8.1719
1451.00,8.1983
1451.50,8.2200
1452.00,8.2356
1452.50,8.2452
1453.00,8.2505
1453.50,8.2539
1454.00,8.2594
1454.50,8.2702
1455.00,8.2864
1455.50,8.3033
1456.00,8.3152
1456.50,8.3210
1457.00,8.3290
1457.50,8.3534
1458.00,8.4066
1458.50,8.4922
1459.00,8.6038
1459.50,8.7307
1460.00,8.8651
1460.50,9.0044
1461.00,9.1515
1461.50,9.3149
1462.00,9.5087
1462.50,9.7465
1463.00,10.0319
1463.50,10.3555
1464.00,10.7032
1464.50,11.0693
1465.00,11.4601
1465.50,11.8876
1466.00,12.3612
1466.50,12.8817
1467.00,13.4392
1467.50,14.0146
1468.00,14.5896
1468.50,15.1599
1469.00,15.7397
1469.50,16.3483
1470.00,16.9919
1470.50,17.6579
1471.00,18.3290
1471.50,18.9995
1472.00,19.6815
1472.50,20.3953
1473.00,21.1572
1473.50,21.9683
1474.00,22.8119
1474.50,23.6592
1475.00,24.4834
1475.50,25.2730
1476.00,26.0352
1476.50,26.7890
1477.00,27.5550
1477.50,28.3460
1478.00,29.1652
1478.50,30.0098
1479.00,30.8769
1479.50,31.7648
1480.00,32.6711
1480.50,33.5905
1481.00,34.5166
1481.50,35.4429
1482.00,36.3630
1482.50,37.2702
1483.00,38.1613
1483.50,39.0413
1484.00,39.9266
1484.50,40.8365
1485.00,41.7788
1485.50,42.7418
1486.00,43.7028
1486.50,44.6447
1487.00,45.5644
1487.50,46.4655
1488.00,47.3509
1488.50,48.2236
1489.00,49.0920
1489.50,49.9684
1490.00,50.8595
1490.50,51.7620
1491.00,52.6662
1491.50,53.5641
1492.00,54.4532
1492.50,55.3331
1493.00,56.1990
1493.50,57.0389
1494.00,57.8361
1494.50,58.5756
1495.00,59.2497
1495.50,59.8570
1496.00,60.3969
1496.50,60.8610
1497.00,61.2248
1497.50,61.4434
1498.00,61.4550
1498.50,61.1923
1499.00,60.5958
1499.50,59.6228
1500.00,58.2483
1500.50,56.4637
1501.00,54.2750
1501.50,51.7022
1502.00,48.7781
1502.50,45.5480
1503.00,42.0731
1503.50,38.4348
1504.00,34.7368
1504.50,31.0956
1505.00,27.6248
1505.50,24.4169
1506.00,21.5338
1506.50,19.0086
1507.00,16.8526
1507.50,15.0603
1508.00,13.6109
1508.50,12.4699
1509.00,11.5934
1509.50,10.9352
1510.00,10.4521
1510.50,10.1065
1511.00,9.8679
1511.50,9.7110
1512.00,9.6137
1512.50,9.5550
1513.00,9.5174
1513.50,9.4912
1514.00,9.4745
1514.50,9.4664
1515.00,9.4608
1515.50,9.4471
1516.00,9.4205
1516.50,9.3885
1517.00,9.3675
1517.50,9.3702
1518.00,9.3952
1518.50,9.4280
1519.00,9.4518
1519.50,9.4583
1520.00,9.4502
1520.50,9.4352
1521.00,9.4196
1521.50,9.4053
1522.00,9.3907
1522.50,9.3748
1523.00,9.3593
1523.50,9.3483
1524.00,9.3455
1524.50,9.3524
1525.00,9.3676
1525.50,9.3876
1526.00,9.4069
1526.50,9.4200
1527.00,9.4235
1527.50,9.4181
1528.00,9.4059
1528.50,9.3878
1529.00,9.3652
1529.50,9.3443
1530.00,9.3367
1530.50,9.3496
1531.00,9.3785
1531.50,9.4092
1532.00,9.4291
1532.50,9.4354
1533.00,9.4318
1533.50,9.4219
1534.00,9.4062
1534.50,9.3854
1535.00,9.3631
1535.50,9.3455
1536.00,9.3364
1536.50,9.3339
1537.00,9.3310
1537.50,9.3207
1538.00,9.3022
1538.50,9.2820
1539.00,9.2690
1539.50,9.2659
1540.00,9.2676
1540.50,9.2657
1541.00,9.2578
1541.50,9.2474
1542.00,9.2375
1542.50,9.2246
1543.00,9.1997
1543.50,9.1571
1544.00,9.1009
1544.50,9.0441
1545.00,9.0007
1545.50,8.9771
1546.00,8.9678
1546.50,8.9595
1547.00,8.9426
1547.50,8.9190
1548.00,8.9008
1548.50,8.8981
1549.00,8.9102
1549.50,8.9260
1550.00,8.9340
1550.50,8.9312
1551.00,8.9218
1551.50,8.9108
1552.00,8.8994
1552.50,8.8868
1553.00,8.8740
1553.50,8.8645
1554.00,8.8623
1554.50,8.8701
1555.00,8.8881
1555.50,8.9137
1556.00,8.9406
1556.50,8.9604
1557.00,8.9664
1557.50,8.9574
1558.00,8.9378
1558.50,8.9134
1559.00,8.8872
1559.50,8.8600
1560.00,8.8332
1560.50,8.8107
1561.00,8.7969
1561.50,8.7962
1562.00,8.8111
1562.50,8.8395
1563.00,8.8708
1563.50,8.8912
1564.00,8.8931
1564.50,8.8812
1565.00,8.8651
1565.50,8.8498
1566.00,8.8347
1566.50,8.8178
1567.00,8.7973
1567.50,8.7699
1568.00,8.7321
1568.50,8.6863
1569.00,8.6408
1569.50,8.6034
1570.00,8.5748
1570.50,8.5510
1571.00,8.5292
1571.50,8.5111
1572.00,8.4997
1572.50,8.4975
1573.00,8.5070
1573.50,8.5303
1574.00,8.5649
1574.50,8.5997
1575.00,8.6204
1575.50,8.6213
1576.00,8.6090
1576.50,8.5935
1577.00,8.5770
1577.50,8.5537
1578.00,8.5196
1578.50,8.4793
1579.00,8.4425
1579.50,8.4174
1580.00,8.4061
1580.50,8.4061
1581.00,8.4141
1581.50,8.4273
1582.00,8.4427
1582.50,8.4555
1583.00,8.4607
1583.50,8.4550
1584.00,8.4379
1584.50,8.4122
1585.00,8.3837
1585.50,8.3610
1586.00,8.3533
1586.50,8.3657
1587.00,8.3974
1587.50,8.4430
1588.00,8.4969
1588.50,8.5562
1589.00,8.6179
1589.50,8.6748
1590.00,8.7142
1590.50,8.7261
1591.00,8.7124
1591.50,8.6884
1592.00,8.6726
1592.50,8.6748
1593.00,8.6915
1593.50,8.7133
1594.00,8.7329
1594.50,8.7493
1595.00,8.7625
1595.50,8.7695
1596.00,8.7655
1596.50,8.7487
1597.00,8.7207
1597.50,8.6846
1598.00,8.6433
1598.50,8.6012
1599.00,8.5676
1599.50,8.5537
1600.00,8.5650
1600.50,8.5954
1601.00,8.6281
1601.50,8.6479
1602.00,8.6522
1602.50,8.6521
1603.00,8.6605
1603.50,8.6790
1604.00,8.6972
1604.50,8.7025
1605.00,8.6900
1605.50,8.6631
1606.00,8.6290
1606.50,8.5946
1607.00,8.5658
1607.50,8.5475
1608.00,8.5432
1608.50,8.5549
1609.00,8.5807
1609.50,8.6128
1610.00,8.6381
1610.50,8.6460
1611.00,8.6374
1611.50,8.6239
1612.00,8.6171
1612.50,8.6187
1613.00,8.6217
1613.50,8.6202
1614.00,8.6147
1614.50,8.6100
1615.00,8.6084
1615.50,8.6085
1616.00,8.6071
1616.50,8.6022
1617.00,8.5927
1617.50,8.5788
1618.00,8.5613
1618.50,8.5416
1619.00,8.5209
1619.50,8.5002
1620.00,8.4815
1620.50,8.4693
1621.00,8.4680
1621.50,8.4765
1622.00,8.4860
1622.50,8.4862
1623.00,8.4729
1623.50,8.4502
1624.00,8.4256
1624.50,8.4025
1625.00,8.3792
1625.50,8.3536
1626.00,8.3285
1626.50,8.3109
1627.00,8.3064
1627.50,8.3136
1628.00,8.3249
1628.50,8.3305
1629.00,8.3260
1629.50,8.3144
1630.00,8.3037
1630.50,8.2990
1631.00,8.2989
1631.50,8.2978
1632.00,8.2920
1632.50,8.2820
1633.00,8.2690
1633.50,8.2504
1634.00,8.2208
1634.50,8.1774
1635.00,8.1271
1635.50,8.0863
1636.00,8.0700
1636.50,8.0800
1637.00,8.1000
1637.50,8.1067
1638.00,8.0862
1638.50,8.0418
1639.00,7.9897
1639.50,7.9474
1640.00,7.9251
1640.50,7.9229
1641.00,7.9330
1641.50,7.9441
1642.00,7.9479
1642.50,7.9431
1643.00,7.9331
1643.50,7.9220
1644.00,7.9107
1644.50,7.8985
1645.00,7.8854
1645.50,7.8747
1646.00,7.8710
1646.50,7.8759
1647.00,7.8828
1647.50,7.8791
1648.00,7.8554
1648.50,7.8130
1649.00,7.7627
1649.50,7.7168
1650.00,7.6843
1650.50,7.6696
1651.00,7.6717
1651.50,7.6840
1652.00,7.6968
1652.50,7.7020
1653.00,7.6970
1653.50,7.6840
1654.00,7.6667
1654.50,7.6485
1655.00,7.6317
1655.50,7.6191
1656.00,7.6167
1656.50,7.6321
1657.00,7.6677
1657.50,7.7154
1658.00,7.7580
1658.50,7.7798
1659.00,7.7765
1659.50,7.7586
1660.00,7.7438
1660.50,7.7465
1661.00,7.7686
1661.50,7.7991
1662.00,7.8231
1662.50,7.8320
1663.00,7.8276
1663.50,7.8185
1664.00,7.8143
1664.50,7.8206
1665.00,7.8340
1665.50,7.8446
1666.00,7.8442
1666.50,7.8353
1667.00,7.8312
1667.50,7.8462
1668.00,7.8841
1668.50,7.9348
1669.00,7.9806
1669.50,8.0053
1670.00,8.0021
1670.50,7.9765
1671.00,7.9441
1671.50,7.9229
1672.00,7.9232
1672.50,7.9413
1673.00,7.9637
1673.50,7.9772
1674.00,7.9763
1674.50,7.9637
1675.00,7.9459
1675.50,7.9308
1676.00,7.9266
1676.50,7.9398
1677.00,7.9715
1677.50,8.0136
1678.00,8.0505
1678.50,8.0672
1679.00,8.0592
1679.50,8.0338
1680.00,8.0027
1680.50,7.9744
1681.00,7.9526
1681.50,7.9395
1682.00,7.9341
1682.50,7.9306
1683.00,7.9188
1683.50,7.8909
1684.00,7.8480
1684.50,7.8007
1685.00,7.7635
1685.50,7.7470
1686.00,7.7533
1686.50,7.7757
1687.00,7.8040
1687.50,7.8313
1688.00,7.8586
1688.50,7.8903
1689.00,7.9277
1689.50,7.9650
1690.00,7.9930
1690.50,8.0054
1691.00,8.0028
1691.50,7.9919
1692.00,7.9830
1692.50,7.9850
1693.00,7.9988
1693.50,8.0155
1694.00,8.0218
1694.50,8.0110
1695.00,7.9882
1695.50,7.9659
1696.00,7.9520
1696.50,7.9423
1697.00,7.9263
1697.50,7.9012
1698.00,7.8780
1698.50,7.8722
1699.00,7.8898
1699.50,7.9210
1700.00,7.9474
1700.50,7.9551
1701.00,7.9435
1701.50,7.9235
1702.00,7.9073
1702.50,7.9011
1703.00,7.9046
1703.50,7.9161
1704.00,7.9331
1704.50,7.9504
1705.00,7.9603
1705.50,7.9569
1706.00,7.9417
1706.50,7.9232
1707.00,7.9122
1707.50,7.9162
1708.00,7.9347
1708.50,7.9621
1709.00,7.9934
1709.50,8.0291
1710.00,8.0722
1710.50,8.1199
1711.00,8.1599
1711.50,8.1763
1712.00,8.1615
1712.50,8.1224
1713.00,8.0744
1713.50,8.0306
1714.00,7.9954
1714.50,7.9669
1715.00,7.9403
1715.50,7.9110
1716.00,7.8767
1716.50,7.8408
1717.00,7.8103
1717.50,7.7888
1718.00,7.7731
1718.50,7.7588
1719.00,7.7484
1719.50,7.7496
1720.00,7.7672
1720.50,7.7970
1721.00,7.8299
1721.50,7.8604
1722.00,7.8900
1722.50,7.9229
1723.00,7.9577
1723.50,7.9847
1724.00,7.9916
1724.50,7.9729
1725.00,7.9371
1725.50,7.9031
1726.00,7.8888
1726.50,7.8990
1727.00,7.9233
1727.50,7.9450
1728.00,7.9510
1728.50,7.9374
1729.00,7.9079
1729.50,7.8727
1730.00,7.8459
1730.50,7.8391
1731.00,7.8534
1731.50,7.8778
1732.00,7.8986
1732.50,7.9110
1733.00,7.9207
1733.50,7.9331
1734.00,7.9442
1734.50,7.9444
1735.00,7.9312
1735.50,7.9144
1736.00,7.9100
1736.50,7.9265
1737.00,7.9600
1737.50,8.0013
1738.00,8.0452
1738.50,8.0910
1739.00,8.1357
1739.50,8.1695
1740.00,8.1806
1740.50,8.1650
1741.00,8.1315
1741.50,8.0966
1742.00,8.0734
1742.50,8.0635
1743.00,8.0586
1743.50,8.0505
1744.00,8.0371
1744.50,8.0219
1745.00,8.0102
1745.50,8.0070
1746.00,8.0152
1746.50,8.0330
1747.00,8.0545
1747.50,8.0732
1748.00,8.0864
1748.50,8.0950
1749.00,8.1000
1749.50,8.1005
1750.00,8.0944
1750.50,8.0780
1751.00,8.0470
1751.50,7.9999
1752.00,7.9428
1752.50,7.8910
1753.00,7.8632
1753.50,7.8714
1754.00,7.9125
1754.50,7.9697
1755.00,8.0228
1755.50,8.0583
1756.00,8.0737
1756.50,8.0723
1757.00,8.0587
1757.50,8.0356
1758.00,8.0054
1758.50,7.9731
1759.00,7.9483
1759.50,7.9425
1760.00,7.9623
1760.50,8.0020
1761.00,8.0429
1761.50,8.0633
1762.00,8.0561
1762.50,8.0383
1763.00,8.0415
1763.50,8.0874
1764.00,8.1705
1764.50,8.2612
1765.00,8.3275
1765.50,8.3534
1766.00,8.3428
1766.50,8.3115
1767.00,8.2764
1767.50,8.2469
1768.00,8.2210
1768.50,8.1891
1769.00,8.1464
1769.50,8.1015
1770.00,8.0718
1770.50,8.0704
1771.00,8.0970
1771.50,8.1387
1772.00,8.1799
1772.50,8.2111
1773.00,8.2324
1773.50,8.2487
1774.00,8.2615
1774.50,8.2649
1775.00,8.2517
1775.50,8.2214
1776.00,8.1830
1776.50,8.1491
1777.00,8.1289
1777.50,8.1235
1778.00,8.1270
1778.50,8.1318
1779.00,8.1338
1779.50,8.1337
1780.00,8.1333
1780.50,8.1315
1781.00,8.1247
1781.50,8.1113
1782.00,8.0952
1782.50,8.0837
1783.00,8.0825
1783.50,8.0929
1784.00,8.1126
1784.50,8.1387
1785.00,8.1686
1785.50,8.1987
1786.00,8.2227
1786.50,8.2325
1787.00,8.2219
1787.50,8.1922
1788.00,8.1514
1788.50,8.1087
1789.00,8.0695
1789.50,8.0366
1790.00,8.0127
1790.50,7.9995
1791.00,7.9944
1791.50,7.9895
1792.00,7.9775
1792.50,7.9571
1793.00,7.9346
1793.50,7.9165
1794.00,7.9009
1794.50,7.8784
1795.00,7.8425
1795.50,7.7991
1796.00,7.7630
1796.50,7.7445
1797.00,7.7408
1797.50,7.7427
1798.00,7.7480
1798.50,7.7648
1799.00,7.8007
1799.50,7.8513
1800.00,7.9011
1800.50,7.9359
1801.00,7.9523
1801.50,7.9557
1802.00,7.9518
1802.50,7.9402
1803.00,7.9167
1803.50,7.8817
1804.00,7.8427
1804.50,7.8100
1805.00,7.7885
1805.50,7.7732
1806.00,7.7533
1806.50,7.7213
1807.00,7.6826
1807.50,7.6558
1808.00,7.6609
1808.50,7.7010
1809.00,7.7574
1809.50,7.8035
1810.00,7.8241
1810.50,7.8217
1811.00,7.8097
1811.50,7.8037
1812.00,7.8154
1812.50,7.8467
1813.00,7.8859
1813.50,7.9143
1814.00,7.9218
1814.50,7.9136
1815.00,7.9002
1815.50,7.8829
1816.00,7.8539
1816.50,7.8111
1817.00,7.7678
1817.50,7.7442
1818.00,7.7501
1818.50,7.7790
1819.00,7.8158
1819.50,7.8482
1820.00,7.8707
1820.50,7.8822
1821.00,7.8813
1821.50,7.8660
1822.00,7.8353
1822.50,7.7922
1823.00,7.7450
1823.50,7.7048
1824.00,7.6796
1824.50,7.6687
1825.00,7.6642
1825.50,7.6602
1826.00,7.6583
1826.50,7.6656
1827.00,7.6868
1827.50,7.7199
1828.00,7.7586
1828.50,7.7951
1829.00,7.8215
1829.50,7.8297
1830.00,7.8149
1830.50,7.7803
1831.00,7.7385
1831.50,7.7051
1832.00,7.6903
1832.50,7.6926
1833.00,7.7000
1833.50,7.6963
1834.00,7.6706
1834.50,7.6228
1835.00,7.5613
1835.50,7.4997
1836.00,7.4534
1836.50,7.4352
1837.00,7.4497
1837.50,7.4875
1838.00,7.5295
1838.50,7.5581
1839.00,7.5676
1839.50,7.5650
1840.00,7.5622
1840.50,7.5671
1841.00,7.5801
1841.50,7.5956
1842.00,7.6041
1842.50,7.5970
1843.00,7.5742
1843.50,7.5477
1844.00,7.5335
1844.50,7.5377
1845.00,7.5510
1845.50,7.5593
1846.00,7.5578
1846.50,7.5540
1847.00,7.5591
1847.50,7.5780
1848.00,7.6066
1848.50,7.6365
1849.00,7.6584
1849.50,7.6637
1850.00,7.6460
1850.50,7.6060
1851.00,7.5558
1851.50,7.5135
1852.00,7.4928
1852.50,7.4947
1853.00,7.5109
1853.50,7.5333
1854.00,7.5615
1854.50,7.5992
1855.00,7.6452
1855.50,7.6882
1856.00,7.7112
1856.50,7.7038
1857.00,7.6712
1857.50,7.6315
1858.00,7.6050
1858.50,7.6027
1859.00,7.6224
1859.50,7.6550
1860.00,7.6930
1860.50,7.7347
1861.00,7.7796
1861.50,7.8236
1862.00,7.8587
1862.50,7.8782
1863.00,7.8822
1863.50,7.8779
1864.00,7.8750
1864.50,7.8783
1865.00,7.8849
1865.50,7.8865
1866.00,7.8767
1866.50,7.8552
1867.00,7.8277
1867.50,7.8030
1868.00,7.7883
1868.50,7.7857
1869.00,7.7895
1869.50,7.7910
1870.00,7.7856
1870.50,7.7774
1871.00,7.7737
1871.50,7.7773
1872.00,7.7840
1872.50,7.7869
1873.00,7.7838
1873.50,7.7781
1874.00,7.7765
1874.50,7.7832
1875.00,7.7956
1875.50,7.8059
1876.00,7.8077
1876.50,7.8022
1877.00,7.7977
1877.50,7.8018
1878.00,7.8148
1878.50,7.8287
1879.00,7.8339
1879.50,7.8260
1880.00,7.8085
1880.50,7.7889
1881.00,7.7729
1881.50,7.7603
1882.00,7.7472
1882.50,7.7312
1883.00,7.7168
1883.50,7.7141
1884.00,7.7303
1884.50,7.7597
1885.00,7.7838
1885.50,7.7833
1886.00,7.7526
1886.50,7.7016
1887.00,7.6466
1887.50,7.6014
1888.00,7.5740
1888.50,7.5658
1889.00,7.5698
1889.50,7.5744
1890.00,7.5717
1890.50,7.5649
1891.00,7.5646
1891.50,7.5780
1892.00,7.6014
1892.50,7.6244
1893.00,7.6376
1893.50,7.6385
1894.00,7.6301
1894.50,7.6162
1895.00,7.5989
1895.50,7.5782
1896.00,7.5558
1896.50,7.5367
1897.00,7.5282
1897.50,7.5346
1898.00,7.5532
1898.50,7.5743
1899.00,7.5873
1899.50,7.5873
1900.00,7.5795
1900.50,7.5751
1901.00,7.5810
1901.50,7.5920
1902.00,7.5954
1902.50,7.5841
1903.00,7.5630
1903.50,7.5456
1904.00,7.5436
1904.50,7.5616
1905.00,7.5975
1905.50,7.6432
1906.00,7.6842
1906.50,7.7020
1907.00,7.6835
1907.50,7.6316
1908.00,7.5667
1908.50,7.5163
1909.00,7.5010
1909.50,7.5252
1910.00,7.5774
1910.50,7.6372
1911.00,7.6850
1911.50,7.7088
1912.00,7.7070
1912.50,7.6864
1913.00,7.6582
1913.50,7.6320
1914.00,7.6107
1914.50,7.5913
1915.00,7.5697
1915.50,7.5466
1916.00,7.5259
1916.50,7.5114
1917.00,7.5026
1917.50,7.4975
1918.00,7.4966
1918.50,7.5035
1919.00,7.5201
1919.50,7.5427
1920.00,7.5655
1920.50,7.5864
1921.00,7.6069
1921.50,7.6234
1922.00,7.6243
1922.50,7.5985
1923.00,7.5470
1923.50,7.4837
1924.00,7.4259
1924.50,7.3866
1925.00,7.3716
1925.50,7.3807
1926.00,7.4065
1926.50,7.4372
1927.00,7.4628
1927.50,7.4783
1928.00,7.4830
1928.50,7.4785
1929.00,7.4691
1929.50,7.4646
1930.00,7.4769
1930.50,7.5131
1931.00,7.5694
1931.50,7.6325
1932.00,7.6863
1932.50,7.7189
1933.00,7.7276
1933.50,7.7178
1934.00,7.6980
1934.50,7.6751
1935.00,7.6551
1935.50,7.6446
1936.00,7.6491
1936.50,7.6681
1937.00,7.6926
1937.50,7.7098
1938.00,7.7117
1938.50,7.7004
1939.00,7.6864
1939.50,7.6806
1940.00,7.6864
1940.50,7.6991
1941.00,7.7125
1941.50,7.7262
1942.00,7.7458
1942.50,7.7754
1943.00,7.8097
1943.50,7.8346
1944.00,7.8352
1944.50,7.8065
1945.00,7.7586
1945.50,7.7119
1946.00,7.6856
1946.50,7.6845
1947.00,7.6973
1947.50,7.7057
1948.00,7.7002
1948.50,7.6863
1949.00,7.6795
1949.50,7.6906
1950.00,7.7153
1950.50,7.7370
1951.00,7.7399
1951.50,7.7216
1952.00,7.6933
1952.50,7.6683
1953.00,7.6513
1953.50,7.6390
1954.00,7.6269
1954.50,7.6163
1955.00,7.6137
1955.50,7.6234
1956.00,7.6403
1956.50,7.6504
1957.00,7.6426
1957.50,7.6220
1958.00,7.6082
1958.50,7.6205
1959.00,7.6622
1959.50,7.7205
1960.00,7.7787
1960.50,7.8278
1961.00,7.8677
1961.50,7.8995
1962.00,7.9210
1962.50,7.9288
1963.00,7.9248
1963.50,7.9147
1964.00,7.9005
1964.50,7.8761
1965.00,7.8351
1965.50,7.7820
1966.00,7.7328
1966.50,7.7023
1967.00,7.6928
1967.50,7.6955
1968.00,7.7022
1968.50,7.7126
1969.00,7.7298
1969.50,7.7530
1970.00,7.7750
1970.50,7.7877
1971.00,7.7905
1971.50,7.7906
1972.00,7.7941
1972.50,7.7969
1973.00,7.7869
1973.50,7.7544
1974.00,7.7027
1974.50,7.6473
1975.00,7.6075
1975.50,7.5975
1976.00,7.6182
1976.50,7.6563
1977.00,7.6905
1977.50,7.7032
1978.00,7.6893
1978.50,7.6558
1979.00,7.6141
1979.50,7.5736
1980.00,7.5411
1980.50,7.5220
1981.00,7.5209
1981.50,7.5379
1982.00,7.5642
1982.50,7.5835
1983.00,7.5800
1983.50,7.5498
1984.00,7.5042
1984.50,7.4612
1985.00,7.4335
1985.50,7.4243
1986.00,7.4312
1986.50,7.4496
1987.00,7.4745
1987.50,7.5001
1988.00,7.5219
1988.50,7.5360
1989.00,7.5382
1989.50,7.5240
1990.00,7.4926
1990.50,7.4499
1991.00,7.4074
1991.50,7.3760
1992.00,7.3621
1992.50,7.3678
1993.00,7.3915
1993.50,7.4262
1994.00,7.4576
1994.50,7.4691
1995.00,7.4536
1995.50,7.4201
1996.00,7.3872
1996.50,7.3689
1997.00,7.3663
1997.50,7.3740
1998.00,7.3911
1998.50,7.4229
1999.00,7.4704
1999.50,7.5230
2000.00,7.5641
2000.50,7.5844
2001.00,7.5866
2001.50,7.5792
2002.00,7.5679
2002.50,7.5546
2003.00,7.5410
2003.50,7.5309
2004.00,7.5266
2004.50,7.5256
2005.00,7.5211
2005.50,7.5078
2006.00,7.4894
2006.50,7.4781
2007.00,7.4856
2007.50,7.5135
2008.00,7.5515
2008.50,7.5854
2009.00,7.6058
2009.50,7.6105
2010.00,7.6024
2010.50,7.5888
2011.00,7.5815
2011.50,7.5924
2012.00,7.6251
2012.50,7.6686
2013.00,7.7033
2013.50,7.7150
2014.00,7.7062
2014.50,7.6933
2015.00,7.6930
2015.50,7.7099
2016.00,7.7363
2016.50,7.7593
2017.00,7.7673
2017.50,7.7545
2018.00,7.7246
2018.50,7.6918
2019.00,7.6717
2019.50,7.6694
2020.00,7.6761
2020.50,7.6790
2021.00,7.6724
2021.50,7.6611
2022.00,7.6567
2022.50,7.6703
2023.00,7.7065
2023.50,7.7589
2024.00,7.8128
2024.50,7.8537
2025.00,7.8764
2025.50,7.8852
2026.00,7.8877
2026.50,7.8870
2027.00,7.8793
2027.50,7.8591
2028.00,7.8265
2028.50,7.7899
2029.00,7.7597
2029.50,7.7394
2030.00,7.7257
2030.50,7.7159
2031.00,7.7147
2031.50,7.7314
2032.00,7.7695
2032.50,7.8201
2033.00,7.8645
2033.50,7.8855
2034.00,7.8768
2034.50,7.8462
2035.00,7.8081
2035.50,7.7744
2036.00,7.7506
2036.50,7.7398
2037.00,7.7443
2037.50,7.7615
2038.00,7.7781
2038.50,7.7738
2039.00,7.7364
2039.50,7.6728
2040.00,7.6042
2040.50,7.5517
2041.00,7.5237
2041.50,7.5168
2042.00,7.5246
2042.50,7.5428
2043.00,7.5672
2043.50,7.5911
2044.00,7.6083
2044.50,7.6158
2045.00,7.6148
2045.50,7.6064
2046.00,7.5912
2046.50,7.5718
2047.00,7.5546
2047.50,7.5466
2048.00,7.5502
2048.50,7.5604
2049.00,7.5721
2049.50,7.5873
2050.00,7.6141
2050.50,7.6570
2051.00,7.7063
2051.50,7.7415
2052.00,7.7462
2052.50,7.7212
2053.00,7.6811
2053.50,7.6412
2054.00,7.6081
2054.50,7.5835
2055.00,7.5714
2055.50,7.5792
2056.00,7.6112
2056.50,7.6635
2057.00,7.7248
2057.50,7.7847
2058.00,7.8391
2058.50,7.8889
2059.00,7.9341
2059.50,7.9721
2060.00,8.0016
2060.50,8.0240
2061.00,8.0414
2061.50,8.0525
2062.00,8.0526
2062.50,8.0361
2063.00,8.0013
2063.50,7.9554
2064.00,7.9135
2064.50,7.8917
2065.00,7.8951
2065.50,7.9142
2066.00,7.9344
2066.50,7.9490
2067.00,7.9619
2067.50,7.9779
2068.00,7.9913
2068.50,7.9867
2069.00,7.9501
2069.50,7.8807
2070.00,7.7930
2070.50,7.7100
2071.00,7.6525
2071.50,7.6303
2072.00,7.6397
2072.50,7.6664
2073.00,7.6943
2073.50,7.7116
2074.00,7.7135
2074.50,7.7014
2075.00,7.6802
2075.50,7.6555
2076.00,7.6307
2076.50,7.6072
2077.00,7.5865
2077.50,7.5726
2078.00,7.5700
2078.50,7.5774
2079.00,7.5852
2079.50,7.5806
2080.00,7.5571
2080.50,7.5216
2081.00,7.4902
2081.50,7.4771
2082.00,7.4848
2082.50,7.5028
2083.00,7.5161
2083.50,7.5146
2084.00,7.4976
2084.50,7.4715
2085.00,7.4433
2085.50,7.4180
2086.00,7.3996
2086.50,7.3920
2087.00,7.3973
2087.50,7.4135
2088.00,7.4359
2088.50,7.4588
2089.00,7.4770
2089.50,7.4883
2090.00,7.4943
2090.50,7.4995
2091.00,7.5060
2091.50,7.5094
2092.00,7.5007
2092.50,7.4735
2093.00,7.4313
2093.50,7.3866
2094.00,7.3535
2094.50,7.3426
2095.00,7.3589
2095.50,7.4000
2096.00,7.4537
2096.50,7.4998
2097.00,7.5185
2097.50,7.5033
2098.00,7.4661
2098.50,7.4293
2099.00,7.4110
2099.50,7.4153
2100.00,7.4340
2100.50,7.4557
2101.00,7.4749
2101.50,7.4909
2102.00,7.5018
2102.50,7.5011
2103.00,7.4820
2103.50,7.4458
2104.00,7.4040
2104.50,7.3741
2105.00,7.3697
2105.50,7.3956
2106.00,7.4472
2106.50,7.5150
2107.00,7.5868
2107.50,7.6482
2108.00,7.6833
2108.50,7.6797
2109.00,7.6342
2109.50,7.5557
2110.00,7.4621
2110.50,7.3742
2111.00,7.3093
2111.50,7.2757
2112.00,7.2738
2112.50,7.2989
2113.00,7.3437
2113.50,7.3955
2114.00,7.4357
2114.50,7.4470
2115.00,7.4243
2115.50,7.3796
2116.00,7.3358
2116.50,7.3147
2117.00,7.3264
2117.50,7.3625
2118.00,7.3999
2118.50,7.4161
2119.00,7.4066
2119.50,7.3835
2120.00,7.3574
2120.50,7.3247
2121.00,7.2738
2121.50,7.2038
2122.00,7.1322
2122.50,7.0848
2123.00,7.0793
2123.50,7.1136
2124.00,7.1663
2124.50,7.2119
2125.00,7.2368
2125.50,7.2465
2126.00,7.2571
2126.50,7.2786
2127.00,7.3051
2127.50,7.3207
2128.00,7.3150
2128.50,7.2939
2129.00,7.2780
2129.50,7.2877
2130.00,7.3276
2130.50,7.3827
2131.00,7.4304
2131.50,7.4562
2132.00,7.4592
2132.50,7.4469
2133.00,7.4268
2133.50,7.4054
2134.00,7.3909
2134.50,7.3937
2135.00,7.4203
2135.50,7.4665
2136.00,7.5181
2136.50,7.5598
2137.00,7.5854
2137.50,7.5991
2138.00,7.6075
2138.50,7.6132
2139.00,7.6149
2139.50,7.6120
2140.00,7.6063
2140.50,7.5992
2141.00,7.5887
2141.50,7.5723
2142.00,7.5501
2142.50,7.5256
2143.00,7.5042
2143.50,7.4919
2144.00,7.4958
2144.50,7.5220
2145.00,7.5713
2145.50,7.6361
2146.00,7.7035
2146.50,7.7598
2147.00,7.7937
2147.50,7.7978
2148.00,7.7739
2148.50,7.7360
2149.00,7.7058
2149.50,7.6984
2150.00,7.7104
2150.50,7.7222
2151.00,7.7129
2151.50,7.6765
2152.00,7.6254
2152.50,7.5802
2153.00,7.5547
2153.50,7.5492
2154.00,7.5559
2154.50,7.5671
2155.00,7.5799
2155.50,7.5932
2156.00,7.6057
2156.50,7.6155
2157.00,7.6209
2157.50,7.6213
2158.00,7.6173
2158.50,7.6104
2159.00,7.6014
2159.50,7.5897
2160.00,7.5743
2160.50,7.5554
2161.00,7.5366
2161.50,7.5246
2162.00,7.5257
2162.50,7.5420
2163.00,7.5703
2163.50,7.6058
2164.00,7.6446
2164.50,7.6823
2165.00,7.7122
2165.50,7.7259
2166.00,7.7190
2166.50,7.6961
2167.00,7.6701
2167.50,7.6548
2168.00,7.6552
2168.50,7.6646
2169.00,7.6719
2169.50,7.6729
2170.00,7.6735
2170.50,7.6826
2171.00,7.7011
2171.50,7.7213
2172.00,7.7315
2172.50,7.7230
2173.00,7.6950
2173.50,7.6562
2174.00,7.6216
2174.50,7.6047
2175.00,7.6098
2175.50,7.6337
2176.00,7.6706
2176.50,7.7138
2177.00,7.7530
2177.50,7.7727
2178.00,7.7594
2178.50,7.7123
2179.00,7.6475
2179.50,7.5900
2180.00,7.5587
2180.50,7.5588
2181.00,7.5838
2181.50,7.6214
2182.00,7.6568
2182.50,7.6760
2183.00,7.6710
2183.50,7.6465
2184.00,7.6166
2184.50,7.5952
2185.00,7.5858
2185.50,7.5823
2186.00,7.5776
2186.50,7.5709
2187.00,7.5676
2187.50,7.5727
2188.00,7.5836
2188.50,7.5908
2189.00,7.5849
2189.50,7.5639
2190.00,7.5348
2190.50,7.5079
2191.00,7.4899
2191.50,7.4832
2192.00,7.4885
2192.50,7.5067
2193.00,7.5365
2193.50,7.5703
2194.00,7.5937
2194.50,7.5921
2195.00,7.5592
2195.50,7.5027
2196.00,7.4415
2196.50,7.3950
2197.00,7.3705
2197.50,7.3590
2198.00,7.3449
2198.50,7.3220
2199.00,7.3018
2199.50,7.3044
2200.00,7.3399
2200.50,7.4001
2201.00,7.4648
2201.50,7.5154
2202.00,7.5432
2202.50,7.5487
2203.00,7.5376
2203.50,7.5190
2204.00,7.5038
2204.50,7.5021
2205.00,7.5169
2205.50,7.5411
2206.00,7.5607
2206.50,7.5638
2207.00,7.5494
2207.50,7.5276
2208.00,7.5128
2208.50,7.5138
2209.00,7.5297
2209.50,7.5546
2210.00,7.5840
2210.50,7.6183
2211.00,7.6588
2211.50,7.7042
2212.00,7.7497
2212.50,7.7910
2213.00,7.8251
2213.50,7.8484
2214.00,7.8543
2214.50,7.8366
2215.00,7.7971
2215.50,7.7473
2216.00,7.7042
2216.50,7.6820
2217.00,7.6870
2217.50,7.7164
2218.00,7.7597
2218.50,7.8028
2219.00,7.8332
2219.50,7.8442
2220.00,7.8350
2220.50,7.8082
2221.00,7.7679
2221.50,7.7195
2222.00,7.6714
2222.50,7.6343
2223.00,7.6175
2223.50,7.6191
2224.00,7.6226
2224.50,7.6057
2225.00,7.5582
2225.50,7.4918
2226.00,7.4306
2226.50,7.3921
2227.00,7.3777
2227.50,7.3779
2228.00,7.3803
2228.50,7.3751
2229.00,7.3561
2229.50,7.3238
2230.00,7.2861
2230.50,7.2545
2231.00,7.2380
2231.50,7.2405
2232.00,7.2616
2232.50,7.2980
2233.00,7.3418
2233.50,7.3805
2234.00,7.4019
2234.50,7.4026
2235.00,7.3890
2235.50,7.3711
2236.00,7.3554
2236.50,7.3452
2237.00,7.3460
2237.50,7.3642
2238.00,7.3977
2238.50,7.4321
2239.00,7.4498
2239.50,7.4473
2240.00,7.4393
2240.50,7.4453
2241.00,7.4707
2241.50,7.5006
2242.00,7.5115
2242.50,7.4910
2243.00,7.4474
2243.50,7.4025
2244.00,7.3766
2244.50,7.3779
2245.00,7.4033
2245.50,7.4444
2246.00,7.4930
2246.50,7.5410
2247.00,7.5800
2247.50,7.6021
2248.00,7.6031
2248.50,7.5837
2249.00,7.5485
2249.50,7.5057
2250.00,7.4655
2250.50,7.4384
2251.00,7.4304
2251.50,7.4407
2252.00,7.4604
2252.50,7.4775
2253.00,7.4830
2253.50,7.4760
2254.00,7.4632
2254.50,7.4537
2255.00,7.4518
2255.50,7.4531
2256.00,7.4488
2256.50,7.4358
2257.00,7.4209
2257.50,7.4137
2258.00,7.4174
2258.50,7.4284
2259.00,7.4431
2259.50,7.4609
2260.00,7.4811
2260.50,7.4999
2261.00,7.5131
2261.50,7.5203
2262.00,7.5240
2262.50,7.5261
2263.00,7.5275
2263.50,7.5314
2264.00,7.5434
2264.50,7.5654
2265.00,7.5908
2265.50,7.6072
2266.00,7.6064
2266.50,7.5925
2267.00,7.5794
2267.50,7.5791
2268.00,7.5926
2268.50,7.6125
2269.00,7.6325
2269.50,7.6532
2270.00,7.6765
2270.50,7.6977
2271.00,7.7059
2271.50,7.6950
2272.00,7.6713
2272.50,7.6496
2273.00,7.6404
2273.50,7.6414
2274.00,7.6406
2274.50,7.6266
2275.00,7.5962
2275.50,7.5563
2276.00,7.5210
2276.50,7.5038
2277.00,7.5092
2277.50,7.5296
2278.00,7.5507
2278.50,7.5623
2279.00,7.5642
2279.50,7.5633
2280.00,7.5668
2280.50,7.5777
2281.00,7.5944
2281.50,7.6122
2282.00,7.6248
2282.50,7.6254
2283.00,7.6103
2283.50,7.5816
2284.00,7.5463
2284.50,7.5115
2285.00,7.4809
2285.50,7.4577
2286.00,7.4496
2286.50,7.4667
2287.00,7.5117
2287.50,7.5741
2288.00,7.6342
2288.50,7.6754
2289.00,7.6914
2289.50,7.6866
2290.00,7.6701
2290.50,7.6508
2291.00,7.6337
2291.50,7.6192
2292.00,7.6072
2292.50,7.6009
2293.00,7.6050
2293.50,7.6192
2294.00,7.6353
2294.50,7.6428
2295.00,7.6380
2295.50,7.6280
2296.00,7.6258
2296.50,7.6401
2297.00,7.6685
2297.50,7.6987
2298.00,7.7191
2298.50,7.7285
2299.00,7.7337
2299.50,7.7392
2300.00,7.7392
2300.50,7.7246
2301.00,7.6948
2301.50,7.6635
2302.00,7.6482
2302.50,7.6583
2303.00,7.6900
2303.50,7.7311
2304.00,7.7669
2304.50,7.7853
2305.00,7.7815
2305.50,7.7598
2306.00,7.7310
2306.50,7.7035
2307.00,7.6812
2307.50,7.6672
2308.00,7.6675
2308.50,7.6842
2309.00,7.7077
2309.50,7.7192
2310.00,7.7043
2310.50,7.6649
2311.00,7.6174
2311.50,7.5796
2312.00,7.5613
2312.50,7.5627
2313.00,7.5792
2313.50,7.6027
2314.00,7.6237
2314.50,7.6352
2315.00,7.6391
2315.50,7.6444
2316.00,7.6588
2316.50,7.6779
2317.00,7.6850
2317.50,7.6655
2318.00,7.6233
2318.50,7.5836
2319.00,7.5736
2319.50,7.5991
2320.00,7.6402
2320.50,7.6672
2321.00,7.6616
2321.50,7.6243
2322.00,7.5690
2322.50,7.5113
2323.00,7.4608
2323.50,7.4213
2324.00,7.3950
2324.50,7.3862
2325.00,7.3976
2325.50,7.4250
2326.00,7.4581
2326.50,7.4877
2327.00,7.5108
2327.50,7.5290
2328.00,7.5407
2328.50,7.5408
2329.00,7.5266
2329.50,7.5025
2330.00,7.4785
2330.50,7.4630
2331.00,7.4600
2331.50,7.4690
2332.00,7.4838
2332.50,7.4924
2333.00,7.4817
2333.50,7.4462
2334.00,7.3930
2334.50,7.3369
2335.00,7.2892
2335.50,7.2515
2336.00,7.2201
2336.50,7.1948
2337.00,7.1812
2337.50,7.1855
2338.00,7.2066
2338.50,7.2340
2339.00,7.2529
2339.50,7.2538
2340.00,7.2391
2340.50,7.2219
2341.00,7.2168
2341.50,7.2302
2342.00,7.2592
2342.50,7.2967
2343.00,7.3361
2343.50,7.3725
2344.00,7.4026
2344.50,7.4235
2345.00,7.4345
2345.50,7.4370
2346.00,7.4351
2346.50,7.4331
2347.00,7.4348
2347.50,7.4420
2348.00,7.4555
2348.50,7.4732
2349.00,7.4875
2349.50,7.4889
2350.00,7.4743
2350.50,7.4529
2351.00,7.4411
2351.50,7.4476
2352.00,7.4661
2352.50,7.4799
2353.00,7.4763
2353.50,7.4565
2354.00,7.4325
2354.50,7.4161
2355.00,7.4112
2355.50,7.4155
2356.00,7.4265
2356.50,7.4452
2357.00,7.4713
2357.50,7.4988
2358.00,7.5152
2358.50,7.5085
2359.00,7.4775
2359.50,7.4364
2360.00,7.4084
2360.50,7.4107
2361.00,7.4415
2361.50,7.4829
2362.00,7.5154
2362.50,7.5317
2363.00,7.5362
2363.50,7.5361
2364.00,7.5352
2364.50,7.5350
2365.00,7.5394
2365.50,7.5541
2366.00,7.5804
2366.50,7.6095
2367.00,7.6242
2367.50,7.6093
2368.00,7.5632
2368.50,7.5013
2369.00,7.4492
2369.50,7.4271
2370.00,7.4375
2370.50,7.4648
2371.00,7.4890
2371.50,7.4987
2372.00,7.4943
2372.50,7.4795
2373.00,7.4565
2373.50,7.4275
2374.00,7.3980
2374.50,7.3734
2375.00,7.3533
2375.50,7.3318
2376.00,7.3048
2376.50,7.2741
2377.00,7.2461
2377.50,7.2272
2378.00,7.2223
2378.50,7.2352
2379.00,7.2660
2379.50,7.3075
2380.00,7.3447
2380.50,7.3617
2381.00,7.3511
2381.50,7.3193
2382.00,7.2847
2382.50,7.2689
2383.00,7.2836
2383.50,7.3208
2384.00,7.3557
2384.50,7.3629
2385.00,7.3339
2385.50,7.2815
2386.00,7.2297
2386.50,7.1977
2387.00,7.1925
2387.50,7.2115
2388.00,7.2500
2388.50,7.3040
2389.00,7.3684
2389.50,7.4331
2390.00,7.4854
2390.50,7.5131
2391.00,7.5109
2391.50,7.4839
2392.00,7.4472
2392.50,7.4176
2393.00,7.4040
2393.50,7.4026
2394.00,7.4036
2394.50,7.4011
2395.00,7.3966
2395.50,7.3925
2396.00,7.3866
2396.50,7.3762
2397.00,7.3647
2397.50,7.3597
2398.00,7.3642
2398.50,7.3708
2399.00,7.3675
2399.50,7.3479
2400.00,7.3150
2400.50,7.2775
2401.00,7.2458
2401.50,7.2310
2402.00,7.2431
2402.50,7.2854
2403.00,7.3493
2403.50,7.4180
2404.00,7.4736
2404.50,7.5023
2405.00,7.4965
2405.50,7.4586
2406.00,7.4037
2406.50,7.3542
2407.00,7.3276
2407.50,7.3279
2408.00,7.3465
2408.50,7.3692
2409.00,7.3826
2409.50,7.3797
2410.00,7.3646
2410.50,7.3497
2411.00,7.3472
2411.50,7.3584
2412.00,7.3726
2412.50,7.3756
2413.00,7.3619
2413.50,7.3399
2414.00,7.3243
2414.50,7.3243
2415.00,7.3365
2415.50,7.3506
2416.00,7.3601
2416.50,7.3651
2417.00,7.3671
2417.50,7.3652
2418.00,7.3576
2418.50,7.3446
2419.00,7.3281
2419.50,7.3102
2420.00,7.2929
2420.50,7.2791
2421.00,7.2708
2421.50,7.2666
2422.00,7.2625
2422.50,7.2558
2423.00,7.2483
2423.50,7.2460
2424.00,7.2539
2424.50,7.2709
2425.00,7.2901
2425.50,7.3046
2426.00,7.3144
2426.50,7.3264
2427.00,7.3456
2427.50,7.3667
2428.00,7.3757
2428.50,7.3619
2429.00,7.3287
2429.50,7.2927
2430.00,7.2725
2430.50,7.2772
2431.00,7.3010
2431.50,7.3285
2432.00,7.3439
2432.50,7.3404
2433.00,7.3223
2433.50,7.3007
2434.00,7.2864
2434.50,7.2863
2435.00,7.3022
2435.50,7.3293
2436.00,7.3547
2436.50,7.3611
2437.00,7.3375
2437.50,7.2864
2438.00,7.2231
2438.50,7.1652
2439.00,7.1238
2439.50,7.0996
2440.00,7.0862
2440.50,7.0774
2441.00,7.0727
2441.50,7.0770
2442.00,7.0952
2442.50,7.1262
2443.00,7.1635
2443.50,7.1991
2444.00,7.2249
2444.50,7.2347
2445.00,7.2260
2445.50,7.2037
2446.00,7.1798
2446.50,7.1673
2447.00,7.1717
2447.50,7.1881
2448.00,7.2059
2448.50,7.2156
2449.00,7.2134
2449.50,7.2018
2450.00,7.1884
2450.50,7.1846
2451.00,7.2011
2451.50,7.2404
2452.00,7.2928
2452.50,7.3414
2453.00,7.3734
2453.50,7.3875
2454.00,7.3909
2454.50,7.3929
2455.00,7.4000
2455.50,7.4157
2456.00,7.4387
2456.50,7.4609
2457.00,7.4686
2457.50,7.4503
2458.00,7.4045
2458.50,7.3423
2459.00,7.2804
2459.50,7.2328
2460.00,7.2056
2460.50,7.1977
2461.00,7.2044
2461.50,7.2191
2462.00,7.2340
2462.50,7.2428
2463.00,7.2430
2463.50,7.2362
2464.00,7.2272
2464.50,7.2204
2465.00,7.2177
2465.50,7.2168
2466.00,7.2130
2466.50,7.2015
2467.00,7.1812
2467.50,7.1570
2468.00,7.1384
2468.50,7.1321
2469.00,7.1368
2469.50,7.1424
2470.00,7.1380
2470.50,7.1217
2471.00,7.1040
2471.50,7.1008
2472.00,7.1208
2472.50,7.1600
2473.00,7.2074
2473.50,7.2529
2474.00,7.2900
2474.50,7.3114
2475.00,7.3090
2475.50,7.2792
2476.00,7.2282
2476.50,7.1689
2477.00,7.1147
2477.50,7.0752
2478.00,7.0563
2478.50,7.0590
2479.00,7.0788
2479.50,7.1055
2480.00,7.1271
2480.50,7.1340
2481.00,7.1233
2481.50,7.0998
2482.00,7.0739
2482.50,7.0567
2483.00,7.0540
2483.50,7.0642
2484.00,7.0811
2484.50,7.1002
2485.00,7.1208
2485.50,7.1453
2486.00,7.1772
2486.50,7.2195
2487.00,7.2732
2487.50,7.3320
2488.00,7.3798
2488.50,7.3959
2489.00,7.3682
2489.50,7.3048
2490.00,7.2304
2490.50,7.1698
2491.00,7.1345
2491.50,7.1215
2492.00,7.1214
2492.50,7.1247
2493.00,7.1259
2493.50,7.1242
2494.00,7.1217
2494.50,7.1192
2495.00,7.1140
2495.50,7.1044
2496.00,7.0961
2496.50,7.1010
2497.00,7.1260
2497.50,7.1622
2498.00,7.1906
2498.50,7.1988
2499.00,7.1924
2499.50,7.1889
2500.00,7.2034
2500.50,7.2383
2501.00,7.2841
2501.50,7.3241
2502.00,7.3398
2502.50,7.3188
2503.00,7.2607
2503.50,7.1806
2504.00,7.1035
2504.50,7.0520
2505.00,7.0339
2505.50,7.0394
2506.00,7.0510
2506.50,7.0569
2507.00,7.0578
2507.50,7.0630
2508.00,7.0814
2508.50,7.1150
2509.00,7.1586
2509.50,7.2034
2510.00,7.2401
2510.50,7.2599
2511.00,7.2569
2511.50,7.2302
2512.00,7.1867
2512.50,7.1372
2513.00,7.0917
2513.50,7.0551
2514.00,7.0280
2514.50,7.0085
2515.00,6.9919
2515.50,6.9733
2516.00,6.9516
2516.50,6.9316
2517.00,6.9193
2517.50,6.9147
2518.00,6.9117
2518.50,6.9049
2519.00,6.8924
2519.50,6.8768
2520.00,6.8640
2520.50,6.8619
2521.00,6.8772
2521.50,6.9099
2522.00,6.9533
2522.50,6.9983
2523.00,7.0361
2523.50,7.0577
2524.00,7.0555
2524.50,7.0289
2525.00,6.9881
2525.50,6.9497
2526.00,6.9293
2526.50,6.9356
2527.00,6.9710
2527.50,7.0315
2528.00,7.1072
2528.50,7.1836
2529.00,7.2477
2529.50,7.2935
2530.00,7.3222
2530.50,7.3375
2531.00,7.3402
2531.50,7.3286
2532.00,7.3030
2532.50,7.2701
2533.00,7.2393
2533.50,7.2166
2534.00,7.2014
2534.50,7.1917
2535.00,7.1892
2535.50,7.1978
2536.00,7.2181
2536.50,7.2453
2537.00,7.2716
2537.50,7.2901
2538.00,7.2962
2538.50,7.2879
2539.00,7.2675
2539.50,7.2426
2540.00,7.2239
2540.50,7.2220
2541.00,7.2410
2541.50,7.2757
2542.00,7.3134
2542.50,7.3439
2543.00,7.3671
2543.50,7.3871
2544.00,7.4023
2544.50,7.4038
2545.00,7.3855
2545.50,7.3514
2546.00,7.3137
2546.50,7.2854
2547.00,7.2750
2547.50,7.2829
2548.00,7.3028
2548.50,7.3265
2549.00,7.3506
2549.50,7.3779
2550.00,7.4134
2550.50,7.4580
2551.00,7.5052
2551.50,7.5425
2552.00,7.5579
2552.50,7.5476
2553.00,7.5185
2553.50,7.4843
2554.00,7.4577
2554.50,7.4430
2555.00,7.4355
2555.50,7.4271
2556.00,7.4148
2556.50,7.4038
2557.00,7.4044
2557.50,7.4227
2558.00,7.4562
2558.50,7.4938
2559.00,7.5226
2559.50,7.5333
2560.00,7.5247
2560.50,7.5028
2561.00,7.4775
2561.50,7.4566
2562.00,7.4413
2562.50,7.4268
2563.00,7.4082
2563.50,7.3846
2564.00,7.3588
2564.50,7.3324
2565.00,7.3027
2565.50,7.2651
2566.00,7.2198
2566.50,7.1758
2567.00,7.1476
2567.50,7.1442
2568.00,7.1621
2568.50,7.1863
2569.00,7.2031
2569.50,7.2092
2570.00,7.2106
2570.50,7.2105
2571.00,7.2026
2571.50,7.1767
2572.00,7.1304
2572.50,7.0746
2573.00,7.0279
2573.50,7.0074
2574.00,7.0200
2574.50,7.0588
2575.00,7.1070
2575.50,7.1471
2576.00,7.1707
2576.50,7.1799
2577.00,7.1811
2577.50,7.1789
2578.00,7.1735
2578.50,7.1636
2579.00,7.1487
2579.50,7.1327
2580.00,7.1244
2580.50,7.1347
2581.00,7.1701
2581.50,7.2275
2582.00,7.2928
2582.50,7.3471
2583.00,7.3781
2583.50,7.3889
2584.00,7.3942
2584.50,7.4050
2585.00,7.4160
2585.50,7.4118
2586.00,7.3855
2586.50,7.3502
2587.00,7.3278
2587.50,7.3287
2588.00,7.3442
2588.50,7.3581
2589.00,7.3620
2589.50,7.3600
2590.00,7.3628
2590.50,7.3778
2591.00,7.4028
2591.50,7.4247
2592.00,7.4272
2592.50,7.4034
2593.00,7.3603
2593.50,7.3115
2594.00,7.2642
2594.50,7.2159
2595.00,7.1626
2595.50,7.1075
2596.00,7.0595
2596.50,7.0250
2597.00,7.0028
2597.50,6.9874
2598.00,6.9750
2598.50,6.9657
2599.00,6.9612
2599.50,6.9596
2600.00,6.9553
2600.50,6.9437
2601.00,6.9258
2601.50,6.9067
2602.00,6.8898
2602.50,6.8745
2603.00,6.8607
2603.50,6.8522
2604.00,6.8531
2604.50,6.8628
2605.00,6.8778
2605.50,6.8974
2606.00,6.9237
2606.50,6.9566
2607.00,6.9911
2607.50,7.0228
2608.00,7.0530
2608.50,7.0837
2609.00,7.1084
2609.50,7.1144
2610.00,7.0942
2610.50,7.0538
2611.00,7.0082
2611.50,6.9698
2612.00,6.9435
2612.50,6.9295
2613.00,6.9285
2613.50,6.9432
2614.00,6.9718
2614.50,7.0044
2615.00,7.0251
2615.50,7.0239
2616.00,7.0040
2616.50,6.9789
2617.00,6.9624
2617.50,6.9599
2618.00,6.9662
2618.50,6.9699
2619.00,6.9606
2619.50,6.9384
2620.00,6.9161
2620.50,6.9119
2621.00,6.9369
2621.50,6.9902
2622.00,7.0595
2622.50,7.1248
2623.00,7.1631
2623.50,7.1589
2624.00,7.1161
2624.50,7.0581
2625.00,7.0135
2625.50,7.0005
2626.00,7.0215
2626.50,7.0660
2627.00,7.1171
2627.50,7.1577
2628.00,7.1767
2628.50,7.1729
2629.00,7.1553
2629.50,7.1369
2630.00,7.1265
2630.50,7.1247
2631.00,7.1252
2631.50,7.1216
2632.00,7.1119
2632.50,7.0984
2633.00,7.0844
2633.50,7.0746
2634.00,7.0738
2634.50,7.0841
2635.00,7.0994
2635.50,7.1044
2636.00,7.0841
2636.50,7.0361
2637.00,6.9744
2637.50,6.9211
2638.00,6.8931
2638.50,6.8938
2639.00,6.9165
2639.50,6.9514
2640.00,6.9902
2640.50,7.0259
2641.00,7.0519
2641.50,7.0626
2642.00,7.0553
2642.50,7.0324
2643.00,7.0015
2643.50,6.9728
2644.00,6.9525
2644.50,6.9390
2645.00,6.9250
2645.50,6.9055
2646.00,6.8827
2646.50,6.8647
2647.00,6.8593
2647.50,6.8686
2648.00,6.8891
2648.50,6.9155
2649.00,6.9455
2649.50,6.9803
2650.00,7.0201
2650.50,7.0592
2651.00,7.0863
2651.50,7.0908
2652.00,7.0708
2652.50,7.0351
2653.00,6.9981
2653.50,6.9728
2654.00,6.9665
2654.50,6.9787
2655.00,7.0010
2655.50,7.0187
2656.00,7.0181
2656.50,6.9956
2657.00,6.9626
2657.50,6.9398
2658.00,6.9441
2658.50,6.9758
2659.00,7.0184
2659.50,7.0506
2660.00,7.0627
2660.50,7.0605
2661.00,7.0563
2661.50,7.0594
2662.00,7.0726
2662.50,7.0941
2663.00,7.1173
2663.50,7.1297
2664.00,7.1171
2664.50,7.0735
2665.00,7.0061
2665.50,6.9306
2666.00,6.8605
2666.50,6.8029
2667.00,6.7605
2667.50,6.7373
2668.00,6.7381
2668.50,6.7631
2669.00,6.8066
2669.50,6.8582
2670.00,6.9076
2670.50,6.9475
2671.00,6.9751
2671.50,6.9909
2672.00,6.9958
2672.50,6.9902
2673.00,6.9753
2673.50,6.9547
2674.00,6.9329
2674.50,6.9151
2675.00,6.9070
2675.50,6.9127
2676.00,6.9297
2676.50,6.9488
2677.00,6.9602
2677.50,6.9617
2678.00,6.9568
2678.50,6.9509
2679.00,6.9481
2679.50,6.9523
2680.00,6.9650
2680.50,6.9810
2681.00,6.9886
2681.50,6.9794
2682.00,6.9587
2682.50,6.9447
2683.00,6.9542
2683.50,6.9913
2684.00,7.0479
2684.50,7.1153
2685.00,7.1918
2685.50,7.2765
2686.00,7.3594
2686.50,7.4237
2687.00,7.4584
2687.50,7.4655
2688.00,7.4540
2688.50,7.4303
2689.00,7.3974
2689.50,7.3600
2690.00,7.3261
2690.50,7.3030
2691.00,7.2928
2691.50,7.2927
2692.00,7.2967
2692.50,7.3001
2693.00,7.3040
2693.50,7.3148
2694.00,7.3367
2694.50,7.3630
2695.00,7.3777
2695.50,7.3659
2696.00,7.3267
2696.50,7.2751
2697.00,7.2335
2697.50,7.2171
2698.00,7.2248
2698.50,7.2434
2699.00,7.2606
2699.50,7.2741
2700.00,7.2894
2700.50,7.3103
2701.00,7.3324
2701.50,7.3428
2702.00,7.3263
2702.50,7.2741
2703.00,7.1926
2703.50,7.1033
2704.00,7.0340
2704.50,7.0041
2705.00,7.0160
2705.50,7.0556
2706.00,7.1003
2706.50,7.1298
2707.00,7.1348
2707.50,7.1198
2708.00,7.0974
2708.50,7.0780
2709.00,7.0636
2709.50,7.0520
2710.00,7.0455
2710.50,7.0547
2711.00,7.0908
2711.50,7.1535
2712.00,7.2253
2712.50,7.2804
2713.00,7.3025
2713.50,7.2928
2714.00,7.2638
2714.50,7.2282
2715.00,7.1931
2715.50,7.1625
2716.00,7.1394
2716.50,7.1268
2717.00,7.1258
2717.50,7.1344
2718.00,7.1458
2718.50,7.1505
2719.00,7.1438
2719.50,7.1301
2720.00,7.1193
2720.50,7.1171
2721.00,7.1198
2721.50,7.1198
2722.00,7.1149
2722.50,7.1100
2723.00,7.1101
2723.50,7.1120
2724.00,7.1067
2724.50,7.0890
2725.00,7.0651
2725.50,7.0473
2726.00,7.0426
2726.50,7.0458
2727.00,7.0432
2727.50,7.0234
2728.00,6.9877
2728.50,6.9523
2729.00,6.9392
2729.50,6.9604
2730.00,7.0076
2730.50,7.0579
2731.00,7.0912
2731.50,7.1035
2732.00,7.1038
2732.50,7.0994
2733.00,7.0862
2733.50,7.0545
2734.00,7.0012
2734.50,6.9353
2735.00,6.8738
2735.50,6.8323
2736.00,6.8164
2736.50,6.8198
2737.00,6.8288
2737.50,6.8315
2738.00,6.8241
2738.50,6.8095
2739.00,6.7908
2739.50,6.7690
2740.00,6.7473
2740.50,6.7334
2741.00,6.7346
2741.50,6.7480
2742.00,6.7595
2742.50,6.7553
2743.00,6.7330
2743.50,6.7045
2744.00,6.6864
2744.50,6.6892
2745.00,6.7117
2745.50,6.7427
2746.00,6.7691
2746.50,6.7853
2747.00,6.7937
2747.50,6.7992
2748.00,6.8033
2748.50,6.8027
2749.00,6.7945
2749.50,6.7807
2750.00,6.7651
2750.50,6.7471
2751.00,6.7206
2751.50,6.6818
2752.00,6.6374
2752.50,6.6033
2753.00,6.5929
2753.50,6.6084
2754.00,6.6414
2754.50,6.6808
2755.00,6.7188
2755.50,6.7508
2756.00,6.7730
2756.50,6.7816
2757.00,6.7757
2757.50,6.7589
2758.00,6.7395
2758.50,6.7268
2759.00,6.7271
2759.50,6.7434
2760.00,6.7759
2760.50,6.8204
2761.00,6.8667
2761.50,6.9029
2762.00,6.9229
2762.50,6.9302
2763.00,6.9343
2763.50,6.9424
2764.00,6.9550
2764.50,6.9672
2765.00,6.9741
2765.50,6.9740
2766.00,6.9676
2766.50,6.9550
2767.00,6.9362
2767.50,6.9138
2768.00,6.8943
2768.50,6.8853
2769.00,6.8907
2769.50,6.9100
2770.00,6.9399
2770.50,6.9770
2771.00,7.0173
2771.50,7.0551
2772.00,7.0807
2772.50,7.0845
2773.00,7.0626
2773.50,7.0206
2774.00,6.9709
2774.50,6.9273
2775.00,6.9003
2775.50,6.8943
2776.00,6.9066
2776.50,6.9279
2777.00,6.9494
2777.50,6.9711
2778.00,7.0027
2778.50,7.0528
2779.00,7.1199
2779.50,7.1923
2780.00,7.2573
2780.50,7.3049
2781.00,7.3250
2781.50,7.3095
2782.00,7.2607
2782.50,7.1955
2783.00,7.1345
2783.50,7.0886
2784.00,7.0562
2784.50,7.0306
2785.00,7.0089
2785.50,6.9927
2786.00,6.9853
2786.50,6.9870
2787.00,6.9927
2787.50,6.9928
2788.00,6.9796
2788.50,6.9523
2789.00,6.9179
2789.50,6.8874
2790.00,6.8725
2790.50,6.8811
2791.00,6.9122
2791.50,6.9544
2792.00,6.9909
2792.50,7.0099
2793.00,7.0121
2793.50,7.0082
2794.00,7.0108
2794.50,7.0257
2795.00,7.0481
2795.50,7.0652
2796.00,7.0638
2796.50,7.0389
2797.00,6.9973
2797.50,6.9542
2798.00,6.9232
2798.50,6.9100
2799.00,6.9125
2799.50,6.9242
2800.00,6.9354
2800.50,6.9361
2801.00,6.9223
2801.50,6.9002
2802.00,6.8817
2802.50,6.8745
2803.00,6.8768
2803.50,6.8832
2804.00,6.8923
2804.50,6.9060
2805.00,6.9223
2805.50,6.9312
2806.00,6.9220
2806.50,6.8935
2807.00,6.8576
2807.50,6.8328
2808.00,6.8330
2808.50,6.8589
2809.00,6.8959
2809.50,6.9257
2810.00,6.9402
2810.50,6.9483
2811.00,6.9662
2811.50,7.0008
2812.00,7.0417
2812.50,7.0703
2813.00,7.0752
2813.50,7.0581
2814.00,7.0268
2814.50,6.9869
2815.00,6.9422
2815.50,6.9002
2816.00,6.8723
2816.50,6.8670
2817.00,6.8812
2817.50,6.9013
2818.00,6.9108
2818.50,6.9001
2819.00,6.8702
2819.50,6.8299
2820.00,6.7907
2820.50,6.7622
2821.00,6.7481
2821.50,6.7461
2822.00,6.7510
2822.50,6.7607
2823.00,6.7756
2823.50,6.7941
2824.00,6.8102
2824.50,6.8180
2825.00,6.8173
2825.50,6.8149
2826.00,6.8204
2826.50,6.8379
2827.00,6.8616
2827.50,6.8770
2828.00,6.8692
2828.50,6.8334
2829.00,6.7768
2829.50,6.7144
2830.00,6.6622
2830.50,6.6312
2831.00,6.6222
2831.50,6.6261
2832.00,6.6295
2832.50,6.6245
2833.00,6.6110
2833.50,6.5929
2834.00,6.5745
2834.50,6.5613
2835.00,6.5583
2835.50,6.5657
2836.00,6.5759
2836.50,6.5797
2837.00,6.5740
2837.50,6.5643
2838.00,6.5592
2838.50,6.5652
2839.00,6.5858
2839.50,6.6204
2840.00,6.6607
2840.50,6.6908
2841.00,6.6964
2841.50,6.6757
2842.00,6.6408
2842.50,6.6077
2843.00,6.5850
2843.50,6.5731
2844.00,6.5710
2844.50,6.5823
2845.00,6.6114
2845.50,6.6558
2846.00,6.7031
2846.50,6.7391
2847.00,6.7545
2847.50,6.7482
2848.00,6.7245
2848.50,6.6905
2849.00,6.6530
2849.50,6.6167
2850.00,6.5831
2850.50,6.5538
2851.00,6.5327
2851.50,6.5259
2852.00,6.5408
2852.50,6.5818
2853.00,6.6456
2853.50,6.7184
2854.00,6.7814
2854.50,6.8203
2855.00,6.8306
2855.50,6.8162
2856.00,6.7837
2856.50,6.7395
2857.00,6.6904
2857.50,6.6442
2858.00,6.6097
2858.50,6.5930
