0.00,0.0000
0.50,0.0407
1.00,0.1325
1.50,0.2733
2.00,0.4444
2.50,0.6205
3.00,0.7831
3.50,0.9246
4.00,1.0438
4.50,1.1378
5.00,1.2030
5.50,1.2417
6.00,1.2642
6.50,1.2813
7.00,1.2967
7.50,1.3069
8.00,1.3098
8.50,1.3099
9.00,1.3160
9.50,1.3366
10.00,1.3775
10.50,1.4395
11.00,1.5185
11.50,1.6049
12.00,1.6883
12.50,1.7638
13.00,1.8330
13.50,1.8991
14.00,1.9594
14.50,2.0054
15.00,2.0300
15.50,2.0344
16.00,2.0277
16.50,2.0204
17.00,2.0181
17.50,2.0224
18.00,2.0321
18.50,2.0460
19.00,2.0622
19.50,2.0771
20.00,2.0859
20.50,2.0863
21.00,2.0820
21.50,2.0819
22.00,2.0931
22.50,2.1128
23.00,2.1252
23.50,2.1102
24.00,2.0592
24.50,1.9853
25.00,1.9154
25.50,1.8715
26.00,1.8548
26.50,1.8481
27.00,1.8317
27.50,1.7979
28.00,1.7540
28.50,1.7130
29.00,1.6820
29.50,1.6578
30.00,1.6343
30.50,1.6119
31.00,1.5986
31.50,1.6031
32.00,1.6255
32.50,1.6578
33.00,1.6903
33.50,1.7162
34.00,1.7313
34.50,1.7334
35.00,1.7256
35.50,1.7171
36.00,1.7178
36.50,1.7300
37.00,1.7470
37.50,1.7591
38.00,1.7616
38.50,1.7547
39.00,1.7396
39.50,1.7143
40.00,1.6775
40.50,1.6338
41.00,1.5951
41.50,1.5751
42.00,1.5816
42.50,1.6131
43.00,1.6614
43.50,1.7176
44.00,1.7768
44.50,1.8367
45.00,1.8927
45.50,1.9366
46.00,1.9608
46.50,1.9657
47.00,1.9603
47.50,1.9550
48.00,1.9522
48.50,1.9454
49.00,1.9280
49.50,1.9036
50.00,1.8841
50.50,1.8764
51.00,1.8738
51.50,1.8627
52.00,1.8394
52.50,1.8175
53.00,1.8164
53.50,1.8438
54.00,1.8899
54.50,1.9382
55.00,1.9785
55.50,2.0090
56.00,2.0298
56.50,2.0389
57.00,2.0354
57.50,2.0231
58.00,2.0088
58.50,1.9964
59.00,1.9830
59.50,1.9596
60.00,1.9157
60.50,1.8466
61.00,1.7616
61.50,1.6862
62.00,1.6505
62.50,1.6708
63.00,1.7375
63.50,1.8232
64.00,1.9001
64.50,1.9547
65.00,1.9884
65.50,2.0102
66.00,2.0287
66.50,2.0494
67.00,2.0747
67.50,2.1020
68.00,2.1231
68.50,2.1269
69.00,2.1091
69.50,2.0774
70.00,2.0480
70.50,2.0365
71.00,2.0492
71.50,2.0804
72.00,2.1156
72.50,2.1378
73.00,2.1364
73.50,2.1128
74.00,2.0793
74.50,2.0500
75.00,2.0340
75.50,2.0338
76.00,2.0507
76.50,2.0872
77.00,2.1437
77.50,2.2106
78.00,2.2682
78.50,2.2961
79.00,2.2881
79.50,2.2580
80.00,2.2288
80.50,2.2147
81.00,2.2113
81.50,2.2059
82.00,2.1962
82.50,2.1969
83.00,2.2269
83.50,2.2891
84.00,2.3646
84.50,2.4276
85.00,2.4656
85.50,2.4853
86.00,2.4984
86.50,2.5050
87.00,2.4933
87.50,2.4542
88.00,2.3938
88.50,2.3289
89.00,2.2743
89.50,2.2332
90.00,2.2018
90.50,2.1776
91.00,2.1629
91.50,2.1611
92.00,2.1673
92.50,2.1658
93.00,2.1377
93.50,2.0762
94.00,1.9951
94.50,1.9195
95.00,1.8699
95.50,1.8523
96.00,1.8612
96.50,1.8862
97.00,1.9178
97.50,1.9493
98.00,1.9775
98.50,2.0031
99.00,2.0301
99.50,2.0627
100.00,2.0996
100.50,2.1324
101.00,2.1511
101.50,2.1543
102.00,2.1516
102.50,2.1556
103.00,2.1731
103.50,2.2019
104.00,2.2355
104.50,2.2662
105.00,2.2855
105.50,2.2846
106.00,2.2582
106.50,2.2102
107.00,2.1562
107.50,2.1170
108.00,2.1048
108.50,2.1144
109.00,2.1291
109.50,2.1352
110.00,2.1305
110.50,2.1220
111.00,2.1183
111.50,2.1243
112.00,2.1381
112.50,2.1521
113.00,2.1574
113.50,2.1500
114.00,2.1301
114.50,2.0974
115.00,2.0489
115.50,1.9831
116.00,1.9066
116.50,1.8339
117.00,1.7798
117.50,1.7514
118.00,1.7464
118.50,1.7572
119.00,1.7755
119.50,1.7925
120.00,1.7990
120.50,1.7884
121.00,1.7622
121.50,1.7308
122.00,1.7084
122.50,1.7057
123.00,1.7254
123.50,1.7609
124.00,1.7977
124.50,1.8216
125.00,1.8265
125.50,1.8171
126.00,1.8010
126.50,1.7819
127.00,1.7606
127.50,1.7407
128.00,1.7302
128.50,1.7350
129.00,1.7557
129.50,1.7908
130.00,1.8422
130.50,1.9122
131.00,1.9934
131.50,2.0636
132.00,2.0961
132.50,2.0769
133.00,2.0135
133.50,1.9266
134.00,1.8356
134.50,1.7512
135.00,1.6797
135.50,1.6274
136.00,1.5992
136.50,1.5924
137.00,1.5946
137.50,1.5903
138.00,1.5713
138.50,1.5418
139.00,1.5146
139.50,1.5021
140.00,1.5094
140.50,1.5316
141.00,1.5582
141.50,1.5812
142.00,1.6007
142.50,1.6222
143.00,1.6477
143.50,1.6679
144.00,1.6671
144.50,1.6375
145.00,1.5884
145.50,1.5408
146.00,1.5133
146.50,1.5117
147.00,1.5299
147.50,1.5581
148.00,1.5883
148.50,1.6151
149.00,1.6359
149.50,1.6517
150.00,1.6652
150.50,1.6770
151.00,1.6825
151.50,1.6748
152.00,1.6518
152.50,1.6206
153.00,1.5933
153.50,1.5784
154.00,1.5770
154.50,1.5857
155.00,1.6032
155.50,1.6306
156.00,1.6676
156.50,1.7076
157.00,1.7390
157.50,1.7540
158.00,1.7554
158.50,1.7549
159.00,1.7634
159.50,1.7814
160.00,1.7983
160.50,1.7994
161.00,1.7777
161.50,1.7388
162.00,1.6973
162.50,1.6655
163.00,1.6465
163.50,1.6366
164.00,1.6339
164.50,1.6410
165.00,1.6590
165.50,1.6794
166.00,1.6876
166.50,1.6752
167.00,1.6495
167.50,1.6296
168.00,1.6333
168.50,1.6662
169.00,1.7186
169.50,1.7688
170.00,1.7931
170.50,1.7779
171.00,1.7282
171.50,1.6646
172.00,1.6114
172.50,1.5837
173.00,1.5810
173.50,1.5883
174.00,1.5858
174.50,1.5620
175.00,1.5214
175.50,1.4822
176.00,1.4645
176.50,1.4789
177.00,1.5229
177.50,1.5826
178.00,1.6398
178.50,1.6778
179.00,1.6870
179.50,1.6663
180.00,1.6219
180.50,1.5644
181.00,1.5073
181.50,1.4641
182.00,1.4434
182.50,1.4458
183.00,1.4639
183.50,1.4879
184.00,1.5108
184.50,1.5321
185.00,1.5562
185.50,1.5885
186.00,1.6287
186.50,1.6682
187.00,1.6935
187.50,1.6948
188.00,1.6729
188.50,1.6396
189.00,1.6081
189.50,1.5853
190.00,1.5700
190.50,1.5587
191.00,1.5484
191.50,1.5348
192.00,1.5123
192.50,1.4796
193.00,1.4444
193.50,1.4206
194.00,1.4194
194.50,1.4423
195.00,1.4803
195.50,1.5176
196.00,1.5372
196.50,1.5276
197.00,1.4879
197.50,1.4275
198.00,1.3610
198.50,1.3027
199.00,1.2649
199.50,1.2545
200.00,1.2677
200.50,1.2888
201.00,1.2981
201.50,1.2862
202.00,1.2597
202.50,1.2348
203.00,1.2247
203.50,1.2319
204.00,1.2500
204.50,1.2700
205.00,1.2848
205.50,1.2898
206.00,1.2820
206.50,1.2597
207.00,1.2234
207.50,1.1758
208.00,1.1226
208.50,1.0724
209.00,1.0349
209.50,1.0153
210.00,1.0120
210.50,1.0188
211.00,1.0322
211.50,1.0545
212.00,1.0908
212.50,1.1427
213.00,1.2043
213.50,1.2638
214.00,1.3090
214.50,1.3322
215.00,1.3314
215.50,1.3100
216.00,1.2752
216.50,1.2342
217.00,1.1912
217.50,1.1476
218.00,1.1068
218.50,1.0771
219.00,1.0694
219.50,1.0897
220.00,1.1317
220.50,1.1775
221.00,1.2068
221.50,1.2103
222.00,1.1956
222.50,1.1781
223.00,1.1669
223.50,1.1585
224.00,1.1456
224.50,1.1271
225.00,1.1089
225.50,1.0978
226.00,1.0972
226.50,1.1089
227.00,1.1338
227.50,1.1690
228.00,1.2058
228.50,1.2328
229.00,1.2444
229.50,1.2444
230.00,1.2423
230.50,1.2431
231.00,1.2418
231.50,1.2297
232.00,1.2055
232.50,1.1785
233.00,1.1622
233.50,1.1637
234.00,1.1803
234.50,1.2027
235.00,1.2209
235.50,1.2280
236.00,1.2212
236.50,1.2012
237.00,1.1706
237.50,1.1357
238.00,1.1068
238.50,1.0944
239.00,1.1013
239.50,1.1188
240.00,1.1300
240.50,1.1218
241.00,1.0951
241.50,1.0655
242.00,1.0513
242.50,1.0580
243.00,1.0736
243.50,1.0794
244.00,1.0652
244.50,1.0358
245.00,1.0037
245.50,0.9793
246.00,0.9674
246.50,0.9672
247.00,0.9723
247.50,0.9719
248.00,0.9591
248.50,0.9390
249.00,0.9266
249.50,0.9321
250.00,0.9511
250.50,0.9696
251.00,0.9791
251.50,0.9838
252.00,0.9935
252.50,1.0104
253.00,1.0233
253.50,1.0173
254.00,0.9865
254.50,0.9412
255.00,0.9007
255.50,0.8796
256.00,0.8796
256.50,0.8921
257.00,0.9068
257.50,0.9173
258.00,0.9215
258.50,0.9210
259.00,0.9187
259.50,0.9157
260.00,0.9106
260.50,0.9022
261.00,0.8926
261.50,0.8849
262.00,0.8793
262.50,0.8727
263.00,0.8638
263.50,0.8584
264.00,0.8659
264.50,0.8930
265.00,0.9372
265.50,0.9875
266.00,1.0300
266.50,1.0533
267.00,1.0525
267.50,1.0306
268.00,0.9979
268.50,0.9695
269.00,0.9583
269.50,0.9661
270.00,0.9814
270.50,0.9865
271.00,0.9718
271.50,0.9423
272.00,0.9132
272.50,0.8967
273.00,0.8956
273.50,0.9057
274.00,0.9210
274.50,0.9356
275.00,0.9415
275.50,0.9309
276.00,0.9032
276.50,0.8702
277.00,0.8505
277.50,0.8576
278.00,0.8899
278.50,0.9335
279.00,0.9742
279.50,1.0068
280.00,1.0325
280.50,1.0494
281.00,1.0512
281.50,1.0363
282.00,1.0125
282.50,0.9904
283.00,0.9737
283.50,0.9588
284.00,0.9422
284.50,0.9235
285.00,0.9028
285.50,0.8802
286.00,0.8587
286.50,0.8450
287.00,0.8463
287.50,0.8630
288.00,0.8852
288.50,0.8959
289.00,0.8810
289.50,0.8385
290.00,0.7807
290.50,0.7275
291.00,0.6954
291.50,0.6925
292.00,0.7173
292.50,0.7611
293.00,0.8106
293.50,0.8516
294.00,0.8720
294.50,0.8658
295.00,0.8345
295.50,0.7870
296.00,0.7349
296.50,0.6876
297.00,0.6492
297.50,0.6203
298.00,0.6003
298.50,0.5901
299.00,0.5910
299.50,0.6013
300.00,0.6149
300.50,0.6232
301.00,0.6212
301.50,0.6112
302.00,0.6001
302.50,0.5925
303.00,0.5857
303.50,0.5724
304.00,0.5487
304.50,0.5189
305.00,0.4928
305.50,0.4779
306.00,0.4746
306.50,0.4768
307.00,0.4777
307.50,0.4746
308.00,0.4712
308.50,0.4759
309.00,0.4965
309.50,0.5357
310.00,0.5896
310.50,0.6489
311.00,0.7002
311.50,0.7295
312.00,0.7287
312.50,0.7010
313.00,0.6614
313.50,0.6291
314.00,0.6170
314.50,0.6249
315.00,0.6406
315.50,0.6489
316.00,0.6411
316.50,0.6198
317.00,0.5958
317.50,0.5817
318.00,0.5853
318.50,0.6058
319.00,0.6371
319.50,0.6722
320.00,0.7055
320.50,0.7320
321.00,0.7478
321.50,0.7514
322.00,0.7437
322.50,0.7258
323.00,0.6971
323.50,0.6569
324.00,0.6086
324.50,0.5603
325.00,0.5213
325.50,0.4964
326.00,0.4849
326.50,0.4850
327.00,0.4982
327.50,0.5294
328.00,0.5806
328.50,0.6424
329.00,0.6935
329.50,0.7127
330.00,0.6955
330.50,0.6595
331.00,0.6326
331.50,0.6344
332.00,0.6622
332.50,0.6953
333.00,0.7109
333.50,0.7001
334.00,0.6696
334.50,0.6311
335.00,0.5916
335.50,0.5537
336.00,0.5198
336.50,0.4919
337.00,0.4698
337.50,0.4525
338.00,0.4422
338.50,0.4429
339.00,0.4556
339.50,0.4740
340.00,0.4859
340.50,0.4800
341.00,0.4532
341.50,0.4146
342.00,0.3806
342.50,0.3664
343.00,0.3776
343.50,0.4096
344.00,0.4513
344.50,0.4898
345.00,0.5132
345.50,0.5135
346.00,0.4920
346.50,0.4588
347.00,0.4262
347.50,0.4000
348.00,0.3790
348.50,0.3608
349.00,0.3467
349.50,0.3386
350.00,0.3360
350.50,0.3342
351.00,0.3276
351.50,0.3111
352.00,0.2819
352.50,0.2426
353.00,0.2014
353.50,0.1693
354.00,0.1530
354.50,0.1506
355.00,0.1534
355.50,0.1531
356.00,0.1484
356.50,0.1439
357.00,0.1456
357.50,0.1571
358.00,0.1794
358.50,0.2130
359.00,0.2573
359.50,0.3086
360.00,0.3587
360.50,0.3957
361.00,0.4082
361.50,0.3924
362.00,0.3558
362.50,0.3135
363.00,0.2788
363.50,0.2588
364.00,0.2570
364.50,0.2762
365.00,0.3131
365.50,0.3542
366.00,0.3823
366.50,0.3908
367.00,0.3869
367.50,0.3825
368.00,0.3820
368.50,0.3786
369.00,0.3602
369.50,0.3204
370.00,0.2659
370.50,0.2168
371.00,0.1947
371.50,0.2100
372.00,0.2561
372.50,0.3153
373.00,0.3685
373.50,0.4024
374.00,0.4099
374.50,0.3908
375.00,0.3518
375.50,0.3058
376.00,0.2679
376.50,0.2473
377.00,0.2428
377.50,0.2452
378.00,0.2463
378.50,0.2455
379.00,0.2480
379.50,0.2595
380.00,0.2807
380.50,0.3066
381.00,0.3286
381.50,0.3365
382.00,0.3241
382.50,0.2929
383.00,0.2519
383.50,0.2126
384.00,0.1827
384.50,0.1644
385.00,0.1564
385.50,0.1554
386.00,0.1568
386.50,0.1562
387.00,0.1513
387.50,0.1405
388.00,0.1225
388.50,0.0974
389.00,0.0693
389.50,0.0460
390.00,0.0329
390.50,0.0285
391.00,0.0276
391.50,0.0260
392.00,0.0246
392.50,0.0271
393.00,0.0373
393.50,0.0550
394.00,0.0744
394.50,0.0859
395.00,0.0827
395.50,0.0664
396.00,0.0467
396.50,0.0345
397.00,0.0324
397.50,0.0323
398.00,0.0228
398.50,-0.0010
399.00,-0.0324
399.50,-0.0596
400.00,-0.0748
400.50,-0.0770
401.00,-0.0698
401.50,-0.0557
402.00,-0.0349
402.50,-0.0062
403.00,0.0318
403.50,0.0792
404.00,0.1337
404.50,0.1884
405.00,0.2310
405.50,0.2483
406.00,0.2350
406.50,0.1990
407.00,0.1582
407.50,0.1282
408.00,0.1125
408.50,0.1015
409.00,0.0820
409.50,0.0480
410.00,0.0053
410.50,-0.0334
411.00,-0.0579
411.50,-0.0671
412.00,-0.0677
412.50,-0.0675
413.00,-0.0693
413.50,-0.0702
414.00,-0.0653
414.50,-0.0535
415.00,-0.0395
415.50,-0.0310
416.00,-0.0334
416.50,-0.0452
417.00,-0.0599
417.50,-0.0704
418.00,-0.0741
418.50,-0.0744
419.00,-0.0786
419.50,-0.0930
420.00,-0.1182
420.50,-0.1464
421.00,-0.1658
421.50,-0.1684
422.00,-0.1558
422.50,-0.1367
423.00,-0.1207
423.50,-0.1133
424.00,-0.1153
424.50,-0.1249
425.00,-0.1391
425.50,-0.1569
426.00,-0.1785
426.50,-0.2023
427.00,-0.2229
427.50,-0.2324
428.00,-0.2253
428.50,-0.2009
429.00,-0.1650
429.50,-0.1278
430.00,-0.1010
430.50,-0.0944
431.00,-0.1104
431.50,-0.1400
432.00,-0.1650
432.50,-0.1671
433.00,-0.1388
433.50,-0.0892
434.00,-0.0389
434.50,-0.0076
435.00,-0.0021
435.50,-0.0145
436.00,-0.0317
436.50,-0.0459
437.00,-0.0582
437.50,-0.0730
438.00,-0.0896
438.50,-0.1016
439.00,-0.1027
439.50,-0.0939
440.00,-0.0845
440.50,-0.0852
441.00,-0.0992
441.50,-0.1184
442.00,-0.1300
442.50,-0.1261
443.00,-0.1088
443.50,-0.0857
444.00,-0.0653
444.50,-0.0547
445.00,-0.0585
445.50,-0.0778
446.00,-0.1082
446.50,-0.1413
447.00,-0.1686
447.50,-0.1861
448.00,-0.1967
448.50,-0.2084
449.00,-0.2270
449.50,-0.2501
450.00,-0.2685
450.50,-0.2747
451.00,-0.2689
451.50,-0.2593
452.00,-0.2557
452.50,-0.2632
453.00,-0.2782
453.50,-0.2905
454.00,-0.2910
454.50,-0.2784
455.00,-0.2584
455.50,-0.2367
456.00,-0.2156
456.50,-0.1952
457.00,-0.1781
457.50,-0.1693
458.00,-0.1742
458.50,-0.1947
459.00,-0.2272
459.50,-0.2637
460.00,-0.2956
460.50,-0.3176
461.00,-0.3282
461.50,-0.3272
462.00,-0.3138
462.50,-0.2882
463.00,-0.2574
463.50,-0.2359
464.00,-0.2378
464.50,-0.2654
465.00,-0.3058
465.50,-0.3392
466.00,-0.3507
466.50,-0.3375
467.00,-0.3076
467.50,-0.2730
468.00,-0.2426
468.50,-0.2202
469.00,-0.2062
469.50,-0.2011
470.00,-0.2064
470.50,-0.2220
471.00,-0.2440
471.50,-0.2647
472.00,-0.2773
472.50,-0.2804
473.00,-0.2783
473.50,-0.2779
474.00,-0.2839
474.50,-0.2957
475.00,-0.3071
475.50,-0.3083
476.00,-0.2922
476.50,-0.2587
477.00,-0.2183
477.50,-0.1873
478.00,-0.1790
478.50,-0.1937
479.00,-0.2169
479.50,-0.2269
480.00,-0.2095
480.50,-0.1682
481.00,-0.1224
481.50,-0.0947
482.00,-0.0987
482.50,-0.1346
483.00,-0.1913
483.50,-0.2505
484.00,-0.2945
484.50,-0.3156
485.00,-0.3215
485.50,-0.3296
486.00,-0.3504
486.50,-0.3788
487.00,-0.3989
487.50,-0.3994
488.00,-0.3846
488.50,-0.3691
489.00,-0.3659
489.50,-0.3767
490.00,-0.3937
490.50,-0.4060
491.00,-0.4061
491.50,-0.3917
492.00,-0.3643
492.50,-0.3276
493.00,-0.2856
493.50,-0.2416
494.00,-0.1982
494.50,-0.1596
495.00,-0.1301
495.50,-0.1110
496.00,-0.0980
496.50,-0.0827
497.00,-0.0586
497.50,-0.0252
498.00,0.0106
498.50,0.0397
499.00,0.0546
499.50,0.0534
500.00,0.0393
500.50,0.0186
501.00,-0.0031
501.50,-0.0244
502.00,-0.0483
502.50,-0.0795
503.00,-0.1212
503.50,-0.1737
504.00,-0.2327
504.50,-0.2900
505.00,-0.3358
505.50,-0.3648
506.00,-0.3805
506.50,-0.3940
507.00,-0.4159
507.50,-0.4492
508.00,-0.4889
508.50,-0.5285
509.00,-0.5669
509.50,-0.6082
510.00,-0.6555
510.50,-0.7052
511.00,-0.7488
511.50,-0.7803
512.00,-0.8026
512.50,-0.8263
513.00,-0.8622
513.50,-0.9137
514.00,-0.9733
514.50,-1.0263
515.00,-1.0596
515.50,-1.0691
516.00,-1.0609
516.50,-1.0458
517.00,-1.0314
517.50,-1.0201
518.00,-1.0125
518.50,-1.0106
519.00,-1.0170
519.50,-1.0317
520.00,-1.0499
520.50,-1.0644
521.00,-1.0699
521.50,-1.0644
522.00,-1.0476
522.50,-1.0219
523.00,-0.9947
523.50,-0.9778
524.00,-0.9815
524.50,-1.0081
525.00,-1.0518
525.50,-1.1035
526.00,-1.1551
526.50,-1.1993
527.00,-1.2292
527.50,-1.2416
528.00,-1.2394
528.50,-1.2309
529.00,-1.2242
529.50,-1.2227
530.00,-1.2273
530.50,-1.2377
531.00,-1.2526
531.50,-1.2676
532.00,-1.2755
532.50,-1.2703
533.00,-1.2528
533.50,-1.2314
534.00,-1.2143
534.50,-1.2015
535.00,-1.1838
535.50,-1.1530
536.00,-1.1139
536.50,-1.0844
537.00,-1.0825
537.50,-1.1131
538.00,-1.1637
538.50,-1.2133
539.00,-1.2456
539.50,-1.2573
540.00,-1.2580
540.50,-1.2602
541.00,-1.2682
541.50,-1.2764
542.00,-1.2761
542.50,-1.2655
543.00,-1.2538
543.50,-1.2531
544.00,-1.2670
544.50,-1.2847
545.00,-1.2873
545.50,-1.2623
546.00,-1.2138
546.50,-1.1606
547.00,-1.1220
547.50,-1.1053
548.00,-1.1043
548.50,-1.1087
549.00,-1.1128
549.50,-1.1147
550.00,-1.1117
550.50,-1.1014
551.00,-1.0854
551.50,-1.0704
552.00,-1.0633
552.50,-1.0668
553.00,-1.0802
553.50,-1.1026
554.00,-1.1343
554.50,-1.1723
555.00,-1.2077
555.50,-1.2270
556.00,-1.2206
556.50,-1.1898
557.00,-1.1507
557.50,-1.1270
558.00,-1.1374
558.50,-1.1799
559.00,-1.2276
559.50,-1.2451
560.00,-1.2140
560.50,-1.1482
561.00,-1.0816
561.50,-1.0436
562.00,-1.0438
562.50,-1.0747
563.00,-1.1215
563.50,-1.1691
564.00,-1.2054
564.50,-1.2233
565.00,-1.2218
565.50,-1.2074
566.00,-1.1923
566.50,-1.1908
567.00,-1.2134
567.50,-1.2624
568.00,-1.3303
568.50,-1.4023
569.00,-1.4617
569.50,-1.4978
570.00,-1.5114
570.50,-1.5143
571.00,-1.5204
571.50,-1.5375
572.00,-1.5653
572.50,-1.5966
573.00,-1.6212
573.50,-1.6293
574.00,-1.6163
574.50,-1.5852
575.00,-1.5445
575.50,-1.5016
576.00,-1.4579
576.50,-1.4117
577.00,-1.3670
577.50,-1.3370
578.00,-1.3381
578.50,-1.3757
579.00,-1.4390
579.50,-1.5063
580.00,-1.5564
580.50,-1.5773
581.00,-1.5670
581.50,-1.5328
582.00,-1.4890
582.50,-1.4531
583.00,-1.4383
583.50,-1.4472
584.00,-1.4715
584.50,-1.4987
585.00,-1.5198
585.50,-1.5327
586.00,-1.5389
586.50,-1.5379
587.00,-1.5249
587.50,-1.4949
588.00,-1.4492
588.50,-1.3961
589.00,-1.3448
589.50,-1.2991
590.00,-1.2581
590.50,-1.2239
591.00,-1.2046
591.50,-1.2069
592.00,-1.2269
592.50,-1.2490
593.00,-1.2580
593.50,-1.2512
594.00,-1.2392
594.50,-1.2339
595.00,-1.2386
595.50,-1.2480
596.00,-1.2575
596.50,-1.2700
597.00,-1.2924
597.50,-1.3261
598.00,-1.3630
598.50,-1.3900
599.00,-1.3975
599.50,-1.3853
600.00,-1.3619
600.50,-1.3409
601.00,-1.3360
601.50,-1.3557
602.00,-1.3971
602.50,-1.4477
603.00,-1.4911
603.50,-1.5171
604.00,-1.5250
604.50,-1.5224
605.00,-1.5188
605.50,-1.5179
606.00,-1.5161
606.50,-1.5062
607.00,-1.4842
607.50,-1.4540
608.00,-1.4242
608.50,-1.4040
609.00,-1.3975
609.50,-1.4014
610.00,-1.4051
610.50,-1.3963
611.00,-1.3679
611.50,-1.3242
612.00,-1.2778
612.50,-1.2424
613.00,-1.2247
613.50,-1.2213
614.00,-1.2222
614.50,-1.2164
615.00,-1.1980
615.50,-1.1697
616.00,-1.1394
616.50,-1.1145
617.00,-1.0971
617.50,-1.0846
618.00,-1.0731
618.50,-1.0602
619.00,-1.0451
619.50,-1.0270
620.00,-1.0037
620.50,-0.9731
621.00,-0.9349
621.50,-0.8935
622.00,-0.8588
622.50,-0.8429
623.00,-0.8539
623.50,-0.8898
624.00,-0.9375
624.50,-0.9786
625.00,-0.9992
625.50,-0.9987
626.00,-0.9889
626.50,-0.9854
627.00,-0.9960
627.50,-1.0189
628.00,-1.0485
628.50,-1.0813
629.00,-1.1143
629.50,-1.1442
630.00,-1.1687
630.50,-1.1882
631.00,-1.2023
631.50,-1.2078
632.00,-1.2015
632.50,-1.1848
633.00,-1.1639
633.50,-1.1446
634.00,-1.1292
634.50,-1.1160
635.00,-1.1006
635.50,-1.0775
636.00,-1.0435
636.50,-1.0024
637.00,-0.9650
637.50,-0.9406
638.00,-0.9306
638.50,-0.9278
639.00,-0.9216
639.50,-0.9049
640.00,-0.8776
640.50,-0.8462
641.00,-0.8190
641.50,-0.8013
642.00,-0.7899
642.50,-0.7745
643.00,-0.7442
643.50,-0.6969
644.00,-0.6434
644.50,-0.6009
645.00,-0.5824
645.50,-0.5915
646.00,-0.6237
646.50,-0.6724
647.00,-0.7315
647.50,-0.7952
648.00,-0.8572
648.50,-0.9130
649.00,-0.9612
649.50,-1.0040
650.00,-1.0445
650.50,-1.0834
651.00,-1.1185
651.50,-1.1475
652.00,-1.1707
652.50,-1.1915
653.00,-1.2125
653.50,-1.2321
654.00,-1.2475
654.50,-1.2586
655.00,-1.2698
655.50,-1.2840
656.00,-1.2990
656.50,-1.3091
657.00,-1.3102
657.50,-1.3023
658.00,-1.2887
658.50,-1.2730
659.00,-1.2596
659.50,-1.2525
660.00,-1.2523
660.50,-1.2532
661.00,-1.2443
661.50,-1.2155
662.00,-1.1651
662.50,-1.1018
663.00,-1.0405
663.50,-0.9948
664.00,-0.9694
664.50,-0.9589
665.00,-0.9548
665.50,-0.9527
666.00,-0.9537
666.50,-0.9588
667.00,-0.9645
667.50,-0.9646
668.00,-0.9569
668.50,-0.9470
669.00,-0.9434
669.50,-0.9506
670.00,-0.9678
670.50,-0.9923
671.00,-1.0217
671.50,-1.0524
672.00,-1.0771
672.50,-1.0887
673.00,-1.0846
673.50,-1.0675
674.00,-1.0422
674.50,-1.0125
675.00,-0.9807
675.50,-0.9508
676.00,-0.9293
676.50,-0.9242
677.00,-0.9401
677.50,-0.9730
678.00,-1.0115
678.50,-1.0414
679.00,-1.0513
679.50,-1.0357
680.00,-0.9953
680.50,-0.9383
681.00,-0.8795
681.50,-0.8341
682.00,-0.8095
682.50,-0.8023
683.00,-0.8046
683.50,-0.8134
684.00,-0.8346
684.50,-0.8752
685.00,-0.9328
685.50,-0.9919
686.00,-1.0320
686.50,-1.0395
687.00,-1.0130
687.50,-0.9613
688.00,-0.8995
688.50,-0.8439
689.00,-0.8069
689.50,-0.7928
690.00,-0.7971
690.50,-0.8127
691.00,-0.8341
691.50,-0.8587
692.00,-0.8841
692.50,-0.9083
693.00,-0.9291
693.50,-0.9428
694.00,-0.9440
694.50,-0.9286
695.00,-0.9003
695.50,-0.8693
696.00,-0.8444
696.50,-0.8251
697.00,-0.8047
697.50,-0.7811
698.00,-0.7637
698.50,-0.7667
699.00,-0.7958
699.50,-0.8441
700.00,-0.8992
700.50,-0.9529
701.00,-1.0018
701.50,-1.0432
702.00,-1.0715
702.50,-1.0836
703.00,-1.0825
703.50,-1.0776
704.00,-1.0778
704.50,-1.0857
705.00,-1.0965
705.50,-1.1024
706.00,-1.1011
706.50,-1.0978
707.00,-1.0988
707.50,-1.1038
708.00,-1.1059
708.50,-1.0981
709.00,-1.0804
709.50,-1.0588
710.00,-1.0403
710.50,-1.0296
711.00,-1.0280
711.50,-1.0325
712.00,-1.0354
712.50,-1.0274
713.00,-1.0044
713.50,-0.9728
714.00,-0.9478
714.50,-0.9427
715.00,-0.9613
715.50,-0.9950
716.00,-1.0278
716.50,-1.0442
717.00,-1.0370
717.50,-1.0124
718.00,-0.9847
718.50,-0.9656
719.00,-0.9565
719.50,-0.9515
720.00,-0.9466
720.50,-0.9443
721.00,-0.9481
721.50,-0.9555
722.00,-0.9586
722.50,-0.9510
723.00,-0.9330
723.50,-0.9103
724.00,-0.8885
724.50,-0.8719
725.00,-0.8650
725.50,-0.8727
726.00,-0.8966
726.50,-0.9324
727.00,-0.9687
727.50,-0.9915
728.00,-0.9908
728.50,-0.9675
729.00,-0.9350
729.50,-0.9124
730.00,-0.9138
730.50,-0.9422
731.00,-0.9901
731.50,-1.0442
732.00,-1.0895
732.50,-1.1139
733.00,-1.1159
733.50,-1.1063
734.00,-1.1008
734.50,-1.1075
735.00,-1.1221
735.50,-1.1359
736.00,-1.1468
736.50,-1.1586
737.00,-1.1730
737.50,-1.1873
738.00,-1.1975
738.50,-1.2024
739.00,-1.2002
739.50,-1.1865
740.00,-1.1578
740.50,-1.1160
741.00,-1.0695
741.50,-1.0299
742.00,-1.0064
742.50,-1.0028
743.00,-1.0159
743.50,-1.0369
744.00,-1.0542
744.50,-1.0577
745.00,-1.0436
745.50,-1.0181
746.00,-0.9946
746.50,-0.9850
747.00,-0.9904
747.50,-1.0016
748.00,-1.0092
748.50,-1.0113
749.00,-1.0145
749.50,-1.0258
750.00,-1.0459
750.50,-1.0675
751.00,-1.0808
751.50,-1.0818
752.00,-1.0768
752.50,-1.0765
753.00,-1.0860
753.50,-1.1005
754.00,-1.1102
754.50,-1.1084
755.00,-1.0950
755.50,-1.0770
756.00,-1.0650
756.50,-1.0665
757.00,-1.0778
757.50,-1.0844
758.00,-1.0723
758.50,-1.0401
759.00,-1.0016
759.50,-0.9761
760.00,-0.9782
760.50,-1.0102
761.00,-1.0624
761.50,-1.1188
762.00,-1.1680
762.50,-1.2074
763.00,-1.2396
763.50,-1.2648
764.00,-1.2776
764.50,-1.2716
765.00,-1.2477
765.50,-1.2169
766.00,-1.1940
766.50,-1.1868
767.00,-1.1909
767.50,-1.1944
768.00,-1.1863
768.50,-1.1617
769.00,-1.1228
769.50,-1.0783
770.00,-1.0419
770.50,-1.0260
771.00,-1.0346
771.50,-1.0609
772.00,-1.0927
772.50,-1.1192
773.00,-1.1335
773.50,-1.1312
774.00,-1.1111
774.50,-1.0765
775.00,-1.0364
775.50,-1.0013
776.00,-0.9788
776.50,-0.9710
777.00,-0.9740
777.50,-0.9815
778.00,-0.9891
778.50,-0.9963
779.00,-1.0038
779.50,-1.0080
780.00,-1.0018
780.50,-0.9825
781.00,-0.9570
781.50,-0.9401
782.00,-0.9470
782.50,-0.9848
783.00,-1.0475
783.50,-1.1175
784.00,-1.1734
784.50,-1.2023
785.00,-1.2061
785.50,-1.1975
786.00,-1.1894
786.50,-1.1865
787.00,-1.1867
787.50,-1.1874
788.00,-1.1910
788.50,-1.2047
789.00,-1.2347
789.50,-1.2800
790.00,-1.3295
790.50,-1.3665
791.00,-1.3786
791.50,-1.3649
792.00,-1.3351
792.50,-1.3011
793.00,-1.2715
793.50,-1.2483
794.00,-1.2301
794.50,-1.2155
795.00,-1.2048
795.50,-1.1996
796.00,-1.1989
796.50,-1.2009
797.00,-1.2057
797.50,-1.2192
798.00,-1.2490
798.50,-1.2958
799.00,-1.3497
799.50,-1.3954
800.00,-1.4206
800.50,-1.4218
801.00,-1.4041
801.50,-1.3753
802.00,-1.3413
802.50,-1.3057
803.00,-1.2735
803.50,-1.2527
804.00,-1.2478
804.50,-1.2544
805.00,-1.2609
805.50,-1.2596
806.00,-1.2528
806.50,-1.2474
807.00,-1.2458
807.50,-1.2442
808.00,-1.2399
808.50,-1.2367
809.00,-1.2432
809.50,-1.2647
810.00,-1.2977
810.50,-1.3317
811.00,-1.3560
811.50,-1.3680
812.00,-1.3747
812.50,-1.3864
813.00,-1.4082
813.50,-1.4364
814.00,-1.4631
814.50,-1.4819
815.00,-1.4911
815.50,-1.4925
816.00,-1.4877
816.50,-1.4761
817.00,-1.4569
817.50,-1.4331
818.00,-1.4129
818.50,-1.4067
819.00,-1.4196
819.50,-1.4482
820.00,-1.4820
820.50,-1.5097
821.00,-1.5245
821.50,-1.5250
822.00,-1.5138
822.50,-1.4967
823.00,-1.4807
823.50,-1.4699
824.00,-1.4615
824.50,-1.4477
825.00,-1.4206
825.50,-1.3804
826.00,-1.3366
826.50,-1.3055
827.00,-1.3036
827.50,-1.3373
828.00,-1.3964
828.50,-1.4568
829.00,-1.4952
829.50,-1.5037
830.00,-1.4928
830.50,-1.4809
831.00,-1.4816
831.50,-1.4972
832.00,-1.5205
832.50,-1.5400
833.00,-1.5466
833.50,-1.5379
834.00,-1.5196
834.50,-1.5011
835.00,-1.4899
835.50,-1.4875
836.00,-1.4898
836.50,-1.4903
837.00,-1.4858
837.50,-1.4809
838.00,-1.4851
838.50,-1.5045
839.00,-1.5347
839.50,-1.5610
840.00,-1.5693
840.50,-1.5554
841.00,-1.5290
841.50,-1.5060
842.00,-1.4978
842.50,-1.5061
843.00,-1.5252
843.50,-1.5468
844.00,-1.5640
844.50,-1.5736
845.00,-1.5780
845.50,-1.5842
846.00,-1.5976
846.50,-1.6169
847.00,-1.6351
847.50,-1.6458
848.00,-1.6481
848.50,-1.6436
849.00,-1.6324
849.50,-1.6120
850.00,-1.5802
850.50,-1.5380
851.00,-1.4912
851.50,-1.4521
852.00,-1.4368
852.50,-1.4541
853.00,-1.4935
853.50,-1.5282
854.00,-1.5344
854.50,-1.5113
855.00,-1.4800
855.50,-1.4643
856.00,-1.4704
856.50,-1.4872
857.00,-1.5013
857.50,-1.5097
858.00,-1.5187
858.50,-1.5348
859.00,-1.5592
859.50,-1.5891
860.00,-1.6217
860.50,-1.6551
861.00,-1.6876
861.50,-1.7160
862.00,-1.7355
862.50,-1.7414
863.00,-1.7299
863.50,-1.6992
864.00,-1.6513
864.50,-1.5924
865.00,-1.5316
865.50,-1.4761
866.00,-1.4290
866.50,-1.3907
867.00,-1.3622
867.50,-1.3440
868.00,-1.3348
868.50,-1.3326
869.00,-1.3397
869.50,-1.3602
870.00,-1.3917
870.50,-1.4171
871.00,-1.4070
871.50,-1.3325
872.00,-1.1788
872.50,-0.9516
873.00,-0.6741
873.50,-0.3789
874.00,-0.0984
874.50,0.1435
875.00,0.3348
875.50,0.4739
876.00,0.5652
876.50,0.6174
877.00,0.6425
877.50,0.6541
878.00,0.6609
878.50,0.6631
879.00,0.6563
879.50,0.6383
880.00,0.6114
880.50,0.5772
881.00,0.5338
881.50,0.4781
882.00,0.4124
882.50,0.3471
883.00,0.2963
883.50,0.2679
884.00,0.2569
884.50,0.2508
885.00,0.2403
885.50,0.2271
886.00,0.2195
886.50,0.2220
887.00,0.2297
887.50,0.2322
888.00,0.2218
888.50,0.1997
889.00,0.1751
889.50,0.1595
890.00,0.1607
890.50,0.1791
891.00,0.2077
891.50,0.2353
892.00,0.2510
892.50,0.2492
893.00,0.2335
893.50,0.2139
894.00,0.2015
894.50,0.2018
895.00,0.2145
895.50,0.2380
896.00,0.2728
896.50,0.3184
897.00,0.3677
897.50,0.4060
898.00,0.4203
898.50,0.4079
899.00,0.3772
899.50,0.3384
900.00,0.2972
900.50,0.2559
901.00,0.2182
901.50,0.1900
902.00,0.1767
902.50,0.1779
903.00,0.1865
903.50,0.1939
904.00,0.1960
904.50,0.1964
905.00,0.2015
905.50,0.2132
906.00,0.2251
906.50,0.2260
907.00,0.2095
907.50,0.1796
908.00,0.1482
908.50,0.1252
909.00,0.1109
909.50,0.0980
910.00,0.0805
910.50,0.0608
911.00,0.0488
911.50,0.0524
912.00,0.0705
912.50,0.0937
913.00,0.1131
913.50,0.1260
914.00,0.1362
914.50,0.1492
915.00,0.1662
915.50,0.1816
916.00,0.1839
916.50,0.1620
917.00,0.1122
917.50,0.0417
918.00,-0.0317
918.50,-0.0878
919.00,-0.1145
919.50,-0.1141
920.00,-0.1003
920.50,-0.0894
921.00,-0.0914
921.50,-0.1043
922.00,-0.1175
922.50,-0.1211
923.00,-0.1140
923.50,-0.1038
924.00,-0.0969
924.50,-0.0920
925.00,-0.0833
925.50,-0.0683
926.00,-0.0507
926.50,-0.0362
927.00,-0.0281
927.50,-0.0286
928.00,-0.0401
928.50,-0.0613
929.00,-0.0836
929.50,-0.0934
930.00,-0.0802
930.50,-0.0442
931.00,0.0027
931.50,0.0430
932.00,0.0636
932.50,0.0625
933.00,0.0463
933.50,0.0239
934.00,-0.0001
934.50,-0.0264
935.00,-0.0570
935.50,-0.0920
936.00,-0.1285
936.50,-0.1639
937.00,-0.1975
937.50,-0.2305
938.00,-0.2628
938.50,-0.2914
939.00,-0.3130
939.50,-0.3269
940.00,-0.3359
940.50,-0.3448
941.00,-0.3590
941.50,-0.3836
942.00,-0.4202
942.50,-0.4651
943.00,-0.5085
943.50,-0.5391
944.00,-0.5508
944.50,-0.5456
945.00,-0.5324
945.50,-0.5220
946.00,-0.5218
946.50,-0.5342
947.00,-0.5573
947.50,-0.5867
948.00,-0.6179
948.50,-0.6486
949.00,-0.6794
949.50,-0.7123
950.00,-0.7487
950.50,-0.7869
951.00,-0.8218
951.50,-0.8471
952.00,-0.8591
952.50,-0.8605
953.00,-0.8588
953.50,-0.8610
954.00,-0.8690
954.50,-0.8795
955.00,-0.8876
955.50,-0.8888
956.00,-0.8807
956.50,-0.8616
957.00,-0.8323
957.50,-0.7981
958.00,-0.7687
958.50,-0.7520
959.00,-0.7491
959.50,-0.7545
960.00,-0.7605
960.50,-0.7611
961.00,-0.7527
961.50,-0.7353
962.00,-0.7127
962.50,-0.6921
963.00,-0.6811
963.50,-0.6839
964.00,-0.6974
964.50,-0.7107
965.00,-0.7114
965.50,-0.6978
966.00,-0.6832
966.50,-0.6878
967.00,-0.7181
967.50,-0.7570
968.00,-0.7757
968.50,-0.7594
969.00,-0.7209
969.50,-0.6882
970.00,-0.6800
970.50,-0.6927
971.00,-0.7110
971.50,-0.7254
972.00,-0.7406
972.50,-0.7677
973.00,-0.8108
973.50,-0.8628
974.00,-0.9124
974.50,-0.9541
975.00,-0.9907
975.50,-1.0268
976.00,-1.0631
976.50,-1.0969
977.00,-1.1268
977.50,-1.1562
978.00,-1.1910
978.50,-1.2345
979.00,-1.2823
979.50,-1.3242
980.00,-1.3515
980.50,-1.3647
981.00,-1.3731
981.50,-1.3874
982.00,-1.4115
982.50,-1.4389
983.00,-1.4560
983.50,-1.4514
984.00,-1.4266
984.50,-1.3974
985.00,-1.3847
985.50,-1.4012
986.00,-1.4456
986.50,-1.5069
987.00,-1.5724
987.50,-1.6300
988.00,-1.6682
988.50,-1.6787
989.00,-1.6624
989.50,-1.6319
990.00,-1.6049
990.50,-1.5927
991.00,-1.5946
991.50,-1.6014
992.00,-1.6040
992.50,-1.6009
993.00,-1.5983
993.50,-1.6043
994.00,-1.6244
994.50,-1.6599
995.00,-1.7094
995.50,-1.7705
996.00,-1.8406
996.50,-1.9169
997.00,-1.9953
997.50,-2.0700
998.00,-2.1333
998.50,-2.1782
999.00,-2.2002
999.50,-2.2000
1000.00,-2.1858
1000.50,-2.1711
1001.00,-2.1665
1001.50,-2.1723
1002.00,-2.1774
1002.50,-2.1687
1003.00,-2.1437
1003.50,-2.1128
1004.00,-2.0923
1004.50,-2.0890
1005.00,-2.0950
1005.50,-2.0943
1006.00,-2.0795
1006.50,-2.0583
1007.00,-2.0453
1007.50,-2.0475
1008.00,-2.0592
1008.50,-2.0692
1009.00,-2.0705
1009.50,-2.0640
1010.00,-2.0545
1010.50,-2.0479
1011.00,-2.0482
1011.50,-2.0576
1012.00,-2.0768
1012.50,-2.1079
1013.00,-2.1543
1013.50,-2.2174
1014.00,-2.2919
1014.50,-2.3634
1015.00,-2.4131
1015.50,-2.4290
1016.00,-2.4134
1016.50,-2.3810
1017.00,-2.3505
1017.50,-2.3343
1018.00,-2.3356
1018.50,-2.3499
1019.00,-2.3692
1019.50,-2.3858
1020.00,-2.3936
1020.50,-2.3882
1021.00,-2.3668
1021.50,-2.3307
1022.00,-2.2876
1022.50,-2.2489
1023.00,-2.2249
1023.50,-2.2185
1024.00,-2.2236
1024.50,-2.2300
1025.00,-2.2304
1025.50,-2.2235
1026.00,-2.2090
1026.50,-2.1823
1027.00,-2.1374
1027.50,-2.0738
1028.00,-2.0023
1028.50,-1.9410
1029.00,-1.9041
1029.50,-1.8915
1030.00,-1.8877
1030.50,-1.8761
1031.00,-1.8543
1031.50,-1.8355
1032.00,-1.8343
1032.50,-1.8519
1033.00,-1.8761
1033.50,-1.8928
1034.00,-1.8962
1034.50,-1.8902
1035.00,-1.8830
1035.50,-1.8824
1036.00,-1.8923
1036.50,-1.9125
1037.00,-1.9401
1037.50,-1.9696
1038.00,-1.9952
1038.50,-2.0118
1039.00,-2.0178
1039.50,-2.0144
1040.00,-2.0055
1040.50,-1.9968
1041.00,-1.9944
1041.50,-2.0011
1042.00,-2.0118
1042.50,-2.0155
1043.00,-2.0020
1043.50,-1.9690
1044.00,-1.9241
1044.50,-1.8810
1045.00,-1.8510
1045.50,-1.8362
1046.00,-1.8290
1046.50,-1.8178
1047.00,-1.7969
1047.50,-1.7708
1048.00,-1.7520
1048.50,-1.7525
1049.00,-1.7756
1049.50,-1.8126
1050.00,-1.8479
1050.50,-1.8674
1051.00,-1.8657
1051.50,-1.8466
1052.00,-1.8195
1052.50,-1.7920
1053.00,-1.7645
1053.50,-1.7318
1054.00,-1.6914
1054.50,-1.6526
1055.00,-1.6348
1055.50,-1.6522
1056.00,-1.6991
1056.50,-1.7528
1057.00,-1.7907
1057.50,-1.8050
1058.00,-1.8012
1058.50,-1.7884
1059.00,-1.7733
1059.50,-1.7588
1060.00,-1.7440
1060.50,-1.7259
1061.00,-1.7015
1061.50,-1.6728
1062.00,-1.6467
1062.50,-1.6314
1063.00,-1.6303
1063.50,-1.6407
1064.00,-1.6539
1064.50,-1.6583
1065.00,-1.6452
1065.50,-1.6155
1066.00,-1.5806
1066.50,-1.5562
1067.00,-1.5503
1067.50,-1.5572
1068.00,-1.5600
1068.50,-1.5412
1069.00,-1.4946
1069.50,-1.4292
1070.00,-1.3650
1070.50,-1.3206
1071.00,-1.3045
1071.50,-1.3125
1072.00,-1.3326
1072.50,-1.3514
1073.00,-1.3586
1073.50,-1.3486
1074.00,-1.3208
1074.50,-1.2791
1075.00,-1.2309
1075.50,-1.1838
1076.00,-1.1413
1076.50,-1.1026
1077.00,-1.0636
1077.50,-1.0193
1078.00,-0.9652
1078.50,-0.8972
1079.00,-0.8126
1079.50,-0.7114
1080.00,-0.5972
1080.50,-0.4744
1081.00,-0.3437
1081.50,-0.2022
1082.00,-0.0480
1082.50,0.1142
1083.00,0.2749
1083.50,0.4258
1084.00,0.5657
1084.50,0.7010
1085.00,0.8440
1085.50,1.0072
1086.00,1.1963
1086.50,1.4055
1087.00,1.6199
1087.50,1.8257
1088.00,2.0210
1088.50,2.2166
1089.00,2.4240
1089.50,2.6409
1090.00,2.8511
1090.50,3.0393
1091.00,3.2058
1091.50,3.3692
1092.00,3.5552
1092.50,3.7849
1093.00,4.0674
1093.50,4.3957
1094.00,4.7490
1094.50,5.1027
1095.00,5.4426
1095.50,5.7704
1096.00,6.0969
1096.50,6.4285
1097.00,6.7626
1097.50,7.0936
1098.00,7.4208
1098.50,7.7501
1099.00,8.0888
1099.50,8.4401
1100.00,8.7986
1100.50,9.1476
1101.00,9.4621
1101.50,9.7171
1102.00,9.8973
1102.50,9.9981
1103.00,10.0162
1103.50,9.9387
1104.00,9.7443
1104.50,9.4159
1105.00,8.9531
1105.50,8.3720
1106.00,7.6910
1106.50,6.9212
1107.00,6.0700
1107.50,5.1542
1108.00,4.2061
1108.50,3.2668
1109.00,2.3741
1109.50,1.5554
1110.00,0.8275
1110.50,0.2016
1111.00,-0.3141
1111.50,-0.7168
1112.00,-1.0135
1112.50,-1.2201
1113.00,-1.3538
1113.50,-1.4268
1114.00,-1.4466
1114.50,-1.4220
1115.00,-1.3647
1115.50,-1.2858
1116.00,-1.1927
1116.50,-1.0911
1117.00,-0.9872
1117.50,-0.8885
1118.00,-0.8019
1118.50,-0.7300
1119.00,-0.6710
1119.50,-0.6183
1120.00,-0.5644
1120.50,-0.5056
1121.00,-0.4450
1121.50,-0.3920
1122.00,-0.3556
1122.50,-0.3357
1123.00,-0.3219
1123.50,-0.3019
1124.00,-0.2728
1124.50,-0.2417
1125.00,-0.2174
1125.50,-0.2038
1126.00,-0.2041
1126.50,-0.2268
1127.00,-0.2822
1127.50,-0.3701
1128.00,-0.4746
1128.50,-0.5728
1129.00,-0.6511
1129.50,-0.7118
1130.00,-0.7670
1130.50,-0.8274
1131.00,-0.8988
1131.50,-0.9844
1132.00,-1.0853
1132.50,-1.1981
1133.00,-1.3112
1133.50,-1.4097
1134.00,-1.4825
1134.50,-1.5265
1135.00,-1.5438
1135.50,-1.5396
1136.00,-1.5227
1136.50,-1.5085
1137.00,-1.5164
1137.50,-1.5586
1138.00,-1.6294
1138.50,-1.7060
1139.00,-1.7612
1139.50,-1.7803
1140.00,-1.7666
1140.50,-1.7364
1141.00,-1.7091
1141.50,-1.7033
1142.00,-1.7325
1142.50,-1.8012
1143.00,-1.8984
1143.50,-2.0010
1144.00,-2.0871
1144.50,-2.1499
1145.00,-2.1983
1145.50,-2.2466
1146.00,-2.3021
1146.50,-2.3610
1147.00,-2.4109
1147.50,-2.4381
1148.00,-2.4370
1148.50,-2.4177
1149.00,-2.4015
1149.50,-2.4064
1150.00,-2.4326
1150.50,-2.4637
1151.00,-2.4818
1151.50,-2.4810
1152.00,-2.4659
1152.50,-2.4425
1153.00,-2.4126
1153.50,-2.3758
1154.00,-2.3330
1154.50,-2.2852
1155.00,-2.2314
1155.50,-2.1721
1156.00,-2.1126
1156.50,-2.0616
1157.00,-2.0207
1157.50,-1.9789
1158.00,-1.9161
1158.50,-1.8125
1159.00,-1.6529
1159.50,-1.4275
1160.00,-1.1348
1160.50,-0.7842
1161.00,-0.3920
1161.50,0.0316
1162.00,0.4927
1162.50,1.0105
1163.00,1.6029
1163.50,2.2742
1164.00,3.0179
1164.50,3.8284
1165.00,4.7103
1165.50,5.6749
1166.00,6.7309
1166.50,7.8787
1167.00,9.1123
1167.50,10.4262
1168.00,11.8172
1168.50,13.2810
1169.00,14.8079
1169.50,16.3848
1170.00,18.0006
1170.50,19.6517
1171.00,21.3376
1171.50,23.0543
1172.00,24.7931
1172.50,26.5473
1173.00,28.3168
1173.50,30.1045
1174.00,31.9088
1174.50,33.7204
1175.00,35.5268
1175.50,37.3175
1176.00,39.0863
1176.50,40.8305
1177.00,42.5491
1177.50,44.2408
1178.00,45.9046
1178.50,47.5392
1179.00,49.1446
1179.50,50.7232
1180.00,52.2765
1180.50,53.8000
1181.00,55.2781
1181.50,56.6848
1182.00,57.9874
1182.50,59.1469
1183.00,60.1118
1183.50,60.8134
1184.00,61.1688
1184.50,61.0894
1185.00,60.4864
1185.50,59.2709
1186.00,57.3642
1186.50,54.7193
1187.00,51.3412
1187.50,47.2880
1188.00,42.6604
1188.50,37.5963
1189.00,32.2736
1189.50,26.9069
1190.00,21.7262
1190.50,16.9446
1191.00,12.7279
1191.50,9.1762
1192.00,6.3176
1192.50,4.1134
1193.00,2.4751
1193.50,1.2898
1194.00,0.4448
1194.50,-0.1553
1195.00,-0.5827
1195.50,-0.8850
1196.00,-1.0892
1196.50,-1.2105
1197.00,-1.2665
1197.50,-1.2829
1198.00,-1.2877
1198.50,-1.2999
1199.00,-1.3233
1199.50,-1.3518
1200.00,-1.3777
1200.50,-1.3953
1201.00,-1.4012
1201.50,-1.3950
1202.00,-1.3816
1202.50,-1.3701
1203.00,-1.3677
1203.50,-1.3743
1204.00,-1.3836
1204.50,-1.3899
1205.00,-1.3942
1205.50,-1.4018
1206.00,-1.4181
1206.50,-1.4439
1207.00,-1.4755
1207.50,-1.5075
1208.00,-1.5355
1208.50,-1.5585
1209.00,-1.5787
1209.50,-1.5995
1210.00,-1.6247
1210.50,-1.6563
1211.00,-1.6934
1211.50,-1.7321
1212.00,-1.7708
1212.50,-1.8134
1213.00,-1.8665
1213.50,-1.9334
1214.00,-2.0100
1214.50,-2.0893
1215.00,-2.1661
1215.50,-2.2362
1216.00,-2.2941
1216.50,-2.3330
1217.00,-2.3495
1217.50,-2.3450
1218.00,-2.3260
1218.50,-2.3015
1219.00,-2.2817
1219.50,-2.2723
1220.00,-2.2692
1220.50,-2.2601
1221.00,-2.2338
1221.50,-2.1907
1222.00,-2.1450
1222.50,-2.1176
1223.00,-2.1237
1223.50,-2.1628
1224.00,-2.2171
1224.50,-2.2625
1225.00,-2.2849
1225.50,-2.2876
1226.00,-2.2837
1226.50,-2.2820
1227.00,-2.2805
1227.50,-2.2727
1228.00,-2.2568
1228.50,-2.2399
1229.00,-2.2333
1229.50,-2.2431
1230.00,-2.2628
1230.50,-2.2776
1231.00,-2.2778
1231.50,-2.2677
1232.00,-2.2619
1232.50,-2.2709
1233.00,-2.2945
1233.50,-2.3248
1234.00,-2.3535
1234.50,-2.3768
1235.00,-2.3947
1235.50,-2.4082
1236.00,-2.4139
1236.50,-2.4029
1237.00,-2.3661
1237.50,-2.3057
1238.00,-2.2389
1238.50,-2.1904
1239.00,-2.1756
1239.50,-2.1917
1240.00,-2.2229
1240.50,-2.2557
1241.00,-2.2871
1241.50,-2.3207
1242.00,-2.3572
1242.50,-2.3908
1243.00,-2.4128
1243.50,-2.4179
1244.00,-2.4066
1244.50,-2.3851
1245.00,-2.3630
1245.50,-2.3492
1246.00,-2.3473
1246.50,-2.3551
1247.00,-2.3682
1247.50,-2.3847
1248.00,-2.4062
1248.50,-2.4317
1249.00,-2.4526
1249.50,-2.4523
1250.00,-2.4161
1250.50,-2.3444
1251.00,-2.2571
1251.50,-2.1821
1252.00,-2.1362
1252.50,-2.1186
1253.00,-2.1196
1253.50,-2.1324
1254.00,-2.1543
1254.50,-2.1794
1255.00,-2.1951
1255.50,-2.1902
1256.00,-2.1646
1256.50,-2.1321
1257.00,-2.1129
1257.50,-2.1219
1258.00,-2.1601
1258.50,-2.2163
1259.00,-2.2753
1259.50,-2.3254
1260.00,-2.3608
1260.50,-2.3807
1261.00,-2.3883
1261.50,-2.3904
1262.00,-2.3951
1262.50,-2.4055
1263.00,-2.4172
1263.50,-2.4212
1264.00,-2.4129
1264.50,-2.3987
1265.00,-2.3953
1265.50,-2.4187
1266.00,-2.4712
1266.50,-2.5377
1267.00,-2.5951
1267.50,-2.6269
1268.00,-2.6318
1268.50,-2.6209
1269.00,-2.6092
1269.50,-2.6071
1270.00,-2.6164
1270.50,-2.6308
1271.00,-2.6410
1271.50,-2.6394
1272.00,-2.6238
1272.50,-2.5987
1273.00,-2.5731
1273.50,-2.5566
1274.00,-2.5542
1274.50,-2.5657
1275.00,-2.5879
1275.50,-2.6184
1276.00,-2.6573
1276.50,-2.7016
1277.00,-2.7421
1277.50,-2.7659
1278.00,-2.7654
1278.50,-2.7443
1279.00,-2.7154
1279.50,-2.6940
1280.00,-2.6897
1280.50,-2.7024
1281.00,-2.7234
1281.50,-2.7417
1282.00,-2.7485
1282.50,-2.7424
1283.00,-2.7299
1283.50,-2.7232
1284.00,-2.7332
1284.50,-2.7608
1285.00,-2.7951
1285.50,-2.8194
1286.00,-2.8224
1286.50,-2.8048
1287.00,-2.7771
1287.50,-2.7514
1288.00,-2.7346
1288.50,-2.7266
1289.00,-2.7229
1289.50,-2.7191
1290.00,-2.7170
1290.50,-2.7234
1291.00,-2.7429
1291.50,-2.7699
1292.00,-2.7921
1292.50,-2.8011
1293.00,-2.7978
1293.50,-2.7897
1294.00,-2.7856
1294.50,-2.7952
1295.00,-2.8263
1295.50,-2.8788
1296.00,-2.9380
1296.50,-2.9796
1297.00,-2.9858
1297.50,-2.9595
1298.00,-2.9227
1298.50,-2.8989
1299.00,-2.8971
1299.50,-2.9082
1300.00,-2.9154
1300.50,-2.9061
1301.00,-2.8779
1301.50,-2.8387
1302.00,-2.8010
1302.50,-2.7771
1303.00,-2.7745
1303.50,-2.7945
1304.00,-2.8303
1304.50,-2.8686
1305.00,-2.8956
1305.50,-2.9057
1306.00,-2.9034
1306.50,-2.8992
1307.00,-2.9030
1307.50,-2.9193
1308.00,-2.9449
1308.50,-2.9706
1309.00,-2.9858
1309.50,-2.9863
1310.00,-2.9783
1310.50,-2.9743
1311.00,-2.9838
1311.50,-3.0059
1312.00,-3.0307
1312.50,-3.0462
1313.00,-3.0453
1313.50,-3.0282
1314.00,-2.9999
1314.50,-2.9659
1315.00,-2.9283
1315.50,-2.8877
1316.00,-2.8476
1316.50,-2.8155
1317.00,-2.7991
1317.50,-2.8007
1318.00,-2.8154
1318.50,-2.8331
1319.00,-2.8444
1319.50,-2.8453
1320.00,-2.8372
1320.50,-2.8244
1321.00,-2.8101
1321.50,-2.7959
1322.00,-2.7834
1322.50,-2.7739
1323.00,-2.7656
1323.50,-2.7534
1324.00,-2.7349
1324.50,-2.7175
1325.00,-2.7162
1325.50,-2.7414
1326.00,-2.7890
1326.50,-2.8449
1327.00,-2.8951
1327.50,-2.9328
1328.00,-2.9582
1328.50,-2.9758
1329.00,-2.9929
1329.50,-3.0169
1330.00,-3.0503
1330.50,-3.0872
1331.00,-3.1176
1331.50,-3.1338
1332.00,-3.1365
1332.50,-3.1316
1333.00,-3.1252
1333.50,-3.1211
1334.00,-3.1221
1334.50,-3.1302
1335.00,-3.1449
1335.50,-3.1622
1336.00,-3.1754
1336.50,-3.1783
1337.00,-3.1659
1337.50,-3.1371
1338.00,-3.0974
1338.50,-3.0597
1339.00,-3.0403
1339.50,-3.0483
1340.00,-3.0800
1340.50,-3.1192
1341.00,-3.1458
1341.50,-3.1455
1342.00,-3.1159
1342.50,-3.0668
1343.00,-3.0151
1343.50,-2.9768
1344.00,-2.9599
1344.50,-2.9619
1345.00,-2.9744
1345.50,-2.9901
1346.00,-3.0056
1346.50,-3.0186
1347.00,-3.0250
1347.50,-3.0215
1348.00,-3.0091
1348.50,-2.9926
1349.00,-2.9754
1349.50,-2.9573
1350.00,-2.9375
1350.50,-2.9194
1351.00,-2.9127
1351.50,-2.9279
1352.00,-2.9677
1352.50,-3.0216
1353.00,-3.0700
1353.50,-3.0957
1354.00,-3.0945
1354.50,-3.0762
1355.00,-3.0562
1355.50,-3.0457
1356.00,-3.0465
1356.50,-3.0525
1357.00,-3.0542
1357.50,-3.0456
1358.00,-3.0283
1358.50,-3.0107
1359.00,-3.0017
1359.50,-3.0045
1360.00,-3.0138
1360.50,-3.0211
1361.00,-3.0204
1361.50,-3.0121
1362.00,-3.0031
1362.50,-3.0020
1363.00,-3.0164
1363.50,-3.0493
1364.00,-3.0968
1364.50,-3.1497
1365.00,-3.1982
1365.50,-3.2332
1366.00,-3.2472
1366.50,-3.2350
1367.00,-3.1974
1367.50,-3.1436
1368.00,-3.0865
1368.50,-3.0356
1369.00,-2.9943
1369.50,-2.9628
1370.00,-2.9410
1370.50,-2.9266
1371.00,-2.9124
1371.50,-2.8896
1372.00,-2.8539
1372.50,-2.8115
1373.00,-2.7760
1373.50,-2.7594
1374.00,-2.7613
1374.50,-2.7683
1375.00,-2.7637
1375.50,-2.7412
1376.00,-2.7099
1376.50,-2.6866
1377.00,-2.6817
1377.50,-2.6915
1378.00,-2.7033
1378.50,-2.7086
1379.00,-2.7107
1379.50,-2.7183
1380.00,-2.7335
1380.50,-2.7469
1381.00,-2.7460
1381.50,-2.7275
1382.00,-2.7001
1382.50,-2.6759
1383.00,-2.6587
1383.50,-2.6428
1384.00,-2.6215
1384.50,-2.5954
1385.00,-2.5729
1385.50,-2.5636
1386.00,-2.5727
1386.50,-2.5999
1387.00,-2.6400
1387.50,-2.6859
1388.00,-2.7325
1388.50,-2.7798
1389.00,-2.8313
1389.50,-2.8878
1390.00,-2.9454
1390.50,-2.9989
1391.00,-3.0441
1391.50,-3.0767
1392.00,-3.0911
1392.50,-3.0860
1393.00,-3.0681
1393.50,-3.0490
1394.00,-3.0359
1394.50,-3.0275
1395.00,-3.0210
1395.50,-3.0180
1396.00,-3.0217
1396.50,-3.0300
1397.00,-3.0344
1397.50,-3.0271
1398.00,-3.0078
1398.50,-2.9831
1399.00,-2.9607
1399.50,-2.9448
1400.00,-2.9359
1400.50,-2.9336
1401.00,-2.9375
1401.50,-2.9471
1402.00,-2.9592
1402.50,-2.9692
1403.00,-2.9728
1403.50,-2.9697
1404.00,-2.9653
1404.50,-2.9683
1405.00,-2.9829
1405.50,-3.0054
1406.00,-3.0267
1406.50,-3.0402
1407.00,-3.0468
1407.50,-3.0527
1408.00,-3.0627
1408.50,-3.0751
1409.00,-3.0846
1409.50,-3.0877
1410.00,-3.0856
1410.50,-3.0830
1411.00,-3.0831
1411.50,-3.0846
1412.00,-3.0842
1412.50,-3.0819
1413.00,-3.0840
1413.50,-3.0978
1414.00,-3.1214
1414.50,-3.1405
1415.00,-3.1366
1415.50,-3.0999
1416.00,-3.0361
1416.50,-2.9606
1417.00,-2.8892
1417.50,-2.8299
1418.00,-2.7809
1418.50,-2.7382
1419.00,-2.7054
1419.50,-2.6946
1420.00,-2.7160
1420.50,-2.7663
1421.00,-2.8283
1421.50,-2.8817
1422.00,-2.9147
1422.50,-2.9288
1423.00,-2.9358
1423.50,-2.9504
1424.00,-2.9813
1424.50,-3.0256
1425.00,-3.0723
1425.50,-3.1106
1426.00,-3.1344
1426.50,-3.1409
1427.00,-3.1279
1427.50,-3.0958
1428.00,-3.0507
1428.50,-3.0038
1429.00,-2.9658
1429.50,-2.9433
1430.00,-2.9384
1430.50,-2.9487
1431.00,-2.9678
1431.50,-2.9900
1432.00,-3.0143
1432.50,-3.0449
1433.00,-3.0847
1433.50,-3.1294
1434.00,-3.1674
1434.50,-3.1875
1435.00,-3.1860
1435.50,-3.1701
1436.00,-3.1534
1436.50,-3.1483
1437.00,-3.1581
1437.50,-3.1764
1438.00,-3.1931
1438.50,-3.2009
1439.00,-3.1978
1439.50,-3.1831
1440.00,-3.1566
1440.50,-3.1193
1441.00,-3.0753
1441.50,-3.0315
1442.00,-2.9972
1442.50,-2.9840
1443.00,-2.9987
1443.50,-3.0372
1444.00,-3.0842
1444.50,-3.1236
1445.00,-3.1490
1445.50,-3.1650
1446.00,-3.1792
1446.50,-3.1937
1447.00,-3.2040
1447.50,-3.2035
1448.00,-3.1899
1448.50,-3.1666
1449.00,-3.1396
1449.50,-3.1135
1450.00,-3.0893
1450.50,-3.0659
1451.00,-3.0428
1451.50,-3.0220
1452.00,-3.0063
1452.50,-2.9980
1453.00,-2.9979
1453.50,-3.0047
1454.00,-3.0144
1454.50,-3.0227
1455.00,-3.0278
1455.50,-3.0335
1456.00,-3.0451
1456.50,-3.0644
1457.00,-3.0867
1457.50,-3.1027
1458.00,-3.1042
1458.50,-3.0875
1459.00,-3.0563
1459.50,-3.0206
1460.00,-2.9936
1460.50,-2.9878
1461.00,-3.0070
1461.50,-3.0411
1462.00,-3.0692
1462.50,-3.0729
1463.00,-3.0504
1463.50,-3.0176
1464.00,-2.9942
1464.50,-2.9880
1465.00,-2.9912
1465.50,-2.9891
1466.00,-2.9701
1466.50,-2.9308
1467.00,-2.8801
1467.50,-2.8372
1468.00,-2.8214
1468.50,-2.8371
1469.00,-2.8690
1469.50,-2.8961
1470.00,-2.9097
1470.50,-2.9201
1471.00,-2.9451
1471.50,-2.9929
1472.00,-3.0552
1472.50,-3.1116
1473.00,-3.1399
1473.50,-3.1270
1474.00,-3.0772
1474.50,-3.0125
1475.00,-2.9608
1475.50,-2.9407
1476.00,-2.9545
1476.50,-2.9902
1477.00,-3.0284
1477.50,-3.0518
1478.00,-3.0514
1478.50,-3.0296
1479.00,-2.9971
1479.50,-2.9672
1480.00,-2.9488
1480.50,-2.9444
1481.00,-2.9505
1481.50,-2.9621
1482.00,-2.9751
1482.50,-2.9882
1483.00,-3.0024
1483.50,-3.0178
1484.00,-3.0293
1484.50,-3.0267
1485.00,-3.0043
1485.50,-2.9679
1486.00,-2.9325
1486.50,-2.9117
1487.00,-2.9118
1487.50,-2.9357
1488.00,-2.9845
1488.50,-3.0515
1489.00,-3.1192
1489.50,-3.1681
1490.00,-3.1904
1490.50,-3.1934
1491.00,-3.1911
1491.50,-3.1910
1492.00,-3.1900
1492.50,-3.1807
1493.00,-3.1614
1493.50,-3.1405
1494.00,-3.1327
1494.50,-3.1487
1495.00,-3.1876
1495.50,-3.2360
1496.00,-3.2736
1496.50,-3.2834
1497.00,-3.2606
1497.50,-3.2160
1498.00,-3.1692
1498.50,-3.1366
1499.00,-3.1236
1499.50,-3.1246
1500.00,-3.1301
1500.50,-3.1322
1501.00,-3.1246
1501.50,-3.1032
1502.00,-3.0686
1502.50,-3.0303
1503.00,-3.0020
1503.50,-2.9921
1504.00,-2.9964
1504.50,-3.0007
1505.00,-2.9900
1505.50,-2.9578
1506.00,-2.9075
1506.50,-2.8492
1507.00,-2.7926
1507.50,-2.7439
1508.00,-2.7063
1508.50,-2.6836
1509.00,-2.6797
1509.50,-2.6945
1510.00,-2.7212
1510.50,-2.7483
1511.00,-2.7651
1511.50,-2.7670
1512.00,-2.7566
1512.50,-2.7421
1513.00,-2.7321
1513.50,-2.7311
1514.00,-2.7387
1514.50,-2.7536
1515.00,-2.7770
1515.50,-2.8093
1516.00,-2.8464
1516.50,-2.8778
1517.00,-2.8918
1517.50,-2.8851
1518.00,-2.8668
1518.50,-2.8528
1519.00,-2.8560
1519.50,-2.8771
1520.00,-2.9068
1520.50,-2.9332
1521.00,-2.9506
1521.50,-2.9609
1522.00,-2.9701
1522.50,-2.9842
1523.00,-3.0056
1523.50,-3.0323
1524.00,-3.0593
1524.50,-3.0797
1525.00,-3.0874
1525.50,-3.0804
1526.00,-3.0637
1526.50,-3.0478
1527.00,-3.0418
1527.50,-3.0467
1528.00,-3.0565
1528.50,-3.0647
1529.00,-3.0685
1529.50,-3.0643
1530.00,-3.0455
1530.50,-3.0080
1531.00,-2.9579
1531.50,-2.9093
1532.00,-2.8738
1532.50,-2.8536
1533.00,-2.8463
1533.50,-2.8522
1534.00,-2.8735
1534.50,-2.9085
1535.00,-2.9479
1535.50,-2.9805
1536.00,-3.0006
1536.50,-3.0117
1537.00,-3.0225
1537.50,-3.0374
1538.00,-3.0521
1538.50,-3.0559
1539.00,-3.0402
1539.50,-3.0059
1540.00,-2.9640
1540.50,-2.9271
1541.00,-2.9013
1541.50,-2.8833
1542.00,-2.8659
1542.50,-2.8454
1543.00,-2.8246
1543.50,-2.8100
1544.00,-2.8066
1544.50,-2.8153
1545.00,-2.8319
1545.50,-2.8492
1546.00,-2.8617
1546.50,-2.8690
1547.00,-2.8749
1547.50,-2.8811
1548.00,-2.8840
1548.50,-2.8785
1549.00,-2.8654
1549.50,-2.8536
1550.00,-2.8548
1550.50,-2.8751
1551.00,-2.9130
1551.50,-2.9610
1552.00,-3.0104
1552.50,-3.0542
1553.00,-3.0874
1553.50,-3.1070
1554.00,-3.1112
1554.50,-3.1001
1555.00,-3.0755
1555.50,-3.0431
1556.00,-3.0127
1556.50,-2.9966
1557.00,-3.0029
1557.50,-3.0306
1558.00,-3.0710
1558.50,-3.1162
1559.00,-3.1636
1559.50,-3.2152
1560.00,-3.2707
1560.50,-3.3237
1561.00,-3.3640
1561.50,-3.3799
1562.00,-3.3659
1562.50,-3.3262
1563.00,-3.2769
1563.50,-3.2369
1564.00,-3.2166
1564.50,-3.2132
1565.00,-3.2180
1565.50,-3.2251
1566.00,-3.2333
1566.50,-3.2424
1567.00,-3.2522
1567.50,-3.2645
1568.00,-3.2811
1568.50,-3.2994
1569.00,-3.3129
1569.50,-3.3168
1570.00,-3.3147
1570.50,-3.3158
1571.00,-3.3270
1571.50,-3.3471
1572.00,-3.3686
1572.50,-3.3830
1573.00,-3.3831
1573.50,-3.3654
1574.00,-3.3324
1574.50,-3.2933
1575.00,-3.2584
1575.50,-3.2305
1576.00,-3.2050
1576.50,-3.1789
1577.00,-3.1584
1577.50,-3.1540
1578.00,-3.1705
1578.50,-3.2017
1579.00,-3.2360
1579.50,-3.2621
1580.00,-3.2728
1580.50,-3.2650
1581.00,-3.2397
1581.50,-3.2027
1582.00,-3.1626
1582.50,-3.1278
1583.00,-3.1045
1583.50,-3.0963
1584.00,-3.1058
1584.50,-3.1328
1585.00,-3.1721
1585.50,-3.2136
1586.00,-3.2458
1586.50,-3.2614
1587.00,-3.2593
1587.50,-3.2427
1588.00,-3.2136
1588.50,-3.1721
1589.00,-3.1216
1589.50,-3.0732
1590.00,-3.0439
1590.50,-3.0455
1591.00,-3.0757
1591.50,-3.1185
1592.00,-3.1552
1592.50,-3.1765
1593.00,-3.1848
1593.50,-3.1883
1594.00,-3.1907
1594.50,-3.1902
1595.00,-3.1859
1595.50,-3.1833
1596.00,-3.1920
1596.50,-3.2184
1597.00,-3.2611
1597.50,-3.3147
1598.00,-3.3733
1598.50,-3.4299
1599.00,-3.4739
1599.50,-3.4928
1600.00,-3.4811
1600.50,-3.4476
1601.00,-3.4145
1601.50,-3.4023
1602.00,-3.4151
1602.50,-3.4381
1603.00,-3.4527
1603.50,-3.4536
1604.00,-3.4513
1604.50,-3.4597
1605.00,-3.4829
1605.50,-3.5145
1606.00,-3.5454
1606.50,-3.5695
1607.00,-3.5840
1607.50,-3.5885
1608.00,-3.5841
1608.50,-3.5726
1609.00,-3.5559
1609.50,-3.5377
1610.00,-3.5246
1610.50,-3.5220
1611.00,-3.5279
1611.50,-3.5350
1612.00,-3.5374
1612.50,-3.5376
1613.00,-3.5419
1613.50,-3.5522
1614.00,-3.5644
1614.50,-3.5742
1615.00,-3.5803
1615.50,-3.5828
1616.00,-3.5806
1616.50,-3.5729
1617.00,-3.5631
1617.50,-3.5583
1618.00,-3.5649
1618.50,-3.5849
1619.00,-3.6143
1619.50,-3.6461
1620.00,-3.6723
1620.50,-3.6864
1621.00,-3.6863
1621.50,-3.6767
1622.00,-3.6666
1622.50,-3.6625
1623.00,-3.6644
1623.50,-3.6680
1624.00,-3.6717
1624.50,-3.6788
1625.00,-3.6946
1625.50,-3.7186
1626.00,-3.7415
1626.50,-3.7493
1627.00,-3.7331
1627.50,-3.6967
1628.00,-3.6551
1628.50,-3.6245
1629.00,-3.6114
1629.50,-3.6089
1630.00,-3.6054
1630.50,-3.5951
1631.00,-3.5821
1631.50,-3.5750
1632.00,-3.5786
1632.50,-3.5907
1633.00,-3.6061
1633.50,-3.6218
1634.00,-3.6408
1634.50,-3.6671
1635.00,-3.6962
1635.50,-3.7120
1636.00,-3.6963
1636.50,-3.6457
1637.00,-3.5780
1637.50,-3.5221
1638.00,-3.5000
1638.50,-3.5147
1639.00,-3.5508
1639.50,-3.5850
1640.00,-3.5984
1640.50,-3.5841
1641.00,-3.5489
1641.50,-3.5079
1642.00,-3.4771
1642.50,-3.4647
1643.00,-3.4673
1643.50,-3.4749
1644.00,-3.4803
1644.50,-3.4849
1645.00,-3.4949
1645.50,-3.5103
1646.00,-3.5208
1646.50,-3.5146
1647.00,-3.4930
1647.50,-3.4748
1648.00,-3.4820
1648.50,-3.5229
1649.00,-3.5866
1649.50,-3.6520
1650.00,-3.7003
1650.50,-3.7208
1651.00,-3.7128
1651.50,-3.6859
1652.00,-3.6556
1652.50,-3.6359
1653.00,-3.6325
1653.50,-3.6421
1654.00,-3.6564
1654.50,-3.6689
1655.00,-3.6782
1655.50,-3.6856
1656.00,-3.6891
1656.50,-3.6810
1657.00,-3.6558
1657.50,-3.6193
1658.00,-3.5895
1658.50,-3.5834
1659.00,-3.6041
1659.50,-3.6397
1660.00,-3.6727
1660.50,-3.6911
1661.00,-3.6936
1661.50,-3.6870
1662.00,-3.6812
1662.50,-3.6838
1663.00,-3.6967
1663.50,-3.7152
1664.00,-3.7304
1664.50,-3.7373
1665.00,-3.7412
1665.50,-3.7551
1666.00,-3.7880
1666.50,-3.8340
1667.00,-3.8744
1667.50,-3.8882
1668.00,-3.8648
1668.50,-3.8103
1669.00,-3.7459
1669.50,-3.6989
1670.00,-3.6890
1670.50,-3.7180
1671.00,-3.7681
1671.50,-3.8110
1672.00,-3.8244
1672.50,-3.8038
1673.00,-3.7633
1673.50,-3.7252
1674.00,-3.7070
1674.50,-3.7141
1675.00,-3.7398
1675.50,-3.7697
1676.00,-3.7887
1676.50,-3.7864
1677.00,-3.7626
1677.50,-3.7276
1678.00,-3.6987
1678.50,-3.6902
1679.00,-3.7029
1679.50,-3.7249
1680.00,-3.7416
1680.50,-3.7478
1681.00,-3.7474
1681.50,-3.7467
1682.00,-3.7491
1682.50,-3.7563
1683.00,-3.7703
1683.50,-3.7912
1684.00,-3.8148
1684.50,-3.8344
1685.00,-3.8453
1685.50,-3.8480
1686.00,-3.8459
1686.50,-3.8420
1687.00,-3.8361
1687.50,-3.8247
1688.00,-3.8028
1688.50,-3.7685
1689.00,-3.7274
1689.50,-3.6908
1690.00,-3.6685
1690.50,-3.6612
1691.00,-3.6622
1691.50,-3.6636
1692.00,-3.6619
1692.50,-3.6572
1693.00,-3.6527
1693.50,-3.6533
1694.00,-3.6648
1694.50,-3.6898
1695.00,-3.7235
1695.50,-3.7564
1696.00,-3.7821
1696.50,-3.8034
1697.00,-3.8278
1697.50,-3.8577
1698.00,-3.8843
1698.50,-3.8936
1699.00,-3.8776
1699.50,-3.8415
1700.00,-3.8018
1700.50,-3.7756
1701.00,-3.7705
1701.50,-3.7810
1702.00,-3.7950
1702.50,-3.8034
1703.00,-3.8035
1703.50,-3.7976
1704.00,-3.7914
1704.50,-3.7927
1705.00,-3.8080
1705.50,-3.8373
1706.00,-3.8718
1706.50,-3.8982
1707.00,-3.9054
1707.50,-3.8898
1708.00,-3.8543
1708.50,-3.8044
1709.00,-3.7434
1709.50,-3.6728
1710.00,-3.5959
1710.50,-3.5221
1711.00,-3.4642
1711.50,-3.4312
1712.00,-3.4220
1712.50,-3.4271
1713.00,-3.4363
1713.50,-3.4444
1714.00,-3.4514
1714.50,-3.4599
1715.00,-3.4725
1715.50,-3.4922
1716.00,-3.5182
1716.50,-3.5429
1717.00,-3.5560
1717.50,-3.5531
1718.00,-3.5397
1718.50,-3.5239
1719.00,-3.5061
1719.50,-3.4814
1720.00,-3.4481
1720.50,-3.4133
1721.00,-3.3862
1721.50,-3.3677
1722.00,-3.3488
1722.50,-3.3200
1723.00,-3.2829
1723.50,-3.2516
1724.00,-3.2426
1724.50,-3.2627
1725.00,-3.3030
1725.50,-3.3446
1726.00,-3.3695
1726.50,-3.3725
1727.00,-3.3629
1727.50,-3.3571
1728.00,-3.3667
1728.50,-3.3931
1729.00,-3.4313
1729.50,-3.4738
1730.00,-3.5126
1730.50,-3.5402
1731.00,-3.5543
1731.50,-3.5613
1732.00,-3.5724
1732.50,-3.5934
1733.00,-3.6206
1733.50,-3.6468
1734.00,-3.6714
1734.50,-3.7005
1735.00,-3.7377
1735.50,-3.7758
1736.00,-3.8010
1736.50,-3.8044
1737.00,-3.7892
1737.50,-3.7655
1738.00,-3.7421
1738.50,-3.7235
1739.00,-3.7132
1739.50,-3.7163
1740.00,-3.7372
1740.50,-3.7749
1741.00,-3.8205
1741.50,-3.8612
1742.00,-3.8879
1742.50,-3.9016
1743.00,-3.9113
1743.50,-3.9258
1744.00,-3.9480
1744.50,-3.9744
1745.00,-3.9974
1745.50,-4.0086
1746.00,-4.0015
1746.50,-3.9761
1747.00,-3.9378
1747.50,-3.8925
1748.00,-3.8431
1748.50,-3.7926
1749.00,-3.7485
1749.50,-3.7200
1750.00,-3.7125
1750.50,-3.7257
1751.00,-3.7567
1751.50,-3.8016
1752.00,-3.8519
1752.50,-3.8932
1753.00,-3.9088
1753.50,-3.8898
1754.00,-3.8420
1754.50,-3.7852
1755.00,-3.7415
1755.50,-3.7235
1756.00,-3.7298
1756.50,-3.7519
1757.00,-3.7824
1757.50,-3.8192
1758.00,-3.8609
1758.50,-3.9016
1759.00,-3.9303
1759.50,-3.9362
1760.00,-3.9172
1760.50,-3.8858
1761.00,-3.8657
1761.50,-3.8794
1762.00,-3.9294
1762.50,-3.9906
1763.00,-4.0236
1763.50,-4.0018
1764.00,-3.9320
1764.50,-3.8486
1765.00,-3.7877
1765.50,-3.7663
1766.00,-3.7801
1766.50,-3.8138
1767.00,-3.8527
1767.50,-3.8885
1768.00,-3.9230
1768.50,-3.9635
1769.00,-4.0130
1769.50,-4.0627
1770.00,-4.0952
1770.50,-4.0990
1771.00,-4.0784
1771.50,-4.0506
1772.00,-4.0332
1772.50,-4.0328
1773.00,-4.0435
1773.50,-4.0554
1774.00,-4.0647
1774.50,-4.0764
1775.00,-4.0976
1775.50,-4.1294
1776.00,-4.1638
1776.50,-4.1887
1777.00,-4.1961
1777.50,-4.1856
1778.00,-4.1643
1778.50,-4.1424
1779.00,-4.1280
1779.50,-4.1224
1780.00,-4.1202
1780.50,-4.1157
1781.00,-4.1090
1781.50,-4.1065
1782.00,-4.1139
1782.50,-4.1293
1783.00,-4.1432
1783.50,-4.1450
1784.00,-4.1288
1784.50,-4.0960
1785.00,-4.0534
1785.50,-4.0103
1786.00,-3.9767
1786.50,-3.9600
1787.00,-3.9638
1787.50,-3.9860
1788.00,-4.0211
1788.50,-4.0643
1789.00,-4.1122
1789.50,-4.1603
1790.00,-4.2008
1790.50,-4.2257
1791.00,-4.2325
1791.50,-4.2281
1792.00,-4.2252
1792.50,-4.2337
1793.00,-4.2531
1793.50,-4.2747
1794.00,-4.2919
1794.50,-4.3067
1795.00,-4.3248
1795.50,-4.3460
1796.00,-4.3625
1796.50,-4.3676
1797.00,-4.3637
1797.50,-4.3581
1798.00,-4.3519
1798.50,-4.3360
1799.00,-4.3003
1799.50,-4.2461
1800.00,-4.1883
1800.50,-4.1455
1801.00,-4.1265
1801.50,-4.1276
1802.00,-4.1397
1802.50,-4.1575
1803.00,-4.1801
1803.50,-4.2047
1804.00,-4.2237
1804.50,-4.2272
1805.00,-4.2125
1805.50,-4.1883
1806.00,-4.1717
1806.50,-4.1771
1807.00,-4.2033
1807.50,-4.2292
1808.00,-4.2270
1808.50,-4.1847
1809.00,-4.1163
1809.50,-4.0485
1810.00,-4.0001
1810.50,-3.9728
1811.00,-3.9568
1811.50,-3.9400
1812.00,-3.9134
1812.50,-3.8759
1813.00,-3.8363
1813.50,-3.8069
1814.00,-3.7931
1814.50,-3.7904
1815.00,-3.7932
1815.50,-3.8032
1816.00,-3.8258
1816.50,-3.8598
1817.00,-3.8944
1817.50,-3.9169
1818.00,-3.9220
1818.50,-3.9127
1819.00,-3.8943
1819.50,-3.8711
1820.00,-3.8477
1820.50,-3.8313
1821.00,-3.8297
1821.50,-3.8480
1822.00,-3.8857
1822.50,-3.9369
1823.00,-3.9920
1823.50,-4.0416
1824.00,-4.0805
1824.50,-4.1108
1825.00,-4.1392
1825.50,-4.1693
1826.00,-4.1969
1826.50,-4.2137
1827.00,-4.2144
1827.50,-4.2006
1828.00,-4.1765
1828.50,-4.1442
1829.00,-4.1046
1829.50,-4.0625
1830.00,-4.0279
1830.50,-4.0089
1831.00,-4.0049
1831.50,-4.0048
1832.00,-3.9951
1832.50,-3.9699
1833.00,-3.9375
1833.50,-3.9160
1834.00,-3.9215
1834.50,-3.9584
1835.00,-4.0178
1835.50,-4.0815
1836.00,-4.1274
1836.50,-4.1376
1837.00,-4.1073
1837.50,-4.0503
1838.00,-3.9913
1838.50,-3.9506
1839.00,-3.9320
1839.50,-3.9259
1840.00,-3.9205
1840.50,-3.9124
1841.00,-3.9068
1841.50,-3.9123
1842.00,-3.9360
1842.50,-3.9802
1843.00,-4.0367
1843.50,-4.0880
1844.00,-4.1185
1844.50,-4.1272
1845.00,-4.1290
1845.50,-4.1396
1846.00,-4.1601
1846.50,-4.1774
1847.00,-4.1776
1847.50,-4.1580
1848.00,-4.1272
1848.50,-4.0982
1849.00,-4.0837
1849.50,-4.0946
1850.00,-4.1374
1850.50,-4.2075
1851.00,-4.2853
1851.50,-4.3446
1852.00,-4.3676
1852.50,-4.3562
1853.00,-4.3290
1853.50,-4.3051
1854.00,-4.2904
1854.50,-4.2763
1855.00,-4.2523
1855.50,-4.2185
1856.00,-4.1864
1856.50,-4.1685
1857.00,-4.1678
1857.50,-4.1763
1858.00,-4.1820
1858.50,-4.1771
1859.00,-4.1611
1859.50,-4.1374
1860.00,-4.1082
1860.50,-4.0739
1861.00,-4.0359
1861.50,-4.0006
1862.00,-3.9777
1862.50,-3.9738
1863.00,-3.9863
1863.50,-4.0039
1864.00,-4.0143
1864.50,-4.0128
1865.00,-4.0050
1865.50,-4.0027
1866.00,-4.0153
1866.50,-4.0441
1867.00,-4.0827
1867.50,-4.1201
1868.00,-4.1451
1868.50,-4.1516
1869.00,-4.1444
1869.50,-4.1366
1870.00,-4.1402
1870.50,-4.1571
1871.00,-4.1790
1871.50,-4.1960
1872.00,-4.2056
1872.50,-4.2136
1873.00,-4.2263
1873.50,-4.2437
1874.00,-4.2593
1874.50,-4.2666
1875.00,-4.2658
1875.50,-4.2640
1876.00,-4.2677
1876.50,-4.2754
1877.00,-4.2776
1877.50,-4.2654
1878.00,-4.2388
1878.50,-4.2079
1879.00,-4.1854
1879.50,-4.1783
1880.00,-4.1834
1880.50,-4.1922
1881.00,-4.1981
1881.50,-4.2009
1882.00,-4.2045
1882.50,-4.2101
1883.00,-4.2121
1883.50,-4.2001
1884.00,-4.1679
1884.50,-4.1228
1885.00,-4.0854
1885.50,-4.0755
1886.00,-4.0981
1886.50,-4.1415
1887.00,-4.1887
1887.50,-4.2277
1888.00,-4.2543
1888.50,-4.2704
1889.00,-4.2822
1889.50,-4.2973
1890.00,-4.3198
1890.50,-4.3452
1891.00,-4.3621
1891.50,-4.3621
1892.00,-4.3462
1892.50,-4.3249
1893.00,-4.3106
1893.50,-4.3112
1894.00,-4.3280
1894.50,-4.3571
1895.00,-4.3931
1895.50,-4.4305
1896.00,-4.4645
1896.50,-4.4900
1897.00,-4.5010
1897.50,-4.4937
1898.00,-4.4698
1898.50,-4.4382
1899.00,-4.4108
1899.50,-4.3959
1900.00,-4.3918
1900.50,-4.3889
1901.00,-4.3800
1901.50,-4.3687
1902.00,-4.3675
1902.50,-4.3832
1903.00,-4.4094
1903.50,-4.4309
1904.00,-4.4359
1904.50,-4.4207
1905.00,-4.3888
1905.50,-4.3478
1906.00,-4.3102
1906.50,-4.2923
1907.00,-4.3079
1907.50,-4.3594
1908.00,-4.4326
1908.50,-4.5020
1909.00,-4.5416
1909.50,-4.5376
1910.00,-4.4941
1910.50,-4.4301
1911.00,-4.3687
1911.50,-4.3264
1912.00,-4.3079
1912.50,-4.3090
1913.00,-4.3228
1913.50,-4.3451
1914.00,-4.3758
1914.50,-4.4154
1915.00,-4.4600
1915.50,-4.5014
1916.00,-4.5294
1916.50,-4.5380
1917.00,-4.5281
1917.50,-4.5072
1918.00,-4.4844
1918.50,-4.4650
1919.00,-4.4504
1919.50,-4.4399
1920.00,-4.4304
1920.50,-4.4167
1921.00,-4.3958
1921.50,-4.3734
1922.00,-4.3615
1922.50,-4.3702
1923.00,-4.4003
1923.50,-4.4440
1924.00,-4.4900
1924.50,-4.5267
1925.00,-4.5440
1925.50,-4.5378
1926.00,-4.5142
1926.50,-4.4854
1927.00,-4.4617
1927.50,-4.4468
1928.00,-4.4405
1928.50,-4.4422
1929.00,-4.4493
1929.50,-4.4530
1930.00,-4.4411
1930.50,-4.4065
1931.00,-4.3540
1931.50,-4.2984
1932.00,-4.2551
1932.50,-4.2337
1933.00,-4.2349
1933.50,-4.2526
1934.00,-4.2779
1934.50,-4.3021
1935.00,-4.3179
1935.50,-4.3199
1936.00,-4.3076
1936.50,-4.2872
1937.00,-4.2695
1937.50,-4.2656
1938.00,-4.2821
1938.50,-4.3173
1939.00,-4.3614
1939.50,-4.4002
1940.00,-4.4235
1940.50,-4.4298
1941.00,-4.4251
1941.50,-4.4154
1942.00,-4.4039
1942.50,-4.3921
1943.00,-4.3843
1943.50,-4.3885
1944.00,-4.4119
1944.50,-4.4542
1945.00,-4.5038
1945.50,-4.5412
1946.00,-4.5497
1946.50,-4.5272
1947.00,-4.4896
1947.50,-4.4599
1948.00,-4.4509
1948.50,-4.4552
1949.00,-4.4526
1949.50,-4.4291
1950.00,-4.3887
1950.50,-4.3476
1951.00,-4.3192
1951.50,-4.3023
1952.00,-4.2862
1952.50,-4.2626
1953.00,-4.2335
1953.50,-4.2074
1954.00,-4.1904
1954.50,-4.1806
1955.00,-4.1701
1955.50,-4.1524
1956.00,-4.1316
1956.50,-4.1211
1957.00,-4.1310
1957.50,-4.1561
1958.00,-4.1764
1958.50,-4.1718
1959.00,-4.1371
1959.50,-4.0837
1960.00,-4.0303
1960.50,-3.9904
1961.00,-3.9679
1961.50,-3.9613
1962.00,-3.9682
1962.50,-3.9863
1963.00,-4.0108
1963.50,-4.0362
1964.00,-4.0610
1964.50,-4.0900
1965.00,-4.1279
1965.50,-4.1726
1966.00,-4.2149
1966.50,-4.2474
1967.00,-4.2697
1967.50,-4.2853
1968.00,-4.2953
1968.50,-4.2984
1969.00,-4.2943
1969.50,-4.2864
1970.00,-4.2801
1970.50,-4.2803
1971.00,-4.2882
1971.50,-4.3008
1972.00,-4.3131
1972.50,-4.3235
1973.00,-4.3382
1973.50,-4.3662
1974.00,-4.4113
1974.50,-4.4645
1975.00,-4.5079
1975.50,-4.5244
1976.00,-4.5074
1976.50,-4.4647
1977.00,-4.4138
1977.50,-4.3735
1978.00,-4.3561
1978.50,-4.3645
1979.00,-4.3934
1979.50,-4.4323
1980.00,-4.4676
1980.50,-4.4866
1981.00,-4.4827
1981.50,-4.4586
1982.00,-4.4266
1982.50,-4.4031
1983.00,-4.3996
1983.50,-4.4162
1984.00,-4.4429
1984.50,-4.4678
1985.00,-4.4841
1985.50,-4.4895
1986.00,-4.4833
1986.50,-4.4658
1987.00,-4.4404
1987.50,-4.4127
1988.00,-4.3896
1988.50,-4.3776
1989.00,-4.3817
1989.50,-4.4028
1990.00,-4.4352
1990.50,-4.4667
1991.00,-4.4852
1991.50,-4.4859
1992.00,-4.4720
1992.50,-4.4498
1993.00,-4.4244
1993.50,-4.4013
1994.00,-4.3895
1994.50,-4.3994
1995.00,-4.4331
1995.50,-4.4794
1996.00,-4.5203
1996.50,-4.5447
1997.00,-4.5546
1997.50,-4.5562
1998.00,-4.5466
1998.50,-4.5151
1999.00,-4.4573
1999.50,-4.3868
2000.00,-4.3275
2000.50,-4.2963
2001.00,-4.2936
2001.50,-4.3106
2002.00,-4.3379
2002.50,-4.3696
2003.00,-4.4009
2003.50,-4.4272
2004.00,-4.4475
2004.50,-4.4669
2005.00,-4.4927
2005.50,-4.5285
2006.00,-4.5675
2006.50,-4.5963
2007.00,-4.6021
2007.50,-4.5824
2008.00,-4.5470
2008.50,-4.5118
2009.00,-4.4901
2009.50,-4.4875
2010.00,-4.5014
2010.50,-4.5208
2011.00,-4.5285
2011.50,-4.5089
2012.00,-4.4596
2012.50,-4.3957
2013.00,-4.3414
2013.50,-4.3132
2014.00,-4.3095
2014.50,-4.3149
2015.00,-4.3133
2015.50,-4.2981
2016.00,-4.2708
2016.50,-4.2375
2017.00,-4.2058
2017.50,-4.1842
2018.00,-4.1756
2018.50,-4.1739
2019.00,-4.1693
2019.50,-4.1590
2020.00,-4.1519
2020.50,-4.1615
2021.00,-4.1945
2021.50,-4.2445
2022.00,-4.2933
2022.50,-4.3201
2023.00,-4.3141
2023.50,-4.2833
2024.00,-4.2489
2024.50,-4.2296
2025.00,-4.2280
2025.50,-4.2322
2026.00,-4.2285
2026.50,-4.2122
2027.00,-4.1912
2027.50,-4.1796
2028.00,-4.1873
2028.50,-4.2138
2029.00,-4.2516
2029.50,-4.2950
2030.00,-4.3420
2030.50,-4.3876
2031.00,-4.4198
2031.50,-4.4257
2032.00,-4.4035
2032.50,-4.3676
2033.00,-4.3402
2033.50,-4.3394
2034.00,-4.3696
2034.50,-4.4203
2035.00,-4.4741
2035.50,-4.5158
2036.00,-4.5370
2036.50,-4.5354
2037.00,-4.5125
2037.50,-4.4772
2038.00,-4.4490
2038.50,-4.4503
2039.00,-4.4906
2039.50,-4.5570
2040.00,-4.6215
2040.50,-4.6593
2041.00,-4.6627
2041.50,-4.6380
2042.00,-4.5968
2042.50,-4.5487
2043.00,-4.5019
2043.50,-4.4632
2044.00,-4.4356
2044.50,-4.4170
2045.00,-4.4045
2045.50,-4.3993
2046.00,-4.4049
2046.50,-4.4194
2047.00,-4.4326
2047.50,-4.4307
2048.00,-4.4077
2048.50,-4.3684
2049.00,-4.3214
2049.50,-4.2701
2050.00,-4.2133
2050.50,-4.1547
2051.00,-4.1098
2051.50,-4.0967
2052.00,-4.1215
2052.50,-4.1698
2053.00,-4.2189
2053.50,-4.2549
2054.00,-4.2802
2054.50,-4.3033
2055.00,-4.3262
2055.50,-4.3414
2056.00,-4.3383
2056.50,-4.3137
2057.00,-4.2726
2057.50,-4.2239
2058.00,-4.1757
2058.50,-4.1353
2059.00,-4.1103
2059.50,-4.1056
2060.00,-4.1170
2060.50,-4.1327
2061.00,-4.1428
2061.50,-4.1467
2062.00,-4.1529
2062.50,-4.1719
2063.00,-4.2097
2063.50,-4.2641
2064.00,-4.3235
2064.50,-4.3728
2065.00,-4.4029
2065.50,-4.4169
2066.00,-4.4253
2066.50,-4.4352
2067.00,-4.4444
2067.50,-4.4486
2068.00,-4.4506
2068.50,-4.4621
2069.00,-4.4962
2069.50,-4.5566
2070.00,-4.6327
2070.50,-4.7030
2071.00,-4.7460
2071.50,-4.7506
2072.00,-4.7229
2072.50,-4.6813
2073.00,-4.6447
2073.50,-4.6216
2074.00,-4.6088
2074.50,-4.5980
2075.00,-4.5840
2075.50,-4.5684
2076.00,-4.5562
2076.50,-4.5508
2077.00,-4.5493
2077.50,-4.5431
2078.00,-4.5251
2078.50,-4.4965
2079.00,-4.4706
2079.50,-4.4643
2080.00,-4.4855
2080.50,-4.5250
2081.00,-4.5621
2081.50,-4.5788
2082.00,-4.5713
2082.50,-4.5502
2083.00,-4.5313
2083.50,-4.5248
2084.00,-4.5305
2084.50,-4.5404
2085.00,-4.5484
2085.50,-4.5526
2086.00,-4.5532
2086.50,-4.5481
2087.00,-4.5339
2087.50,-4.5093
2088.00,-4.4773
2088.50,-4.4448
2089.00,-4.4190
2089.50,-4.4022
2090.00,-4.3880
2090.50,-4.3655
2091.00,-4.3304
2091.50,-4.2927
2092.00,-4.2700
2092.50,-4.2741
2093.00,-4.3014
2093.50,-4.3382
2094.00,-4.3686
2094.50,-4.3793
2095.00,-4.3604
2095.50,-4.3103
2096.00,-4.2426
2096.50,-4.1820
2097.00,-4.1505
2097.50,-4.1528
2098.00,-4.1772
2098.50,-4.2072
2099.00,-4.2327
2099.50,-4.2513
2100.00,-4.2637
2100.50,-4.2707
2101.00,-4.2734
2101.50,-4.2762
2102.00,-4.2869
2102.50,-4.3135
2103.00,-4.3582
2103.50,-4.4140
2104.00,-4.4671
2104.50,-4.5042
2105.00,-4.5168
2105.50,-4.5034
2106.00,-4.4677
2106.50,-4.4167
2107.00,-4.3585
2107.50,-4.3032
2108.00,-4.2621
2108.50,-4.2462
2109.00,-4.2605
2109.50,-4.3011
2110.00,-4.3554
2110.50,-4.4060
2111.00,-4.4368
2111.50,-4.4381
2112.00,-4.4070
2112.50,-4.3454
2113.00,-4.2599
2113.50,-4.1647
2114.00,-4.0827
2114.50,-4.0342
2115.00,-4.0227
2115.50,-4.0307
2116.00,-4.0307
2116.50,-4.0027
2117.00,-3.9441
2117.50,-3.8707
2118.00,-3.8075
2118.50,-3.7727
2119.00,-3.7644
2119.50,-3.7662
2120.00,-3.7673
2120.50,-3.7754
2121.00,-3.8079
2121.50,-3.8716
2122.00,-3.9528
2122.50,-4.0258
2123.00,-4.0687
2123.50,-4.0772
2124.00,-4.0656
2124.50,-4.0567
2125.00,-4.0656
2125.50,-4.0896
2126.00,-4.1158
2126.50,-4.1360
2127.00,-4.1551
2127.50,-4.1860
2128.00,-4.2366
2128.50,-4.3006
2129.00,-4.3601
2129.50,-4.3984
2130.00,-4.4117
2130.50,-4.4118
2131.00,-4.4162
2131.50,-4.4345
2132.00,-4.4645
2132.50,-4.4985
2133.00,-4.5335
2133.50,-4.5699
2134.00,-4.6052
2134.50,-4.6289
2135.00,-4.6291
2135.50,-4.6037
2136.00,-4.5649
2136.50,-4.5314
2137.00,-4.5147
2137.50,-4.5136
2138.00,-4.5204
2138.50,-4.5294
2139.00,-4.5392
2139.50,-4.5490
2140.00,-4.5565
2140.50,-4.5606
2141.00,-4.5635
2141.50,-4.5693
2142.00,-4.5809
2142.50,-4.5971
2143.00,-4.6132
2143.50,-4.6230
2144.00,-4.6209
2144.50,-4.6038
2145.00,-4.5736
2145.50,-4.5367
2146.00,-4.4998
2146.50,-4.4688
2147.00,-4.4491
2147.50,-4.4469
2148.00,-4.4643
2148.50,-4.4925
2149.00,-4.5146
2149.50,-4.5163
2150.00,-4.4988
2150.50,-4.4785
2151.00,-4.4744
2151.50,-4.4932
2152.00,-4.5257
2152.50,-4.5552
2153.00,-4.5692
2153.50,-4.5647
2154.00,-4.5459
2154.50,-4.5193
2155.00,-4.4908
2155.50,-4.4653
2156.00,-4.4455
2156.50,-4.4315
2157.00,-4.4229
2157.50,-4.4209
2158.00,-4.4283
2158.50,-4.4471
2159.00,-4.4751
2159.50,-4.5069
2160.00,-4.5367
2160.50,-4.5616
2161.00,-4.5826
2161.50,-4.6005
2162.00,-4.6141
2162.50,-4.6207
2163.00,-4.6189
2163.50,-4.6092
2164.00,-4.5938
2164.50,-4.5765
2165.00,-4.5630
2165.50,-4.5607
2166.00,-4.5753
2166.50,-4.6069
2167.00,-4.6482
2167.50,-4.6884
2168.00,-4.7209
2168.50,-4.7483
2169.00,-4.7767
2169.50,-4.8056
2170.00,-4.8247
2170.50,-4.8234
2171.00,-4.8025
2171.50,-4.7762
2172.00,-4.7628
2172.50,-4.7741
2173.00,-4.8087
2173.50,-4.8530
2174.00,-4.8878
2174.50,-4.8994
2175.00,-4.8858
2175.50,-4.8553
2176.00,-4.8186
2176.50,-4.7818
2177.00,-4.7493
2177.50,-4.7292
2178.00,-4.7344
2178.50,-4.7720
2179.00,-4.8333
2179.50,-4.8958
2180.00,-4.9374
2180.50,-4.9479
2181.00,-4.9311
2181.50,-4.9003
2182.00,-4.8715
2182.50,-4.8591
2183.00,-4.8692
2183.50,-4.8960
2184.00,-4.9250
2184.50,-4.9430
2185.00,-4.9463
2185.50,-4.9407
2186.00,-4.9349
2186.50,-4.9342
2187.00,-4.9388
2187.50,-4.9468
2188.00,-4.9580
2188.50,-4.9732
2189.00,-4.9919
2189.50,-5.0103
2190.00,-5.0239
2190.50,-5.0305
2191.00,-5.0294
2191.50,-5.0182
2192.00,-4.9915
2192.50,-4.9440
2193.00,-4.8765
2193.50,-4.8002
2194.00,-4.7339
2194.50,-4.6957
2195.00,-4.6938
2195.50,-4.7217
2196.00,-4.7624
2196.50,-4.7974
2197.00,-4.8170
2197.50,-4.8246
2198.00,-4.8310
2198.50,-4.8412
2199.00,-4.8475
2199.50,-4.8345
2200.00,-4.7932
2200.50,-4.7303
2201.00,-4.6658
2201.50,-4.6213
2202.00,-4.6083
2202.50,-4.6249
2203.00,-4.6606
2203.50,-4.7028
2204.00,-4.7419
2204.50,-4.7720
2205.00,-4.7921
2205.50,-4.8076
2206.00,-4.8276
2206.50,-4.8596
2207.00,-4.9024
2207.50,-4.9453
2208.00,-4.9752
2208.50,-4.9853
2209.00,-4.9788
2209.50,-4.9636
2210.00,-4.9449
2210.50,-4.9222
2211.00,-4.8936
2211.50,-4.8607
2212.00,-4.8291
2212.50,-4.8040
2213.00,-4.7875
2213.50,-4.7812
2214.00,-4.7876
2214.50,-4.8083
2215.00,-4.8391
2215.50,-4.8707
2216.00,-4.8914
2216.50,-4.8914
2217.00,-4.8646
2217.50,-4.8117
2218.00,-4.7416
2218.50,-4.6696
2219.00,-4.6110
2219.50,-4.5746
2220.00,-4.5608
2220.50,-4.5647
2221.00,-4.5811
2221.50,-4.6056
2222.00,-4.6317
2222.50,-4.6479
2223.00,-4.6426
2223.50,-4.6160
2224.00,-4.5858
2224.50,-4.5782
2225.00,-4.6079
2225.50,-4.6665
2226.00,-4.7294
2226.50,-4.7742
2227.00,-4.7929
2227.50,-4.7908
2228.00,-4.7804
2228.50,-4.7746
2229.00,-4.7822
2229.50,-4.8031
2230.00,-4.8279
2230.50,-4.8438
2231.00,-4.8434
2231.50,-4.8263
2232.00,-4.7954
2232.50,-4.7545
2233.00,-4.7103
2233.50,-4.6738
2234.00,-4.6563
2234.50,-4.6612
2235.00,-4.6828
2235.50,-4.7116
2236.00,-4.7405
2236.50,-4.7619
2237.00,-4.7650
2237.50,-4.7399
2238.00,-4.6899
2238.50,-4.6345
2239.00,-4.5965
2239.50,-4.5824
2240.00,-4.5763
2240.50,-4.5557
2241.00,-4.5135
2241.50,-4.4661
2242.00,-4.4398
2242.50,-4.4492
2243.00,-4.4851
2243.50,-4.5208
2244.00,-4.5310
2244.50,-4.5054
2245.00,-4.4504
2245.50,-4.3813
2246.00,-4.3135
2246.50,-4.2575
2247.00,-4.2199
2247.50,-4.2038
2248.00,-4.2084
2248.50,-4.2308
2249.00,-4.2662
2249.50,-4.3088
2250.00,-4.3508
2250.50,-4.3848
2251.00,-4.4069
2251.50,-4.4186
2252.00,-4.4254
2252.50,-4.4335
2253.00,-4.4468
2253.50,-4.4666
2254.00,-4.4920
2254.50,-4.5204
2255.00,-4.5487
2255.50,-4.5748
2256.00,-4.5965
2256.50,-4.6106
2257.00,-4.6147
2257.50,-4.6119
2258.00,-4.6122
2258.50,-4.6243
2259.00,-4.6475
2259.50,-4.6732
2260.00,-4.6935
2260.50,-4.7069
2261.00,-4.7157
2261.50,-4.7215
2262.00,-4.7259
2262.50,-4.7335
2263.00,-4.7489
2263.50,-4.7710
2264.00,-4.7912
2264.50,-4.8016
2265.00,-4.8038
2265.50,-4.8074
2266.00,-4.8199
2266.50,-4.8382
2267.00,-4.8511
2267.50,-4.8496
2268.00,-4.8342
2268.50,-4.8124
2269.00,-4.7898
2269.50,-4.7666
2270.00,-4.7420
2270.50,-4.7201
2271.00,-4.7097
2271.50,-4.7149
2272.00,-4.7304
2272.50,-4.7455
2273.00,-4.7529
2273.50,-4.7537
2274.00,-4.7557
2274.50,-4.7659
2275.00,-4.7862
2275.50,-4.8127
2276.00,-4.8373
2276.50,-4.8516
2277.00,-4.8517
2277.50,-4.8400
2278.00,-4.8234
2278.50,-4.8090
2279.00,-4.8004
2279.50,-4.7980
2280.00,-4.8006
2280.50,-4.8060
2281.00,-4.8103
2281.50,-4.8102
2282.00,-4.8052
2282.50,-4.7999
2283.00,-4.8014
2283.50,-4.8135
2284.00,-4.8341
2284.50,-4.8589
2285.00,-4.8854
2285.50,-4.9121
2286.00,-4.9332
2286.50,-4.9388
2287.00,-4.9222
2287.50,-4.8871
2288.00,-4.8467
2288.50,-4.8164
2289.00,-4.8077
2289.50,-4.8239
2290.00,-4.8582
2290.50,-4.8970
2291.00,-4.9273
2291.50,-4.9442
2292.00,-4.9513
2292.50,-4.9541
2293.00,-4.9559
2293.50,-4.9587
2294.00,-4.9671
2294.50,-4.9848
2295.00,-5.0100
2295.50,-5.0327
2296.00,-5.0398
2296.50,-5.0237
2297.00,-4.9877
2297.50,-4.9444
2298.00,-4.9071
2298.50,-4.8810
2299.00,-4.8628
2299.50,-4.8490
2300.00,-4.8428
2300.50,-4.8516
2301.00,-4.8761
2301.50,-4.9058
2302.00,-4.9262
2302.50,-4.9291
2303.00,-4.9157
2303.50,-4.8936
2304.00,-4.8719
2304.50,-4.8597
2305.00,-4.8625
2305.50,-4.8782
2306.00,-4.8991
2306.50,-4.9189
2307.00,-4.9351
2307.50,-4.9454
2308.00,-4.9446
2308.50,-4.9306
2309.00,-4.9119
2309.50,-4.9047
2310.00,-4.9209
2310.50,-4.9580
2311.00,-5.0016
2311.50,-5.0365
2312.00,-5.0541
2312.50,-5.0525
2313.00,-5.0344
2313.50,-5.0069
2314.00,-4.9789
2314.50,-4.9548
2315.00,-4.9305
2315.50,-4.8980
2316.00,-4.8554
2316.50,-4.8136
2317.00,-4.7917
2317.50,-4.8020
2318.00,-4.8371
2318.50,-4.8716
2319.00,-4.8811
2319.50,-4.8613
2320.00,-4.8292
2320.50,-4.8080
2321.00,-4.8128
2321.50,-4.8463
2322.00,-4.9016
2322.50,-4.9668
2323.00,-5.0277
2323.50,-5.0722
2324.00,-5.0917
2324.50,-5.0829
2325.00,-5.0491
2325.50,-5.0015
2326.00,-4.9542
2326.50,-4.9178
2327.00,-4.8944
2327.50,-4.8827
2328.00,-4.8839
2328.50,-4.9014
2329.00,-4.9333
2329.50,-4.9696
2330.00,-4.9966
2330.50,-5.0051
2331.00,-4.9936
2331.50,-4.9674
2332.00,-4.9370
2332.50,-4.9175
2333.00,-4.9235
2333.50,-4.9596
2334.00,-5.0159
2334.50,-5.0736
2335.00,-5.1182
2335.50,-5.1476
2336.00,-5.1662
2336.50,-5.1740
2337.00,-5.1638
2337.50,-5.1292
2338.00,-5.0741
2338.50,-5.0130
2339.00,-4.9628
2339.50,-4.9332
2340.00,-4.9238
2340.50,-4.9274
2341.00,-4.9357
2341.50,-4.9434
2342.00,-4.9474
2342.50,-4.9449
2343.00,-4.9331
2343.50,-4.9122
2344.00,-4.8880
2344.50,-4.8702
2345.00,-4.8656
2345.50,-4.8715
2346.00,-4.8766
2346.50,-4.8692
2347.00,-4.8462
2347.50,-4.8150
2348.00,-4.7866
2348.50,-4.7688
2349.00,-4.7656
2349.50,-4.7779
2350.00,-4.8018
2350.50,-4.8256
2351.00,-4.8360
2351.50,-4.8280
2352.00,-4.8108
2352.50,-4.8000
2353.00,-4.8055
2353.50,-4.8250
2354.00,-4.8474
2354.50,-4.8632
2355.00,-4.8713
2355.50,-4.8767
2356.00,-4.8821
2356.50,-4.8837
2357.00,-4.8748
2357.50,-4.8553
2358.00,-4.8351
2358.50,-4.8299
2359.00,-4.8490
2359.50,-4.8861
2360.00,-4.9216
2360.50,-4.9367
2361.00,-4.9278
2361.50,-4.9075
2362.00,-4.8913
2362.50,-4.8854
2363.00,-4.8860
2363.50,-4.8878
2364.00,-4.8910
2364.50,-4.8985
2365.00,-4.9092
2365.50,-4.9165
2366.00,-4.9148
2366.50,-4.9078
2367.00,-4.9089
2367.50,-4.9312
2368.00,-4.9770
2368.50,-5.0343
2369.00,-5.0838
2369.50,-5.1127
2370.00,-5.1214
2370.50,-5.1205
2371.00,-5.1195
2371.50,-5.1197
2372.00,-5.1182
2372.50,-5.1162
2373.00,-5.1198
2373.50,-5.1315
2374.00,-5.1465
2374.50,-5.1575
2375.00,-5.1644
2375.50,-5.1745
2376.00,-5.1941
2376.50,-5.2214
2377.00,-5.2478
2377.50,-5.2639
2378.00,-5.2643
2378.50,-5.2480
2379.00,-5.2176
2379.50,-5.1793
2380.00,-5.1424
2380.50,-5.1167
2381.00,-5.1099
2381.50,-5.1232
2382.00,-5.1486
2382.50,-5.1700
2383.00,-5.1742
2383.50,-5.1618
2384.00,-5.1483
2384.50,-5.1520
2385.00,-5.1792
2385.50,-5.2202
2386.00,-5.2583
2386.50,-5.2811
2387.00,-5.2851
2387.50,-5.2717
2388.00,-5.2419
2388.50,-5.1975
2389.00,-5.1454
2389.50,-5.0997
2390.00,-5.0759
2390.50,-5.0836
2391.00,-5.1205
2391.50,-5.1730
2392.00,-5.2225
2392.50,-5.2547
2393.00,-5.2665
2393.50,-5.2645
2394.00,-5.2577
2394.50,-5.2501
2395.00,-5.2417
2395.50,-5.2342
2396.00,-5.2315
2396.50,-5.2343
2397.00,-5.2364
2397.50,-5.2297
2398.00,-5.2136
2398.50,-5.1982
2399.00,-5.1956
2399.50,-5.2109
2400.00,-5.2380
2400.50,-5.2655
2401.00,-5.2829
2401.50,-5.2837
2402.00,-5.2648
2402.50,-5.2267
2403.00,-5.1753
2403.50,-5.1199
2404.00,-5.0716
2404.50,-5.0409
2405.00,-5.0362
2405.50,-5.0581
2406.00,-5.0945
2406.50,-5.1262
2407.00,-5.1384
2407.50,-5.1286
2408.00,-5.1041
2408.50,-5.0746
2409.00,-5.0478
2409.50,-5.0261
2410.00,-5.0066
2410.50,-4.9832
2411.00,-4.9528
2411.50,-4.9200
2412.00,-4.8947
2412.50,-4.8843
2413.00,-4.8862
2413.50,-4.8886
2414.00,-4.8792
2414.50,-4.8561
2415.00,-4.8300
2415.50,-4.8142
2416.00,-4.8128
2416.50,-4.8202
2417.00,-4.8293
2417.50,-4.8390
2418.00,-4.8539
2418.50,-4.8784
2419.00,-4.9139
2419.50,-4.9588
2420.00,-5.0070
2420.50,-5.0498
2421.00,-5.0802
2421.50,-5.0984
2422.00,-5.1107
2422.50,-5.1233
2423.00,-5.1374
2423.50,-5.1497
2424.00,-5.1564
2424.50,-5.1562
2425.00,-5.1510
2425.50,-5.1417
2426.00,-5.1261
2426.50,-5.1002
2427.00,-5.0644
2427.50,-5.0279
2428.00,-5.0046
2428.50,-5.0029
2429.00,-5.0179
2429.50,-5.0333
2430.00,-5.0329
2430.50,-5.0111
2431.00,-4.9765
2431.50,-4.9450
2432.00,-4.9294
2432.50,-4.9316
2433.00,-4.9420
2433.50,-4.9466
2434.00,-4.9357
2434.50,-4.9071
2435.00,-4.8660
2435.50,-4.8225
2436.00,-4.7903
2436.50,-4.7832
2437.00,-4.8078
2437.50,-4.8580
2438.00,-4.9174
2438.50,-4.9683
2439.00,-5.0005
2439.50,-5.0137
2440.00,-5.0151
2440.50,-5.0122
2441.00,-5.0085
2441.50,-5.0028
2442.00,-4.9912
2442.50,-4.9711
2443.00,-4.9435
2443.50,-4.9132
2444.00,-4.8881
2444.50,-4.8757
2445.00,-4.8784
2445.50,-4.8908
2446.00,-4.9023
2446.50,-4.9045
2447.00,-4.8975
2447.50,-4.8895
2448.00,-4.8889
2448.50,-4.8988
2449.00,-4.9165
2449.50,-4.9371
2450.00,-4.9552
2450.50,-4.9641
2451.00,-4.9571
2451.50,-4.9330
2452.00,-4.9000
2452.50,-4.8726
2453.00,-4.8626
2453.50,-4.8725
2454.00,-4.8968
2454.50,-4.9257
2455.00,-4.9490
2455.50,-4.9599
2456.00,-4.9590
2456.50,-4.9562
2457.00,-4.9658
2457.50,-4.9986
2458.00,-5.0553
2458.50,-5.1264
2459.00,-5.1963
2459.50,-5.2497
2460.00,-5.2765
2460.50,-5.2750
2461.00,-5.2520
2461.50,-5.2196
2462.00,-5.1888
2462.50,-5.1644
2463.00,-5.1450
2463.50,-5.1283
2464.00,-5.1143
2464.50,-5.1058
2465.00,-5.1049
2465.50,-5.1118
2466.00,-5.1249
2466.50,-5.1427
2467.00,-5.1622
2467.50,-5.1779
2468.00,-5.1830
2468.50,-5.1741
2469.00,-5.1564
2469.50,-5.1419
2470.00,-5.1428
2470.50,-5.1613
2471.00,-5.1860
2471.50,-5.1981
2472.00,-5.1845
2472.50,-5.1468
2473.00,-5.0990
2473.50,-5.0575
2474.00,-5.0328
2474.50,-5.0290
2475.00,-5.0468
2475.50,-5.0835
2476.00,-5.1320
2476.50,-5.1823
2477.00,-5.2239
2477.50,-5.2485
2478.00,-5.2519
2478.50,-5.2355
2479.00,-5.2067
2479.50,-5.1756
2480.00,-5.1515
2480.50,-5.1392
2481.00,-5.1395
2481.50,-5.1487
2482.00,-5.1582
2482.50,-5.1576
2483.00,-5.1394
2483.50,-5.1038
2484.00,-5.0574
2484.50,-5.0095
2485.00,-4.9679
2485.50,-4.9361
2486.00,-4.9118
2486.50,-4.8886
2487.00,-4.8620
2487.50,-4.8349
2488.00,-4.8180
2488.50,-4.8229
2489.00,-4.8531
2489.50,-4.8990
2490.00,-4.9431
2490.50,-4.9713
2491.00,-4.9815
2491.50,-4.9813
2492.00,-4.9805
2492.50,-4.9848
2493.00,-4.9938
2493.50,-5.0034
2494.00,-5.0087
2494.50,-5.0094
2495.00,-5.0095
2495.50,-5.0127
2496.00,-5.0164
2496.50,-5.0125
2497.00,-4.9956
2497.50,-4.9718
2498.00,-4.9555
2498.50,-4.9574
2499.00,-4.9736
2499.50,-4.9888
2500.00,-4.9877
2500.50,-4.9650
2501.00,-4.9281
2501.50,-4.8938
2502.00,-4.8814
2502.50,-4.9045
2503.00,-4.9632
2503.50,-5.0423
2504.00,-5.1161
2504.50,-5.1614
2505.00,-5.1700
2505.50,-5.1533
2506.00,-5.1324
2506.50,-5.1233
2507.00,-5.1271
2507.50,-5.1313
2508.00,-5.1211
2508.50,-5.0915
2509.00,-5.0501
2509.50,-5.0115
2510.00,-4.9864
2510.50,-4.9774
2511.00,-4.9812
2511.50,-4.9931
2512.00,-5.0085
2512.50,-5.0246
2513.00,-5.0400
2513.50,-5.0539
2514.00,-5.0649
2514.50,-5.0711
2515.00,-5.0722
2515.50,-5.0706
2516.00,-5.0705
2516.50,-5.0749
2517.00,-5.0842
2517.50,-5.0955
2518.00,-5.1037
2518.50,-5.1052
2519.00,-5.1023
2519.50,-5.1017
2520.00,-5.1072
2520.50,-5.1150
2521.00,-5.1170
2521.50,-5.1085
2522.00,-5.0899
2522.50,-5.0652
2523.00,-5.0410
2523.50,-5.0285
2524.00,-5.0398
2524.50,-5.0789
2525.00,-5.1350
2525.50,-5.1881
2526.00,-5.2214
2526.50,-5.2267
2527.00,-5.2033
2527.50,-5.1548
2528.00,-5.0908
2528.50,-5.0262
2529.00,-4.9759
2529.50,-4.9472
2530.00,-4.9378
2530.50,-4.9406
2531.00,-4.9514
2531.50,-4.9717
2532.00,-5.0041
2532.50,-5.0443
2533.00,-5.0815
2533.50,-5.1068
2534.00,-5.1188
2534.50,-5.1206
2535.00,-5.1128
2535.50,-5.0932
2536.00,-5.0627
2536.50,-5.0280
2537.00,-4.9978
2537.50,-4.9782
2538.00,-4.9733
2538.50,-4.9850
2539.00,-5.0100
2539.50,-5.0375
2540.00,-5.0538
2540.50,-5.0495
2541.00,-5.0255
2541.50,-4.9918
2542.00,-4.9617
2542.50,-4.9423
2543.00,-4.9321
2543.50,-4.9271
2544.00,-4.9296
2544.50,-4.9480
2545.00,-4.9859
2545.50,-5.0369
2546.00,-5.0876
2546.50,-5.1261
2547.00,-5.1465
2547.50,-5.1513
2548.00,-5.1487
2548.50,-5.1469
2549.00,-5.1464
2549.50,-5.1401
2550.00,-5.1186
2550.50,-5.0794
2551.00,-5.0302
2551.50,-4.9865
2552.00,-4.9637
2552.50,-4.9690
2553.00,-4.9978
2553.50,-5.0371
2554.00,-5.0734
2554.50,-5.0990
2555.00,-5.1140
2555.50,-5.1242
2556.00,-5.1348
2556.50,-5.1453
2557.00,-5.1492
2557.50,-5.1406
2558.00,-5.1197
2558.50,-5.0945
2559.00,-5.0757
2559.50,-5.0705
2560.00,-5.0790
2560.50,-5.0951
2561.00,-5.1107
2561.50,-5.1201
2562.00,-5.1236
2562.50,-5.1269
2563.00,-5.1373
2563.50,-5.1597
2564.00,-5.1927
2564.50,-5.2301
2565.00,-5.2650
2565.50,-5.2938
2566.00,-5.3165
2566.50,-5.3324
2567.00,-5.3383
2567.50,-5.3327
2568.00,-5.3198
2568.50,-5.3094
2569.00,-5.3086
2569.50,-5.3155
2570.00,-5.3223
2570.50,-5.3242
2571.00,-5.3244
2571.50,-5.3293
2572.00,-5.3414
2572.50,-5.3559
2573.00,-5.3638
2573.50,-5.3550
2574.00,-5.3236
2574.50,-5.2729
2575.00,-5.2163
2575.50,-5.1708
2576.00,-5.1472
2576.50,-5.1458
2577.00,-5.1604
2577.50,-5.1840
2578.00,-5.2100
2578.50,-5.2324
2579.00,-5.2475
2579.50,-5.2545
2580.00,-5.2540
2580.50,-5.2441
2581.00,-5.2214
2581.50,-5.1841
2582.00,-5.1374
2582.50,-5.0928
2583.00,-5.0603
2583.50,-5.0414
2584.00,-5.0294
2584.50,-5.0195
2585.00,-5.0161
2585.50,-5.0287
2586.00,-5.0596
2586.50,-5.0974
2587.00,-5.1250
2587.50,-5.1348
2588.00,-5.1330
2588.50,-5.1310
2589.00,-5.1346
2589.50,-5.1409
2590.00,-5.1434
2590.50,-5.1378
2591.00,-5.1268
2591.50,-5.1193
2592.00,-5.1250
2592.50,-5.1469
2593.00,-5.1788
2593.50,-5.2129
2594.00,-5.2490
2594.50,-5.2936
2595.00,-5.3508
2595.50,-5.4140
2596.00,-5.4699
2596.50,-5.5087
2597.00,-5.5316
2597.50,-5.5458
2598.00,-5.5569
2598.50,-5.5632
2599.00,-5.5602
2599.50,-5.5476
2600.00,-5.5337
2600.50,-5.5299
2601.00,-5.5408
2601.50,-5.5598
2602.00,-5.5761
2602.50,-5.5840
2603.00,-5.5838
2603.50,-5.5777
2604.00,-5.5660
2604.50,-5.5483
2605.00,-5.5244
2605.50,-5.4934
2606.00,-5.4544
2606.50,-5.4101
2607.00,-5.3676
2607.50,-5.3325
2608.00,-5.3042
2608.50,-5.2787
2609.00,-5.2571
2609.50,-5.2479
2610.00,-5.2594
2610.50,-5.2911
2611.00,-5.3352
2611.50,-5.3833
2612.00,-5.4301
2612.50,-5.4702
2613.00,-5.4955
2613.50,-5.4977
2614.00,-5.4760
2614.50,-5.4421
2615.00,-5.4150
2615.50,-5.4095
2616.00,-5.4277
2616.50,-5.4597
2617.00,-5.4914
2617.50,-5.5122
2618.00,-5.5197
2618.50,-5.5195
2619.00,-5.5213
2619.50,-5.5295
2620.00,-5.5381
2620.50,-5.5345
2621.00,-5.5095
2621.50,-5.4634
2622.00,-5.4057
2622.50,-5.3516
2623.00,-5.3182
2623.50,-5.3174
2624.00,-5.3477
2624.50,-5.3940
2625.00,-5.4358
2625.50,-5.4572
2626.00,-5.4530
2626.50,-5.4291
2627.00,-5.3993
2627.50,-5.3788
2628.00,-5.3773
2628.50,-5.3951
2629.00,-5.4240
2629.50,-5.4530
2630.00,-5.4732
2630.50,-5.4826
2631.00,-5.4846
2631.50,-5.4860
2632.00,-5.4929
2632.50,-5.5091
2633.00,-5.5334
2633.50,-5.5591
2634.00,-5.5759
2634.50,-5.5773
2635.00,-5.5672
2635.50,-5.5596
2636.00,-5.5692
2636.50,-5.6006
2637.00,-5.6440
2637.50,-5.6833
2638.00,-5.7077
2638.50,-5.7160
2639.00,-5.7118
2639.50,-5.6968
2640.00,-5.6703
2640.50,-5.6331
2641.00,-5.5918
2641.50,-5.5570
2642.00,-5.5371
2642.50,-5.5339
2643.00,-5.5414
2643.50,-5.5507
2644.00,-5.5560
2644.50,-5.5599
2645.00,-5.5706
2645.50,-5.5946
2646.00,-5.6297
2646.50,-5.6647
2647.00,-5.6867
2647.50,-5.6881
2648.00,-5.6710
2648.50,-5.6423
2649.00,-5.6077
2649.50,-5.5676
2650.00,-5.5219
2650.50,-5.4754
2651.00,-5.4399
2651.50,-5.4285
2652.00,-5.4465
2652.50,-5.4867
2653.00,-5.5335
2653.50,-5.5712
2654.00,-5.5912
2654.50,-5.5935
2655.00,-5.5855
2655.50,-5.5788
2656.00,-5.5831
2656.50,-5.6006
2657.00,-5.6237
2657.50,-5.6388
2658.00,-5.6352
2658.50,-5.6125
2659.00,-5.5810
2659.50,-5.5541
2660.00,-5.5378
2660.50,-5.5282
2661.00,-5.5169
2661.50,-5.4977
2662.00,-5.4687
2662.50,-5.4324
2663.00,-5.3954
2663.50,-5.3702
2664.00,-5.3707
2664.50,-5.4032
2665.00,-5.4614
2665.50,-5.5302
2666.00,-5.5950
2666.50,-5.6472
2667.00,-5.6834
2667.50,-5.7020
2668.00,-5.7025
2668.50,-5.6867
2669.00,-5.6593
2669.50,-5.6272
2670.00,-5.5970
2670.50,-5.5743
2671.00,-5.5612
2671.50,-5.5568
2672.00,-5.5588
2672.50,-5.5658
2673.00,-5.5763
2673.50,-5.5884
2674.00,-5.5997
2674.50,-5.6081
2675.00,-5.6099
2675.50,-5.6007
2676.00,-5.5798
2676.50,-5.5533
2677.00,-5.5311
2677.50,-5.5202
2678.00,-5.5217
2678.50,-5.5326
2679.00,-5.5484
2679.50,-5.5630
2680.00,-5.5715
2680.50,-5.5737
2681.00,-5.5765
2681.50,-5.5876
2682.00,-5.6052
2682.50,-5.6164
2683.00,-5.6073
2683.50,-5.5746
2684.00,-5.5269
2684.50,-5.4745
2685.00,-5.4223
2685.50,-5.3729
2686.00,-5.3330
2686.50,-5.3123
2687.00,-5.3135
2687.50,-5.3291
2688.00,-5.3491
2688.50,-5.3702
2689.00,-5.3945
2689.50,-5.4232
2690.00,-5.4533
2690.50,-5.4814
2691.00,-5.5059
2691.50,-5.5270
2692.00,-5.5444
2692.50,-5.5570
2693.00,-5.5616
2693.50,-5.5535
2694.00,-5.5325
2694.50,-5.5060
2695.00,-5.4885
2695.50,-5.4925
2696.00,-5.5203
2696.50,-5.5612
2697.00,-5.5977
2697.50,-5.6170
2698.00,-5.6190
2698.50,-5.6134
2699.00,-5.6095
2699.50,-5.6087
2700.00,-5.6064
2700.50,-5.5993
2701.00,-5.5905
2701.50,-5.5899
2702.00,-5.6086
2702.50,-5.6527
2703.00,-5.7168
2703.50,-5.7834
2704.00,-5.8309
2704.50,-5.8452
2705.00,-5.8281
2705.50,-5.7956
2706.00,-5.7683
2706.50,-5.7592
2707.00,-5.7687
2707.50,-5.7861
2708.00,-5.7994
2708.50,-5.8039
2709.00,-5.8037
2709.50,-5.8042
2710.00,-5.8037
2710.50,-5.7908
2711.00,-5.7539
2711.50,-5.6933
2712.00,-5.6255
2712.50,-5.5735
2713.00,-5.5500
2713.50,-5.5518
2714.00,-5.5663
2714.50,-5.5825
2715.00,-5.5958
2715.50,-5.6052
2716.00,-5.6102
2716.50,-5.6098
2717.00,-5.6031
2717.50,-5.5925
2718.00,-5.5849
2718.50,-5.5883
2719.00,-5.6049
2719.50,-5.6263
2720.00,-5.6400
2720.50,-5.6394
2721.00,-5.6290
2721.50,-5.6184
2722.00,-5.6121
2722.50,-5.6060
2723.00,-5.5954
2723.50,-5.5826
2724.00,-5.5760
2724.50,-5.5812
2725.00,-5.5953
2725.50,-5.6115
2726.00,-5.6283
2726.50,-5.6516
2727.00,-5.6895
2727.50,-5.7434
2728.00,-5.8042
2728.50,-5.8551
2729.00,-5.8805
2729.50,-5.8751
2730.00,-5.8459
2730.50,-5.8063
2731.00,-5.7666
2731.50,-5.7297
2732.00,-5.6957
2732.50,-5.6684
2733.00,-5.6565
2733.50,-5.6661
2734.00,-5.6939
2734.50,-5.7281
2735.00,-5.7546
2735.50,-5.7629
2736.00,-5.7504
2736.50,-5.7228
2737.00,-5.6916
2737.50,-5.6677
2738.00,-5.6558
2738.50,-5.6542
2739.00,-5.6586
2739.50,-5.6641
2740.00,-5.6654
2740.50,-5.6565
2741.00,-5.6363
2741.50,-5.6138
2742.00,-5.6049
2742.50,-5.6199
2743.00,-5.6541
2743.50,-5.6902
2744.00,-5.7105
2744.50,-5.7078
2745.00,-5.6886
2745.50,-5.6665
2746.00,-5.6519
2746.50,-5.6453
2747.00,-5.6400
2747.50,-5.6306
2748.00,-5.6190
2748.50,-5.6112
2749.00,-5.6109
2749.50,-5.6164
2750.00,-5.6243
2750.50,-5.6361
2751.00,-5.6586
2751.50,-5.6960
2752.00,-5.7420
2752.50,-5.7816
2753.00,-5.8012
2753.50,-5.7990
2754.00,-5.7853
2754.50,-5.7734
2755.00,-5.7711
2755.50,-5.7783
2756.00,-5.7897
2756.50,-5.8011
2757.00,-5.8127
2757.50,-5.8279
2758.00,-5.8496
2758.50,-5.8766
2759.00,-5.9025
2759.50,-5.9172
2760.00,-5.9114
2760.50,-5.8821
2761.00,-5.8371
2761.50,-5.7924
2762.00,-5.7608
2762.50,-5.7445
2763.00,-5.7368
2763.50,-5.7302
2764.00,-5.7223
2764.50,-5.7160
2765.00,-5.7159
2765.50,-5.7237
2766.00,-5.7388
2766.50,-5.7586
2767.00,-5.7801
2767.50,-5.8010
2768.00,-5.8197
2768.50,-5.8341
2769.00,-5.8399
2769.50,-5.8314
2770.00,-5.8039
2770.50,-5.7585
2771.00,-5.7036
2771.50,-5.6527
2772.00,-5.6211
2772.50,-5.6194
2773.00,-5.6490
2773.50,-5.6996
2774.00,-5.7547
2774.50,-5.7991
2775.00,-5.8239
2775.50,-5.8281
2776.00,-5.8169
2776.50,-5.7986
2777.00,-5.7779
2777.50,-5.7510
2778.00,-5.7093
2778.50,-5.6484
2779.00,-5.5755
2779.50,-5.5045
2780.00,-5.4474
2780.50,-5.4114
2781.00,-5.4030
2781.50,-5.4267
2782.00,-5.4794
2782.50,-5.5471
2783.00,-5.6127
2783.50,-5.6662
2784.00,-5.7069
2784.50,-5.7379
2785.00,-5.7608
2785.50,-5.7744
2786.00,-5.7769
2786.50,-5.7686
2787.00,-5.7550
2787.50,-5.7463
2788.00,-5.7513
2788.50,-5.7711
2789.00,-5.7982
2789.50,-5.8215
2790.00,-5.8310
2790.50,-5.8223
2791.00,-5.7993
2791.50,-5.7736
2792.00,-5.7593
2792.50,-5.7632
2793.00,-5.7805
2793.50,-5.7985
2794.00,-5.8043
2794.50,-5.7923
2795.00,-5.7667
2795.50,-5.7389
2796.00,-5.7224
2796.50,-5.7253
2797.00,-5.7464
2797.50,-5.7764
2798.00,-5.8025
2798.50,-5.8139
2799.00,-5.8042
2799.50,-5.7753
2800.00,-5.7396
2800.50,-5.7151
2801.00,-5.7141
2801.50,-5.7328
2802.00,-5.7562
2802.50,-5.7697
2803.00,-5.7679
2803.50,-5.7519
2804.00,-5.7254
2804.50,-5.6931
2805.00,-5.6629
2805.50,-5.6457
2806.00,-5.6491
2806.50,-5.6717
2807.00,-5.7037
2807.50,-5.7307
2808.00,-5.7410
2808.50,-5.7321
2809.00,-5.7116
2809.50,-5.6903
2810.00,-5.6732
2810.50,-5.6544
2811.00,-5.6246
2811.50,-5.5837
2812.00,-5.5436
2812.50,-5.5197
2813.00,-5.5193
2813.50,-5.5383
2814.00,-5.5681
2814.50,-5.6032
2815.00,-5.6409
2815.50,-5.6742
2816.00,-5.6919
2816.50,-5.6863
2817.00,-5.6629
2817.50,-5.6390
2818.00,-5.6332
2818.50,-5.6536
2819.00,-5.6949
2819.50,-5.7431
2820.00,-5.7835
2820.50,-5.8054
2821.00,-5.8055
2821.50,-5.7882
2822.00,-5.7633
2822.50,-5.7393
2823.00,-5.7202
2823.50,-5.7065
2824.00,-5.6985
2824.50,-5.6981
2825.00,-5.7052
2825.50,-5.7146
2826.00,-5.7169
2826.50,-5.7048
2827.00,-5.6815
2827.50,-5.6602
2828.00,-5.6560
2828.50,-5.6746
2829.00,-5.7094
2829.50,-5.7468
2830.00,-5.7748
2830.50,-5.7888
2831.00,-5.7933
2831.50,-5.7988
2832.00,-5.8140
2832.50,-5.8398
2833.00,-5.8700
2833.50,-5.8980
2834.00,-5.9191
2834.50,-5.9285
2835.00,-5.9221
2835.50,-5.9004
2836.00,-5.8711
2836.50,-5.8452
2837.00,-5.8286
2837.50,-5.8196
2838.00,-5.8118
2838.50,-5.7988
2839.00,-5.7757
2839.50,-5.7416
2840.00,-5.7030
2840.50,-5.6726
2841.00,-5.6627
2841.50,-5.6762
2842.00,-5.7049
2842.50,-5.7353
2843.00,-5.7563
2843.50,-5.7624
2844.00,-5.7542
2844.50,-5.7343
2845.00,-5.7071
2845.50,-5.6767
2846.00,-5.6472
2846.50,-5.6225
2847.00,-5.6063
2847.50,-5.6039
2848.00,-5.6194
2848.50,-5.6526
2849.00,-5.6986
2849.50,-5.7507
2850.00,-5.8033
2850.50,-5.8512
2851.00,-5.8879
2851.50,-5.9060
2852.00,-5.8991
2852.50,-5.8668
2853.00,-5.8185
2853.50,-5.7722
2854.00,-5.7459
2854.50,-5.7485
2855.00,-5.7759
2855.50,-5.8172
2856.00,-5.8617
2856.50,-5.9034
2857.00,-5.9393
2857.50,-5.9677
2858.00,-5.9858
2858.50,-5.9904
