0.00,0.0000
0.50,-0.4698
1.00,-1.0182
1.50,-1.5816
2.00,-2.1000
2.50,-2.5367
3.00,-2.8833
3.50,-3.1541
4.00,-3.3754
4.50,-3.5747
5.00,-3.7705
5.50,-3.9664
6.00,-4.1521
6.50,-4.3154
7.00,-4.4509
7.50,-4.5626
8.00,-4.6565
8.50,-4.7351
9.00,-4.7985
9.50,-4.8480
10.00,-4.8872
10.50,-4.9185
11.00,-4.9417
11.50,-4.9563
12.00,-4.9638
12.50,-4.9684
13.00,-4.9740
13.50,-4.9822
14.00,-4.9929
14.50,-5.0042
15.00,-5.0130
15.50,-5.0173
16.00,-5.0183
16.50,-5.0205
17.00,-5.0276
17.50,-5.0406
18.00,-5.0606
18.50,-5.0913
19.00,-5.1367
19.50,-5.1959
20.00,-5.2617
20.50,-5.3241
21.00,-5.3759
21.50,-5.4150
22.00,-5.4432
22.50,-5.4650
23.00,-5.4877
23.50,-5.5200
24.00,-5.5678
24.50,-5.6301
25.00,-5.6988
25.50,-5.7650
26.00,-5.8240
26.50,-5.8774
27.00,-5.9295
27.50,-5.9835
28.00,-6.0397
28.50,-6.0964
29.00,-6.1519
29.50,-6.2038
30.00,-6.2489
30.50,-6.2831
31.00,-6.3043
31.50,-6.3142
32.00,-6.3178
32.50,-6.3207
33.00,-6.3261
33.50,-6.3346
34.00,-6.3476
34.50,-6.3677
35.00,-6.3963
35.50,-6.4314
36.00,-6.4685
36.50,-6.5036
37.00,-6.5339
37.50,-6.5581
38.00,-6.5758
38.50,-6.5888
39.00,-6.6011
39.50,-6.6174
40.00,-6.6395
40.50,-6.6652
41.00,-6.6901
41.50,-6.7113
42.00,-6.7278
42.50,-6.7387
43.00,-6.7409
43.50,-6.7289
44.00,-6.7000
44.50,-6.6593
45.00,-6.6200
45.50,-6.5965
46.00,-6.5948
46.50,-6.6082
47.00,-6.6227
47.50,-6.6292
48.00,-6.6305
48.50,-6.6383
49.00,-6.6605
49.50,-6.6938
50.00,-6.7258
50.50,-6.7462
51.00,-6.7542
51.50,-6.7564
52.00,-6.7589
52.50,-6.7613
53.00,-6.7600
53.50,-6.7549
54.00,-6.7523
54.50,-6.7610
55.00,-6.7840
55.50,-6.8156
56.00,-6.8448
56.50,-6.8630
57.00,-6.8694
57.50,-6.8695
58.00,-6.8705
58.50,-6.8766
59.00,-6.8889
59.50,-6.9076
60.00,-6.9355
60.50,-6.9751
61.00,-7.0235
61.50,-7.0693
62.00,-7.0977
62.50,-7.1004
63.00,-7.0812
63.50,-7.0521
64.00,-7.0239
64.50,-7.0011
65.00,-6.9828
65.50,-6.9672
66.00,-6.9531
66.50,-6.9379
67.00,-6.9174
67.50,-6.8899
68.00,-6.8616
68.50,-6.8438
69.00,-6.8449
69.50,-6.8625
70.00,-6.8860
70.50,-6.9049
71.00,-6.9141
71.50,-6.9150
72.00,-6.9131
72.50,-6.9162
73.00,-6.9305
73.50,-6.9568
74.00,-6.9886
74.50,-7.0169
75.00,-7.0355
75.50,-7.0438
76.00,-7.0435
76.50,-7.0336
77.00,-7.0123
77.50,-6.9819
78.00,-6.9517
78.50,-6.9331
79.00,-6.9302
79.50,-6.9362
80.00,-6.9389
80.50,-6.9330
81.00,-6.9248
81.50,-6.9250
82.00,-6.9350
82.50,-6.9435
83.00,-6.9364
83.50,-6.9106
84.00,-6.8763
84.50,-6.8474
85.00,-6.8319
85.50,-6.8303
86.00,-6.8402
86.50,-6.8618
87.00,-6.8955
87.50,-6.9383
88.00,-6.9825
88.50,-7.0210
89.00,-7.0532
89.50,-7.0848
90.00,-7.1226
90.50,-7.1692
91.00,-7.2210
91.50,-7.2710
92.00,-7.3158
92.50,-7.3596
93.00,-7.4096
93.50,-7.4660
94.00,-7.5185
94.50,-7.5542
95.00,-7.5695
95.50,-7.5718
96.00,-7.5709
96.50,-7.5698
97.00,-7.5649
97.50,-7.5504
98.00,-7.5241
98.50,-7.4878
99.00,-7.4446
99.50,-7.3972
100.00,-7.3486
100.50,-7.3033
101.00,-7.2658
101.50,-7.2380
102.00,-7.2179
102.50,-7.2017
103.00,-7.1865
103.50,-7.1703
104.00,-7.1524
104.50,-7.1344
105.00,-7.1233
105.50,-7.1292
106.00,-7.1595
106.50,-7.2112
107.00,-7.2700
107.50,-7.3180
108.00,-7.3463
108.50,-7.3614
109.00,-7.3787
109.50,-7.4084
110.00,-7.4472
110.50,-7.4819
111.00,-7.5016
111.50,-7.5056
112.00,-7.5039
112.50,-7.5099
113.00,-7.5328
113.50,-7.5737
114.00,-7.6268
114.50,-7.6851
115.00,-7.7435
115.50,-7.7988
116.00,-7.8471
116.50,-7.8833
117.00,-7.9043
117.50,-7.9123
118.00,-7.9155
118.50,-7.9229
119.00,-7.9388
119.50,-7.9604
120.00,-7.9830
120.50,-8.0032
121.00,-8.0205
121.50,-8.0351
122.00,-8.0472
122.50,-8.0565
123.00,-8.0626
123.50,-8.0642
124.00,-8.0616
124.50,-8.0572
125.00,-8.0549
125.50,-8.0573
126.00,-8.0650
126.50,-8.0788
127.00,-8.0990
127.50,-8.1245
128.00,-8.1514
128.50,-8.1759
129.00,-8.1960
129.50,-8.2099
130.00,-8.2128
130.50,-8.1986
131.00,-8.1674
131.50,-8.1325
132.00,-8.1138
132.50,-8.1242
133.00,-8.1597
133.50,-8.2049
134.00,-8.2463
134.50,-8.2813
135.00,-8.3144
135.50,-8.3489
136.00,-8.3834
136.50,-8.4152
137.00,-8.4441
137.50,-8.4716
138.00,-8.4977
138.50,-8.5190
139.00,-8.5319
139.50,-8.5349
140.00,-8.5296
140.50,-8.5193
141.00,-8.5086
141.50,-8.5022
142.00,-8.5015
142.50,-8.5038
143.00,-8.5044
143.50,-8.5025
144.00,-8.5031
144.50,-8.5123
145.00,-8.5314
145.50,-8.5555
146.00,-8.5778
146.50,-8.5934
147.00,-8.5995
147.50,-8.5946
148.00,-8.5809
148.50,-8.5664
149.00,-8.5614
149.50,-8.5705
150.00,-8.5874
150.50,-8.6012
151.00,-8.6061
151.50,-8.6056
152.00,-8.6075
152.50,-8.6152
153.00,-8.6264
153.50,-8.6349
154.00,-8.6352
154.50,-8.6243
155.00,-8.6037
155.50,-8.5789
156.00,-8.5584
156.50,-8.5493
157.00,-8.5535
157.50,-8.5671
158.00,-8.5818
158.50,-8.5874
159.00,-8.5754
159.50,-8.5417
160.00,-8.4906
160.50,-8.4366
161.00,-8.4006
161.50,-8.3971
162.00,-8.4234
162.50,-8.4597
163.00,-8.4821
163.50,-8.4786
164.00,-8.4567
164.50,-8.4341
165.00,-8.4226
165.50,-8.4185
166.00,-8.4088
166.50,-8.3874
167.00,-8.3627
167.50,-8.3487
168.00,-8.3519
168.50,-8.3669
169.00,-8.3839
169.50,-8.3971
170.00,-8.4058
170.50,-8.4089
171.00,-8.4028
171.50,-8.3846
172.00,-8.3594
172.50,-8.3406
173.00,-8.3377
173.50,-8.3436
174.00,-8.3379
174.50,-8.3048
175.00,-8.2486
175.50,-8.1929
176.00,-8.1645
176.50,-8.1778
177.00,-8.2273
177.50,-8.2907
178.00,-8.3396
178.50,-8.3510
179.00,-8.3151
179.50,-8.2348
180.00,-8.1218
180.50,-7.9933
181.00,-7.8713
181.50,-7.7781
182.00,-7.7277
182.50,-7.7199
183.00,-7.7412
183.50,-7.7728
184.00,-7.8001
184.50,-7.8186
185.00,-7.8336
185.50,-7.8525
186.00,-7.8761
186.50,-7.8954
187.00,-7.8993
187.50,-7.8856
188.00,-7.8648
188.50,-7.8503
189.00,-7.8443
189.50,-7.8344
190.00,-7.8062
190.50,-7.7577
191.00,-7.6987
191.50,-7.6372
192.00,-7.5719
192.50,-7.5018
193.00,-7.4381
193.50,-7.4030
194.00,-7.4133
194.50,-7.4664
195.00,-7.5404
195.50,-7.6036
196.00,-7.6257
196.50,-7.5881
197.00,-7.4894
197.50,-7.3462
198.00,-7.1875
198.50,-7.0475
199.00,-6.9562
199.50,-6.9289
200.00,-6.9553
200.50,-7.0008
201.00,-7.0254
201.50,-7.0090
202.00,-6.9609
202.50,-6.9090
203.00,-6.8781
203.50,-6.8781
204.00,-6.9036
204.50,-6.9399
205.00,-6.9706
205.50,-6.9822
206.00,-6.9673
206.50,-6.9256
207.00,-6.8611
207.50,-6.7792
208.00,-6.6863
208.50,-6.5923
209.00,-6.5105
209.50,-6.4509
210.00,-6.4131
210.50,-6.3887
211.00,-6.3716
211.50,-6.3652
212.00,-6.3800
212.50,-6.4231
213.00,-6.4894
213.50,-6.5613
214.00,-6.6154
214.50,-6.6328
215.00,-6.6073
215.50,-6.5478
216.00,-6.4735
216.50,-6.3991
217.00,-6.3259
217.50,-6.2459
218.00,-6.1567
218.50,-6.0716
219.00,-6.0144
219.50,-6.0017
220.00,-6.0282
220.50,-6.0644
221.00,-6.0732
221.50,-6.0364
222.00,-5.9691
222.50,-5.9060
223.00,-5.8697
223.50,-5.8542
224.00,-5.8371
224.50,-5.8032
225.00,-5.7548
225.50,-5.7036
226.00,-5.6608
226.50,-5.6358
227.00,-5.6354
227.50,-5.6604
228.00,-5.7012
228.50,-5.7402
229.00,-5.7614
229.50,-5.7609
230.00,-5.7469
230.50,-5.7286
231.00,-5.7057
231.50,-5.6721
232.00,-5.6274
232.50,-5.5828
233.00,-5.5517
233.50,-5.5396
234.00,-5.5414
234.50,-5.5481
235.00,-5.5515
235.50,-5.5461
236.00,-5.5274
236.50,-5.4911
237.00,-5.4359
237.50,-5.3692
238.00,-5.3101
238.50,-5.2814
239.00,-5.2938
239.50,-5.3346
240.00,-5.3725
240.50,-5.3786
241.00,-5.3485
241.50,-5.3072
242.00,-5.2895
242.50,-5.3109
243.00,-5.3533
243.50,-5.3803
244.00,-5.3676
244.50,-5.3188
245.00,-5.2561
245.50,-5.2009
246.00,-5.1655
246.50,-5.1532
247.00,-5.1574
247.50,-5.1610
248.00,-5.1465
248.50,-5.1117
249.00,-5.0737
249.50,-5.0529
250.00,-5.0527
250.50,-5.0573
251.00,-5.0495
251.50,-5.0258
252.00,-4.9931
252.50,-4.9536
253.00,-4.8982
253.50,-4.8165
254.00,-4.7109
254.50,-4.5997
255.00,-4.5067
255.50,-4.4462
256.00,-4.4168
256.50,-4.4070
257.00,-4.4044
257.50,-4.4016
258.00,-4.3981
258.50,-4.3985
259.00,-4.4061
259.50,-4.4150
260.00,-4.4108
260.50,-4.3826
261.00,-4.3329
261.50,-4.2737
262.00,-4.2151
262.50,-4.1618
263.00,-4.1192
263.50,-4.0984
264.00,-4.1097
264.50,-4.1527
265.00,-4.2134
265.50,-4.2715
266.00,-4.3121
266.50,-4.3284
267.00,-4.3186
267.50,-4.2831
268.00,-4.2280
268.50,-4.1688
269.00,-4.1247
269.50,-4.1051
270.00,-4.1008
270.50,-4.0914
271.00,-4.0617
271.50,-4.0145
272.00,-3.9652
272.50,-3.9274
273.00,-3.9036
273.50,-3.8892
274.00,-3.8802
274.50,-3.8713
275.00,-3.8510
275.50,-3.8050
276.00,-3.7297
276.50,-3.6431
277.00,-3.5791
277.50,-3.5654
278.00,-3.6034
278.50,-3.6683
279.00,-3.7319
279.50,-3.7825
280.00,-3.8227
280.50,-3.8505
281.00,-3.8540
281.50,-3.8249
282.00,-3.7704
282.50,-3.7064
283.00,-3.6440
283.50,-3.5880
284.00,-3.5420
284.50,-3.5077
285.00,-3.4801
285.50,-3.4512
286.00,-3.4235
286.50,-3.4133
287.00,-3.4372
287.50,-3.4923
288.00,-3.5524
288.50,-3.5823
289.00,-3.5599
289.50,-3.4880
290.00,-3.3912
290.50,-3.3012
291.00,-3.2430
291.50,-3.2278
292.00,-3.2529
292.50,-3.3041
293.00,-3.3608
293.50,-3.4030
294.00,-3.4168
294.50,-3.3966
295.00,-3.3435
295.50,-3.2638
296.00,-3.1680
296.50,-3.0681
297.00,-2.9755
297.50,-2.8995
298.00,-2.8470
298.50,-2.8228
299.00,-2.8278
299.50,-2.8529
300.00,-2.8780
300.50,-2.8817
301.00,-2.8566
301.50,-2.8149
302.00,-2.7768
302.50,-2.7526
303.00,-2.7348
303.50,-2.7089
304.00,-2.6691
304.50,-2.6233
305.00,-2.5838
305.50,-2.5560
306.00,-2.5344
306.50,-2.5086
307.00,-2.4719
307.50,-2.4279
308.00,-2.3891
308.50,-2.3695
309.00,-2.3746
309.50,-2.3984
310.00,-2.4307
310.50,-2.4619
311.00,-2.4806
311.50,-2.4718
312.00,-2.4246
312.50,-2.3455
313.00,-2.2605
313.50,-2.2012
314.00,-2.1838
314.50,-2.1992
315.00,-2.2205
315.50,-2.2221
316.00,-2.1930
316.50,-2.1395
317.00,-2.0796
317.50,-2.0326
318.00,-2.0101
318.50,-2.0121
319.00,-2.0318
319.50,-2.0635
320.00,-2.1023
320.50,-2.1391
321.00,-2.1607
321.50,-2.1566
322.00,-2.1251
322.50,-2.0716
323.00,-2.0033
323.50,-1.9267
324.00,-1.8471
324.50,-1.7705
325.00,-1.7041
325.50,-1.6553
326.00,-1.6304
326.50,-1.6337
327.00,-1.6681
327.50,-1.7351
328.00,-1.8286
328.50,-1.9243
329.00,-1.9822
329.50,-1.9700
330.00,-1.8916
330.50,-1.7913
331.00,-1.7269
331.50,-1.7318
332.00,-1.7945
332.50,-1.8674
333.00,-1.9001
333.50,-1.8707
334.00,-1.7913
334.50,-1.6893
335.00,-1.5870
335.50,-1.4969
336.00,-1.4275
336.50,-1.3818
337.00,-1.3550
337.50,-1.3397
338.00,-1.3320
338.50,-1.3324
339.00,-1.3391
339.50,-1.3432
340.00,-1.3321
340.50,-1.2978
341.00,-1.2427
341.50,-1.1801
342.00,-1.1285
342.50,-1.1024
343.00,-1.1076
343.50,-1.1427
344.00,-1.2007
344.50,-1.2678
345.00,-1.3206
345.50,-1.3354
346.00,-1.3040
346.50,-1.2411
347.00,-1.1733
347.50,-1.1203
348.00,-1.0877
348.50,-1.0722
349.00,-1.0691
349.50,-1.0737
350.00,-1.0814
350.50,-1.0886
351.00,-1.0906
351.50,-1.0798
352.00,-1.0494
352.50,-1.0016
353.00,-0.9502
353.50,-0.9114
354.00,-0.8914
354.50,-0.8816
355.00,-0.8677
355.50,-0.8434
356.00,-0.8148
356.50,-0.7921
357.00,-0.7810
357.50,-0.7820
358.00,-0.7959
358.50,-0.8264
359.00,-0.8765
359.50,-0.9413
360.00,-1.0032
360.50,-1.0372
361.00,-1.0237
361.50,-0.9629
362.00,-0.8767
362.50,-0.7955
363.00,-0.7394
363.50,-0.7120
364.00,-0.7102
364.50,-0.7334
365.00,-0.7772
365.50,-0.8253
366.00,-0.8548
366.50,-0.8564
367.00,-0.8415
367.50,-0.8298
368.00,-0.8314
368.50,-0.8370
369.00,-0.8227
369.50,-0.7659
370.00,-0.6638
370.50,-0.5420
371.00,-0.4429
371.50,-0.4007
372.00,-0.4215
372.50,-0.4813
373.00,-0.5419
373.50,-0.5722
374.00,-0.5606
374.50,-0.5140
375.00,-0.4475
375.50,-0.3763
376.00,-0.3124
376.50,-0.2636
377.00,-0.2310
377.50,-0.2085
378.00,-0.1871
378.50,-0.1631
379.00,-0.1422
379.50,-0.1371
380.00,-0.1584
380.50,-0.2047
381.00,-0.2568
381.50,-0.2851
382.00,-0.2658
382.50,-0.1974
383.00,-0.1016
383.50,-0.0091
384.00,0.0586
384.50,0.0977
385.00,0.1187
385.50,0.1349
386.00,0.1550
386.50,0.1803
387.00,0.2074
387.50,0.2356
388.00,0.2697
388.50,0.3146
389.00,0.3641
389.50,0.4005
390.00,0.4077
390.50,0.3855
391.00,0.3493
391.50,0.3164
392.00,0.2939
392.50,0.2789
393.00,0.2670
393.50,0.2609
394.00,0.2702
394.50,0.3031
395.00,0.3572
395.50,0.4178
396.00,0.4667
396.50,0.4936
397.00,0.5035
397.50,0.5137
398.00,0.5433
398.50,0.6006
399.00,0.6781
399.50,0.7576
400.00,0.8218
400.50,0.8624
401.00,0.8815
401.50,0.8870
402.00,0.8857
402.50,0.8762
403.00,0.8492
403.50,0.7953
404.00,0.7163
404.50,0.6322
405.00,0.5758
405.50,0.5752
406.00,0.6345
406.50,0.7277
407.00,0.8139
407.50,0.8634
408.00,0.8742
408.50,0.8689
409.00,0.8766
409.50,0.9140
410.00,0.9760
410.50,1.0422
411.00,1.0911
411.50,1.1140
412.00,1.1170
412.50,1.1124
413.00,1.1075
413.50,1.1020
414.00,1.0929
414.50,1.0810
415.00,1.0744
415.50,1.0837
416.00,1.1157
416.50,1.1657
417.00,1.2184
417.50,1.2574
418.00,1.2758
418.50,1.2795
419.00,1.2812
419.50,1.2924
420.00,1.3179
420.50,1.3534
421.00,1.3885
421.50,1.4135
422.00,1.4244
422.50,1.4227
423.00,1.4114
423.50,1.3931
424.00,1.3699
424.50,1.3465
425.00,1.3323
425.50,1.3405
426.00,1.3812
426.50,1.4505
427.00,1.5285
427.50,1.5901
428.00,1.6207
428.50,1.6241
429.00,1.6158
429.50,1.6112
430.00,1.6189
430.50,1.6419
431.00,1.6792
431.50,1.7240
432.00,1.7624
432.50,1.7771
433.00,1.7571
433.50,1.7071
434.00,1.6468
434.50,1.5996
435.00,1.5780
435.50,1.5793
436.00,1.5953
436.50,1.6256
437.00,1.6768
437.50,1.7489
438.00,1.8257
438.50,1.8831
439.00,1.9086
439.50,1.9117
440.00,1.9183
440.50,1.9511
441.00,2.0122
441.50,2.0804
442.00,2.1257
442.50,2.1304
443.00,2.0983
443.50,2.0483
444.00,2.0026
444.50,1.9792
445.00,1.9892
445.50,2.0348
446.00,2.1078
446.50,2.1922
447.00,2.2688
447.50,2.3235
448.00,2.3565
448.50,2.3814
449.00,2.4124
449.50,2.4505
450.00,2.4841
450.50,2.5021
451.00,2.5039
451.50,2.4999
452.00,2.5034
452.50,2.5225
453.00,2.5553
453.50,2.5898
454.00,2.6125
454.50,2.6186
455.00,2.6143
455.50,2.6091
456.00,2.6074
456.50,2.6065
457.00,2.6033
457.50,2.5998
458.00,2.6028
458.50,2.6178
459.00,2.6458
459.50,2.6840
460.00,2.7290
460.50,2.7769
461.00,2.8213
461.50,2.8525
462.00,2.8592
462.50,2.8378
463.00,2.8013
463.50,2.7769
464.00,2.7908
464.50,2.8470
465.00,2.9234
465.50,2.9875
466.00,3.0182
466.50,3.0158
467.00,2.9961
467.50,2.9768
468.00,2.9685
468.50,2.9727
469.00,2.9859
469.50,3.0039
470.00,3.0254
470.50,3.0508
471.00,3.0792
471.50,3.1067
472.00,3.1284
472.50,3.1425
473.00,3.1535
473.50,3.1685
474.00,3.1938
474.50,3.2302
475.00,3.2710
475.50,3.3026
476.00,3.3094
476.50,3.2832
477.00,3.2319
477.50,3.1783
478.00,3.1473
478.50,3.1482
479.00,3.1672
479.50,3.1772
480.00,3.1586
480.50,3.1142
481.00,3.0661
481.50,3.0402
482.00,3.0522
482.50,3.1031
483.00,3.1819
483.50,3.2684
484.00,3.3400
484.50,3.3833
485.00,3.4023
485.50,3.4127
486.00,3.4260
486.50,3.4385
487.00,3.4379
487.50,3.4184
488.00,3.3882
488.50,3.3629
489.00,3.3540
489.50,3.3627
490.00,3.3832
490.50,3.4075
491.00,3.4293
491.50,3.4456
492.00,3.4580
492.50,3.4720
493.00,3.4921
493.50,3.5176
494.00,3.5438
494.50,3.5685
495.00,3.5952
495.50,3.6283
496.00,3.6664
496.50,3.7007
497.00,3.7189
497.50,3.7121
498.00,3.6801
498.50,3.6325
499.00,3.5848
499.50,3.5507
500.00,3.5371
500.50,3.5434
501.00,3.5646
501.50,3.5939
502.00,3.6247
502.50,3.6529
503.00,3.6789
503.50,3.7075
504.00,3.7429
504.50,3.7814
505.00,3.8117
505.50,3.8227
506.00,3.8142
506.50,3.7988
507.00,3.7922
507.50,3.8008
508.00,3.8184
508.50,3.8357
509.00,3.8517
509.50,3.8734
510.00,3.9052
510.50,3.9394
511.00,3.9609
511.50,3.9628
512.00,3.9562
512.50,3.9650
513.00,4.0097
513.50,4.0929
514.00,4.1961
514.50,4.2891
515.00,4.3442
515.50,4.3512
516.00,4.3213
516.50,4.2782
517.00,4.2417
517.50,4.2179
518.00,4.2019
518.50,4.1884
519.00,4.1797
519.50,4.1843
520.00,4.2089
520.50,4.2530
521.00,4.3068
521.50,4.3532
522.00,4.3746
522.50,4.3632
523.00,4.3290
523.50,4.2950
524.00,4.2825
524.50,4.2995
525.00,4.3411
525.50,4.3966
526.00,4.4538
526.50,4.4992
527.00,4.5204
527.50,4.5134
528.00,4.4887
528.50,4.4683
529.00,4.4725
529.50,4.5071
530.00,4.5611
530.50,4.6154
531.00,4.6537
531.50,4.6691
532.00,4.6635
532.50,4.6421
533.00,4.6106
533.50,4.5766
534.00,4.5485
534.50,4.5292
535.00,4.5115
535.50,4.4861
536.00,4.4559
536.50,4.4396
537.00,4.4579
537.50,4.5163
538.00,4.6006
538.50,4.6865
539.00,4.7528
539.50,4.7928
540.00,4.8156
540.50,4.8374
541.00,4.8665
541.50,4.8962
542.00,4.9134
542.50,4.9147
543.00,4.9138
543.50,4.9330
544.00,4.9837
544.50,5.0540
545.00,5.1128
545.50,5.1290
546.00,5.0931
546.50,5.0228
547.00,4.9497
547.50,4.8976
548.00,4.8729
548.50,4.8696
549.00,4.8782
549.50,4.8878
550.00,4.8867
550.50,4.8694
551.00,4.8447
551.50,4.8306
552.00,4.8392
552.50,4.8682
553.00,4.9080
553.50,4.9562
554.00,5.0200
554.50,5.1033
555.00,5.1932
555.50,5.2623
556.00,5.2858
556.50,5.2593
557.00,5.2051
557.50,5.1623
558.00,5.1647
558.50,5.2166
559.00,5.2844
559.50,5.3176
560.00,5.2861
560.50,5.2031
561.00,5.1130
561.50,5.0601
562.00,5.0655
562.50,5.1240
563.00,5.2141
563.50,5.3097
564.00,5.3892
564.50,5.4408
565.00,5.4603
565.50,5.4507
566.00,5.4224
566.50,5.3943
567.00,5.3873
567.50,5.4149
568.00,5.4754
568.50,5.5514
569.00,5.6165
569.50,5.6495
570.00,5.6496
570.50,5.6380
571.00,5.6427
571.50,5.6792
572.00,5.7411
572.50,5.8066
573.00,5.8519
573.50,5.8630
574.00,5.8408
574.50,5.7977
575.00,5.7472
575.50,5.6938
576.00,5.6359
576.50,5.5768
577.00,5.5347
577.50,5.5339
578.00,5.5853
578.50,5.6739
579.00,5.7684
579.50,5.8405
580.00,5.8769
580.50,5.8766
581.00,5.8458
581.50,5.7970
582.00,5.7497
582.50,5.7243
583.00,5.7312
583.50,5.7655
584.00,5.8131
584.50,5.8616
585.00,5.9065
585.50,5.9469
586.00,5.9789
586.50,5.9945
587.00,5.9892
587.50,5.9703
588.00,5.9545
588.50,5.9557
589.00,5.9725
589.50,5.9885
590.00,5.9870
590.50,5.9673
591.00,5.9466
591.50,5.9461
592.00,5.9754
592.50,6.0268
593.00,6.0833
593.50,6.1308
594.00,6.1656
594.50,6.1913
595.00,6.2107
595.50,6.2221
596.00,6.2238
596.50,6.2203
597.00,6.2217
597.50,6.2350
598.00,6.2561
598.50,6.2698
599.00,6.2607
599.50,6.2261
600.00,6.1800
600.50,6.1474
601.00,6.1519
601.50,6.2045
602.00,6.2956
602.50,6.3987
603.00,6.4827
603.50,6.5273
604.00,6.5324
604.50,6.5161
605.00,6.5016
605.50,6.5017
606.00,6.5127
606.50,6.5221
607.00,6.5217
607.50,6.5131
608.00,6.5042
608.50,6.5031
609.00,6.5151
609.50,6.5397
610.00,6.5704
610.50,6.5980
611.00,6.6168
611.50,6.6266
612.00,6.6291
612.50,6.6249
613.00,6.6169
613.50,6.6136
614.00,6.6242
614.50,6.6477
615.00,6.6704
615.50,6.6763
616.00,6.6610
616.50,6.6349
617.00,6.6146
617.50,6.6101
618.00,6.6214
618.50,6.6425
619.00,6.6680
619.50,6.6935
620.00,6.7114
620.50,6.7103
621.00,6.6806
621.50,6.6264
622.00,6.5707
622.50,6.5452
623.00,6.5685
623.50,6.6320
624.00,6.7066
624.50,6.7621
625.00,6.7852
625.50,6.7859
626.00,6.7901
626.50,6.8211
627.00,6.8815
627.50,6.9521
628.00,7.0081
628.50,7.0363
629.00,7.0392
629.50,7.0264
630.00,7.0089
630.50,6.9967
631.00,6.9949
631.50,6.9996
632.00,7.0012
632.50,6.9953
633.00,6.9871
633.50,6.9836
634.00,6.9843
634.50,6.9822
635.00,6.9704
635.50,6.9492
636.00,6.9258
636.50,6.9107
637.00,6.9123
637.50,6.9348
638.00,6.9782
638.50,7.0391
639.00,7.1102
639.50,7.1807
640.00,7.2408
640.50,7.2875
641.00,7.3271
641.50,7.3679
642.00,7.4095
642.50,7.4376
643.00,7.4318
643.50,7.3828
644.00,7.3023
644.50,7.2192
645.00,7.1648
645.50,7.1557
646.00,7.1880
646.50,7.2447
647.00,7.3091
647.50,7.3725
648.00,7.4322
648.50,7.4857
649.00,7.5301
649.50,7.5646
650.00,7.5917
650.50,7.6137
651.00,7.6307
651.50,7.6430
652.00,7.6548
652.50,7.6722
653.00,7.6956
653.50,7.7158
654.00,7.7208
654.50,7.7074
655.00,7.6830
655.50,7.6576
656.00,7.6359
656.50,7.6175
657.00,7.6018
657.50,7.5895
658.00,7.5806
658.50,7.5754
659.00,7.5763
659.50,7.5881
660.00,7.6114
660.50,7.6373
661.00,7.6488
661.50,7.6318
662.00,7.5870
662.50,7.5319
663.00,7.4912
663.50,7.4808
664.00,7.4982
664.50,7.5277
665.00,7.5563
665.50,7.5831
666.00,7.6156
666.50,7.6562
667.00,7.6973
667.50,7.7282
668.00,7.7472
668.50,7.7642
669.00,7.7926
669.50,7.8397
670.00,7.9056
670.50,7.9871
671.00,8.0784
671.50,8.1670
672.00,8.2339
672.50,8.2635
673.00,8.2538
673.50,8.2181
674.00,8.1758
674.50,8.1413
675.00,8.1192
675.50,8.1064
676.00,8.0983
676.50,8.0945
677.00,8.0987
677.50,8.1158
678.00,8.1468
678.50,8.1856
679.00,8.2202
679.50,8.2362
680.00,8.2248
680.50,8.1877
681.00,8.1373
681.50,8.0908
682.00,8.0607
682.50,8.0500
683.00,8.0566
683.50,8.0811
684.00,8.1287
684.50,8.2004
685.00,8.2823
685.50,8.3485
686.00,8.3768
686.50,8.3623
687.00,8.3178
687.50,8.2635
688.00,8.2180
688.50,8.1946
689.00,8.1989
689.50,8.2261
690.00,8.2622
690.50,8.2927
691.00,8.3104
691.50,8.3174
692.00,8.3210
692.50,8.3308
693.00,8.3558
693.50,8.3982
694.00,8.4475
694.50,8.4873
695.00,8.5083
695.50,8.5159
696.00,8.5217
696.50,8.5288
697.00,8.5299
697.50,8.5191
698.00,8.5032
698.50,8.4979
699.00,8.5139
699.50,8.5495
700.00,8.5959
700.50,8.6467
701.00,8.6989
701.50,8.7479
702.00,8.7868
702.50,8.8106
703.00,8.8211
703.50,8.8249
704.00,8.8279
704.50,8.8316
705.00,8.8341
705.50,8.8345
706.00,8.8361
706.50,8.8449
707.00,8.8634
707.50,8.8863
708.00,8.9033
708.50,8.9058
709.00,8.8920
709.50,8.8653
710.00,8.8326
710.50,8.8014
711.00,8.7794
711.50,8.7696
712.00,8.7667
712.50,8.7587
713.00,8.7357
713.50,8.6993
714.00,8.6646
714.50,8.6500
715.00,8.6651
715.50,8.7054
716.00,8.7551
716.50,8.7955
717.00,8.8152
717.50,8.8166
718.00,8.8108
718.50,8.8077
719.00,8.8101
719.50,8.8175
720.00,8.8323
720.50,8.8582
721.00,8.8934
721.50,8.9288
722.00,8.9539
722.50,8.9669
723.00,8.9746
723.50,8.9838
724.00,8.9946
724.50,9.0043
725.00,9.0155
725.50,9.0371
726.00,9.0756
726.50,9.1263
727.00,9.1726
727.50,9.1941
728.00,9.1800
728.50,9.1377
729.00,9.0897
729.50,9.0601
730.00,9.0604
730.50,9.0849
731.00,9.1193
731.50,9.1513
732.00,9.1761
732.50,9.1944
733.00,9.2111
733.50,9.2342
734.00,9.2707
734.50,9.3193
735.00,9.3706
735.50,9.4145
736.00,9.4485
736.50,9.4767
737.00,9.5019
737.50,9.5219
738.00,9.5325
738.50,9.5306
739.00,9.5132
739.50,9.4767
740.00,9.4198
740.50,9.3487
741.00,9.2774
741.50,9.2242
742.00,9.2047
742.50,9.2239
743.00,9.2730
743.50,9.3339
744.00,9.3879
744.50,9.4236
745.00,9.4397
745.50,9.4433
746.00,9.4447
746.50,9.4507
747.00,9.4633
747.50,9.4820
748.00,9.5065
748.50,9.5358
749.00,9.5661
749.50,9.5923
750.00,9.6093
750.50,9.6109
751.00,9.5916
751.50,9.5537
752.00,9.5119
752.50,9.4868
753.00,9.4891
753.50,9.5118
754.00,9.5362
754.50,9.5454
755.00,9.5321
755.50,9.5018
756.00,9.4720
756.50,9.4628
757.00,9.4836
757.50,9.5275
758.00,9.5794
758.50,9.6274
759.00,9.6651
759.50,9.6908
760.00,9.7069
760.50,9.7207
761.00,9.7382
761.50,9.7580
762.00,9.7721
762.50,9.7748
763.00,9.7694
763.50,9.7642
764.00,9.7625
764.50,9.7584
765.00,9.7449
765.50,9.7261
766.00,9.7157
766.50,9.7238
767.00,9.7468
767.50,9.7733
768.00,9.7947
768.50,9.8095
769.00,9.8187
769.50,9.8225
770.00,9.8222
770.50,9.8224
771.00,9.8297
771.50,9.8508
772.00,9.8896
772.50,9.9437
773.00,10.0018
773.50,10.0463
774.00,10.0615
774.50,10.0438
775.00,10.0043
775.50,9.9631
776.00,9.9391
776.50,9.9418
777.00,9.9685
777.50,10.0069
778.00,10.0442
778.50,10.0725
779.00,10.0873
779.50,10.0820
780.00,10.0535
780.50,10.0104
781.00,9.9755
781.50,9.9725
782.00,10.0119
782.50,10.0856
783.00,10.1719
783.50,10.2456
784.00,10.2889
784.50,10.2989
785.00,10.2866
785.50,10.2665
786.00,10.2478
786.50,10.2333
787.00,10.2234
787.50,10.2175
788.00,10.2132
788.50,10.2064
789.00,10.1973
789.50,10.1920
790.00,10.1984
790.50,10.2183
791.00,10.2438
791.50,10.2617
792.00,10.2619
792.50,10.2429
793.00,10.2124
793.50,10.1816
794.00,10.1593
794.50,10.1477
795.00,10.1440
795.50,10.1433
796.00,10.1428
796.50,10.1443
797.00,10.1545
797.50,10.1826
798.00,10.2351
798.50,10.3090
799.00,10.3886
799.50,10.4521
800.00,10.4820
800.50,10.4760
801.00,10.4480
801.50,10.4197
802.00,10.4057
802.50,10.4064
803.00,10.4124
803.50,10.4163
804.00,10.4173
804.50,10.4172
805.00,10.4171
805.50,10.4201
806.00,10.4322
806.50,10.4568
807.00,10.4874
807.50,10.5120
808.00,10.5249
808.50,10.5332
809.00,10.5504
809.50,10.5831
810.00,10.6265
810.50,10.6690
811.00,10.7016
811.50,10.7229
812.00,10.7382
812.50,10.7550
813.00,10.7773
813.50,10.8026
814.00,10.8226
814.50,10.8282
815.00,10.8169
815.50,10.7968
816.00,10.7812
816.50,10.7780
817.00,10.7821
817.50,10.7812
818.00,10.7682
818.50,10.7488
819.00,10.7354
819.50,10.7343
820.00,10.7414
820.50,10.7493
821.00,10.7563
821.50,10.7663
822.00,10.7815
822.50,10.7999
823.00,10.8173
823.50,10.8307
824.00,10.8374
824.50,10.8340
825.00,10.8170
825.50,10.7873
826.00,10.7523
826.50,10.7270
827.00,10.7298
827.50,10.7724
828.00,10.8474
828.50,10.9291
829.00,10.9891
829.50,11.0154
830.00,11.0169
830.50,11.0120
831.00,11.0163
831.50,11.0363
832.00,11.0695
832.50,11.1057
833.00,11.1309
833.50,11.1351
834.00,11.1184
834.50,11.0913
835.00,11.0689
835.50,11.0628
836.00,11.0739
836.50,11.0929
837.00,11.1083
837.50,11.1157
838.00,11.1212
838.50,11.1345
839.00,11.1588
839.50,11.1854
840.00,11.1986
840.50,11.1901
841.00,11.1663
841.50,11.1443
842.00,11.1378
842.50,11.1482
843.00,11.1674
843.50,11.1851
844.00,11.1946
844.50,11.1955
845.00,11.1933
845.50,11.1960
846.00,11.2080
846.50,11.2257
847.00,11.2419
847.50,11.2534
848.00,11.2648
848.50,11.2816
849.00,11.3013
849.50,11.3126
850.00,11.3036
850.50,11.2713
851.00,11.2259
851.50,11.1895
852.00,11.1865
852.50,11.2264
853.00,11.2903
853.50,11.3395
854.00,11.3425
854.50,11.3006
855.00,11.2449
855.50,11.2096
856.00,11.2073
856.50,11.2266
857.00,11.2501
857.50,11.2701
858.00,11.2903
858.50,11.3157
859.00,11.3468
859.50,11.3815
860.00,11.4183
860.50,11.4566
861.00,11.4953
861.50,11.5321
862.00,11.5654
862.50,11.5946
863.00,11.6197
863.50,11.6394
864.00,11.6519
864.50,11.6556
865.00,11.6504
865.50,11.6378
866.00,11.6210
866.50,11.6053
867.00,11.5973
867.50,11.6026
868.00,11.6239
868.50,11.6619
869.00,11.7178
869.50,11.7921
870.00,11.8789
870.50,11.9642
871.00,12.0314
871.50,12.0721
872.00,12.0926
872.50,12.1125
873.00,12.1575
873.50,12.2482
874.00,12.3902
874.50,12.5690
875.00,12.7562
875.50,12.9243
876.00,13.0576
876.50,13.1513
877.00,13.2039
877.50,13.2157
878.00,13.1961
878.50,13.1667
879.00,13.1508
879.50,13.1592
880.00,13.1863
880.50,13.2207
881.00,13.2559
881.50,13.2911
882.00,13.3260
882.50,13.3576
883.00,13.3816
883.50,13.3973
884.00,13.4100
884.50,13.4283
885.00,13.4568
885.50,13.4899
886.00,13.5160
886.50,13.5273
887.00,13.5268
887.50,13.5255
888.00,13.5344
888.50,13.5592
889.00,13.5997
889.50,13.6510
890.00,13.7045
890.50,13.7499
891.00,13.7810
891.50,13.7987
892.00,13.8085
892.50,13.8136
893.00,13.8119
893.50,13.7997
894.00,13.7789
894.50,13.7586
895.00,13.7464
895.50,13.7391
896.00,13.7222
896.50,13.6832
897.00,13.6281
897.50,13.5805
898.00,13.5640
898.50,13.5841
899.00,13.6275
899.50,13.6764
900.00,13.7208
900.50,13.7576
901.00,13.7859
901.50,13.8057
902.00,13.8216
902.50,13.8419
903.00,13.8736
903.50,13.9164
904.00,13.9604
904.50,13.9907
905.00,13.9964
905.50,13.9787
906.00,13.9517
906.50,13.9363
907.00,13.9468
907.50,13.9832
908.00,14.0324
908.50,14.0800
909.00,14.1194
909.50,14.1530
910.00,14.1845
910.50,14.2127
911.00,14.2322
911.50,14.2385
912.00,14.2307
912.50,14.2107
913.00,14.1814
913.50,14.1471
914.00,14.1138
914.50,14.0857
915.00,14.0631
915.50,14.0467
916.00,14.0409
916.50,14.0526
917.00,14.0846
917.50,14.1317
918.00,14.1816
918.50,14.2189
919.00,14.2306
919.50,14.2124
920.00,14.1718
920.50,14.1238
921.00,14.0837
921.50,14.0595
922.00,14.0488
922.50,14.0419
923.00,14.0292
923.50,14.0061
924.00,13.9746
924.50,13.9402
925.00,13.9088
925.50,13.8860
926.00,13.8754
926.50,13.8767
927.00,13.8840
927.50,13.8897
928.00,13.8917
928.50,13.8952
929.00,13.9068
929.50,13.9241
930.00,13.9339
930.50,13.9229
931.00,13.8917
931.50,13.8574
932.00,13.8416
932.50,13.8547
933.00,13.8892
933.50,13.9267
934.00,13.9508
934.50,13.9574
935.00,13.9554
935.50,13.9573
936.00,13.9706
936.50,13.9938
937.00,14.0204
937.50,14.0426
938.00,14.0543
938.50,14.0531
939.00,14.0419
939.50,14.0289
940.00,14.0251
940.50,14.0411
941.00,14.0810
941.50,14.1385
942.00,14.1966
942.50,14.2358
943.00,14.2457
943.50,14.2296
944.00,14.1987
944.50,14.1625
945.00,14.1256
945.50,14.0927
946.00,14.0714
946.50,14.0688
947.00,14.0858
947.50,14.1162
948.00,14.1516
948.50,14.1849
949.00,14.2119
949.50,14.2317
950.00,14.2476
950.50,14.2658
951.00,14.2899
951.50,14.3169
952.00,14.3398
952.50,14.3537
953.00,14.3598
953.50,14.3622
954.00,14.3634
954.50,14.3629
955.00,14.3581
955.50,14.3464
956.00,14.3248
956.50,14.2910
957.00,14.2480
957.50,14.2090
958.00,14.1930
958.50,14.2116
959.00,14.2589
959.50,14.3147
960.00,14.3578
960.50,14.3779
961.00,14.3771
961.50,14.3650
962.00,14.3515
962.50,14.3421
963.00,14.3389
963.50,14.3433
964.00,14.3550
964.50,14.3682
965.00,14.3724
965.50,14.3606
966.00,14.3395
966.50,14.3249
967.00,14.3246
967.50,14.3266
968.00,14.3093
968.50,14.2659
969.00,14.2155
969.50,14.1859
970.00,14.1872
970.50,14.2051
971.00,14.2179
971.50,14.2178
972.00,14.2134
972.50,14.2149
973.00,14.2213
973.50,14.2216
974.00,14.2072
974.50,14.1807
975.00,14.1544
975.50,14.1413
976.00,14.1476
976.50,14.1692
977.00,14.1952
977.50,14.2161
978.00,14.2280
978.50,14.2326
979.00,14.2314
979.50,14.2241
980.00,14.2111
980.50,14.1982
981.00,14.1962
981.50,14.2157
982.00,14.2577
982.50,14.3070
983.00,14.3347
983.50,14.3167
984.00,14.2540
984.50,14.1792
985.00,14.1377
985.50,14.1590
986.00,14.2385
986.50,14.3434
987.00,14.4340
987.50,14.4819
988.00,14.4774
988.50,14.4286
989.00,14.3569
989.50,14.2887
990.00,14.2431
990.50,14.2231
991.00,14.2178
991.50,14.2139
992.00,14.2040
992.50,14.1889
993.00,14.1754
993.50,14.1734
994.00,14.1907
994.50,14.2285
995.00,14.2801
995.50,14.3341
996.00,14.3809
996.50,14.4151
997.00,14.4348
997.50,14.4409
998.00,14.4361
998.50,14.4244
999.00,14.4113
999.50,14.4024
1000.00,14.4034
1000.50,14.4168
1001.00,14.4372
1001.50,14.4518
1002.00,14.4471
1002.50,14.4194
1003.00,14.3792
1003.50,14.3440
1004.00,14.3267
1004.50,14.3265
1005.00,14.3304
1005.50,14.3235
1006.00,14.3013
1006.50,14.2731
1007.00,14.2534
1007.50,14.2491
1008.00,14.2560
1008.50,14.2651
1009.00,14.2706
1009.50,14.2704
1010.00,14.2640
1010.50,14.2521
1011.00,14.2387
1011.50,14.2309
1012.00,14.2346
1012.50,14.2521
1013.00,14.2819
1013.50,14.3188
1014.00,14.3541
1014.50,14.3788
1015.00,14.3890
1015.50,14.3896
1016.00,14.3901
1016.50,14.3945
1017.00,14.3987
1017.50,14.3964
1018.00,14.3887
1018.50,14.3840
1019.00,14.3894
1019.50,14.4016
1020.00,14.4056
1020.50,14.3836
1021.00,14.3293
1021.50,14.2546
1022.00,14.1844
1022.50,14.1423
1023.00,14.1386
1023.50,14.1669
1024.00,14.2097
1024.50,14.2489
1025.00,14.2747
1025.50,14.2873
1026.00,14.2890
1026.50,14.2776
1027.00,14.2472
1027.50,14.1975
1028.00,14.1398
1028.50,14.0935
1029.00,14.0755
1029.50,14.0889
1030.00,14.1225
1030.50,14.1609
1031.00,14.1969
1031.50,14.2330
1032.00,14.2707
1032.50,14.3024
1033.00,14.3165
1033.50,14.3091
1034.00,14.2902
1034.50,14.2774
1035.00,14.2856
1035.50,14.3192
1036.00,14.3706
1036.50,14.4243
1037.00,14.4641
1037.50,14.4803
1038.00,14.4743
1038.50,14.4583
1039.00,14.4493
1039.50,14.4587
1040.00,14.4859
1040.50,14.5208
1041.00,14.5523
1041.50,14.5757
1042.00,14.5922
1042.50,14.6026
1043.00,14.6058
1043.50,14.6012
1044.00,14.5923
1044.50,14.5853
1045.00,14.5848
1045.50,14.5907
1046.00,14.5962
1046.50,14.5916
1047.00,14.5711
1047.50,14.5403
1048.00,14.5154
1048.50,14.5129
1049.00,14.5368
1049.50,14.5749
1050.00,14.6072
1050.50,14.6181
1051.00,14.6058
1051.50,14.5821
1052.00,14.5641
1052.50,14.5610
1053.00,14.5655
1053.50,14.5591
1054.00,14.5301
1054.50,14.4894
1055.00,14.4685
1055.50,14.4942
1056.00,14.5651
1056.50,14.6505
1057.00,14.7155
1057.50,14.7465
1058.00,14.7539
1058.50,14.7562
1059.00,14.7635
1059.50,14.7744
1060.00,14.7825
1060.50,14.7838
1061.00,14.7789
1061.50,14.7706
1062.00,14.7617
1062.50,14.7557
1063.00,14.7573
1063.50,14.7696
1064.00,14.7893
1064.50,14.8043
1065.00,14.8010
1065.50,14.7758
1066.00,14.7394
1066.50,14.7114
1067.00,14.7071
1067.50,14.7288
1068.00,14.7637
1068.50,14.7905
1069.00,14.7913
1069.50,14.7619
1070.00,14.7150
1070.50,14.6728
1071.00,14.6533
1071.50,14.6614
1072.00,14.6905
1072.50,14.7300
1073.00,14.7708
1073.50,14.8048
1074.00,14.8246
1074.50,14.8278
1075.00,14.8216
1075.50,14.8205
1076.00,14.8365
1076.50,14.8715
1077.00,14.9161
1077.50,14.9561
1078.00,14.9794
1078.50,14.9812
1079.00,14.9645
1079.50,14.9374
1080.00,14.9099
1080.50,14.8890
1081.00,14.8766
1081.50,14.8684
1082.00,14.8587
1082.50,14.8459
1083.00,14.8360
1083.50,14.8394
1084.00,14.8651
1084.50,14.9137
1085.00,14.9746
1085.50,15.0296
1086.00,15.0637
1086.50,15.0756
1087.00,15.0798
1087.50,15.0951
1088.00,15.1290
1088.50,15.1722
1089.00,15.2104
1089.50,15.2411
1090.00,15.2772
1090.50,15.3329
1091.00,15.4084
1091.50,15.4905
1092.00,15.5624
1092.50,15.6126
1093.00,15.6387
1093.50,15.6481
1094.00,15.6579
1094.50,15.6879
1095.00,15.7486
1095.50,15.8355
1096.00,15.9347
1096.50,16.0349
1097.00,16.1349
1097.50,16.2392
1098.00,16.3492
1098.50,16.4576
1099.00,16.5523
1099.50,16.6247
1100.00,16.6757
1100.50,16.7162
1101.00,16.7610
1101.50,16.8193
1102.00,16.8877
1102.50,16.9531
1103.00,17.0031
1103.50,17.0363
1104.00,17.0584
1104.50,17.0698
1105.00,17.0554
1105.50,16.9924
1106.00,16.8691
1106.50,16.6965
1107.00,16.5019
1107.50,16.3123
1108.00,16.1395
1108.50,15.9790
1109.00,15.8201
1109.50,15.6559
1110.00,15.4880
1110.50,15.3250
1111.00,15.1790
1111.50,15.0626
1112.00,14.9874
1112.50,14.9576
1113.00,14.9646
1113.50,14.9870
1114.00,15.0029
1114.50,15.0037
1115.00,14.9961
1115.50,14.9923
1116.00,14.9974
1116.50,15.0068
1117.00,15.0155
1117.50,15.0282
1118.00,15.0588
1118.50,15.1180
1119.00,15.2011
1119.50,15.2898
1120.00,15.3648
1120.50,15.4177
1121.00,15.4526
1121.50,15.4797
1122.00,15.5053
1122.50,15.5267
1123.00,15.5347
1123.50,15.5227
1124.00,15.4951
1124.50,15.4655
1125.00,15.4459
1125.50,15.4384
1126.00,15.4371
1126.50,15.4375
1127.00,15.4400
1127.50,15.4450
1128.00,15.4472
1128.50,15.4385
1129.00,15.4165
1129.50,15.3865
1130.00,15.3566
1130.50,15.3316
1131.00,15.3143
1131.50,15.3086
1132.00,15.3183
1132.50,15.3415
1133.00,15.3686
1133.50,15.3880
1134.00,15.3922
1134.50,15.3789
1135.00,15.3484
1135.50,15.3030
1136.00,15.2504
1136.50,15.2043
1137.00,15.1777
1137.50,15.1752
1138.00,15.1910
1138.50,15.2143
1139.00,15.2358
1139.50,15.2487
1140.00,15.2457
1140.50,15.2184
1141.00,15.1665
1141.50,15.1068
1142.00,15.0697
1142.50,15.0781
1143.00,15.1255
1143.50,15.1769
1144.00,15.1965
1144.50,15.1751
1145.00,15.1350
1145.50,15.1073
1146.00,15.1080
1146.50,15.1299
1147.00,15.1534
1147.50,15.1630
1148.00,15.1561
1148.50,15.1414
1149.00,15.1311
1149.50,15.1322
1150.00,15.1433
1150.50,15.1585
1151.00,15.1737
1151.50,15.1880
1152.00,15.2009
1152.50,15.2091
1153.00,15.2101
1153.50,15.2049
1154.00,15.1967
1154.50,15.1856
1155.00,15.1672
1155.50,15.1396
1156.00,15.1110
1156.50,15.0989
1157.00,15.1170
1157.50,15.1646
1158.00,15.2277
1158.50,15.2889
1159.00,15.3348
1159.50,15.3566
1160.00,15.3502
1160.50,15.3211
1161.00,15.2853
1161.50,15.2607
1162.00,15.2539
1162.50,15.2578
1163.00,15.2616
1163.50,15.2653
1164.00,15.2807
1164.50,15.3215
1165.00,15.3908
1165.50,15.4783
1166.00,15.5684
1166.50,15.6529
1167.00,15.7353
1167.50,15.8259
1168.00,15.9312
1168.50,16.0491
1169.00,16.1740
1169.50,16.3033
1170.00,16.4412
1170.50,16.5972
1171.00,16.7832
1171.50,17.0099
1172.00,17.2809
1172.50,17.5893
1173.00,17.9206
1173.50,18.2648
1174.00,18.6241
1174.50,19.0085
1175.00,19.4244
1175.50,19.8672
1176.00,20.3251
1176.50,20.7877
1177.00,21.2524
1177.50,21.7261
1178.00,22.2206
1178.50,22.7487
1179.00,23.3177
1179.50,23.9262
1180.00,24.5642
1180.50,25.2173
1181.00,25.8738
1181.50,26.5299
1182.00,27.1879
1182.50,27.8513
1183.00,28.5220
1183.50,29.2038
1184.00,29.9074
1184.50,30.6553
1185.00,31.4837
1185.50,32.4414
1186.00,33.5754
1186.50,34.9080
1187.00,36.4222
1187.50,38.0674
1188.00,39.7808
1188.50,41.5083
1189.00,43.2130
1189.50,44.8727
1190.00,46.4701
1190.50,47.9827
1191.00,49.3741
1191.50,50.5915
1192.00,51.5652
1192.50,52.2105
1193.00,52.4297
1193.50,52.1173
1194.00,51.1720
1194.50,49.5233
1195.00,47.1693
1195.50,44.2131
1196.00,40.8670
1196.50,37.4073
1197.00,34.0912
1197.50,31.0831
1198.00,28.4336
1198.50,26.1172
1199.00,24.0914
1199.50,22.3338
1200.00,20.8439
1200.50,19.6233
1201.00,18.6570
1201.50,17.9122
1202.00,17.3508
1202.50,16.9431
1203.00,16.6673
1203.50,16.4993
1204.00,16.4057
1204.50,16.3509
1205.00,16.3122
1205.50,16.2857
1206.00,16.2771
1206.50,16.2877
1207.00,16.3077
1207.50,16.3222
1208.00,16.3207
1208.50,16.3020
1209.00,16.2720
1209.50,16.2388
1210.00,16.2107
1210.50,16.1933
1211.00,16.1874
1211.50,16.1871
1212.00,16.1839
1212.50,16.1719
1213.00,16.1508
1213.50,16.1244
1214.00,16.1000
1214.50,16.0876
1215.00,16.0958
1215.50,16.1240
1216.00,16.1587
1216.50,16.1806
1217.00,16.1771
1217.50,16.1501
1218.00,16.1116
1218.50,16.0740
1219.00,16.0452
1219.50,16.0290
1220.00,16.0264
1220.50,16.0352
1221.00,16.0509
1221.50,16.0671
1222.00,16.0782
1222.50,16.0819
1223.00,16.0807
1223.50,16.0785
1224.00,16.0753
1224.50,16.0673
1225.00,16.0527
1225.50,16.0353
1226.00,16.0222
1226.50,16.0185
1227.00,16.0253
1227.50,16.0405
1228.00,16.0602
1228.50,16.0795
1229.00,16.0949
1229.50,16.1047
1230.00,16.1074
1230.50,16.1017
1231.00,16.0891
1231.50,16.0753
1232.00,16.0667
1232.50,16.0652
1233.00,16.0673
1233.50,16.0701
1234.00,16.0760
1234.50,16.0908
1235.00,16.1161
1235.50,16.1449
1236.00,16.1634
1236.50,16.1579
1237.00,16.1233
1237.50,16.0692
1238.00,16.0174
1238.50,15.9898
1239.00,15.9944
1239.50,16.0214
1240.00,16.0515
1240.50,16.0711
1241.00,16.0797
1241.50,16.0839
1242.00,16.0880
1242.50,16.0896
1243.00,16.0834
1243.50,16.0689
1244.00,16.0531
1244.50,16.0458
1245.00,16.0523
1245.50,16.0691
1246.00,16.0873
1246.50,16.0999
1247.00,16.1079
1247.50,16.1183
1248.00,16.1389
1248.50,16.1712
1249.00,16.2069
1249.50,16.2288
1250.00,16.2199
1250.50,16.1767
1251.00,16.1164
1251.50,16.0685
1252.00,16.0559
1252.50,16.0831
1253.00,16.1383
1253.50,16.2047
1254.00,16.2673
1254.50,16.3129
1255.00,16.3318
1255.50,16.3204
1256.00,16.2865
1256.50,16.2472
1257.00,16.2230
1257.50,16.2283
1258.00,16.2637
1258.50,16.3157
1259.00,16.3662
1259.50,16.4031
1260.00,16.4235
1260.50,16.4295
1261.00,16.4245
1261.50,16.4118
1262.00,16.3961
1262.50,16.3803
1263.00,16.3638
1263.50,16.3435
1264.00,16.3198
1264.50,16.3006
1265.00,16.2972
1265.50,16.3142
1266.00,16.3420
1266.50,16.3608
1267.00,16.3551
1267.50,16.3247
1268.00,16.2843
1268.50,16.2531
1269.00,16.2432
1269.50,16.2534
1270.00,16.2717
1270.50,16.2845
1271.00,16.2860
1271.50,16.2804
1272.00,16.2767
1272.50,16.2805
1273.00,16.2912
1273.50,16.3044
1274.00,16.3189
1274.50,16.3385
1275.00,16.3666
1275.50,16.3997
1276.00,16.4270
1276.50,16.4390
1277.00,16.4338
1277.50,16.4168
1278.00,16.3956
1278.50,16.3769
1279.00,16.3657
1279.50,16.3654
1280.00,16.3750
1280.50,16.3882
1281.00,16.3976
1281.50,16.3994
1282.00,16.3934
1282.50,16.3801
1283.00,16.3627
1283.50,16.3502
1284.00,16.3549
1284.50,16.3838
1285.00,16.4318
1285.50,16.4853
1286.00,16.5309
1286.50,16.5619
1287.00,16.5772
1287.50,16.5785
1288.00,16.5694
1288.50,16.5572
1289.00,16.5515
1289.50,16.5601
1290.00,16.5861
1290.50,16.6251
1291.00,16.6655
1291.50,16.6923
1292.00,16.6950
1292.50,16.6737
1293.00,16.6396
1293.50,16.6079
1294.00,16.5902
1294.50,16.5913
1295.00,16.6104
1295.50,16.6428
1296.00,16.6788
1296.50,16.7047
1297.00,16.7092
1297.50,16.6928
1298.00,16.6679
1298.50,16.6516
1299.00,16.6549
1299.50,16.6780
1300.00,16.7101
1300.50,16.7354
1301.00,16.7428
1301.50,16.7327
1302.00,16.7157
1302.50,16.7029
1303.00,16.6990
1303.50,16.7022
1304.00,16.7076
1304.50,16.7098
1305.00,16.7056
1305.50,16.6956
1306.00,16.6862
1306.50,16.6847
1307.00,16.6939
1307.50,16.7101
1308.00,16.7264
1308.50,16.7384
1309.00,16.7472
1309.50,16.7583
1310.00,16.7793
1310.50,16.8140
1311.00,16.8593
1311.50,16.9075
1312.00,16.9507
1312.50,16.9829
1313.00,16.9985
1313.50,16.9936
1314.00,16.9699
1314.50,16.9350
1315.00,16.8989
1315.50,16.8699
1316.00,16.8553
1316.50,16.8603
1317.00,16.8848
1317.50,16.9201
1318.00,16.9535
1318.50,16.9756
1319.00,16.9845
1319.50,16.9827
1320.00,16.9737
1320.50,16.9599
1321.00,16.9424
1321.50,16.9219
1322.00,16.8987
1322.50,16.8751
1323.00,16.8530
1323.50,16.8332
1324.00,16.8162
1324.50,16.8076
1325.00,16.8180
1325.50,16.8534
1326.00,16.9068
1326.50,16.9619
1327.00,17.0055
1327.50,17.0346
1328.00,17.0531
1328.50,17.0674
1329.00,17.0852
1329.50,17.1112
1330.00,17.1439
1330.50,17.1742
1331.00,17.1938
1331.50,17.1992
1332.00,17.1913
1332.50,17.1705
1333.00,17.1373
1333.50,17.0977
1334.00,17.0651
1334.50,17.0542
1335.00,17.0712
1335.50,17.1105
1336.00,17.1588
1336.50,17.2022
1337.00,17.2300
1337.50,17.2356
1338.00,17.2171
1338.50,17.1802
1339.00,17.1388
1339.50,17.1101
1340.00,17.1046
1340.50,17.1183
1341.00,17.1357
1341.50,17.1411
1342.00,17.1280
1342.50,17.1020
1343.00,17.0748
1343.50,17.0571
1344.00,17.0532
1344.50,17.0615
1345.00,17.0783
1345.50,17.1020
1346.00,17.1336
1346.50,17.1711
1347.00,17.2055
1347.50,17.2247
1348.00,17.2221
1348.50,17.2019
1349.00,17.1748
1349.50,17.1500
1350.00,17.1340
1350.50,17.1332
1351.00,17.1535
1351.50,17.1950
1352.00,17.2465
1352.50,17.2907
1353.00,17.3126
1353.50,17.3075
1354.00,17.2816
1354.50,17.2488
1355.00,17.2243
1355.50,17.2176
1356.00,17.2285
1356.50,17.2476
1357.00,17.2628
1357.50,17.2666
1358.00,17.2590
1358.50,17.2454
1359.00,17.2313
1359.50,17.2213
1360.00,17.2176
1360.50,17.2192
1361.00,17.2215
1361.50,17.2204
1362.00,17.2171
1362.50,17.2184
1363.00,17.2325
1363.50,17.2647
1364.00,17.3156
1364.50,17.3817
1365.00,17.4556
1365.50,17.5263
1366.00,17.5821
1366.50,17.6151
1367.00,17.6239
1367.50,17.6146
1368.00,17.5973
1368.50,17.5817
1369.00,17.5745
1369.50,17.5789
1370.00,17.5930
1370.50,17.6094
1371.00,17.6151
1371.50,17.5983
1372.00,17.5578
1372.50,17.5067
1373.00,17.4663
1373.50,17.4545
1374.00,17.4762
1374.50,17.5200
1375.00,17.5645
1375.50,17.5913
1376.00,17.5986
1376.50,17.6016
1377.00,17.6178
1377.50,17.6496
1378.00,17.6830
1378.50,17.7025
1379.00,17.7055
1379.50,17.7028
1380.00,17.7067
1380.50,17.7203
1381.00,17.7371
1381.50,17.7476
1382.00,17.7461
1382.50,17.7333
1383.00,17.7151
1383.50,17.6973
1384.00,17.6809
1384.50,17.6612
1385.00,17.6324
1385.50,17.5971
1386.00,17.5694
1386.50,17.5676
1387.00,17.5995
1387.50,17.6528
1388.00,17.7035
1388.50,17.7349
1389.00,17.7495
1389.50,17.7626
1390.00,17.7878
1390.50,17.8269
1391.00,17.8729
1391.50,17.9144
1392.00,17.9416
1392.50,17.9497
1393.00,17.9419
1393.50,17.9273
1394.00,17.9167
1394.50,17.9185
1395.00,17.9364
1395.50,17.9673
1396.00,18.0027
1396.50,18.0322
1397.00,18.0493
1397.50,18.0522
1398.00,18.0410
1398.50,18.0167
1399.00,17.9836
1399.50,17.9509
1400.00,17.9318
1400.50,17.9366
1401.00,17.9678
1401.50,18.0181
1402.00,18.0715
1402.50,18.1073
1403.00,18.1112
1403.50,18.0837
1404.00,18.0426
1404.50,18.0122
1405.00,18.0088
1405.50,18.0302
1406.00,18.0593
1406.50,18.0779
1407.00,18.0793
1407.50,18.0699
1408.00,18.0585
1408.50,18.0483
1409.00,18.0375
1409.50,18.0254
1410.00,18.0155
1410.50,18.0119
1411.00,18.0147
1411.50,18.0199
1412.00,18.0257
1412.50,18.0371
1413.00,18.0640
1413.50,18.1122
1414.00,18.1750
1414.50,18.2344
1415.00,18.2718
1415.50,18.2784
1416.00,18.2580
1416.50,18.2221
1417.00,18.1824
1417.50,18.1451
1418.00,18.1114
1418.50,18.0830
1419.00,18.0660
1419.50,18.0671
1420.00,18.0856
1420.50,18.1102
1421.00,18.1263
1421.50,18.1260
1422.00,18.1110
1422.50,18.0899
1423.00,18.0740
1423.50,18.0726
1424.00,18.0869
1424.50,18.1077
1425.00,18.1222
1425.50,18.1250
1426.00,18.1229
1426.50,18.1256
1427.00,18.1342
1427.50,18.1393
1428.00,18.1298
1428.50,18.1008
1429.00,18.0560
1429.50,18.0055
1430.00,17.9609
1430.50,17.9299
1431.00,17.9138
1431.50,17.9102
1432.00,17.9197
1432.50,17.9472
1433.00,17.9961
1433.50,18.0601
1434.00,18.1227
1434.50,18.1666
1435.00,18.1852
1435.50,18.1865
1436.00,18.1873
1436.50,18.2007
1437.00,18.2290
1437.50,18.2651
1438.00,18.3021
1438.50,18.3385
1439.00,18.3740
1439.50,18.4020
1440.00,18.4108
1440.50,18.3936
1441.00,18.3569
1441.50,18.3158
1442.00,18.2838
1442.50,18.2668
1443.00,18.2652
1443.50,18.2786
1444.00,18.3064
1444.50,18.3468
1445.00,18.3951
1445.50,18.4440
1446.00,18.4858
1446.50,18.5141
1447.00,18.5245
1447.50,18.5160
1448.00,18.4927
1448.50,18.4644
1449.00,18.4428
1449.50,18.4357
1450.00,18.4434
1450.50,18.4599
1451.00,18.4753
1451.50,18.4797
1452.00,18.4672
1452.50,18.4390
1453.00,18.4048
1453.50,18.3770
1454.00,18.3621
1454.50,18.3575
1455.00,18.3570
1455.50,18.3577
1456.00,18.3627
1456.50,18.3767
1457.00,18.4003
1457.50,18.4279
1458.00,18.4514
1458.50,18.4643
1459.00,18.4656
1459.50,18.4611
1460.00,18.4613
1460.50,18.4766
1461.00,18.5107
1461.50,18.5566
1462.00,18.5993
1462.50,18.6241
1463.00,18.6259
1463.50,18.6110
1464.00,18.5916
1464.50,18.5757
1465.00,18.5632
1465.50,18.5477
1466.00,18.5220
1466.50,18.4826
1467.00,18.4332
1467.50,18.3845
1468.00,18.3496
1468.50,18.3363
1469.00,18.3443
1469.50,18.3669
1470.00,18.3949
1470.50,18.4216
1471.00,18.4457
1471.50,18.4703
1472.00,18.4977
1472.50,18.5235
1473.00,18.5357
1473.50,18.5210
1474.00,18.4759
1474.50,18.4122
1475.00,18.3518
1475.50,18.3135
1476.00,18.3026
1476.50,18.3099
1477.00,18.3194
1477.50,18.3208
1478.00,18.3142
1478.50,18.3066
1479.00,18.3048
1479.50,18.3118
1480.00,18.3266
1480.50,18.3469
1481.00,18.3692
1481.50,18.3877
1482.00,18.3953
1482.50,18.3874
1483.00,18.3680
1483.50,18.3500
1484.00,18.3486
1484.50,18.3716
1485.00,18.4134
1485.50,18.4575
1486.00,18.4830
1486.50,18.4769
1487.00,18.4441
1487.50,18.4073
1488.00,18.3915
1488.50,18.4042
1489.00,18.4296
1489.50,18.4433
1490.00,18.4320
1490.50,18.4003
1491.00,18.3619
1491.50,18.3289
1492.00,18.3075
1492.50,18.3009
1493.00,18.3122
1493.50,18.3429
1494.00,18.3888
1494.50,18.4393
1495.00,18.4823
1495.50,18.5096
1496.00,18.5189
1496.50,18.5126
1497.00,18.4974
1497.50,18.4832
1498.00,18.4791
1498.50,18.4883
1499.00,18.5071
1499.50,18.5291
1500.00,18.5502
1500.50,18.5688
1501.00,18.5821
1501.50,18.5880
1502.00,18.5885
1502.50,18.5919
1503.00,18.6073
1503.50,18.6355
1504.00,18.6666
1504.50,18.6892
1505.00,18.6992
1505.50,18.7016
1506.00,18.7033
1506.50,18.7055
1507.00,18.7030
1507.50,18.6895
1508.00,18.6656
1508.50,18.6415
1509.00,18.6318
1509.50,18.6462
1510.00,18.6838
1510.50,18.7344
1511.00,18.7837
1511.50,18.8189
1512.00,18.8326
1512.50,18.8260
1513.00,18.8075
1513.50,18.7884
1514.00,18.7797
1514.50,18.7885
1515.00,18.8154
1515.50,18.8518
1516.00,18.8816
1516.50,18.8893
1517.00,18.8693
1517.50,18.8306
1518.00,18.7927
1518.50,18.7738
1519.00,18.7803
1519.50,18.8043
1520.00,18.8297
1520.50,18.8425
1521.00,18.8374
1521.50,18.8196
1522.00,18.8004
1522.50,18.7902
1523.00,18.7942
1523.50,18.8132
1524.00,18.8458
1524.50,18.8879
1525.00,18.9301
1525.50,18.9603
1526.00,18.9727
1526.50,18.9732
1527.00,18.9746
1527.50,18.9855
1528.00,19.0024
1528.50,19.0125
1529.00,19.0019
1529.50,18.9630
1530.00,18.8977
1530.50,18.8198
1531.00,18.7514
1531.50,18.7134
1532.00,18.7131
1532.50,18.7415
1533.00,18.7814
1533.50,18.8212
1534.00,18.8588
1534.50,18.8966
1535.00,18.9338
1535.50,18.9643
1536.00,18.9813
1536.50,18.9825
1537.00,18.9735
1537.50,18.9650
1538.00,18.9670
1538.50,18.9831
1539.00,19.0080
1539.50,19.0321
1540.00,19.0476
1540.50,19.0527
1541.00,19.0498
1541.50,19.0404
1542.00,19.0237
1542.50,18.9992
1543.00,18.9704
1543.50,18.9439
1544.00,18.9264
1544.50,18.9204
1545.00,18.9240
1545.50,18.9317
1546.00,18.9373
1546.50,18.9381
1547.00,18.9378
1547.50,18.9437
1548.00,18.9615
1548.50,18.9890
1549.00,19.0172
1549.50,19.0370
1550.00,19.0471
1550.50,19.0551
1551.00,19.0708
1551.50,19.0973
1552.00,19.1290
1552.50,19.1567
1553.00,19.1738
1553.50,19.1778
1554.00,19.1697
1554.50,19.1517
1555.00,19.1280
1555.50,19.1039
1556.00,19.0852
1556.50,19.0779
1557.00,19.0848
1557.50,19.1036
1558.00,19.1288
1558.50,19.1560
1559.00,19.1846
1559.50,19.2163
1560.00,19.2522
1560.50,19.2901
1561.00,19.3237
1561.50,19.3444
1562.00,19.3471
1562.50,19.3342
1563.00,19.3129
1563.50,19.2881
1564.00,19.2610
1564.50,19.2327
1565.00,19.2067
1565.50,19.1871
1566.00,19.1747
1566.50,19.1675
1567.00,19.1636
1567.50,19.1634
1568.00,19.1687
1568.50,19.1796
1569.00,19.1949
1569.50,19.2126
1570.00,19.2341
1570.50,19.2637
1571.00,19.3046
1571.50,19.3541
1572.00,19.4055
1572.50,19.4541
1573.00,19.5003
1573.50,19.5457
1574.00,19.5875
1574.50,19.6160
1575.00,19.6195
1575.50,19.5922
1576.00,19.5397
1576.50,19.4777
1577.00,19.4238
1577.50,19.3897
1578.00,19.3797
1578.50,19.3953
1579.00,19.4363
1579.50,19.4974
1580.00,19.5648
1580.50,19.6194
1581.00,19.6448
1581.50,19.6355
1582.00,19.5987
1582.50,19.5502
1583.00,19.5080
1583.50,19.4844
1584.00,19.4822
1584.50,19.4958
1585.00,19.5161
1585.50,19.5362
1586.00,19.5530
1586.50,19.5661
1587.00,19.5761
1587.50,19.5814
1588.00,19.5763
1588.50,19.5549
1589.00,19.5183
1589.50,19.4772
1590.00,19.4435
1590.50,19.4218
1591.00,19.4097
1591.50,19.4050
1592.00,19.4106
1592.50,19.4313
1593.00,19.4679
1593.50,19.5132
1594.00,19.5539
1594.50,19.5775
1595.00,19.5814
1595.50,19.5749
1596.00,19.5699
1596.50,19.5690
1597.00,19.5653
1597.50,19.5538
1598.00,19.5400
1598.50,19.5335
1599.00,19.5330
1599.50,19.5223
1600.00,19.4840
1600.50,19.4183
1601.00,19.3470
1601.50,19.2993
1602.00,19.2904
1602.50,19.3131
1603.00,19.3481
1603.50,19.3811
1604.00,19.4093
1604.50,19.4357
1605.00,19.4606
1605.50,19.4806
1606.00,19.4932
1606.50,19.4998
1607.00,19.5042
1607.50,19.5097
1608.00,19.5178
1608.50,19.5283
1609.00,19.5401
1609.50,19.5507
1610.00,19.5553
1610.50,19.5484
1611.00,19.5267
1611.50,19.4941
1612.00,19.4632
1612.50,19.4495
1613.00,19.4615
1613.50,19.4959
1614.00,19.5431
1614.50,19.5956
1615.00,19.6491
1615.50,19.6954
1616.00,19.7210
1616.50,19.7170
1617.00,19.6912
1617.50,19.6658
1618.00,19.6613
1618.50,19.6819
1619.00,19.7154
1619.50,19.7446
1620.00,19.7578
1620.50,19.7528
1621.00,19.7350
1621.50,19.7149
1622.00,19.7036
1622.50,19.7057
1623.00,19.7163
1623.50,19.7246
1624.00,19.7241
1624.50,19.7175
1625.00,19.7123
1625.50,19.7120
1626.00,19.7126
1626.50,19.7066
1627.00,19.6904
1627.50,19.6688
1628.00,19.6527
1628.50,19.6541
1629.00,19.6772
1629.50,19.7170
1630.00,19.7638
1630.50,19.8109
1631.00,19.8563
1631.50,19.8992
1632.00,19.9366
1632.50,19.9634
1633.00,19.9764
1633.50,19.9785
1634.00,19.9784
1634.50,19.9843
1635.00,19.9940
1635.50,19.9944
1636.00,19.9725
1636.50,19.9290
1637.00,19.8806
1637.50,19.8498
1638.00,19.8509
1638.50,19.8835
1639.00,19.9351
1639.50,19.9893
1640.00,20.0318
1640.50,20.0538
1641.00,20.0523
1641.50,20.0319
1642.00,20.0045
1642.50,19.9833
1643.00,19.9737
1643.50,19.9729
1644.00,19.9765
1644.50,19.9848
1645.00,20.0000
1645.50,20.0191
1646.00,20.0309
1646.50,20.0234
1647.00,19.9946
1647.50,19.9569
1648.00,19.9299
1648.50,19.9281
1649.00,19.9530
1649.50,19.9941
1650.00,20.0348
1650.50,20.0590
1651.00,20.0572
1651.50,20.0330
1652.00,20.0031
1652.50,19.9876
1653.00,19.9954
1653.50,20.0194
1654.00,20.0435
1654.50,20.0567
1655.00,20.0583
1655.50,20.0546
1656.00,20.0501
1656.50,20.0441
1657.00,20.0347
1657.50,20.0254
1658.00,20.0262
1658.50,20.0453
1659.00,20.0802
1659.50,20.1183
1660.00,20.1469
1660.50,20.1610
1661.00,20.1648
1661.50,20.1647
1662.00,20.1645
1662.50,20.1642
1663.00,20.1607
1663.50,20.1487
1664.00,20.1251
1664.50,20.0956
1665.00,20.0751
1665.50,20.0782
1666.00,20.1070
1666.50,20.1476
1667.00,20.1792
1667.50,20.1848
1668.00,20.1585
1668.50,20.1081
1669.00,20.0554
1669.50,20.0277
1670.00,20.0430
1670.50,20.0987
1671.00,20.1735
1671.50,20.2389
1672.00,20.2727
1672.50,20.2669
1673.00,20.2289
1673.50,20.1761
1674.00,20.1268
1674.50,20.0938
1675.00,20.0815
1675.50,20.0887
1676.00,20.1109
1676.50,20.1435
1677.00,20.1834
1677.50,20.2280
1678.00,20.2724
1678.50,20.3088
1679.00,20.3294
1679.50,20.3322
1680.00,20.3209
1680.50,20.3024
1681.00,20.2829
1681.50,20.2657
1682.00,20.2528
1682.50,20.2441
1683.00,20.2383
1683.50,20.2317
1684.00,20.2203
1684.50,20.2045
1685.00,20.1914
1685.50,20.1912
1686.00,20.2088
1686.50,20.2394
1687.00,20.2704
1687.50,20.2906
1688.00,20.2963
1688.50,20.2929
1689.00,20.2890
1689.50,20.2904
1690.00,20.2951
1690.50,20.2947
1691.00,20.2804
1691.50,20.2516
1692.00,20.2183
1692.50,20.1942
1693.00,20.1876
1693.50,20.1982
1694.00,20.2219
1694.50,20.2548
1695.00,20.2940
1695.50,20.3354
1696.00,20.3738
1696.50,20.4046
1697.00,20.4262
1697.50,20.4412
1698.00,20.4546
1698.50,20.4687
1699.00,20.4791
1699.50,20.4765
1700.00,20.4559
1700.50,20.4223
1701.00,20.3888
1701.50,20.3678
1702.00,20.3635
1702.50,20.3689
1703.00,20.3710
1703.50,20.3621
1704.00,20.3480
1704.50,20.3460
1705.00,20.3711
1705.50,20.4228
1706.00,20.4820
1706.50,20.5236
1707.00,20.5328
1707.50,20.5136
1708.00,20.4824
1708.50,20.4550
1709.00,20.4385
1709.50,20.4328
1710.00,20.4367
1710.50,20.4512
1711.00,20.4768
1711.50,20.5090
1712.00,20.5382
1712.50,20.5552
1713.00,20.5579
1713.50,20.5517
1714.00,20.5442
1714.50,20.5404
1715.00,20.5432
1715.50,20.5557
1716.00,20.5795
1716.50,20.6108
1717.00,20.6405
1717.50,20.6599
1718.00,20.6667
1718.50,20.6627
1719.00,20.6483
1719.50,20.6226
1720.00,20.5901
1720.50,20.5637
1721.00,20.5568
1721.50,20.5712
1722.00,20.5932
1722.50,20.6040
1723.00,20.5956
1723.50,20.5752
1724.00,20.5581
1724.50,20.5546
1725.00,20.5633
1725.50,20.5742
1726.00,20.5779
1726.50,20.5731
1727.00,20.5664
1727.50,20.5649
1728.00,20.5689
1728.50,20.5736
1729.00,20.5751
1729.50,20.5751
1730.00,20.5766
1730.50,20.5787
1731.00,20.5778
1731.50,20.5750
1732.00,20.5778
1732.50,20.5945
1733.00,20.6254
1733.50,20.6631
1734.00,20.6983
1734.50,20.7267
1735.00,20.7483
1735.50,20.7633
1736.00,20.7703
1736.50,20.7672
1737.00,20.7552
1737.50,20.7383
1738.00,20.7212
1738.50,20.7070
1739.00,20.6960
1739.50,20.6865
1740.00,20.6773
1740.50,20.6688
1741.00,20.6613
1741.50,20.6544
1742.00,20.6483
1742.50,20.6444
1743.00,20.6444
1743.50,20.6499
1744.00,20.6621
1744.50,20.6807
1745.00,20.7020
1745.50,20.7184
1746.00,20.7233
1746.50,20.7167
1747.00,20.7042
1747.50,20.6912
1748.00,20.6802
1748.50,20.6723
1749.00,20.6715
1749.50,20.6833
1750.00,20.7113
1750.50,20.7548
1751.00,20.8083
1751.50,20.8607
1752.00,20.8980
1752.50,20.9096
1753.00,20.8946
1753.50,20.8611
1754.00,20.8207
1754.50,20.7843
1755.00,20.7600
1755.50,20.7516
1756.00,20.7574
1756.50,20.7728
1757.00,20.7950
1757.50,20.8221
1758.00,20.8482
1758.50,20.8612
1759.00,20.8482
1759.50,20.8066
1760.00,20.7516
1760.50,20.7106
1761.00,20.7072
1761.50,20.7460
1762.00,20.8084
1762.50,20.8648
1763.00,20.8922
1763.50,20.8853
1764.00,20.8563
1764.50,20.8234
1765.00,20.8003
1765.50,20.7929
1766.00,20.8014
1766.50,20.8228
1767.00,20.8511
1767.50,20.8784
1768.00,20.8988
1768.50,20.9111
1769.00,20.9180
1769.50,20.9210
1770.00,20.9182
1770.50,20.9069
1771.00,20.8903
1771.50,20.8788
1772.00,20.8842
1772.50,20.9102
1773.00,20.9508
1773.50,20.9960
1774.00,21.0395
1774.50,21.0780
1775.00,21.1067
1775.50,21.1185
1776.00,21.1106
1776.50,21.0882
1777.00,21.0617
1777.50,21.0396
1778.00,21.0252
1778.50,21.0189
1779.00,21.0199
1779.50,21.0246
1780.00,21.0245
1780.50,21.0113
1781.00,20.9855
1781.50,20.9602
1782.00,20.9516
1782.50,20.9665
1783.00,20.9970
1783.50,21.0280
1784.00,21.0491
1784.50,21.0587
1785.00,21.0608
1785.50,21.0596
1786.00,21.0568
1786.50,21.0537
1787.00,21.0545
1787.50,21.0656
1788.00,21.0904
1788.50,21.1248
1789.00,21.1598
1789.50,21.1873
1790.00,21.2036
1790.50,21.2077
1791.00,21.1988
1791.50,21.1787
1792.00,21.1546
1792.50,21.1358
1793.00,21.1277
1793.50,21.1268
1794.00,21.1263
1794.50,21.1217
1795.00,21.1127
1795.50,21.0995
1796.00,21.0810
1796.50,21.0582
1797.00,21.0362
1797.50,21.0216
1798.00,21.0154
1798.50,21.0120
1799.00,21.0041
1799.50,20.9901
1800.00,20.9760
1800.50,20.9701
1801.00,20.9745
1801.50,20.9836
1802.00,20.9905
1802.50,20.9942
1803.00,21.0016
1803.50,21.0200
1804.00,21.0500
1804.50,21.0840
1805.00,21.1107
1805.50,21.1228
1806.00,21.1220
1806.50,21.1168
1807.00,21.1144
1807.50,21.1155
1808.00,21.1178
1808.50,21.1216
1809.00,21.1302
1809.50,21.1427
1810.00,21.1517
1810.50,21.1493
1811.00,21.1344
1811.50,21.1133
1812.00,21.0952
1812.50,21.0874
1813.00,21.0921
1813.50,21.1063
1814.00,21.1265
1814.50,21.1528
1815.00,21.1868
1815.50,21.2228
1816.00,21.2459
1816.50,21.2428
1817.00,21.2153
1817.50,21.1804
1818.00,21.1568
1818.50,21.1505
1819.00,21.1556
1819.50,21.1648
1820.00,21.1767
1820.50,21.1942
1821.00,21.2174
1821.50,21.2409
1822.00,21.2584
1822.50,21.2661
1823.00,21.2645
1823.50,21.2575
1824.00,21.2508
1824.50,21.2498
1825.00,21.2585
1825.50,21.2780
1826.00,21.3055
1826.50,21.3347
1827.00,21.3598
1827.50,21.3781
1828.00,21.3885
1828.50,21.3884
1829.00,21.3749
1829.50,21.3510
1830.00,21.3264
1830.50,21.3117
1831.00,21.3097
1831.50,21.3124
1832.00,21.3077
1832.50,21.2903
1833.00,21.2671
1833.50,21.2526
1834.00,21.2579
1834.50,21.2848
1835.00,21.3270
1835.50,21.3745
1836.00,21.4162
1836.50,21.4426
1837.00,21.4486
1837.50,21.4370
1838.00,21.4153
1838.50,21.3910
1839.00,21.3677
1839.50,21.3469
1840.00,21.3300
1840.50,21.3209
1841.00,21.3260
1841.50,21.3520
1842.00,21.4005
1842.50,21.4623
1843.00,21.5165
1843.50,21.5412
1844.00,21.5271
1844.50,21.4851
1845.00,21.4383
1845.50,21.4049
1846.00,21.3871
1846.50,21.3736
1847.00,21.3538
1847.50,21.3254
1848.00,21.2934
1848.50,21.2626
1849.00,21.2370
1849.50,21.2243
1850.00,21.2355
1850.50,21.2738
1851.00,21.3265
1851.50,21.3697
1852.00,21.3855
1852.50,21.3758
1853.00,21.3608
1853.50,21.3640
1854.00,21.3958
1854.50,21.4482
1855.00,21.5021
1855.50,21.5406
1856.00,21.5545
1856.50,21.5438
1857.00,21.5154
1857.50,21.4810
1858.00,21.4532
1858.50,21.4407
1859.00,21.4457
1859.50,21.4636
1860.00,21.4865
1860.50,21.5070
1861.00,21.5226
1861.50,21.5374
1862.00,21.5585
1862.50,21.5881
1863.00,21.6183
1863.50,21.6355
1864.00,21.6314
1864.50,21.6098
1865.00,21.5828
1865.50,21.5602
1866.00,21.5438
1866.50,21.5321
1867.00,21.5253
1867.50,21.5243
1868.00,21.5247
1868.50,21.5161
1869.00,21.4917
1869.50,21.4588
1870.00,21.4370
1870.50,21.4438
1871.00,21.4799
1871.50,21.5285
1872.00,21.5708
1872.50,21.6002
1873.00,21.6220
1873.50,21.6413
1874.00,21.6537
1874.50,21.6503
1875.00,21.6291
1875.50,21.5993
1876.00,21.5741
1876.50,21.5595
1877.00,21.5516
1877.50,21.5434
1878.00,21.5341
1878.50,21.5303
1879.00,21.5391
1879.50,21.5611
1880.00,21.5886
1880.50,21.6106
1881.00,21.6208
1881.50,21.6196
1882.00,21.6128
1882.50,21.6046
1883.00,21.5935
1883.50,21.5730
1884.00,21.5372
1884.50,21.4887
1885.00,21.4390
1885.50,21.4014
1886.00,21.3825
1886.50,21.3810
1887.00,21.3905
1887.50,21.4054
1888.00,21.4247
1888.50,21.4518
1889.00,21.4899
1889.50,21.5358
1890.00,21.5808
1890.50,21.6146
1891.00,21.6312
1891.50,21.6307
1892.00,21.6170
1892.50,21.5965
1893.00,21.5748
1893.50,21.5564
1894.00,21.5462
1894.50,21.5503
1895.00,21.5727
1895.50,21.6115
1896.00,21.6590
1896.50,21.7066
1897.00,21.7486
1897.50,21.7812
1898.00,21.8001
1898.50,21.8008
1899.00,21.7824
1899.50,21.7507
1900.00,21.7166
1900.50,21.6908
1901.00,21.6793
1901.50,21.6826
1902.00,21.6969
1902.50,21.7165
1903.00,21.7367
1903.50,21.7532
1904.00,21.7615
1904.50,21.7567
1905.00,21.7379
1905.50,21.7117
1906.00,21.6896
1906.50,21.6802
1907.00,21.6858
1907.50,21.7054
1908.00,21.7383
1908.50,21.7819
1909.00,21.8268
1909.50,21.8574
1910.00,21.8611
1910.50,21.8372
1911.00,21.7956
1911.50,21.7489
1912.00,21.7062
1912.50,21.6731
1913.00,21.6549
1913.50,21.6567
1914.00,21.6787
1914.50,21.7125
1915.00,21.7448
1915.50,21.7654
1916.00,21.7706
1916.50,21.7620
1917.00,21.7437
1917.50,21.7238
1918.00,21.7123
1918.50,21.7163
1919.00,21.7348
1919.50,21.7595
1920.00,21.7806
1920.50,21.7918
1921.00,21.7935
1921.50,21.7910
1922.00,21.7906
1922.50,21.7974
1923.00,21.8145
1923.50,21.8419
1924.00,21.8737
1924.50,21.8984
1925.00,21.9042
1925.50,21.8878
1926.00,21.8580
1926.50,21.8307
1927.00,21.8189
1927.50,21.8252
1928.00,21.8430
1928.50,21.8628
1929.00,21.8769
1929.50,21.8799
1930.00,21.8704
1930.50,21.8536
1931.00,21.8403
1931.50,21.8396
1932.00,21.8516
1932.50,21.8684
1933.00,21.8801
1933.50,21.8809
1934.00,21.8683
1934.50,21.8424
1935.00,21.8064
1935.50,21.7692
1936.00,21.7428
1936.50,21.7367
1937.00,21.7517
1937.50,21.7820
1938.00,21.8211
1938.50,21.8662
1939.00,21.9156
1939.50,21.9645
1940.00,22.0041
1940.50,22.0247
1941.00,22.0217
1941.50,22.0006
1942.00,21.9749
1942.50,21.9575
1943.00,21.9516
1943.50,21.9506
1944.00,21.9455
1944.50,21.9334
1945.00,21.9173
1945.50,21.9024
1946.00,21.8923
1946.50,21.8891
1947.00,21.8941
1947.50,21.9067
1948.00,21.9223
1948.50,21.9335
1949.00,21.9355
1949.50,21.9321
1950.00,21.9338
1950.50,21.9460
1951.00,21.9607
1951.50,21.9605
1952.00,21.9345
1952.50,21.8883
1953.00,21.8403
1953.50,21.8093
1954.00,21.8044
1954.50,21.8228
1955.00,21.8538
1955.50,21.8850
1956.00,21.9082
1956.50,21.9225
1957.00,21.9324
1957.50,21.9416
1958.00,21.9494
1958.50,21.9504
1959.00,21.9404
1959.50,21.9225
1960.00,21.9080
1960.50,21.9088
1961.00,21.9285
1961.50,21.9605
1962.00,21.9940
1962.50,22.0203
1963.00,22.0369
1963.50,22.0472
1964.00,22.0569
1964.50,22.0693
1965.00,22.0820
1965.50,22.0898
1966.00,22.0898
1966.50,22.0846
1967.00,22.0785
1967.50,22.0727
1968.00,22.0654
1968.50,22.0598
1969.00,22.0657
1969.50,22.0912
1970.00,22.1309
1970.50,22.1688
1971.00,22.1923
1971.50,22.2016
1972.00,22.2026
1972.50,22.1971
1973.00,22.1841
1973.50,22.1674
1974.00,22.1566
1974.50,22.1580
1975.00,22.1668
1975.50,22.1701
1976.00,22.1557
1976.50,22.1201
1977.00,22.0708
1977.50,22.0223
1978.00,21.9892
1978.50,21.9778
1979.00,21.9841
1979.50,21.9975
1980.00,22.0084
1980.50,22.0138
1981.00,22.0158
1981.50,22.0187
1982.00,22.0255
1982.50,22.0373
1983.00,22.0522
1983.50,22.0657
1984.00,22.0733
1984.50,22.0733
1985.00,22.0674
1985.50,22.0593
1986.00,22.0520
1986.50,22.0476
1987.00,22.0467
1987.50,22.0481
1988.00,22.0503
1988.50,22.0552
1989.00,22.0678
1989.50,22.0916
1990.00,22.1229
1990.50,22.1517
1991.00,22.1681
1991.50,22.1691
1992.00,22.1596
1992.50,22.1494
1993.00,22.1482
1993.50,22.1622
1994.00,22.1916
1994.50,22.2295
1995.00,22.2640
1995.50,22.2842
1996.00,22.2867
1996.50,22.2775
1997.00,22.2675
1997.50,22.2630
1998.00,22.2600
1998.50,22.2494
1999.00,22.2275
1999.50,22.2025
2000.00,22.1879
2000.50,22.1908
2001.00,22.2063
2001.50,22.2234
2002.00,22.2356
2002.50,22.2441
2003.00,22.2544
2003.50,22.2691
2004.00,22.2864
2004.50,22.3025
2005.00,22.3146
2005.50,22.3212
2006.00,22.3205
2006.50,22.3098
2007.00,22.2876
2007.50,22.2553
2008.00,22.2175
2008.50,22.1812
2009.00,22.1552
2009.50,22.1477
2010.00,22.1604
2010.50,22.1836
2011.00,22.1996
2011.50,22.1967
2012.00,22.1803
2012.50,22.1675
2013.00,22.1677
2013.50,22.1728
2014.00,22.1694
2014.50,22.1556
2015.00,22.1422
2015.50,22.1372
2016.00,22.1363
2016.50,22.1283
2017.00,22.1062
2017.50,22.0697
2018.00,22.0230
2018.50,21.9726
2019.00,21.9291
2019.50,21.9062
2020.00,21.9155
2020.50,21.9590
2021.00,22.0268
2021.50,22.0989
2022.00,22.1520
2022.50,22.1692
2023.00,22.1501
2023.50,22.1111
2024.00,22.0757
2024.50,22.0589
2025.00,22.0599
2025.50,22.0657
2026.00,22.0613
2026.50,22.0373
2027.00,21.9952
2027.50,21.9494
2028.00,21.9206
2028.50,21.9239
2029.00,21.9609
2029.50,22.0202
2030.00,22.0846
2030.50,22.1368
2031.00,22.1661
2031.50,22.1721
2032.00,22.1657
2032.50,22.1606
2033.00,22.1652
2033.50,22.1811
2034.00,22.2089
2034.50,22.2497
2035.00,22.3011
2035.50,22.3538
2036.00,22.3942
2036.50,22.4107
2037.00,22.3990
2037.50,22.3666
2038.00,22.3319
2038.50,22.3144
2039.00,22.3218
2039.50,22.3453
2040.00,22.3677
2040.50,22.3758
2041.00,22.3673
2041.50,22.3493
2042.00,22.3329
2042.50,22.3277
2043.00,22.3384
2043.50,22.3631
2044.00,22.3935
2044.50,22.4200
2045.00,22.4369
2045.50,22.4447
2046.00,22.4480
2046.50,22.4486
2047.00,22.4452
2047.50,22.4369
2048.00,22.4268
2048.50,22.4184
2049.00,22.4111
2049.50,22.4020
2050.00,22.3933
2050.50,22.3947
2051.00,22.4146
2051.50,22.4491
2052.00,22.4830
2052.50,22.5008
2053.00,22.4987
2053.50,22.4854
2054.00,22.4742
2054.50,22.4739
2055.00,22.4863
2055.50,22.5075
2056.00,22.5304
2056.50,22.5471
2057.00,22.5512
2057.50,22.5416
2058.00,22.5229
2058.50,22.5040
2059.00,22.4929
2059.50,22.4912
2060.00,22.4920
2060.50,22.4850
2061.00,22.4649
2061.50,22.4359
2062.00,22.4080
2062.50,22.3901
2063.00,22.3875
2063.50,22.4016
2064.00,22.4289
2064.50,22.4593
2065.00,22.4786
2065.50,22.4766
2066.00,22.4544
2066.50,22.4240
2067.00,22.3998
2067.50,22.3889
2068.00,22.3901
2068.50,22.3996
2069.00,22.4160
2069.50,22.4404
2070.00,22.4717
2070.50,22.5042
2071.00,22.5302
2071.50,22.5459
2072.00,22.5537
2072.50,22.5608
2073.00,22.5730
2073.50,22.5895
2074.00,22.6025
2074.50,22.6014
2075.00,22.5813
2075.50,22.5473
2076.00,22.5113
2076.50,22.4849
2077.00,22.4718
2077.50,22.4670
2078.00,22.4601
2078.50,22.4450
2079.00,22.4259
2079.50,22.4152
2080.00,22.4237
2080.50,22.4502
2081.00,22.4832
2081.50,22.5119
2082.00,22.5343
2082.50,22.5554
2083.00,22.5797
2083.50,22.6052
2084.00,22.6252
2084.50,22.6343
2085.00,22.6357
2085.50,22.6387
2086.00,22.6512
2086.50,22.6717
2087.00,22.6912
2087.50,22.7014
2088.00,22.7014
2088.50,22.6985
2089.00,22.7035
2089.50,22.7228
2090.00,22.7519
2090.50,22.7765
2091.00,22.7834
2091.50,22.7718
2092.00,22.7530
2092.50,22.7397
2093.00,22.7379
2093.50,22.7448
2094.00,22.7531
2094.50,22.7535
2095.00,22.7390
2095.50,22.7098
2096.00,22.6763
2096.50,22.6519
2097.00,22.6414
2097.50,22.6368
2098.00,22.6267
2098.50,22.6073
2099.00,22.5838
2099.50,22.5618
2100.00,22.5413
2100.50,22.5206
2101.00,22.5031
2101.50,22.4970
2102.00,22.5109
2102.50,22.5460
2103.00,22.5930
2103.50,22.6376
2104.00,22.6696
2104.50,22.6887
2105.00,22.7012
2105.50,22.7132
2106.00,22.7262
2106.50,22.7374
2107.00,22.7428
2107.50,22.7407
2108.00,22.7339
2108.50,22.7283
2109.00,22.7291
2109.50,22.7386
2110.00,22.7558
2110.50,22.7784
2111.00,22.8022
2111.50,22.8212
2112.00,22.8303
2112.50,22.8293
2113.00,22.8240
2113.50,22.8223
2114.00,22.8286
2114.50,22.8406
2115.00,22.8498
2115.50,22.8471
2116.00,22.8292
2116.50,22.7993
2117.00,22.7655
2117.50,22.7393
2118.00,22.7316
2118.50,22.7454
2119.00,22.7693
2119.50,22.7829
2120.00,22.7734
2120.50,22.7478
2121.00,22.7262
2121.50,22.7252
2122.00,22.7464
2122.50,22.7780
2123.00,22.8038
2123.50,22.8122
2124.00,22.8017
2124.50,22.7798
2125.00,22.7567
2125.50,22.7380
2126.00,22.7224
2126.50,22.7078
2127.00,22.6963
2127.50,22.6942
2128.00,22.7068
2128.50,22.7340
2129.00,22.7698
2129.50,22.8046
2130.00,22.8289
2130.50,22.8367
2131.00,22.8291
2131.50,22.8127
2132.00,22.7958
2132.50,22.7862
2133.00,22.7900
2133.50,22.8100
2134.00,22.8427
2134.50,22.8774
2135.00,22.9021
2135.50,22.9122
2136.00,22.9128
2136.50,22.9134
2137.00,22.9200
2137.50,22.9327
2138.00,22.9479
2138.50,22.9622
2139.00,22.9729
2139.50,22.9791
2140.00,22.9797
2140.50,22.9727
2141.00,22.9566
2141.50,22.9323
2142.00,22.9060
2142.50,22.8857
2143.00,22.8761
2143.50,22.8761
2144.00,22.8827
2144.50,22.8969
2145.00,22.9254
2145.50,22.9733
2146.00,23.0338
2146.50,23.0872
2147.00,23.1145
2147.50,23.1112
2148.00,23.0882
2148.50,23.0586
2149.00,23.0286
2149.50,22.9995
2150.00,22.9747
2150.50,22.9603
2151.00,22.9587
2151.50,22.9659
2152.00,22.9748
2152.50,22.9799
2153.00,22.9780
2153.50,22.9674
2154.00,22.9501
2154.50,22.9321
2155.00,22.9217
2155.50,22.9226
2156.00,22.9321
2156.50,22.9433
2157.00,22.9522
2157.50,22.9607
2158.00,22.9749
2158.50,22.9990
2159.00,23.0320
2159.50,23.0682
2160.00,23.1011
2160.50,23.1268
2161.00,23.1444
2161.50,23.1550
2162.00,23.1594
2162.50,23.1590
2163.00,23.1558
2163.50,23.1528
2164.00,23.1515
2164.50,23.1502
2165.00,23.1444
2165.50,23.1296
2166.00,23.1043
2166.50,23.0733
2167.00,23.0463
2167.50,23.0335
2168.00,23.0395
2168.50,23.0609
2169.00,23.0880
2169.50,23.1091
2170.00,23.1154
2170.50,23.1022
2171.00,23.0703
2171.50,23.0270
2172.00,22.9851
2172.50,22.9591
2173.00,22.9572
2173.50,22.9765
2174.00,23.0046
2174.50,23.0288
2175.00,23.0453
2175.50,23.0608
2176.00,23.0839
2176.50,23.1145
2177.00,23.1437
2177.50,23.1645
2178.00,23.1802
2178.50,23.2009
2179.00,23.2336
2179.50,23.2750
2180.00,23.3152
2180.50,23.3451
2181.00,23.3606
2181.50,23.3628
2182.00,23.3545
2182.50,23.3386
2183.00,23.3178
2183.50,23.2959
2184.00,23.2778
2184.50,23.2672
2185.00,23.2636
2185.50,23.2625
2186.00,23.2616
2186.50,23.2636
2187.00,23.2752
2187.50,23.2987
2188.00,23.3286
2188.50,23.3546
2189.00,23.3676
2189.50,23.3656
2190.00,23.3539
2190.50,23.3415
2191.00,23.3332
2191.50,23.3261
2192.00,23.3121
2192.50,23.2859
2193.00,23.2501
2193.50,23.2149
2194.00,23.1925
2194.50,23.1910
2195.00,23.2098
2195.50,23.2391
2196.00,23.2659
2196.50,23.2820
2197.00,23.2888
2197.50,23.2927
2198.00,23.2984
2198.50,23.3055
2199.00,23.3106
2199.50,23.3102
2200.00,23.3016
2200.50,23.2838
2201.00,23.2603
2201.50,23.2381
2202.00,23.2224
2202.50,23.2126
2203.00,23.2051
2203.50,23.2011
2204.00,23.2076
2204.50,23.2304
2205.00,23.2665
2205.50,23.3041
2206.00,23.3302
2206.50,23.3384
2207.00,23.3310
2207.50,23.3162
2208.00,23.3027
2208.50,23.2958
2209.00,23.2956
2209.50,23.2986
2210.00,23.3020
2210.50,23.3055
2211.00,23.3109
2211.50,23.3189
2212.00,23.3290
2212.50,23.3413
2213.00,23.3584
2213.50,23.3826
2214.00,23.4111
2214.50,23.4348
2215.00,23.4452
2215.50,23.4421
2216.00,23.4338
2216.50,23.4284
2217.00,23.4273
2217.50,23.4253
2218.00,23.4169
2218.50,23.4016
2219.00,23.3834
2219.50,23.3678
2220.00,23.3586
2220.50,23.3574
2221.00,23.3624
2221.50,23.3676
2222.00,23.3658
2222.50,23.3519
2223.00,23.3267
2223.50,23.2963
2224.00,23.2706
2224.50,23.2598
2225.00,23.2709
2225.50,23.3039
2226.00,23.3503
2226.50,23.3972
2227.00,23.4336
2227.50,23.4552
2228.00,23.4644
2228.50,23.4671
2229.00,23.4688
2229.50,23.4726
2230.00,23.4779
2230.50,23.4812
2231.00,23.4792
2231.50,23.4719
2232.00,23.4641
2232.50,23.4636
2233.00,23.4771
2233.50,23.5051
2234.00,23.5408
2234.50,23.5746
2235.00,23.6006
2235.50,23.6202
2236.00,23.6368
2236.50,23.6489
2237.00,23.6477
2237.50,23.6240
2238.00,23.5793
2238.50,23.5277
2239.00,23.4878
2239.50,23.4710
2240.00,23.4755
2240.50,23.4918
2241.00,23.5111
2241.50,23.5298
2242.00,23.5493
2242.50,23.5725
2243.00,23.5993
2243.50,23.6249
2244.00,23.6411
2244.50,23.6424
2245.00,23.6297
2245.50,23.6096
2246.00,23.5898
2246.50,23.5754
2247.00,23.5687
2247.50,23.5686
2248.00,23.5715
2248.50,23.5736
2249.00,23.5741
2249.50,23.5749
2250.00,23.5773
2250.50,23.5808
2251.00,23.5847
2251.50,23.5880
2252.00,23.5874
2252.50,23.5784
2253.00,23.5582
2253.50,23.5308
2254.00,23.5068
2254.50,23.4980
2255.00,23.5091
2255.50,23.5328
2256.00,23.5524
2256.50,23.5525
2257.00,23.5319
2257.50,23.5061
2258.00,23.4963
2258.50,23.5140
2259.00,23.5536
2259.50,23.5998
2260.00,23.6392
2260.50,23.6656
2261.00,23.6785
2261.50,23.6800
2262.00,23.6750
2262.50,23.6698
2263.00,23.6691
2263.50,23.6729
2264.00,23.6773
2264.50,23.6792
2265.00,23.6799
2265.50,23.6824
2266.00,23.6877
2266.50,23.6940
2267.00,23.6979
2267.50,23.6977
2268.00,23.6953
2268.50,23.6953
2269.00,23.7006
2269.50,23.7090
2270.00,23.7145
2270.50,23.7130
2271.00,23.7061
2271.50,23.6973
2272.00,23.6867
2272.50,23.6708
2273.00,23.6480
2273.50,23.6231
2274.00,23.6035
2274.50,23.5924
2275.00,23.5868
2275.50,23.5838
2276.00,23.5852
2276.50,23.5952
2277.00,23.6138
2277.50,23.6349
2278.00,23.6514
2278.50,23.6629
2279.00,23.6771
2279.50,23.7038
2280.00,23.7445
2280.50,23.7885
2281.00,23.8183
2281.50,23.8215
2282.00,23.8002
2282.50,23.7681
2283.00,23.7392
2283.50,23.7184
2284.00,23.7020
2284.50,23.6870
2285.00,23.6769
2285.50,23.6788
2286.00,23.6947
2286.50,23.7189
2287.00,23.7427
2287.50,23.7610
2288.00,23.7736
2288.50,23.7853
2289.00,23.8043
2289.50,23.8384
2290.00,23.8891
2290.50,23.9492
2291.00,24.0058
2291.50,24.0479
2292.00,24.0699
2292.50,24.0719
2293.00,24.0581
2293.50,24.0370
2294.00,24.0188
2294.50,24.0114
2295.00,24.0143
2295.50,24.0181
2296.00,24.0106
2296.50,23.9857
2297.00,23.9475
2297.50,23.9059
2298.00,23.8676
2298.50,23.8325
2299.00,23.7976
2299.50,23.7635
2300.00,23.7360
2300.50,23.7218
2301.00,23.7234
2301.50,23.7380
2302.00,23.7597
2302.50,23.7815
2303.00,23.7973
2303.50,23.8042
2304.00,23.8050
2304.50,23.8079
2305.00,23.8209
2305.50,23.8449
2306.00,23.8730
2306.50,23.8958
2307.00,23.9069
2307.50,23.9039
2308.00,23.8889
2308.50,23.8694
2309.00,23.8576
2309.50,23.8626
2310.00,23.8836
2310.50,23.9112
2311.00,23.9371
2311.50,23.9603
2312.00,23.9846
2312.50,24.0117
2313.00,24.0377
2313.50,24.0552
2314.00,24.0589
2314.50,24.0483
2315.00,24.0289
2315.50,24.0088
2316.00,23.9961
2316.50,23.9956
2317.00,24.0070
2317.50,24.0251
2318.00,24.0411
2318.50,24.0470
2319.00,24.0407
2319.50,24.0263
2320.00,24.0114
2320.50,24.0015
2321.00,23.9968
2321.50,23.9944
2322.00,23.9916
2322.50,23.9881
2323.00,23.9847
2323.50,23.9797
2324.00,23.9689
2324.50,23.9476
2325.00,23.9171
2325.50,23.8868
2326.00,23.8704
2326.50,23.8756
2327.00,23.8993
2327.50,23.9331
2328.00,23.9707
2328.50,24.0097
2329.00,24.0471
2329.50,24.0765
2330.00,24.0916
2330.50,24.0902
2331.00,24.0745
2331.50,24.0479
2332.00,24.0153
2332.50,23.9848
2333.00,23.9675
2333.50,23.9716
2334.00,23.9967
2334.50,24.0360
2335.00,24.0826
2335.50,24.1333
2336.00,24.1853
2336.50,24.2314
2337.00,24.2610
2337.50,24.2667
2338.00,24.2508
2338.50,24.2234
2339.00,24.1945
2339.50,24.1696
2340.00,24.1509
2340.50,24.1409
2341.00,24.1420
2341.50,24.1546
2342.00,24.1764
2342.50,24.2032
2343.00,24.2283
2343.50,24.2448
2344.00,24.2504
2344.50,24.2494
2345.00,24.2467
2345.50,24.2408
2346.00,24.2230
2346.50,24.1882
2347.00,24.1438
2347.50,24.1078
2348.00,24.0960
2348.50,24.1120
2349.00,24.1470
2349.50,24.1852
2350.00,24.2105
2350.50,24.2114
2351.00,24.1875
2351.50,24.1509
2352.00,24.1185
2352.50,24.1017
2353.00,24.1020
2353.50,24.1152
2354.00,24.1364
2354.50,24.1620
2355.00,24.1900
2355.50,24.2194
2356.00,24.2484
2356.50,24.2717
2357.00,24.2812
2357.50,24.2723
2358.00,24.2502
2358.50,24.2282
2359.00,24.2189
2359.50,24.2256
2360.00,24.2414
2360.50,24.2560
2361.00,24.2632
2361.50,24.2623
2362.00,24.2541
2362.50,24.2391
2363.00,24.2199
2363.50,24.2037
2364.00,24.1985
2364.50,24.2056
2365.00,24.2163
2365.50,24.2183
2366.00,24.2065
2366.50,24.1879
2367.00,24.1770
2367.50,24.1843
2368.00,24.2101
2368.50,24.2449
2369.00,24.2789
2369.50,24.3077
2370.00,24.3314
2370.50,24.3494
2371.00,24.3580
2371.50,24.3556
2372.00,24.3461
2372.50,24.3372
2373.00,24.3326
2373.50,24.3285
2374.00,24.3172
2374.50,24.2958
2375.00,24.2697
2375.50,24.2481
2376.00,24.2360
2376.50,24.2330
2377.00,24.2368
2377.50,24.2465
2378.00,24.2631
2378.50,24.2870
2379.00,24.3155
2379.50,24.3419
2380.00,24.3581
2380.50,24.3604
2381.00,24.3547
2381.50,24.3541
2382.00,24.3690
2382.50,24.3989
2383.00,24.4344
2383.50,24.4652
2384.00,24.4855
2384.50,24.4942
2385.00,24.4917
2385.50,24.4778
2386.00,24.4532
2386.50,24.4218
2387.00,24.3900
2387.50,24.3618
2388.00,24.3363
2388.50,24.3115
2389.00,24.2892
2389.50,24.2752
2390.00,24.2746
2390.50,24.2876
2391.00,24.3095
2391.50,24.3341
2392.00,24.3569
2392.50,24.3768
2393.00,24.3941
2393.50,24.4089
2394.00,24.4210
2394.50,24.4307
2395.00,24.4398
2395.50,24.4506
2396.00,24.4644
2396.50,24.4799
2397.00,24.4948
2397.50,24.5067
2398.00,24.5143
2398.50,24.5165
2399.00,24.5117
2399.50,24.4983
2400.00,24.4764
2400.50,24.4500
2401.00,24.4270
2401.50,24.4157
2402.00,24.4198
2402.50,24.4359
2403.00,24.4557
2403.50,24.4722
2404.00,24.4839
2404.50,24.4942
2405.00,24.5065
2405.50,24.5204
2406.00,24.5315
2406.50,24.5368
2407.00,24.5394
2407.50,24.5465
2408.00,24.5628
2408.50,24.5850
2409.00,24.6038
2409.50,24.6110
2410.00,24.6051
2410.50,24.5918
2411.00,24.5788
2411.50,24.5694
2412.00,24.5601
2412.50,24.5450
2413.00,24.5228
2413.50,24.5007
2414.00,24.4903
2414.50,24.4981
2415.00,24.5213
2415.50,24.5487
2416.00,24.5692
2416.50,24.5788
2417.00,24.5807
2417.50,24.5807
2418.00,24.5822
2418.50,24.5869
2419.00,24.5961
2419.50,24.6116
2420.00,24.6328
2420.50,24.6552
2421.00,24.6741
2421.50,24.6875
2422.00,24.6958
2422.50,24.6988
2423.00,24.6957
2423.50,24.6874
2424.00,24.6775
2424.50,24.6700
2425.00,24.6674
2425.50,24.6709
2426.00,24.6808
2426.50,24.6948
2427.00,24.7075
2427.50,24.7138
2428.00,24.7132
2428.50,24.7086
2429.00,24.7026
2429.50,24.6953
2430.00,24.6871
2430.50,24.6816
2431.00,24.6839
2431.50,24.6954
2432.00,24.7119
2432.50,24.7262
2433.00,24.7329
2433.50,24.7309
2434.00,24.7217
2434.50,24.7081
2435.00,24.6919
2435.50,24.6766
2436.00,24.6674
2436.50,24.6689
2437.00,24.6808
2437.50,24.6968
2438.00,24.7081
2438.50,24.7096
2439.00,24.7026
2439.50,24.6943
2440.00,24.6930
2440.50,24.7027
2441.00,24.7198
2441.50,24.7357
2442.00,24.7432
2442.50,24.7416
2443.00,24.7371
2443.50,24.7380
2444.00,24.7485
2444.50,24.7658
2445.00,24.7820
2445.50,24.7894
2446.00,24.7842
2446.50,24.7684
2447.00,24.7489
2447.50,24.7333
2448.00,24.7247
2448.50,24.7204
2449.00,24.7156
2449.50,24.7104
2450.00,24.7121
2450.50,24.7272
2451.00,24.7542
2451.50,24.7827
2452.00,24.8007
2452.50,24.8025
2453.00,24.7902
2453.50,24.7723
2454.00,24.7589
2454.50,24.7564
2455.00,24.7650
2455.50,24.7812
2456.00,24.8027
2456.50,24.8315
2457.00,24.8704
2457.50,24.9185
2458.00,24.9690
2458.50,25.0120
2459.00,25.0382
2459.50,25.0424
2460.00,25.0250
2460.50,24.9923
2461.00,24.9551
2461.50,24.9256
2462.00,24.9124
2462.50,24.9159
2463.00,24.9286
2463.50,24.9402
2464.00,24.9456
2464.50,24.9479
2465.00,24.9535
2465.50,24.9632
2466.00,24.9689
2466.50,24.9595
2467.00,24.9307
2467.50,24.8894
2468.00,24.8493
2468.50,24.8226
2469.00,24.8159
2469.50,24.8274
2470.00,24.8500
2470.50,24.8740
2471.00,24.8917
2471.50,24.8991
2472.00,24.8962
2472.50,24.8879
2473.00,24.8825
2473.50,24.8877
2474.00,24.9058
2474.50,24.9327
2475.00,24.9612
2475.50,24.9851
2476.00,24.9994
2476.50,24.9995
2477.00,24.9837
2477.50,24.9552
2478.00,24.9233
2478.50,24.9011
2479.00,24.8999
2479.50,24.9221
2480.00,24.9579
2480.50,24.9913
2481.00,25.0106
2481.50,25.0129
2482.00,25.0005
2482.50,24.9757
2483.00,24.9404
2483.50,24.8975
2484.00,24.8531
2484.50,24.8165
2485.00,24.7971
2485.50,24.7991
2486.00,24.8193
2486.50,24.8522
2487.00,24.8950
2487.50,24.9479
2488.00,25.0067
2488.50,25.0594
2489.00,25.0912
2489.50,25.0949
2490.00,25.0779
2490.50,25.0581
2491.00,25.0510
2491.50,25.0593
2492.00,25.0718
2492.50,25.0733
2493.00,25.0571
2493.50,25.0290
2494.00,25.0021
2494.50,24.9864
2495.00,24.9839
2495.50,24.9897
2496.00,24.9978
2496.50,25.0052
2497.00,25.0122
2497.50,25.0204
2498.00,25.0304
2498.50,25.0405
2499.00,25.0464
2499.50,25.0430
2500.00,25.0275
2500.50,25.0024
2501.00,24.9762
2501.50,24.9601
2502.00,24.9613
2502.50,24.9777
2503.00,24.9977
2503.50,25.0078
2504.00,25.0000
2504.50,24.9779
2505.00,24.9548
2505.50,24.9463
2506.00,24.9608
2506.50,24.9954
2507.00,25.0391
2507.50,25.0792
2508.00,25.1079
2508.50,25.1268
2509.00,25.1455
2509.50,25.1735
2510.00,25.2097
2510.50,25.2419
2511.00,25.2569
2511.50,25.2513
2512.00,25.2322
2512.50,25.2075
2513.00,25.1794
2513.50,25.1449
2514.00,25.1035
2514.50,25.0618
2515.00,25.0308
2515.50,25.0183
2516.00,25.0236
2516.50,25.0399
2517.00,25.0593
2517.50,25.0744
2518.00,25.0795
2518.50,25.0716
2519.00,25.0530
2519.50,25.0299
2520.00,25.0090
2520.50,24.9955
2521.00,24.9930
2521.50,25.0015
2522.00,25.0147
2522.50,25.0219
2523.00,25.0163
2523.50,25.0022
2524.00,24.9919
2524.50,24.9941
2525.00,25.0065
2525.50,25.0208
2526.00,25.0333
2526.50,25.0472
2527.00,25.0679
2527.50,25.0965
2528.00,25.1302
2528.50,25.1644
2529.00,25.1951
2529.50,25.2198
2530.00,25.2385
2530.50,25.2541
2531.00,25.2720
2531.50,25.2960
2532.00,25.3244
2532.50,25.3487
2533.00,25.3593
2533.50,25.3535
2534.00,25.3362
2534.50,25.3142
2535.00,25.2906
2535.50,25.2652
2536.00,25.2377
2536.50,25.2102
2537.00,25.1850
2537.50,25.1644
2538.00,25.1494
2538.50,25.1389
2539.00,25.1294
2539.50,25.1166
2540.00,25.0988
2540.50,25.0787
2541.00,25.0629
2541.50,25.0575
2542.00,25.0652
2542.50,25.0850
2543.00,25.1127
2543.50,25.1427
2544.00,25.1706
2544.50,25.1938
2545.00,25.2107
2545.50,25.2204
2546.00,25.2222
2546.50,25.2176
2547.00,25.2107
2547.50,25.2075
2548.00,25.2130
2548.50,25.2270
2549.00,25.2435
2549.50,25.2522
2550.00,25.2450
2550.50,25.2199
2551.00,25.1824
2551.50,25.1420
2552.00,25.1092
2552.50,25.0924
2553.00,25.0942
2553.50,25.1117
2554.00,25.1387
2554.50,25.1696
2555.00,25.1999
2555.50,25.2271
2556.00,25.2522
2556.50,25.2807
2557.00,25.3185
2557.50,25.3667
2558.00,25.4192
2558.50,25.4669
2559.00,25.5024
2559.50,25.5227
2560.00,25.5269
2560.50,25.5128
2561.00,25.4783
2561.50,25.4242
2562.00,25.3582
2562.50,25.2937
2563.00,25.2460
2563.50,25.2254
2564.00,25.2324
2564.50,25.2563
2565.00,25.2817
2565.50,25.2968
2566.00,25.2995
2566.50,25.2956
2567.00,25.2926
2567.50,25.2960
2568.00,25.3076
2568.50,25.3261
2569.00,25.3482
2569.50,25.3693
2570.00,25.3871
2570.50,25.4013
2571.00,25.4136
2571.50,25.4250
2572.00,25.4347
2572.50,25.4411
2573.00,25.4426
2573.50,25.4382
2574.00,25.4281
2574.50,25.4136
2575.00,25.3974
2575.50,25.3825
2576.00,25.3727
2576.50,25.3703
2577.00,25.3755
2577.50,25.3855
2578.00,25.3954
2578.50,25.4013
2579.00,25.4032
2579.50,25.4066
2580.00,25.4196
2580.50,25.4469
2581.00,25.4859
2581.50,25.5286
2582.00,25.5654
2582.50,25.5898
2583.00,25.6008
2583.50,25.6021
2584.00,25.5984
2584.50,25.5915
2585.00,25.5791
2585.50,25.5595
2586.00,25.5344
2586.50,25.5097
2587.00,25.4914
2587.50,25.4845
2588.00,25.4898
2588.50,25.5028
2589.00,25.5152
2589.50,25.5202
2590.00,25.5168
2590.50,25.5091
2591.00,25.5026
2591.50,25.5011
2592.00,25.5034
2592.50,25.5026
2593.00,25.4910
2593.50,25.4674
2594.00,25.4407
2594.50,25.4258
2595.00,25.4337
2595.50,25.4649
2596.00,25.5099
2596.50,25.5551
2597.00,25.5897
2597.50,25.6085
2598.00,25.6115
2598.50,25.6007
2599.00,25.5792
2599.50,25.5521
2600.00,25.5279
2600.50,25.5163
2601.00,25.5217
2601.50,25.5381
2602.00,25.5532
2602.50,25.5589
2603.00,25.5582
2603.50,25.5616
2604.00,25.5758
2604.50,25.5976
2605.00,25.6169
2605.50,25.6266
2606.00,25.6276
2606.50,25.6254
2607.00,25.6241
2607.50,25.6231
2608.00,25.6197
2608.50,25.6115
2609.00,25.5987
2609.50,25.5838
2610.00,25.5702
2610.50,25.5611
2611.00,25.5589
2611.50,25.5657
2612.00,25.5805
2612.50,25.5964
2613.00,25.6021
2613.50,25.5906
2614.00,25.5651
2614.50,25.5381
2615.00,25.5227
2615.50,25.5263
2616.00,25.5502
2616.50,25.5920
2617.00,25.6461
2617.50,25.7025
2618.00,25.7474
2618.50,25.7701
2619.00,25.7689
2619.50,25.7516
2620.00,25.7295
2620.50,25.7110
2621.00,25.6981
2621.50,25.6885
2622.00,25.6821
2622.50,25.6829
2623.00,25.6947
2623.50,25.7127
2624.00,25.7229
2624.50,25.7119
2625.00,25.6764
2625.50,25.6261
2626.00,25.5791
2626.50,25.5541
2627.00,25.5610
2627.50,25.5954
2628.00,25.6420
2628.50,25.6836
2629.00,25.7094
2629.50,25.7173
2630.00,25.7125
2630.50,25.7045
2631.00,25.7013
2631.50,25.7060
2632.00,25.7163
2632.50,25.7280
2633.00,25.7378
2633.50,25.7434
2634.00,25.7436
2634.50,25.7380
2635.00,25.7283
2635.50,25.7182
2636.00,25.7128
2636.50,25.7153
2637.00,25.7231
2637.50,25.7305
2638.00,25.7337
2638.50,25.7348
2639.00,25.7388
2639.50,25.7463
2640.00,25.7518
2640.50,25.7492
2641.00,25.7390
2641.50,25.7288
2642.00,25.7269
2642.50,25.7349
2643.00,25.7476
2643.50,25.7590
2644.00,25.7676
2644.50,25.7754
2645.00,25.7839
2645.50,25.7912
2646.00,25.7932
2646.50,25.7863
2647.00,25.7707
2647.50,25.7503
2648.00,25.7303
2648.50,25.7139
2649.00,25.7002
2649.50,25.6856
2650.00,25.6672
2650.50,25.6465
2651.00,25.6288
2651.50,25.6185
2652.00,25.6174
2652.50,25.6246
2653.00,25.6389
2653.50,25.6599
2654.00,25.6863
2654.50,25.7157
2655.00,25.7434
2655.50,25.7642
2656.00,25.7733
2656.50,25.7692
2657.00,25.7543
2657.50,25.7352
2658.00,25.7185
2658.50,25.7079
2659.00,25.7020
2659.50,25.6963
2660.00,25.6870
2660.50,25.6732
2661.00,25.6560
2661.50,25.6387
2662.00,25.6269
2662.50,25.6279
2663.00,25.6460
2663.50,25.6760
2664.00,25.7043
2664.50,25.7173
2665.00,25.7117
2665.50,25.6963
2666.00,25.6858
2666.50,25.6892
2667.00,25.7053
2667.50,25.7245
2668.00,25.7364
2668.50,25.7352
2669.00,25.7218
2669.50,25.7031
2670.00,25.6899
2670.50,25.6921
2671.00,25.7153
2671.50,25.7563
2672.00,25.8034
2672.50,25.8404
2673.00,25.8559
2673.50,25.8508
2674.00,25.8382
2674.50,25.8327
2675.00,25.8381
2675.50,25.8450
2676.00,25.8410
2676.50,25.8222
2677.00,25.7957
2677.50,25.7712
2678.00,25.7536
2678.50,25.7438
2679.00,25.7442
2679.50,25.7595
2680.00,25.7915
2680.50,25.8336
2681.00,25.8731
2681.50,25.8989
2682.00,25.9075
2682.50,25.9019
2683.00,25.8870
2683.50,25.8656
2684.00,25.8391
2684.50,25.8110
2685.00,25.7881
2685.50,25.7789
2686.00,25.7884
2686.50,25.8145
2687.00,25.8481
2687.50,25.8780
2688.00,25.8972
2688.50,25.9056
2689.00,25.9075
2689.50,25.9081
2690.00,25.9120
2690.50,25.9219
2691.00,25.9357
2691.50,25.9446
2692.00,25.9372
2692.50,25.9079
2693.00,25.8629
2693.50,25.8188
2694.00,25.7924
2694.50,25.7902
2695.00,25.8052
2695.50,25.8231
2696.00,25.8324
2696.50,25.8301
2697.00,25.8208
2697.50,25.8122
2698.00,25.8097
2698.50,25.8129
2699.00,25.8176
2699.50,25.8224
2700.00,25.8327
2700.50,25.8561
2701.00,25.8938
2701.50,25.9362
2702.00,25.9685
2702.50,25.9804
2703.00,25.9707
2703.50,25.9448
2704.00,25.9107
2704.50,25.8771
2705.00,25.8539
2705.50,25.8516
2706.00,25.8771
2706.50,25.9266
2707.00,25.9827
2707.50,26.0223
2708.00,26.0316
2708.50,26.0169
2709.00,25.9986
2709.50,25.9947
2710.00,26.0079
2710.50,26.0279
2711.00,26.0440
2711.50,26.0535
2712.00,26.0617
2712.50,26.0725
2713.00,26.0831
2713.50,26.0871
2714.00,26.0825
2714.50,26.0733
2715.00,26.0647
2715.50,26.0585
2716.00,26.0548
2716.50,26.0553
2717.00,26.0638
2717.50,26.0814
2718.00,26.1040
2718.50,26.1247
2719.00,26.1368
2719.50,26.1368
2720.00,26.1248
2720.50,26.1045
2721.00,26.0809
2721.50,26.0575
2722.00,26.0353
2722.50,26.0131
2723.00,25.9893
2723.50,25.9645
2724.00,25.9426
2724.50,25.9293
2725.00,25.9297
2725.50,25.9453
2726.00,25.9727
2726.50,26.0040
2727.00,26.0301
2727.50,26.0454
2728.00,26.0506
2728.50,26.0527
2729.00,26.0616
2729.50,26.0836
2730.00,26.1152
2730.50,26.1416
2731.00,26.1461
2731.50,26.1252
2732.00,26.0946
2732.50,26.0778
2733.00,26.0860
2733.50,26.1095
2734.00,26.1282
2734.50,26.1305
2735.00,26.1232
2735.50,26.1213
2736.00,26.1327
2736.50,26.1521
2737.00,26.1679
2737.50,26.1735
2738.00,26.1702
2738.50,26.1626
2739.00,26.1542
2739.50,26.1462
2740.00,26.1396
2740.50,26.1376
2741.00,26.1459
2741.50,26.1675
2742.00,26.1979
2742.50,26.2248
2743.00,26.2390
2743.50,26.2432
2744.00,26.2497
2744.50,26.2671
2745.00,26.2909
2745.50,26.3073
2746.00,26.3067
2746.50,26.2917
2747.00,26.2738
2747.50,26.2630
2748.00,26.2597
2748.50,26.2559
2749.00,26.2421
2749.50,26.2135
2750.00,26.1738
2750.50,26.1318
2751.00,26.0963
2751.50,26.0716
2752.00,26.0569
2752.50,26.0499
2753.00,26.0496
2753.50,26.0565
2754.00,26.0703
2754.50,26.0885
2755.00,26.1078
2755.50,26.1253
2756.00,26.1384
2756.50,26.1455
2757.00,26.1486
2757.50,26.1541
2758.00,26.1692
2758.50,26.1960
2759.00,26.2286
2759.50,26.2564
2760.00,26.2716
2760.50,26.2740
2761.00,26.2725
2761.50,26.2782
2762.00,26.2963
2762.50,26.3223
2763.00,26.3464
2763.50,26.3610
2764.00,26.3644
2764.50,26.3608
2765.00,26.3555
2765.50,26.3525
2766.00,26.3531
2766.50,26.3557
2767.00,26.3578
2767.50,26.3589
2768.00,26.3615
2768.50,26.3698
2769.00,26.3827
2769.50,26.3905
2770.00,26.3804
2770.50,26.3477
2771.00,26.3024
2771.50,26.2635
2772.00,26.2468
2772.50,26.2566
2773.00,26.2854
2773.50,26.3192
2774.00,26.3444
2774.50,26.3544
2775.00,26.3529
2775.50,26.3506
2776.00,26.3552
2776.50,26.3643
2777.00,26.3673
2777.50,26.3555
2778.00,26.3314
2778.50,26.3082
2779.00,26.2979
2779.50,26.3008
2780.00,26.3070
2780.50,26.3076
2781.00,26.3039
2781.50,26.3050
2782.00,26.3176
2782.50,26.3400
2783.00,26.3655
2783.50,26.3877
2784.00,26.4035
2784.50,26.4124
2785.00,26.4156
2785.50,26.4155
2786.00,26.4139
2786.50,26.4107
2787.00,26.4058
2787.50,26.4004
2788.00,26.3961
2788.50,26.3915
2789.00,26.3819
2789.50,26.3635
2790.00,26.3390
2790.50,26.3184
2791.00,26.3129
2791.50,26.3278
2792.00,26.3591
2792.50,26.3978
2793.00,26.4359
2793.50,26.4700
2794.00,26.4988
2794.50,26.5183
2795.00,26.5207
2795.50,26.5016
2796.00,26.4677
2796.50,26.4348
2797.00,26.4174
2797.50,26.4187
2798.00,26.4309
2798.50,26.4445
2799.00,26.4561
2799.50,26.4687
2800.00,26.4864
2800.50,26.5086
2801.00,26.5309
2801.50,26.5503
2802.00,26.5689
2802.50,26.5907
2803.00,26.6133
2803.50,26.6278
2804.00,26.6273
2804.50,26.6134
2805.00,26.5937
2805.50,26.5735
2806.00,26.5539
2806.50,26.5350
2807.00,26.5204
2807.50,26.5151
2808.00,26.5212
2808.50,26.5348
2809.00,26.5473
2809.50,26.5508
2810.00,26.5447
2810.50,26.5375
2811.00,26.5407
2811.50,26.5609
2812.00,26.5954
2812.50,26.6366
2813.00,26.6771
2813.50,26.7112
2814.00,26.7342
2814.50,26.7419
2815.00,26.7335
2815.50,26.7125
2816.00,26.6854
2816.50,26.6595
2817.00,26.6407
2817.50,26.6313
2818.00,26.6296
2818.50,26.6311
2819.00,26.6309
2819.50,26.6271
2820.00,26.6192
2820.50,26.6056
2821.00,26.5837
2821.50,26.5522
2822.00,26.5155
2822.50,26.4833
2823.00,26.4662
2823.50,26.4702
2824.00,26.4955
2824.50,26.5401
2825.00,26.6013
2825.50,26.6733
2826.00,26.7438
2826.50,26.7958
2827.00,26.8157
2827.50,26.8018
2828.00,26.7659
2828.50,26.7247
2829.00,26.6875
2829.50,26.6531
2830.00,26.6168
2830.50,26.5797
2831.00,26.5505
2831.50,26.5387
2832.00,26.5475
2832.50,26.5713
2833.00,26.5992
2833.50,26.6191
2834.00,26.6226
2834.50,26.6079
2835.00,26.5810
2835.50,26.5532
2836.00,26.5360
2836.50,26.5357
2837.00,26.5511
2837.50,26.5749
2838.00,26.5978
2838.50,26.6131
2839.00,26.6189
2839.50,26.6169
2840.00,26.6108
2840.50,26.6032
2841.00,26.5961
2841.50,26.5926
2842.00,26.5975
2842.50,26.6130
2843.00,26.6343
2843.50,26.6515
2844.00,26.6572
2844.50,26.6535
2845.00,26.6491
2845.50,26.6515
2846.00,26.6595
2846.50,26.6652
2847.00,26.6616
2847.50,26.6488
2848.00,26.6333
2848.50,26.6224
2849.00,26.6193
2849.50,26.6234
2850.00,26.6324
2850.50,26.6432
2851.00,26.6495
2851.50,26.6426
2852.00,26.6170
2852.50,26.5771
2853.00,26.5388
2853.50,26.5207
2854.00,26.5316
2854.50,26.5653
2855.00,26.6056
2855.50,26.6376
2856.00,26.6556
2856.50,26.6647
2857.00,26.6726
2857.50,26.6822
2858.00,26.6912
2858.50,26.6971
