0.00,0.0000
0.50,0.1488
1.00,0.3260
1.50,0.5093
2.00,0.6832
2.50,0.8436
3.00,0.9921
3.50,1.1277
4.00,1.2467
4.50,1.3477
5.00,1.4362
5.50,1.5221
6.00,1.6136
6.50,1.7125
7.00,1.8148
7.50,1.9152
8.00,2.0101
8.50,2.0985
9.00,2.1804
9.50,2.2539
10.00,2.3156
10.50,2.3625
11.00,2.3955
11.50,2.4214
12.00,2.4492
12.50,2.4840
13.00,2.5238
13.50,2.5620
14.00,2.5968
14.50,2.6354
15.00,2.6893
15.50,2.7630
16.00,2.8490
16.50,2.9331
17.00,3.0035
17.50,3.0567
18.00,3.0946
18.50,3.1210
19.00,3.1399
19.50,3.1569
20.00,3.1782
20.50,3.2066
21.00,3.2400
21.50,3.2735
22.00,3.3041
22.50,3.3337
23.00,3.3677
23.50,3.4103
24.00,3.4584
24.50,3.5002
25.00,3.5221
25.50,3.5192
26.00,3.5010
26.50,3.4858
27.00,3.4879
27.50,3.5084
28.00,3.5351
28.50,3.5528
29.00,3.5550
29.50,3.5476
30.00,3.5421
30.50,3.5447
31.00,3.5512
31.50,3.5518
32.00,3.5407
32.50,3.5207
33.00,3.5010
33.50,3.4888
34.00,3.4849
34.50,3.4839
35.00,3.4787
35.50,3.4647
36.00,3.4412
36.50,3.4111
37.00,3.3801
37.50,3.3554
38.00,3.3430
38.50,3.3471
39.00,3.3677
39.50,3.4028
40.00,3.4482
40.50,3.4985
41.00,3.5466
41.50,3.5860
42.00,3.6137
42.50,3.6317
43.00,3.6456
43.50,3.6592
44.00,3.6715
44.50,3.6780
45.00,3.6787
45.50,3.6811
46.00,3.6950
46.50,3.7231
47.00,3.7567
47.50,3.7830
48.00,3.7962
48.50,3.8015
49.00,3.8086
49.50,3.8222
50.00,3.8419
50.50,3.8683
51.00,3.9069
51.50,3.9604
52.00,4.0201
52.50,4.0680
53.00,4.0889
53.50,4.0816
54.00,4.0589
54.50,4.0366
55.00,4.0249
55.50,4.0282
56.00,4.0469
56.50,4.0780
57.00,4.1150
57.50,4.1502
58.00,4.1791
58.50,4.2021
59.00,4.2237
59.50,4.2508
60.00,4.2914
60.50,4.3519
61.00,4.4296
61.50,4.5095
62.00,4.5688
62.50,4.5917
63.00,4.5791
63.50,4.5472
64.00,4.5157
64.50,4.4968
65.00,4.4917
65.50,4.4935
66.00,4.4940
66.50,4.4888
67.00,4.4809
67.50,4.4785
68.00,4.4916
68.50,4.5264
69.00,4.5819
69.50,4.6480
70.00,4.7089
70.50,4.7498
71.00,4.7644
71.50,4.7584
72.00,4.7463
72.50,4.7426
73.00,4.7548
73.50,4.7815
74.00,4.8170
74.50,4.8565
75.00,4.8971
75.50,4.9354
76.00,4.9651
76.50,4.9786
77.00,4.9726
77.50,4.9520
78.00,4.9307
78.50,4.9241
79.00,4.9403
79.50,4.9762
80.00,5.0215
80.50,5.0666
81.00,5.1078
81.50,5.1464
82.00,5.1828
82.50,5.2134
83.00,5.2324
83.50,5.2380
84.00,5.2360
84.50,5.2346
85.00,5.2364
85.50,5.2385
86.00,5.2395
86.50,5.2461
87.00,5.2691
87.50,5.3121
88.00,5.3666
88.50,5.4185
89.00,5.4596
89.50,5.4917
90.00,5.5203
90.50,5.5463
91.00,5.5655
91.50,5.5749
92.00,5.5778
92.50,5.5841
93.00,5.6046
93.50,5.6438
94.00,5.6961
94.50,5.7473
95.00,5.7831
95.50,5.7966
96.00,5.7939
96.50,5.7893
97.00,5.7975
97.50,5.8246
98.00,5.8660
98.50,5.9102
99.00,5.9448
99.50,5.9628
100.00,5.9672
100.50,5.9685
101.00,5.9765
101.50,5.9926
102.00,6.0105
102.50,6.0238
103.00,6.0297
103.50,6.0284
104.00,6.0205
104.50,6.0091
105.00,6.0005
105.50,6.0015
106.00,6.0149
106.50,6.0372
107.00,6.0601
107.50,6.0754
108.00,6.0794
108.50,6.0756
109.00,6.0709
109.50,6.0702
110.00,6.0736
110.50,6.0785
111.00,6.0822
111.50,6.0828
112.00,6.0792
112.50,6.0709
113.00,6.0573
113.50,6.0376
114.00,6.0133
114.50,5.9908
115.00,5.9804
115.50,5.9891
116.00,6.0146
116.50,6.0473
117.00,6.0766
117.50,6.0970
118.00,6.1086
118.50,6.1133
119.00,6.1133
119.50,6.1131
120.00,6.1209
120.50,6.1439
121.00,6.1818
121.50,6.2248
122.00,6.2587
122.50,6.2741
123.00,6.2707
123.50,6.2580
124.00,6.2506
124.50,6.2606
125.00,6.2903
125.50,6.3314
126.00,6.3725
126.50,6.4070
127.00,6.4351
127.50,6.4589
128.00,6.4780
128.50,6.4904
129.00,6.4939
129.50,6.4874
130.00,6.4704
130.50,6.4444
131.00,6.4162
131.50,6.3968
132.00,6.3977
132.50,6.4252
133.00,6.4766
133.50,6.5424
134.00,6.6112
134.50,6.6744
135.00,6.7257
135.50,6.7598
136.00,6.7736
136.50,6.7714
137.00,6.7669
137.50,6.7758
138.00,6.8038
138.50,6.8403
139.00,6.8660
139.50,6.8669
140.00,6.8443
140.50,6.8114
141.00,6.7825
141.50,6.7641
142.00,6.7516
142.50,6.7356
143.00,6.7124
143.50,6.6895
144.00,6.6825
144.50,6.7027
145.00,6.7467
145.50,6.7981
146.00,6.8389
146.50,6.8595
147.00,6.8610
147.50,6.8500
148.00,6.8333
148.50,6.8152
149.00,6.7979
149.50,6.7831
150.00,6.7735
150.50,6.7726
151.00,6.7832
151.50,6.8051
152.00,6.8336
152.50,6.8615
153.00,6.8821
153.50,6.8921
154.00,6.8924
154.50,6.8854
155.00,6.8731
155.50,6.8572
156.00,6.8419
156.50,6.8338
157.00,6.8372
157.50,6.8497
158.00,6.8640
158.50,6.8734
159.00,6.8774
159.50,6.8819
160.00,6.8957
160.50,6.9248
161.00,6.9679
161.50,7.0143
162.00,7.0504
162.50,7.0689
163.00,7.0743
163.50,7.0770
164.00,7.0833
164.50,7.0907
165.00,7.0941
165.50,7.0939
166.00,7.0972
166.50,7.1107
167.00,7.1338
167.50,7.1583
168.00,7.1748
168.50,7.1797
169.00,7.1768
169.50,7.1750
170.00,7.1824
170.50,7.2020
171.00,7.2307
171.50,7.2619
172.00,7.2877
172.50,7.3015
173.00,7.3017
173.50,7.2946
174.00,7.2920
174.50,7.3025
175.00,7.3226
175.50,7.3393
176.00,7.3402
176.50,7.3220
177.00,7.2924
177.50,7.2640
178.00,7.2477
178.50,7.2498
179.00,7.2718
179.50,7.3118
180.00,7.3641
180.50,7.4195
181.00,7.4659
181.50,7.4922
182.00,7.4926
182.50,7.4704
183.00,7.4375
183.50,7.4088
184.00,7.3962
184.50,7.4035
185.00,7.4253
185.50,7.4502
186.00,7.4673
186.50,7.4727
187.00,7.4718
187.50,7.4738
188.00,7.4830
188.50,7.4964
189.00,7.5097
189.50,7.5234
190.00,7.5410
190.50,7.5638
191.00,7.5883
191.50,7.6099
192.00,7.6268
192.50,7.6395
193.00,7.6460
193.50,7.6404
194.00,7.6175
194.50,7.5790
195.00,7.5360
195.50,7.5052
196.00,7.5010
196.50,7.5294
197.00,7.5859
197.50,7.6583
198.00,7.7305
198.50,7.7859
199.00,7.8122
199.50,7.8073
200.00,7.7826
200.50,7.7580
201.00,7.7485
201.50,7.7551
202.00,7.7666
202.50,7.7701
203.00,7.7597
203.50,7.7379
204.00,7.7135
204.50,7.6970
205.00,7.6976
205.50,7.7183
206.00,7.7541
206.50,7.7962
207.00,7.8376
207.50,7.8760
208.00,7.9122
208.50,7.9455
209.00,7.9713
209.50,7.9852
210.00,7.9871
210.50,7.9827
211.00,7.9779
211.50,7.9741
212.00,7.9671
212.50,7.9510
213.00,7.9253
213.50,7.8962
214.00,7.8730
214.50,7.8618
215.00,7.8622
215.50,7.8693
216.00,7.8782
216.50,7.8873
217.00,7.8991
217.50,7.9168
218.00,7.9394
218.50,7.9612
219.00,7.9752
219.50,7.9781
220.00,7.9739
220.50,7.9715
221.00,7.9789
221.50,7.9958
222.00,8.0127
222.50,8.0191
223.00,8.0128
223.50,8.0031
224.00,8.0032
224.50,8.0208
225.00,8.0545
225.50,8.0959
226.00,8.1335
226.50,8.1558
227.00,8.1552
227.50,8.1334
228.00,8.1018
228.50,8.0765
229.00,8.0692
229.50,8.0815
230.00,8.1069
230.50,8.1382
231.00,8.1725
231.50,8.2088
232.00,8.2433
232.50,8.2699
233.00,8.2864
233.50,8.2973
234.00,8.3095
234.50,8.3250
235.00,8.3398
235.50,8.3501
236.00,8.3576
236.50,8.3684
237.00,8.3873
237.50,8.4120
238.00,8.4335
238.50,8.4425
239.00,8.4369
239.50,8.4245
240.00,8.4177
240.50,8.4247
241.00,8.4445
241.50,8.4687
242.00,8.4892
242.50,8.5047
243.00,8.5199
243.50,8.5399
244.00,8.5642
244.50,8.5869
245.00,8.6029
245.50,8.6118
246.00,8.6170
246.50,8.6219
247.00,8.6280
247.50,8.6364
248.00,8.6475
248.50,8.6591
249.00,8.6657
249.50,8.6637
250.00,8.6563
250.50,8.6513
251.00,8.6536
251.50,8.6604
252.00,8.6658
252.50,8.6691
253.00,8.6772
253.50,8.6991
254.00,8.7369
254.50,8.7844
255.00,8.8314
255.50,8.8708
256.00,8.9008
256.50,8.9243
257.00,8.9468
257.50,8.9734
258.00,9.0045
258.50,9.0331
259.00,9.0498
259.50,9.0518
260.00,9.0464
260.50,9.0454
261.00,9.0548
261.50,9.0723
262.00,9.0918
262.50,9.1104
263.00,9.1282
263.50,9.1456
264.00,9.1605
264.50,9.1708
265.00,9.1766
265.50,9.1806
266.00,9.1861
266.50,9.1955
267.00,9.2102
267.50,9.2302
268.00,9.2528
268.50,9.2727
269.00,9.2858
269.50,9.2929
270.00,9.3011
270.50,9.3183
271.00,9.3459
271.50,9.3778
272.00,9.4052
272.50,9.4231
273.00,9.4323
273.50,9.4358
274.00,9.4361
274.50,9.4367
275.00,9.4437
275.50,9.4633
276.00,9.4957
276.50,9.5321
277.00,9.5585
277.50,9.5648
278.00,9.5523
278.50,9.5321
279.00,9.5150
279.50,9.5030
280.00,9.4924
280.50,9.4832
281.00,9.4823
281.50,9.4950
282.00,9.5181
282.50,9.5420
283.00,9.5594
283.50,9.5693
284.00,9.5726
284.50,9.5699
285.00,9.5623
285.50,9.5517
286.00,9.5384
286.50,9.5189
287.00,9.4895
287.50,9.4547
288.00,9.4290
288.50,9.4296
289.00,9.4630
289.50,9.5187
290.00,9.5736
290.50,9.6072
291.00,9.6125
291.50,9.5968
292.00,9.5724
292.50,9.5482
293.00,9.5281
293.50,9.5148
294.00,9.5127
294.50,9.5255
295.00,9.5513
295.50,9.5827
296.00,9.6118
296.50,9.6348
297.00,9.6522
297.50,9.6657
298.00,9.6750
298.50,9.6784
299.00,9.6751
299.50,9.6677
300.00,9.6615
300.50,9.6623
301.00,9.6716
301.50,9.6865
302.00,9.7032
302.50,9.7209
303.00,9.7419
303.50,9.7679
304.00,9.7963
304.50,9.8210
305.00,9.8367
305.50,9.8416
306.00,9.8375
306.50,9.8295
307.00,9.8253
307.50,9.8314
308.00,9.8486
308.50,9.8704
309.00,9.8872
309.50,9.8921
310.00,9.8837
310.50,9.8657
311.00,9.8457
311.50,9.8336
312.00,9.8367
312.50,9.8550
313.00,9.8804
313.50,9.9020
314.00,9.9133
314.50,9.9172
315.00,9.9218
315.50,9.9341
316.00,9.9548
316.50,9.9796
317.00,10.0032
317.50,10.0224
318.00,10.0367
318.50,10.0470
319.00,10.0535
319.50,10.0548
320.00,10.0496
320.50,10.0390
321.00,10.0286
321.50,10.0257
322.00,10.0342
322.50,10.0523
323.00,10.0748
323.50,10.0958
324.00,10.1121
324.50,10.1227
325.00,10.1290
325.50,10.1345
326.00,10.1425
326.50,10.1534
327.00,10.1635
327.50,10.1665
328.00,10.1571
328.50,10.1376
329.00,10.1184
329.50,10.1128
330.00,10.1257
330.50,10.1485
331.00,10.1643
331.50,10.1610
332.00,10.1418
332.50,10.1239
333.00,10.1258
333.50,10.1537
334.00,10.1991
334.50,10.2480
335.00,10.2912
335.50,10.3254
336.00,10.3503
336.50,10.3663
337.00,10.3760
337.50,10.3823
338.00,10.3866
338.50,10.3877
339.00,10.3844
339.50,10.3798
340.00,10.3816
340.50,10.3982
341.00,10.4320
341.50,10.4749
342.00,10.5113
342.50,10.5275
343.00,10.5190
343.50,10.4904
344.00,10.4518
344.50,10.4151
345.00,10.3926
345.50,10.3930
346.00,10.4146
346.50,10.4448
347.00,10.4664
347.50,10.4691
348.00,10.4543
348.50,10.4318
349.00,10.4130
349.50,10.4042
350.00,10.4061
350.50,10.4155
351.00,10.4302
351.50,10.4502
352.00,10.4749
352.50,10.5006
353.00,10.5208
353.50,10.5309
354.00,10.5328
354.50,10.5345
355.00,10.5445
355.50,10.5643
356.00,10.5872
356.50,10.6038
357.00,10.6074
357.50,10.5955
358.00,10.5684
358.50,10.5285
359.00,10.4806
359.50,10.4325
360.00,10.3947
360.50,10.3782
361.00,10.3896
361.50,10.4255
362.00,10.4715
362.50,10.5086
363.00,10.5244
363.50,10.5182
364.00,10.4976
364.50,10.4708
365.00,10.4435
365.50,10.4210
366.00,10.4069
366.50,10.4013
367.00,10.4003
367.50,10.3996
368.00,10.3982
368.50,10.3986
369.00,10.4054
369.50,10.4239
370.00,10.4557
370.50,10.4940
371.00,10.5252
371.50,10.5367
372.00,10.5261
372.50,10.5029
373.00,10.4805
373.50,10.4670
374.00,10.4629
374.50,10.4652
375.00,10.4714
375.50,10.4807
376.00,10.4927
376.50,10.5060
377.00,10.5198
377.50,10.5343
378.00,10.5501
378.50,10.5669
379.00,10.5822
379.50,10.5920
380.00,10.5919
380.50,10.5807
381.00,10.5634
381.50,10.5510
382.00,10.5544
382.50,10.5773
383.00,10.6140
383.50,10.6547
384.00,10.6924
384.50,10.7262
385.00,10.7593
385.50,10.7940
386.00,10.8300
386.50,10.8643
387.00,10.8941
387.50,10.9185
388.00,10.9384
388.50,10.9553
389.00,10.9698
389.50,10.9818
390.00,10.9911
390.50,10.9984
391.00,11.0038
391.50,11.0065
392.00,11.0058
392.50,11.0017
393.00,10.9952
393.50,10.9901
394.00,10.9928
394.50,11.0092
395.00,11.0385
395.50,11.0727
396.00,11.1021
396.50,11.1226
397.00,11.1379
397.50,11.1551
398.00,11.1793
398.50,11.2098
399.00,11.2420
399.50,11.2716
400.00,11.2974
400.50,11.3221
401.00,11.3478
401.50,11.3739
402.00,11.3969
402.50,11.4125
403.00,11.4173
403.50,11.4092
404.00,11.3895
404.50,11.3654
405.00,11.3495
405.50,11.3544
406.00,11.3837
406.50,11.4286
407.00,11.4735
407.50,11.5066
408.00,11.5258
408.50,11.5378
409.00,11.5511
409.50,11.5703
410.00,11.5937
410.50,11.6156
411.00,11.6298
411.50,11.6339
412.00,11.6313
412.50,11.6283
413.00,11.6292
413.50,11.6329
414.00,11.6347
414.50,11.6314
415.00,11.6263
415.50,11.6279
416.00,11.6432
416.50,11.6716
417.00,11.7038
417.50,11.7289
418.00,11.7418
418.50,11.7454
419.00,11.7485
419.50,11.7585
420.00,11.7765
420.50,11.7958
421.00,11.8079
421.50,11.8097
422.00,11.8059
422.50,11.8043
423.00,11.8077
423.50,11.8133
424.00,11.8173
424.50,11.8202
425.00,11.8275
425.50,11.8459
426.00,11.8786
426.50,11.9231
427.00,11.9727
427.50,12.0191
428.00,12.0561
428.50,12.0816
429.00,12.0977
429.50,12.1080
430.00,12.1158
430.50,12.1237
431.00,12.1335
431.50,12.1453
432.00,12.1572
432.50,12.1657
433.00,12.1674
433.50,12.1616
434.00,12.1510
434.50,12.1405
435.00,12.1348
435.50,12.1363
436.00,12.1456
436.50,12.1625
437.00,12.1849
437.50,12.2087
438.00,12.2283
438.50,12.2399
439.00,12.2457
439.50,12.2536
440.00,12.2720
440.50,12.3044
441.00,12.3462
441.50,12.3869
442.00,12.4157
442.50,12.4279
443.00,12.4257
443.50,12.4160
444.00,12.4067
444.50,12.4058
445.00,12.4189
445.50,12.4450
446.00,12.4753
446.50,12.4974
447.00,12.5039
447.50,12.4966
448.00,12.4863
448.50,12.4861
449.00,12.5038
449.50,12.5379
450.00,12.5789
450.50,12.6162
451.00,12.6441
451.50,12.6640
452.00,12.6815
452.50,12.7018
453.00,12.7246
453.50,12.7442
454.00,12.7548
454.50,12.7559
455.00,12.7539
455.50,12.7557
456.00,12.7627
456.50,12.7702
457.00,12.7748
457.50,12.7784
458.00,12.7873
458.50,12.8048
459.00,12.8292
459.50,12.8557
460.00,12.8808
460.50,12.9023
461.00,12.9183
461.50,12.9251
462.00,12.9196
462.50,12.9031
463.00,12.8839
463.50,12.8749
464.00,12.8858
464.50,12.9157
465.00,12.9538
465.50,12.9867
466.00,13.0068
466.50,13.0157
467.00,13.0215
467.50,13.0323
468.00,13.0514
468.50,13.0751
469.00,13.0971
469.50,13.1136
470.00,13.1257
470.50,13.1376
471.00,13.1522
471.50,13.1688
472.00,13.1839
472.50,13.1940
473.00,13.1981
473.50,13.1987
474.00,13.2022
474.50,13.2156
475.00,13.2430
475.50,13.2805
476.00,13.3169
476.50,13.3402
477.00,13.3456
477.50,13.3381
478.00,13.3279
478.50,13.3228
479.00,13.3235
479.50,13.3251
480.00,13.3217
480.50,13.3121
481.00,13.3001
481.50,13.2931
482.00,13.2972
482.50,13.3147
483.00,13.3424
483.50,13.3721
484.00,13.3945
484.50,13.4049
485.00,13.4057
485.50,13.4034
486.00,13.4014
486.50,13.3973
487.00,13.3861
487.50,13.3676
488.00,13.3479
488.50,13.3353
489.00,13.3330
489.50,13.3374
490.00,13.3417
490.50,13.3417
491.00,13.3376
491.50,13.3333
492.00,13.3332
492.50,13.3404
493.00,13.3541
493.50,13.3698
494.00,13.3817
494.50,13.3883
495.00,13.3937
495.50,13.4038
496.00,13.4202
496.50,13.4382
497.00,13.4503
497.50,13.4516
498.00,13.4442
498.50,13.4337
499.00,13.4257
499.50,13.4214
500.00,13.4197
500.50,13.4193
501.00,13.4204
501.50,13.4242
502.00,13.4309
502.50,13.4397
503.00,13.4499
503.50,13.4615
504.00,13.4750
504.50,13.4902
505.00,13.5061
505.50,13.5218
506.00,13.5380
506.50,13.5552
507.00,13.5720
507.50,13.5846
508.00,13.5902
508.50,13.5905
509.00,13.5915
509.50,13.6004
510.00,13.6188
510.50,13.6406
511.00,13.6569
511.50,13.6633
512.00,13.6647
512.50,13.6708
513.00,13.6897
513.50,13.7223
514.00,13.7628
514.50,13.8023
515.00,13.8333
515.50,13.8506
516.00,13.8534
516.50,13.8443
517.00,13.8288
517.50,13.8120
518.00,13.7969
518.50,13.7843
519.00,13.7741
519.50,13.7678
520.00,13.7672
520.50,13.7733
521.00,13.7849
521.50,13.7994
522.00,13.8117
522.50,13.8167
523.00,13.8115
523.50,13.7990
524.00,13.7868
524.50,13.7826
525.00,13.7909
525.50,13.8110
526.00,13.8367
526.50,13.8574
527.00,13.8618
527.50,13.8457
528.00,13.8160
528.50,13.7875
529.00,13.7728
529.50,13.7743
530.00,13.7857
530.50,13.7982
531.00,13.8063
531.50,13.8084
532.00,13.8046
532.50,13.7957
533.00,13.7836
533.50,13.7709
534.00,13.7591
534.50,13.7467
535.00,13.7305
535.50,13.7097
536.00,13.6897
536.50,13.6792
537.00,13.6846
537.50,13.7065
538.00,13.7394
538.50,13.7750
539.00,13.8055
539.50,13.8275
540.00,13.8437
540.50,13.8601
541.00,13.8798
541.50,13.9014
542.00,13.9217
542.50,13.9404
543.00,13.9617
543.50,13.9913
544.00,14.0316
544.50,14.0780
545.00,14.1207
545.50,14.1501
546.00,14.1628
546.50,14.1630
547.00,14.1598
547.50,14.1610
548.00,14.1693
548.50,14.1828
549.00,14.1972
549.50,14.2074
550.00,14.2092
550.50,14.2021
551.00,14.1902
551.50,14.1802
552.00,14.1764
552.50,14.1783
553.00,14.1828
553.50,14.1887
554.00,14.1991
554.50,14.2184
555.00,14.2459
555.50,14.2735
556.00,14.2897
556.50,14.2887
557.00,14.2757
557.50,14.2656
558.00,14.2736
558.50,14.3027
559.00,14.3392
559.50,14.3612
560.00,14.3541
560.50,14.3213
561.00,14.2811
561.50,14.2540
562.00,14.2530
562.50,14.2798
563.00,14.3286
563.50,14.3896
564.00,14.4519
564.50,14.5043
565.00,14.5377
565.50,14.5497
566.00,14.5464
566.50,14.5405
567.00,14.5438
567.50,14.5616
568.00,14.5904
568.50,14.6208
569.00,14.6418
569.50,14.6471
570.00,14.6398
570.50,14.6304
571.00,14.6299
571.50,14.6420
572.00,14.6612
572.50,14.6776
573.00,14.6827
573.50,14.6743
574.00,14.6580
574.50,14.6446
575.00,14.6418
575.50,14.6477
576.00,14.6517
576.50,14.6459
577.00,14.6343
577.50,14.6306
578.00,14.6459
578.50,14.6801
579.00,14.7231
579.50,14.7627
580.00,14.7888
580.50,14.7955
581.00,14.7835
581.50,14.7609
582.00,14.7401
582.50,14.7303
583.00,14.7318
583.50,14.7396
584.00,14.7488
584.50,14.7596
585.00,14.7741
585.50,14.7917
586.00,14.8080
586.50,14.8186
587.00,14.8228
587.50,14.8246
588.00,14.8283
588.50,14.8347
589.00,14.8403
589.50,14.8385
590.00,14.8248
590.50,14.8011
591.00,14.7770
591.50,14.7642
592.00,14.7689
592.50,14.7875
593.00,14.8110
593.50,14.8319
594.00,14.8491
594.50,14.8654
595.00,14.8834
595.50,14.9036
596.00,14.9244
596.50,14.9435
597.00,14.9583
597.50,14.9672
598.00,14.9697
598.50,14.9660
599.00,14.9570
599.50,14.9443
600.00,14.9304
600.50,14.9192
601.00,14.9154
601.50,14.9227
602.00,14.9411
602.50,14.9662
603.00,14.9910
603.50,15.0099
604.00,15.0208
604.50,15.0255
605.00,15.0270
605.50,15.0268
606.00,15.0250
606.50,15.0220
607.00,15.0201
607.50,15.0225
608.00,15.0311
608.50,15.0449
609.00,15.0613
609.50,15.0770
610.00,15.0881
610.50,15.0913
611.00,15.0856
611.50,15.0738
612.00,15.0612
612.50,15.0539
613.00,15.0561
613.50,15.0696
614.00,15.0917
614.50,15.1164
615.00,15.1369
615.50,15.1502
616.00,15.1579
616.50,15.1628
617.00,15.1650
617.50,15.1632
618.00,15.1589
618.50,15.1582
619.00,15.1685
619.50,15.1907
620.00,15.2166
620.50,15.2322
621.00,15.2271
621.50,15.2023
622.00,15.1705
622.50,15.1480
623.00,15.1434
623.50,15.1529
624.00,15.1640
624.50,15.1640
625.00,15.1481
625.50,15.1217
626.00,15.0966
626.50,15.0819
627.00,15.0763
627.50,15.0701
628.00,15.0556
628.50,15.0337
629.00,15.0108
629.50,14.9914
630.00,14.9751
630.50,14.9598
631.00,14.9452
631.50,14.9317
632.00,14.9178
632.50,14.9004
633.00,14.8788
633.50,14.8553
634.00,14.8338
634.50,14.8160
635.00,14.8008
635.50,14.7857
636.00,14.7704
636.50,14.7575
637.00,14.7514
637.50,14.7551
638.00,14.7684
638.50,14.7874
639.00,14.8063
639.50,14.8185
640.00,14.8200
640.50,14.8122
641.00,14.8006
641.50,14.7906
642.00,14.7809
642.50,14.7649
643.00,14.7360
643.50,14.6950
644.00,14.6503
644.50,14.6129
645.00,14.5899
645.50,14.5820
646.00,14.5838
646.50,14.5867
647.00,14.5835
647.50,14.5718
648.00,14.5548
648.50,14.5384
649.00,14.5285
649.50,14.5295
650.00,14.5423
650.50,14.5627
651.00,14.5812
651.50,14.5886
652.00,14.5829
652.50,14.5704
653.00,14.5595
653.50,14.5536
654.00,14.5493
654.50,14.5423
655.00,14.5317
655.50,14.5196
656.00,14.5072
656.50,14.4955
657.00,14.4869
657.50,14.4850
658.00,14.4903
658.50,14.4990
659.00,14.5056
659.50,14.5078
660.00,14.5061
660.50,14.5016
661.00,14.4933
661.50,14.4811
662.00,14.4681
662.50,14.4608
663.00,14.4640
663.50,14.4780
664.00,14.4987
664.50,14.5211
665.00,14.5421
665.50,14.5613
666.00,14.5795
666.50,14.5967
667.00,14.6111
667.50,14.6200
668.00,14.6226
668.50,14.6215
669.00,14.6210
669.50,14.6241
670.00,14.6316
670.50,14.6431
671.00,14.6569
671.50,14.6709
672.00,14.6824
672.50,14.6907
673.00,14.6980
673.50,14.7074
674.00,14.7190
674.50,14.7291
675.00,14.7327
675.50,14.7281
676.00,14.7179
676.50,14.7080
677.00,14.7032
677.50,14.7047
678.00,14.7108
678.50,14.7179
679.00,14.7221
679.50,14.7202
680.00,14.7113
680.50,14.6988
681.00,14.6889
681.50,14.6867
682.00,14.6912
682.50,14.6967
683.00,14.6984
683.50,14.6973
684.00,14.7001
684.50,14.7141
685.00,14.7407
685.50,14.7734
686.00,14.8009
686.50,14.8144
687.00,14.8127
687.50,14.8024
688.00,14.7929
688.50,14.7917
689.00,14.8009
689.50,14.8179
690.00,14.8372
690.50,14.8534
691.00,14.8643
691.50,14.8717
692.00,14.8798
692.50,14.8923
693.00,14.9104
693.50,14.9315
694.00,14.9518
694.50,14.9689
695.00,14.9840
695.50,15.0005
696.00,15.0196
696.50,15.0377
697.00,15.0484
697.50,15.0488
698.00,15.0429
698.50,15.0389
699.00,15.0425
699.50,15.0552
700.00,15.0766
700.50,15.1062
701.00,15.1416
701.50,15.1760
702.00,15.1997
702.50,15.2073
703.00,15.2020
703.50,15.1953
704.00,15.1990
704.50,15.2180
705.00,15.2473
705.50,15.2762
706.00,15.2953
706.50,15.3004
707.00,15.2925
707.50,15.2747
708.00,15.2510
708.50,15.2271
709.00,15.2096
709.50,15.2026
710.00,15.2051
710.50,15.2115
711.00,15.2156
711.50,15.2145
712.00,15.2077
712.50,15.1957
713.00,15.1790
713.50,15.1609
714.00,15.1466
714.50,15.1413
715.00,15.1463
715.50,15.1585
716.00,15.1715
716.50,15.1784
717.00,15.1757
717.50,15.1662
718.00,15.1578
718.50,15.1564
719.00,15.1618
719.50,15.1695
720.00,15.1758
720.50,15.1810
721.00,15.1858
721.50,15.1885
722.00,15.1857
722.50,15.1773
723.00,15.1686
723.50,15.1668
724.00,15.1760
724.50,15.1942
725.00,15.2166
725.50,15.2396
726.00,15.2626
726.50,15.2853
727.00,15.3059
727.50,15.3204
728.00,15.3259
728.50,15.3234
729.00,15.3189
729.50,15.3212
730.00,15.3378
730.50,15.3711
731.00,15.4182
731.50,15.4722
732.00,15.5240
732.50,15.5655
733.00,15.5929
733.50,15.6092
734.00,15.6209
734.50,15.6325
735.00,15.6438
735.50,15.6529
736.00,15.6595
736.50,15.6652
737.00,15.6708
737.50,15.6753
738.00,15.6762
738.50,15.6717
739.00,15.6615
739.50,15.6469
740.00,15.6306
740.50,15.6149
741.00,15.6010
741.50,15.5885
742.00,15.5779
742.50,15.5697
743.00,15.5633
743.50,15.5561
744.00,15.5454
744.50,15.5314
745.00,15.5177
745.50,15.5089
746.00,15.5077
746.50,15.5118
747.00,15.5167
747.50,15.5191
748.00,15.5201
748.50,15.5238
749.00,15.5347
749.50,15.5538
750.00,15.5763
750.50,15.5927
751.00,15.5955
751.50,15.5860
752.00,15.5755
752.50,15.5776
753.00,15.5989
753.50,15.6342
754.00,15.6715
754.50,15.6992
755.00,15.7115
755.50,15.7106
756.00,15.7051
756.50,15.7046
757.00,15.7135
757.50,15.7295
758.00,15.7477
758.50,15.7654
759.00,15.7830
759.50,15.8029
760.00,15.8279
760.50,15.8591
761.00,15.8949
761.50,15.9311
762.00,15.9626
762.50,15.9868
763.00,16.0044
763.50,16.0176
764.00,16.0276
764.50,16.0338
765.00,16.0360
765.50,16.0383
766.00,16.0461
766.50,16.0612
767.00,16.0786
767.50,16.0909
768.00,16.0946
768.50,16.0929
769.00,16.0925
769.50,16.0992
770.00,16.1147
770.50,16.1362
771.00,16.1585
771.50,16.1776
772.00,16.1932
772.50,16.2066
773.00,16.2165
773.50,16.2180
774.00,16.2064
774.50,16.1823
775.00,16.1529
775.50,16.1274
776.00,16.1116
776.50,16.1049
777.00,16.1020
777.50,16.0984
778.00,16.0932
778.50,16.0898
779.00,16.0910
779.50,16.0964
780.00,16.1027
780.50,16.1075
781.00,16.1110
781.50,16.1151
782.00,16.1226
782.50,16.1357
783.00,16.1541
783.50,16.1728
784.00,16.1831
784.50,16.1787
785.00,16.1618
785.50,16.1411
786.00,16.1259
786.50,16.1197
787.00,16.1208
787.50,16.1256
788.00,16.1313
788.50,16.1368
789.00,16.1435
789.50,16.1549
790.00,16.1727
790.50,16.1942
791.00,16.2119
791.50,16.2182
792.00,16.2109
792.50,16.1956
793.00,16.1815
793.50,16.1756
794.00,16.1794
794.50,16.1893
795.00,16.2008
795.50,16.2105
796.00,16.2170
796.50,16.2223
797.00,16.2304
797.50,16.2456
798.00,16.2703
798.50,16.3033
799.00,16.3409
799.50,16.3769
800.00,16.4049
800.50,16.4215
801.00,16.4282
801.50,16.4298
802.00,16.4297
802.50,16.4295
803.00,16.4312
803.50,16.4394
804.00,16.4576
804.50,16.4840
805.00,16.5118
805.50,16.5340
806.00,16.5470
806.50,16.5499
807.00,16.5434
807.50,16.5288
808.00,16.5106
808.50,16.4967
809.00,16.4951
809.50,16.5088
810.00,16.5335
810.50,16.5611
811.00,16.5844
811.50,16.6010
812.00,16.6134
812.50,16.6263
813.00,16.6442
813.50,16.6683
814.00,16.6953
814.50,16.7183
815.00,16.7303
815.50,16.7279
816.00,16.7129
816.50,16.6906
817.00,16.6679
817.50,16.6508
818.00,16.6434
818.50,16.6466
819.00,16.6574
819.50,16.6690
820.00,16.6756
820.50,16.6756
821.00,16.6727
821.50,16.6721
822.00,16.6766
822.50,16.6861
823.00,16.6996
823.50,16.7152
824.00,16.7294
824.50,16.7369
825.00,16.7340
825.50,16.7224
826.00,16.7097
826.50,16.7078
827.00,16.7273
827.50,16.7720
828.00,16.8354
828.50,16.9015
829.00,16.9539
829.50,16.9856
830.00,17.0014
830.50,17.0122
831.00,17.0259
831.50,17.0434
832.00,17.0626
832.50,17.0817
833.00,17.0999
833.50,17.1164
834.00,17.1306
834.50,17.1431
835.00,17.1560
835.50,17.1706
836.00,17.1861
836.50,17.1995
837.00,17.2088
837.50,17.2167
838.00,17.2295
838.50,17.2518
839.00,17.2798
839.50,17.3029
840.00,17.3113
840.50,17.3038
841.00,17.2892
841.50,17.2795
842.00,17.2830
842.50,17.3010
843.00,17.3293
843.50,17.3617
844.00,17.3930
844.50,17.4209
845.00,17.4462
845.50,17.4708
846.00,17.4947
846.50,17.5158
847.00,17.5331
847.50,17.5494
848.00,17.5705
848.50,17.6001
849.00,17.6362
849.50,17.6725
850.00,17.7009
850.50,17.7158
851.00,17.7162
851.50,17.7083
852.00,17.7031
852.50,17.7082
853.00,17.7203
853.50,17.7282
854.00,17.7242
854.50,17.7122
855.00,17.7036
855.50,17.7052
856.00,17.7139
856.50,17.7213
857.00,17.7219
857.50,17.7184
858.00,17.7170
858.50,17.7215
859.00,17.7292
859.50,17.7334
860.00,17.7295
860.50,17.7177
861.00,17.7023
861.50,17.6882
862.00,17.6789
862.50,17.6751
863.00,17.6756
863.50,17.6781
864.00,17.6806
864.50,17.6823
865.00,17.6821
865.50,17.6773
866.00,17.6646
866.50,17.6434
867.00,17.6179
867.50,17.5951
868.00,17.5816
868.50,17.5820
869.00,17.5979
869.50,17.6275
870.00,17.6643
870.50,17.6983
871.00,17.7213
871.50,17.7304
872.00,17.7300
872.50,17.7271
873.00,17.7279
873.50,17.7350
874.00,17.7492
874.50,17.7696
875.00,17.7929
875.50,17.8143
876.00,17.8294
876.50,17.8356
877.00,17.8330
877.50,17.8253
878.00,17.8199
878.50,17.8248
879.00,17.8434
879.50,17.8722
880.00,17.9037
880.50,17.9323
881.00,17.9577
881.50,17.9829
882.00,18.0099
882.50,18.0378
883.00,18.0624
883.50,18.0809
884.00,18.0949
884.50,18.1097
885.00,18.1297
885.50,18.1549
886.00,18.1817
886.50,18.2070
887.00,18.2306
887.50,18.2536
888.00,18.2755
888.50,18.2953
889.00,18.3123
889.50,18.3273
890.00,18.3413
890.50,18.3553
891.00,18.3709
891.50,18.3901
892.00,18.4128
892.50,18.4348
893.00,18.4490
893.50,18.4487
894.00,18.4322
894.50,18.4048
895.00,18.3746
895.50,18.3471
896.00,18.3226
896.50,18.2993
897.00,18.2786
897.50,18.2647
898.00,18.2607
898.50,18.2642
899.00,18.2702
899.50,18.2759
900.00,18.2825
900.50,18.2925
901.00,18.3053
901.50,18.3175
902.00,18.3254
902.50,18.3292
903.00,18.3313
903.50,18.3345
904.00,18.3385
904.50,18.3417
905.00,18.3431
905.50,18.3443
906.00,18.3484
906.50,18.3579
907.00,18.3725
907.50,18.3898
908.00,18.4068
908.50,18.4231
909.00,18.4399
909.50,18.4581
910.00,18.4754
910.50,18.4871
911.00,18.4889
911.50,18.4803
912.00,18.4651
912.50,18.4490
913.00,18.4369
913.50,18.4314
914.00,18.4321
914.50,18.4345
915.00,18.4331
915.50,18.4256
916.00,18.4156
916.50,18.4101
917.00,18.4138
917.50,18.4259
918.00,18.4398
918.50,18.4469
919.00,18.4414
919.50,18.4235
920.00,18.3991
920.50,18.3765
921.00,18.3620
921.50,18.3559
922.00,18.3535
922.50,18.3493
923.00,18.3402
923.50,18.3260
924.00,18.3071
924.50,18.2836
925.00,18.2576
925.50,18.2348
926.00,18.2211
926.50,18.2187
927.00,18.2244
927.50,18.2328
928.00,18.2409
928.50,18.2495
929.00,18.2608
929.50,18.2750
930.00,18.2890
930.50,18.2993
931.00,18.3051
931.50,18.3089
932.00,18.3128
932.50,18.3161
933.00,18.3165
933.50,18.3125
934.00,18.3048
934.50,18.2948
935.00,18.2846
935.50,18.2780
936.00,18.2792
936.50,18.2907
937.00,18.3113
937.50,18.3362
938.00,18.3583
938.50,18.3722
939.00,18.3763
939.50,18.3743
940.00,18.3732
940.50,18.3791
941.00,18.3936
941.50,18.4122
942.00,18.4276
942.50,18.4336
943.00,18.4298
943.50,18.4201
944.00,18.4080
944.50,18.3940
945.00,18.3778
945.50,18.3624
946.00,18.3543
946.50,18.3581
947.00,18.3713
947.50,18.3865
948.00,18.3981
948.50,18.4060
949.00,18.4141
949.50,18.4252
950.00,18.4400
950.50,18.4578
951.00,18.4774
951.50,18.4970
952.00,18.5146
952.50,18.5289
953.00,18.5393
953.50,18.5460
954.00,18.5482
954.50,18.5446
955.00,18.5348
955.50,18.5216
956.00,18.5094
956.50,18.5021
957.00,18.5003
957.50,18.5019
958.00,18.5044
958.50,18.5052
959.00,18.5021
959.50,18.4944
960.00,18.4837
960.50,18.4737
961.00,18.4679
961.50,18.4679
962.00,18.4729
962.50,18.4807
963.00,18.4892
963.50,18.4967
964.00,18.5019
964.50,18.5035
965.00,18.5006
965.50,18.4953
966.00,18.4927
966.50,18.4976
967.00,18.5093
967.50,18.5198
968.00,18.5189
968.50,18.5030
969.00,18.4776
969.50,18.4532
970.00,18.4379
970.50,18.4348
971.00,18.4434
971.50,18.4617
972.00,18.4866
972.50,18.5138
973.00,18.5374
973.50,18.5519
974.00,18.5548
974.50,18.5487
975.00,18.5406
975.50,18.5381
976.00,18.5446
976.50,18.5590
977.00,18.5775
977.50,18.5964
978.00,18.6122
978.50,18.6200
979.00,18.6148
979.50,18.5951
980.00,18.5658
980.50,18.5363
981.00,18.5149
981.50,18.5037
982.00,18.4989
982.50,18.4942
983.00,18.4852
983.50,18.4718
984.00,18.4568
984.50,18.4433
985.00,18.4344
985.50,18.4330
986.00,18.4413
986.50,18.4592
987.00,18.4826
987.50,18.5049
988.00,18.5191
988.50,18.5207
989.00,18.5108
989.50,18.4962
990.00,18.4855
990.50,18.4825
991.00,18.4829
991.50,18.4788
992.00,18.4659
992.50,18.4481
993.00,18.4346
993.50,18.4314
994.00,18.4373
994.50,18.4451
995.00,18.4494
995.50,18.4504
996.00,18.4535
996.50,18.4640
997.00,18.4835
997.50,18.5084
998.00,18.5323
998.50,18.5492
999.00,18.5561
999.50,18.5544
1000.00,18.5499
1000.50,18.5506
1001.00,18.5615
1001.50,18.5809
1002.00,18.6018
1002.50,18.6178
1003.00,18.6285
1003.50,18.6377
1004.00,18.6479
1004.50,18.6561
1005.00,18.6569
1005.50,18.6483
1006.00,18.6350
1006.50,18.6265
1007.00,18.6300
1007.50,18.6451
1008.00,18.6643
1008.50,18.6798
1009.00,18.6890
1009.50,18.6946
1010.00,18.7004
1010.50,18.7088
1011.00,18.7212
1011.50,18.7386
1012.00,18.7619
1012.50,18.7919
1013.00,18.8295
1013.50,18.8752
1014.00,18.9256
1014.50,18.9724
1015.00,19.0054
1015.50,19.0181
1016.00,19.0114
1016.50,18.9910
1017.00,18.9636
1017.50,18.9347
1018.00,18.9094
1018.50,18.8918
1019.00,18.8847
1019.50,18.8877
1020.00,18.8972
1020.50,18.9089
1021.00,18.9194
1021.50,18.9271
1022.00,18.9298
1022.50,18.9252
1023.00,18.9126
1023.50,18.8966
1024.00,18.8836
1024.50,18.8764
1025.00,18.8719
1025.50,18.8646
1026.00,18.8506
1026.50,18.8297
1027.00,18.8045
1027.50,18.7788
1028.00,18.7560
1028.50,18.7385
1029.00,18.7246
1029.50,18.7099
1030.00,18.6900
1030.50,18.6652
1031.00,18.6418
1031.50,18.6267
1032.00,18.6218
1032.50,18.6209
1033.00,18.6150
1033.50,18.5993
1034.00,18.5764
1034.50,18.5531
1035.00,18.5357
1035.50,18.5267
1036.00,18.5252
1036.50,18.5295
1037.00,18.5378
1037.50,18.5481
1038.00,18.5565
1038.50,18.5593
1039.00,18.5540
1039.50,18.5410
1040.00,18.5225
1040.50,18.5044
1041.00,18.4944
1041.50,18.4983
1042.00,18.5139
1042.50,18.5315
1043.00,18.5396
1043.50,18.5317
1044.00,18.5089
1044.50,18.4772
1045.00,18.4431
1045.50,18.4098
1046.00,18.3782
1046.50,18.3493
1047.00,18.3255
1047.50,18.3098
1048.00,18.3043
1048.50,18.3105
1049.00,18.3293
1049.50,18.3592
1050.00,18.3946
1050.50,18.4275
1051.00,18.4517
1051.50,18.4675
1052.00,18.4808
1052.50,18.4981
1053.00,18.5214
1053.50,18.5478
1054.00,18.5732
1054.50,18.5989
1055.00,18.6305
1055.50,18.6731
1056.00,18.7242
1056.50,18.7741
1057.00,18.8123
1057.50,18.8359
1058.00,18.8494
1058.50,18.8597
1059.00,18.8701
1059.50,18.8800
1060.00,18.8876
1060.50,18.8927
1061.00,18.8961
1061.50,18.8989
1062.00,18.9030
1062.50,18.9141
1063.00,18.9434
1063.50,19.0069
1064.00,19.1194
1064.50,19.2876
1065.00,19.5043
1065.50,19.7502
1066.00,20.0017
1066.50,20.2373
1067.00,20.4402
1067.50,20.5996
1068.00,20.7106
1068.50,20.7756
1069.00,20.8042
1069.50,20.8115
1070.00,20.8139
1070.50,20.8234
1071.00,20.8425
1071.50,20.8658
1072.00,20.8860
1072.50,20.8997
1073.00,20.9077
1073.50,20.9128
1074.00,20.9172
1074.50,20.9212
1075.00,20.9241
1075.50,20.9243
1076.00,20.9207
1076.50,20.9135
1077.00,20.9042
1077.50,20.8939
1078.00,20.8826
1078.50,20.8688
1079.00,20.8514
1079.50,20.8308
1080.00,20.8092
1080.50,20.7898
1081.00,20.7752
1081.50,20.7661
1082.00,20.7614
1082.50,20.7581
1083.00,20.7530
1083.50,20.7449
1084.00,20.7359
1084.50,20.7311
1085.00,20.7341
1085.50,20.7434
1086.00,20.7535
1086.50,20.7592
1087.00,20.7596
1087.50,20.7562
1088.00,20.7484
1088.50,20.7318
1089.00,20.7039
1089.50,20.6694
1090.00,20.6391
1090.50,20.6216
1091.00,20.6154
1091.50,20.6112
1092.00,20.5994
1092.50,20.5761
1093.00,20.5429
1093.50,20.5046
1094.00,20.4677
1094.50,20.4396
1095.00,20.4250
1095.50,20.4248
1096.00,20.4379
1096.50,20.4637
1097.00,20.5009
1097.50,20.5436
1098.00,20.5813
1098.50,20.6047
1099.00,20.6112
1099.50,20.6036
1100.00,20.5868
1100.50,20.5661
1101.00,20.5490
1101.50,20.5430
1102.00,20.5508
1102.50,20.5671
1103.00,20.5817
1103.50,20.5877
1104.00,20.5857
1104.50,20.5803
1105.00,20.5738
1105.50,20.5640
1106.00,20.5499
1106.50,20.5364
1107.00,20.5320
1107.50,20.5411
1108.00,20.5601
1108.50,20.5806
1109.00,20.5958
1109.50,20.6037
1110.00,20.6058
1110.50,20.6051
1111.00,20.6049
1111.50,20.6082
1112.00,20.6162
1112.50,20.6277
1113.00,20.6398
1113.50,20.6483
1114.00,20.6498
1114.50,20.6441
1115.00,20.6362
1115.50,20.6345
1116.00,20.6456
1116.50,20.6705
1117.00,20.7042
1117.50,20.7392
1118.00,20.7693
1118.50,20.7910
1119.00,20.8039
1119.50,20.8095
1120.00,20.8110
1120.50,20.8121
1121.00,20.8153
1121.50,20.8218
1122.00,20.8298
1122.50,20.8344
1123.00,20.8296
1123.50,20.8132
1124.00,20.7902
1124.50,20.7692
1125.00,20.7560
1125.50,20.7506
1126.00,20.7513
1126.50,20.7592
1127.00,20.7773
1127.50,20.8058
1128.00,20.8398
1128.50,20.8717
1129.00,20.8960
1129.50,20.9117
1130.00,20.9207
1130.50,20.9257
1131.00,20.9288
1131.50,20.9322
1132.00,20.9377
1132.50,20.9444
1133.00,20.9482
1133.50,20.9438
1134.00,20.9285
1134.50,20.9023
1135.00,20.8670
1135.50,20.8249
1136.00,20.7813
1136.50,20.7444
1137.00,20.7222
1137.50,20.7155
1138.00,20.7174
1138.50,20.7173
1139.00,20.7070
1139.50,20.6835
1140.00,20.6488
1140.50,20.6078
1141.00,20.5679
1141.50,20.5369
1142.00,20.5193
1142.50,20.5134
1143.00,20.5136
1143.50,20.5139
1144.00,20.5128
1144.50,20.5131
1145.00,20.5182
1145.50,20.5289
1146.00,20.5423
1146.50,20.5542
1147.00,20.5603
1147.50,20.5582
1148.00,20.5490
1148.50,20.5382
1149.00,20.5331
1149.50,20.5373
1150.00,20.5483
1150.50,20.5597
1151.00,20.5664
1151.50,20.5666
1152.00,20.5607
1152.50,20.5494
1153.00,20.5344
1153.50,20.5183
1154.00,20.5043
1154.50,20.4939
1155.00,20.4864
1155.50,20.4809
1156.00,20.4776
1156.50,20.4785
1157.00,20.4845
1157.50,20.4944
1158.00,20.5033
1158.50,20.5046
1159.00,20.4938
1159.50,20.4717
1160.00,20.4446
1160.50,20.4196
1161.00,20.4003
1161.50,20.3846
1162.00,20.3682
1162.50,20.3496
1163.00,20.3328
1163.50,20.3265
1164.00,20.3378
1164.50,20.3667
1165.00,20.4041
1165.50,20.4368
1166.00,20.4559
1166.50,20.4624
1167.00,20.4644
1167.50,20.4699
1168.00,20.4811
1168.50,20.4941
1169.00,20.5033
1169.50,20.5059
1170.00,20.5027
1170.50,20.4979
1171.00,20.4974
1171.50,20.5049
1172.00,20.5193
1172.50,20.5340
1173.00,20.5416
1173.50,20.5392
1174.00,20.5305
1174.50,20.5209
1175.00,20.5127
1175.50,20.5038
1176.00,20.4904
1176.50,20.4702
1177.00,20.4452
1177.50,20.4209
1178.00,20.4042
1178.50,20.3991
1179.00,20.4038
1179.50,20.4114
1180.00,20.4142
1180.50,20.4095
1181.00,20.4005
1181.50,20.3921
1182.00,20.3855
1182.50,20.3771
1183.00,20.3629
1183.50,20.3426
1184.00,20.3207
1184.50,20.3010
1185.00,20.2845
1185.50,20.2702
1186.00,20.2581
1186.50,20.2487
1187.00,20.2410
1187.50,20.2320
1188.00,20.2198
1188.50,20.2070
1189.00,20.1999
1189.50,20.2039
1190.00,20.2196
1190.50,20.2421
1191.00,20.2638
1191.50,20.2777
1192.00,20.2791
1192.50,20.2666
1193.00,20.2432
1193.50,20.2158
1194.00,20.1932
1194.50,20.1816
1195.00,20.1820
1195.50,20.1891
1196.00,20.1939
1196.50,20.1881
1197.00,20.1695
1197.50,20.1425
1198.00,20.1152
1198.50,20.0940
1199.00,20.0816
1199.50,20.0760
1200.00,20.0723
1200.50,20.0636
1201.00,20.0449
1201.50,20.0154
1202.00,19.9793
1202.50,19.9425
1203.00,19.9088
1203.50,19.8780
1204.00,19.8466
1204.50,19.8117
1205.00,19.7734
1205.50,19.7350
1206.00,19.6995
1206.50,19.6673
1207.00,19.6361
1207.50,19.6040
1208.00,19.5720
1208.50,19.5432
1209.00,19.5189
1209.50,19.4963
1210.00,19.4706
1210.50,19.4397
1211.00,19.4045
1211.50,19.3675
1212.00,19.3313
1212.50,19.2998
1213.00,19.2776
1213.50,19.2676
1214.00,19.2680
1214.50,19.2739
1215.00,19.2804
1215.50,19.2857
1216.00,19.2906
1216.50,19.2974
1217.00,19.3080
1217.50,19.3233
1218.00,19.3412
1218.50,19.3579
1219.00,19.3711
1219.50,19.3827
1220.00,19.3979
1220.50,19.4209
1221.00,19.4524
1221.50,19.4879
1222.00,19.5210
1222.50,19.5481
1223.00,19.5720
1223.50,19.5992
1224.00,19.6330
1224.50,19.6701
1225.00,19.7040
1225.50,19.7309
1226.00,19.7519
1226.50,19.7691
1227.00,19.7834
1227.50,19.7952
1228.00,19.8055
1228.50,19.8161
1229.00,19.8277
1229.50,19.8395
1230.00,19.8490
1230.50,19.8541
1231.00,19.8557
1231.50,19.8588
1232.00,19.8693
1232.50,19.8896
1233.00,19.9174
1233.50,19.9474
1234.00,19.9738
1234.50,19.9923
1235.00,19.9999
1235.50,19.9944
1236.00,19.9748
1236.50,19.9425
1237.00,19.9022
1237.50,19.8613
1238.00,19.8264
1238.50,19.8001
1239.00,19.7795
1239.50,19.7583
1240.00,19.7311
1240.50,19.6961
1241.00,19.6567
1241.50,19.6184
1242.00,19.5860
1242.50,19.5605
1243.00,19.5388
1243.50,19.5168
1244.00,19.4925
1244.50,19.4677
1245.00,19.4466
1245.50,19.4327
1246.00,19.4264
1246.50,19.4248
1247.00,19.4241
1247.50,19.4226
1248.00,19.4205
1248.50,19.4184
1249.00,19.4154
1249.50,19.4092
1250.00,19.3984
1250.50,19.3843
1251.00,19.3698
1251.50,19.3577
1252.00,19.3502
1252.50,19.3484
1253.00,19.3531
1253.50,19.3641
1254.00,19.3784
1254.50,19.3908
1255.00,19.3956
1255.50,19.3904
1256.00,19.3783
1256.50,19.3657
1257.00,19.3587
1257.50,19.3590
1258.00,19.3648
1258.50,19.3722
1259.00,19.3762
1259.50,19.3721
1260.00,19.3579
1260.50,19.3362
1261.00,19.3145
1261.50,19.3018
1262.00,19.3024
1262.50,19.3126
1263.00,19.3239
1263.50,19.3292
1264.00,19.3292
1264.50,19.3303
1265.00,19.3390
1265.50,19.3567
1266.00,19.3794
1266.50,19.4008
1267.00,19.4171
1267.50,19.4295
1268.00,19.4418
1268.50,19.4573
1269.00,19.4762
1269.50,19.4971
1270.00,19.5185
1270.50,19.5392
1271.00,19.5570
1271.50,19.5691
1272.00,19.5743
1272.50,19.5757
1273.00,19.5801
1273.50,19.5929
1274.00,19.6127
1274.50,19.6311
1275.00,19.6399
1275.50,19.6380
1276.00,19.6325
1276.50,19.6309
1277.00,19.6347
1277.50,19.6398
1278.00,19.6418
1278.50,19.6402
1279.00,19.6369
1279.50,19.6328
1280.00,19.6261
1280.50,19.6155
1281.00,19.6022
1281.50,19.5899
1282.00,19.5818
1282.50,19.5780
1283.00,19.5771
1283.50,19.5787
1284.00,19.5854
1284.50,19.6009
1285.00,19.6266
1285.50,19.6595
1286.00,19.6928
1286.50,19.7194
1287.00,19.7364
1287.50,19.7474
1288.00,19.7592
1288.50,19.7764
1289.00,19.7973
1289.50,19.8160
1290.00,19.8279
1290.50,19.8329
1291.00,19.8353
1291.50,19.8397
1292.00,19.8481
1292.50,19.8594
1293.00,19.8703
1293.50,19.8775
1294.00,19.8802
1294.50,19.8828
1295.00,19.8933
1295.50,19.9176
1296.00,19.9544
1296.50,19.9950
1297.00,20.0291
1297.50,20.0508
1298.00,20.0610
1298.50,20.0645
1299.00,20.0656
1299.50,20.0660
1300.00,20.0654
1300.50,20.0641
1301.00,20.0638
1301.50,20.0672
1302.00,20.0762
1302.50,20.0915
1303.00,20.1121
1303.50,20.1355
1304.00,20.1582
1304.50,20.1774
1305.00,20.1920
1305.50,20.2033
1306.00,20.2140
1306.50,20.2269
1307.00,20.2434
1307.50,20.2639
1308.00,20.2878
1308.50,20.3134
1309.00,20.3387
1309.50,20.3633
1310.00,20.3888
1310.50,20.4173
1311.00,20.4508
1311.50,20.4903
1312.00,20.5366
1312.50,20.5886
1313.00,20.6426
1313.50,20.6927
1314.00,20.7335
1314.50,20.7626
1315.00,20.7814
1315.50,20.7958
1316.00,20.8140
1316.50,20.8428
1317.00,20.8843
1317.50,20.9344
1318.00,20.9856
1318.50,21.0308
1319.00,21.0663
1319.50,21.0929
1320.00,21.1152
1320.50,21.1384
1321.00,21.1651
1321.50,21.1967
1322.00,21.2344
1322.50,21.2791
1323.00,21.3297
1323.50,21.3817
1324.00,21.4312
1324.50,21.4796
1325.00,21.5329
1325.50,21.5965
1326.00,21.6702
1326.50,21.7497
1327.00,21.8321
1327.50,21.9183
1328.00,22.0121
1328.50,22.1174
1329.00,22.2372
1329.50,22.3720
1330.00,22.5191
1330.50,22.6738
1331.00,22.8328
1331.50,22.9957
1332.00,23.1637
1332.50,23.3357
1333.00,23.5091
1333.50,23.6817
1334.00,23.8551
1334.50,24.0334
1335.00,24.2209
1335.50,24.4210
1336.00,24.6365
1336.50,24.8691
1337.00,25.1178
1337.50,25.3779
1338.00,25.6431
1338.50,25.9086
1339.00,26.1748
1339.50,26.4468
1340.00,26.7306
1340.50,27.0300
1341.00,27.3439
1341.50,27.6668
1342.00,27.9916
1342.50,28.3133
1343.00,28.6315
1343.50,28.9501
1344.00,29.2749
1344.50,29.6098
1345.00,29.9553
1345.50,30.3082
1346.00,30.6637
1346.50,31.0168
1347.00,31.3624
1347.50,31.6958
1348.00,32.0129
1348.50,32.3087
1349.00,32.5766
1349.50,32.8075
1350.00,32.9927
1350.50,33.1273
1351.00,33.2110
1351.50,33.2438
1352.00,33.2213
1352.50,33.1329
1353.00,32.9657
1353.50,32.7099
1354.00,32.3623
1354.50,31.9252
1355.00,31.4039
1355.50,30.8050
1356.00,30.1354
1356.50,29.4035
1357.00,28.6209
1357.50,27.8032
1358.00,26.9700
1358.50,26.1427
1359.00,25.3420
1359.50,24.5863
1360.00,23.8901
1360.50,23.2638
1361.00,22.7126
1361.50,22.2375
1362.00,21.8377
1362.50,21.5139
1363.00,21.2685
1363.50,21.1009
1364.00,21.0025
1364.50,20.9566
1365.00,20.9448
1365.50,20.9539
1366.00,20.9771
1366.50,21.0110
1367.00,21.0534
1367.50,21.1028
1368.00,21.1598
1368.50,21.2248
1369.00,21.2957
1369.50,21.3683
1370.00,21.4381
1370.50,21.5021
1371.00,21.5580
1371.50,21.6046
1372.00,21.6436
1372.50,21.6809
1373.00,21.7237
1373.50,21.7774
1374.00,21.8421
1374.50,21.9125
1375.00,21.9794
1375.50,22.0345
1376.00,22.0739
1376.50,22.0999
1377.00,22.1186
1377.50,22.1352
1378.00,22.1516
1378.50,22.1672
1379.00,22.1819
1379.50,22.1961
1380.00,22.2099
1380.50,22.2213
1381.00,22.2266
1381.50,22.2219
1382.00,22.2050
1382.50,22.1753
1383.00,22.1343
1383.50,22.0851
1384.00,22.0306
1384.50,21.9730
1385.00,21.9136
1385.50,21.8524
1386.00,21.7894
1386.50,21.7258
1387.00,21.6642
1387.50,21.6056
1388.00,21.5483
1388.50,21.4886
1389.00,21.4248
1389.50,21.3590
1390.00,21.2957
1390.50,21.2383
1391.00,21.1863
1391.50,21.1358
1392.00,21.0835
1392.50,21.0288
1393.00,20.9741
1393.50,20.9219
1394.00,20.8722
1394.50,20.8243
1395.00,20.7776
1395.50,20.7335
1396.00,20.6929
1396.50,20.6561
1397.00,20.6221
1397.50,20.5911
1398.00,20.5644
1398.50,20.5440
1399.00,20.5307
1399.50,20.5238
1400.00,20.5212
1400.50,20.5192
1401.00,20.5134
1401.50,20.5010
1402.00,20.4818
1402.50,20.4585
1403.00,20.4344
1403.50,20.4127
1404.00,20.3962
1404.50,20.3876
1405.00,20.3878
1405.50,20.3942
1406.00,20.4020
1406.50,20.4070
1407.00,20.4084
1407.50,20.4079
1408.00,20.4070
1408.50,20.4061
1409.00,20.4040
1409.50,20.4004
1410.00,20.3962
1410.50,20.3926
1411.00,20.3902
1411.50,20.3887
1412.00,20.3868
1412.50,20.3832
1413.00,20.3774
1413.50,20.3702
1414.00,20.3618
1414.50,20.3505
1415.00,20.3333
1415.50,20.3096
1416.00,20.2820
1416.50,20.2549
1417.00,20.2309
1417.50,20.2103
1418.00,20.1924
1418.50,20.1770
1419.00,20.1656
1419.50,20.1605
1420.00,20.1638
1420.50,20.1748
1421.00,20.1893
1421.50,20.2010
1422.00,20.2045
1422.50,20.1984
1423.00,20.1866
1423.50,20.1768
1424.00,20.1766
1424.50,20.1886
1425.00,20.2090
1425.50,20.2298
1426.00,20.2421
1426.50,20.2394
1427.00,20.2189
1427.50,20.1829
1428.00,20.1399
1428.50,20.1012
1429.00,20.0756
1429.50,20.0654
1430.00,20.0668
1430.50,20.0745
1431.00,20.0840
1431.50,20.0916
1432.00,20.0948
1432.50,20.0933
1433.00,20.0895
1433.50,20.0870
1434.00,20.0883
1434.50,20.0931
1435.00,20.0981
1435.50,20.0985
1436.00,20.0915
1436.50,20.0785
1437.00,20.0647
1437.50,20.0551
1438.00,20.0510
1438.50,20.0512
1439.00,20.0540
1439.50,20.0588
1440.00,20.0663
1440.50,20.0764
1441.00,20.0870
1441.50,20.0937
1442.00,20.0926
1442.50,20.0838
1443.00,20.0719
1443.50,20.0639
1444.00,20.0645
1444.50,20.0733
1445.00,20.0852
1445.50,20.0942
1446.00,20.0975
1446.50,20.0968
1447.00,20.0962
1447.50,20.0985
1448.00,20.1030
1448.50,20.1077
1449.00,20.1116
1449.50,20.1156
1450.00,20.1207
1450.50,20.1263
1451.00,20.1314
1451.50,20.1365
1452.00,20.1458
1452.50,20.1667
1453.00,20.2065
1453.50,20.2672
1454.00,20.3439
1454.50,20.4295
1455.00,20.5224
1455.50,20.6298
1456.00,20.7627
1456.50,20.9268
1457.00,21.1188
1457.50,21.3294
1458.00,21.5513
1458.50,21.7839
1459.00,22.0330
1459.50,22.3064
1460.00,22.6106
1460.50,22.9501
1461.00,23.3280
1461.50,23.7441
1462.00,24.1939
1462.50,24.6716
1463.00,25.1753
1463.50,25.7093
1464.00,26.2781
1464.50,26.8803
1465.00,27.5072
1465.50,28.1506
1466.00,28.8065
1466.50,29.4759
1467.00,30.1603
1467.50,30.8601
1468.00,31.5761
1468.50,32.3112
1469.00,33.0689
1469.50,33.8505
1470.00,34.6540
1470.50,35.4757
1471.00,36.3140
1471.50,37.1707
1472.00,38.0490
1472.50,38.9505
1473.00,39.8732
1473.50,40.8109
1474.00,41.7555
1474.50,42.6985
1475.00,43.6322
1475.50,44.5517
1476.00,45.4578
1476.50,46.3565
1477.00,47.2566
1477.50,48.1649
1478.00,49.0870
1478.50,50.0281
1479.00,50.9938
1479.50,51.9850
1480.00,52.9948
1480.50,54.0110
1481.00,55.0244
1481.50,56.0335
1482.00,57.0417
1482.50,58.0509
1483.00,59.0579
1483.50,60.0572
1484.00,61.0440
1484.50,62.0154
1485.00,62.9702
1485.50,63.9106
1486.00,64.8410
1486.50,65.7674
1487.00,66.6951
1487.50,67.6259
1488.00,68.5573
1488.50,69.4823
1489.00,70.3930
1489.50,71.2831
1490.00,72.1480
1490.50,72.9832
1491.00,73.7823
1491.50,74.5374
1492.00,75.2375
1492.50,75.8653
1493.00,76.3963
1493.50,76.7999
1494.00,77.0417
1494.50,77.0811
1495.00,76.8704
1495.50,76.3537
1496.00,75.4707
1496.50,74.1632
1497.00,72.3841
1497.50,70.1103
1498.00,67.3523
1498.50,64.1577
1499.00,60.6028
1499.50,56.7807
1500.00,52.7966
1500.50,48.7688
1501.00,44.8245
1501.50,41.0841
1502.00,37.6412
1502.50,34.5541
1503.00,31.8515
1503.50,29.5421
1504.00,27.6194
1504.50,26.0620
1505.00,24.8349
1505.50,23.8953
1506.00,23.1976
1506.50,22.6965
1507.00,22.3473
1507.50,22.1085
1508.00,21.9462
1508.50,21.8370
1509.00,21.7655
1509.50,21.7193
1510.00,21.6870
1510.50,21.6594
1511.00,21.6316
1511.50,21.6035
1512.00,21.5778
1512.50,21.5568
1513.00,21.5416
1513.50,21.5312
1514.00,21.5228
1514.50,21.5143
1515.00,21.5057
1515.50,21.4990
1516.00,21.4949
1516.50,21.4918
1517.00,21.4882
1517.50,21.4837
1518.00,21.4797
1518.50,21.4778
1519.00,21.4785
1519.50,21.4805
1520.00,21.4807
1520.50,21.4746
1521.00,21.4608
1521.50,21.4429
1522.00,21.4273
1522.50,21.4175
1523.00,21.4111
1523.50,21.4026
1524.00,21.3890
1524.50,21.3715
1525.00,21.3528
1525.50,21.3351
1526.00,21.3201
1526.50,21.3102
1527.00,21.3073
1527.50,21.3117
1528.00,21.3221
1528.50,21.3352
1529.00,21.3463
1529.50,21.3501
1530.00,21.3438
1530.50,21.3303
1531.00,21.3173
1531.50,21.3133
1532.00,21.3213
1532.50,21.3381
1533.00,21.3570
1533.50,21.3737
1534.00,21.3876
1534.50,21.3999
1535.00,21.4094
1535.50,21.4118
1536.00,21.4029
1536.50,21.3817
1537.00,21.3517
1537.50,21.3190
1538.00,21.2889
1538.50,21.2638
1539.00,21.2429
1539.50,21.2241
1540.00,21.2054
1540.50,21.1857
1541.00,21.1645
1541.50,21.1411
1542.00,21.1151
1542.50,21.0887
1543.00,21.0649
1543.50,21.0456
1544.00,21.0301
1544.50,21.0164
1545.00,21.0037
1545.50,20.9935
1546.00,20.9884
1546.50,20.9895
1547.00,20.9954
1547.50,21.0030
1548.00,21.0099
1548.50,21.0167
1549.00,21.0256
1549.50,21.0375
1550.00,21.0511
1550.50,21.0654
1551.00,21.0816
1551.50,21.1018
1552.00,21.1259
1552.50,21.1499
1553.00,21.1664
1553.50,21.1696
1554.00,21.1587
1554.50,21.1395
1555.00,21.1216
1555.50,21.1127
1556.00,21.1149
1556.50,21.1238
1557.00,21.1324
1557.50,21.1364
1558.00,21.1366
1558.50,21.1367
1559.00,21.1396
1559.50,21.1459
1560.00,21.1551
1560.50,21.1658
1561.00,21.1754
1561.50,21.1789
1562.00,21.1719
1562.50,21.1546
1563.00,21.1338
1563.50,21.1189
1564.00,21.1164
1564.50,21.1269
1565.00,21.1471
1565.50,21.1727
1566.00,21.1984
1566.50,21.2174
1567.00,21.2239
1567.50,21.2167
1568.00,21.2002
1568.50,21.1815
1569.00,21.1661
1569.50,21.1560
1570.00,21.1507
1570.50,21.1506
1571.00,21.1561
1571.50,21.1665
1572.00,21.1778
1572.50,21.1849
1573.00,21.1852
1573.50,21.1794
1574.00,21.1703
1574.50,21.1598
1575.00,21.1473
1575.50,21.1321
1576.00,21.1153
1576.50,21.1012
1577.00,21.0939
1577.50,21.0938
1578.00,21.0970
1578.50,21.0997
1579.00,21.1021
1579.50,21.1078
1580.00,21.1199
1580.50,21.1362
1581.00,21.1501
1581.50,21.1545
1582.00,21.1472
1582.50,21.1322
1583.00,21.1181
1583.50,21.1128
1584.00,21.1194
1584.50,21.1371
1585.00,21.1630
1585.50,21.1936
1586.00,21.2244
1586.50,21.2515
1587.00,21.2745
1587.50,21.2961
1588.00,21.3187
1588.50,21.3402
1589.00,21.3560
1589.50,21.3627
1590.00,21.3613
1590.50,21.3571
1591.00,21.3562
1591.50,21.3626
1592.00,21.3766
1592.50,21.3957
1593.00,21.4158
1593.50,21.4327
1594.00,21.4426
1594.50,21.4439
1595.00,21.4373
1595.50,21.4258
1596.00,21.4127
1596.50,21.3996
1597.00,21.3862
1597.50,21.3715
1598.00,21.3552
1598.50,21.3393
1599.00,21.3263
1599.50,21.3172
1600.00,21.3107
1600.50,21.3044
1601.00,21.2975
1601.50,21.2913
1602.00,21.2870
1602.50,21.2841
1603.00,21.2803
1603.50,21.2735
1604.00,21.2634
1604.50,21.2517
1605.00,21.2400
1605.50,21.2290
1606.00,21.2192
1606.50,21.2110
1607.00,21.2057
1607.50,21.2053
1608.00,21.2117
1608.50,21.2259
1609.00,21.2461
1609.50,21.2680
1610.00,21.2869
1610.50,21.3004
1611.00,21.3089
1611.50,21.3158
1612.00,21.3242
1612.50,21.3350
1613.00,21.3467
1613.50,21.3570
1614.00,21.3646
1614.50,21.3700
1615.00,21.3733
1615.50,21.3747
1616.00,21.3750
1616.50,21.3757
1617.00,21.3777
1617.50,21.3814
1618.00,21.3852
1618.50,21.3865
1619.00,21.3827
1619.50,21.3724
1620.00,21.3554
1620.50,21.3324
1621.00,21.3061
1621.50,21.2814
1622.00,21.2637
1622.50,21.2545
1623.00,21.2500
1623.50,21.2433
1624.00,21.2300
1624.50,21.2112
1625.00,21.1910
1625.50,21.1719
1626.00,21.1520
1626.50,21.1270
1627.00,21.0934
1627.50,21.0522
1628.00,21.0104
1628.50,20.9789
1629.00,20.9658
1629.50,20.9709
1630.00,20.9843
1630.50,20.9930
1631.00,20.9879
1631.50,20.9677
1632.00,20.9373
1632.50,20.9035
1633.00,20.8731
1633.50,20.8521
1634.00,20.8460
1634.50,20.8571
1635.00,20.8821
1635.50,20.9118
1636.00,20.9352
1636.50,20.9459
1637.00,20.9459
1637.50,20.9439
1638.00,20.9487
1638.50,20.9632
1639.00,20.9830
1639.50,21.0007
1640.00,21.0112
1640.50,21.0140
1641.00,21.0121
1641.50,21.0085
1642.00,21.0045
1642.50,21.0013
1643.00,20.9998
1643.50,21.0023
1644.00,21.0093
1644.50,21.0176
1645.00,21.0208
1645.50,21.0128
1646.00,20.9935
1646.50,20.9692
1647.00,20.9488
1647.50,20.9374
1648.00,20.9333
1648.50,20.9286
1649.00,20.9154
1649.50,20.8916
1650.00,20.8616
1650.50,20.8323
1651.00,20.8077
1651.50,20.7881
1652.00,20.7735
1652.50,20.7639
1653.00,20.7588
1653.50,20.7557
1654.00,20.7516
1654.50,20.7444
1655.00,20.7335
1655.50,20.7198
1656.00,20.7046
1656.50,20.6894
1657.00,20.6765
1657.50,20.6702
1658.00,20.6748
1658.50,20.6915
1659.00,20.7160
1659.50,20.7402
1660.00,20.7571
1660.50,20.7657
1661.00,20.7712
1661.50,20.7811
1662.00,20.7998
1662.50,20.8257
1663.00,20.8521
1663.50,20.8728
1664.00,20.8863
1664.50,20.8965
1665.00,20.9093
1665.50,20.9283
1666.00,20.9524
1666.50,20.9775
1667.00,20.9984
1667.50,21.0107
1668.00,21.0120
1668.50,21.0040
1669.00,20.9917
1669.50,20.9819
1670.00,20.9791
1670.50,20.9823
1671.00,20.9854
1671.50,20.9808
1672.00,20.9637
1672.50,20.9354
1673.00,20.9020
1673.50,20.8704
1674.00,20.8450
1674.50,20.8270
1675.00,20.8155
1675.50,20.8092
1676.00,20.8066
1676.50,20.8060
1677.00,20.8063
1677.50,20.8066
1678.00,20.8066
1678.50,20.8058
1679.00,20.8039
1679.50,20.8024
1680.00,20.8033
1680.50,20.8084
1681.00,20.8161
1681.50,20.8228
1682.00,20.8259
1682.50,20.8278
1683.00,20.8346
1683.50,20.8508
1684.00,20.8745
1684.50,20.8981
1685.00,20.9143
1685.50,20.9214
1686.00,20.9230
1686.50,20.9237
1687.00,20.9251
1687.50,20.9264
1688.00,20.9258
1688.50,20.9222
1689.00,20.9161
1689.50,20.9099
1690.00,20.9067
1690.50,20.9082
1691.00,20.9127
1691.50,20.9160
1692.00,20.9150
1692.50,20.9098
1693.00,20.9027
1693.50,20.8967
1694.00,20.8933
1694.50,20.8925
1695.00,20.8925
1695.50,20.8913
1696.00,20.8882
1696.50,20.8848
1697.00,20.8841
1697.50,20.8887
1698.00,20.8985
1698.50,20.9108
1699.00,20.9211
1699.50,20.9261
1700.00,20.9253
1700.50,20.9209
1701.00,20.9163
1701.50,20.9149
1702.00,20.9195
1702.50,20.9309
1703.00,20.9466
1703.50,20.9623
1704.00,20.9749
1704.50,20.9846
1705.00,20.9932
1705.50,21.0016
1706.00,21.0091
1706.50,21.0147
1707.00,21.0189
1707.50,21.0234
1708.00,21.0296
1708.50,21.0381
1709.00,21.0476
1709.50,21.0558
1710.00,21.0606
1710.50,21.0618
1711.00,21.0624
1711.50,21.0660
1712.00,21.0738
1712.50,21.0840
1713.00,21.0940
1713.50,21.1033
1714.00,21.1129
1714.50,21.1230
1715.00,21.1325
1715.50,21.1409
1716.00,21.1491
1716.50,21.1582
1717.00,21.1688
1717.50,21.1817
1718.00,21.1990
1718.50,21.2225
1719.00,21.2511
1719.50,21.2807
1720.00,21.3068
1720.50,21.3282
1721.00,21.3479
1721.50,21.3690
1722.00,21.3917
1722.50,21.4125
1723.00,21.4283
1723.50,21.4404
1724.00,21.4539
1724.50,21.4720
1725.00,21.4928
1725.50,21.5105
1726.00,21.5201
1726.50,21.5227
1727.00,21.5244
1727.50,21.5318
1728.00,21.5479
1728.50,21.5711
1729.00,21.5981
1729.50,21.6267
1730.00,21.6563
1730.50,21.6859
1731.00,21.7136
1731.50,21.7360
1732.00,21.7492
1732.50,21.7505
1733.00,21.7396
1733.50,21.7206
1734.00,21.7012
1734.50,21.6894
1735.00,21.6892
1735.50,21.6982
1736.00,21.7092
1736.50,21.7146
1737.00,21.7116
1737.50,21.7033
1738.00,21.6971
1738.50,21.7000
1739.00,21.7147
1739.50,21.7385
1740.00,21.7648
1740.50,21.7866
1741.00,21.8009
1741.50,21.8097
1742.00,21.8187
1742.50,21.8333
1743.00,21.8552
1743.50,21.8812
1744.00,21.9064
1744.50,21.9279
1745.00,21.9454
1745.50,21.9606
1746.00,21.9751
1746.50,21.9888
1747.00,21.9998
1747.50,22.0056
1748.00,22.0057
1748.50,22.0023
1749.00,21.9990
1749.50,21.9983
1750.00,22.0007
1750.50,22.0065
1751.00,22.0163
1751.50,22.0294
1752.00,22.0431
1752.50,22.0532
1753.00,22.0577
1753.50,22.0574
1754.00,22.0549
1754.50,22.0529
1755.00,22.0529
1755.50,22.0562
1756.00,22.0636
1756.50,22.0755
1757.00,22.0920
1757.50,22.1116
1758.00,22.1317
1758.50,22.1481
1759.00,22.1568
1759.50,22.1565
1760.00,22.1494
1760.50,22.1411
1761.00,22.1374
1761.50,22.1414
1762.00,22.1519
1762.50,22.1646
1763.00,22.1746
1763.50,22.1792
1764.00,22.1788
1764.50,22.1746
1765.00,22.1668
1765.50,22.1549
1766.00,22.1395
1766.50,22.1238
1767.00,22.1109
1767.50,22.1021
1768.00,22.0968
1768.50,22.0946
1769.00,22.0947
1769.50,22.0949
1770.00,22.0924
1770.50,22.0863
1771.00,22.0791
1771.50,22.0754
1772.00,22.0794
1772.50,22.0920
1773.00,22.1103
1773.50,22.1299
1774.00,22.1482
1774.50,22.1657
1775.00,22.1837
1775.50,22.2010
1776.00,22.2133
1776.50,22.2171
1777.00,22.2130
1777.50,22.2055
1778.00,22.1989
1778.50,22.1942
1779.00,22.1889
1779.50,22.1805
1780.00,22.1689
1780.50,22.1566
1781.00,22.1458
1781.50,22.1370
1782.00,22.1289
1782.50,22.1192
1783.00,22.1053
1783.50,22.0860
1784.00,22.0613
1784.50,22.0332
1785.00,22.0047
1785.50,21.9783
1786.00,21.9552
1786.50,21.9357
1787.00,21.9193
1787.50,21.9046
1788.00,21.8892
1788.50,21.8716
1789.00,21.8517
1789.50,21.8305
1790.00,21.8079
1790.50,21.7829
1791.00,21.7558
1791.50,21.7295
1792.00,21.7082
1792.50,21.6942
1793.00,21.6868
1793.50,21.6845
1794.00,21.6872
1794.50,21.6962
1795.00,21.7121
1795.50,21.7322
1796.00,21.7519
1796.50,21.7684
1797.00,21.7815
1797.50,21.7933
1798.00,21.8047
1798.50,21.8151
1799.00,21.8221
1799.50,21.8234
1800.00,21.8190
1800.50,21.8128
1801.00,21.8118
1801.50,21.8220
1802.00,21.8432
1802.50,21.8682
1803.00,21.8873
1803.50,21.8943
1804.00,21.8898
1804.50,21.8781
1805.00,21.8627
1805.50,21.8450
1806.00,21.8266
1806.50,21.8114
1807.00,21.8030
1807.50,21.8007
1808.00,21.7997
1808.50,21.7957
1809.00,21.7890
1809.50,21.7831
1810.00,21.7798
1810.50,21.7772
1811.00,21.7720
1811.50,21.7635
1812.00,21.7543
1812.50,21.7482
1813.00,21.7480
1813.50,21.7543
1814.00,21.7655
1814.50,21.7789
1815.00,21.7908
1815.50,21.7979
1816.00,21.7985
1816.50,21.7934
1817.00,21.7860
1817.50,21.7801
1818.00,21.7784
1818.50,21.7811
1819.00,21.7859
1819.50,21.7903
1820.00,21.7936
1820.50,21.7974
1821.00,21.8036
1821.50,21.8130
1822.00,21.8250
1822.50,21.8381
1823.00,21.8512
1823.50,21.8633
1824.00,21.8737
1824.50,21.8816
1825.00,21.8853
1825.50,21.8838
1826.00,21.8774
1826.50,21.8679
1827.00,21.8582
1827.50,21.8500
1828.00,21.8431
1828.50,21.8352
1829.00,21.8235
1829.50,21.8071
1830.00,21.7871
1830.50,21.7648
1831.00,21.7405
1831.50,21.7137
1832.00,21.6845
1832.50,21.6549
1833.00,21.6280
1833.50,21.6063
1834.00,21.5899
1834.50,21.5765
1835.00,21.5625
1835.50,21.5465
1836.00,21.5302
1836.50,21.5165
1837.00,21.5072
1837.50,21.5011
1838.00,21.4962
1838.50,21.4914
1839.00,21.4866
1839.50,21.4820
1840.00,21.4760
1840.50,21.4653
1841.00,21.4477
1841.50,21.4240
1842.00,21.4008
1842.50,21.3868
1843.00,21.3869
1843.50,21.3985
1844.00,21.4133
1844.50,21.4245
1845.00,21.4316
1845.50,21.4389
1846.00,21.4502
1846.50,21.4654
1847.00,21.4817
1847.50,21.4961
1848.00,21.5071
1848.50,21.5157
1849.00,21.5240
1849.50,21.5347
1850.00,21.5481
1850.50,21.5625
1851.00,21.5746
1851.50,21.5820
1852.00,21.5845
1852.50,21.5837
1853.00,21.5826
1853.50,21.5842
1854.00,21.5901
1854.50,21.6008
1855.00,21.6154
1855.50,21.6332
1856.00,21.6535
1856.50,21.6744
1857.00,21.6934
1857.50,21.7099
1858.00,21.7258
1858.50,21.7438
1859.00,21.7644
1859.50,21.7841
1860.00,21.7969
1860.50,21.7990
1861.00,21.7928
1861.50,21.7860
1862.00,21.7869
1862.50,21.7986
1863.00,21.8168
1863.50,21.8331
1864.00,21.8406
1864.50,21.8377
1865.00,21.8278
1865.50,21.8163
1866.00,21.8075
1866.50,21.8023
1867.00,21.7994
1867.50,21.7975
1868.00,21.7969
1868.50,21.7997
1869.00,21.8089
1869.50,21.8262
1870.00,21.8509
1870.50,21.8794
1871.00,21.9073
1871.50,21.9305
1872.00,21.9470
1872.50,21.9566
1873.00,21.9610
1873.50,21.9623
1874.00,21.9616
1874.50,21.9589
1875.00,21.9541
1875.50,21.9487
1876.00,21.9452
1876.50,21.9458
1877.00,21.9509
1877.50,21.9594
1878.00,21.9691
1878.50,21.9775
1879.00,21.9828
1879.50,21.9840
1880.00,21.9809
1880.50,21.9737
1881.00,21.9639
1881.50,21.9546
1882.00,21.9501
1882.50,21.9529
1883.00,21.9615
1883.50,21.9702
1884.00,21.9718
1884.50,21.9613
1885.00,21.9400
1885.50,21.9156
1886.00,21.8985
1886.50,21.8950
1887.00,21.9031
1887.50,21.9153
1888.00,21.9247
1888.50,21.9286
1889.00,21.9284
1889.50,21.9265
1890.00,21.9243
1890.50,21.9220
1891.00,21.9195
1891.50,21.9175
1892.00,21.9184
1892.50,21.9252
1893.00,21.9385
1893.50,21.9553
1894.00,21.9711
1894.50,21.9835
1895.00,21.9938
1895.50,22.0051
1896.00,22.0194
1896.50,22.0364
1897.00,22.0538
1897.50,22.0676
1898.00,22.0730
1898.50,22.0664
1899.00,22.0489
1899.50,22.0265
1900.00,22.0069
1900.50,21.9950
1901.00,21.9912
1901.50,21.9928
1902.00,21.9971
1902.50,22.0029
1903.00,22.0107
1903.50,22.0209
1904.00,22.0328
1904.50,22.0455
1905.00,22.0593
1905.50,22.0741
1906.00,22.0887
1906.50,22.1004
1907.00,22.1075
1907.50,22.1117
1908.00,22.1183
1908.50,22.1305
1909.00,22.1458
1909.50,22.1564
1910.00,22.1556
1910.50,22.1425
1911.00,22.1228
1911.50,22.1043
1912.00,22.0929
1912.50,22.0909
1913.00,22.0978
1913.50,22.1098
1914.00,22.1219
1914.50,22.1301
1915.00,22.1350
1915.50,22.1404
1916.00,22.1492
1916.50,22.1595
1917.00,22.1667
1917.50,22.1677
1918.00,22.1643
1918.50,22.1608
1919.00,22.1601
1919.50,22.1621
1920.00,22.1642
1920.50,22.1632
1921.00,22.1571
1921.50,22.1451
1922.00,22.1278
1922.50,22.1056
1923.00,22.0798
1923.50,22.0524
1924.00,22.0274
1924.50,22.0082
1925.00,21.9959
1925.50,21.9885
1926.00,21.9823
1926.50,21.9746
1927.00,21.9654
1927.50,21.9561
1928.00,21.9478
1928.50,21.9398
1929.00,21.9313
1929.50,21.9219
1930.00,21.9115
1930.50,21.8997
1931.00,21.8867
1931.50,21.8753
1932.00,21.8689
1932.50,21.8694
1933.00,21.8761
1933.50,21.8862
1934.00,21.8981
1934.50,21.9110
1935.00,21.9240
1935.50,21.9352
1936.00,21.9422
1936.50,21.9449
1937.00,21.9454
1937.50,21.9467
1938.00,21.9501
1938.50,21.9544
1939.00,21.9577
1939.50,21.9599
1940.00,21.9641
1940.50,21.9756
1941.00,21.9977
1941.50,22.0286
1942.00,22.0619
1942.50,22.0902
1943.00,22.1084
1943.50,22.1159
1944.00,22.1149
1944.50,22.1089
1945.00,22.1016
1945.50,22.0953
1946.00,22.0908
1946.50,22.0875
1947.00,22.0857
1947.50,22.0866
1948.00,22.0914
1948.50,22.0989
1949.00,22.1054
1949.50,22.1083
1950.00,22.1072
1950.50,22.1034
1951.00,22.0956
1951.50,22.0811
1952.00,22.0586
1952.50,22.0321
1953.00,22.0093
1953.50,21.9965
1954.00,21.9955
1954.50,22.0034
1955.00,22.0147
1955.50,22.0250
1956.00,22.0332
1956.50,22.0414
1957.00,22.0525
1957.50,22.0671
1958.00,22.0827
1958.50,22.0954
1959.00,22.1031
1959.50,22.1056
1960.00,22.1043
1960.50,22.1008
1961.00,22.0969
1961.50,22.0942
1962.00,22.0941
1962.50,22.0963
1963.00,22.0986
1963.50,22.0979
1964.00,22.0932
1964.50,22.0870
1965.00,22.0834
1965.50,22.0827
1966.00,22.0802
1966.50,22.0693
1967.00,22.0484
1967.50,22.0231
1968.00,22.0020
1968.50,21.9896
1969.00,21.9834
1969.50,21.9775
1970.00,21.9670
1970.50,21.9507
1971.00,21.9305
1971.50,21.9083
1972.00,21.8857
1972.50,21.8639
1973.00,21.8456
1973.50,21.8335
1974.00,21.8288
1974.50,21.8297
1975.00,21.8320
1975.50,21.8312
1976.00,21.8244
1976.50,21.8109
1977.00,21.7922
1977.50,21.7730
1978.00,21.7595
1978.50,21.7554
1979.00,21.7589
1979.50,21.7643
1980.00,21.7664
1980.50,21.7634
1981.00,21.7562
1981.50,21.7466
1982.00,21.7360
1982.50,21.7254
1983.00,21.7158
1983.50,21.7080
1984.00,21.7019
1984.50,21.6965
1985.00,21.6917
1985.50,21.6883
1986.00,21.6877
1986.50,21.6908
1987.00,21.6974
1987.50,21.7069
1988.00,21.7188
1988.50,21.7329
1989.00,21.7485
1989.50,21.7651
1990.00,21.7819
1990.50,21.7987
1991.00,21.8151
1991.50,21.8300
1992.00,21.8420
1992.50,21.8496
1993.00,21.8530
1993.50,21.8541
1994.00,21.8561
1994.50,21.8613
1995.00,21.8702
1995.50,21.8824
1996.00,21.8987
1996.50,21.9212
1997.00,21.9504
1997.50,21.9824
1998.00,22.0097
1998.50,22.0274
1999.00,22.0364
1999.50,22.0430
2000.00,22.0524
2000.50,22.0650
2001.00,22.0777
2001.50,22.0888
2002.00,22.1006
2002.50,22.1163
2003.00,22.1363
2003.50,22.1579
2004.00,22.1783
2004.50,22.1976
2005.00,22.2163
2005.50,22.2331
2006.00,22.2439
2006.50,22.2450
2007.00,22.2367
2007.50,22.2241
2008.00,22.2139
2008.50,22.2098
2009.00,22.2112
2009.50,22.2160
2010.00,22.2223
2010.50,22.2289
2011.00,22.2339
2011.50,22.2346
2012.00,22.2297
2012.50,22.2219
2013.00,22.2166
2013.50,22.2171
2014.00,22.2211
2014.50,22.2228
2015.00,22.2161
2015.50,22.1998
2016.00,22.1767
2016.50,22.1530
2017.00,22.1360
2017.50,22.1310
2018.00,22.1379
2018.50,22.1504
2019.00,22.1602
2019.50,22.1625
2020.00,22.1586
2020.50,22.1528
2021.00,22.1479
2021.50,22.1432
2022.00,22.1369
2022.50,22.1286
2023.00,22.1215
2023.50,22.1199
2024.00,22.1266
2024.50,22.1399
2025.00,22.1553
2025.50,22.1688
2026.00,22.1795
2026.50,22.1893
2027.00,22.2006
2027.50,22.2143
2028.00,22.2295
2028.50,22.2440
2029.00,22.2561
2029.50,22.2661
2030.00,22.2756
2030.50,22.2850
2031.00,22.2924
2031.50,22.2947
2032.00,22.2903
2032.50,22.2811
2033.00,22.2705
2033.50,22.2617
2034.00,22.2569
2034.50,22.2584
2035.00,22.2686
2035.50,22.2888
2036.00,22.3155
2036.50,22.3403
2037.00,22.3542
2037.50,22.3551
2038.00,22.3501
2038.50,22.3503
2039.00,22.3623
2039.50,22.3833
2040.00,22.4045
2040.50,22.4180
2041.00,22.4217
2041.50,22.4174
2042.00,22.4075
2042.50,22.3933
2043.00,22.3759
2043.50,22.3580
2044.00,22.3435
2044.50,22.3358
2045.00,22.3364
2045.50,22.3432
2046.00,22.3519
2046.50,22.3575
2047.00,22.3576
2047.50,22.3528
2048.00,22.3465
2048.50,22.3425
2049.00,22.3420
2049.50,22.3426
2050.00,22.3415
2050.50,22.3380
2051.00,22.3334
2051.50,22.3282
2052.00,22.3211
2052.50,22.3116
2053.00,22.3025
2053.50,22.2990
2054.00,22.3047
2054.50,22.3192
2055.00,22.3384
2055.50,22.3577
2056.00,22.3743
2056.50,22.3881
2057.00,22.3999
2057.50,22.4099
2058.00,22.4176
2058.50,22.4218
2059.00,22.4226
2059.50,22.4212
2060.00,22.4189
2060.50,22.4155
2061.00,22.4104
2061.50,22.4035
2062.00,22.3967
2062.50,22.3927
2063.00,22.3934
2063.50,22.3990
2064.00,22.4075
2064.50,22.4158
2065.00,22.4204
2065.50,22.4195
2066.00,22.4133
2066.50,22.4043
2067.00,22.3950
2067.50,22.3864
2068.00,22.3784
2068.50,22.3702
2069.00,22.3613
2069.50,22.3514
2070.00,22.3401
2070.50,22.3270
2071.00,22.3128
2071.50,22.2998
2072.00,22.2894
2072.50,22.2807
2073.00,22.2705
2073.50,22.2555
2074.00,22.2350
2074.50,22.2108
2075.00,22.1857
2075.50,22.1622
2076.00,22.1412
2076.50,22.1233
2077.00,22.1078
2077.50,22.0934
2078.00,22.0772
2078.50,22.0572
2079.00,22.0338
2079.50,22.0105
2080.00,21.9917
2080.50,21.9798
2081.00,21.9742
2081.50,21.9723
2082.00,21.9710
2082.50,21.9672
2083.00,21.9578
2083.50,21.9406
2084.00,21.9175
2084.50,21.8963
2085.00,21.8861
2085.50,21.8917
2086.00,21.9097
2086.50,21.9315
2087.00,21.9486
2087.50,21.9568
2088.00,21.9558
2088.50,21.9489
2089.00,21.9401
2089.50,21.9325
2090.00,21.9274
2090.50,21.9246
2091.00,21.9249
2091.50,21.9301
2092.00,21.9418
2092.50,21.9589
2093.00,21.9760
2093.50,21.9867
2094.00,21.9877
2094.50,21.9820
2095.00,21.9767
2095.50,21.9787
2096.00,21.9900
2096.50,22.0072
2097.00,22.0243
2097.50,22.0371
2098.00,22.0454
2098.50,22.0525
2099.00,22.0620
2099.50,22.0756
2100.00,22.0926
2100.50,22.1119
2101.00,22.1321
2101.50,22.1522
2102.00,22.1710
2102.50,22.1873
2103.00,22.1999
2103.50,22.2084
2104.00,22.2139
2104.50,22.2178
2105.00,22.2213
2105.50,22.2242
2106.00,22.2250
2106.50,22.2224
2107.00,22.2168
2107.50,22.2115
2108.00,22.2113
2108.50,22.2186
2109.00,22.2311
2109.50,22.2432
2110.00,22.2495
2110.50,22.2483
2111.00,22.2415
2111.50,22.2330
2112.00,22.2262
2112.50,22.2222
2113.00,22.2220
2113.50,22.2279
2114.00,22.2427
2114.50,22.2662
2115.00,22.2934
2115.50,22.3166
2116.00,22.3290
2116.50,22.3285
2117.00,22.3177
2117.50,22.3032
2118.00,22.2919
2118.50,22.2880
2119.00,22.2912
2119.50,22.2985
2120.00,22.3079
2120.50,22.3200
2121.00,22.3355
2121.50,22.3533
2122.00,22.3692
2122.50,22.3781
2123.00,22.3774
2123.50,22.3690
2124.00,22.3591
2124.50,22.3552
2125.00,22.3615
2125.50,22.3770
2126.00,22.3964
2126.50,22.4138
2127.00,22.4259
2127.50,22.4325
2128.00,22.4362
2128.50,22.4398
2129.00,22.4447
2129.50,22.4494
2130.00,22.4516
2130.50,22.4514
2131.00,22.4521
2131.50,22.4581
2132.00,22.4717
2132.50,22.4924
2133.00,22.5180
2133.50,22.5469
2134.00,22.5775
2134.50,22.6076
2135.00,22.6336
2135.50,22.6519
2136.00,22.6612
2136.50,22.6631
2137.00,22.6615
2137.50,22.6592
2138.00,22.6579
2138.50,22.6570
2139.00,22.6562
2139.50,22.6564
2140.00,22.6598
2140.50,22.6681
2141.00,22.6797
2141.50,22.6903
2142.00,22.6951
2142.50,22.6922
2143.00,22.6842
2143.50,22.6754
2144.00,22.6691
2144.50,22.6654
2145.00,22.6626
2145.50,22.6586
2146.00,22.6514
2146.50,22.6393
2147.00,22.6228
2147.50,22.6050
2148.00,22.5891
2148.50,22.5756
2149.00,22.5623
2149.50,22.5466
2150.00,22.5275
2150.50,22.5061
2151.00,22.4836
2151.50,22.4620
2152.00,22.4423
2152.50,22.4245
2153.00,22.4068
2153.50,22.3877
2154.00,22.3681
2154.50,22.3523
2155.00,22.3445
2155.50,22.3443
2156.00,22.3467
2156.50,22.3447
2157.00,22.3358
2157.50,22.3224
2158.00,22.3098
2158.50,22.3018
2159.00,22.2996
2159.50,22.3027
2160.00,22.3104
2160.50,22.3222
2161.00,22.3374
2161.50,22.3549
2162.00,22.3733
2162.50,22.3915
2163.00,22.4087
2163.50,22.4237
2164.00,22.4347
2164.50,22.4401
2165.00,22.4394
2165.50,22.4337
2166.00,22.4258
2166.50,22.4192
2167.00,22.4169
2167.50,22.4195
2168.00,22.4251
2168.50,22.4308
2169.00,22.4353
2169.50,22.4393
2170.00,22.4438
2170.50,22.4479
2171.00,22.4489
2171.50,22.4450
2172.00,22.4362
2172.50,22.4245
2173.00,22.4131
2173.50,22.4042
2174.00,22.3985
2174.50,22.3955
2175.00,22.3955
2175.50,22.4003
2176.00,22.4123
2176.50,22.4317
2177.00,22.4552
2177.50,22.4773
2178.00,22.4938
2178.50,22.5041
2179.00,22.5103
2179.50,22.5155
2180.00,22.5229
2180.50,22.5347
2181.00,22.5513
2181.50,22.5710
2182.00,22.5911
2182.50,22.6100
2183.00,22.6275
2183.50,22.6451
2184.00,22.6650
2184.50,22.6894
2185.00,22.7189
2185.50,22.7506
2186.00,22.7790
2186.50,22.7987
2187.00,22.8071
2187.50,22.8057
2188.00,22.7991
2188.50,22.7936
2189.00,22.7927
2189.50,22.7952
2190.00,22.7957
2190.50,22.7889
2191.00,22.7736
2191.50,22.7527
2192.00,22.7295
2192.50,22.7057
2193.00,22.6809
2193.50,22.6555
2194.00,22.6324
2194.50,22.6151
2195.00,22.6047
2195.50,22.5992
2196.00,22.5948
2196.50,22.5895
2197.00,22.5836
2197.50,22.5783
2198.00,22.5742
2198.50,22.5700
2199.00,22.5633
2199.50,22.5523
2200.00,22.5365
2200.50,22.5174
2201.00,22.4978
2201.50,22.4804
2202.00,22.4661
2202.50,22.4543
2203.00,22.4441
2203.50,22.4368
2204.00,22.4353
2204.50,22.4427
2205.00,22.4595
2205.50,22.4820
2206.00,22.5038
2206.50,22.5196
2207.00,22.5278
2207.50,22.5316
2208.00,22.5363
2208.50,22.5463
2209.00,22.5621
2209.50,22.5803
2210.00,22.5963
2210.50,22.6075
2211.00,22.6144
2211.50,22.6187
2212.00,22.6214
2212.50,22.6231
2213.00,22.6249
2213.50,22.6277
2214.00,22.6314
2214.50,22.6342
2215.00,22.6347
2215.50,22.6342
2216.00,22.6357
2216.50,22.6412
2217.00,22.6487
2217.50,22.6535
2218.00,22.6511
2218.50,22.6411
2219.00,22.6272
2219.50,22.6153
2220.00,22.6102
2220.50,22.6128
2221.00,22.6199
2221.50,22.6262
2222.00,22.6261
2222.50,22.6169
2223.00,22.5990
2223.50,22.5757
2224.00,22.5502
2224.50,22.5233
2225.00,22.4939
2225.50,22.4623
2226.00,22.4313
2226.50,22.4042
2227.00,22.3827
2227.50,22.3655
2228.00,22.3501
2228.50,22.3342
2229.00,22.3165
2229.50,22.2972
2230.00,22.2783
2230.50,22.2622
2231.00,22.2502
2231.50,22.2412
2232.00,22.2327
2232.50,22.2232
2233.00,22.2137
2233.50,22.2078
2234.00,22.2098
2234.50,22.2214
2235.00,22.2399
2235.50,22.2595
2236.00,22.2749
2236.50,22.2840
2237.00,22.2878
2237.50,22.2883
2238.00,22.2868
2238.50,22.2844
2239.00,22.2835
2239.50,22.2870
2240.00,22.2959
2240.50,22.3079
2241.00,22.3207
2241.50,22.3340
2242.00,22.3493
2242.50,22.3664
2243.00,22.3821
2243.50,22.3920
2244.00,22.3955
2244.50,22.3968
2245.00,22.4024
2245.50,22.4157
2246.00,22.4345
2246.50,22.4541
2247.00,22.4717
2247.50,22.4882
2248.00,22.5065
2248.50,22.5281
2249.00,22.5519
2249.50,22.5752
2250.00,22.5965
2250.50,22.6165
2251.00,22.6363
2251.50,22.6547
2252.00,22.6694
2252.50,22.6782
2253.00,22.6818
2253.50,22.6828
2254.00,22.6843
2254.50,22.6875
2255.00,22.6925
2255.50,22.6989
2256.00,22.7072
2256.50,22.7177
2257.00,22.7293
2257.50,22.7397
2258.00,22.7483
2258.50,22.7564
2259.00,22.7663
2259.50,22.7786
2260.00,22.7924
2260.50,22.8064
2261.00,22.8208
2261.50,22.8359
2262.00,22.8508
2262.50,22.8642
2263.00,22.8757
2263.50,22.8867
2264.00,22.8983
2264.50,22.9106
2265.00,22.9227
2265.50,22.9327
2266.00,22.9391
2266.50,22.9421
2267.00,22.9435
2267.50,22.9456
2268.00,22.9512
2268.50,22.9626
2269.00,22.9809
2269.50,23.0042
2270.00,23.0276
2270.50,23.0464
2271.00,23.0595
2271.50,23.0702
2272.00,23.0833
2272.50,23.1020
2273.00,23.1256
2273.50,23.1508
2274.00,23.1730
2274.50,23.1888
2275.00,23.1965
2275.50,23.1965
2276.00,23.1907
2276.50,23.1819
2277.00,23.1721
2277.50,23.1626
2278.00,23.1542
2278.50,23.1472
2279.00,23.1421
2279.50,23.1392
2280.00,23.1375
2280.50,23.1340
2281.00,23.1243
2281.50,23.1063
2282.00,23.0820
2282.50,23.0566
2283.00,23.0346
2283.50,23.0185
2284.00,23.0094
2284.50,23.0075
2285.00,23.0122
2285.50,23.0219
2286.00,23.0342
2286.50,23.0465
2287.00,23.0562
2287.50,23.0622
2288.00,23.0651
2288.50,23.0668
2289.00,23.0695
2289.50,23.0738
2290.00,23.0787
2290.50,23.0826
2291.00,23.0858
2291.50,23.0910
2292.00,23.1019
2292.50,23.1206
2293.00,23.1459
2293.50,23.1735
2294.00,23.1971
2294.50,23.2108
2295.00,23.2121
2295.50,23.2029
2296.00,23.1893
2296.50,23.1776
2297.00,23.1722
2297.50,23.1732
2298.00,23.1773
2298.50,23.1800
2299.00,23.1783
2299.50,23.1731
2300.00,23.1670
2300.50,23.1619
2301.00,23.1578
2301.50,23.1546
2302.00,23.1535
2302.50,23.1549
2303.00,23.1560
2303.50,23.1529
2304.00,23.1437
2304.50,23.1315
2305.00,23.1218
2305.50,23.1181
2306.00,23.1203
2306.50,23.1257
2307.00,23.1326
2307.50,23.1404
2308.00,23.1488
2308.50,23.1567
2309.00,23.1625
2309.50,23.1654
2310.00,23.1658
2310.50,23.1654
2311.00,23.1656
2311.50,23.1667
2312.00,23.1673
2312.50,23.1640
2313.00,23.1538
2313.50,23.1370
2314.00,23.1176
2314.50,23.1009
2315.00,23.0911
2315.50,23.0890
2316.00,23.0934
2316.50,23.1014
2317.00,23.1093
2317.50,23.1127
2318.00,23.1098
2318.50,23.1023
2319.00,23.0940
2319.50,23.0877
2320.00,23.0836
2320.50,23.0812
2321.00,23.0806
2321.50,23.0827
2322.00,23.0870
2322.50,23.0908
2323.00,23.0899
2323.50,23.0805
2324.00,23.0615
2324.50,23.0348
2325.00,23.0062
2325.50,22.9832
2326.00,22.9721
2326.50,22.9743
2327.00,22.9864
2327.50,23.0014
2328.00,23.0120
2328.50,23.0131
2329.00,23.0044
2329.50,22.9908
2330.00,22.9791
2330.50,22.9747
2331.00,22.9786
2331.50,22.9884
2332.00,23.0003
2332.50,23.0115
2333.00,23.0207
2333.50,23.0282
2334.00,23.0353
2334.50,23.0435
2335.00,23.0526
2335.50,23.0612
2336.00,23.0674
2336.50,23.0702
2337.00,23.0689
2337.50,23.0627
2338.00,23.0530
2338.50,23.0434
2339.00,23.0388
2339.50,23.0410
2340.00,23.0472
2340.50,23.0521
2341.00,23.0526
2341.50,23.0498
2342.00,23.0463
2342.50,23.0436
2343.00,23.0413
2343.50,23.0389
2344.00,23.0361
2344.50,23.0316
2345.00,23.0242
2345.50,23.0144
2346.00,23.0052
2346.50,22.9996
2347.00,22.9985
2347.50,22.9998
2348.00,23.0016
2348.50,23.0033
2349.00,23.0060
2349.50,23.0113
2350.00,23.0196
2350.50,23.0300
2351.00,23.0410
2351.50,23.0503
2352.00,23.0566
2352.50,23.0594
2353.00,23.0603
2353.50,23.0615
2354.00,23.0638
2354.50,23.0664
2355.00,23.0673
2355.50,23.0661
2356.00,23.0641
2356.50,23.0636
2357.00,23.0663
2357.50,23.0728
2358.00,23.0831
2358.50,23.0971
2359.00,23.1149
2359.50,23.1357
2360.00,23.1555
2360.50,23.1680
2361.00,23.1684
2361.50,23.1581
2362.00,23.1436
2362.50,23.1319
2363.00,23.1251
2363.50,23.1210
2364.00,23.1166
2364.50,23.1111
2365.00,23.1060
2365.50,23.1016
2366.00,23.0952
2366.50,23.0825
2367.00,23.0613
2367.50,23.0333
2368.00,23.0022
2368.50,22.9702
2369.00,22.9379
2369.50,22.9060
2370.00,22.8774
2370.50,22.8564
2371.00,22.8458
2371.50,22.8459
2372.00,22.8528
2372.50,22.8609
2373.00,22.8647
2373.50,22.8619
2374.00,22.8536
2374.50,22.8437
2375.00,22.8371
2375.50,22.8385
2376.00,22.8492
2376.50,22.8664
2377.00,22.8835
2377.50,22.8954
2378.00,22.9016
2378.50,22.9057
2379.00,22.9118
2379.50,22.9209
2380.00,22.9317
2380.50,22.9424
2381.00,22.9516
2381.50,22.9580
2382.00,22.9596
2382.50,22.9563
2383.00,22.9501
2383.50,22.9452
2384.00,22.9446
2384.50,22.9483
2385.00,22.9540
2385.50,22.9598
2386.00,22.9653
2386.50,22.9715
2387.00,22.9792
2387.50,22.9876
2388.00,22.9940
2388.50,22.9947
2389.00,22.9877
2389.50,22.9742
2390.00,22.9572
2390.50,22.9385
2391.00,22.9184
2391.50,22.8967
2392.00,22.8751
2392.50,22.8566
2393.00,22.8438
2393.50,22.8365
2394.00,22.8314
2394.50,22.8245
2395.00,22.8138
2395.50,22.8009
2396.00,22.7900
2396.50,22.7844
2397.00,22.7855
2397.50,22.7929
2398.00,22.8052
2398.50,22.8207
2399.00,22.8375
2399.50,22.8535
2400.00,22.8682
2400.50,22.8834
2401.00,22.9021
2401.50,22.9252
2402.00,22.9498
2402.50,22.9709
2403.00,22.9848
2403.50,22.9919
2404.00,22.9954
2404.50,22.9991
2405.00,23.0050
2405.50,23.0124
2406.00,23.0191
2406.50,23.0233
2407.00,23.0262
2407.50,23.0313
2408.00,23.0421
2408.50,23.0585
2409.00,23.0774
2409.50,23.0962
2410.00,23.1140
2410.50,23.1315
2411.00,23.1482
2411.50,23.1632
2412.00,23.1755
2412.50,23.1861
2413.00,23.1961
2413.50,23.2056
2414.00,23.2145
2414.50,23.2225
2415.00,23.2302
2415.50,23.2383
2416.00,23.2476
2416.50,23.2577
2417.00,23.2674
2417.50,23.2742
2418.00,23.2769
2418.50,23.2761
2419.00,23.2739
2419.50,23.2726
2420.00,23.2742
2420.50,23.2803
2421.00,23.2919
2421.50,23.3076
2422.00,23.3229
2422.50,23.3321
2423.00,23.3324
2423.50,23.3251
2424.00,23.3144
2424.50,23.3030
2425.00,23.2914
2425.50,23.2784
2426.00,23.2633
2426.50,23.2473
2427.00,23.2329
2427.50,23.2225
2428.00,23.2173
2428.50,23.2175
2429.00,23.2235
2429.50,23.2359
2430.00,23.2542
2430.50,23.2747
2431.00,23.2912
2431.50,23.2971
2432.00,23.2899
2432.50,23.2728
2433.00,23.2536
2433.50,23.2401
2434.00,23.2362
2434.50,23.2396
2435.00,23.2450
2435.50,23.2480
2436.00,23.2487
2436.50,23.2514
2437.00,23.2604
2437.50,23.2765
2438.00,23.2965
2438.50,23.3155
2439.00,23.3303
2439.50,23.3400
2440.00,23.3457
2440.50,23.3505
2441.00,23.3589
2441.50,23.3745
2442.00,23.3958
2442.50,23.4160
2443.00,23.4257
2443.50,23.4194
2444.00,23.3981
2444.50,23.3679
2445.00,23.3377
2445.50,23.3147
2446.00,23.3025
2446.50,23.3003
2447.00,23.3032
2447.50,23.3055
2448.00,23.3026
2448.50,23.2937
2449.00,23.2819
2449.50,23.2728
2450.00,23.2712
2450.50,23.2776
2451.00,23.2882
2451.50,23.2973
2452.00,23.3003
2452.50,23.2966
2453.00,23.2885
2453.50,23.2790
2454.00,23.2695
2454.50,23.2611
2455.00,23.2555
2455.50,23.2543
2456.00,23.2570
2456.50,23.2603
2457.00,23.2594
2457.50,23.2508
2458.00,23.2340
2458.50,23.2125
2459.00,23.1926
2459.50,23.1799
2460.00,23.1768
2460.50,23.1811
2461.00,23.1885
2461.50,23.1937
2462.00,23.1924
2462.50,23.1822
2463.00,23.1641
2463.50,23.1419
2464.00,23.1192
2464.50,23.0986
2465.00,23.0820
2465.50,23.0720
2466.00,23.0705
2466.50,23.0767
2467.00,23.0867
2467.50,23.0966
2468.00,23.1046
2468.50,23.1111
2469.00,23.1153
2469.50,23.1158
2470.00,23.1125
2470.50,23.1088
2471.00,23.1103
2471.50,23.1202
2472.00,23.1372
2472.50,23.1559
2473.00,23.1716
2473.50,23.1827
2474.00,23.1910
2474.50,23.2001
2475.00,23.2124
2475.50,23.2287
2476.00,23.2485
2476.50,23.2706
2477.00,23.2927
2477.50,23.3120
2478.00,23.3270
2478.50,23.3372
2479.00,23.3424
2479.50,23.3407
2480.00,23.3300
2480.50,23.3106
2481.00,23.2865
2481.50,23.2642
2482.00,23.2487
2482.50,23.2421
2483.00,23.2429
2483.50,23.2490
2484.00,23.2586
2484.50,23.2703
2485.00,23.2812
2485.50,23.2865
2486.00,23.2827
2486.50,23.2698
2487.00,23.2517
2487.50,23.2335
2488.00,23.2188
2488.50,23.2075
2489.00,23.1970
2489.50,23.1842
2490.00,23.1684
2490.50,23.1508
2491.00,23.1330
2491.50,23.1157
2492.00,23.0989
2492.50,23.0821
2493.00,23.0654
2493.50,23.0503
2494.00,23.0379
2494.50,23.0282
2495.00,23.0186
2495.50,23.0068
2496.00,22.9922
2496.50,22.9768
2497.00,22.9648
2497.50,22.9599
2498.00,22.9639
2498.50,22.9763
2499.00,22.9945
2499.50,23.0148
2500.00,23.0337
2500.50,23.0489
2501.00,23.0593
2501.50,23.0652
2502.00,23.0674
2502.50,23.0667
2503.00,23.0646
2503.50,23.0637
2504.00,23.0660
2504.50,23.0718
2505.00,23.0795
2505.50,23.0862
2506.00,23.0906
2506.50,23.0931
2507.00,23.0956
2507.50,23.1000
2508.00,23.1070
2508.50,23.1152
2509.00,23.1220
2509.50,23.1241
2510.00,23.1198
2510.50,23.1112
2511.00,23.1042
2511.50,23.1051
2512.00,23.1170
2512.50,23.1375
2513.00,23.1602
2513.50,23.1783
2514.00,23.1878
2514.50,23.1880
2515.00,23.1818
2515.50,23.1740
2516.00,23.1694
2516.50,23.1702
2517.00,23.1763
2517.50,23.1870
2518.00,23.2027
2518.50,23.2244
2519.00,23.2513
2519.50,23.2793
2520.00,23.3023
2520.50,23.3146
2521.00,23.3139
2521.50,23.3026
2522.00,23.2866
2522.50,23.2726
2523.00,23.2648
2523.50,23.2628
2524.00,23.2629
2524.50,23.2614
2525.00,23.2585
2525.50,23.2576
2526.00,23.2633
2526.50,23.2776
2527.00,23.3000
2527.50,23.3277
2528.00,23.3575
2528.50,23.3852
2529.00,23.4057
2529.50,23.4141
2530.00,23.4090
2530.50,23.3946
2531.00,23.3800
2531.50,23.3740
2532.00,23.3806
2532.50,23.3968
2533.00,23.4156
2533.50,23.4309
2534.00,23.4395
2534.50,23.4420
2535.00,23.4404
2535.50,23.4372
2536.00,23.4346
2536.50,23.4354
2537.00,23.4423
2537.50,23.4557
2538.00,23.4732
2538.50,23.4909
2539.00,23.5067
2539.50,23.5211
2540.00,23.5357
2540.50,23.5504
2541.00,23.5634
2541.50,23.5737
2542.00,23.5818
2542.50,23.5896
2543.00,23.5992
2543.50,23.6116
2544.00,23.6260
2544.50,23.6402
2545.00,23.6516
2545.50,23.6597
2546.00,23.6658
2546.50,23.6719
2547.00,23.6789
2547.50,23.6867
2548.00,23.6945
2548.50,23.7008
2549.00,23.7036
2549.50,23.7021
2550.00,23.6972
2550.50,23.6910
2551.00,23.6853
2551.50,23.6808
2552.00,23.6773
2552.50,23.6746
2553.00,23.6725
2553.50,23.6715
2554.00,23.6719
2554.50,23.6740
2555.00,23.6774
2555.50,23.6804
2556.00,23.6809
2556.50,23.6772
2557.00,23.6690
2557.50,23.6563
2558.00,23.6401
2558.50,23.6220
2559.00,23.6038
2559.50,23.5865
2560.00,23.5698
2560.50,23.5521
2561.00,23.5316
2561.50,23.5066
2562.00,23.4759
2562.50,23.4422
2563.00,23.4119
2563.50,23.3931
2564.00,23.3899
2564.50,23.3989
2565.00,23.4119
2565.50,23.4217
2566.00,23.4264
2566.50,23.4279
2567.00,23.4289
2567.50,23.4308
2568.00,23.4340
2568.50,23.4384
2569.00,23.4430
2569.50,23.4459
2570.00,23.4469
2570.50,23.4473
2571.00,23.4491
2571.50,23.4520
2572.00,23.4530
2572.50,23.4492
2573.00,23.4394
2573.50,23.4252
2574.00,23.4097
2574.50,23.3962
2575.00,23.3862
2575.50,23.3786
2576.00,23.3699
2576.50,23.3577
2577.00,23.3422
2577.50,23.3267
2578.00,23.3139
2578.50,23.3055
2579.00,23.3021
2579.50,23.3047
2580.00,23.3132
2580.50,23.3258
2581.00,23.3388
2581.50,23.3487
2582.00,23.3554
2582.50,23.3617
2583.00,23.3721
2583.50,23.3888
2584.00,23.4104
2584.50,23.4324
2585.00,23.4507
2585.50,23.4640
2586.00,23.4744
2586.50,23.4847
2587.00,23.4953
2587.50,23.5049
2588.00,23.5126
2588.50,23.5206
2589.00,23.5323
2589.50,23.5482
2590.00,23.5648
2590.50,23.5778
2591.00,23.5871
2591.50,23.5971
2592.00,23.6125
2592.50,23.6344
2593.00,23.6588
2593.50,23.6790
2594.00,23.6887
2594.50,23.6860
2595.00,23.6732
2595.50,23.6553
2596.00,23.6371
2596.50,23.6206
2597.00,23.6049
2597.50,23.5874
2598.00,23.5660
2598.50,23.5413
2599.00,23.5167
2599.50,23.4969
2600.00,23.4841
2600.50,23.4767
2601.00,23.4698
2601.50,23.4595
2602.00,23.4459
2602.50,23.4333
2603.00,23.4281
2603.50,23.4337
2604.00,23.4481
2604.50,23.4640
2605.00,23.4740
2605.50,23.4758
2606.00,23.4737
2606.50,23.4744
2607.00,23.4807
2607.50,23.4899
2608.00,23.4968
2608.50,23.4990
2609.00,23.4988
2609.50,23.5012
2610.00,23.5100
2610.50,23.5248
2611.00,23.5405
2611.50,23.5509
2612.00,23.5525
2612.50,23.5460
2613.00,23.5344
2613.50,23.5211
2614.00,23.5086
2614.50,23.4984
2615.00,23.4902
2615.50,23.4829
2616.00,23.4752
2616.50,23.4675
2617.00,23.4608
2617.50,23.4556
2618.00,23.4512
2618.50,23.4468
2619.00,23.4426
2619.50,23.4397
2620.00,23.4389
2620.50,23.4405
2621.00,23.4443
2621.50,23.4504
2622.00,23.4573
2622.50,23.4627
2623.00,23.4651
2623.50,23.4665
2624.00,23.4715
2624.50,23.4844
2625.00,23.5065
2625.50,23.5345
2626.00,23.5619
2626.50,23.5823
2627.00,23.5927
2627.50,23.5947
2628.00,23.5933
2628.50,23.5938
2629.00,23.5990
2629.50,23.6088
2630.00,23.6218
2630.50,23.6369
2631.00,23.6531
2631.50,23.6691
2632.00,23.6830
2632.50,23.6930
2633.00,23.6987
2633.50,23.7012
2634.00,23.7014
2634.50,23.6982
2635.00,23.6889
2635.50,23.6721
2636.00,23.6506
2636.50,23.6304
2637.00,23.6176
2637.50,23.6132
2638.00,23.6134
2638.50,23.6130
2639.00,23.6095
2639.50,23.6039
2640.00,23.5990
2640.50,23.5973
2641.00,23.5992
2641.50,23.6034
2642.00,23.6073
2642.50,23.6084
2643.00,23.6044
2643.50,23.5948
2644.00,23.5815
2644.50,23.5683
2645.00,23.5582
2645.50,23.5513
2646.00,23.5455
2646.50,23.5392
2647.00,23.5336
2647.50,23.5319
2648.00,23.5365
2648.50,23.5460
2649.00,23.5559
2649.50,23.5617
2650.00,23.5624
2650.50,23.5601
2651.00,23.5566
2651.50,23.5519
2652.00,23.5452
2652.50,23.5369
2653.00,23.5301
2653.50,23.5290
2654.00,23.5373
2654.50,23.5559
2655.00,23.5821
2655.50,23.6103
2656.00,23.6336
2656.50,23.6470
2657.00,23.6504
2657.50,23.6473
2658.00,23.6424
2658.50,23.6398
2659.00,23.6416
2659.50,23.6490
2660.00,23.6607
2660.50,23.6740
2661.00,23.6870
2661.50,23.7003
2662.00,23.7166
2662.50,23.7375
2663.00,23.7610
2663.50,23.7821
2664.00,23.7961
2664.50,23.8013
2665.00,23.7987
2665.50,23.7906
2666.00,23.7790
2666.50,23.7666
2667.00,23.7567
2667.50,23.7523
2668.00,23.7534
2668.50,23.7564
2669.00,23.7565
2669.50,23.7495
2670.00,23.7340
2670.50,23.7122
2671.00,23.6893
2671.50,23.6717
2672.00,23.6639
2672.50,23.6656
2673.00,23.6738
2673.50,23.6846
2674.00,23.6948
2674.50,23.7013
2675.00,23.7009
2675.50,23.6927
2676.00,23.6800
2676.50,23.6701
2677.00,23.6691
2677.50,23.6790
2678.00,23.6983
2678.50,23.7235
2679.00,23.7509
2679.50,23.7752
2680.00,23.7910
2680.50,23.7959
2681.00,23.7929
2681.50,23.7879
2682.00,23.7859
2682.50,23.7877
2683.00,23.7913
2683.50,23.7951
2684.00,23.8001
2684.50,23.8084
2685.00,23.8202
2685.50,23.8320
2686.00,23.8371
2686.50,23.8305
2687.00,23.8128
2687.50,23.7910
2688.00,23.7735
2688.50,23.7638
2689.00,23.7586
2689.50,23.7503
2690.00,23.7337
2690.50,23.7095
2691.00,23.6826
2691.50,23.6586
2692.00,23.6392
2692.50,23.6237
2693.00,23.6116
2693.50,23.6041
2694.00,23.6029
2694.50,23.6082
2695.00,23.6188
2695.50,23.6319
2696.00,23.6435
2696.50,23.6491
2697.00,23.6451
2697.50,23.6313
2698.00,23.6111
2698.50,23.5918
2699.00,23.5801
2699.50,23.5783
2700.00,23.5823
2700.50,23.5844
2701.00,23.5789
2701.50,23.5653
2702.00,23.5473
2702.50,23.5301
2703.00,23.5172
2703.50,23.5093
2704.00,23.5047
2704.50,23.5007
2705.00,23.4953
2705.50,23.4875
2706.00,23.4768
2706.50,23.4629
2707.00,23.4465
2707.50,23.4298
2708.00,23.4163
2708.50,23.4093
2709.00,23.4106
2709.50,23.4191
2710.00,23.4317
2710.50,23.4455
2711.00,23.4578
2711.50,23.4676
2712.00,23.4752
2712.50,23.4811
2713.00,23.4859
2713.50,23.4897
2714.00,23.4918
2714.50,23.4910
2715.00,23.4869
2715.50,23.4800
2716.00,23.4712
2716.50,23.4608
2717.00,23.4485
2717.50,23.4350
2718.00,23.4223
2718.50,23.4125
2719.00,23.4065
2719.50,23.4025
2720.00,23.3974
2720.50,23.3893
2721.00,23.3798
2721.50,23.3730
2722.00,23.3716
2722.50,23.3750
2723.00,23.3807
2723.50,23.3871
2724.00,23.3942
2724.50,23.4020
2725.00,23.4109
2725.50,23.4217
2726.00,23.4351
2726.50,23.4502
2727.00,23.4644
2727.50,23.4751
2728.00,23.4806
2728.50,23.4805
2729.00,23.4743
2729.50,23.4616
2730.00,23.4431
2730.50,23.4214
2731.00,23.3996
2731.50,23.3797
2732.00,23.3630
2732.50,23.3509
2733.00,23.3438
2733.50,23.3401
2734.00,23.3361
2734.50,23.3289
2735.00,23.3195
2735.50,23.3115
2736.00,23.3073
2736.50,23.3045
2737.00,23.2978
2737.50,23.2826
2738.00,23.2591
2738.50,23.2316
2739.00,23.2074
2739.50,23.1926
2740.00,23.1893
2740.50,23.1951
2741.00,23.2051
2741.50,23.2151
2742.00,23.2235
2742.50,23.2309
2743.00,23.2388
2743.50,23.2497
2744.00,23.2662
2744.50,23.2891
2745.00,23.3169
2745.50,23.3460
2746.00,23.3730
2746.50,23.3969
2747.00,23.4186
2747.50,23.4405
2748.00,23.4646
2748.50,23.4916
2749.00,23.5198
2749.50,23.5459
2750.00,23.5656
2750.50,23.5768
2751.00,23.5815
2751.50,23.5840
2752.00,23.5890
2752.50,23.5980
2753.00,23.6086
2753.50,23.6159
2754.00,23.6151
2754.50,23.6044
2755.00,23.5865
2755.50,23.5670
2756.00,23.5521
2756.50,23.5453
2757.00,23.5457
2757.50,23.5494
2758.00,23.5520
2758.50,23.5514
2759.00,23.5482
2759.50,23.5451
2760.00,23.5449
2760.50,23.5493
2761.00,23.5588
2761.50,23.5730
2762.00,23.5913
2762.50,23.6136
2763.00,23.6401
2763.50,23.6701
2764.00,23.7016
2764.50,23.7316
2765.00,23.7582
2765.50,23.7812
2766.00,23.8018
2766.50,23.8197
2767.00,23.8328
2767.50,23.8384
2768.00,23.8370
2768.50,23.8322
2769.00,23.8282
2769.50,23.8277
2770.00,23.8308
2770.50,23.8349
2771.00,23.8358
2771.50,23.8293
2772.00,23.8136
2772.50,23.7911
2773.00,23.7675
2773.50,23.7483
2774.00,23.7363
2774.50,23.7320
2775.00,23.7351
2775.50,23.7440
2776.00,23.7549
2776.50,23.7620
2777.00,23.7604
2777.50,23.7501
2778.00,23.7371
2778.50,23.7295
2779.00,23.7323
2779.50,23.7454
2780.00,23.7647
2780.50,23.7849
2781.00,23.8023
2781.50,23.8149
2782.00,23.8227
2782.50,23.8275
2783.00,23.8319
2783.50,23.8371
2784.00,23.8425
2784.50,23.8470
2785.00,23.8513
2785.50,23.8571
2786.00,23.8647
2786.50,23.8725
2787.00,23.8786
2787.50,23.8836
2788.00,23.8905
2788.50,23.9033
2789.00,23.9238
2789.50,23.9501
2790.00,23.9777
2790.50,24.0015
2791.00,24.0198
2791.50,24.0336
2792.00,24.0448
2792.50,24.0533
2793.00,24.0570
2793.50,24.0542
2794.00,24.0456
2794.50,24.0339
2795.00,24.0217
2795.50,24.0112
2796.00,24.0027
2796.50,23.9951
2797.00,23.9870
2797.50,23.9777
2798.00,23.9685
2798.50,23.9611
2799.00,23.9562
2799.50,23.9531
2800.00,23.9494
2800.50,23.9422
2801.00,23.9290
2801.50,23.9087
2802.00,23.8819
2802.50,23.8519
2803.00,23.8232
2803.50,23.8005
2804.00,23.7866
2804.50,23.7819
2805.00,23.7845
2805.50,23.7906
2806.00,23.7959
2806.50,23.7978
2807.00,23.7958
2807.50,23.7917
2808.00,23.7877
2808.50,23.7848
2809.00,23.7825
2809.50,23.7790
2810.00,23.7725
2810.50,23.7616
2811.00,23.7463
2811.50,23.7276
2812.00,23.7078
2812.50,23.6891
2813.00,23.6737
2813.50,23.6632
2814.00,23.6583
2814.50,23.6593
2815.00,23.6660
2815.50,23.6788
2816.00,23.6978
2816.50,23.7206
2817.00,23.7428
2817.50,23.7590
2818.00,23.7662
2818.50,23.7653
2819.00,23.7598
2819.50,23.7542
2820.00,23.7517
2820.50,23.7536
2821.00,23.7593
2821.50,23.7676
2822.00,23.7775
2822.50,23.7883
2823.00,23.8002
2823.50,23.8132
2824.00,23.8261
2824.50,23.8375
2825.00,23.8476
2825.50,23.8591
2826.00,23.8751
2826.50,23.8960
2827.00,23.9187
2827.50,23.9380
2828.00,23.9489
2828.50,23.9492
2829.00,23.9400
2829.50,23.9248
2830.00,23.9081
2830.50,23.8929
2831.00,23.8797
2831.50,23.8662
2832.00,23.8490
2832.50,23.8261
2833.00,23.7986
2833.50,23.7700
2834.00,23.7439
2834.50,23.7228
2835.00,23.7076
2835.50,23.6974
2836.00,23.6901
2836.50,23.6831
2837.00,23.6747
2837.50,23.6644
2838.00,23.6519
2838.50,23.6376
2839.00,23.6226
2839.50,23.6087
2840.00,23.5970
2840.50,23.5868
2841.00,23.5769
2841.50,23.5675
2842.00,23.5613
2842.50,23.5614
2843.00,23.5682
2843.50,23.5782
2844.00,23.5865
2844.50,23.5902
2845.00,23.5893
2845.50,23.5861
2846.00,23.5835
2846.50,23.5837
2847.00,23.5884
2847.50,23.5982
2848.00,23.6123
2848.50,23.6289
2849.00,23.6454
2849.50,23.6606
2850.00,23.6753
2850.50,23.6916
2851.00,23.7109
2851.50,23.7314
2852.00,23.7488
2852.50,23.7589
2853.00,23.7610
2853.50,23.7580
2854.00,23.7545
2854.50,23.7535
2855.00,23.7554
2855.50,23.7590
2856.00,23.7630
2856.50,23.7663
2857.00,23.7670
2857.50,23.7626
2858.00,23.7517
2858.50,23.7357
