0.00,0.0000
0.50,0.6766
1.00,1.5421
1.50,2.5073
2.00,3.4585
2.50,4.3007
3.00,4.9876
3.50,5.5242
4.00,5.9471
4.50,6.2994
5.00,6.6107
5.50,6.8932
6.00,7.1476
6.50,7.3723
7.00,7.5672
7.50,7.7334
8.00,7.8715
8.50,7.9828
9.00,8.0741
9.50,8.1588
10.00,8.2516
10.50,8.3610
11.00,8.4861
11.50,8.6193
12.00,8.7530
12.50,8.8823
13.00,9.0062
13.50,9.1249
14.00,9.2356
14.50,9.3288
15.00,9.3929
15.50,9.4240
16.00,9.4316
16.50,9.4332
17.00,9.4447
17.50,9.4751
18.00,9.5281
18.50,9.6041
19.00,9.6990
19.50,9.8021
20.00,9.8998
20.50,9.9823
21.00,10.0475
21.50,10.0990
22.00,10.1395
22.50,10.1695
23.00,10.1886
23.50,10.1992
24.00,10.2080
24.50,10.2243
25.00,10.2564
25.50,10.3063
26.00,10.3659
26.50,10.4211
27.00,10.4602
27.50,10.4828
28.00,10.4996
28.50,10.5248
29.00,10.5649
29.50,10.6136
30.00,10.6569
30.50,10.6847
31.00,10.6982
31.50,10.7088
32.00,10.7286
32.50,10.7614
33.00,10.8009
33.50,10.8369
34.00,10.8630
34.50,10.8811
35.00,10.8986
35.50,10.9243
36.00,10.9639
36.50,11.0160
37.00,11.0721
37.50,11.1212
38.00,11.1567
38.50,11.1795
39.00,11.1961
39.50,11.2118
40.00,11.2284
40.50,11.2442
41.00,11.2582
41.50,11.2712
42.00,11.2842
42.50,11.2968
43.00,11.3090
43.50,11.3234
44.00,11.3443
44.50,11.3733
45.00,11.4067
45.50,11.4358
46.00,11.4543
46.50,11.4639
47.00,11.4758
47.50,11.5009
48.00,11.5387
48.50,11.5760
49.00,11.5990
49.50,11.6074
50.00,11.6135
50.50,11.6287
51.00,11.6519
51.50,11.6742
52.00,11.6916
52.50,11.7102
53.00,11.7393
53.50,11.7815
54.00,11.8322
54.50,11.8847
55.00,11.9356
55.50,11.9832
56.00,12.0245
56.50,12.0553
57.00,12.0741
57.50,12.0829
58.00,12.0858
58.50,12.0860
59.00,12.0860
59.50,12.0877
60.00,12.0911
60.50,12.0933
61.00,12.0920
61.50,12.0908
62.00,12.0993
62.50,12.1269
63.00,12.1739
63.50,12.2312
64.00,12.2851
64.50,12.3243
65.00,12.3441
65.50,12.3470
66.00,12.3416
66.50,12.3386
67.00,12.3450
67.50,12.3603
68.00,12.3763
68.50,12.3826
69.00,12.3736
69.50,12.3537
70.00,12.3355
70.50,12.3342
71.00,12.3580
71.50,12.4037
72.00,12.4586
72.50,12.5080
73.00,12.5429
73.50,12.5627
74.00,12.5724
74.50,12.5781
75.00,12.5833
75.50,12.5898
76.00,12.5996
76.50,12.6168
77.00,12.6457
77.50,12.6858
78.00,12.7301
78.50,12.7678
79.00,12.7923
79.50,12.8051
80.00,12.8124
80.50,12.8180
81.00,12.8221
81.50,12.8257
82.00,12.8340
82.50,12.8520
83.00,12.8788
83.50,12.9076
84.00,12.9313
84.50,12.9484
85.00,12.9634
85.50,12.9821
86.00,13.0061
86.50,13.0295
87.00,13.0439
87.50,13.0461
88.00,13.0427
88.50,13.0443
89.00,13.0571
89.50,13.0784
90.00,13.1007
90.50,13.1177
91.00,13.1252
91.50,13.1219
92.00,13.1111
92.50,13.1008
93.00,13.0979
93.50,13.1030
94.00,13.1114
94.50,13.1212
95.00,13.1364
95.50,13.1616
96.00,13.1955
96.50,13.2302
97.00,13.2584
97.50,13.2782
98.00,13.2927
98.50,13.3075
99.00,13.3272
99.50,13.3524
100.00,13.3765
100.50,13.3896
101.00,13.3868
101.50,13.3736
102.00,13.3620
102.50,13.3625
103.00,13.3782
103.50,13.4065
104.00,13.4418
104.50,13.4774
105.00,13.5065
105.50,13.5247
106.00,13.5321
106.50,13.5321
107.00,13.5294
107.50,13.5271
108.00,13.5281
108.50,13.5370
109.00,13.5587
109.50,13.5933
110.00,13.6319
110.50,13.6603
111.00,13.6692
111.50,13.6606
112.00,13.6471
112.50,13.6427
113.00,13.6552
113.50,13.6849
114.00,13.7251
114.50,13.7644
115.00,13.7916
115.50,13.8019
116.00,13.7994
116.50,13.7932
117.00,13.7913
117.50,13.7974
118.00,13.8109
118.50,13.8290
119.00,13.8479
119.50,13.8632
120.00,13.8710
120.50,13.8694
121.00,13.8602
121.50,13.8477
122.00,13.8370
122.50,13.8323
123.00,13.8353
123.50,13.8439
124.00,13.8533
124.50,13.8607
125.00,13.8692
125.50,13.8842
126.00,13.9061
126.50,13.9282
127.00,13.9435
127.50,13.9513
128.00,13.9582
128.50,13.9723
129.00,13.9986
129.50,14.0384
130.00,14.0875
130.50,14.1353
131.00,14.1685
131.50,14.1790
132.00,14.1711
132.50,14.1577
133.00,14.1494
133.50,14.1465
134.00,14.1412
134.50,14.1270
135.00,14.1058
135.50,14.0887
136.00,14.0890
136.50,14.1141
137.00,14.1594
137.50,14.2101
138.00,14.2490
138.50,14.2662
139.00,14.2639
139.50,14.2536
140.00,14.2473
140.50,14.2502
141.00,14.2602
141.50,14.2728
142.00,14.2873
142.50,14.3069
143.00,14.3325
143.50,14.3577
144.00,14.3709
144.50,14.3640
145.00,14.3405
145.50,14.3138
146.00,14.2998
146.50,14.3066
147.00,14.3307
147.50,14.3604
148.00,14.3840
148.50,14.3978
149.00,14.4053
149.50,14.4102
150.00,14.4110
150.50,14.4034
151.00,14.3861
151.50,14.3646
152.00,14.3480
152.50,14.3438
153.00,14.3525
153.50,14.3676
154.00,14.3804
154.50,14.3868
155.00,14.3895
155.50,14.3948
156.00,14.4072
156.50,14.4258
157.00,14.4454
157.50,14.4600
158.00,14.4664
158.50,14.4638
159.00,14.4526
159.50,14.4337
160.00,14.4109
160.50,14.3911
161.00,14.3821
161.50,14.3871
162.00,14.4032
162.50,14.4238
163.00,14.4420
163.50,14.4542
164.00,14.4612
164.50,14.4677
165.00,14.4794
165.50,14.4986
166.00,14.5219
166.50,14.5422
167.00,14.5540
167.50,14.5566
168.00,14.5518
168.50,14.5423
169.00,14.5303
169.50,14.5196
170.00,14.5152
170.50,14.5201
171.00,14.5342
171.50,14.5563
172.00,14.5862
172.50,14.6243
173.00,14.6665
173.50,14.7031
174.00,14.7244
174.50,14.7290
175.00,14.7242
175.50,14.7190
176.00,14.7183
176.50,14.7225
177.00,14.7322
177.50,14.7476
178.00,14.7666
178.50,14.7826
179.00,14.7879
179.50,14.7770
180.00,14.7492
180.50,14.7093
181.00,14.6672
181.50,14.6343
182.00,14.6183
182.50,14.6196
183.00,14.6341
183.50,14.6567
184.00,14.6831
184.50,14.7089
185.00,14.7298
185.50,14.7460
186.00,14.7636
186.50,14.7886
187.00,14.8177
187.50,14.8375
188.00,14.8346
188.50,14.8090
189.00,14.7748
189.50,14.7491
190.00,14.7408
190.50,14.7486
191.00,14.7649
191.50,14.7811
192.00,14.7909
192.50,14.7927
193.00,14.7916
193.50,14.7969
194.00,14.8169
194.50,14.8535
195.00,14.8999
195.50,14.9426
196.00,14.9678
196.50,14.9677
197.00,14.9439
197.50,14.9073
198.00,14.8738
198.50,14.8572
199.00,14.8640
199.50,14.8884
200.00,14.9153
200.50,14.9296
201.00,14.9275
201.50,14.9195
202.00,14.9213
202.50,14.9403
203.00,14.9707
203.50,15.0002
204.00,15.0198
204.50,15.0275
205.00,15.0268
205.50,15.0218
206.00,15.0153
206.50,15.0085
207.00,15.0013
207.50,14.9926
208.00,14.9813
208.50,14.9690
209.00,14.9610
209.50,14.9633
210.00,14.9781
210.50,15.0032
211.00,15.0343
211.50,15.0672
212.00,15.0975
212.50,15.1207
213.00,15.1336
213.50,15.1363
214.00,15.1323
214.50,15.1256
215.00,15.1195
215.50,15.1166
216.00,15.1178
216.50,15.1207
217.00,15.1199
217.50,15.1110
218.00,15.0954
218.50,15.0800
219.00,15.0727
219.50,15.0761
220.00,15.0879
220.50,15.1026
221.00,15.1162
221.50,15.1264
222.00,15.1334
222.50,15.1389
223.00,15.1444
223.50,15.1508
224.00,15.1574
224.50,15.1612
225.00,15.1588
225.50,15.1500
226.00,15.1420
226.50,15.1465
227.00,15.1709
227.50,15.2087
228.00,15.2416
228.50,15.2517
229.00,15.2356
229.50,15.2056
230.00,15.1802
230.50,15.1703
231.00,15.1730
231.50,15.1783
232.00,15.1797
232.50,15.1789
233.00,15.1821
233.50,15.1919
234.00,15.2054
234.50,15.2180
235.00,15.2273
235.50,15.2329
236.00,15.2345
236.50,15.2327
237.00,15.2298
237.50,15.2299
238.00,15.2371
238.50,15.2523
239.00,15.2726
239.50,15.2915
240.00,15.3030
240.50,15.3054
241.00,15.3027
241.50,15.3008
242.00,15.3035
242.50,15.3096
243.00,15.3153
243.50,15.3167
244.00,15.3140
244.50,15.3126
245.00,15.3198
245.50,15.3396
246.00,15.3676
246.50,15.3939
247.00,15.4084
247.50,15.4065
248.00,15.3919
248.50,15.3743
249.00,15.3635
249.50,15.3633
250.00,15.3709
250.50,15.3833
251.00,15.4020
251.50,15.4307
252.00,15.4676
252.50,15.5024
253.00,15.5214
253.50,15.5162
254.00,15.4886
254.50,15.4494
255.00,15.4125
255.50,15.3879
256.00,15.3783
256.50,15.3802
257.00,15.3856
257.50,15.3866
258.00,15.3790
258.50,15.3651
259.00,15.3532
259.50,15.3513
260.00,15.3628
260.50,15.3860
261.00,15.4171
261.50,15.4522
262.00,15.4865
262.50,15.5129
263.00,15.5255
263.50,15.5239
264.00,15.5162
264.50,15.5148
265.00,15.5284
265.50,15.5554
266.00,15.5848
266.50,15.6035
267.00,15.6052
267.50,15.5935
268.00,15.5787
268.50,15.5698
269.00,15.5687
269.50,15.5703
270.00,15.5679
270.50,15.5592
271.00,15.5484
271.50,15.5429
272.00,15.5485
272.50,15.5649
273.00,15.5866
273.50,15.6059
274.00,15.6156
274.50,15.6107
275.00,15.5907
275.50,15.5616
276.00,15.5352
276.50,15.5247
277.00,15.5384
277.50,15.5733
278.00,15.6155
278.50,15.6468
279.00,15.6565
279.50,15.6480
280.00,15.6350
280.50,15.6286
281.00,15.6308
281.50,15.6383
282.00,15.6507
282.50,15.6708
283.00,15.6979
283.50,15.7263
284.00,15.7500
284.50,15.7678
285.00,15.7808
285.50,15.7888
286.00,15.7906
286.50,15.7881
287.00,15.7871
287.50,15.7906
288.00,15.7933
288.50,15.7846
289.00,15.7594
289.50,15.7259
290.00,15.7013
290.50,15.6984
291.00,15.7160
291.50,15.7425
292.00,15.7664
292.50,15.7831
293.00,15.7937
293.50,15.7990
294.00,15.7961
294.50,15.7824
295.00,15.7586
295.50,15.7308
296.00,15.7070
296.50,15.6937
297.00,15.6932
297.50,15.7030
298.00,15.7172
298.50,15.7302
299.00,15.7388
299.50,15.7427
300.00,15.7435
300.50,15.7441
301.00,15.7485
301.50,15.7604
302.00,15.7802
302.50,15.8024
303.00,15.8169
303.50,15.8148
304.00,15.7946
304.50,15.7631
305.00,15.7310
305.50,15.7074
306.00,15.6955
306.50,15.6914
307.00,15.6868
307.50,15.6750
308.00,15.6572
308.50,15.6421
309.00,15.6397
309.50,15.6537
310.00,15.6786
310.50,15.7041
311.00,15.7222
311.50,15.7304
312.00,15.7305
312.50,15.7257
313.00,15.7192
313.50,15.7147
314.00,15.7146
314.50,15.7181
315.00,15.7216
315.50,15.7212
316.00,15.7160
316.50,15.7084
317.00,15.7032
317.50,15.7051
318.00,15.7160
318.50,15.7340
319.00,15.7550
319.50,15.7762
320.00,15.7969
320.50,15.8169
321.00,15.8353
321.50,15.8505
322.00,15.8613
322.50,15.8667
323.00,15.8659
323.50,15.8593
324.00,15.8504
324.50,15.8445
325.00,15.8438
325.50,15.8441
326.00,15.8385
326.50,15.8239
327.00,15.8047
327.50,15.7901
328.00,15.7879
328.50,15.8011
329.00,15.8266
329.50,15.8567
330.00,15.8821
330.50,15.8981
331.00,15.9065
331.50,15.9119
332.00,15.9151
332.50,15.9110
333.00,15.8961
333.50,15.8750
334.00,15.8587
334.50,15.8561
335.00,15.8679
335.50,15.8880
336.00,15.9085
336.50,15.9213
337.00,15.9203
337.50,15.9045
338.00,15.8792
338.50,15.8535
339.00,15.8359
339.50,15.8291
340.00,15.8285
340.50,15.8251
341.00,15.8118
341.50,15.7917
342.00,15.7780
342.50,15.7857
343.00,15.8197
343.50,15.8708
344.00,15.9231
344.50,15.9625
345.00,15.9806
345.50,15.9754
346.00,15.9524
346.50,15.9237
347.00,15.9038
347.50,15.9003
348.00,15.9111
348.50,15.9279
349.00,15.9442
349.50,15.9584
350.00,15.9726
350.50,15.9875
351.00,15.9984
351.50,15.9966
352.00,15.9755
352.50,15.9383
353.00,15.8991
353.50,15.8745
354.00,15.8718
354.50,15.8827
355.00,15.8911
355.50,15.8860
356.00,15.8686
356.50,15.8486
357.00,15.8365
357.50,15.8380
358.00,15.8546
358.50,15.8851
359.00,15.9254
359.50,15.9687
360.00,16.0064
360.50,16.0306
361.00,16.0356
361.50,16.0215
362.00,15.9968
362.50,15.9760
363.00,15.9718
363.50,15.9872
364.00,16.0156
364.50,16.0475
365.00,16.0754
365.50,16.0949
366.00,16.1050
366.50,16.1088
367.00,16.1113
367.50,16.1146
368.00,16.1158
368.50,16.1093
369.00,16.0919
369.50,16.0647
370.00,16.0333
370.50,16.0044
371.00,15.9827
371.50,15.9692
372.00,15.9619
372.50,15.9590
373.00,15.9604
373.50,15.9667
374.00,15.9762
374.50,15.9848
375.00,15.9889
375.50,15.9895
376.00,15.9910
376.50,15.9973
377.00,16.0081
377.50,16.0185
378.00,16.0233
378.50,16.0199
379.00,16.0100
379.50,15.9967
380.00,15.9830
380.50,15.9700
381.00,15.9583
381.50,15.9496
382.00,15.9470
382.50,15.9526
383.00,15.9646
383.50,15.9783
384.00,15.9888
384.50,15.9940
385.00,15.9944
385.50,15.9920
386.00,15.9896
386.50,15.9900
387.00,15.9944
387.50,16.0009
388.00,16.0054
388.50,16.0044
389.00,15.9968
389.50,15.9824
390.00,15.9614
390.50,15.9361
391.00,15.9129
391.50,15.9003
392.00,15.9032
392.50,15.9214
393.00,15.9521
393.50,15.9907
394.00,16.0301
394.50,16.0615
395.00,16.0798
395.50,16.0887
396.00,16.0967
396.50,16.1092
397.00,16.1239
397.50,16.1346
398.00,16.1377
398.50,16.1358
399.00,16.1332
399.50,16.1299
400.00,16.1213
400.50,16.1046
401.00,16.0842
401.50,16.0713
402.00,16.0758
402.50,16.0989
403.00,16.1336
403.50,16.1706
404.00,16.2053
404.50,16.2380
405.00,16.2678
405.50,16.2890
406.00,16.2942
406.50,16.2821
407.00,16.2607
407.50,16.2415
408.00,16.2311
408.50,16.2271
409.00,16.2213
409.50,16.2073
410.00,16.1851
410.50,16.1615
411.00,16.1455
411.50,16.1419
412.00,16.1481
412.50,16.1572
413.00,16.1652
413.50,16.1755
414.00,16.1953
414.50,16.2265
415.00,16.2598
415.50,16.2802
416.00,16.2796
416.50,16.2638
417.00,16.2497
417.50,16.2516
418.00,16.2714
418.50,16.2972
419.00,16.3122
419.50,16.3060
420.00,16.2819
420.50,16.2536
421.00,16.2356
421.50,16.2350
422.00,16.2492
422.50,16.2712
423.00,16.2942
423.50,16.3123
424.00,16.3216
424.50,16.3215
425.00,16.3156
425.50,16.3080
426.00,16.2999
426.50,16.2896
427.00,16.2766
427.50,16.2654
428.00,16.2653
428.50,16.2844
429.00,16.3229
429.50,16.3692
430.00,16.4043
430.50,16.4123
431.00,16.3898
431.50,16.3494
432.00,16.3123
432.50,16.2974
433.00,16.3112
433.50,16.3459
434.00,16.3852
434.50,16.4126
435.00,16.4185
435.50,16.4025
436.00,16.3716
436.50,16.3380
437.00,16.3148
437.50,16.3096
438.00,16.3211
438.50,16.3405
439.00,16.3583
439.50,16.3704
440.00,16.3787
440.50,16.3856
441.00,16.3906
441.50,16.3917
442.00,16.3886
442.50,16.3821
443.00,16.3728
443.50,16.3617
444.00,16.3526
444.50,16.3492
445.00,16.3506
445.50,16.3516
446.00,16.3477
446.50,16.3402
447.00,16.3332
447.50,16.3272
448.00,16.3169
448.50,16.2958
449.00,16.2632
449.50,16.2276
450.00,16.2018
450.50,16.1955
451.00,16.2092
451.50,16.2349
452.00,16.2611
452.50,16.2794
453.00,16.2868
453.50,16.2841
454.00,16.2733
454.50,16.2574
455.00,16.2429
455.50,16.2386
456.00,16.2517
456.50,16.2818
457.00,16.3185
457.50,16.3466
458.00,16.3536
458.50,16.3360
459.00,16.3000
459.50,16.2573
460.00,16.2183
460.50,16.1889
461.00,16.1706
461.50,16.1640
462.00,16.1703
462.50,16.1887
463.00,16.2108
463.50,16.2226
464.00,16.2135
464.50,16.1840
465.00,16.1449
465.50,16.1082
466.00,16.0812
466.50,16.0663
467.00,16.0635
467.50,16.0723
468.00,16.0914
468.50,16.1176
469.00,16.1447
469.50,16.1649
470.00,16.1747
470.50,16.1780
471.00,16.1830
471.50,16.1944
472.00,16.2093
472.50,16.2211
473.00,16.2259
473.50,16.2243
474.00,16.2176
474.50,16.2043
475.00,16.1820
475.50,16.1527
476.00,16.1239
476.50,16.1044
477.00,16.0973
477.50,16.0986
478.00,16.1026
478.50,16.1072
479.00,16.1173
479.50,16.1402
480.00,16.1780
480.50,16.2229
481.00,16.2610
481.50,16.2806
482.00,16.2784
482.50,16.2585
483.00,16.2304
483.50,16.2056
484.00,16.1935
484.50,16.1970
485.00,16.2101
485.50,16.2236
486.00,16.2334
486.50,16.2456
487.00,16.2700
487.50,16.3077
488.00,16.3457
488.50,16.3655
489.00,16.3582
489.50,16.3311
490.00,16.2996
490.50,16.2744
491.00,16.2555
491.50,16.2373
492.00,16.2162
492.50,16.1950
493.00,16.1826
493.50,16.1866
494.00,16.2079
494.50,16.2382
495.00,16.2671
495.50,16.2895
496.00,16.3090
496.50,16.3330
497.00,16.3640
497.50,16.3944
498.00,16.4113
498.50,16.4065
499.00,16.3845
499.50,16.3583
500.00,16.3393
500.50,16.3320
501.00,16.3352
501.50,16.3461
502.00,16.3602
502.50,16.3711
503.00,16.3727
503.50,16.3641
504.00,16.3507
504.50,16.3408
505.00,16.3390
505.50,16.3430
506.00,16.3463
506.50,16.3452
507.00,16.3434
507.50,16.3483
508.00,16.3643
508.50,16.3871
509.00,16.4055
509.50,16.4094
510.00,16.3970
510.50,16.3772
511.00,16.3629
511.50,16.3621
512.00,16.3722
512.50,16.3824
513.00,16.3813
513.50,16.3651
514.00,16.3408
514.50,16.3225
515.00,16.3216
515.50,16.3410
516.00,16.3740
516.50,16.4103
517.00,16.4419
517.50,16.4654
518.00,16.4798
518.50,16.4827
519.00,16.4714
519.50,16.4468
520.00,16.4178
520.50,16.3972
521.00,16.3935
521.50,16.4062
522.00,16.4293
522.50,16.4571
523.00,16.4851
523.50,16.5076
524.00,16.5181
524.50,16.5122
525.00,16.4900
525.50,16.4551
526.00,16.4128
526.50,16.3707
527.00,16.3383
527.50,16.3237
528.00,16.3302
528.50,16.3542
529.00,16.3871
529.50,16.4189
530.00,16.4405
530.50,16.4454
531.00,16.4322
531.50,16.4058
532.00,16.3763
532.50,16.3527
533.00,16.3369
533.50,16.3246
534.00,16.3126
534.50,16.3043
535.00,16.3076
535.50,16.3261
536.00,16.3541
536.50,16.3805
537.00,16.3952
537.50,16.3936
538.00,16.3776
538.50,16.3550
539.00,16.3369
539.50,16.3302
540.00,16.3334
540.50,16.3393
541.00,16.3424
541.50,16.3428
542.00,16.3434
542.50,16.3451
543.00,16.3439
543.50,16.3346
544.00,16.3169
544.50,16.2982
545.00,16.2897
545.50,16.2974
546.00,16.3175
546.50,16.3398
547.00,16.3553
547.50,16.3623
548.00,16.3649
548.50,16.3678
549.00,16.3719
549.50,16.3751
550.00,16.3773
550.50,16.3801
551.00,16.3841
551.50,16.3866
552.00,16.3842
552.50,16.3765
553.00,16.3659
553.50,16.3541
554.00,16.3406
554.50,16.3245
555.00,16.3093
555.50,16.3032
556.00,16.3148
556.50,16.3456
557.00,16.3841
557.50,16.4091
558.00,16.4022
558.50,16.3651
559.00,16.3253
559.50,16.3200
560.00,16.3678
560.50,16.4508
561.00,16.5282
561.50,16.5658
562.00,16.5561
562.50,16.5138
563.00,16.4603
563.50,16.4125
564.00,16.3797
564.50,16.3667
565.00,16.3734
565.50,16.3928
566.00,16.4111
566.50,16.4138
567.00,16.3930
567.50,16.3506
568.00,16.2958
568.50,16.2422
569.00,16.2040
569.50,16.1892
570.00,16.1940
570.50,16.2047
571.00,16.2084
571.50,16.2017
572.00,16.1907
572.50,16.1844
573.00,16.1902
573.50,16.2118
574.00,16.2470
574.50,16.2848
575.00,16.3094
575.50,16.3134
576.00,16.3064
576.50,16.3071
577.00,16.3242
577.50,16.3472
578.00,16.3549
578.50,16.3334
579.00,16.2861
579.50,16.2292
580.00,16.1824
580.50,16.1599
581.00,16.1650
581.50,16.1913
582.00,16.2257
582.50,16.2554
583.00,16.2729
583.50,16.2773
584.00,16.2726
584.50,16.2636
585.00,16.2542
585.50,16.2464
586.00,16.2419
586.50,16.2444
587.00,16.2606
587.50,16.2955
588.00,16.3449
588.50,16.3954
589.00,16.4331
589.50,16.4538
590.00,16.4630
590.50,16.4655
591.00,16.4579
591.50,16.4340
592.00,16.3973
592.50,16.3624
593.00,16.3429
593.50,16.3384
594.00,16.3364
594.50,16.3261
595.00,16.3080
595.50,16.2893
596.00,16.2751
596.50,16.2635
597.00,16.2508
597.50,16.2369
598.00,16.2268
598.50,16.2263
599.00,16.2371
599.50,16.2558
600.00,16.2785
600.50,16.3023
601.00,16.3253
601.50,16.3444
602.00,16.3560
602.50,16.3589
603.00,16.3557
603.50,16.3517
604.00,16.3509
604.50,16.3536
605.00,16.3552
605.50,16.3503
606.00,16.3370
606.50,16.3180
607.00,16.2997
607.50,16.2881
608.00,16.2858
608.50,16.2888
609.00,16.2888
609.50,16.2804
610.00,16.2672
610.50,16.2602
611.00,16.2680
611.50,16.2869
612.00,16.3016
612.50,16.2970
613.00,16.2711
613.50,16.2374
614.00,16.2149
614.50,16.2141
615.00,16.2304
615.50,16.2490
616.00,16.2577
616.50,16.2547
617.00,16.2474
617.50,16.2437
618.00,16.2459
618.50,16.2524
619.00,16.2616
619.50,16.2751
620.00,16.2957
620.50,16.3239
621.00,16.3570
621.50,16.3904
622.00,16.4185
622.50,16.4354
623.00,16.4369
623.50,16.4249
624.00,16.4086
624.50,16.4000
625.00,16.4066
625.50,16.4261
626.00,16.4468
626.50,16.4564
627.00,16.4502
627.50,16.4332
628.00,16.4138
628.50,16.3979
629.00,16.3871
629.50,16.3797
630.00,16.3709
630.50,16.3548
631.00,16.3288
631.50,16.2981
632.00,16.2742
632.50,16.2664
633.00,16.2757
633.50,16.2943
634.00,16.3119
634.50,16.3222
635.00,16.3259
635.50,16.3291
636.00,16.3360
636.50,16.3432
637.00,16.3414
637.50,16.3230
638.00,16.2871
638.50,16.2405
639.00,16.1932
639.50,16.1536
640.00,16.1251
640.50,16.1055
641.00,16.0899
641.50,16.0754
642.00,16.0653
642.50,16.0682
643.00,16.0916
643.50,16.1354
644.00,16.1904
644.50,16.2431
645.00,16.2814
645.50,16.2991
646.00,16.2975
646.50,16.2839
647.00,16.2664
647.50,16.2498
648.00,16.2338
648.50,16.2174
649.00,16.2010
649.50,16.1862
650.00,16.1740
650.50,16.1636
651.00,16.1556
651.50,16.1529
652.00,16.1589
652.50,16.1741
653.00,16.1959
653.50,16.2210
654.00,16.2445
654.50,16.2587
655.00,16.2557
655.50,16.2336
656.00,16.2002
656.50,16.1668
657.00,16.1407
657.50,16.1233
658.00,16.1123
658.50,16.1029
659.00,16.0892
659.50,16.0668
660.00,16.0393
660.50,16.0188
661.00,16.0196
661.50,16.0474
662.00,16.0939
662.50,16.1411
663.00,16.1714
663.50,16.1748
664.00,16.1522
664.50,16.1149
665.00,16.0790
665.50,16.0573
666.00,16.0527
666.50,16.0595
667.00,16.0715
667.50,16.0850
668.00,16.0953
668.50,16.0947
669.00,16.0766
669.50,16.0433
670.00,16.0045
670.50,15.9686
671.00,15.9352
671.50,15.8985
672.00,15.8563
672.50,15.8133
673.00,15.7779
673.50,15.7559
674.00,15.7479
674.50,15.7506
675.00,15.7587
675.50,15.7667
676.00,15.7678
676.50,15.7565
677.00,15.7327
677.50,15.7051
678.00,15.6855
678.50,15.6811
679.00,15.6913
679.50,15.7128
680.00,15.7433
680.50,15.7794
681.00,15.8120
681.50,15.8301
682.00,15.8304
682.50,15.8223
683.00,15.8203
683.50,15.8308
684.00,15.8452
684.50,15.8463
685.00,15.8224
685.50,15.7776
686.00,15.7310
686.50,15.7059
687.00,15.7159
687.50,15.7574
688.00,15.8130
688.50,15.8629
689.00,15.8968
689.50,15.9151
690.00,15.9218
690.50,15.9171
691.00,15.8990
691.50,15.8674
692.00,15.8259
692.50,15.7804
693.00,15.7387
693.50,15.7101
694.00,15.7024
694.50,15.7157
695.00,15.7406
695.50,15.7641
696.00,15.7805
696.50,15.7958
697.00,15.8201
697.50,15.8551
698.00,15.8883
698.50,15.9016
699.00,15.8864
699.50,15.8486
700.00,15.8017
700.50,15.7565
701.00,15.7197
701.50,15.6982
702.00,15.6994
702.50,15.7234
703.00,15.7572
703.50,15.7796
704.00,15.7757
704.50,15.7494
705.00,15.7204
705.50,15.7085
706.00,15.7183
706.50,15.7393
707.00,15.7591
707.50,15.7761
708.00,15.7971
708.50,15.8245
709.00,15.8474
709.50,15.8492
710.00,15.8221
710.50,15.7757
711.00,15.7297
711.50,15.7004
712.00,15.6932
712.50,15.7046
713.00,15.7280
713.50,15.7557
714.00,15.7789
714.50,15.7889
715.00,15.7816
715.50,15.7605
716.00,15.7359
716.50,15.7198
717.00,15.7194
717.50,15.7325
718.00,15.7486
718.50,15.7562
719.00,15.7519
719.50,15.7413
720.00,15.7316
720.50,15.7254
721.00,15.7219
721.50,15.7228
722.00,15.7344
722.50,15.7617
723.00,15.8018
723.50,15.8446
724.00,15.8792
724.50,15.8986
725.00,15.9005
725.50,15.8848
726.00,15.8541
726.50,15.8149
727.00,15.7783
727.50,15.7574
728.00,15.7618
728.50,15.7918
729.00,15.8361
729.50,15.8748
730.00,15.8902
730.50,15.8754
731.00,15.8365
731.50,15.7882
732.00,15.7478
732.50,15.7292
733.00,15.7348
733.50,15.7547
734.00,15.7748
734.50,15.7890
735.00,15.8005
735.50,15.8122
736.00,15.8187
736.50,15.8129
737.00,15.7961
737.50,15.7794
738.00,15.7727
738.50,15.7758
739.00,15.7796
739.50,15.7745
740.00,15.7583
740.50,15.7379
741.00,15.7253
741.50,15.7280
742.00,15.7436
742.50,15.7626
743.00,15.7779
743.50,15.7907
744.00,15.8082
744.50,15.8353
745.00,15.8689
745.50,15.8987
746.00,15.9143
746.50,15.9142
747.00,15.9083
747.50,15.9110
748.00,15.9273
748.50,15.9461
749.00,15.9470
749.50,15.9178
750.00,15.8676
750.50,15.8245
751.00,15.8166
751.50,15.8502
752.00,15.9048
752.50,15.9478
753.00,15.9582
753.50,15.9382
754.00,15.9060
754.50,15.8809
755.00,15.8719
755.50,15.8763
756.00,15.8841
756.50,15.8886
757.00,15.8931
757.50,15.9095
758.00,15.9464
758.50,15.9987
759.00,16.0469
759.50,16.0684
760.00,16.0512
760.50,16.0006
761.00,15.9355
761.50,15.8767
762.00,15.8349
762.50,15.8070
763.00,15.7839
763.50,15.7610
764.00,15.7431
764.50,15.7392
765.00,15.7521
765.50,15.7737
766.00,15.7897
766.50,15.7903
767.00,15.7760
767.50,15.7571
768.00,15.7481
768.50,15.7609
769.00,15.7965
769.50,15.8408
770.00,15.8696
770.50,15.8655
771.00,15.8306
771.50,15.7835
772.00,15.7426
772.50,15.7142
773.00,15.6960
773.50,15.6880
774.00,15.6941
774.50,15.7158
775.00,15.7476
775.50,15.7795
776.00,15.8046
776.50,15.8207
777.00,15.8280
777.50,15.8266
778.00,15.8158
778.50,15.7954
779.00,15.7674
779.50,15.7365
780.00,15.7087
780.50,15.6906
781.00,15.6862
781.50,15.6938
782.00,15.7043
782.50,15.7051
783.00,15.6897
783.50,15.6655
784.00,15.6510
784.50,15.6621
785.00,15.6994
785.50,15.7475
786.00,15.7873
786.50,15.8092
787.00,15.8169
787.50,15.8193
788.00,15.8213
788.50,15.8196
789.00,15.8076
789.50,15.7822
790.00,15.7493
790.50,15.7225
791.00,15.7134
791.50,15.7244
792.00,15.7484
792.50,15.7755
793.00,15.7984
793.50,15.8145
794.00,15.8258
794.50,15.8365
795.00,15.8500
795.50,15.8664
796.00,15.8839
796.50,15.9012
797.00,15.9160
797.50,15.9233
798.00,15.9175
798.50,15.8982
799.00,15.8732
799.50,15.8538
800.00,15.8481
800.50,15.8563
801.00,15.8721
801.50,15.8897
802.00,15.9095
802.50,15.9342
803.00,15.9595
803.50,15.9715
804.00,15.9592
804.50,15.9269
805.00,15.8912
805.50,15.8652
806.00,15.8492
806.50,15.8375
807.00,15.8277
807.50,15.8212
808.00,15.8175
808.50,15.8120
809.00,15.8005
809.50,15.7825
810.00,15.7621
810.50,15.7453
811.00,15.7375
811.50,15.7398
812.00,15.7475
812.50,15.7518
813.00,15.7449
813.50,15.7234
814.00,15.6900
814.50,15.6522
815.00,15.6213
815.50,15.6103
816.00,15.6306
816.50,15.6844
817.00,15.7596
817.50,15.8319
818.00,15.8754
818.50,15.8749
819.00,15.8326
819.50,15.7662
820.00,15.7003
820.50,15.6555
821.00,15.6397
821.50,15.6483
822.00,15.6717
822.50,15.7018
823.00,15.7349
823.50,15.7690
824.00,15.8039
824.50,15.8411
825.00,15.8817
825.50,15.9231
826.00,15.9556
826.50,15.9655
827.00,15.9410
827.50,15.8805
828.00,15.7974
828.50,15.7170
829.00,15.6636
829.50,15.6480
830.00,15.6623
830.50,15.6885
831.00,15.7099
831.50,15.7194
832.00,15.7211
832.50,15.7255
833.00,15.7424
833.50,15.7732
834.00,15.8117
834.50,15.8491
835.00,15.8805
835.50,15.9073
836.00,15.9348
836.50,15.9685
837.00,16.0065
837.50,16.0354
838.00,16.0364
838.50,16.0025
839.00,15.9499
839.50,15.9108
840.00,15.9124
840.50,15.9591
841.00,16.0308
841.50,16.0972
842.00,16.1352
842.50,16.1392
843.00,16.1198
843.50,16.0942
844.00,16.0758
844.50,16.0690
845.00,16.0693
845.50,16.0694
846.00,16.0663
846.50,16.0657
847.00,16.0768
847.50,16.1027
848.00,16.1358
848.50,16.1636
849.00,16.1788
849.50,16.1851
850.00,16.1948
850.50,16.2219
851.00,16.2727
851.50,16.3382
852.00,16.3940
852.50,16.4160
853.00,16.4001
853.50,16.3673
854.00,16.3446
854.50,16.3421
855.00,16.3493
855.50,16.3531
856.00,16.3538
856.50,16.3627
857.00,16.3863
857.50,16.4177
858.00,16.4420
858.50,16.4491
859.00,16.4400
859.50,16.4237
860.00,16.4077
860.50,16.3933
861.00,16.3772
861.50,16.3580
862.00,16.3379
862.50,16.3212
863.00,16.3121
863.50,16.3148
864.00,16.3318
864.50,16.3595
865.00,16.3894
865.50,16.4143
866.00,16.4328
866.50,16.4458
867.00,16.4524
867.50,16.4510
868.00,16.4421
868.50,16.4259
869.00,16.3971
869.50,16.3498
870.00,16.2857
870.50,16.2184
871.00,16.1643
871.50,16.1331
872.00,16.1230
872.50,16.1257
873.00,16.1324
873.50,16.1356
874.00,16.1297
874.50,16.1135
875.00,16.0931
875.50,16.0791
876.00,16.0798
876.50,16.0967
877.00,16.1255
877.50,16.1584
878.00,16.1861
878.50,16.2015
879.00,16.2051
879.50,16.2043
880.00,16.2061
880.50,16.2093
881.00,16.2055
881.50,16.1897
882.00,16.1690
882.50,16.1603
883.00,16.1790
883.50,16.2259
884.00,16.2856
884.50,16.3375
885.00,16.3708
885.50,16.3882
886.00,16.3990
886.50,16.4076
887.00,16.4117
887.50,16.4061
888.00,16.3878
888.50,16.3589
889.00,16.3269
889.50,16.3039
890.00,16.3010
890.50,16.3223
891.00,16.3592
891.50,16.3943
892.00,16.4118
892.50,16.4083
893.00,16.3944
893.50,16.3858
894.00,16.3923
894.50,16.4127
895.00,16.4393
895.50,16.4666
896.00,16.4934
896.50,16.5170
897.00,16.5280
897.50,16.5164
898.00,16.4830
898.50,16.4413
899.00,16.4061
899.50,16.3802
900.00,16.3549
900.50,16.3222
901.00,16.2855
901.50,16.2581
902.00,16.2528
902.50,16.2704
903.00,16.2982
903.50,16.3188
904.00,16.3224
904.50,16.3134
905.00,16.3054
905.50,16.3102
906.00,16.3280
906.50,16.3480
907.00,16.3561
907.50,16.3472
908.00,16.3272
908.50,16.3054
909.00,16.2844
909.50,16.2594
910.00,16.2285
910.50,16.2005
911.00,16.1899
911.50,16.2029
912.00,16.2325
912.50,16.2652
913.00,16.2920
913.50,16.3123
914.00,16.3312
914.50,16.3555
915.00,16.3881
915.50,16.4232
916.00,16.4451
916.50,16.4358
917.00,16.3880
917.50,16.3132
918.00,16.2373
918.50,16.1869
919.00,16.1751
919.50,16.1971
920.00,16.2347
920.50,16.2649
921.00,16.2714
921.50,16.2528
922.00,16.2235
922.50,16.2015
923.00,16.1938
923.50,16.1939
924.00,16.1935
924.50,16.1926
925.00,16.1974
925.50,16.2101
926.00,16.2265
926.50,16.2417
927.00,16.2541
927.50,16.2619
928.00,16.2596
928.50,16.2418
929.00,16.2132
929.50,16.1893
930.00,16.1864
930.50,16.2077
931.00,16.2424
931.50,16.2770
932.00,16.3068
932.50,16.3364
933.00,16.3684
933.50,16.3959
934.00,16.4058
934.50,16.3911
935.00,16.3562
935.50,16.3138
936.00,16.2745
936.50,16.2417
937.00,16.2130
937.50,16.1857
938.00,16.1620
938.50,16.1484
939.00,16.1503
939.50,16.1683
940.00,16.1967
940.50,16.2268
941.00,16.2490
941.50,16.2546
942.00,16.2389
942.50,16.2058
943.00,16.1691
943.50,16.1476
944.00,16.1547
944.50,16.1896
945.00,16.2366
945.50,16.2749
946.00,16.2920
946.50,16.2895
947.00,16.2799
947.50,16.2768
948.00,16.2866
948.50,16.3057
949.00,16.3234
949.50,16.3271
950.00,16.3092
950.50,16.2724
951.00,16.2303
951.50,16.1988
952.00,16.1848
952.50,16.1819
953.00,16.1777
953.50,16.1651
954.00,16.1457
954.50,16.1249
955.00,16.1056
955.50,16.0872
956.00,16.0693
956.50,16.0555
957.00,16.0534
957.50,16.0686
958.00,16.0988
958.50,16.1348
959.00,16.1661
959.50,16.1847
960.00,16.1869
960.50,16.1748
961.00,16.1572
961.50,16.1451
962.00,16.1442
962.50,16.1508
963.00,16.1540
963.50,16.1442
964.00,16.1187
964.50,16.0844
965.00,16.0511
965.50,16.0231
966.00,15.9955
966.50,15.9607
967.00,15.9215
967.50,15.8952
968.00,15.9029
968.50,15.9508
969.00,16.0228
969.50,16.0898
970.00,16.1299
970.50,16.1406
971.00,16.1352
971.50,16.1278
972.00,16.1205
972.50,16.1057
973.00,16.0783
973.50,16.0451
974.00,16.0177
974.50,15.9995
975.00,15.9825
975.50,15.9583
976.00,15.9294
976.50,15.9077
977.00,15.9039
977.50,15.9183
978.00,15.9410
978.50,15.9603
979.00,15.9716
979.50,15.9779
980.00,15.9823
980.50,15.9840
981.00,15.9812
981.50,15.9775
982.00,15.9791
982.50,15.9893
983.00,16.0034
983.50,16.0111
984.00,16.0040
984.50,15.9807
985.00,15.9479
985.50,15.9159
986.00,15.8890
986.50,15.8629
987.00,15.8309
987.50,15.7942
988.00,15.7655
988.50,15.7596
989.00,15.7789
989.50,15.8087
990.00,15.8281
990.50,15.8280
991.00,15.8183
991.50,15.8191
992.00,15.8422
992.50,15.8806
993.00,15.9147
993.50,15.9282
994.00,15.9204
994.50,15.9030
995.00,15.8877
995.50,15.8758
996.00,15.8558
996.50,15.8115
997.00,15.7345
997.50,15.6328
998.00,15.5307
998.50,15.4591
999.00,15.4404
999.50,15.4772
1000.00,15.5497
1000.50,15.6236
1001.00,15.6690
1001.50,15.6775
1002.00,15.6639
1002.50,15.6519
1003.00,15.6542
1003.50,15.6663
1004.00,15.6761
1004.50,15.6801
1005.00,15.6861
1005.50,15.7023
1006.00,15.7244
1006.50,15.7369
1007.00,15.7282
1007.50,15.7026
1008.00,15.6756
1008.50,15.6601
1009.00,15.6573
1009.50,15.6609
1010.00,15.6655
1010.50,15.6701
1011.00,15.6770
1011.50,15.6868
1012.00,15.6957
1012.50,15.6911
1013.00,15.6535
1013.50,15.5679
1014.00,15.4401
1014.50,15.3059
1015.00,15.2170
1015.50,15.2116
1016.00,15.2896
1016.50,15.4132
1017.00,15.5314
1017.50,15.6070
1018.00,15.6291
1018.50,15.6096
1019.00,15.5694
1019.50,15.5254
1020.00,15.4854
1020.50,15.4512
1021.00,15.4248
1021.50,15.4118
1022.00,15.4184
1022.50,15.4454
1023.00,15.4830
1023.50,15.5158
1024.00,15.5333
1024.50,15.5367
1025.00,15.5347
1025.50,15.5345
1026.00,15.5375
1026.50,15.5433
1027.00,15.5529
1027.50,15.5671
1028.00,15.5826
1028.50,15.5907
1029.00,15.5841
1029.50,15.5656
1030.00,15.5503
1030.50,15.5516
1031.00,15.5644
1031.50,15.5659
1032.00,15.5364
1032.50,15.4792
1033.00,15.4184
1033.50,15.3786
1034.00,15.3691
1034.50,15.3822
1035.00,15.4034
1035.50,15.4213
1036.00,15.4295
1036.50,15.4227
1037.00,15.3939
1037.50,15.3403
1038.00,15.2708
1038.50,15.2039
1039.00,15.1572
1039.50,15.1364
1040.00,15.1326
1040.50,15.1271
1041.00,15.1014
1041.50,15.0494
1042.00,14.9837
1042.50,14.9304
1043.00,14.9142
1043.50,14.9424
1044.00,15.0008
1044.50,15.0622
1045.00,15.1022
1045.50,15.1123
1046.00,15.1019
1046.50,15.0882
1047.00,15.0834
1047.50,15.0867
1048.00,15.0853
1048.50,15.0622
1049.00,15.0078
1049.50,14.9281
1050.00,14.8447
1050.50,14.7838
1051.00,14.7639
1051.50,14.7884
1052.00,14.8460
1052.50,14.9179
1053.00,14.9882
1053.50,15.0493
1054.00,15.0995
1054.50,15.1353
1055.00,15.1494
1055.50,15.1395
1056.00,15.1157
1056.50,15.0959
1057.00,15.0930
1057.50,15.1086
1058.00,15.1389
1058.50,15.1801
1059.00,15.2279
1059.50,15.2743
1060.00,15.3109
1060.50,15.3355
1061.00,15.3528
1061.50,15.3672
1062.00,15.3769
1062.50,15.3768
1063.00,15.3667
1063.50,15.3546
1064.00,15.3523
1064.50,15.3682
1065.00,15.4025
1065.50,15.4480
1066.00,15.4929
1066.50,15.5251
1067.00,15.5374
1067.50,15.5316
1068.00,15.5207
1068.50,15.5237
1069.00,15.5526
1069.50,15.6007
1070.00,15.6452
1070.50,15.6621
1071.00,15.6414
1071.50,15.5920
1072.00,15.5340
1072.50,15.4872
1073.00,15.4630
1073.50,15.4609
1074.00,15.4689
1074.50,15.4696
1075.00,15.4498
1075.50,15.4097
1076.00,15.3604
1076.50,15.3142
1077.00,15.2768
1077.50,15.2478
1078.00,15.2265
1078.50,15.2137
1079.00,15.2110
1079.50,15.2190
1080.00,15.2359
1080.50,15.2596
1081.00,15.2906
1081.50,15.3312
1082.00,15.3812
1082.50,15.4333
1083.00,15.4760
1083.50,15.4999
1084.00,15.5020
1084.50,15.4860
1085.00,15.4614
1085.50,15.4412
1086.00,15.4353
1086.50,15.4438
1087.00,15.4563
1087.50,15.4612
1088.00,15.4557
1088.50,15.4482
1089.00,15.4486
1089.50,15.4552
1090.00,15.4521
1090.50,15.4214
1091.00,15.3601
1091.50,15.2864
1092.00,15.2306
1092.50,15.2184
1093.00,15.2577
1093.50,15.3330
1094.00,15.4131
1094.50,15.4685
1095.00,15.4879
1095.50,15.4810
1096.00,15.4633
1096.50,15.4399
1097.00,15.4024
1097.50,15.3425
1098.00,15.2636
1098.50,15.1815
1099.00,15.1172
1099.50,15.0873
1100.00,15.0962
1100.50,15.1302
1101.00,15.1622
1101.50,15.1686
1102.00,15.1478
1102.50,15.1201
1103.00,15.1081
1103.50,15.1149
1104.00,15.1227
1104.50,15.1132
1105.00,15.0866
1105.50,15.0592
1106.00,15.0444
1106.50,15.0396
1107.00,15.0345
1107.50,15.0270
1108.00,15.0264
1108.50,15.0404
1109.00,15.0648
1109.50,15.0867
1110.00,15.0954
1110.50,15.0884
1111.00,15.0690
1111.50,15.0412
1112.00,15.0067
1112.50,14.9674
1113.00,14.9295
1113.50,14.9043
1114.00,14.9014
1114.50,14.9215
1115.00,14.9561
1115.50,14.9929
1116.00,15.0207
1116.50,15.0301
1117.00,15.0146
1117.50,14.9758
1118.00,14.9257
1118.50,14.8816
1119.00,14.8559
1119.50,14.8516
1120.00,14.8646
1120.50,14.8894
1121.00,14.9204
1121.50,14.9507
1122.00,14.9721
1122.50,14.9821
1123.00,14.9871
1123.50,14.9988
1124.00,15.0255
1124.50,15.0701
1125.00,15.1338
1125.50,15.2161
1126.00,15.3052
1126.50,15.3738
1127.00,15.3932
1127.50,15.3575
1128.00,15.2919
1128.50,15.2355
1129.00,15.2144
1129.50,15.2291
1130.00,15.2625
1130.50,15.2963
1131.00,15.3185
1131.50,15.3220
1132.00,15.3022
1132.50,15.2613
1133.00,15.2113
1133.50,15.1699
1134.00,15.1523
1134.50,15.1676
1135.00,15.2213
1135.50,15.3165
1136.00,15.4481
1136.50,15.5953
1137.00,15.7237
1137.50,15.8040
1138.00,15.8318
1138.50,15.8329
1139.00,15.8451
1139.50,15.8920
1140.00,15.9708
1140.50,16.0572
1141.00,16.1222
1141.50,16.1459
1142.00,16.1252
1142.50,16.0729
1143.00,16.0119
1143.50,15.9640
1144.00,15.9394
1144.50,15.9325
1145.00,15.9275
1145.50,15.9103
1146.00,15.8781
1146.50,15.8414
1147.00,15.8176
1147.50,15.8215
1148.00,15.8532
1148.50,15.8944
1149.00,15.9176
1149.50,15.9078
1150.00,15.8761
1150.50,15.8507
1151.00,15.8521
1151.50,15.8777
1152.00,15.9108
1152.50,15.9396
1153.00,15.9655
1153.50,15.9943
1154.00,16.0252
1154.50,16.0518
1155.00,16.0682
1155.50,16.0723
1156.00,16.0626
1156.50,16.0359
1157.00,15.9914
1157.50,15.9358
1158.00,15.8841
1158.50,15.8541
1159.00,15.8594
1159.50,15.9022
1160.00,15.9701
1160.50,16.0388
1161.00,16.0849
1161.50,16.0978
1162.00,16.0841
1162.50,16.0580
1163.00,16.0282
1163.50,15.9912
1164.00,15.9389
1164.50,15.8729
1165.00,15.8096
1165.50,15.7685
1166.00,15.7579
1166.50,15.7688
1167.00,15.7848
1167.50,15.7950
1168.00,15.8012
1168.50,15.8125
1169.00,15.8351
1169.50,15.8655
1170.00,15.8938
1170.50,15.9118
1171.00,15.9165
1171.50,15.9081
1172.00,15.8893
1172.50,15.8672
1173.00,15.8522
1173.50,15.8501
1174.00,15.8553
1174.50,15.8560
1175.00,15.8433
1175.50,15.8172
1176.00,15.7842
1176.50,15.7518
1177.00,15.7264
1177.50,15.7110
1178.00,15.7025
1178.50,15.6911
1179.00,15.6678
1179.50,15.6328
1180.00,15.5974
1180.50,15.5776
1181.00,15.5830
1181.50,15.6125
1182.00,15.6586
1182.50,15.7145
1183.00,15.7764
1183.50,15.8388
1184.00,15.8932
1184.50,15.9324
1185.00,15.9540
1185.50,15.9585
1186.00,15.9463
1186.50,15.9196
1187.00,15.8866
1187.50,15.8580
1188.00,15.8386
1188.50,15.8224
1189.00,15.7977
1189.50,15.7573
1190.00,15.7050
1190.50,15.6540
1191.00,15.6229
1191.50,15.6289
1192.00,15.6810
1192.50,15.7734
1193.00,15.8844
1193.50,15.9833
1194.00,16.0415
1194.50,16.0429
1195.00,15.9903
1195.50,15.9061
1196.00,15.8254
1196.50,15.7776
1197.00,15.7692
1197.50,15.7819
1198.00,15.7902
1198.50,15.7802
1199.00,15.7543
1199.50,15.7229
1200.00,15.6963
1200.50,15.6824
1201.00,15.6865
1201.50,15.7086
1202.00,15.7395
1202.50,15.7644
1203.00,15.7730
1203.50,15.7692
1204.00,15.7673
1204.50,15.7780
1205.00,15.7989
1205.50,15.8179
1206.00,15.8231
1206.50,15.8093
1207.00,15.7789
1207.50,15.7397
1208.00,15.7014
1208.50,15.6697
1209.00,15.6436
1209.50,15.6180
1210.00,15.5895
1210.50,15.5604
1211.00,15.5376
1211.50,15.5274
1212.00,15.5285
1212.50,15.5299
1213.00,15.5174
1213.50,15.4842
1214.00,15.4362
1214.50,15.3854
1215.00,15.3411
1215.50,15.3085
1216.00,15.2924
1216.50,15.2968
1217.00,15.3210
1217.50,15.3576
1218.00,15.3956
1218.50,15.4249
1219.00,15.4391
1219.50,15.4384
1220.00,15.4313
1220.50,15.4319
1221.00,15.4527
1221.50,15.4963
1222.00,15.5525
1222.50,15.5996
1223.00,15.6133
1223.50,15.5805
1224.00,15.5108
1224.50,15.4325
1225.00,15.3727
1225.50,15.3401
1226.00,15.3268
1226.50,15.3239
1227.00,15.3312
1227.50,15.3531
1228.00,15.3875
1228.50,15.4210
1229.00,15.4369
1229.50,15.4283
1230.00,15.4064
1230.50,15.3913
1231.00,15.3942
1231.50,15.4076
1232.00,15.4141
1232.50,15.4023
1233.00,15.3754
1233.50,15.3469
1234.00,15.3300
1234.50,15.3282
1235.00,15.3350
1235.50,15.3420
1236.00,15.3502
1236.50,15.3714
1237.00,15.4166
1237.50,15.4822
1238.00,15.5472
1238.50,15.5879
1239.00,15.5940
1239.50,15.5728
1240.00,15.5391
1240.50,15.5033
1241.00,15.4678
1241.50,15.4315
1242.00,15.3948
1242.50,15.3609
1243.00,15.3346
1243.50,15.3191
1244.00,15.3155
1244.50,15.3209
1245.00,15.3297
1245.50,15.3353
1246.00,15.3334
1246.50,15.3226
1247.00,15.3024
1247.50,15.2696
1248.00,15.2198
1248.50,15.1531
1249.00,15.0823
1249.50,15.0343
1250.00,15.0374
1250.50,15.1009
1251.00,15.2026
1251.50,15.3026
1252.00,15.3699
1252.50,15.3964
1253.00,15.3896
1253.50,15.3576
1254.00,15.3077
1254.50,15.2542
1255.00,15.2177
1255.50,15.2122
1256.00,15.2332
1256.50,15.2586
1257.00,15.2647
1257.50,15.2413
1258.00,15.1954
1258.50,15.1428
1259.00,15.0962
1259.50,15.0626
1260.00,15.0458
1260.50,15.0493
1261.00,15.0714
1261.50,15.1024
1262.00,15.1290
1262.50,15.1450
1263.00,15.1553
1263.50,15.1703
1264.00,15.1931
1264.50,15.2134
1265.00,15.2112
1265.50,15.1719
1266.00,15.0997
1266.50,15.0186
1267.00,14.9579
1267.50,14.9358
1268.00,14.9522
1268.50,14.9927
1269.00,15.0352
1269.50,15.0581
1270.00,15.0502
1270.50,15.0169
1271.00,14.9781
1271.50,14.9570
1272.00,14.9675
1272.50,15.0062
1273.00,15.0552
1273.50,15.0940
1274.00,15.1142
1274.50,15.1221
1275.00,15.1273
1275.50,15.1276
1276.00,15.1092
1276.50,15.0637
1277.00,15.0021
1277.50,14.9491
1278.00,14.9229
1278.50,14.9219
1279.00,14.9287
1279.50,14.9247
1280.00,14.9021
1280.50,14.8661
1281.00,14.8278
1281.50,14.7968
1282.00,14.7785
1282.50,14.7745
1283.00,14.7825
1283.50,14.7940
1284.00,14.7975
1284.50,14.7871
1285.00,14.7701
1285.50,14.7632
1286.00,14.7802
1286.50,14.8198
1287.00,14.8644
1287.50,14.8910
1288.00,14.8871
1288.50,14.8586
1289.00,14.8279
1289.50,14.8175
1290.00,14.8327
1290.50,14.8585
1291.00,14.8748
1291.50,14.8746
1292.00,14.8637
1292.50,14.8471
1293.00,14.8239
1293.50,14.7923
1294.00,14.7541
1294.50,14.7104
1295.00,14.6578
1295.50,14.5962
1296.00,14.5400
1296.50,14.5140
1297.00,14.5351
1297.50,14.5944
1298.00,14.6611
1298.50,14.7043
1299.00,14.7153
1299.50,14.7114
1300.00,14.7195
1300.50,14.7563
1301.00,14.8168
1301.50,14.8804
1302.00,14.9248
1302.50,14.9371
1303.00,14.9155
1303.50,14.8652
1304.00,14.7974
1304.50,14.7304
1305.00,14.6834
1305.50,14.6676
1306.00,14.6799
1306.50,14.7058
1307.00,14.7266
1307.50,14.7280
1308.00,14.7060
1308.50,14.6703
1309.00,14.6406
1309.50,14.6346
1310.00,14.6558
1310.50,14.6903
1311.00,14.7148
1311.50,14.7113
1312.00,14.6794
1312.50,14.6368
1313.00,14.6075
1313.50,14.6069
1314.00,14.6334
1314.50,14.6733
1315.00,14.7107
1315.50,14.7342
1316.00,14.7375
1316.50,14.7179
1317.00,14.6772
1317.50,14.6223
1318.00,14.5644
1318.50,14.5164
1319.00,14.4884
1319.50,14.4825
1320.00,14.4929
1320.50,14.5116
1321.00,14.5342
1321.50,14.5595
1322.00,14.5845
1322.50,14.6027
1323.00,14.6106
1323.50,14.6127
1324.00,14.6164
1324.50,14.6226
1325.00,14.6233
1325.50,14.6118
1326.00,14.5893
1326.50,14.5627
1327.00,14.5364
1327.50,14.5115
1328.00,14.4875
1328.50,14.4628
1329.00,14.4353
1329.50,14.4053
1330.00,14.3784
1330.50,14.3629
1331.00,14.3627
1331.50,14.3740
1332.00,14.3882
1332.50,14.3992
1333.00,14.4069
1333.50,14.4131
1334.00,14.4171
1334.50,14.4155
1335.00,14.4065
1335.50,14.3928
1336.00,14.3785
1336.50,14.3670
1337.00,14.3628
1337.50,14.3726
1338.00,14.3999
1338.50,14.4344
1339.00,14.4526
1339.50,14.4317
1340.00,14.3684
1340.50,14.2842
1341.00,14.2154
1341.50,14.1939
1342.00,14.2316
1342.50,14.3132
1343.00,14.4028
1343.50,14.4624
1344.00,14.4712
1344.50,14.4343
1345.00,14.3751
1345.50,14.3215
1346.00,14.2923
1346.50,14.2897
1347.00,14.2992
1347.50,14.3006
1348.00,14.2831
1348.50,14.2540
1349.00,14.2336
1349.50,14.2404
1350.00,14.2781
1350.50,14.3338
1351.00,14.3843
1351.50,14.4073
1352.00,14.3937
1352.50,14.3540
1353.00,14.3132
1353.50,14.2945
1354.00,14.3035
1354.50,14.3289
1355.00,14.3568
1355.50,14.3829
1356.00,14.4104
1356.50,14.4412
1357.00,14.4735
1357.50,14.5059
1358.00,14.5403
1358.50,14.5776
1359.00,14.6124
1359.50,14.6356
1360.00,14.6416
1360.50,14.6350
1361.00,14.6283
1361.50,14.6344
1362.00,14.6577
1362.50,14.6891
1363.00,14.7099
1363.50,14.7040
1364.00,14.6697
1364.50,14.6197
1365.00,14.5687
1365.50,14.5242
1366.00,14.4908
1366.50,14.4780
1367.00,14.4997
1367.50,14.5623
1368.00,14.6575
1368.50,14.7662
1369.00,14.8678
1369.50,14.9452
1370.00,14.9878
1370.50,14.9968
1371.00,14.9893
1371.50,14.9908
1372.00,15.0163
1372.50,15.0571
1373.00,15.0881
1373.50,15.0894
1374.00,15.0629
1374.50,15.0293
1375.00,15.0110
1375.50,15.0151
1376.00,15.0305
1376.50,15.0393
1377.00,15.0319
1377.50,15.0137
1378.00,14.9964
1378.50,14.9824
1379.00,14.9610
1379.50,14.9216
1380.00,14.8706
1380.50,14.8313
1381.00,14.8249
1381.50,14.8523
1382.00,14.8946
1382.50,14.9332
1383.00,14.9669
1383.50,15.0082
1384.00,15.0633
1384.50,15.1165
1385.00,15.1375
1385.50,15.1044
1386.00,15.0215
1386.50,14.9174
1387.00,14.8277
1387.50,14.7755
1388.00,14.7610
1388.50,14.7652
1389.00,14.7657
1389.50,14.7503
1390.00,14.7187
1390.50,14.6765
1391.00,14.6319
1391.50,14.5987
1392.00,14.5934
1392.50,14.6220
1393.00,14.6701
1393.50,14.7129
1394.00,14.7354
1394.50,14.7418
1395.00,14.7446
1395.50,14.7483
1396.00,14.7487
1396.50,14.7435
1397.00,14.7392
1397.50,14.7448
1398.00,14.7616
1398.50,14.7828
1399.00,14.8026
1399.50,14.8220
1400.00,14.8449
1400.50,14.8707
1401.00,14.8919
1401.50,14.9011
1402.00,14.8987
1402.50,14.8947
1403.00,14.9017
1403.50,14.9237
1404.00,14.9512
1404.50,14.9704
1405.00,14.9757
1405.50,14.9740
1406.00,14.9747
1406.50,14.9782
1407.00,14.9741
1407.50,14.9516
1408.00,14.9098
1408.50,14.8601
1409.00,14.8207
1409.50,14.8062
1410.00,14.8192
1410.50,14.8502
1411.00,14.8849
1411.50,14.9148
1412.00,14.9400
1412.50,14.9614
1413.00,14.9723
1413.50,14.9623
1414.00,14.9319
1414.50,14.9001
1415.00,14.8934
1415.50,14.9266
1416.00,14.9933
1416.50,15.0736
1417.00,15.1478
1417.50,15.2075
1418.00,15.2567
1418.50,15.3014
1419.00,15.3354
1419.50,15.3398
1420.00,15.2997
1420.50,15.2219
1421.00,15.1351
1421.50,15.0717
1422.00,15.0487
1422.50,15.0616
1423.00,15.0900
1423.50,15.1093
1424.00,15.1009
1424.50,15.0608
1425.00,15.0002
1425.50,14.9410
1426.00,14.9076
1426.50,14.9195
1427.00,14.9844
1427.50,15.0933
1428.00,15.2230
1428.50,15.3484
1429.00,15.4541
1429.50,15.5356
1430.00,15.5948
1430.50,15.6384
1431.00,15.6763
1431.50,15.7178
1432.00,15.7649
1432.50,15.8125
1433.00,15.8539
1433.50,15.8868
1434.00,15.9133
1434.50,15.9387
1435.00,15.9685
1435.50,16.0063
1436.00,16.0490
1436.50,16.0869
1437.00,16.1109
1437.50,16.1234
1438.00,16.1386
1438.50,16.1738
1439.00,16.2371
1439.50,16.3245
1440.00,16.4251
1440.50,16.5306
1441.00,16.6401
1441.50,16.7551
1442.00,16.8675
1442.50,16.9560
1443.00,16.9994
1443.50,16.9954
1444.00,16.9652
1444.50,16.9391
1445.00,16.9395
1445.50,16.9738
1446.00,17.0382
1446.50,17.1235
1447.00,17.2197
1447.50,17.3156
1448.00,17.3989
1448.50,17.4579
1449.00,17.4878
1449.50,17.4945
1450.00,17.4906
1450.50,17.4821
1451.00,17.4614
1451.50,17.4128
1452.00,17.3260
1452.50,17.2027
1453.00,17.0535
1453.50,16.8922
1454.00,16.7339
1454.50,16.5910
1455.00,16.4643
1455.50,16.3389
1456.00,16.1939
1456.50,16.0180
1457.00,15.8191
1457.50,15.6199
1458.00,15.4453
1458.50,15.3096
1459.00,15.2108
1459.50,15.1331
1460.00,15.0570
1460.50,14.9691
1461.00,14.8693
1461.50,14.7733
1462.00,14.7059
1462.50,14.6869
1463.00,14.7157
1463.50,14.7698
1464.00,14.8206
1464.50,14.8542
1465.00,14.8779
1465.50,14.9102
1466.00,14.9690
1466.50,15.0618
1467.00,15.1782
1467.50,15.2891
1468.00,15.3633
1468.50,15.3921
1469.00,15.3981
1469.50,15.4145
1470.00,15.4534
1470.50,15.4951
1471.00,15.5079
1471.50,15.4774
1472.00,15.4178
1472.50,15.3632
1473.00,15.3474
1473.50,15.3875
1474.00,15.4751
1474.50,15.5813
1475.00,15.6750
1475.50,15.7396
1476.00,15.7764
1476.50,15.7969
1477.00,15.8140
1477.50,15.8367
1478.00,15.8700
1478.50,15.9147
1479.00,15.9670
1479.50,16.0179
1480.00,16.0566
1480.50,16.0781
1481.00,16.0846
1481.50,16.0821
1482.00,16.0746
1482.50,16.0637
1483.00,16.0510
1483.50,16.0408
1484.00,16.0434
1484.50,16.0721
1485.00,16.1326
1485.50,16.2126
1486.00,16.2880
1486.50,16.3377
1487.00,16.3527
1487.50,16.3311
1488.00,16.2733
1488.50,16.1870
1489.00,16.0898
1489.50,16.0024
1490.00,15.9366
1490.50,15.8921
1491.00,15.8627
1491.50,15.8441
1492.00,15.8360
1492.50,15.8402
1493.00,15.8546
1493.50,15.8667
1494.00,15.8554
1494.50,15.8027
1495.00,15.7087
1495.50,15.5936
1496.00,15.4892
1496.50,15.4249
1497.00,15.4139
1497.50,15.4447
1498.00,15.4850
1498.50,15.5003
1499.00,15.4733
1499.50,15.4088
1500.00,15.3259
1500.50,15.2468
1501.00,15.1908
1501.50,15.1685
1502.00,15.1765
1502.50,15.1953
1503.00,15.1979
1503.50,15.1662
1504.00,15.1043
1504.50,15.0373
1505.00,14.9950
1505.50,14.9946
1506.00,15.0323
1506.50,15.0896
1507.00,15.1471
1507.50,15.1932
1508.00,15.2235
1508.50,15.2344
1509.00,15.2209
1509.50,15.1808
1510.00,15.1209
1510.50,15.0569
1511.00,15.0075
1511.50,14.9860
1512.00,14.9950
1512.50,15.0257
1513.00,15.0621
1513.50,15.0883
1514.00,15.0957
1514.50,15.0829
1515.00,15.0533
1515.50,15.0117
1516.00,14.9669
1516.50,14.9320
1517.00,14.9177
1517.50,14.9230
1518.00,14.9337
1518.50,14.9318
1519.00,14.9094
1519.50,14.8735
1520.00,14.8404
1520.50,14.8240
1521.00,14.8279
1521.50,14.8447
1522.00,14.8623
1522.50,14.8721
1523.00,14.8726
1523.50,14.8692
1524.00,14.8695
1524.50,14.8786
1525.00,14.8964
1525.50,14.9162
1526.00,14.9263
1526.50,14.9156
1527.00,14.8816
1527.50,14.8347
1528.00,14.7924
1528.50,14.7672
1529.00,14.7600
1529.50,14.7653
1530.00,14.7815
1530.50,14.8107
1531.00,14.8520
1531.50,14.8965
1532.00,14.9306
1532.50,14.9429
1533.00,14.9281
1533.50,14.8900
1534.00,14.8396
1534.50,14.7903
1535.00,14.7521
1535.50,14.7285
1536.00,14.7161
1536.50,14.7079
1537.00,14.6976
1537.50,14.6846
1538.00,14.6741
1538.50,14.6746
1539.00,14.6925
1539.50,14.7273
1540.00,14.7693
1540.50,14.8045
1541.00,14.8256
1541.50,14.8366
1542.00,14.8465
1542.50,14.8565
1543.00,14.8581
1543.50,14.8424
1544.00,14.8106
1544.50,14.7724
1545.00,14.7402
1545.50,14.7227
1546.00,14.7224
1546.50,14.7339
1547.00,14.7489
1547.50,14.7627
1548.00,14.7776
1548.50,14.7986
1549.00,14.8262
1549.50,14.8551
1550.00,14.8768
1550.50,14.8832
1551.00,14.8701
1551.50,14.8416
1552.00,14.8096
1552.50,14.7873
1553.00,14.7812
1553.50,14.7889
1554.00,14.8030
1554.50,14.8172
1555.00,14.8281
1555.50,14.8326
1556.00,14.8273
1556.50,14.8095
1557.00,14.7812
1557.50,14.7502
1558.00,14.7266
1558.50,14.7160
1559.00,14.7159
1559.50,14.7169
1560.00,14.7102
1560.50,14.6948
1561.00,14.6824
1561.50,14.6942
1562.00,14.7474
1562.50,14.8378
1563.00,14.9359
1563.50,15.0059
1564.00,15.0319
1564.50,15.0265
1565.00,15.0129
1565.50,15.0040
1566.00,15.0006
1566.50,15.0018
1567.00,15.0078
1567.50,15.0148
1568.00,15.0156
1568.50,15.0075
1569.00,14.9974
1569.50,14.9948
1570.00,15.0025
1570.50,15.0187
1571.00,15.0432
1571.50,15.0804
1572.00,15.1347
1572.50,15.2085
1573.00,15.3053
1573.50,15.4303
1574.00,15.5827
1574.50,15.7485
1575.00,15.9066
1575.50,16.0454
1576.00,16.1702
1576.50,16.2929
1577.00,16.4169
1577.50,16.5364
1578.00,16.6455
1578.50,16.7464
1579.00,16.8483
1579.50,16.9635
1580.00,17.1053
1580.50,17.2863
1581.00,17.5154
1581.50,17.7921
1582.00,18.1039
1582.50,18.4296
1583.00,18.7459
1583.50,19.0364
1584.00,19.2962
1584.50,19.5315
1585.00,19.7541
1585.50,19.9775
1586.00,20.2152
1586.50,20.4782
1587.00,20.7708
1587.50,21.0895
1588.00,21.4266
1588.50,21.7763
1589.00,22.1344
1589.50,22.4942
1590.00,22.8429
1590.50,23.1689
1591.00,23.4719
1591.50,23.7663
1592.00,24.0721
1592.50,24.4028
1593.00,24.7591
1593.50,25.1309
1594.00,25.5025
1594.50,25.8555
1595.00,26.1736
1595.50,26.4506
1596.00,26.6951
1596.50,26.9259
1597.00,27.1597
1597.50,27.4029
1598.00,27.6547
1598.50,27.9161
1599.00,28.1968
1599.50,28.5098
1600.00,28.8614
1600.50,29.2419
1601.00,29.6280
1601.50,29.9950
1602.00,30.3312
1602.50,30.6423
1603.00,30.9422
1603.50,31.2411
1604.00,31.5416
1604.50,31.8430
1605.00,32.1458
1605.50,32.4512
1606.00,32.7587
1606.50,33.0670
1607.00,33.3777
1607.50,33.6958
1608.00,34.0259
1608.50,34.3681
1609.00,34.7164
1609.50,35.0592
1610.00,35.3842
1610.50,35.6840
1611.00,35.9612
1611.50,36.2239
1612.00,36.4758
1612.50,36.7117
1613.00,36.9230
1613.50,37.1078
1614.00,37.2709
1614.50,37.4146
1615.00,37.5298
1615.50,37.5949
1616.00,37.5811
1616.50,37.4603
1617.00,37.2117
1617.50,36.8228
1618.00,36.2878
1618.50,35.6058
1619.00,34.7805
1619.50,33.8206
1620.00,32.7382
1620.50,31.5461
1621.00,30.2546
1621.50,28.8711
1622.00,27.4079
1622.50,25.8944
1623.00,24.3833
1623.50,22.9392
1624.00,21.6159
1624.50,20.4396
1625.00,19.4108
1625.50,18.5213
1626.00,17.7703
1626.50,17.1650
1627.00,16.7072
1627.50,16.3793
1628.00,16.1438
1628.50,15.9576
1629.00,15.7914
1629.50,15.6366
1630.00,15.4990
1630.50,15.3867
1631.00,15.3018
1631.50,15.2402
1632.00,15.1949
1632.50,15.1590
1633.00,15.1265
1633.50,15.0913
1634.00,15.0470
1634.50,14.9909
1635.00,14.9317
1635.50,14.8917
1636.00,14.8947
1636.50,14.9463
1637.00,15.0255
1637.50,15.0960
1638.00,15.1282
1638.50,15.1147
1639.00,15.0707
1639.50,15.0233
1640.00,14.9970
1640.50,15.0015
1641.00,15.0284
1641.50,15.0585
1642.00,15.0744
1642.50,15.0684
1643.00,15.0435
1643.50,15.0090
1644.00,14.9760
1644.50,14.9526
1645.00,14.9418
1645.50,14.9450
1646.00,14.9670
1646.50,15.0115
1647.00,15.0674
1647.50,15.1057
1648.00,15.0959
1648.50,15.0309
1649.00,14.9347
1649.50,14.8461
1650.00,14.7954
1650.50,14.7920
1651.00,14.8262
1651.50,14.8784
1652.00,14.9280
1652.50,14.9604
1653.00,14.9677
1653.50,14.9473
1654.00,14.9020
1654.50,14.8404
1655.00,14.7755
1655.50,14.7217
1656.00,14.6933
1656.50,14.7007
1657.00,14.7432
1657.50,14.8026
1658.00,14.8498
1658.50,14.8623
1659.00,14.8389
1659.50,14.7973
1660.00,14.7594
1660.50,14.7378
1661.00,14.7310
1661.50,14.7279
1662.00,14.7164
1662.50,14.6928
1663.00,14.6644
1663.50,14.6443
1664.00,14.6415
1664.50,14.6538
1665.00,14.6676
1665.50,14.6670
1666.00,14.6460
1666.50,14.6141
1667.00,14.5923
1667.50,14.6021
1668.00,14.6528
1668.50,14.7356
1669.00,14.8261
1669.50,14.8944
1670.00,14.9183
1670.50,14.8956
1671.00,14.8471
1671.50,14.8059
1672.00,14.7959
1672.50,14.8165
1673.00,14.8477
1673.50,14.8676
1674.00,14.8674
1674.50,14.8508
1675.00,14.8277
1675.50,14.8087
1676.00,14.8037
1676.50,14.8187
1677.00,14.8511
1677.50,14.8872
1678.00,14.9066
1678.50,14.8950
1679.00,14.8551
1679.50,14.8054
1680.00,14.7646
1680.50,14.7395
1681.00,14.7255
1681.50,14.7164
1682.00,14.7074
1682.50,14.6919
1683.00,14.6591
1683.50,14.6025
1684.00,14.5287
1684.50,14.4547
1685.00,14.3972
1685.50,14.3631
1686.00,14.3502
1686.50,14.3518
1687.00,14.3620
1687.50,14.3800
1688.00,14.4113
1688.50,14.4614
1689.00,14.5249
1689.50,14.5826
1690.00,14.6119
1690.50,14.6020
1691.00,14.5602
1691.50,14.5061
1692.00,14.4625
1692.50,14.4461
1693.00,14.4587
1693.50,14.4848
1694.00,14.5025
1694.50,14.5016
1695.00,14.4939
1695.50,14.5019
1696.00,14.5339
1696.50,14.5706
1697.00,14.5818
1697.50,14.5570
1698.00,14.5165
1698.50,14.4925
1699.00,14.5014
1699.50,14.5343
1700.00,14.5697
1700.50,14.5904
1701.00,14.5922
1701.50,14.5790
1702.00,14.5542
1702.50,14.5198
1703.00,14.4813
1703.50,14.4492
1704.00,14.4306
1704.50,14.4218
1705.00,14.4109
1705.50,14.3903
1706.00,14.3648
1706.50,14.3474
1707.00,14.3485
1707.50,14.3698
1708.00,14.4056
1708.50,14.4497
1709.00,14.5005
1709.50,14.5627
1710.00,14.6395
1710.50,14.7227
1711.00,14.7904
1711.50,14.8196
1712.00,14.8026
1712.50,14.7524
1713.00,14.6914
1713.50,14.6365
1714.00,14.5938
1714.50,14.5626
1715.00,14.5385
1715.50,14.5128
1716.00,14.4755
1716.50,14.4258
1717.00,14.3779
1717.50,14.3510
1718.00,14.3531
1718.50,14.3754
1719.00,14.4010
1719.50,14.4172
1720.00,14.4207
1720.50,14.4161
1721.00,14.4126
1721.50,14.4226
1722.00,14.4569
1722.50,14.5166
1723.00,14.5865
1723.50,14.6375
1724.00,14.6433
1724.50,14.6002
1725.00,14.5320
1725.50,14.4764
1726.00,14.4619
1726.50,14.4906
1727.00,14.5412
1727.50,14.5872
1728.00,14.6131
1728.50,14.6172
1729.00,14.6027
1729.50,14.5738
1730.00,14.5387
1730.50,14.5095
1731.00,14.4950
1731.50,14.4921
1732.00,14.4894
1732.50,14.4789
1733.00,14.4632
1733.50,14.4481
1734.00,14.4314
1734.50,14.4023
1735.00,14.3565
1735.50,14.3095
1736.00,14.2914
1736.50,14.3242
1737.00,14.4032
1737.50,14.5033
1738.00,14.5999
1738.50,14.6821
1739.00,14.7458
1739.50,14.7849
1740.00,14.7908
1740.50,14.7628
1741.00,14.7148
1741.50,14.6706
1742.00,14.6507
1742.50,14.6601
1743.00,14.6863
1743.50,14.7085
1744.00,14.7099
1744.50,14.6867
1745.00,14.6492
1745.50,14.6156
1746.00,14.6003
1746.50,14.6050
1747.00,14.6218
1747.50,14.6458
1748.00,14.6800
1748.50,14.7262
1749.00,14.7727
1749.50,14.7975
1750.00,14.7824
1750.50,14.7245
1751.00,14.6372
1751.50,14.5453
1752.00,14.4780
1752.50,14.4584
1753.00,14.4930
1753.50,14.5671
1754.00,14.6522
1754.50,14.7201
1755.00,14.7548
1755.50,14.7560
1756.00,14.7326
1756.50,14.6931
1757.00,14.6411
1757.50,14.5792
1758.00,14.5142
1758.50,14.4589
1759.00,14.4310
1759.50,14.4454
1760.00,14.5059
1760.50,14.5963
1761.00,14.6798
1761.50,14.7138
1762.00,14.6798
1762.50,14.6048
1763.00,14.5488
1763.50,14.5619
1764.00,14.6451
1764.50,14.7525
1765.00,14.8298
1765.50,14.8503
1766.00,14.8221
1766.50,14.7713
1767.00,14.7245
1767.50,14.6967
1768.00,14.6849
1768.50,14.6735
1769.00,14.6505
1769.50,14.6218
1770.00,14.6054
1770.50,14.6128
1771.00,14.6382
1771.50,14.6645
1772.00,14.6781
1772.50,14.6796
1773.00,14.6806
1773.50,14.6911
1774.00,14.7077
1774.50,14.7154
1775.00,14.7008
1775.50,14.6654
1776.00,14.6262
1776.50,14.6042
1777.00,14.6108
1777.50,14.6419
1778.00,14.6807
1778.50,14.7080
1779.00,14.7138
1779.50,14.7029
1780.00,14.6898
1780.50,14.6870
1781.00,14.6938
1781.50,14.6986
1782.00,14.6903
1782.50,14.6701
1783.00,14.6517
1783.50,14.6501
1784.00,14.6716
1784.50,14.7133
1785.00,14.7693
1785.50,14.8324
1786.00,14.8919
1786.50,14.9323
1787.00,14.9409
1787.50,14.9179
1788.00,14.8762
1788.50,14.8312
1789.00,14.7918
1789.50,14.7612
1790.00,14.7401
1790.50,14.7272
1791.00,14.7164
1791.50,14.6996
1792.00,14.6716
1792.50,14.6360
1793.00,14.6048
1793.50,14.5903
1794.00,14.5939
1794.50,14.6029
1795.00,14.6002
1795.50,14.5787
1796.00,14.5456
1796.50,14.5127
1797.00,14.4873
1797.50,14.4720
1798.00,14.4725
1798.50,14.4977
1799.00,14.5507
1799.50,14.6219
1800.00,14.6918
1800.50,14.7419
1801.00,14.7641
1801.50,14.7623
1802.00,14.7460
1802.50,14.7219
1803.00,14.6896
1803.50,14.6472
1804.00,14.5978
1804.50,14.5521
1805.00,14.5226
1805.50,14.5131
1806.00,14.5131
1806.50,14.5034
1807.00,14.4741
1807.50,14.4400
1808.00,14.4303
1808.50,14.4603
1809.00,14.5134
1809.50,14.5542
1810.00,14.5595
1810.50,14.5339
1811.00,14.5014
1811.50,14.4873
1812.00,14.5048
1812.50,14.5487
1813.00,14.5986
1813.50,14.6323
1814.00,14.6434
1814.50,14.6443
1815.00,14.6510
1815.50,14.6662
1816.00,14.6806
1816.50,14.6888
1817.00,14.6973
1817.50,14.7150
1818.00,14.7414
1818.50,14.7691
1819.00,14.7954
1819.50,14.8254
1820.00,14.8643
1820.50,14.9081
1821.00,14.9441
1821.50,14.9563
1822.00,14.9323
1822.50,14.8686
1823.00,14.7755
1823.50,14.6742
1824.00,14.5851
1824.50,14.5168
1825.00,14.4651
1825.50,14.4246
1826.00,14.3972
1826.50,14.3909
1827.00,14.4104
1827.50,14.4536
1828.00,14.5145
1828.50,14.5867
1829.00,14.6588
1829.50,14.7118
1830.00,14.7263
1830.50,14.6987
1831.00,14.6495
1831.50,14.6127
1832.00,14.6148
1832.50,14.6585
1833.00,14.7210
1833.50,14.7673
1834.00,14.7685
1834.50,14.7132
1835.00,14.6114
1835.50,14.4932
1836.00,14.4015
1836.50,14.3749
1837.00,14.4242
1837.50,14.5221
1838.00,14.6183
1838.50,14.6724
1839.00,14.6769
1839.50,14.6536
1840.00,14.6320
1840.50,14.6300
1841.00,14.6491
1841.50,14.6791
1842.00,14.7033
1842.50,14.7073
1843.00,14.6903
1843.50,14.6702
1844.00,14.6705
1844.50,14.6979
1845.00,14.7341
1845.50,14.7545
1846.00,14.7532
1846.50,14.7475
1847.00,14.7596
1847.50,14.7942
1848.00,14.8349
1848.50,14.8583
1849.00,14.8491
1849.50,14.8045
1850.00,14.7289
1850.50,14.6330
1851.00,14.5355
1851.50,14.4603
1852.00,14.4235
1852.50,14.4235
1853.00,14.4448
1853.50,14.4726
1854.00,14.5042
1854.50,14.5451
1855.00,14.5957
1855.50,14.6426
1856.00,14.6663
1856.50,14.6566
1857.00,14.6205
1857.50,14.5773
1858.00,14.5443
1858.50,14.5283
1859.00,14.5267
1859.50,14.5356
1860.00,14.5562
1860.50,14.5941
1861.00,14.6494
1861.50,14.7092
1862.00,14.7500
1862.50,14.7521
1863.00,14.7152
1863.50,14.6618
1864.00,14.6220
1864.50,14.6126
1865.00,14.6265
1865.50,14.6414
1866.00,14.6392
1866.50,14.6177
1867.00,14.5878
1867.50,14.5627
1868.00,14.5513
1868.50,14.5549
1869.00,14.5683
1869.50,14.5824
1870.00,14.5906
1870.50,14.5923
1871.00,14.5903
1871.50,14.5851
1872.00,14.5749
1872.50,14.5588
1873.00,14.5409
1873.50,14.5299
1874.00,14.5349
1874.50,14.5589
1875.00,14.5954
1875.50,14.6305
1876.00,14.6523
1876.50,14.6599
1877.00,14.6645
1877.50,14.6785
1878.00,14.7042
1878.50,14.7332
1879.00,14.7542
1879.50,14.7612
1880.00,14.7562
1880.50,14.7461
1881.00,14.7378
1881.50,14.7339
1882.00,14.7337
1882.50,14.7376
1883.00,14.7528
1883.50,14.7893
1884.00,14.8474
1884.50,14.9069
1885.00,14.9331
1885.50,14.9013
1886.00,14.8161
1886.50,14.7073
1887.00,14.6076
1887.50,14.5383
1888.00,14.5098
1888.50,14.5258
1889.00,14.5774
1889.50,14.6387
1890.00,14.6799
1890.50,14.6897
1891.00,14.6826
1891.50,14.6822
1892.00,14.6992
1892.50,14.7253
1893.00,14.7445
1893.50,14.7467
1894.00,14.7315
1894.50,14.7029
1895.00,14.6639
1895.50,14.6149
1896.00,14.5577
1896.50,14.5000
1897.00,14.4541
1897.50,14.4312
1898.00,14.4331
1898.50,14.4496
1899.00,14.4622
1899.50,14.4548
1900.00,14.4262
1900.50,14.3915
1901.00,14.3689
1901.50,14.3635
1902.00,14.3656
1902.50,14.3653
1903.00,14.3632
1903.50,14.3692
1904.00,14.3933
1904.50,14.4394
1905.00,14.5047
1905.50,14.5779
1906.00,14.6385
1906.50,14.6625
1907.00,14.6353
1907.50,14.5631
1908.00,14.4730
1908.50,14.3997
1909.00,14.3691
1909.50,14.3874
1910.00,14.4420
1910.50,14.5098
1911.00,14.5686
1911.50,14.6043
1912.00,14.6127
1912.50,14.5984
1913.00,14.5702
1913.50,14.5363
1914.00,14.5003
1914.50,14.4635
1915.00,14.4304
1915.50,14.4095
1916.00,14.4094
1916.50,14.4322
1917.00,14.4714
1917.50,14.5158
1918.00,14.5573
1918.50,14.5941
1919.00,14.6263
1919.50,14.6524
1920.00,14.6728
1920.50,14.6951
1921.00,14.7279
1921.50,14.7700
1922.00,14.8067
1922.50,14.8182
1923.00,14.7901
1923.50,14.7176
1924.00,14.6097
1924.50,14.4915
1925.00,14.3987
1925.50,14.3604
1926.00,14.3814
1926.50,14.4421
1927.00,14.5133
1927.50,14.5737
1928.00,14.6153
1928.50,14.6399
1929.00,14.6536
1929.50,14.6651
1930.00,14.6839
1930.50,14.7168
1931.00,14.7625
1931.50,14.8098
1932.00,14.8419
1932.50,14.8454
1933.00,14.8174
1933.50,14.7667
1934.00,14.7087
1934.50,14.6592
1935.00,14.6296
1935.50,14.6239
1936.00,14.6372
1936.50,14.6579
1937.00,14.6730
1937.50,14.6732
1938.00,14.6541
1938.50,14.6173
1939.00,14.5707
1939.50,14.5274
1940.00,14.4996
1940.50,14.4938
1941.00,14.5110
1941.50,14.5508
1942.00,14.6132
1942.50,14.6928
1943.00,14.7735
1943.50,14.8309
1944.00,14.8444
1944.50,14.8107
1945.00,14.7485
1945.50,14.6900
1946.00,14.6642
1946.50,14.6800
1947.00,14.7202
1947.50,14.7530
1948.00,14.7556
1948.50,14.7328
1949.00,14.7111
1949.50,14.7120
1950.00,14.7315
1950.50,14.7467
1951.00,14.7412
1951.50,14.7215
1952.00,14.7071
1952.50,14.7064
1953.00,14.7074
1953.50,14.6920
1954.00,14.6558
1954.50,14.6140
1955.00,14.5883
1955.50,14.5893
1956.00,14.6057
1956.50,14.6125
1957.00,14.5912
1957.50,14.5471
1958.00,14.5069
1958.50,14.4981
1959.00,14.5285
1959.50,14.5826
1960.00,14.6361
1960.50,14.6728
1961.00,14.6893
1961.50,14.6882
1962.00,14.6713
1962.50,14.6410
1963.00,14.6067
1963.50,14.5832
1964.00,14.5787
1964.50,14.5839
1965.00,14.5788
1965.50,14.5523
1966.00,14.5131
1966.50,14.4799
1967.00,14.4632
1967.50,14.4606
1968.00,14.4672
1968.50,14.4836
1969.00,14.5130
1969.50,14.5538
1970.00,14.5984
1970.50,14.6394
1971.00,14.6753
1971.50,14.7111
1972.00,14.7490
1972.50,14.7791
1973.00,14.7823
1973.50,14.7451
1974.00,14.6735
1974.50,14.5925
1975.00,14.5330
1975.50,14.5158
1976.00,14.5411
1976.50,14.5903
1977.00,14.6380
1977.50,14.6651
1978.00,14.6670
1978.50,14.6504
1979.00,14.6253
1979.50,14.5979
1980.00,14.5700
1980.50,14.5445
1981.00,14.5293
1981.50,14.5350
1982.00,14.5620
1982.50,14.5913
1983.00,14.5937
1983.50,14.5529
1984.00,14.4807
1984.50,14.4082
1985.00,14.3659
1985.50,14.3688
1986.00,14.4152
1986.50,14.4917
1987.00,14.5780
1987.50,14.6524
1988.00,14.6962
1988.50,14.6988
1989.00,14.6593
1989.50,14.5859
1990.00,14.4953
1990.50,14.4106
1991.00,14.3558
1991.50,14.3449
1992.00,14.3753
1992.50,14.4303
1993.00,14.4890
1993.50,14.5340
1994.00,14.5538
1994.50,14.5455
1995.00,14.5180
1995.50,14.4898
1996.00,14.4757
1996.50,14.4741
1997.00,14.4711
1997.50,14.4587
1998.00,14.4464
1998.50,14.4520
1999.00,14.4826
1999.50,14.5273
2000.00,14.5690
2000.50,14.6006
2001.00,14.6258
2001.50,14.6483
2002.00,14.6648
2002.50,14.6682
2003.00,14.6572
2003.50,14.6384
2004.00,14.6193
2004.50,14.5992
2005.00,14.5695
2005.50,14.5264
2006.00,14.4812
2006.50,14.4567
2007.00,14.4702
2007.50,14.5191
2008.00,14.5809
2008.50,14.6259
2009.00,14.6338
2009.50,14.6023
2010.00,14.5478
2010.50,14.4993
2011.00,14.4869
2011.50,14.5273
2012.00,14.6123
2012.50,14.7096
2013.00,14.7803
2013.50,14.8018
2014.00,14.7826
2014.50,14.7552
2015.00,14.7501
2015.50,14.7744
2016.00,14.8117
2016.50,14.8387
2017.00,14.8422
2017.50,14.8252
2018.00,14.8044
2018.50,14.8002
2019.00,14.8215
2019.50,14.8562
2020.00,14.8777
2020.50,14.8641
2021.00,14.8148
2021.50,14.7515
2022.00,14.7064
2022.50,14.7036
2023.00,14.7457
2023.50,14.8119
2024.00,14.8740
2024.50,14.9171
2025.00,14.9464
2025.50,14.9776
2026.00,15.0202
2026.50,15.0692
2027.00,15.1081
2027.50,15.1199
2028.00,15.0993
2028.50,15.0560
2029.00,15.0049
2029.50,14.9546
2030.00,14.9078
2030.50,14.8719
2031.00,14.8649
2031.50,14.9027
2032.00,14.9825
2032.50,15.0769
2033.00,15.1465
2033.50,15.1600
2034.00,15.1121
2034.50,15.0256
2035.00,14.9389
2035.50,14.8834
2036.00,14.8696
2036.50,14.8904
2037.00,14.9332
2037.50,14.9814
2038.00,15.0077
2038.50,14.9814
2039.00,14.8939
2039.50,14.7766
2040.00,14.6842
2040.50,14.6535
2041.00,14.6805
2041.50,14.7339
2042.00,14.7870
2042.50,14.8315
2043.00,14.8691
2043.50,14.9001
2044.00,14.9217
2044.50,14.9308
2045.00,14.9250
2045.50,14.9014
2046.00,14.8608
2046.50,14.8137
2047.00,14.7801
2047.50,14.7777
2048.00,14.8070
2048.50,14.8492
2049.00,14.8829
2049.50,14.9043
2050.00,14.9285
2050.50,14.9698
2051.00,15.0184
2051.50,15.0423
2052.00,15.0145
2052.50,14.9380
2053.00,14.8432
2053.50,14.7589
2054.00,14.6915
2054.50,14.6323
2055.00,14.5780
2055.50,14.5428
2056.00,14.5470
2056.50,14.5991
2057.00,14.6873
2057.50,14.7871
2058.00,14.8769
2058.50,14.9436
2059.00,14.9823
2059.50,14.9951
2060.00,14.9931
2060.50,14.9937
2061.00,15.0093
2061.50,15.0373
2062.00,15.0605
2062.50,15.0576
2063.00,15.0185
2063.50,14.9546
2064.00,14.8960
2064.50,14.8712
2065.00,14.8850
2065.50,14.9167
2066.00,14.9396
2066.50,14.9449
2067.00,14.9434
2067.50,14.9480
2068.00,14.9554
2068.50,14.9456
2069.00,14.8980
2069.50,14.8077
2070.00,14.6931
2070.50,14.5899
2071.00,14.5355
2071.50,14.5496
2072.00,14.6231
2072.50,14.7233
2073.00,14.8141
2073.50,14.8750
2074.00,14.9075
2074.50,14.9262
2075.00,14.9464
2075.50,14.9744
2076.00,15.0072
2076.50,15.0364
2077.00,15.0554
2077.50,15.0662
2078.00,15.0784
2078.50,15.1002
2079.00,15.1264
2079.50,15.1388
2080.00,15.1207
2080.50,15.0736
2081.00,15.0175
2081.50,14.9758
2082.00,14.9597
2082.50,14.9642
2083.00,14.9768
2083.50,14.9860
2084.00,14.9862
2084.50,14.9755
2085.00,14.9550
2085.50,14.9306
2086.00,14.9146
2086.50,14.9198
2087.00,14.9491
2087.50,14.9921
2088.00,15.0315
2088.50,15.0535
2089.00,15.0533
2089.50,15.0358
2090.00,15.0138
2090.50,15.0013
2091.00,15.0040
2091.50,15.0130
2092.00,15.0099
2092.50,14.9808
2093.00,14.9259
2093.50,14.8577
2094.00,14.7926
2094.50,14.7449
2095.00,14.7269
2095.50,14.7447
2096.00,14.7917
2096.50,14.8470
2097.00,14.8842
2097.50,14.8867
2098.00,14.8582
2098.50,14.8206
2099.00,14.8013
2099.50,14.8163
2100.00,14.8602
2100.50,14.9128
2101.00,14.9550
2101.50,14.9790
2102.00,14.9832
2102.50,14.9641
2103.00,14.9182
2103.50,14.8513
2104.00,14.7825
2104.50,14.7374
2105.00,14.7350
2105.50,14.7787
2106.00,14.8558
2106.50,14.9433
2107.00,15.0177
2107.50,15.0621
2108.00,15.0687
2108.50,15.0392
2109.00,14.9827
2109.50,14.9133
2110.00,14.8467
2110.50,14.7962
2111.00,14.7690
2111.50,14.7646
2112.00,14.7793
2112.50,14.8109
2113.00,14.8571
2113.50,14.9065
2114.00,14.9348
2114.50,14.9191
2115.00,14.8612
2115.50,14.7924
2116.00,14.7519
2116.50,14.7606
2117.00,14.8106
2117.50,14.8718
2118.00,14.9065
2118.50,14.8906
2119.00,14.8312
2119.50,14.7600
2120.00,14.7049
2120.50,14.6656
2121.00,14.6215
2121.50,14.5595
2122.00,14.4907
2122.50,14.4420
2123.00,14.4338
2123.50,14.4639
2124.00,14.5099
2124.50,14.5474
2125.00,14.5691
2125.50,14.5872
2126.00,14.6181
2126.50,14.6625
2127.00,14.7001
2127.50,14.7029
2128.00,14.6565
2128.50,14.5730
2129.00,14.4901
2129.50,14.4503
2130.00,14.4743
2130.50,14.5467
2131.00,14.6271
2131.50,14.6781
2132.00,14.6837
2132.50,14.6505
2133.00,14.5948
2133.50,14.5345
2134.00,14.4881
2134.50,14.4742
2135.00,14.5046
2135.50,14.5728
2136.00,14.6536
2136.50,14.7188
2137.00,14.7572
2137.50,14.7766
2138.00,14.7895
2138.50,14.7977
2139.00,14.7938
2139.50,14.7735
2140.00,14.7419
2140.50,14.7086
2141.00,14.6786
2141.50,14.6488
2142.00,14.6150
2142.50,14.5786
2143.00,14.5489
2143.50,14.5389
2144.00,14.5583
2144.50,14.6085
2145.00,14.6790
2145.50,14.7536
2146.00,14.8212
2146.50,14.8799
2147.00,14.9262
2147.50,14.9470
2148.00,14.9301
2148.50,14.8836
2149.00,14.8395
2149.50,14.8300
2150.00,14.8600
2150.50,14.9037
2151.00,14.9282
2151.50,14.9194
2152.00,14.8886
2152.50,14.8594
2153.00,14.8490
2153.50,14.8594
2154.00,14.8796
2154.50,14.8965
2155.00,14.9027
2155.50,14.8987
2156.00,14.8895
2156.50,14.8781
2157.00,14.8615
2157.50,14.8340
2158.00,14.7935
2158.50,14.7455
2159.00,14.7004
2159.50,14.6675
2160.00,14.6509
2160.50,14.6482
2161.00,14.6533
2161.50,14.6617
2162.00,14.6723
2162.50,14.6871
2163.00,14.7070
2163.50,14.7308
2164.00,14.7561
2164.50,14.7814
2165.00,14.8045
2165.50,14.8197
2166.00,14.8190
2166.50,14.8011
2167.00,14.7772
2167.50,14.7664
2168.00,14.7786
2168.50,14.8036
2169.00,14.8205
2169.50,14.8187
2170.00,14.8092
2170.50,14.8120
2171.00,14.8367
2171.50,14.8739
2172.00,14.9026
2172.50,14.9040
2173.00,14.8722
2173.50,14.8181
2174.00,14.7651
2174.50,14.7366
2175.00,14.7434
2175.50,14.7803
2176.00,14.8339
2176.50,14.8927
2177.00,14.9501
2177.50,14.9984
2178.00,15.0239
2178.50,15.0126
2179.00,14.9630
2179.50,14.8929
2180.00,14.8313
2180.50,14.8033
2181.00,14.8178
2181.50,14.8636
2182.00,14.9148
2182.50,14.9423
2183.00,14.9324
2183.50,14.8960
2184.00,14.8609
2184.50,14.8487
2185.00,14.8594
2185.50,14.8773
2186.00,14.8897
2186.50,14.8988
2187.00,14.9154
2187.50,14.9429
2188.00,14.9692
2188.50,14.9755
2189.00,14.9535
2189.50,14.9126
2190.00,14.8730
2190.50,14.8507
2191.00,14.8496
2191.50,14.8655
2192.00,14.8957
2192.50,14.9437
2193.00,15.0127
2193.50,15.0934
2194.00,15.1592
2194.50,15.1786
2195.00,15.1357
2195.50,15.0422
2196.00,14.9312
2196.50,14.8373
2197.00,14.7771
2197.50,14.7435
2198.00,14.7193
2198.50,14.6978
2199.00,14.6936
2199.50,14.7293
2200.00,14.8128
2200.50,14.9239
2201.00,15.0259
2201.50,15.0895
2202.00,15.1078
2202.50,15.0924
2203.00,15.0574
2203.50,15.0096
2204.00,14.9522
2204.50,14.8916
2205.00,14.8357
2205.50,14.7862
2206.00,14.7364
2206.50,14.6804
2207.00,14.6245
2207.50,14.5875
2208.00,14.5879
2208.50,14.6292
2209.00,14.6985
2209.50,14.7770
2210.00,14.8525
2210.50,14.9210
2211.00,14.9822
2211.50,15.0354
2212.00,15.0806
2212.50,15.1207
2213.00,15.1581
2213.50,15.1874
2214.00,15.1943
2214.50,15.1643
2215.00,15.0964
2215.50,15.0085
2216.00,14.9315
2216.50,14.8954
2217.00,14.9165
2217.50,14.9893
2218.00,15.0875
2218.50,15.1771
2219.00,15.2335
2219.50,15.2508
2220.00,15.2378
2220.50,15.2053
2221.00,15.1583
2221.50,15.0981
2222.00,15.0346
2222.50,14.9918
2223.00,14.9972
2223.50,15.0574
2224.00,15.1424
2224.50,15.1992
2225.00,15.1889
2225.50,15.1165
2226.00,15.0242
2226.50,14.9568
2227.00,14.9325
2227.50,14.9405
2228.00,14.9554
2228.50,14.9530
2229.00,14.9204
2229.50,14.8605
2230.00,14.7904
2230.50,14.7327
2231.00,14.7045
2231.50,14.7146
2232.00,14.7656
2232.50,14.8541
2233.00,14.9649
2233.50,15.0682
2234.00,15.1305
2234.50,15.1327
2235.00,15.0807
2235.50,14.9963
2236.00,14.9035
2236.50,14.8239
2237.00,14.7782
2237.50,14.7791
2238.00,14.8189
2238.50,14.8688
2239.00,14.8996
2239.50,14.9075
2240.00,14.9157
2240.50,14.9497
2241.00,15.0093
2241.50,15.0631
2242.00,15.0713
2242.50,15.0177
2243.00,14.9232
2243.50,14.8315
2244.00,14.7799
2244.50,14.7786
2245.00,14.8130
2245.50,14.8615
2246.00,14.9099
2246.50,14.9514
2247.00,14.9804
2247.50,14.9909
2248.00,14.9799
2248.50,14.9476
2249.00,14.8966
2249.50,14.8333
2250.00,14.7713
2250.50,14.7296
2251.00,14.7212
2251.50,14.7431
2252.00,14.7765
2252.50,14.7977
2253.00,14.7924
2253.50,14.7631
2254.00,14.7258
2254.50,14.6978
2255.00,14.6861
2255.50,14.6857
2256.00,14.6880
2256.50,14.6907
2257.00,14.6979
2257.50,14.7095
2258.00,14.7182
2258.50,14.7167
2259.00,14.7086
2259.50,14.7064
2260.00,14.7197
2260.50,14.7468
2261.00,14.7756
2261.50,14.7915
2262.00,14.7842
2262.50,14.7525
2263.00,14.7070
2263.50,14.6697
2264.00,14.6643
2264.50,14.6987
2265.00,14.7545
2265.50,14.7987
2266.00,14.8063
2266.50,14.7781
2267.00,14.7383
2267.50,14.7157
2268.00,14.7256
2268.50,14.7654
2269.00,14.8223
2269.50,14.8831
2270.00,14.9360
2270.50,14.9684
2271.00,14.9692
2271.50,14.9388
2272.00,14.8946
2272.50,14.8616
2273.00,14.8535
2273.50,14.8627
2274.00,14.8688
2274.50,14.8576
2275.00,14.8303
2275.50,14.8003
2276.00,14.7823
2276.50,14.7852
2277.00,14.8078
2277.50,14.8405
2278.00,14.8708
2278.50,14.8903
2279.00,14.8988
2279.50,14.9031
2280.00,14.9116
2280.50,14.9299
2281.00,14.9578
2281.50,14.9916
2282.00,15.0270
2282.50,15.0563
2283.00,15.0679
2283.50,15.0530
2284.00,15.0149
2284.50,14.9693
2285.00,14.9320
2285.50,14.9109
2286.00,14.9088
2286.50,14.9298
2287.00,14.9762
2287.50,15.0400
2288.00,15.1007
2288.50,15.1359
2289.00,15.1348
2289.50,15.1045
2290.00,15.0640
2290.50,15.0317
2291.00,15.0131
2291.50,14.9997
2292.00,14.9780
2292.50,14.9435
2293.00,14.9036
2293.50,14.8682
2294.00,14.8409
2294.50,14.8194
2295.00,14.8044
2295.50,14.8032
2296.00,14.8228
2296.50,14.8626
2297.00,14.9109
2297.50,14.9524
2298.00,14.9785
2298.50,14.9922
2299.00,15.0028
2299.50,15.0138
2300.00,15.0174
2300.50,15.0031
2301.00,14.9716
2301.50,14.9364
2302.00,14.9136
2302.50,14.9101
2303.00,14.9224
2303.50,14.9422
2304.00,14.9595
2304.50,14.9643
2305.00,14.9527
2305.50,14.9315
2306.00,14.9133
2306.50,14.9056
2307.00,14.9070
2307.50,14.9165
2308.00,14.9412
2308.50,14.9870
2309.00,15.0418
2309.50,15.0762
2310.00,15.0643
2310.50,15.0039
2311.00,14.9156
2311.50,14.8254
2312.00,14.7520
2312.50,14.7066
2313.00,14.6966
2313.50,14.7213
2314.00,14.7674
2314.50,14.8150
2315.00,14.8514
2315.50,14.8786
2316.00,14.9071
2316.50,14.9415
2317.00,14.9719
2317.50,14.9816
2318.00,14.9662
2318.50,14.9438
2319.00,14.9430
2319.50,14.9787
2320.00,15.0377
2320.50,15.0882
2321.00,15.0984
2321.50,15.0530
2322.00,14.9594
2322.50,14.8433
2323.00,14.7353
2323.50,14.6570
2324.00,14.6164
2324.50,14.6144
2325.00,14.6504
2325.50,14.7220
2326.00,14.8201
2326.50,14.9306
2327.00,15.0395
2327.50,15.1335
2328.00,15.1982
2328.50,15.2204
2329.00,15.1992
2329.50,15.1523
2330.00,15.1082
2330.50,15.0909
2331.00,15.1095
2331.50,15.1562
2332.00,15.2090
2332.50,15.2384
2333.00,15.2191
2333.50,15.1448
2334.00,15.0336
2334.50,14.9181
2335.00,14.8243
2335.50,14.7587
2336.00,14.7138
2336.50,14.6856
2337.00,14.6817
2337.50,14.7109
2338.00,14.7682
2338.50,14.8318
2339.00,14.8750
2339.50,14.8815
2340.00,14.8557
2340.50,14.8192
2341.00,14.7977
2341.50,14.8032
2342.00,14.8280
2342.50,14.8541
2343.00,14.8700
2343.50,14.8760
2344.00,14.8758
2344.50,14.8683
2345.00,14.8515
2345.50,14.8318
2346.00,14.8232
2346.50,14.8337
2347.00,14.8561
2347.50,14.8751
2348.00,14.8818
2348.50,14.8783
2349.00,14.8674
2349.50,14.8467
2350.00,14.8156
2350.50,14.7865
2351.00,14.7793
2351.50,14.8022
2352.00,14.8425
2352.50,14.8765
2353.00,14.8881
2353.50,14.8768
2354.00,14.8530
2354.50,14.8246
2355.00,14.7919
2355.50,14.7563
2356.00,14.7297
2356.50,14.7311
2357.00,14.7691
2357.50,14.8294
2358.00,14.8787
2358.50,14.8864
2359.00,14.8448
2359.50,14.7781
2360.00,14.7278
2360.50,14.7263
2361.00,14.7747
2361.50,14.8461
2362.00,14.9101
2362.50,14.9534
2363.00,14.9804
2363.50,14.9997
2364.00,15.0130
2364.50,15.0192
2365.00,15.0229
2365.50,15.0362
2366.00,15.0682
2366.50,15.1115
2367.00,15.1417
2367.50,15.1331
2368.00,15.0805
2368.50,15.0075
2369.00,14.9523
2369.50,14.9392
2370.00,14.9609
2370.50,14.9859
2371.00,14.9856
2371.50,14.9561
2372.00,14.9159
2372.50,14.8861
2373.00,14.8738
2373.50,14.8728
2374.00,14.8740
2374.50,14.8703
2375.00,14.8537
2375.50,14.8178
2376.00,14.7651
2376.50,14.7108
2377.00,14.6756
2377.50,14.6730
2378.00,14.7053
2378.50,14.7668
2379.00,14.8470
2379.50,14.9298
2380.00,14.9940
2380.50,15.0199
2381.00,14.9997
2381.50,14.9434
2382.00,14.8780
2382.50,14.8350
2383.00,14.8311
2383.50,14.8544
2384.00,14.8723
2384.50,14.8586
2385.00,14.8145
2385.50,14.7648
2386.00,14.7332
2386.50,14.7248
2387.00,14.7291
2387.50,14.7365
2388.00,14.7498
2388.50,14.7822
2389.00,14.8437
2389.50,14.9287
2390.00,15.0140
2390.50,15.0696
2391.00,15.0765
2391.50,15.0389
2392.00,14.9804
2392.50,14.9293
2393.00,14.9015
2393.50,14.8959
2394.00,14.9022
2394.50,14.9136
2395.00,14.9288
2395.50,14.9457
2396.00,14.9559
2396.50,14.9524
2397.00,14.9396
2397.50,14.9310
2398.00,14.9340
2398.50,14.9397
2399.00,14.9288
2399.50,14.8894
2400.00,14.8289
2400.50,14.7700
2401.00,14.7386
2401.50,14.7543
2402.00,14.8231
2402.50,14.9326
2403.00,15.0553
2403.50,15.1616
2404.00,15.2326
2404.50,15.2599
2405.00,15.2386
2405.50,15.1709
2406.00,15.0739
2406.50,14.9768
2407.00,14.9024
2407.50,14.8554
2408.00,14.8261
2408.50,14.8035
2409.00,14.7831
2409.50,14.7682
2410.00,14.7686
2410.50,14.7947
2411.00,14.8473
2411.50,14.9092
2412.00,14.9524
2412.50,14.9579
2413.00,14.9316
2413.50,14.9013
2414.00,14.8933
2414.50,14.9106
2415.00,14.9330
2415.50,14.9391
2416.00,14.9281
2416.50,14.9168
2417.00,14.9204
2417.50,14.9375
2418.00,14.9538
2418.50,14.9529
2419.00,14.9251
2419.50,14.8718
2420.00,14.8070
2420.50,14.7537
2421.00,14.7326
2421.50,14.7506
2422.00,14.7967
2422.50,14.8478
2423.00,14.8821
2423.50,14.8916
2424.00,14.8841
2424.50,14.8737
2425.00,14.8699
2425.50,14.8751
2426.00,14.8907
2426.50,14.9174
2427.00,14.9512
2427.50,14.9816
2428.00,14.9977
2428.50,14.9966
2429.00,14.9850
2429.50,14.9747
2430.00,14.9775
2430.50,14.9997
2431.00,15.0386
2431.50,15.0809
2432.00,15.1093
2432.50,15.1143
2433.00,15.1011
2433.50,15.0862
2434.00,15.0834
2434.50,15.0967
2435.00,15.1215
2435.50,15.1488
2436.00,15.1660
2436.50,15.1571
2437.00,15.1115
2437.50,15.0330
2438.00,14.9415
2438.50,14.8616
2439.00,14.8093
2439.50,14.7851
2440.00,14.7784
2440.50,14.7800
2441.00,14.7897
2441.50,14.8144
2442.00,14.8598
2442.50,14.9244
2443.00,15.0013
2443.50,15.0806
2444.00,15.1499
2444.50,15.1947
2445.00,15.2039
2445.50,15.1794
2446.00,15.1385
2446.50,15.1043
2447.00,15.0891
2447.50,15.0879
2448.00,15.0850
2448.50,15.0691
2449.00,15.0397
2449.50,15.0039
2450.00,14.9725
2450.50,14.9582
2451.00,14.9724
2451.50,15.0171
2452.00,15.0798
2452.50,15.1410
2453.00,15.1868
2453.50,15.2145
2454.00,15.2283
2454.50,15.2340
2455.00,15.2378
2455.50,15.2444
2456.00,15.2512
2456.50,15.2449
2457.00,15.2087
2457.50,15.1331
2458.00,15.0250
2458.50,14.9055
2459.00,14.8007
2459.50,14.7288
2460.00,14.6956
2460.50,14.6958
2461.00,14.7192
2461.50,14.7554
2462.00,14.7957
2462.50,14.8337
2463.00,14.8640
2463.50,14.8845
2464.00,14.8979
2464.50,14.9106
2465.00,14.9262
2465.50,14.9406
2466.00,14.9444
2466.50,14.9299
2467.00,14.8970
2467.50,14.8557
2468.00,14.8240
2468.50,14.8190
2469.00,14.8452
2469.50,14.8886
2470.00,14.9248
2470.50,14.9368
2471.00,14.9291
2471.50,14.9242
2472.00,14.9440
2472.50,14.9946
2473.00,15.0650
2473.50,15.1377
2474.00,15.1945
2474.50,15.2192
2475.00,15.2015
2475.50,15.1427
2476.00,15.0575
2476.50,14.9671
2477.00,14.8913
2477.50,14.8456
2478.00,14.8382
2478.50,14.8674
2479.00,14.9203
2479.50,14.9773
2480.00,15.0191
2480.50,15.0313
2481.00,15.0086
2481.50,14.9583
2482.00,14.8992
2482.50,14.8530
2483.00,14.8335
2483.50,14.8426
2484.00,14.8746
2484.50,14.9209
2485.00,14.9732
2485.50,15.0250
2486.00,15.0746
2486.50,15.1246
2487.00,15.1775
2487.50,15.2282
2488.00,15.2605
2488.50,15.2524
2489.00,15.1912
2489.50,15.0888
2490.00,14.9789
2490.50,14.8956
2491.00,14.8525
2491.50,14.8397
2492.00,14.8376
2492.50,14.8317
2493.00,14.8208
2493.50,14.8150
2494.00,14.8263
2494.50,14.8550
2495.00,14.8866
2495.50,14.9032
2496.00,14.8997
2496.50,14.8876
2497.00,14.8810
2497.50,14.8802
2498.00,14.8733
2498.50,14.8546
2499.00,14.8384
2499.50,14.8515
2500.00,14.9137
2500.50,15.0238
2501.00,15.1598
2501.50,15.2880
2502.00,15.3732
2502.50,15.3874
2503.00,15.3210
2503.50,15.1924
2504.00,15.0471
2504.50,14.9367
2505.00,14.8868
2505.50,14.8832
2506.00,14.8890
2506.50,14.8783
2507.00,14.8545
2507.50,14.8423
2508.00,14.8667
2508.50,14.9355
2509.00,15.0367
2509.50,15.1459
2510.00,15.2380
2510.50,15.2949
2511.00,15.3088
2511.50,15.2839
2512.00,15.2351
2512.50,15.1810
2513.00,15.1351
2513.50,15.0997
2514.00,15.0689
2514.50,15.0363
2515.00,15.0010
2515.50,14.9671
2516.00,14.9385
2516.50,14.9139
2517.00,14.8876
2517.50,14.8562
2518.00,14.8250
2518.50,14.8042
2519.00,14.7973
2519.50,14.7975
2520.00,14.7972
2520.50,14.7983
2521.00,14.8103
2521.50,14.8396
2522.00,14.8830
2522.50,14.9310
2523.00,14.9707
2523.50,14.9873
2524.00,14.9690
2524.50,14.9168
2525.00,14.8493
2525.50,14.7938
2526.00,14.7717
2526.50,14.7900
2527.00,14.8446
2527.50,14.9268
2528.00,15.0248
2528.50,15.1219
2529.00,15.1991
2529.50,15.2432
2530.00,15.2550
2530.50,15.2471
2531.00,15.2307
2531.50,15.2063
2532.00,15.1684
2532.50,15.1177
2533.00,15.0656
2533.50,15.0245
2534.00,14.9964
2534.50,14.9755
2535.00,14.9586
2535.50,14.9485
2536.00,14.9486
2536.50,14.9575
2537.00,14.9708
2537.50,14.9847
2538.00,14.9961
2538.50,15.0020
2539.00,15.0035
2539.50,15.0083
2540.00,15.0260
2540.50,15.0579
2541.00,15.0936
2541.50,15.1167
2542.00,15.1171
2542.50,15.0999
2543.00,15.0834
2543.50,15.0819
2544.00,15.0897
2544.50,15.0854
2545.00,15.0520
2545.50,14.9921
2546.00,14.9241
2546.50,14.8689
2547.00,14.8389
2547.50,14.8336
2548.00,14.8435
2548.50,14.8600
2549.00,14.8836
2549.50,14.9201
2550.00,14.9719
2550.50,15.0355
2551.00,15.1044
2551.50,15.1714
2552.00,15.2270
2552.50,15.2596
2553.00,15.2605
2553.50,15.2301
2554.00,15.1801
2554.50,15.1279
2555.00,15.0862
2555.50,15.0564
2556.00,15.0341
2556.50,15.0194
2557.00,15.0208
2557.50,15.0475
2558.00,15.0978
2558.50,15.1559
2559.00,15.2006
2559.50,15.2180
2560.00,15.2073
2560.50,15.1779
2561.00,15.1430
2561.50,15.1140
2562.00,15.0966
2562.50,15.0889
2563.00,15.0834
2563.50,15.0716
2564.00,15.0479
2564.50,15.0125
2565.00,14.9697
2565.50,14.9254
2566.00,14.8850
2566.50,14.8557
2567.00,14.8464
2567.50,14.8634
2568.00,14.9021
2568.50,14.9470
2569.00,14.9804
2569.50,14.9951
2570.00,14.9948
2570.50,14.9847
2571.00,14.9642
2571.50,14.9313
2572.00,14.8908
2572.50,14.8561
2573.00,14.8437
2573.50,14.8666
2574.00,14.9276
2574.50,15.0125
2575.00,15.0910
2575.50,15.1330
2576.00,15.1293
2576.50,15.0978
2577.00,15.0671
2577.50,15.0536
2578.00,15.0524
2578.50,15.0456
2579.00,15.0199
2579.50,14.9775
2580.00,14.9374
2580.50,14.9260
2581.00,14.9613
2581.50,15.0399
2582.00,15.1366
2582.50,15.2205
2583.00,15.2754
2583.50,15.3083
2584.00,15.3362
2584.50,15.3649
2585.00,15.3802
2585.50,15.3610
2586.00,15.3049
2586.50,15.2364
2587.00,15.1885
2587.50,15.1750
2588.00,15.1815
2588.50,15.1828
2589.00,15.1659
2589.50,15.1378
2590.00,15.1176
2590.50,15.1214
2591.00,15.1515
2591.50,15.1938
2592.00,15.2277
2592.50,15.2407
2593.00,15.2348
2593.50,15.2172
2594.00,15.1872
2594.50,15.1366
2595.00,15.0622
2595.50,14.9748
2596.00,14.8943
2596.50,14.8365
2597.00,14.8046
2597.50,14.7916
2598.00,14.7885
2598.50,14.7913
2599.00,14.7999
2599.50,14.8128
2600.00,14.8237
2600.50,14.8255
2601.00,14.8175
2601.50,14.8054
2602.00,14.7941
2602.50,14.7823
2603.00,14.7682
2603.50,14.7561
2604.00,14.7559
2604.50,14.7746
2605.00,14.8119
2605.50,14.8631
2606.00,14.9242
2606.50,14.9912
2607.00,15.0582
2607.50,15.1177
2608.00,15.1650
2608.50,15.1975
2609.00,15.2117
2609.50,15.2027
2610.00,15.1697
2610.50,15.1198
2611.00,15.0629
2611.50,15.0049
2612.00,14.9455
2612.50,14.8847
2613.00,14.8326
2613.50,14.8097
2614.00,14.8325
2614.50,14.8959
2615.00,14.9678
2615.50,15.0086
2616.00,14.9972
2616.50,14.9448
2617.00,14.8851
2617.50,14.8499
2618.00,14.8472
2618.50,14.8594
2619.00,14.8596
2619.50,14.8360
2620.00,14.8004
2620.50,14.7781
2621.00,14.7898
2621.50,14.8420
2622.00,14.9270
2622.50,15.0233
2623.00,15.0976
2623.50,15.1184
2624.00,15.0779
2624.50,15.0010
2625.00,14.9287
2625.50,14.8929
2626.00,14.9022
2626.50,14.9457
2627.00,15.0025
2627.50,15.0499
2628.00,15.0687
2628.50,15.0505
2629.00,15.0037
2629.50,14.9505
2630.00,14.9149
2630.50,14.9096
2631.00,14.9308
2631.50,14.9643
2632.00,14.9938
2632.50,15.0081
2633.00,15.0056
2633.50,14.9949
2634.00,14.9893
2634.50,14.9958
2635.00,15.0076
2635.50,15.0066
2636.00,14.9777
2636.50,14.9229
2637.00,14.8621
2637.50,14.8202
2638.00,14.8115
2638.50,14.8350
2639.00,14.8792
2639.50,14.9289
2640.00,14.9687
2640.50,14.9888
2641.00,14.9896
2641.50,14.9795
2642.00,14.9650
2642.50,14.9432
2643.00,14.9069
2643.50,14.8554
2644.00,14.7964
2644.50,14.7390
2645.00,14.6871
2645.50,14.6418
2646.00,14.6078
2646.50,14.5933
2647.00,14.6044
2647.50,14.6388
2648.00,14.6868
2648.50,14.7366
2649.00,14.7819
2649.50,14.8251
2650.00,14.8721
2650.50,14.9231
2651.00,14.9677
2651.50,14.9907
2652.00,14.9849
2652.50,14.9571
2653.00,14.9229
2653.50,14.8948
2654.00,14.8776
2654.50,14.8718
2655.00,14.8741
2655.50,14.8752
2656.00,14.8612
2656.50,14.8259
2657.00,14.7815
2657.50,14.7564
2658.00,14.7745
2658.50,14.8349
2659.00,14.9090
2659.50,14.9619
2660.00,14.9780
2660.50,14.9697
2661.00,14.9628
2661.50,14.9762
2662.00,15.0127
2662.50,15.0604
2663.00,15.0992
2663.50,15.1084
2664.00,15.0758
2664.50,15.0067
2665.00,14.9209
2665.50,14.8417
2666.00,14.7826
2666.50,14.7437
2667.00,14.7191
2667.50,14.7053
2668.00,14.7042
2668.50,14.7192
2669.00,14.7503
2669.50,14.7936
2670.00,14.8436
2670.50,14.8961
2671.00,14.9487
2671.50,14.9972
2672.00,15.0323
2672.50,15.0425
2673.00,15.0244
2673.50,14.9872
2674.00,14.9466
2674.50,14.9146
2675.00,14.8984
2675.50,14.9014
2676.00,14.9202
2676.50,14.9424
2677.00,14.9538
2677.50,14.9483
2678.00,14.9292
2678.50,14.9026
2679.00,14.8729
2679.50,14.8464
2680.00,14.8314
2680.50,14.8311
2681.00,14.8374
2681.50,14.8374
2682.00,14.8286
2682.50,14.8245
2683.00,14.8420
2683.50,14.8853
2684.00,14.9459
2684.50,15.0157
2685.00,15.0948
2685.50,15.1827
2686.00,15.2654
2686.50,15.3195
2687.00,15.3311
2687.50,15.3053
2688.00,15.2569
2688.50,15.1955
2689.00,15.1266
2689.50,15.0600
2690.00,15.0095
2690.50,14.9823
2691.00,14.9743
2691.50,14.9763
2692.00,14.9836
2692.50,14.9986
2693.00,15.0280
2693.50,15.0768
2694.00,15.1407
2694.50,15.2034
2695.00,15.2417
2695.50,15.2400
2696.00,15.2013
2696.50,15.1475
2697.00,15.1067
2697.50,15.0957
2698.00,15.1114
2698.50,15.1386
2699.00,15.1644
2699.50,15.1865
2700.00,15.2079
2700.50,15.2282
2701.00,15.2392
2701.50,15.2292
2702.00,15.1893
2702.50,15.1185
2703.00,15.0264
2703.50,14.9353
2704.00,14.8754
2704.50,14.8705
2705.00,14.9218
2705.50,15.0032
2706.00,15.0759
2706.50,15.1118
2707.00,15.1092
2707.50,15.0897
2708.00,15.0772
2708.50,15.0787
2709.00,15.0815
2709.50,15.0705
2710.00,15.0475
2710.50,15.0339
2711.00,15.0530
2711.50,15.1059
2712.00,15.1657
2712.50,15.1986
2713.00,15.1921
2713.50,15.1633
2714.00,15.1389
2714.50,15.1323
2715.00,15.1380
2715.50,15.1428
2716.00,15.1375
2716.50,15.1202
2717.00,15.0959
2717.50,15.0731
2718.00,15.0580
2718.50,15.0523
2719.00,15.0545
2719.50,15.0640
2720.00,15.0793
2720.50,15.0919
2721.00,15.0887
2721.50,15.0631
2722.00,15.0265
2722.50,15.0027
2723.00,15.0083
2723.50,15.0385
2724.00,15.0718
2724.50,15.0903
2725.00,15.0935
2725.50,15.0942
2726.00,15.1029
2726.50,15.1161
2727.00,15.1169
2727.50,15.0894
2728.00,15.0353
2728.50,14.9781
2729.00,14.9486
2729.50,14.9642
2730.00,15.0174
2730.50,15.0844
2731.00,15.1434
2731.50,15.1878
2732.00,15.2236
2732.50,15.2559
2733.00,15.2798
2733.50,15.2849
2734.00,15.2655
2734.50,15.2274
2735.00,15.1877
2735.50,15.1667
2736.00,15.1758
2736.50,15.2084
2737.00,15.2435
2737.50,15.2605
2738.00,15.2505
2738.50,15.2169
2739.00,15.1700
2739.50,15.1239
2740.00,15.0952
2740.50,15.0951
2741.00,15.1178
2741.50,15.1392
2742.00,15.1327
2742.50,15.0921
2743.00,15.0360
2743.50,14.9927
2744.00,14.9814
2744.50,15.0032
2745.00,15.0435
2745.50,15.0822
2746.00,15.1054
2746.50,15.1119
2747.00,15.1081
2747.50,15.0980
2748.00,15.0809
2748.50,15.0572
2749.00,15.0348
2749.50,15.0256
2750.00,15.0344
2750.50,15.0500
2751.00,15.0488
2751.50,15.0117
2752.00,14.9411
2752.50,14.8623
2753.00,14.8079
2753.50,14.7972
2754.00,14.8271
2754.50,14.8779
2755.00,14.9265
2755.50,14.9567
2756.00,14.9620
2756.50,14.9447
2757.00,14.9132
2757.50,14.8787
2758.00,14.8522
2758.50,14.8395
2759.00,14.8401
2759.50,14.8509
2760.00,14.8701
2760.50,14.8970
2761.00,14.9260
2761.50,14.9466
2762.00,14.9518
2762.50,14.9455
2763.00,14.9413
2763.50,14.9520
2764.00,14.9793
2764.50,15.0129
2765.00,15.0390
2765.50,15.0515
2766.00,15.0538
2766.50,15.0522
2767.00,15.0496
2767.50,15.0446
2768.00,15.0353
2768.50,15.0238
2769.00,15.0165
2769.50,15.0218
2770.00,15.0461
2770.50,15.0908
2771.00,15.1498
2771.50,15.2062
2772.00,15.2344
2772.50,15.2112
2773.00,15.1315
2773.50,15.0146
2774.00,14.8943
2774.50,14.7998
2775.00,14.7451
2775.50,14.7295
2776.00,14.7439
2776.50,14.7758
2777.00,14.8150
2777.50,14.8602
2778.00,14.9167
2778.50,14.9861
2779.00,15.0585
2779.50,15.1169
2780.00,15.1494
2780.50,15.1552
2781.00,15.1383
2781.50,15.1026
2782.00,15.0549
2782.50,15.0087
2783.00,14.9765
2783.50,14.9590
2784.00,14.9452
2784.50,14.9255
2785.00,14.9022
2785.50,14.8860
2786.00,14.8850
2786.50,14.8978
2787.00,14.9133
2787.50,14.9171
2788.00,14.8994
2788.50,14.8607
2789.00,14.8137
2789.50,14.7798
2790.00,14.7796
2790.50,14.8222
2791.00,14.8991
2791.50,14.9866
2792.00,15.0567
2792.50,15.0901
2793.00,15.0868
2793.50,15.0642
2794.00,15.0452
2794.50,15.0441
2795.00,15.0596
2795.50,15.0805
2796.00,15.0949
2796.50,15.0983
2797.00,15.0950
2797.50,15.0935
2798.00,15.1016
2798.50,15.1240
2799.00,15.1609
2799.50,15.2040
2800.00,15.2332
2800.50,15.2263
2801.00,15.1800
2801.50,15.1206
2802.00,15.0877
2802.50,15.1026
2803.00,15.1540
2803.50,15.2121
2804.00,15.2544
2804.50,15.2764
2805.00,15.2823
2805.50,15.2725
2806.00,15.2440
2806.50,15.1978
2807.00,15.1446
2807.50,15.1024
2808.00,15.0887
2808.50,15.1086
2809.00,15.1497
2809.50,15.1904
2810.00,15.2188
2810.50,15.2425
2811.00,15.2781
2811.50,15.3314
2812.00,15.3898
2812.50,15.4318
2813.00,15.4445
2813.50,15.4293
2814.00,15.3937
2814.50,15.3430
2815.00,15.2822
2815.50,15.2251
2816.00,15.1926
2816.50,15.1964
2817.00,15.2238
2817.50,15.2425
2818.00,15.2225
2818.50,15.1563
2819.00,15.0613
2819.50,14.9680
2820.00,14.9059
2820.50,14.8920
2821.00,14.9229
2821.50,14.9730
2822.00,15.0099
2822.50,15.0170
2823.00,15.0035
2823.50,14.9929
2824.00,15.0013
2824.50,15.0297
2825.00,15.0700
2825.50,15.1165
2826.00,15.1679
2826.50,15.2215
2827.00,15.2663
2827.50,15.2839
2828.00,15.2597
2828.50,15.1953
2829.00,15.1111
2829.50,15.0368
2830.00,14.9943
2830.50,14.9869
2831.00,15.0004
2831.50,15.0158
2832.00,15.0220
2832.50,15.0186
2833.00,15.0065
2833.50,14.9825
2834.00,14.9446
2834.50,14.9000
2835.00,14.8627
2835.50,14.8416
2836.00,14.8343
2836.50,14.8336
2837.00,14.8380
2837.50,14.8521
2838.00,14.8794
2838.50,14.9186
2839.00,14.9675
2839.50,15.0244
2840.00,15.0827
2840.50,15.1248
2841.00,15.1308
2841.50,15.0936
2842.00,15.0280
2842.50,14.9625
2843.00,14.9208
2843.50,14.9109
2844.00,14.9268
2844.50,14.9608
2845.00,15.0075
2845.50,15.0594
2846.00,15.1028
2846.50,15.1229
2847.00,15.1134
2847.50,15.0782
2848.00,15.0266
2848.50,14.9677
2849.00,14.9077
2849.50,14.8505
2850.00,14.8001
2850.50,14.7613
2851.00,14.7380
2851.50,14.7341
2852.00,14.7560
2852.50,14.8104
2853.00,14.8951
2853.50,14.9912
2854.00,15.0690
2854.50,15.1057
2855.00,15.0988
2855.50,15.0645
2856.00,15.0253
2856.50,14.9976
2857.00,14.9878
2857.50,14.9958
2858.00,15.0198
2858.50,15.0588
