0.00,0.0000
0.50,0.0286
1.00,0.0792
1.50,0.1445
2.00,0.2187
2.50,0.3020
3.00,0.3956
3.50,0.4952
4.00,0.5930
4.50,0.6831
5.00,0.7671
5.50,0.8507
6.00,0.9391
6.50,1.0341
7.00,1.1347
7.50,1.2388
8.00,1.3438
8.50,1.4475
9.00,1.5476
9.50,1.6398
10.00,1.7190
10.50,1.7828
11.00,1.8333
11.50,1.8764
12.00,1.9179
12.50,1.9606
13.00,2.0033
13.50,2.0433
14.00,2.0819
14.50,2.1278
15.00,2.1918
15.50,2.2765
16.00,2.3719
16.50,2.4617
17.00,2.5349
17.50,2.5895
18.00,2.6279
18.50,2.6510
19.00,2.6585
19.50,2.6534
20.00,2.6439
20.50,2.6384
21.00,2.6404
21.50,2.6486
22.00,2.6604
22.50,2.6743
23.00,2.6905
23.50,2.7083
24.00,2.7251
24.50,2.7358
25.00,2.7350
25.50,2.7223
26.00,2.7042
26.50,2.6924
27.00,2.6965
27.50,2.7180
28.00,2.7496
28.50,2.7796
29.00,2.7998
29.50,2.8114
30.00,2.8231
30.50,2.8427
31.00,2.8701
31.50,2.8980
32.00,2.9178
32.50,2.9265
33.00,2.9298
33.50,2.9367
34.00,2.9529
34.50,2.9759
35.00,2.9976
35.50,3.0110
36.00,3.0148
36.50,3.0118
37.00,3.0062
37.50,3.0028
38.00,3.0067
38.50,3.0221
39.00,3.0495
39.50,3.0854
40.00,3.1250
40.50,3.1647
41.00,3.2009
41.50,3.2303
42.00,3.2531
42.50,3.2754
43.00,3.3061
43.50,3.3473
44.00,3.3897
44.50,3.4202
45.00,3.4344
45.50,3.4436
46.00,3.4645
46.50,3.5037
47.00,3.5516
47.50,3.5919
48.00,3.6171
48.50,3.6342
49.00,3.6559
49.50,3.6880
50.00,3.7258
50.50,3.7620
51.00,3.7951
51.50,3.8275
52.00,3.8582
52.50,3.8805
53.00,3.8870
53.50,3.8770
54.00,3.8565
54.50,3.8323
55.00,3.8082
55.50,3.7863
56.00,3.7695
56.50,3.7616
57.00,3.7633
57.50,3.7723
58.00,3.7863
58.50,3.8063
59.00,3.8344
59.50,3.8711
60.00,3.9137
60.50,3.9592
61.00,4.0047
61.50,4.0459
62.00,4.0762
62.50,4.0915
63.00,4.0946
63.50,4.0941
64.00,4.0989
64.50,4.1131
65.00,4.1362
65.50,4.1644
66.00,4.1921
66.50,4.2139
67.00,4.2280
67.50,4.2395
68.00,4.2587
68.50,4.2945
69.00,4.3472
69.50,4.4067
70.00,4.4573
70.50,4.4863
71.00,4.4912
71.50,4.4810
72.00,4.4717
72.50,4.4765
73.00,4.5002
73.50,4.5374
74.00,4.5780
74.50,4.6139
75.00,4.6421
75.50,4.6636
76.00,4.6793
76.50,4.6882
77.00,4.6888
77.50,4.6836
78.00,4.6805
78.50,4.6884
79.00,4.7106
79.50,4.7425
80.00,4.7774
80.50,4.8131
81.00,4.8512
81.50,4.8906
82.00,4.9249
82.50,4.9461
83.00,4.9517
83.50,4.9469
84.00,4.9407
84.50,4.9386
85.00,4.9388
85.50,4.9361
86.00,4.9284
86.50,4.9209
87.00,4.9207
87.50,4.9297
88.00,4.9413
88.50,4.9469
89.00,4.9451
89.50,4.9417
90.00,4.9436
90.50,4.9527
91.00,4.9664
91.50,4.9826
92.00,5.0010
92.50,5.0219
93.00,5.0456
93.50,5.0735
94.00,5.1070
94.50,5.1447
95.00,5.1814
95.50,5.2102
96.00,5.2290
96.50,5.2431
97.00,5.2613
97.50,5.2894
98.00,5.3262
98.50,5.3638
99.00,5.3920
99.50,5.4051
100.00,5.4080
100.50,5.4145
101.00,5.4365
101.50,5.4736
102.00,5.5134
102.50,5.5416
103.00,5.5512
103.50,5.5434
104.00,5.5246
104.50,5.5038
105.00,5.4897
105.50,5.4875
106.00,5.4954
106.50,5.5072
107.00,5.5161
107.50,5.5187
108.00,5.5152
108.50,5.5068
109.00,5.4940
109.50,5.4777
110.00,5.4629
110.50,5.4574
111.00,5.4672
111.50,5.4893
112.00,5.5126
112.50,5.5250
113.00,5.5196
113.50,5.4961
114.00,5.4606
114.50,5.4259
115.00,5.4080
115.50,5.4172
116.00,5.4513
116.50,5.4967
117.00,5.5385
117.50,5.5689
118.00,5.5879
118.50,5.5982
119.00,5.6016
119.50,5.6007
120.00,5.6023
120.50,5.6143
121.00,5.6393
121.50,5.6717
122.00,5.7015
122.50,5.7212
123.00,5.7295
123.50,5.7301
124.00,5.7285
124.50,5.7289
125.00,5.7322
125.50,5.7383
126.00,5.7481
126.50,5.7645
127.00,5.7875
127.50,5.8117
128.00,5.8284
128.50,5.8326
129.00,5.8255
129.50,5.8115
130.00,5.7948
130.50,5.7794
131.00,5.7704
131.50,5.7718
132.00,5.7835
132.50,5.8013
133.00,5.8221
133.50,5.8472
134.00,5.8809
134.50,5.9239
135.00,5.9695
135.50,6.0048
136.00,6.0188
136.50,6.0113
137.00,5.9950
137.50,5.9871
138.00,5.9968
138.50,6.0203
139.00,6.0451
139.50,6.0600
140.00,6.0605
140.50,6.0494
141.00,6.0325
141.50,6.0147
142.00,5.9966
142.50,5.9765
143.00,5.9546
143.50,5.9372
144.00,5.9353
144.50,5.9568
145.00,6.0006
145.50,6.0550
146.00,6.1049
146.50,6.1401
147.00,6.1603
147.50,6.1719
148.00,6.1819
148.50,6.1925
149.00,6.2001
149.50,6.2016
150.00,6.1994
150.50,6.2020
151.00,6.2172
151.50,6.2464
152.00,6.2833
152.50,6.3196
153.00,6.3501
153.50,6.3741
154.00,6.3927
154.50,6.4055
155.00,6.4106
155.50,6.4069
156.00,6.3974
156.50,6.3888
157.00,6.3865
157.50,6.3912
158.00,6.3977
158.50,6.4002
159.00,6.3981
159.50,6.3961
160.00,6.4001
160.50,6.4125
161.00,6.4303
161.50,6.4465
162.00,6.4550
162.50,6.4548
163.00,6.4516
163.50,6.4531
164.00,6.4619
164.50,6.4732
165.00,6.4791
165.50,6.4758
166.00,6.4669
166.50,6.4593
167.00,6.4570
167.50,6.4588
168.00,6.4624
168.50,6.4681
169.00,6.4779
169.50,6.4917
170.00,6.5055
170.50,6.5136
171.00,6.5125
171.50,6.5030
172.00,6.4869
172.50,6.4649
173.00,6.4385
173.50,6.4130
174.00,6.3970
174.50,6.3974
175.00,6.4137
175.50,6.4395
176.00,6.4666
176.50,6.4882
177.00,6.5013
177.50,6.5075
178.00,6.5122
178.50,6.5215
179.00,6.5394
179.50,6.5666
180.00,6.6016
180.50,6.6407
181.00,6.6779
181.50,6.7054
182.00,6.7171
182.50,6.7121
183.00,6.6957
183.50,6.6760
184.00,6.6606
184.50,6.6536
185.00,6.6555
185.50,6.6637
186.00,6.6734
186.50,6.6806
187.00,6.6872
187.50,6.6997
188.00,6.7228
188.50,6.7541
189.00,6.7852
189.50,6.8092
190.00,6.8247
190.50,6.8340
191.00,6.8405
191.50,6.8471
192.00,6.8563
192.50,6.8680
193.00,6.8784
193.50,6.8806
194.00,6.8695
194.50,6.8461
195.00,6.8185
195.50,6.7982
196.00,6.7941
196.50,6.8087
197.00,6.8375
197.50,6.8722
198.00,6.9039
198.50,6.9253
199.00,6.9328
199.50,6.9291
200.00,6.9240
200.50,6.9287
201.00,6.9476
201.50,6.9736
202.00,6.9940
202.50,7.0002
203.00,6.9928
203.50,6.9789
204.00,6.9663
204.50,6.9606
205.00,6.9651
205.50,6.9802
206.00,7.0037
206.50,7.0317
207.00,7.0625
207.50,7.0972
208.00,7.1373
208.50,7.1802
209.00,7.2178
209.50,7.2425
210.00,7.2521
210.50,7.2513
211.00,7.2482
211.50,7.2486
212.00,7.2539
212.50,7.2619
213.00,7.2704
213.50,7.2788
214.00,7.2886
214.50,7.3011
215.00,7.3150
215.50,7.3268
216.00,7.3340
216.50,7.3389
217.00,7.3481
217.50,7.3677
218.00,7.3964
218.50,7.4256
219.00,7.4454
219.50,7.4511
220.00,7.4444
220.50,7.4319
221.00,7.4204
221.50,7.4139
222.00,7.4121
222.50,7.4126
223.00,7.4142
223.50,7.4189
224.00,7.4304
224.50,7.4510
225.00,7.4797
225.50,7.5112
226.00,7.5350
226.50,7.5401
227.00,7.5219
227.50,7.4879
228.00,7.4546
228.50,7.4381
229.00,7.4443
229.50,7.4669
230.00,7.4945
230.50,7.5195
231.00,7.5418
231.50,7.5646
232.00,7.5879
232.50,7.6065
233.00,7.6146
233.50,7.6106
234.00,7.5984
234.50,7.5833
235.00,7.5688
235.50,7.5572
236.00,7.5511
236.50,7.5532
237.00,7.5630
237.50,7.5741
238.00,7.5757
238.50,7.5589
239.00,7.5239
239.50,7.4815
240.00,7.4478
240.50,7.4331
241.00,7.4356
241.50,7.4449
242.00,7.4510
242.50,7.4518
243.00,7.4515
243.50,7.4561
244.00,7.4677
244.50,7.4836
245.00,7.4988
245.50,7.5100
246.00,7.5176
246.50,7.5254
247.00,7.5379
247.50,7.5575
248.00,7.5820
248.50,7.6049
249.00,7.6204
249.50,7.6285
250.00,7.6357
250.50,7.6470
251.00,7.6586
251.50,7.6610
252.00,7.6499
252.50,7.6338
253.00,7.6295
253.50,7.6498
254.00,7.6945
254.50,7.7497
255.00,7.7976
255.50,7.8258
256.00,7.8323
256.50,7.8240
257.00,7.8116
257.50,7.8041
258.00,7.8040
258.50,7.8068
259.00,7.8052
259.50,7.7959
260.00,7.7824
260.50,7.7704
261.00,7.7603
261.50,7.7468
262.00,7.7258
262.50,7.7012
263.00,7.6840
263.50,7.6838
264.00,7.7023
264.50,7.7319
265.00,7.7613
265.50,7.7829
266.00,7.7956
266.50,7.8036
267.00,7.8114
267.50,7.8210
268.00,7.8307
268.50,7.8384
269.00,7.8445
269.50,7.8517
270.00,7.8638
270.50,7.8822
271.00,7.9034
271.50,7.9219
272.00,7.9326
272.50,7.9335
273.00,7.9253
273.50,7.9103
274.00,7.8937
274.50,7.8838
275.00,7.8881
275.50,7.9070
276.00,7.9318
276.50,7.9486
277.00,7.9475
277.50,7.9289
278.00,7.9038
278.50,7.8864
279.00,7.8845
279.50,7.8939
280.00,7.9034
280.50,7.9055
281.00,7.9034
281.50,7.9041
282.00,7.9091
282.50,7.9133
283.00,7.9121
283.50,7.9064
284.00,7.8994
284.50,7.8929
285.00,7.8877
285.50,7.8860
286.00,7.8893
286.50,7.8942
287.00,7.8940
287.50,7.8860
288.00,7.8772
288.50,7.8809
289.00,7.9058
289.50,7.9478
290.00,7.9923
290.50,8.0253
291.00,8.0412
291.50,8.0430
292.00,8.0357
292.50,8.0223
293.00,8.0053
293.50,7.9898
294.00,7.9822
294.50,7.9854
295.00,7.9968
295.50,8.0118
296.00,8.0286
296.50,8.0490
297.00,8.0734
297.50,8.0972
298.00,8.1128
298.50,8.1149
299.00,8.1049
299.50,8.0899
300.00,8.0792
300.50,8.0793
301.00,8.0906
301.50,8.1075
302.00,8.1228
302.50,8.1343
303.00,8.1457
303.50,8.1634
304.00,8.1889
304.50,8.2178
305.00,8.2428
305.50,8.2589
306.00,8.2655
306.50,8.2673
307.00,8.2722
307.50,8.2868
308.00,8.3119
308.50,8.3408
309.00,8.3645
309.50,8.3774
310.00,8.3800
310.50,8.3770
311.00,8.3736
311.50,8.3744
312.00,8.3833
312.50,8.4018
313.00,8.4270
313.50,8.4533
314.00,8.4754
314.50,8.4911
315.00,8.5029
315.50,8.5146
316.00,8.5285
316.50,8.5440
317.00,8.5582
317.50,8.5687
318.00,8.5746
318.50,8.5769
319.00,8.5760
319.50,8.5700
320.00,8.5563
320.50,8.5344
321.00,8.5082
321.50,8.4841
322.00,8.4665
322.50,8.4558
323.00,8.4503
323.50,8.4477
324.00,8.4453
324.50,8.4396
325.00,8.4286
325.50,8.4143
326.00,8.4023
326.50,8.3968
327.00,8.3974
327.50,8.3994
328.00,8.3991
328.50,8.3985
329.00,8.4050
329.50,8.4260
330.00,8.4608
330.50,8.4991
331.00,8.5271
331.50,8.5378
332.00,8.5369
332.50,8.5377
333.00,8.5502
333.50,8.5733
334.00,8.5983
334.50,8.6184
335.00,8.6335
335.50,8.6470
336.00,8.6613
336.50,8.6769
337.00,8.6943
337.50,8.7141
338.00,8.7354
338.50,8.7560
339.00,8.7730
339.50,8.7855
340.00,8.7958
340.50,8.8088
341.00,8.8279
341.50,8.8500
342.00,8.8663
342.50,8.8695
343.00,8.8591
343.50,8.8406
344.00,8.8198
344.50,8.8006
345.00,8.7872
345.50,8.7844
346.00,8.7933
346.50,8.8077
347.00,8.8173
347.50,8.8149
348.00,8.7997
348.50,8.7765
349.00,8.7517
349.50,8.7320
350.00,8.7215
350.50,8.7219
351.00,8.7336
351.50,8.7574
352.00,8.7931
352.50,8.8365
353.00,8.8786
353.50,8.9108
354.00,8.9315
354.50,8.9476
355.00,8.9683
355.50,8.9965
356.00,9.0274
356.50,9.0540
357.00,9.0726
357.50,9.0822
358.00,9.0812
358.50,9.0676
359.00,9.0423
359.50,9.0107
360.00,8.9823
360.50,8.9676
361.00,8.9742
361.50,9.0020
362.00,9.0398
362.50,9.0701
363.00,9.0793
363.50,9.0659
364.00,9.0393
364.50,9.0123
365.00,8.9958
365.50,8.9961
366.00,9.0132
366.50,9.0391
367.00,9.0622
367.50,9.0749
368.00,9.0772
368.50,9.0759
369.00,9.0795
369.50,9.0950
370.00,9.1262
370.50,9.1707
371.00,9.2189
371.50,9.2579
372.00,9.2784
372.50,9.2791
373.00,9.2657
373.50,9.2468
374.00,9.2301
374.50,9.2214
375.00,9.2235
375.50,9.2352
376.00,9.2511
376.50,9.2642
377.00,9.2695
377.50,9.2669
378.00,9.2610
378.50,9.2594
379.00,9.2679
379.50,9.2867
380.00,9.3101
380.50,9.3300
381.00,9.3422
381.50,9.3480
382.00,9.3517
382.50,9.3563
383.00,9.3623
383.50,9.3699
384.00,9.3804
384.50,9.3971
385.00,9.4218
385.50,9.4521
386.00,9.4806
386.50,9.4994
387.00,9.5053
387.50,9.5025
388.00,9.4982
388.50,9.4981
389.00,9.5024
389.50,9.5089
390.00,9.5157
390.50,9.5221
391.00,9.5264
391.50,9.5265
392.00,9.5204
392.50,9.5084
393.00,9.4932
393.50,9.4800
394.00,9.4763
394.50,9.4884
395.00,9.5150
395.50,9.5457
396.00,9.5678
396.50,9.5760
397.00,9.5757
397.50,9.5765
398.00,9.5843
398.50,9.5985
399.00,9.6152
399.50,9.6323
400.00,9.6522
400.50,9.6784
401.00,9.7119
401.50,9.7486
402.00,9.7813
402.50,9.8040
403.00,9.8148
403.50,9.8126
404.00,9.7961
404.50,9.7662
405.00,9.7312
405.50,9.7074
406.00,9.7083
406.50,9.7341
407.00,9.7709
407.50,9.8030
408.00,9.8243
408.50,9.8394
409.00,9.8555
409.50,9.8746
410.00,9.8936
410.50,9.9084
411.00,9.9169
411.50,9.9195
412.00,9.9179
412.50,9.9142
413.00,9.9097
413.50,9.9030
414.00,9.8919
414.50,9.8779
415.00,9.8684
415.50,9.8719
416.00,9.8908
416.50,9.9186
417.00,9.9440
417.50,9.9580
418.00,9.9591
418.50,9.9536
419.00,9.9528
419.50,9.9663
420.00,9.9941
420.50,10.0246
421.00,10.0416
421.50,10.0366
422.00,10.0149
422.50,9.9900
423.00,9.9734
423.50,9.9683
424.00,9.9715
424.50,9.9792
425.00,9.9896
425.50,10.0027
426.00,10.0189
426.50,10.0373
427.00,10.0559
427.50,10.0730
428.00,10.0864
428.50,10.0942
429.00,10.0959
429.50,10.0940
430.00,10.0944
430.50,10.1042
431.00,10.1270
431.50,10.1602
432.00,10.1958
432.50,10.2233
433.00,10.2349
433.50,10.2300
434.00,10.2160
434.50,10.2054
435.00,10.2096
435.50,10.2331
436.00,10.2709
436.50,10.3119
437.00,10.3446
437.50,10.3621
438.00,10.3636
438.50,10.3526
439.00,10.3352
439.50,10.3173
440.00,10.3050
440.50,10.3027
441.00,10.3115
441.50,10.3279
442.00,10.3463
442.50,10.3621
443.00,10.3746
443.50,10.3843
444.00,10.3917
444.50,10.3969
445.00,10.4031
445.50,10.4149
446.00,10.4341
446.50,10.4571
447.00,10.4764
447.50,10.4868
448.00,10.4905
448.50,10.4954
449.00,10.5079
449.50,10.5266
450.00,10.5440
450.50,10.5530
451.00,10.5532
451.50,10.5499
452.00,10.5487
452.50,10.5513
453.00,10.5544
453.50,10.5539
454.00,10.5503
454.50,10.5491
455.00,10.5557
455.50,10.5694
456.00,10.5826
456.50,10.5868
457.00,10.5786
457.50,10.5628
458.00,10.5489
458.50,10.5457
459.00,10.5566
459.50,10.5790
460.00,10.6055
460.50,10.6284
461.00,10.6421
461.50,10.6449
462.00,10.6368
462.50,10.6208
463.00,10.6049
463.50,10.6014
464.00,10.6204
464.50,10.6610
465.00,10.7123
465.50,10.7613
466.00,10.8009
466.50,10.8294
467.00,10.8481
467.50,10.8586
468.00,10.8621
468.50,10.8594
469.00,10.8515
469.50,10.8398
470.00,10.8259
470.50,10.8102
471.00,10.7920
471.50,10.7711
472.00,10.7484
472.50,10.7262
473.00,10.7057
473.50,10.6866
474.00,10.6688
474.50,10.6547
475.00,10.6476
475.50,10.6477
476.00,10.6500
476.50,10.6477
477.00,10.6383
477.50,10.6263
478.00,10.6200
478.50,10.6253
479.00,10.6409
479.50,10.6592
480.00,10.6721
480.50,10.6769
481.00,10.6781
481.50,10.6850
482.00,10.7064
482.50,10.7468
483.00,10.8032
483.50,10.8662
484.00,10.9256
484.50,10.9756
485.00,11.0174
485.50,11.0543
486.00,11.0874
486.50,11.1133
487.00,11.1274
487.50,11.1294
488.00,11.1254
488.50,11.1226
489.00,11.1241
489.50,11.1257
490.00,11.1203
490.50,11.1043
491.00,11.0806
491.50,11.0565
492.00,11.0388
492.50,11.0291
493.00,11.0218
493.50,11.0073
494.00,10.9781
494.50,10.9347
495.00,10.8853
495.50,10.8400
496.00,10.8041
496.50,10.7763
497.00,10.7515
497.50,10.7262
498.00,10.7012
498.50,10.6795
499.00,10.6629
499.50,10.6496
500.00,10.6355
500.50,10.6158
501.00,10.5869
501.50,10.5487
502.00,10.5067
502.50,10.4708
503.00,10.4496
503.50,10.4451
504.00,10.4512
504.50,10.4591
505.00,10.4634
505.50,10.4648
506.00,10.4667
506.50,10.4705
507.00,10.4739
507.50,10.4739
508.00,10.4706
508.50,10.4681
509.00,10.4720
509.50,10.4855
510.00,10.5056
510.50,10.5242
511.00,10.5331
511.50,10.5295
512.00,10.5175
512.50,10.5050
513.00,10.4986
513.50,10.5010
514.00,10.5105
514.50,10.5235
515.00,10.5357
515.50,10.5438
516.00,10.5457
516.50,10.5415
517.00,10.5331
517.50,10.5244
518.00,10.5193
518.50,10.5199
519.00,10.5263
519.50,10.5359
520.00,10.5436
520.50,10.5441
521.00,10.5363
521.50,10.5245
522.00,10.5145
522.50,10.5077
523.00,10.5001
523.50,10.4881
524.00,10.4742
524.50,10.4664
525.00,10.4730
525.50,10.4959
526.00,10.5299
526.50,10.5641
527.00,10.5859
527.50,10.5869
528.00,10.5687
528.50,10.5420
529.00,10.5204
529.50,10.5127
530.00,10.5200
530.50,10.5379
531.00,10.5599
531.50,10.5794
532.00,10.5920
532.50,10.5962
533.00,10.5941
533.50,10.5897
534.00,10.5855
534.50,10.5798
535.00,10.5670
535.50,10.5438
536.00,10.5140
536.50,10.4893
537.00,10.4823
537.50,10.4992
538.00,10.5356
538.50,10.5792
539.00,10.6161
539.50,10.6384
540.00,10.6473
540.50,10.6492
541.00,10.6502
541.50,10.6528
542.00,10.6580
542.50,10.6681
543.00,10.6870
543.50,10.7169
544.00,10.7535
544.50,10.7867
545.00,10.8065
545.50,10.8100
546.00,10.8025
546.50,10.7931
547.00,10.7888
547.50,10.7913
548.00,10.7991
548.50,10.8095
549.00,10.8207
549.50,10.8307
550.00,10.8374
550.50,10.8400
551.00,10.8406
551.50,10.8444
552.00,10.8548
552.50,10.8712
553.00,10.8903
553.50,10.9108
554.00,10.9352
554.50,10.9657
555.00,10.9993
555.50,11.0259
556.00,11.0345
556.50,11.0209
557.00,10.9942
557.50,10.9737
558.00,10.9772
558.50,11.0061
559.00,11.0400
559.50,11.0496
560.00,11.0190
560.50,10.9571
561.00,10.8901
561.50,10.8429
562.00,10.8258
562.50,10.8354
563.00,10.8614
563.50,10.8926
564.00,10.9193
564.50,10.9351
565.00,10.9363
565.50,10.9242
566.00,10.9052
566.50,10.8892
567.00,10.8846
567.50,10.8947
568.00,10.9154
568.50,10.9383
569.00,10.9531
569.50,10.9534
570.00,10.9414
570.50,10.9282
571.00,10.9277
571.50,10.9470
572.00,10.9818
572.50,11.0183
573.00,11.0409
573.50,11.0402
574.00,11.0183
574.50,10.9885
575.00,10.9678
575.50,10.9651
576.00,10.9748
576.50,10.9835
577.00,10.9827
577.50,10.9770
578.00,10.9792
578.50,10.9983
579.00,11.0334
579.50,11.0745
580.00,11.1090
580.50,11.1282
581.00,11.1309
581.50,11.1226
582.00,11.1117
582.50,11.1047
583.00,11.1039
583.50,11.1087
584.00,11.1182
584.50,11.1327
585.00,11.1529
585.50,11.1776
586.00,11.2027
586.50,11.2227
587.00,11.2329
587.50,11.2311
588.00,11.2187
588.50,11.2005
589.00,11.1819
589.50,11.1660
590.00,11.1533
590.50,11.1447
591.00,11.1446
591.50,11.1578
592.00,11.1850
592.50,11.2203
593.00,11.2560
593.50,11.2885
594.00,11.3178
594.50,11.3433
595.00,11.3614
595.50,11.3682
596.00,11.3643
596.50,11.3542
597.00,11.3437
597.50,11.3360
598.00,11.3303
598.50,11.3235
599.00,11.3121
599.50,11.2934
600.00,11.2667
600.50,11.2336
601.00,11.2010
601.50,11.1790
602.00,11.1758
602.50,11.1915
603.00,11.2179
603.50,11.2439
604.00,11.2629
604.50,11.2749
605.00,11.2837
605.50,11.2927
606.00,11.3033
606.50,11.3160
607.00,11.3314
607.50,11.3487
608.00,11.3658
608.50,11.3815
609.00,11.3975
609.50,11.4172
610.00,11.4410
610.50,11.4640
611.00,11.4803
611.50,11.4889
612.00,11.4954
612.50,11.5068
613.00,11.5260
613.50,11.5507
614.00,11.5760
614.50,11.5984
615.00,11.6158
615.50,11.6271
616.00,11.6327
616.50,11.6330
617.00,11.6283
617.50,11.6192
618.00,11.6075
618.50,11.5979
619.00,11.5944
619.50,11.5968
620.00,11.5995
620.50,11.5945
621.00,11.5779
621.50,11.5530
622.00,11.5298
622.50,11.5206
623.00,11.5330
623.50,11.5650
624.00,11.6051
624.50,11.6393
625.00,11.6596
625.50,11.6688
626.00,11.6794
626.50,11.7045
627.00,11.7493
627.50,11.8074
628.00,11.8664
628.50,11.9161
629.00,11.9531
629.50,11.9807
630.00,12.0045
630.50,12.0297
631.00,12.0581
631.50,12.0867
632.00,12.1087
632.50,12.1188
633.00,12.1168
633.50,12.1088
634.00,12.1028
634.50,12.1031
635.00,12.1075
635.50,12.1100
636.00,12.1077
636.50,12.1043
637.00,12.1088
637.50,12.1280
638.00,12.1615
638.50,12.2017
639.00,12.2380
639.50,12.2614
640.00,12.2700
640.50,12.2690
641.00,12.2676
641.50,12.2710
642.00,12.2769
642.50,12.2766
643.00,12.2639
643.50,12.2400
644.00,12.2129
644.50,12.1918
645.00,12.1829
645.50,12.1880
646.00,12.2053
646.50,12.2297
647.00,12.2539
647.50,12.2721
648.00,12.2823
648.50,12.2869
649.00,12.2909
649.50,12.2989
650.00,12.3123
650.50,12.3274
651.00,12.3371
651.50,12.3361
652.00,12.3251
652.50,12.3106
653.00,12.2988
653.50,12.2908
654.00,12.2839
654.50,12.2776
655.00,12.2759
655.50,12.2834
656.00,12.3004
656.50,12.3232
657.00,12.3478
657.50,12.3708
658.00,12.3887
658.50,12.3997
659.00,12.4068
659.50,12.4157
660.00,12.4280
660.50,12.4373
661.00,12.4352
661.50,12.4202
662.00,12.4015
662.50,12.3924
663.00,12.4004
663.50,12.4235
664.00,12.4540
664.50,12.4827
665.00,12.5031
665.50,12.5134
666.00,12.5167
666.50,12.5185
667.00,12.5219
667.50,12.5260
668.00,12.5294
668.50,12.5337
669.00,12.5421
669.50,12.5570
670.00,12.5786
670.50,12.6062
671.00,12.6385
671.50,12.6723
672.00,12.7029
672.50,12.7272
673.00,12.7469
673.50,12.7658
674.00,12.7849
674.50,12.8012
675.00,12.8104
675.50,12.8125
676.00,12.8132
676.50,12.8196
677.00,12.8340
677.50,12.8513
678.00,12.8614
678.50,12.8561
679.00,12.8334
679.50,12.7973
680.00,12.7548
680.50,12.7140
681.00,12.6826
681.50,12.6647
682.00,12.6595
682.50,12.6628
683.00,12.6710
683.50,12.6840
684.00,12.7051
684.50,12.7362
685.00,12.7741
685.50,12.8093
686.00,12.8313
686.50,12.8339
687.00,12.8191
687.50,12.7950
688.00,12.7699
688.50,12.7477
689.00,12.7276
689.50,12.7090
690.00,12.6955
690.50,12.6942
691.00,12.7078
691.50,12.7298
692.00,12.7480
692.50,12.7530
693.00,12.7439
693.50,12.7262
694.00,12.7065
694.50,12.6901
695.00,12.6809
695.50,12.6804
696.00,12.6849
696.50,12.6863
697.00,12.6774
697.50,12.6588
698.00,12.6399
698.50,12.6329
699.00,12.6433
699.50,12.6665
700.00,12.6924
700.50,12.7129
701.00,12.7252
701.50,12.7291
702.00,12.7246
702.50,12.7132
703.00,12.7006
703.50,12.6952
704.00,12.7034
704.50,12.7233
705.00,12.7467
705.50,12.7650
706.00,12.7753
706.50,12.7799
707.00,12.7803
707.50,12.7735
708.00,12.7565
708.50,12.7333
709.00,12.7161
709.50,12.7175
710.00,12.7401
710.50,12.7746
711.00,12.8071
711.50,12.8284
712.00,12.8366
712.50,12.8354
713.00,12.8289
713.50,12.8212
714.00,12.8166
714.50,12.8196
715.00,12.8337
715.50,12.8589
716.00,12.8910
716.50,12.9219
717.00,12.9443
717.50,12.9555
718.00,12.9593
718.50,12.9616
719.00,12.9667
719.50,12.9755
720.00,12.9884
720.50,13.0071
721.00,13.0328
721.50,13.0629
722.00,13.0898
722.50,13.1059
723.00,13.1092
723.50,13.1034
724.00,13.0933
724.50,13.0817
725.00,13.0702
725.50,13.0637
726.00,13.0688
726.50,13.0884
727.00,13.1157
727.50,13.1369
728.00,13.1395
728.50,13.1218
729.00,13.0935
729.50,13.0700
730.00,13.0634
730.50,13.0779
731.00,13.1110
731.50,13.1554
732.00,13.2003
732.50,13.2343
733.00,13.2500
733.50,13.2491
734.00,13.2412
734.50,13.2364
735.00,13.2394
735.50,13.2496
736.00,13.2652
736.50,13.2833
737.00,13.2988
737.50,13.3054
738.00,13.3001
738.50,13.2863
739.00,13.2719
739.50,13.2642
740.00,13.2650
740.50,13.2703
741.00,13.2744
741.50,13.2751
742.00,13.2763
742.50,13.2834
743.00,13.2973
743.50,13.3133
744.00,13.3245
744.50,13.3279
745.00,13.3258
745.50,13.3257
746.00,13.3345
746.50,13.3534
747.00,13.3760
747.50,13.3942
748.00,13.4054
748.50,13.4147
749.00,13.4309
749.50,13.4580
750.00,13.4904
750.50,13.5151
751.00,13.5203
751.50,13.5065
752.00,13.4874
752.50,13.4806
753.00,13.4942
753.50,13.5225
754.00,13.5511
754.50,13.5674
755.00,13.5673
755.50,13.5558
756.00,13.5430
756.50,13.5374
757.00,13.5404
757.50,13.5465
758.00,13.5480
758.50,13.5419
759.00,13.5319
759.50,13.5268
760.00,13.5355
760.50,13.5603
761.00,13.5940
761.50,13.6252
762.00,13.6462
762.50,13.6571
763.00,13.6619
763.50,13.6630
764.00,13.6588
764.50,13.6485
765.00,13.6349
765.50,13.6251
766.00,13.6250
766.50,13.6357
767.00,13.6544
767.50,13.6760
768.00,13.6951
768.50,13.7069
769.00,13.7096
769.50,13.7078
770.00,13.7108
770.50,13.7261
771.00,13.7538
771.50,13.7884
772.00,13.8245
772.50,13.8597
773.00,13.8919
773.50,13.9172
774.00,13.9309
774.50,13.9317
775.00,13.9234
775.50,13.9120
776.00,13.9024
776.50,13.8971
777.00,13.8964
777.50,13.8988
778.00,13.9031
778.50,13.9093
779.00,13.9178
779.50,13.9276
780.00,13.9341
780.50,13.9322
781.00,13.9196
781.50,13.9000
782.00,13.8820
782.50,13.8740
783.00,13.8783
783.50,13.8874
784.00,13.8900
784.50,13.8796
785.00,13.8580
785.50,13.8329
786.00,13.8093
786.50,13.7875
787.00,13.7657
787.50,13.7453
788.00,13.7306
788.50,13.7254
789.00,13.7312
789.50,13.7460
790.00,13.7640
790.50,13.7771
791.00,13.7787
791.50,13.7679
792.00,13.7493
792.50,13.7292
793.00,13.7113
793.50,13.6966
794.00,13.6851
794.50,13.6779
795.00,13.6753
795.50,13.6766
796.00,13.6790
796.50,13.6803
797.00,13.6807
797.50,13.6830
798.00,13.6903
798.50,13.7037
799.00,13.7219
799.50,13.7416
800.00,13.7584
800.50,13.7689
801.00,13.7739
801.50,13.7771
802.00,13.7815
802.50,13.7871
803.00,13.7950
803.50,13.8105
804.00,13.8394
804.50,13.8807
805.00,13.9265
805.50,13.9674
806.00,13.9983
806.50,14.0181
807.00,14.0274
807.50,14.0277
808.00,14.0234
808.50,14.0215
809.00,14.0282
809.50,14.0440
810.00,14.0622
810.50,14.0724
811.00,14.0688
811.50,14.0562
812.00,14.0486
812.50,14.0596
813.00,14.0929
813.50,14.1405
814.00,14.1888
814.50,14.2263
815.00,14.2477
815.50,14.2524
816.00,14.2428
816.50,14.2234
817.00,14.2015
817.50,14.1857
818.00,14.1831
818.50,14.1963
819.00,14.2224
819.50,14.2540
820.00,14.2822
820.50,14.3008
821.00,14.3083
821.50,14.3074
822.00,14.3011
822.50,14.2904
823.00,14.2753
823.50,14.2565
824.00,14.2349
824.50,14.2097
825.00,14.1798
825.50,14.1477
826.00,14.1214
826.50,14.1108
827.00,14.1224
827.50,14.1548
828.00,14.1984
828.50,14.2390
829.00,14.2647
829.50,14.2729
830.00,14.2708
830.50,14.2684
831.00,14.2703
831.50,14.2743
832.00,14.2749
832.50,14.2677
833.00,14.2522
833.50,14.2319
834.00,14.2132
834.50,14.2015
835.00,14.1978
835.50,14.1978
836.00,14.1952
836.50,14.1862
837.00,14.1741
837.50,14.1690
838.00,14.1817
838.50,14.2142
839.00,14.2554
839.50,14.2872
840.00,14.2962
840.50,14.2818
841.00,14.2555
841.50,14.2336
842.00,14.2283
842.50,14.2435
843.00,14.2744
843.50,14.3112
844.00,14.3449
844.50,14.3722
845.00,14.3962
845.50,14.4251
846.00,14.4668
846.50,14.5289
847.00,14.6214
847.50,14.7582
848.00,14.9529
848.50,15.2077
849.00,15.5054
849.50,15.8114
850.00,16.0849
850.50,16.2927
851.00,16.4210
851.50,16.4820
852.00,16.5074
852.50,16.5303
853.00,16.5651
853.50,16.6020
854.00,16.6221
854.50,16.6164
855.00,16.5917
855.50,16.5609
856.00,16.5303
856.50,16.4979
857.00,16.4618
857.50,16.4273
858.00,16.4046
858.50,16.4006
859.00,16.4129
859.50,16.4323
860.00,16.4512
860.50,16.4688
861.00,16.4895
861.50,16.5167
862.00,16.5495
862.50,16.5839
863.00,16.6157
863.50,16.6412
864.00,16.6575
864.50,16.6629
865.00,16.6590
865.50,16.6492
866.00,16.6375
866.50,16.6266
867.00,16.6177
867.50,16.6111
868.00,16.6076
868.50,16.6110
869.00,16.6271
869.50,16.6579
870.00,16.6979
870.50,16.7355
871.00,16.7598
871.50,16.7666
872.00,16.7589
872.50,16.7426
873.00,16.7230
873.50,16.7041
874.00,16.6896
874.50,16.6797
875.00,16.6701
875.50,16.6547
876.00,16.6298
876.50,16.5948
877.00,16.5495
877.50,16.4948
878.00,16.4359
878.50,16.3821
879.00,16.3403
879.50,16.3105
880.00,16.2887
880.50,16.2726
881.00,16.2633
881.50,16.2610
882.00,16.2610
882.50,16.2545
883.00,16.2346
883.50,16.2024
884.00,16.1677
884.50,16.1422
885.00,16.1308
885.50,16.1290
886.00,16.1283
886.50,16.1240
887.00,16.1175
887.50,16.1140
888.00,16.1179
888.50,16.1309
889.00,16.1506
889.50,16.1719
890.00,16.1886
890.50,16.1977
891.00,16.2011
891.50,16.2049
892.00,16.2139
892.50,16.2273
893.00,16.2386
893.50,16.2408
894.00,16.2335
894.50,16.2226
895.00,16.2151
895.50,16.2123
896.00,16.2091
896.50,16.2010
897.00,16.1910
897.50,16.1880
898.00,16.1984
898.50,16.2206
899.00,16.2480
899.50,16.2761
900.00,16.3051
900.50,16.3366
901.00,16.3693
901.50,16.3979
902.00,16.4169
902.50,16.4256
903.00,16.4294
903.50,16.4351
904.00,16.4445
904.50,16.4526
905.00,16.4519
905.50,16.4385
906.00,16.4148
906.50,16.3881
907.00,16.3660
907.50,16.3523
908.00,16.3476
908.50,16.3509
909.00,16.3620
909.50,16.3790
910.00,16.3948
910.50,16.3977
911.00,16.3770
911.50,16.3321
912.00,16.2736
912.50,16.2167
913.00,16.1714
913.50,16.1388
914.00,16.1139
914.50,16.0901
915.00,16.0630
915.50,16.0333
916.00,16.0071
916.50,15.9928
917.00,15.9962
917.50,16.0159
918.00,16.0433
918.50,16.0657
919.00,16.0733
919.50,16.0636
920.00,16.0436
920.50,16.0250
921.00,16.0177
921.50,16.0239
922.00,16.0378
922.50,16.0509
923.00,16.0585
923.50,16.0595
924.00,16.0542
924.50,16.0422
925.00,16.0255
925.50,16.0110
926.00,16.0067
926.50,16.0156
927.00,16.0327
927.50,16.0510
928.00,16.0679
928.50,16.0863
929.00,16.1068
929.50,16.1230
930.00,16.1252
930.50,16.1106
931.00,16.0869
931.50,16.0661
932.00,16.0537
932.50,16.0464
933.00,16.0383
933.50,16.0285
934.00,16.0203
934.50,16.0167
935.00,16.0174
935.50,16.0204
936.00,16.0248
936.50,16.0309
937.00,16.0382
937.50,16.0440
938.00,16.0435
938.50,16.0322
939.00,16.0093
939.50,15.9785
940.00,15.9465
940.50,15.9206
941.00,15.9050
941.50,15.8998
942.00,15.9013
942.50,15.9043
943.00,15.9042
943.50,15.8985
944.00,15.8863
944.50,15.8678
945.00,15.8443
945.50,15.8189
946.00,15.7965
946.50,15.7807
947.00,15.7707
947.50,15.7619
948.00,15.7491
948.50,15.7301
949.00,15.7062
949.50,15.6816
950.00,15.6615
950.50,15.6504
951.00,15.6491
951.50,15.6546
952.00,15.6623
952.50,15.6695
953.00,15.6754
953.50,15.6801
954.00,15.6843
954.50,15.6899
955.00,15.6999
955.50,15.7166
956.00,15.7390
956.50,15.7611
957.00,15.7756
957.50,15.7780
958.00,15.7699
958.50,15.7561
959.00,15.7409
959.50,15.7279
960.00,15.7207
960.50,15.7223
961.00,15.7324
961.50,15.7454
962.00,15.7540
962.50,15.7532
963.00,15.7416
963.50,15.7214
964.00,15.6955
964.50,15.6668
965.00,15.6385
965.50,15.6143
966.00,15.5991
966.50,15.5948
967.00,15.5962
967.50,15.5901
968.00,15.5625
968.50,15.5093
969.00,15.4397
969.50,15.3706
970.00,15.3149
970.50,15.2743
971.00,15.2419
971.50,15.2111
972.00,15.1823
972.50,15.1606
973.00,15.1479
973.50,15.1393
974.00,15.1286
974.50,15.1155
975.00,15.1061
975.50,15.1063
976.00,15.1168
976.50,15.1336
977.00,15.1515
977.50,15.1658
978.00,15.1734
978.50,15.1716
979.00,15.1576
979.50,15.1313
980.00,15.0976
980.50,15.0667
981.00,15.0476
981.50,15.0409
982.00,15.0386
982.50,15.0304
983.00,15.0120
983.50,14.9876
984.00,14.9666
984.50,14.9569
985.00,14.9597
985.50,14.9709
986.00,14.9849
986.50,14.9983
987.00,15.0089
987.50,15.0129
988.00,15.0055
988.50,14.9846
989.00,14.9554
989.50,14.9299
990.00,14.9194
990.50,14.9262
991.00,14.9417
991.50,14.9527
992.00,14.9521
992.50,14.9442
993.00,14.9412
993.50,14.9528
994.00,14.9791
994.50,15.0125
995.00,15.0456
995.50,15.0786
996.00,15.1184
996.50,15.1716
997.00,15.2375
997.50,15.3063
998.00,15.3640
998.50,15.3999
999.00,15.4125
999.50,15.4104
1000.00,15.4083
1000.50,15.4198
1001.00,15.4500
1001.50,15.4912
1002.00,15.5297
1002.50,15.5558
1003.00,15.5710
1003.50,15.5841
1004.00,15.6017
1004.50,15.6205
1005.00,15.6309
1005.50,15.6277
1006.00,15.6164
1006.50,15.6099
1007.00,15.6168
1007.50,15.6349
1008.00,15.6550
1008.50,15.6700
1009.00,15.6799
1009.50,15.6887
1010.00,15.6990
1010.50,15.7099
1011.00,15.7190
1011.50,15.7261
1012.00,15.7352
1012.50,15.7537
1013.00,15.7891
1013.50,15.8448
1014.00,15.9165
1014.50,15.9907
1015.00,16.0487
1015.50,16.0763
1016.00,16.0724
1016.50,16.0492
1017.00,16.0240
1017.50,16.0083
1018.00,16.0049
1018.50,16.0101
1019.00,16.0203
1019.50,16.0338
1020.00,16.0506
1020.50,16.0703
1021.00,16.0911
1021.50,16.1103
1022.00,16.1244
1022.50,16.1309
1023.00,16.1312
1023.50,16.1312
1024.00,16.1369
1024.50,16.1488
1025.00,16.1603
1025.50,16.1643
1026.00,16.1586
1026.50,16.1468
1027.00,16.1351
1027.50,16.1288
1028.00,16.1313
1028.50,16.1453
1029.00,16.1721
1029.50,16.2089
1030.00,16.2482
1030.50,16.2836
1031.00,16.3170
1031.50,16.3571
1032.00,16.4103
1032.50,16.4713
1033.00,16.5278
1033.50,16.5706
1034.00,16.6013
1034.50,16.6292
1035.00,16.6643
1035.50,16.7100
1036.00,16.7642
1036.50,16.8243
1037.00,16.8904
1037.50,16.9631
1038.00,17.0389
1038.50,17.1101
1039.00,17.1707
1039.50,17.2211
1040.00,17.2695
1040.50,17.3285
1041.00,17.4097
1041.50,17.5181
1042.00,17.6475
1042.50,17.7834
1043.00,17.9112
1043.50,18.0253
1044.00,18.1306
1044.50,18.2375
1045.00,18.3543
1045.50,18.4832
1046.00,18.6219
1046.50,18.7687
1047.00,18.9258
1047.50,19.0985
1048.00,19.2931
1048.50,19.5146
1049.00,19.7636
1049.50,20.0339
1050.00,20.3133
1050.50,20.5878
1051.00,20.8483
1051.50,21.0947
1052.00,21.3360
1052.50,21.5855
1053.00,21.8537
1053.50,22.1440
1054.00,22.4549
1054.50,22.7872
1055.00,23.1472
1055.50,23.5413
1056.00,23.9685
1056.50,24.4178
1057.00,24.8753
1057.50,25.3321
1058.00,25.7862
1058.50,26.2390
1059.00,26.6927
1059.50,27.1467
1060.00,27.5943
1060.50,28.0220
1061.00,28.4137
1061.50,28.7570
1062.00,29.0431
1062.50,29.2626
1063.00,29.4003
1063.50,29.4367
1064.00,29.3541
1064.50,29.1406
1065.00,28.7903
1065.50,28.3018
1066.00,27.6768
1066.50,26.9232
1067.00,26.0562
1067.50,25.0997
1068.00,24.0826
1068.50,23.0361
1069.00,21.9920
1069.50,20.9861
1070.00,20.0585
1070.50,19.2481
1071.00,18.5822
1071.50,18.0682
1072.00,17.6945
1072.50,17.4396
1073.00,17.2808
1073.50,17.2005
1074.00,17.1860
1074.50,17.2276
1075.00,17.3146
1075.50,17.4328
1076.00,17.5664
1076.50,17.7015
1077.00,17.8291
1077.50,17.9453
1078.00,18.0479
1078.50,18.1328
1079.00,18.1939
1079.50,18.2260
1080.00,18.2284
1080.50,18.2055
1081.00,18.1635
1081.50,18.1079
1082.00,18.0439
1082.50,17.9770
1083.00,17.9128
1083.50,17.8549
1084.00,17.8052
1084.50,17.7637
1085.00,17.7273
1085.50,17.6890
1086.00,17.6414
1086.50,17.5831
1087.00,17.5190
1087.50,17.4556
1088.00,17.3940
1088.50,17.3285
1089.00,17.2541
1089.50,17.1752
1090.00,17.1045
1090.50,17.0531
1091.00,17.0201
1091.50,16.9926
1092.00,16.9543
1092.50,16.8940
1093.00,16.8102
1093.50,16.7106
1094.00,16.6090
1094.50,16.5190
1095.00,16.4478
1095.50,16.3934
1096.00,16.3497
1096.50,16.3136
1097.00,16.2857
1097.50,16.2659
1098.00,16.2498
1098.50,16.2304
1099.00,16.2021
1099.50,16.1612
1100.00,16.1074
1100.50,16.0454
1101.00,15.9857
1101.50,15.9389
1102.00,15.9086
1102.50,15.8882
1103.00,15.8685
1103.50,15.8466
1104.00,15.8273
1104.50,15.8148
1105.00,15.8065
1105.50,15.7951
1106.00,15.7781
1106.50,15.7619
1107.00,15.7556
1107.50,15.7607
1108.00,15.7696
1108.50,15.7730
1109.00,15.7686
1109.50,15.7622
1110.00,15.7611
1110.50,15.7684
1111.00,15.7829
1111.50,15.8031
1112.00,15.8302
1112.50,15.8655
1113.00,15.9067
1113.50,15.9475
1114.00,15.9833
1114.50,16.0159
1115.00,16.0542
1115.50,16.1099
1116.00,16.1937
1116.50,16.3144
1117.00,16.4784
1117.50,16.6901
1118.00,16.9511
1118.50,17.2643
1119.00,17.6368
1119.50,18.0792
1120.00,18.6001
1120.50,19.2015
1121.00,19.8806
1121.50,20.6352
1122.00,21.4653
1122.50,22.3699
1123.00,23.3450
1123.50,24.3883
1124.00,25.5054
1124.50,26.7076
1125.00,28.0033
1125.50,29.3939
1126.00,30.8790
1126.50,32.4622
1127.00,34.1469
1127.50,35.9254
1128.00,37.7757
1128.50,39.6696
1129.00,41.5858
1129.50,43.5148
1130.00,45.4551
1130.50,47.4080
1131.00,49.3759
1131.50,51.3625
1132.00,53.3697
1132.50,55.3927
1133.00,57.4180
1133.50,59.4286
1134.00,61.4107
1134.50,63.3565
1135.00,65.2609
1135.50,67.1196
1136.00,68.9309
1136.50,70.6972
1137.00,72.4206
1137.50,74.0920
1138.00,75.6824
1138.50,77.1404
1139.00,78.3955
1139.50,79.3607
1140.00,79.9324
1140.50,79.9904
1141.00,79.4033
1141.50,78.0423
1142.00,75.8028
1142.50,72.6295
1143.00,68.5399
1143.50,63.6377
1144.00,58.1132
1144.50,52.2270
1145.00,46.2762
1145.50,40.5532
1146.00,35.3063
1146.50,30.7135
1147.00,26.8707
1147.50,23.7944
1148.00,21.4383
1148.50,19.7160
1149.00,18.5205
1149.50,17.7355
1150.00,17.2429
1150.50,16.9360
1151.00,16.7355
1151.50,16.5960
1152.00,16.4975
1152.50,16.4309
1153.00,16.3881
1153.50,16.3609
1154.00,16.3435
1154.50,16.3323
1155.00,16.3248
1155.50,16.3203
1156.00,16.3216
1156.50,16.3326
1157.00,16.3542
1157.50,16.3820
1158.00,16.4077
1158.50,16.4237
1159.00,16.4246
1159.50,16.4088
1160.00,16.3782
1160.50,16.3393
1161.00,16.3016
1161.50,16.2731
1162.00,16.2561
1162.50,16.2480
1163.00,16.2465
1163.50,16.2533
1164.00,16.2709
1164.50,16.2964
1165.00,16.3205
1165.50,16.3320
1166.00,16.3260
1166.50,16.3065
1167.00,16.2833
1167.50,16.2648
1168.00,16.2527
1168.50,16.2419
1169.00,16.2262
1169.50,16.2044
1170.00,16.1805
1170.50,16.1598
1171.00,16.1460
1171.50,16.1424
1172.00,16.1511
1172.50,16.1697
1173.00,16.1894
1173.50,16.1999
1174.00,16.1965
1174.50,16.1826
1175.00,16.1658
1175.50,16.1535
1176.00,16.1490
1176.50,16.1515
1177.00,16.1567
1177.50,16.1599
1178.00,16.1593
1178.50,16.1584
1179.00,16.1623
1179.50,16.1729
1180.00,16.1863
1180.50,16.1957
1181.00,16.1967
1181.50,16.1889
1182.00,16.1746
1182.50,16.1563
1183.00,16.1371
1183.50,16.1211
1184.00,16.1113
1184.50,16.1075
1185.00,16.1064
1185.50,16.1070
1186.00,16.1125
1186.50,16.1257
1187.00,16.1427
1187.50,16.1555
1188.00,16.1591
1188.50,16.1578
1189.00,16.1609
1189.50,16.1762
1190.00,16.2046
1190.50,16.2403
1191.00,16.2731
1191.50,16.2913
1192.00,16.2866
1192.50,16.2588
1193.00,16.2176
1193.50,16.1782
1194.00,16.1549
1194.50,16.1550
1195.00,16.1773
1195.50,16.2111
1196.00,16.2397
1196.50,16.2483
1197.00,16.2348
1197.50,16.2113
1198.00,16.1942
1198.50,16.1921
1199.00,16.2010
1199.50,16.2111
1200.00,16.2154
1200.50,16.2124
1201.00,16.2042
1201.50,16.1930
1202.00,16.1805
1202.50,16.1692
1203.00,16.1612
1203.50,16.1564
1204.00,16.1516
1204.50,16.1435
1205.00,16.1317
1205.50,16.1191
1206.00,16.1096
1206.50,16.1064
1207.00,16.1103
1207.50,16.1198
1208.00,16.1322
1208.50,16.1443
1209.00,16.1544
1209.50,16.1621
1210.00,16.1677
1210.50,16.1732
1211.00,16.1799
1211.50,16.1874
1212.00,16.1933
1212.50,16.1977
1213.00,16.2038
1213.50,16.2157
1214.00,16.2345
1214.50,16.2587
1215.00,16.2865
1215.50,16.3155
1216.00,16.3414
1216.50,16.3585
1217.00,16.3633
1217.50,16.3568
1218.00,16.3437
1218.50,16.3304
1219.00,16.3223
1219.50,16.3219
1220.00,16.3273
1220.50,16.3343
1221.00,16.3389
1221.50,16.3392
1222.00,16.3348
1222.50,16.3293
1223.00,16.3304
1223.50,16.3463
1224.00,16.3780
1224.50,16.4159
1225.00,16.4473
1225.50,16.4657
1226.00,16.4730
1226.50,16.4724
1227.00,16.4631
1227.50,16.4428
1228.00,16.4137
1228.50,16.3841
1229.00,16.3631
1229.50,16.3529
1230.00,16.3478
1230.50,16.3397
1231.00,16.3253
1231.50,16.3076
1232.00,16.2927
1232.50,16.2857
1233.00,16.2887
1233.50,16.3015
1234.00,16.3216
1234.50,16.3446
1235.00,16.3659
1235.50,16.3816
1236.00,16.3878
1236.50,16.3811
1237.00,16.3608
1237.50,16.3334
1238.00,16.3106
1238.50,16.3022
1239.00,16.3091
1239.50,16.3244
1240.00,16.3404
1240.50,16.3530
1241.00,16.3630
1241.50,16.3728
1242.00,16.3845
1242.50,16.3991
1243.00,16.4154
1243.50,16.4314
1244.00,16.4454
1244.50,16.4580
1245.00,16.4723
1245.50,16.4911
1246.00,16.5144
1246.50,16.5391
1247.00,16.5628
1247.50,16.5877
1248.00,16.6185
1248.50,16.6573
1249.00,16.6984
1249.50,16.7297
1250.00,16.7396
1250.50,16.7256
1251.00,16.6968
1251.50,16.6681
1252.00,16.6508
1252.50,16.6490
1253.00,16.6626
1253.50,16.6908
1254.00,16.7310
1254.50,16.7743
1255.00,16.8075
1255.50,16.8209
1256.00,16.8156
1256.50,16.8019
1257.00,16.7906
1257.50,16.7869
1258.00,16.7906
1258.50,16.8008
1259.00,16.8172
1259.50,16.8370
1260.00,16.8527
1260.50,16.8555
1261.00,16.8432
1261.50,16.8223
1262.00,16.8041
1262.50,16.7946
1263.00,16.7907
1263.50,16.7847
1264.00,16.7732
1264.50,16.7616
1265.00,16.7602
1265.50,16.7760
1266.00,16.8060
1266.50,16.8392
1267.00,16.8637
1267.50,16.8738
1268.00,16.8703
1268.50,16.8585
1269.00,16.8447
1269.50,16.8347
1270.00,16.8308
1270.50,16.8303
1271.00,16.8273
1271.50,16.8168
1272.00,16.7977
1272.50,16.7740
1273.00,16.7517
1273.50,16.7345
1274.00,16.7218
1274.50,16.7094
1275.00,16.6955
1275.50,16.6840
1276.00,16.6809
1276.50,16.6879
1277.00,16.6989
1277.50,16.7061
1278.00,16.7066
1278.50,16.7040
1279.00,16.7040
1279.50,16.7103
1280.00,16.7230
1280.50,16.7399
1281.00,16.7589
1281.50,16.7785
1282.00,16.7971
1282.50,16.8121
1283.00,16.8213
1283.50,16.8273
1284.00,16.8375
1284.50,16.8571
1285.00,16.8835
1285.50,16.9075
1286.00,16.9200
1286.50,16.9202
1287.00,16.9153
1287.50,16.9156
1288.00,16.9267
1288.50,16.9453
1289.00,16.9613
1289.50,16.9653
1290.00,16.9561
1290.50,16.9410
1291.00,16.9284
1291.50,16.9201
1292.00,16.9118
1292.50,16.8993
1293.00,16.8824
1293.50,16.8635
1294.00,16.8453
1294.50,16.8319
1295.00,16.8291
1295.50,16.8392
1296.00,16.8554
1296.50,16.8648
1297.00,16.8578
1297.50,16.8372
1298.00,16.8158
1298.50,16.8054
1299.00,16.8071
1299.50,16.8117
1300.00,16.8080
1300.50,16.7909
1301.00,16.7631
1301.50,16.7314
1302.00,16.7024
1302.50,16.6803
1303.00,16.6675
1303.50,16.6646
1304.00,16.6703
1304.50,16.6798
1305.00,16.6878
1305.50,16.6915
1306.00,16.6923
1306.50,16.6938
1307.00,16.6988
1307.50,16.7079
1308.00,16.7201
1308.50,16.7333
1309.00,16.7448
1309.50,16.7515
1310.00,16.7503
1310.50,16.7415
1311.00,16.7303
1311.50,16.7247
1312.00,16.7294
1312.50,16.7425
1313.00,16.7569
1313.50,16.7656
1314.00,16.7662
1314.50,16.7611
1315.00,16.7547
1315.50,16.7515
1316.00,16.7549
1316.50,16.7673
1317.00,16.7880
1317.50,16.8133
1318.00,16.8367
1318.50,16.8525
1319.00,16.8576
1319.50,16.8535
1320.00,16.8446
1320.50,16.8344
1321.00,16.8240
1321.50,16.8141
1322.00,16.8068
1322.50,16.8041
1323.00,16.8041
1323.50,16.8013
1324.00,16.7913
1324.50,16.7773
1325.00,16.7682
1325.50,16.7707
1326.00,16.7828
1326.50,16.7958
1327.00,16.8012
1327.50,16.7959
1328.00,16.7830
1328.50,16.7692
1329.00,16.7624
1329.50,16.7669
1330.00,16.7808
1330.50,16.7963
1331.00,16.8054
1331.50,16.8054
1332.00,16.7994
1332.50,16.7918
1333.00,16.7841
1333.50,16.7745
1334.00,16.7607
1334.50,16.7420
1335.00,16.7197
1335.50,16.6974
1336.00,16.6798
1336.50,16.6715
1337.00,16.6719
1337.50,16.6746
1338.00,16.6709
1338.50,16.6581
1339.00,16.6431
1339.50,16.6375
1340.00,16.6498
1340.50,16.6793
1341.00,16.7160
1341.50,16.7452
1342.00,16.7550
1342.50,16.7432
1343.00,16.7205
1343.50,16.7033
1344.00,16.7040
1344.50,16.7250
1345.00,16.7599
1345.50,16.7996
1346.00,16.8360
1346.50,16.8635
1347.00,16.8810
1347.50,16.8908
1348.00,16.8974
1348.50,16.9032
1349.00,16.9061
1349.50,16.9019
1350.00,16.8884
1350.50,16.8700
1351.00,16.8561
1351.50,16.8554
1352.00,16.8690
1352.50,16.8887
1353.00,16.9029
1353.50,16.9050
1354.00,16.8977
1354.50,16.8887
1355.00,16.8844
1355.50,16.8856
1356.00,16.8885
1356.50,16.8894
1357.00,16.8871
1357.50,16.8832
1358.00,16.8794
1358.50,16.8761
1359.00,16.8722
1359.50,16.8671
1360.00,16.8609
1360.50,16.8547
1361.00,16.8483
1361.50,16.8396
1362.00,16.8270
1362.50,16.8126
1363.00,16.8036
1363.50,16.8084
1364.00,16.8291
1364.50,16.8614
1365.00,16.8985
1365.50,16.9359
1366.00,16.9705
1366.50,16.9963
1367.00,17.0067
1367.50,16.9993
1368.00,16.9796
1368.50,16.9570
1369.00,16.9396
1369.50,16.9323
1370.00,16.9369
1370.50,16.9515
1371.00,16.9697
1371.50,16.9827
1372.00,16.9867
1372.50,16.9863
1373.00,16.9910
1373.50,17.0066
1374.00,17.0313
1374.50,17.0568
1375.00,17.0748
1375.50,17.0821
1376.00,17.0821
1376.50,17.0817
1377.00,17.0858
1377.50,17.0949
1378.00,17.1071
1378.50,17.1219
1379.00,17.1419
1379.50,17.1694
1380.00,17.2016
1380.50,17.2303
1381.00,17.2465
1381.50,17.2471
1382.00,17.2358
1382.50,17.2185
1383.00,17.1971
1383.50,17.1692
1384.00,17.1338
1384.50,17.0951
1385.00,17.0618
1385.50,17.0408
1386.00,17.0342
1386.50,17.0397
1387.00,17.0524
1387.50,17.0663
1388.00,17.0768
1388.50,17.0823
1389.00,17.0850
1389.50,17.0891
1390.00,17.0974
1390.50,17.1103
1391.00,17.1245
1391.50,17.1340
1392.00,17.1338
1392.50,17.1250
1393.00,17.1143
1393.50,17.1087
1394.00,17.1093
1394.50,17.1115
1395.00,17.1107
1395.50,17.1074
1396.00,17.1059
1396.50,17.1086
1397.00,17.1141
1397.50,17.1189
1398.00,17.1223
1398.50,17.1257
1399.00,17.1298
1399.50,17.1326
1400.00,17.1312
1400.50,17.1242
1401.00,17.1140
1401.50,17.1044
1402.00,17.0972
1402.50,17.0892
1403.00,17.0746
1403.50,17.0513
1404.00,17.0258
1404.50,17.0085
1405.00,17.0060
1405.50,17.0154
1406.00,17.0289
1406.50,17.0416
1407.00,17.0551
1407.50,17.0736
1408.00,17.0971
1408.50,17.1193
1409.00,17.1318
1409.50,17.1302
1410.00,17.1175
1410.50,17.1010
1411.00,17.0866
1411.50,17.0765
1412.00,17.0695
1412.50,17.0660
1413.00,17.0698
1413.50,17.0849
1414.00,17.1098
1414.50,17.1345
1415.00,17.1464
1415.50,17.1409
1416.00,17.1236
1416.50,17.1059
1417.00,17.0965
1417.50,17.0979
1418.00,17.1069
1418.50,17.1192
1419.00,17.1345
1419.50,17.1565
1420.00,17.1890
1420.50,17.2302
1421.00,17.2716
1421.50,17.3035
1422.00,17.3215
1422.50,17.3295
1423.00,17.3362
1423.50,17.3505
1424.00,17.3770
1424.50,17.4153
1425.00,17.4608
1425.50,17.5056
1426.00,17.5401
1426.50,17.5537
1427.00,17.5387
1427.50,17.4960
1428.00,17.4377
1428.50,17.3820
1429.00,17.3432
1429.50,17.3250
1430.00,17.3217
1430.50,17.3241
1431.00,17.3248
1431.50,17.3213
1432.00,17.3168
1432.50,17.3180
1433.00,17.3310
1433.50,17.3577
1434.00,17.3939
1434.50,17.4315
1435.00,17.4615
1435.50,17.4787
1436.00,17.4853
1436.50,17.4902
1437.00,17.5031
1437.50,17.5267
1438.00,17.5547
1438.50,17.5760
1439.00,17.5824
1439.50,17.5739
1440.00,17.5581
1440.50,17.5445
1441.00,17.5379
1441.50,17.5356
1442.00,17.5335
1442.50,17.5319
1443.00,17.5360
1443.50,17.5493
1444.00,17.5693
1444.50,17.5897
1445.00,17.6043
1445.50,17.6097
1446.00,17.6049
1446.50,17.5923
1447.00,17.5769
1447.50,17.5646
1448.00,17.5582
1448.50,17.5566
1449.00,17.5572
1449.50,17.5572
1450.00,17.5550
1450.50,17.5498
1451.00,17.5412
1451.50,17.5287
1452.00,17.5124
1452.50,17.4942
1453.00,17.4785
1453.50,17.4674
1454.00,17.4575
1454.50,17.4419
1455.00,17.4197
1455.50,17.3991
1456.00,17.3905
1456.50,17.3965
1457.00,17.4088
1457.50,17.4160
1458.00,17.4114
1458.50,17.3963
1459.00,17.3779
1459.50,17.3644
1460.00,17.3611
1460.50,17.3694
1461.00,17.3873
1461.50,17.4099
1462.00,17.4300
1462.50,17.4411
1463.00,17.4421
1463.50,17.4386
1464.00,17.4377
1464.50,17.4414
1465.00,17.4450
1465.50,17.4399
1466.00,17.4193
1466.50,17.3823
1467.00,17.3359
1467.50,17.2935
1468.00,17.2670
1468.50,17.2578
1469.00,17.2554
1469.50,17.2469
1470.00,17.2295
1470.50,17.2139
1471.00,17.2148
1471.50,17.2372
1472.00,17.2718
1472.50,17.3010
1473.00,17.3089
1473.50,17.2895
1474.00,17.2479
1474.50,17.1964
1475.00,17.1471
1475.50,17.1060
1476.00,17.0735
1476.50,17.0468
1477.00,17.0209
1477.50,16.9904
1478.00,16.9522
1478.50,16.9092
1479.00,16.8700
1479.50,16.8445
1480.00,16.8369
1480.50,16.8435
1481.00,16.8556
1481.50,16.8652
1482.00,16.8685
1482.50,16.8667
1483.00,16.8633
1483.50,16.8607
1484.00,16.8565
1484.50,16.8436
1485.00,16.8163
1485.50,16.7769
1486.00,16.7355
1486.50,16.7039
1487.00,16.6899
1487.50,16.6967
1488.00,16.7235
1488.50,16.7644
1489.00,16.8090
1489.50,16.8470
1490.00,16.8734
1490.50,16.8896
1491.00,16.8995
1491.50,16.9056
1492.00,16.9084
1492.50,16.9075
1493.00,16.9032
1493.50,16.8983
1494.00,16.8998
1494.50,16.9152
1495.00,16.9484
1495.50,16.9959
1496.00,17.0469
1496.50,17.0884
1497.00,17.1116
1497.50,17.1178
1498.00,17.1190
1498.50,17.1300
1499.00,17.1593
1499.50,17.2040
1500.00,17.2530
1500.50,17.2937
1501.00,17.3160
1501.50,17.3145
1502.00,17.2904
1502.50,17.2534
1503.00,17.2192
1503.50,17.2022
1504.00,17.2063
1504.50,17.2227
1505.00,17.2358
1505.50,17.2348
1506.00,17.2194
1506.50,17.1974
1507.00,17.1776
1507.50,17.1647
1508.00,17.1605
1508.50,17.1667
1509.00,17.1856
1509.50,17.2158
1510.00,17.2502
1510.50,17.2789
1511.00,17.2943
1511.50,17.2951
1512.00,17.2846
1512.50,17.2685
1513.00,17.2530
1513.50,17.2435
1514.00,17.2433
1514.50,17.2526
1515.00,17.2691
1515.50,17.2894
1516.00,17.3086
1516.50,17.3207
1517.00,17.3215
1517.50,17.3120
1518.00,17.2990
1518.50,17.2901
1519.00,17.2888
1519.50,17.2927
1520.00,17.2955
1520.50,17.2918
1521.00,17.2820
1521.50,17.2734
1522.00,17.2756
1522.50,17.2933
1523.00,17.3220
1523.50,17.3516
1524.00,17.3736
1524.50,17.3853
1525.00,17.3890
1525.50,17.3897
1526.00,17.3925
1526.50,17.4020
1527.00,17.4217
1527.50,17.4526
1528.00,17.4912
1528.50,17.5314
1529.00,17.5661
1529.50,17.5891
1530.00,17.5972
1530.50,17.5913
1531.00,17.5775
1531.50,17.5649
1532.00,17.5592
1532.50,17.5611
1533.00,17.5691
1533.50,17.5828
1534.00,17.6014
1534.50,17.6215
1535.00,17.6360
1535.50,17.6381
1536.00,17.6257
1536.50,17.6034
1537.00,17.5789
1537.50,17.5594
1538.00,17.5478
1538.50,17.5416
1539.00,17.5344
1539.50,17.5208
1540.00,17.5013
1540.50,17.4819
1541.00,17.4684
1541.50,17.4600
1542.00,17.4493
1542.50,17.4285
1543.00,17.3954
1543.50,17.3555
1544.00,17.3171
1544.50,17.2863
1545.00,17.2630
1545.50,17.2436
1546.00,17.2259
1546.50,17.2114
1547.00,17.2026
1547.50,17.1977
1548.00,17.1918
1548.50,17.1809
1549.00,17.1657
1549.50,17.1506
1550.00,17.1415
1550.50,17.1429
1551.00,17.1568
1551.50,17.1811
1552.00,17.2089
1552.50,17.2310
1553.00,17.2402
1553.50,17.2350
1554.00,17.2206
1554.50,17.2053
1555.00,17.1965
1555.50,17.1985
1556.00,17.2119
1556.50,17.2346
1557.00,17.2624
1557.50,17.2902
1558.00,17.3141
1558.50,17.3328
1559.00,17.3479
1559.50,17.3621
1560.00,17.3777
1560.50,17.3949
1561.00,17.4104
1561.50,17.4159
1562.00,17.4027
1562.50,17.3698
1563.00,17.3281
1563.50,17.2942
1564.00,17.2794
1564.50,17.2847
1565.00,17.3046
1565.50,17.3331
1566.00,17.3638
1566.50,17.3879
1567.00,17.3984
1567.50,17.3954
1568.00,17.3864
1568.50,17.3795
1569.00,17.3787
1569.50,17.3840
1570.00,17.3951
1570.50,17.4111
1571.00,17.4288
1571.50,17.4442
1572.00,17.4553
1572.50,17.4633
1573.00,17.4688
1573.50,17.4692
1574.00,17.4616
1574.50,17.4481
1575.00,17.4365
1575.50,17.4331
1576.00,17.4389
1576.50,17.4511
1577.00,17.4682
1577.50,17.4914
1578.00,17.5213
1578.50,17.5563
1579.00,17.5940
1579.50,17.6318
1580.00,17.6657
1580.50,17.6892
1581.00,17.6949
1581.50,17.6796
1582.00,17.6472
1582.50,17.6075
1583.00,17.5719
1583.50,17.5496
1584.00,17.5453
1584.50,17.5590
1585.00,17.5858
1585.50,17.6172
1586.00,17.6445
1586.50,17.6622
1587.00,17.6701
1587.50,17.6703
1588.00,17.6638
1588.50,17.6478
1589.00,17.6206
1589.50,17.5855
1590.00,17.5504
1590.50,17.5228
1591.00,17.5039
1591.50,17.4903
1592.00,17.4781
1592.50,17.4662
1593.00,17.4558
1593.50,17.4468
1594.00,17.4364
1594.50,17.4215
1595.00,17.4026
1595.50,17.3833
1596.00,17.3673
1596.50,17.3563
1597.00,17.3504
1597.50,17.3495
1598.00,17.3528
1598.50,17.3582
1599.00,17.3612
1599.50,17.3559
1600.00,17.3384
1600.50,17.3099
1601.00,17.2780
1601.50,17.2528
1602.00,17.2399
1602.50,17.2371
1603.00,17.2368
1603.50,17.2334
1604.00,17.2269
1604.50,17.2205
1605.00,17.2168
1605.50,17.2162
1606.00,17.2189
1606.50,17.2239
1607.00,17.2283
1607.50,17.2281
1608.00,17.2212
1608.50,17.2095
1609.00,17.1970
1609.50,17.1887
1610.00,17.1889
1610.50,17.1992
1611.00,17.2170
1611.50,17.2370
1612.00,17.2551
1612.50,17.2716
1613.00,17.2887
1613.50,17.3064
1614.00,17.3206
1614.50,17.3265
1615.00,17.3233
1615.50,17.3156
1616.00,17.3109
1616.50,17.3146
1617.00,17.3262
1617.50,17.3411
1618.00,17.3529
1618.50,17.3569
1619.00,17.3513
1619.50,17.3368
1620.00,17.3151
1620.50,17.2880
1621.00,17.2588
1621.50,17.2338
1622.00,17.2213
1622.50,17.2255
1623.00,17.2415
1623.50,17.2591
1624.00,17.2701
1624.50,17.2754
1625.00,17.2813
1625.50,17.2923
1626.00,17.3043
1626.50,17.3077
1627.00,17.2942
1627.50,17.2645
1628.00,17.2291
1628.50,17.2032
1629.00,17.1979
1629.50,17.2127
1630.00,17.2367
1630.50,17.2563
1631.00,17.2645
1631.50,17.2625
1632.00,17.2555
1632.50,17.2468
1633.00,17.2380
1633.50,17.2332
1634.00,17.2416
1634.50,17.2711
1635.00,17.3172
1635.50,17.3610
1636.00,17.3815
1636.50,17.3706
1637.00,17.3387
1637.50,17.3063
1638.00,17.2895
1638.50,17.2920
1639.00,17.3046
1639.50,17.3137
1640.00,17.3091
1640.50,17.2898
1641.00,17.2634
1641.50,17.2398
1642.00,17.2247
1642.50,17.2185
1643.00,17.2187
1643.50,17.2247
1644.00,17.2370
1644.50,17.2548
1645.00,17.2731
1645.50,17.2843
1646.00,17.2810
1646.50,17.2619
1647.00,17.2341
1647.50,17.2115
1648.00,17.2058
1648.50,17.2191
1649.00,17.2436
1649.50,17.2687
1650.00,17.2869
1650.50,17.2945
1651.00,17.2910
1651.50,17.2803
1652.00,17.2695
1652.50,17.2642
1653.00,17.2648
1653.50,17.2681
1654.00,17.2718
1654.50,17.2766
1655.00,17.2851
1655.50,17.2975
1656.00,17.3101
1656.50,17.3165
1657.00,17.3120
1657.50,17.2996
1658.00,17.2893
1658.50,17.2920
1659.00,17.3108
1659.50,17.3379
1660.00,17.3596
1660.50,17.3657
1661.00,17.3558
1661.50,17.3388
1662.00,17.3261
1662.50,17.3233
1663.00,17.3274
1663.50,17.3302
1664.00,17.3262
1664.50,17.3164
1665.00,17.3064
1665.50,17.3016
1666.00,17.3029
1666.50,17.3078
1667.00,17.3126
1667.50,17.3137
1668.00,17.3088
1668.50,17.2986
1669.00,17.2894
1669.50,17.2906
1670.00,17.3107
1670.50,17.3513
1671.00,17.4047
1671.50,17.4574
1672.00,17.4972
1672.50,17.5195
1673.00,17.5276
1673.50,17.5294
1674.00,17.5327
1674.50,17.5426
1675.00,17.5601
1675.50,17.5821
1676.00,17.6040
1676.50,17.6238
1677.00,17.6445
1677.50,17.6717
1678.00,17.7081
1678.50,17.7508
1679.00,17.7938
1679.50,17.8329
1680.00,17.8678
1680.50,17.8996
1681.00,17.9273
1681.50,17.9485
1682.00,17.9622
1682.50,17.9726
1683.00,17.9872
1683.50,18.0132
1684.00,18.0525
1684.50,18.1005
1685.00,18.1481
1685.50,18.1856
1686.00,18.2065
1686.50,18.2103
1687.00,18.2019
1687.50,18.1877
1688.00,18.1709
1688.50,18.1508
1689.00,18.1270
1689.50,18.1025
1690.00,18.0834
1690.50,18.0750
1691.00,18.0792
1691.50,18.0932
1692.00,18.1107
1692.50,18.1255
1693.00,18.1350
1693.50,18.1414
1694.00,18.1481
1694.50,18.1549
1695.00,18.1571
1695.50,18.1500
1696.00,18.1362
1696.50,18.1261
1697.00,18.1307
1697.50,18.1519
1698.00,18.1807
1698.50,18.2040
1699.00,18.2136
1699.50,18.2110
1700.00,18.2035
1700.50,18.1988
1701.00,18.2014
1701.50,18.2123
1702.00,18.2314
1702.50,18.2570
1703.00,18.2844
1703.50,18.3061
1704.00,18.3176
1704.50,18.3217
1705.00,18.3270
1705.50,18.3410
1706.00,18.3635
1706.50,18.3871
1707.00,18.4028
1707.50,18.4054
1708.00,18.3949
1708.50,18.3735
1709.00,18.3432
1709.50,18.3051
1710.00,18.2629
1710.50,18.2251
1711.00,18.2031
1711.50,18.2046
1712.00,18.2277
1712.50,18.2621
1713.00,18.2957
1713.50,18.3223
1714.00,18.3416
1714.50,18.3560
1715.00,18.3676
1715.50,18.3780
1716.00,18.3880
1716.50,18.3967
1717.00,18.4022
1717.50,18.4036
1718.00,18.4032
1718.50,18.4048
1719.00,18.4100
1719.50,18.4164
1720.00,18.4191
1720.50,18.4139
1721.00,18.3981
1721.50,18.3713
1722.00,18.3340
1722.50,18.2876
1723.00,18.2374
1723.50,18.1938
1724.00,18.1697
1724.50,18.1713
1725.00,18.1923
1725.50,18.2157
1726.00,18.2248
1726.50,18.2140
1727.00,18.1915
1727.50,18.1717
1728.00,18.1656
1728.50,18.1751
1729.00,18.1952
1729.50,18.2191
1730.00,18.2412
1730.50,18.2586
1731.00,18.2706
1731.50,18.2781
1732.00,18.2814
1732.50,18.2772
1733.00,18.2607
1733.50,18.2311
1734.00,18.1966
1734.50,18.1703
1735.00,18.1599
1735.50,18.1589
1736.00,18.1508
1736.50,18.1216
1737.00,18.0713
1737.50,18.0119
1738.00,17.9571
1738.50,17.9140
1739.00,17.8822
1739.50,17.8588
1740.00,17.8413
1740.50,17.8271
1741.00,17.8138
1741.50,17.8011
1742.00,17.7928
1742.50,17.7945
1743.00,17.8092
1743.50,17.8348
1744.00,17.8646
1744.50,17.8925
1745.00,17.9159
1745.50,17.9353
1746.00,17.9528
1746.50,17.9695
1747.00,17.9857
1747.50,18.0001
1748.00,18.0108
1748.50,18.0185
1749.00,18.0268
1749.50,18.0405
1750.00,18.0622
1750.50,18.0915
1751.00,18.1264
1751.50,18.1634
1752.00,18.1960
1752.50,18.2156
1753.00,18.2150
1753.50,18.1938
1754.00,18.1585
1754.50,18.1193
1755.00,18.0854
1755.50,18.0622
1756.00,18.0524
1756.50,18.0570
1757.00,18.0747
1757.50,18.1009
1758.00,18.1285
1758.50,18.1493
1759.00,18.1561
1759.50,18.1444
1760.00,18.1152
1760.50,18.0775
1761.00,18.0473
1761.50,18.0405
1762.00,18.0611
1762.50,18.0945
1763.00,18.1149
1763.50,18.1037
1764.00,18.0631
1764.50,18.0136
1765.00,17.9763
1765.50,17.9602
1766.00,17.9613
1766.50,17.9702
1767.00,17.9782
1767.50,17.9800
1768.00,17.9760
1768.50,17.9709
1769.00,17.9695
1769.50,17.9703
1770.00,17.9667
1770.50,17.9541
1771.00,17.9346
1771.50,17.9162
1772.00,17.9075
1772.50,17.9106
1773.00,17.9208
1773.50,17.9295
1774.00,17.9331
1774.50,17.9349
1775.00,17.9408
1775.50,17.9512
1776.00,17.9582
1776.50,17.9527
1777.00,17.9321
1777.50,17.9023
1778.00,17.8737
1778.50,17.8538
1779.00,17.8434
1779.50,17.8379
1780.00,17.8317
1780.50,17.8233
1781.00,17.8164
1781.50,17.8162
1782.00,17.8239
1782.50,17.8352
1783.00,17.8440
1783.50,17.8470
1784.00,17.8453
1784.50,17.8405
1785.00,17.8324
1785.50,17.8199
1786.00,17.8048
1786.50,17.7926
1787.00,17.7891
1787.50,17.7969
1788.00,17.8129
1788.50,17.8301
1789.00,17.8419
1789.50,17.8437
1790.00,17.8353
1790.50,17.8214
1791.00,17.8102
1791.50,17.8102
1792.00,17.8250
1792.50,17.8515
1793.00,17.8817
1793.50,17.9075
1794.00,17.9263
1794.50,17.9417
1795.00,17.9593
1795.50,17.9803
1796.00,18.0013
1796.50,18.0183
1797.00,18.0309
1797.50,18.0395
1798.00,18.0421
1798.50,18.0347
1799.00,18.0164
1799.50,17.9924
1800.00,17.9718
1800.50,17.9625
1801.00,17.9680
1801.50,17.9853
1802.00,18.0079
1802.50,18.0292
1803.00,18.0457
1803.50,18.0567
1804.00,18.0620
1804.50,18.0606
1805.00,18.0516
1805.50,18.0371
1806.00,18.0250
1806.50,18.0254
1807.00,18.0429
1807.50,18.0701
1808.00,18.0917
1808.50,18.0974
1809.00,18.0907
1809.50,18.0842
1810.00,18.0885
1810.50,18.1050
1811.00,18.1265
1811.50,18.1427
1812.00,18.1456
1812.50,18.1351
1813.00,18.1193
1813.50,18.1086
1814.00,18.1077
1814.50,18.1132
1815.00,18.1185
1815.50,18.1202
1816.00,18.1197
1816.50,18.1190
1817.00,18.1174
1817.50,18.1117
1818.00,18.0998
1818.50,18.0808
1819.00,18.0551
1819.50,18.0248
1820.00,17.9939
1820.50,17.9676
1821.00,17.9505
1821.50,17.9462
1822.00,17.9584
1822.50,17.9889
1823.00,18.0338
1823.50,18.0831
1824.00,18.1259
1824.50,18.1564
1825.00,18.1748
1825.50,18.1842
1826.00,18.1868
1826.50,18.1836
1827.00,18.1758
1827.50,18.1643
1828.00,18.1494
1828.50,18.1320
1829.00,18.1161
1829.50,18.1094
1830.00,18.1194
1830.50,18.1459
1831.00,18.1788
1831.50,18.2026
1832.00,18.2067
1832.50,18.1930
1833.00,18.1739
1833.50,18.1632
1834.00,18.1686
1834.50,18.1888
1835.00,18.2176
1835.50,18.2470
1836.00,18.2679
1836.50,18.2734
1837.00,18.2633
1837.50,18.2455
1838.00,18.2306
1838.50,18.2245
1839.00,18.2254
1839.50,18.2278
1840.00,18.2281
1840.50,18.2269
1841.00,18.2263
1841.50,18.2278
1842.00,18.2329
1842.50,18.2441
1843.00,18.2615
1843.50,18.2800
1844.00,18.2915
1844.50,18.2920
1845.00,18.2863
1845.50,18.2837
1846.00,18.2892
1846.50,18.2996
1847.00,18.3076
1847.50,18.3081
1848.00,18.3030
1848.50,18.2987
1849.00,18.3029
1849.50,18.3195
1850.00,18.3470
1850.50,18.3784
1851.00,18.4040
1851.50,18.4165
1852.00,18.4149
1852.50,18.4049
1853.00,18.3939
1853.50,18.3862
1854.00,18.3809
1854.50,18.3746
1855.00,18.3663
1855.50,18.3592
1856.00,18.3576
1856.50,18.3630
1857.00,18.3723
1857.50,18.3809
1858.00,18.3860
1858.50,18.3872
1859.00,18.3869
1859.50,18.3871
1860.00,18.3870
1860.50,18.3825
1861.00,18.3698
1861.50,18.3515
1862.00,18.3373
1862.50,18.3370
1863.00,18.3524
1863.50,18.3751
1864.00,18.3928
1864.50,18.3978
1865.00,18.3905
1865.50,18.3772
1866.00,18.3651
1866.50,18.3589
1867.00,18.3597
1867.50,18.3653
1868.00,18.3712
1868.50,18.3729
1869.00,18.3695
1869.50,18.3631
1870.00,18.3558
1870.50,18.3472
1871.00,18.3361
1871.50,18.3232
1872.00,18.3123
1872.50,18.3070
1873.00,18.3077
1873.50,18.3109
1874.00,18.3111
1874.50,18.3050
1875.00,18.2931
1875.50,18.2800
1876.00,18.2715
1876.50,18.2713
1877.00,18.2780
1877.50,18.2867
1878.00,18.2924
1878.50,18.2938
1879.00,18.2945
1879.50,18.2991
1880.00,18.3082
1880.50,18.3174
1881.00,18.3219
1881.50,18.3218
1882.00,18.3216
1882.50,18.3245
1883.00,18.3287
1883.50,18.3277
1884.00,18.3168
1884.50,18.2980
1885.00,18.2797
1885.50,18.2697
1886.00,18.2694
1886.50,18.2748
1887.00,18.2817
1887.50,18.2883
1888.00,18.2943
1888.50,18.2994
1889.00,18.3051
1889.50,18.3152
1890.00,18.3324
1890.50,18.3545
1891.00,18.3740
1891.50,18.3846
1892.00,18.3870
1892.50,18.3870
1893.00,18.3909
1893.50,18.3995
1894.00,18.4100
1894.50,18.4203
1895.00,18.4323
1895.50,18.4500
1896.00,18.4746
1896.50,18.5016
1897.00,18.5230
1897.50,18.5328
1898.00,18.5294
1898.50,18.5155
1899.00,18.4960
1899.50,18.4765
1900.00,18.4600
1900.50,18.4454
1901.00,18.4293
1901.50,18.4124
1902.00,18.4008
1902.50,18.4019
1903.00,18.4162
1903.50,18.4362
1904.00,18.4502
1904.50,18.4495
1905.00,18.4311
1905.50,18.3997
1906.00,18.3659
1906.50,18.3433
1907.00,18.3421
1907.50,18.3634
1908.00,18.3997
1908.50,18.4386
1909.00,18.4680
1909.50,18.4797
1910.00,18.4711
1910.50,18.4459
1911.00,18.4131
1911.50,18.3834
1912.00,18.3652
1912.50,18.3614
1913.00,18.3693
1913.50,18.3844
1914.00,18.4047
1914.50,18.4302
1915.00,18.4598
1915.50,18.4896
1916.00,18.5146
1916.50,18.5319
1917.00,18.5414
1917.50,18.5450
1918.00,18.5440
1918.50,18.5385
1919.00,18.5287
1919.50,18.5162
1920.00,18.5030
1920.50,18.4895
1921.00,18.4749
1921.50,18.4601
1922.00,18.4479
1922.50,18.4422
1923.00,18.4464
1923.50,18.4632
1924.00,18.4921
1924.50,18.5267
1925.00,18.5551
1925.50,18.5679
1926.00,18.5655
1926.50,18.5579
1927.00,18.5560
1927.50,18.5637
1928.00,18.5762
1928.50,18.5865
1929.00,18.5908
1929.50,18.5895
1930.00,18.5842
1930.50,18.5757
1931.00,18.5658
1931.50,18.5587
1932.00,18.5599
1932.50,18.5717
1933.00,18.5900
1933.50,18.6077
1934.00,18.6201
1934.50,18.6268
1935.00,18.6304
1935.50,18.6316
1936.00,18.6291
1936.50,18.6231
1937.00,18.6168
1937.50,18.6150
1938.00,18.6203
1938.50,18.6301
1939.00,18.6373
1939.50,18.6352
1940.00,18.6233
1940.50,18.6081
1941.00,18.5984
1941.50,18.5965
1942.00,18.5964
1942.50,18.5902
1943.00,18.5769
1943.50,18.5653
1944.00,18.5661
1944.50,18.5832
1945.00,18.6110
1945.50,18.6384
1946.00,18.6557
1946.50,18.6602
1947.00,18.6583
1947.50,18.6619
1948.00,18.6783
1948.50,18.7032
1949.00,18.7238
1949.50,18.7300
1950.00,18.7232
1950.50,18.7139
1951.00,18.7105
1951.50,18.7117
1952.00,18.7096
1952.50,18.6993
1953.00,18.6845
1953.50,18.6751
1954.00,18.6800
1954.50,18.7011
1955.00,18.7320
1955.50,18.7612
1956.00,18.7801
1956.50,18.7890
1957.00,18.7954
1957.50,18.8053
1958.00,18.8175
1958.50,18.8259
1959.00,18.8272
1959.50,18.8237
1960.00,18.8197
1960.50,18.8168
1961.00,18.8137
1961.50,18.8099
1962.00,18.8082
1962.50,18.8107
1963.00,18.8142
1963.50,18.8126
1964.00,18.8033
1964.50,18.7917
1965.00,18.7867
1965.50,18.7913
1966.00,18.7979
1966.50,18.7943
1967.00,18.7733
1967.50,18.7386
1968.00,18.7000
1968.50,18.6661
1969.00,18.6397
1969.50,18.6187
1970.00,18.6006
1970.50,18.5843
1971.00,18.5700
1971.50,18.5569
1972.00,18.5438
1972.50,18.5321
1973.00,18.5264
1973.50,18.5321
1974.00,18.5490
1974.50,18.5699
1975.00,18.5839
1975.50,18.5833
1976.00,18.5683
1976.50,18.5447
1977.00,18.5202
1977.50,18.5002
1978.00,18.4878
1978.50,18.4855
1979.00,18.4945
1979.50,18.5139
1980.00,18.5384
1980.50,18.5601
1981.00,18.5719
1981.50,18.5701
1982.00,18.5571
1982.50,18.5408
1983.00,18.5311
1983.50,18.5337
1984.00,18.5469
1984.50,18.5638
1985.00,18.5776
1985.50,18.5850
1986.00,18.5849
1986.50,18.5790
1987.00,18.5713
1987.50,18.5687
1988.00,18.5780
1988.50,18.6037
1989.00,18.6455
1989.50,18.6989
1990.00,18.7550
1990.50,18.8037
1991.00,18.8370
1991.50,18.8523
1992.00,18.8535
1992.50,18.8468
1993.00,18.8371
1993.50,18.8273
1994.00,18.8199
1994.50,18.8177
1995.00,18.8206
1995.50,18.8237
1996.00,18.8214
1996.50,18.8138
1997.00,18.8066
1997.50,18.8042
1998.00,18.8033
1998.50,18.7963
1999.00,18.7794
1999.50,18.7561
2000.00,18.7319
2000.50,18.7073
2001.00,18.6794
2001.50,18.6477
2002.00,18.6171
2002.50,18.5940
2003.00,18.5811
2003.50,18.5761
2004.00,18.5756
2004.50,18.5796
2005.00,18.5907
2005.50,18.6094
2006.00,18.6299
2006.50,18.6413
2007.00,18.6340
2007.50,18.6063
2008.00,18.5662
2008.50,18.5277
2009.00,18.5040
2009.50,18.5025
2010.00,18.5216
2010.50,18.5519
2011.00,18.5802
2011.50,18.5954
2012.00,18.5946
2012.50,18.5840
2013.00,18.5734
2013.50,18.5677
2014.00,18.5633
2014.50,18.5523
2015.00,18.5305
2015.50,18.5011
2016.00,18.4721
2016.50,18.4508
2017.00,18.4413
2017.50,18.4429
2018.00,18.4499
2018.50,18.4538
2019.00,18.4491
2019.50,18.4388
2020.00,18.4336
2020.50,18.4435
2021.00,18.4691
2021.50,18.4999
2022.00,18.5206
2022.50,18.5205
2023.00,18.5004
2023.50,18.4720
2024.00,18.4499
2024.50,18.4414
2025.00,18.4429
2025.50,18.4444
2026.00,18.4387
2026.50,18.4259
2027.00,18.4125
2027.50,18.4057
2028.00,18.4085
2028.50,18.4193
2029.00,18.4341
2029.50,18.4502
2030.00,18.4664
2030.50,18.4798
2031.00,18.4851
2031.50,18.4767
2032.00,18.4534
2032.50,18.4195
2033.00,18.3841
2033.50,18.3572
2034.00,18.3458
2034.50,18.3515
2035.00,18.3708
2035.50,18.3963
2036.00,18.4186
2036.50,18.4272
2037.00,18.4149
2037.50,18.3837
2038.00,18.3480
2038.50,18.3282
2039.00,18.3359
2039.50,18.3659
2040.00,18.3996
2040.50,18.4198
2041.00,18.4215
2041.50,18.4105
2042.00,18.3938
2042.50,18.3745
2043.00,18.3533
2043.50,18.3341
2044.00,18.3242
2044.50,18.3294
2045.00,18.3499
2045.50,18.3805
2046.00,18.4148
2046.50,18.4471
2047.00,18.4725
2047.50,18.4867
2048.00,18.4900
2048.50,18.4894
2049.00,18.4940
2049.50,18.5075
2050.00,18.5255
2050.50,18.5422
2051.00,18.5585
2051.50,18.5820
2052.00,18.6196
2052.50,18.6698
2053.00,18.7247
2053.50,18.7780
2054.00,18.8290
2054.50,18.8791
2055.00,18.9259
2055.50,18.9626
2056.00,18.9818
2056.50,18.9802
2057.00,18.9593
2057.50,18.9240
2058.00,18.8803
2058.50,18.8341
2059.00,18.7910
2059.50,18.7549
2060.00,18.7260
2060.50,18.7012
2061.00,18.6758
2061.50,18.6475
2062.00,18.6178
2062.50,18.5917
2063.00,18.5741
2063.50,18.5648
2064.00,18.5577
2064.50,18.5440
2065.00,18.5203
2065.50,18.4909
2066.00,18.4645
2066.50,18.4466
2067.00,18.4373
2067.50,18.4339
2068.00,18.4351
2068.50,18.4430
2069.00,18.4604
2069.50,18.4867
2070.00,18.5166
2070.50,18.5416
2071.00,18.5528
2071.50,18.5459
2072.00,18.5229
2072.50,18.4921
2073.00,18.4645
2073.50,18.4478
2074.00,18.4435
2074.50,18.4463
2075.00,18.4490
2075.50,18.4479
2076.00,18.4449
2076.50,18.4448
2077.00,18.4507
2077.50,18.4599
2078.00,18.4661
2078.50,18.4657
2079.00,18.4629
2079.50,18.4699
2080.00,18.4962
2080.50,18.5407
2081.00,18.5910
2081.50,18.6341
2082.00,18.6635
2082.50,18.6799
2083.00,18.6862
2083.50,18.6854
2084.00,18.6835
2084.50,18.6902
2085.00,18.7150
2085.50,18.7603
2086.00,18.8177
2086.50,18.8725
2087.00,18.9132
2087.50,18.9373
2088.00,18.9507
2088.50,18.9622
2089.00,18.9787
2089.50,19.0019
2090.00,19.0271
2090.50,19.0456
2091.00,19.0504
2091.50,19.0419
2092.00,19.0278
2092.50,19.0156
2093.00,19.0078
2093.50,19.0011
2094.00,18.9916
2094.50,18.9766
2095.00,18.9547
2095.50,18.9250
2096.00,18.8897
2096.50,18.8551
2097.00,18.8284
2097.50,18.8130
2098.00,18.8060
2098.50,18.7999
2099.00,18.7874
2099.50,18.7652
2100.00,18.7369
2100.50,18.7105
2101.00,18.6939
2101.50,18.6917
2102.00,18.7054
2102.50,18.7338
2103.00,18.7730
2103.50,18.8155
2104.00,18.8524
2104.50,18.8773
2105.00,18.8882
2105.50,18.8874
2106.00,18.8789
2106.50,18.8670
2107.00,18.8582
2107.50,18.8607
2108.00,18.8813
2108.50,18.9212
2109.00,18.9745
2109.50,19.0322
2110.00,19.0866
2110.50,19.1325
2111.00,19.1670
2111.50,19.1885
2112.00,19.1973
2112.50,19.1960
2113.00,19.1899
2113.50,19.1863
2114.00,19.1922
2114.50,19.2103
2115.00,19.2358
2115.50,19.2589
2116.00,19.2707
2116.50,19.2684
2117.00,19.2544
2117.50,19.2362
2118.00,19.2241
2118.50,19.2265
2119.00,19.2430
2119.50,19.2637
2120.00,19.2781
2120.50,19.2829
2121.00,19.2817
2121.50,19.2784
2122.00,19.2701
2122.50,19.2491
2123.00,19.2092
2123.50,19.1539
2124.00,19.0975
2124.50,19.0559
2125.00,19.0336
2125.50,19.0192
2126.00,18.9951
2126.50,18.9530
2127.00,18.9009
2127.50,18.8562
2128.00,18.8318
2128.50,18.8276
2129.00,18.8313
2129.50,18.8272
2130.00,18.8072
2130.50,18.7766
2131.00,18.7491
2131.50,18.7367
2132.00,18.7428
2132.50,18.7631
2133.00,18.7912
2133.50,18.8215
2134.00,18.8487
2134.50,18.8657
2135.00,18.8662
2135.50,18.8496
2136.00,18.8236
2136.50,18.7994
2137.00,18.7837
2137.50,18.7752
2138.00,18.7701
2138.50,18.7670
2139.00,18.7667
2139.50,18.7691
2140.00,18.7721
2140.50,18.7752
2141.00,18.7812
2141.50,18.7939
2142.00,18.8142
2142.50,18.8380
2143.00,18.8586
2143.50,18.8703
2144.00,18.8710
2144.50,18.8617
2145.00,18.8458
2145.50,18.8271
2146.00,18.8076
2146.50,18.7885
2147.00,18.7733
2147.50,18.7686
2148.00,18.7788
2148.50,18.7993
2149.00,18.8172
2149.50,18.8203
2150.00,18.8058
2150.50,18.7822
2151.00,18.7627
2151.50,18.7562
2152.00,18.7627
2152.50,18.7750
2153.00,18.7843
2153.50,18.7857
2154.00,18.7814
2154.50,18.7788
2155.00,18.7842
2155.50,18.7968
2156.00,18.8087
2156.50,18.8122
2157.00,18.8071
2157.50,18.8002
2158.00,18.7989
2158.50,18.8038
2159.00,18.8099
2159.50,18.8121
2160.00,18.8080
2160.50,18.7992
2161.00,18.7884
2161.50,18.7770
2162.00,18.7649
2162.50,18.7520
2163.00,18.7398
2163.50,18.7301
2164.00,18.7231
2164.50,18.7167
2165.00,18.7092
2165.50,18.7010
2166.00,18.6941
2166.50,18.6892
2167.00,18.6840
2167.50,18.6756
2168.00,18.6636
2168.50,18.6522
2169.00,18.6478
2169.50,18.6522
2170.00,18.6592
2170.50,18.6593
2171.00,18.6486
2171.50,18.6332
2172.00,18.6242
2172.50,18.6301
2173.00,18.6503
2173.50,18.6760
2174.00,18.6954
2174.50,18.7004
2175.00,18.6916
2175.50,18.6782
2176.00,18.6695
2176.50,18.6683
2177.00,18.6693
2177.50,18.6656
2178.00,18.6558
2178.50,18.6425
2179.00,18.6286
2179.50,18.6138
2180.00,18.5965
2180.50,18.5755
2181.00,18.5495
2181.50,18.5169
2182.00,18.4787
2182.50,18.4406
2183.00,18.4109
2183.50,18.3940
2184.00,18.3884
2184.50,18.3894
2185.00,18.3930
2185.50,18.3965
2186.00,18.3970
2186.50,18.3903
2187.00,18.3750
2187.50,18.3548
2188.00,18.3395
2188.50,18.3393
2189.00,18.3574
2189.50,18.3878
2190.00,18.4189
2190.50,18.4418
2191.00,18.4562
2191.50,18.4670
2192.00,18.4780
2192.50,18.4871
2193.00,18.4901
2193.50,18.4892
2194.00,18.4951
2194.50,18.5193
2195.00,18.5639
2195.50,18.6194
2196.00,18.6723
2196.50,18.7128
2197.00,18.7398
2197.50,18.7581
2198.00,18.7739
2198.50,18.7889
2199.00,18.7975
2199.50,18.7906
2200.00,18.7647
2200.50,18.7270
2201.00,18.6920
2201.50,18.6701
2202.00,18.6619
2202.50,18.6617
2203.00,18.6652
2203.50,18.6726
2204.00,18.6862
2204.50,18.7054
2205.00,18.7269
2205.50,18.7466
2206.00,18.7626
2206.50,18.7744
2207.00,18.7812
2207.50,18.7819
2208.00,18.7760
2208.50,18.7657
2209.00,18.7541
2209.50,18.7430
2210.00,18.7318
2210.50,18.7207
2211.00,18.7130
2211.50,18.7147
2212.00,18.7288
2212.50,18.7521
2213.00,18.7768
2213.50,18.7964
2214.00,18.8102
2214.50,18.8230
2215.00,18.8401
2215.50,18.8643
2216.00,18.8948
2216.50,18.9267
2217.00,18.9518
2217.50,18.9622
2218.00,18.9573
2218.50,18.9457
2219.00,18.9410
2219.50,18.9522
2220.00,18.9800
2220.50,19.0193
2221.00,19.0660
2221.50,19.1175
2222.00,19.1697
2222.50,19.2132
2223.00,19.2385
2223.50,19.2442
2224.00,19.2395
2224.50,19.2380
2225.00,19.2472
2225.50,19.2645
2226.00,19.2813
2226.50,19.2909
2227.00,19.2926
2227.50,19.2907
2228.00,19.2909
2228.50,19.2980
2229.00,19.3148
2229.50,19.3402
2230.00,19.3687
2230.50,19.3921
2231.00,19.4029
2231.50,19.3967
2232.00,19.3729
2232.50,19.3338
2233.00,19.2867
2233.50,19.2448
2234.00,19.2234
2234.50,19.2310
2235.00,19.2626
2235.50,19.3032
2236.00,19.3391
2236.50,19.3642
2237.00,19.3781
2237.50,19.3812
2238.00,19.3748
2238.50,19.3642
2239.00,19.3574
2239.50,19.3579
2240.00,19.3603
2240.50,19.3554
2241.00,19.3410
2241.50,19.3271
2242.00,19.3280
2242.50,19.3489
2243.00,19.3798
2243.50,19.4022
2244.00,19.4026
2244.50,19.3804
2245.00,19.3446
2245.50,19.3051
2246.00,19.2669
2246.50,19.2318
2247.00,19.2017
2247.50,19.1786
2248.00,19.1631
2248.50,19.1552
2249.00,19.1561
2249.50,19.1663
2250.00,19.1817
2250.50,19.1925
2251.00,19.1881
2251.50,19.1649
2252.00,19.1294
2252.50,19.0931
2253.00,19.0656
2253.50,19.0500
2254.00,19.0431
2254.50,19.0386
2255.00,19.0314
2255.50,19.0210
2256.00,19.0113
2256.50,19.0069
2257.00,19.0097
2257.50,19.0181
2258.00,19.0293
2258.50,19.0413
2259.00,19.0526
2259.50,19.0622
2260.00,19.0701
2260.50,19.0777
2261.00,19.0878
2261.50,19.1026
2262.00,19.1224
2262.50,19.1447
2263.00,19.1654
2263.50,19.1794
2264.00,19.1826
2264.50,19.1753
2265.00,19.1629
2265.50,19.1527
2266.00,19.1484
2266.50,19.1486
2267.00,19.1497
2267.50,19.1489
2268.00,19.1471
2268.50,19.1455
2269.00,19.1423
2269.50,19.1335
2270.00,19.1178
2270.50,19.1002
2271.00,19.0886
2271.50,19.0851
2272.00,19.0830
2272.50,19.0730
2273.00,19.0540
2273.50,19.0339
2274.00,19.0233
2274.50,19.0251
2275.00,19.0328
2275.50,19.0360
2276.00,19.0272
2276.50,19.0041
2277.00,18.9699
2277.50,18.9307
2278.00,18.8932
2278.50,18.8621
2279.00,18.8381
2279.50,18.8182
2280.00,18.7983
2280.50,18.7765
2281.00,18.7532
2281.50,18.7305
2282.00,18.7110
2282.50,18.6986
2283.00,18.6989
2283.50,18.7164
2284.00,18.7504
2284.50,18.7947
2285.00,18.8417
2285.50,18.8862
2286.00,18.9237
2286.50,18.9489
2287.00,18.9571
2287.50,18.9495
2288.00,18.9346
2288.50,18.9243
2289.00,18.9282
2289.50,18.9480
2290.00,18.9775
2290.50,19.0072
2291.00,19.0313
2291.50,19.0500
2292.00,19.0681
2292.50,19.0894
2293.00,19.1143
2293.50,19.1411
2294.00,19.1679
2294.50,19.1927
2295.00,19.2123
2295.50,19.2222
2296.00,19.2187
2296.50,19.2026
2297.00,19.1806
2297.50,19.1616
2298.00,19.1505
2298.50,19.1463
2299.00,19.1451
2299.50,19.1457
2300.00,19.1512
2300.50,19.1635
2301.00,19.1794
2301.50,19.1916
2302.00,19.1950
2302.50,19.1894
2303.00,19.1771
2303.50,19.1598
2304.00,19.1395
2304.50,19.1206
2305.00,19.1093
2305.50,19.1083
2306.00,19.1152
2306.50,19.1246
2307.00,19.1327
2307.50,19.1366
2308.00,19.1331
2308.50,19.1208
2309.00,19.1048
2309.50,19.0964
2310.00,19.1057
2310.50,19.1351
2311.00,19.1780
2311.50,19.2254
2312.00,19.2702
2312.50,19.3066
2313.00,19.3290
2313.50,19.3344
2314.00,19.3260
2314.50,19.3122
2315.00,19.3011
2315.50,19.2963
2316.00,19.2968
2316.50,19.3017
2317.00,19.3119
2317.50,19.3287
2318.00,19.3496
2318.50,19.3667
2319.00,19.3717
2319.50,19.3618
2320.00,19.3423
2320.50,19.3226
2321.00,19.3108
2321.50,19.3118
2322.00,19.3274
2322.50,19.3547
2323.00,19.3855
2323.50,19.4090
2324.00,19.4158
2324.50,19.4026
2325.00,19.3726
2325.50,19.3324
2326.00,19.2879
2326.50,19.2403
2327.00,19.1883
2327.50,19.1334
2328.00,19.0833
2328.50,19.0485
2329.00,19.0348
2329.50,19.0391
2330.00,19.0502
2330.50,19.0552
2331.00,19.0451
2331.50,19.0197
2332.00,18.9886
2332.50,18.9679
2333.00,18.9706
2333.50,18.9993
2334.00,19.0428
2334.50,19.0855
2335.00,19.1186
2335.50,19.1465
2336.00,19.1800
2336.50,19.2238
2337.00,19.2701
2337.50,19.3036
2338.00,19.3144
2338.50,19.3048
2339.00,19.2881
2339.50,19.2780
2340.00,19.2800
2340.50,19.2900
2341.00,19.3004
2341.50,19.3060
2342.00,19.3060
2342.50,19.3024
2343.00,19.2964
2343.50,19.2884
2344.00,19.2787
2344.50,19.2690
2345.00,19.2619
2345.50,19.2583
2346.00,19.2563
2346.50,19.2536
2347.00,19.2508
2347.50,19.2511
2348.00,19.2568
2348.50,19.2679
2349.00,19.2839
2349.50,19.3044
2350.00,19.3270
2350.50,19.3445
2351.00,19.3490
2351.50,19.3395
2352.00,19.3235
2352.50,19.3123
2353.00,19.3131
2353.50,19.3260
2354.00,19.3449
2354.50,19.3624
2355.00,19.3734
2355.50,19.3747
2356.00,19.3631
2356.50,19.3359
2357.00,19.2945
2357.50,19.2469
2358.00,19.2054
2358.50,19.1811
2359.00,19.1779
2359.50,19.1895
2360.00,19.2024
2360.50,19.2028
2361.00,19.1848
2361.50,19.1521
2362.00,19.1135
2362.50,19.0765
2363.00,19.0454
2363.50,19.0232
2364.00,19.0109
2364.50,19.0064
2365.00,19.0034
2365.50,18.9942
2366.00,18.9746
2366.50,18.9483
2367.00,18.9264
2367.50,18.9215
2368.00,18.9397
2368.50,18.9743
2369.00,19.0090
2369.50,19.0284
2370.00,19.0291
2370.50,19.0226
2371.00,19.0255
2371.50,19.0477
2372.00,19.0871
2372.50,19.1329
2373.00,19.1737
2373.50,19.2022
2374.00,19.2166
2374.50,19.2200
2375.00,19.2190
2375.50,19.2200
2376.00,19.2250
2376.50,19.2317
2377.00,19.2369
2377.50,19.2390
2378.00,19.2372
2378.50,19.2301
2379.00,19.2172
2379.50,19.2007
2380.00,19.1861
2380.50,19.1792
2381.00,19.1825
2381.50,19.1933
2382.00,19.2046
2382.50,19.2091
2383.00,19.2047
2383.50,19.1979
2384.00,19.1999
2384.50,19.2183
2385.00,19.2502
2385.50,19.2856
2386.00,19.3158
2386.50,19.3394
2387.00,19.3603
2387.50,19.3786
2388.00,19.3888
2388.50,19.3834
2389.00,19.3620
2389.50,19.3327
2390.00,19.3091
2390.50,19.3017
2391.00,19.3122
2391.50,19.3339
2392.00,19.3557
2392.50,19.3683
2393.00,19.3685
2393.50,19.3594
2394.00,19.3466
2394.50,19.3336
2395.00,19.3207
2395.50,19.3075
2396.00,19.2955
2396.50,19.2868
2397.00,19.2824
2397.50,19.2813
2398.00,19.2831
2398.50,19.2901
2399.00,19.3052
2399.50,19.3285
2400.00,19.3559
2400.50,19.3812
2401.00,19.3991
2401.50,19.4063
2402.00,19.4014
2402.50,19.3859
2403.00,19.3645
2403.50,19.3440
2404.00,19.3313
2404.50,19.3324
2405.00,19.3509
2405.50,19.3847
2406.00,19.4235
2406.50,19.4543
2407.00,19.4704
2407.50,19.4754
2408.00,19.4775
2408.50,19.4811
2409.00,19.4846
2409.50,19.4839
2410.00,19.4772
2410.50,19.4654
2411.00,19.4524
2411.50,19.4442
2412.00,19.4472
2412.50,19.4627
2413.00,19.4840
2413.50,19.4996
2414.00,19.5020
2414.50,19.4934
2415.00,19.4824
2415.50,19.4746
2416.00,19.4686
2416.50,19.4609
2417.00,19.4510
2417.50,19.4422
2418.00,19.4375
2418.50,19.4376
2419.00,19.4427
2419.50,19.4530
2420.00,19.4667
2420.50,19.4801
2421.00,19.4913
2421.50,19.5015
2422.00,19.5134
2422.50,19.5278
2423.00,19.5428
2423.50,19.5542
2424.00,19.5571
2424.50,19.5493
2425.00,19.5331
2425.50,19.5152
2426.00,19.5023
2426.50,19.4970
2427.00,19.4997
2427.50,19.5096
2428.00,19.5245
2428.50,19.5408
2429.00,19.5552
2429.50,19.5669
2430.00,19.5763
2430.50,19.5821
2431.00,19.5823
2431.50,19.5773
2432.00,19.5716
2432.50,19.5703
2433.00,19.5733
2433.50,19.5747
2434.00,19.5678
2434.50,19.5505
2435.00,19.5263
2435.50,19.5018
2436.00,19.4849
2436.50,19.4830
2437.00,19.4997
2437.50,19.5323
2438.00,19.5719
2438.50,19.6085
2439.00,19.6357
2439.50,19.6520
2440.00,19.6587
2440.50,19.6577
2441.00,19.6504
2441.50,19.6377
2442.00,19.6200
2442.50,19.5967
2443.00,19.5684
2443.50,19.5386
2444.00,19.5134
2444.50,19.4987
2445.00,19.4957
2445.50,19.4994
2446.00,19.5016
2446.50,19.4948
2447.00,19.4780
2447.50,19.4562
2448.00,19.4365
2448.50,19.4231
2449.00,19.4157
2449.50,19.4129
2450.00,19.4132
2450.50,19.4139
2451.00,19.4110
2451.50,19.4024
2452.00,19.3908
2452.50,19.3812
2453.00,19.3769
2453.50,19.3781
2454.00,19.3829
2454.50,19.3884
2455.00,19.3907
2455.50,19.3880
2456.00,19.3828
2456.50,19.3832
2457.00,19.3971
2457.50,19.4264
2458.00,19.4646
2458.50,19.5005
2459.00,19.5254
2459.50,19.5366
2460.00,19.5365
2460.50,19.5284
2461.00,19.5141
2461.50,19.4950
2462.00,19.4729
2462.50,19.4493
2463.00,19.4256
2463.50,19.4029
2464.00,19.3827
2464.50,19.3672
2465.00,19.3592
2465.50,19.3612
2466.00,19.3735
2466.50,19.3936
2467.00,19.4166
2467.50,19.4365
2468.00,19.4484
2468.50,19.4509
2469.00,19.4477
2469.50,19.4465
2470.00,19.4544
2470.50,19.4724
2471.00,19.4944
2471.50,19.5099
2472.00,19.5110
2472.50,19.4970
2473.00,19.4738
2473.50,19.4495
2474.00,19.4320
2474.50,19.4276
2475.00,19.4398
2475.50,19.4681
2476.00,19.5078
2476.50,19.5517
2477.00,19.5922
2477.50,19.6228
2478.00,19.6401
2478.50,19.6452
2479.00,19.6428
2479.50,19.6372
2480.00,19.6307
2480.50,19.6238
2481.00,19.6164
2481.50,19.6082
2482.00,19.5997
2482.50,19.5927
2483.00,19.5895
2483.50,19.5915
2484.00,19.5987
2484.50,19.6105
2485.00,19.6251
2485.50,19.6383
2486.00,19.6435
2486.50,19.6347
2487.00,19.6116
2487.50,19.5823
2488.00,19.5606
2488.50,19.5606
2489.00,19.5893
2489.50,19.6417
2490.00,19.7017
2490.50,19.7509
2491.00,19.7781
2491.50,19.7831
2492.00,19.7737
2492.50,19.7599
2493.00,19.7484
2493.50,19.7418
2494.00,19.7384
2494.50,19.7356
2495.00,19.7318
2495.50,19.7272
2496.00,19.7224
2496.50,19.7173
2497.00,19.7111
2497.50,19.7043
2498.00,19.6994
2498.50,19.6984
2499.00,19.6993
2499.50,19.6948
2500.00,19.6770
2500.50,19.6429
2501.00,19.5970
2501.50,19.5495
2502.00,19.5127
2502.50,19.4970
2503.00,19.5063
2503.50,19.5351
2504.00,19.5688
2504.50,19.5914
2505.00,19.5960
2505.50,19.5877
2506.00,19.5768
2506.50,19.5697
2507.00,19.5651
2507.50,19.5584
2508.00,19.5459
2508.50,19.5284
2509.00,19.5092
2509.50,19.4922
2510.00,19.4802
2510.50,19.4755
2511.00,19.4805
2511.50,19.4963
2512.00,19.5194
2512.50,19.5424
2513.00,19.5571
2513.50,19.5597
2514.00,19.5521
2514.50,19.5407
2515.00,19.5327
2515.50,19.5332
2516.00,19.5434
2516.50,19.5602
2517.00,19.5784
2517.50,19.5936
2518.00,19.6046
2518.50,19.6130
2519.00,19.6209
2519.50,19.6281
2520.00,19.6307
2520.50,19.6234
2521.00,19.6054
2521.50,19.5819
2522.00,19.5603
2522.50,19.5445
2523.00,19.5340
2523.50,19.5282
2524.00,19.5298
2524.50,19.5408
2525.00,19.5587
2525.50,19.5763
2526.00,19.5867
2526.50,19.5869
2527.00,19.5774
2527.50,19.5594
2528.00,19.5357
2528.50,19.5107
2529.00,19.4890
2529.50,19.4731
2530.00,19.4627
2530.50,19.4582
2531.00,19.4624
2531.50,19.4790
2532.00,19.5074
2532.50,19.5410
2533.00,19.5699
2533.50,19.5864
2534.00,19.5886
2534.50,19.5795
2535.00,19.5648
2535.50,19.5503
2536.00,19.5412
2536.50,19.5396
2537.00,19.5447
2537.50,19.5530
2538.00,19.5624
2538.50,19.5725
2539.00,19.5837
2539.50,19.5942
2540.00,19.6006
2540.50,19.6009
2541.00,19.5972
2541.50,19.5949
2542.00,19.5993
2542.50,19.6107
2543.00,19.6244
2543.50,19.6347
2544.00,19.6395
2544.50,19.6411
2545.00,19.6427
2545.50,19.6468
2546.00,19.6540
2546.50,19.6620
2547.00,19.6669
2547.50,19.6665
2548.00,19.6626
2548.50,19.6572
2549.00,19.6488
2549.50,19.6328
2550.00,19.6073
2550.50,19.5758
2551.00,19.5441
2551.50,19.5168
2552.00,19.4955
2552.50,19.4801
2553.00,19.4709
2553.50,19.4675
2554.00,19.4693
2554.50,19.4745
2555.00,19.4822
2555.50,19.4924
2556.00,19.5051
2556.50,19.5182
2557.00,19.5281
2557.50,19.5316
2558.00,19.5285
2558.50,19.5234
2559.00,19.5229
2559.50,19.5321
2560.00,19.5502
2560.50,19.5707
2561.00,19.5838
2561.50,19.5818
2562.00,19.5640
2562.50,19.5389
2563.00,19.5205
2563.50,19.5197
2564.00,19.5378
2564.50,19.5671
2565.00,19.5977
2565.50,19.6228
2566.00,19.6393
2566.50,19.6449
2567.00,19.6384
2567.50,19.6213
2568.00,19.6000
2568.50,19.5828
2569.00,19.5737
2569.50,19.5708
2570.00,19.5707
2570.50,19.5744
2571.00,19.5875
2571.50,19.6134
2572.00,19.6469
2572.50,19.6765
2573.00,19.6911
2573.50,19.6866
2574.00,19.6664
2574.50,19.6395
2575.00,19.6151
2575.50,19.5979
2576.00,19.5874
2576.50,19.5796
2577.00,19.5715
2577.50,19.5628
2578.00,19.5556
2578.50,19.5527
2579.00,19.5563
2579.50,19.5656
2580.00,19.5755
2580.50,19.5776
2581.00,19.5648
2581.50,19.5377
2582.00,19.5053
2582.50,19.4804
2583.00,19.4707
2583.50,19.4739
2584.00,19.4808
2584.50,19.4825
2585.00,19.4781
2585.50,19.4736
2586.00,19.4749
2586.50,19.4820
2587.00,19.4903
2587.50,19.4970
2588.00,19.5032
2588.50,19.5120
2589.00,19.5249
2589.50,19.5405
2590.00,19.5552
2590.50,19.5655
2591.00,19.5707
2591.50,19.5745
2592.00,19.5826
2592.50,19.5975
2593.00,19.6168
2593.50,19.6353
2594.00,19.6504
2594.50,19.6645
2595.00,19.6823
2595.50,19.7056
2596.00,19.7321
2596.50,19.7580
2597.00,19.7812
2597.50,19.8011
2598.00,19.8173
2598.50,19.8279
2599.00,19.8304
2599.50,19.8245
2600.00,19.8136
2600.50,19.8025
2601.00,19.7937
2601.50,19.7861
2602.00,19.7785
2602.50,19.7720
2603.00,19.7688
2603.50,19.7700
2604.00,19.7733
2604.50,19.7759
2605.00,19.7761
2605.50,19.7745
2606.00,19.7732
2606.50,19.7733
2607.00,19.7748
2607.50,19.7763
2608.00,19.7772
2608.50,19.7782
2609.00,19.7815
2609.50,19.7887
2610.00,19.7994
2610.50,19.8117
2611.00,19.8240
2611.50,19.8362
2612.00,19.8493
2612.50,19.8616
2613.00,19.8674
2613.50,19.8584
2614.00,19.8318
2614.50,19.7949
2615.00,19.7630
2615.50,19.7502
2616.00,19.7605
2616.50,19.7865
2617.00,19.8150
2617.50,19.8360
2618.00,19.8480
2618.50,19.8562
2619.00,19.8673
2619.50,19.8836
2620.00,19.9019
2620.50,19.9168
2621.00,19.9252
2621.50,19.9255
2622.00,19.9168
2622.50,19.8992
2623.00,19.8779
2623.50,19.8633
2624.00,19.8638
2624.50,19.8799
2625.00,19.9037
2625.50,19.9258
2626.00,19.9407
2626.50,19.9482
2627.00,19.9512
2627.50,19.9534
2628.00,19.9570
2628.50,19.9613
2629.00,19.9635
2629.50,19.9601
2630.00,19.9504
2630.50,19.9376
2631.00,19.9272
2631.50,19.9230
2632.00,19.9237
2632.50,19.9249
2633.00,19.9219
2633.50,19.9122
2634.00,19.8965
2634.50,19.8775
2635.00,19.8580
2635.50,19.8417
2636.00,19.8321
2636.50,19.8310
2637.00,19.8371
2637.50,19.8451
2638.00,19.8480
2638.50,19.8410
2639.00,19.8248
2639.50,19.8057
2640.00,19.7926
2640.50,19.7916
2641.00,19.8028
2641.50,19.8218
2642.00,19.8438
2642.50,19.8667
2643.00,19.8907
2643.50,19.9160
2644.00,19.9414
2644.50,19.9664
2645.00,19.9918
2645.50,20.0179
2646.00,20.0416
2646.50,20.0564
2647.00,20.0559
2647.50,20.0385
2648.00,20.0086
2648.50,19.9749
2649.00,19.9455
2649.50,19.9243
2650.00,19.9103
2650.50,19.9012
2651.00,19.8953
2651.50,19.8920
2652.00,19.8912
2652.50,19.8932
2653.00,19.8996
2653.50,19.9127
2654.00,19.9331
2654.50,19.9571
2655.00,19.9792
2655.50,19.9957
2656.00,20.0064
2656.50,20.0123
2657.00,20.0118
2657.50,20.0012
2658.00,19.9774
2658.50,19.9428
2659.00,19.9059
2659.50,19.8768
2660.00,19.8597
2660.50,19.8500
2661.00,19.8390
2661.50,19.8219
2662.00,19.8018
2662.50,19.7876
2663.00,19.7867
2663.50,19.8006
2664.00,19.8239
2664.50,19.8489
2665.00,19.8702
2665.50,19.8871
2666.00,19.9011
2666.50,19.9119
2667.00,19.9170
2667.50,19.9135
2668.00,19.9016
2668.50,19.8844
2669.00,19.8647
2669.50,19.8426
2670.00,19.8163
2670.50,19.7865
2671.00,19.7581
2671.50,19.7390
2672.00,19.7356
2672.50,19.7501
2673.00,19.7794
2673.50,19.8167
2674.00,19.8535
2674.50,19.8815
2675.00,19.8936
2675.50,19.8862
2676.00,19.8629
2676.50,19.8350
2677.00,19.8155
2677.50,19.8111
2678.00,19.8196
2678.50,19.8344
2679.00,19.8492
2679.50,19.8591
2680.00,19.8610
2680.50,19.8556
2681.00,19.8486
2681.50,19.8463
2682.00,19.8502
2682.50,19.8543
2683.00,19.8521
2683.50,19.8432
2684.00,19.8332
2684.50,19.8268
2685.00,19.8222
2685.50,19.8142
2686.00,19.8013
2686.50,19.7878
2687.00,19.7789
2687.50,19.7758
2688.00,19.7769
2688.50,19.7797
2689.00,19.7818
2689.50,19.7807
2690.00,19.7743
2690.50,19.7634
2691.00,19.7509
2691.50,19.7386
2692.00,19.7264
2692.50,19.7132
2693.00,19.6981
2693.50,19.6811
2694.00,19.6649
2694.50,19.6561
2695.00,19.6624
2695.50,19.6867
2696.00,19.7235
2696.50,19.7603
2697.00,19.7846
2697.50,19.7897
2698.00,19.7787
2698.50,19.7611
2699.00,19.7459
2699.50,19.7362
2700.00,19.7292
2700.50,19.7216
2701.00,19.7142
2701.50,19.7118
2702.00,19.7193
2702.50,19.7375
2703.00,19.7618
2703.50,19.7836
2704.00,19.7944
2704.50,19.7902
2705.00,19.7746
2705.50,19.7558
2706.00,19.7409
2706.50,19.7336
2707.00,19.7334
2707.50,19.7384
2708.00,19.7463
2708.50,19.7566
2709.00,19.7703
2709.50,19.7882
2710.00,19.8079
2710.50,19.8240
2711.00,19.8305
2711.50,19.8268
2712.00,19.8192
2712.50,19.8162
2713.00,19.8217
2713.50,19.8322
2714.00,19.8405
2714.50,19.8422
2715.00,19.8382
2715.50,19.8320
2716.00,19.8277
2716.50,19.8279
2717.00,19.8328
2717.50,19.8394
2718.00,19.8437
2718.50,19.8430
2719.00,19.8372
2719.50,19.8268
2720.00,19.8128
2720.50,19.7979
2721.00,19.7874
2721.50,19.7856
2722.00,19.7919
2722.50,19.7996
2723.00,19.8019
2723.50,19.7967
2724.00,19.7860
2724.50,19.7719
2725.00,19.7558
2725.50,19.7407
2726.00,19.7336
2726.50,19.7407
2727.00,19.7625
2727.50,19.7927
2728.00,19.8212
2728.50,19.8382
2729.00,19.8374
2729.50,19.8192
2730.00,19.7904
2730.50,19.7610
2731.00,19.7380
2731.50,19.7215
2732.00,19.7078
2732.50,19.6969
2733.00,19.6938
2733.50,19.7039
2734.00,19.7274
2734.50,19.7580
2735.00,19.7876
2735.50,19.8101
2736.00,19.8217
2736.50,19.8215
2737.00,19.8129
2737.50,19.8027
2738.00,19.7988
2738.50,19.8056
2739.00,19.8224
2739.50,19.8430
2740.00,19.8583
2740.50,19.8608
2741.00,19.8507
2741.50,19.8362
2742.00,19.8281
2742.50,19.8310
2743.00,19.8413
2743.50,19.8527
2744.00,19.8623
2744.50,19.8700
2745.00,19.8749
2745.50,19.8748
2746.00,19.8691
2746.50,19.8613
2747.00,19.8580
2747.50,19.8639
2748.00,19.8777
2748.50,19.8929
2749.00,19.9010
2749.50,19.8967
2750.00,19.8794
2750.50,19.8553
2751.00,19.8345
2751.50,19.8269
2752.00,19.8356
2752.50,19.8544
2753.00,19.8727
2753.50,19.8816
2754.00,19.8786
2754.50,19.8665
2755.00,19.8515
2755.50,19.8406
2756.00,19.8396
2756.50,19.8504
2757.00,19.8681
2757.50,19.8835
2758.00,19.8893
2758.50,19.8852
2759.00,19.8783
2759.50,19.8763
2760.00,19.8804
2760.50,19.8848
2761.00,19.8829
2761.50,19.8732
2762.00,19.8604
2762.50,19.8508
2763.00,19.8479
2763.50,19.8510
2764.00,19.8566
2764.50,19.8613
2765.00,19.8644
2765.50,19.8664
2766.00,19.8675
2766.50,19.8661
2767.00,19.8608
2767.50,19.8527
2768.00,19.8462
2768.50,19.8459
2769.00,19.8518
2769.50,19.8579
2770.00,19.8560
2770.50,19.8406
2771.00,19.8134
2771.50,19.7832
2772.00,19.7623
2772.50,19.7604
2773.00,19.7808
2773.50,19.8181
2774.00,19.8626
2774.50,19.9044
2775.00,19.9379
2775.50,19.9624
2776.00,19.9800
2776.50,19.9939
2777.00,20.0046
2777.50,20.0093
2778.00,20.0049
2778.50,19.9920
2779.00,19.9768
2779.50,19.9670
2780.00,19.9648
2780.50,19.9674
2781.00,19.9704
2781.50,19.9726
2782.00,19.9742
2782.50,19.9749
2783.00,19.9728
2783.50,19.9677
2784.00,19.9616
2784.50,19.9576
2785.00,19.9567
2785.50,19.9562
2786.00,19.9512
2786.50,19.9383
2787.00,19.9185
2787.50,19.8976
2788.00,19.8825
2788.50,19.8772
2789.00,19.8815
2789.50,19.8912
2790.00,19.8985
2790.50,19.8950
2791.00,19.8777
2791.50,19.8511
2792.00,19.8239
2792.50,19.8025
2793.00,19.7876
2793.50,19.7756
2794.00,19.7630
2794.50,19.7483
2795.00,19.7317
2795.50,19.7141
2796.00,19.6969
2796.50,19.6823
2797.00,19.6721
2797.50,19.6657
2798.00,19.6610
2798.50,19.6565
2799.00,19.6532
2799.50,19.6533
2800.00,19.6591
2800.50,19.6721
2801.00,19.6907
2801.50,19.7090
2802.00,19.7196
2802.50,19.7189
2803.00,19.7099
2803.50,19.6988
2804.00,19.6906
2804.50,19.6872
2805.00,19.6905
2805.50,19.7032
2806.00,19.7257
2806.50,19.7526
2807.00,19.7745
2807.50,19.7842
2808.00,19.7806
2808.50,19.7693
2809.00,19.7587
2809.50,19.7552
2810.00,19.7593
2810.50,19.7654
2811.00,19.7670
2811.50,19.7617
2812.00,19.7532
2812.50,19.7475
2813.00,19.7491
2813.50,19.7606
2814.00,19.7833
2814.50,19.8166
2815.00,19.8558
2815.50,19.8924
2816.00,19.9172
2816.50,19.9251
2817.00,19.9177
2817.50,19.9028
2818.00,19.8906
2818.50,19.8883
2819.00,19.8962
2819.50,19.9077
2820.00,19.9131
2820.50,19.9058
2821.00,19.8873
2821.50,19.8667
2822.00,19.8540
2822.50,19.8519
2823.00,19.8545
2823.50,19.8524
2824.00,19.8400
2824.50,19.8183
2825.00,19.7930
2825.50,19.7709
2826.00,19.7558
2826.50,19.7478
2827.00,19.7460
2827.50,19.7511
2828.00,19.7655
2828.50,19.7889
2829.00,19.8160
2829.50,19.8389
2830.00,19.8532
2830.50,19.8599
2831.00,19.8643
2831.50,19.8706
2832.00,19.8789
2832.50,19.8862
2833.00,19.8907
2833.50,19.8953
2834.00,19.9035
2834.50,19.9148
2835.00,19.9234
2835.50,19.9228
2836.00,19.9120
2836.50,19.8979
2837.00,19.8893
2837.50,19.8916
2838.00,19.9026
2838.50,19.9149
2839.00,19.9195
2839.50,19.9116
2840.00,19.8932
2840.50,19.8725
2841.00,19.8591
2841.50,19.8590
2842.00,19.8725
2842.50,19.8941
2843.00,19.9150
2843.50,19.9264
2844.00,19.9229
2844.50,19.9046
2845.00,19.8761
2845.50,19.8442
2846.00,19.8155
2846.50,19.7952
2847.00,19.7861
2847.50,19.7899
2848.00,19.8058
2848.50,19.8295
2849.00,19.8538
2849.50,19.8723
2850.00,19.8824
2850.50,19.8868
2851.00,19.8911
2851.50,19.8980
2852.00,19.9038
2852.50,19.9006
2853.00,19.8850
2853.50,19.8642
2854.00,19.8522
2854.50,19.8594
2855.00,19.8843
2855.50,19.9165
2856.00,19.9462
2856.50,19.9697
2857.00,19.9883
2857.50,20.0035
2858.00,20.0145
2858.50,20.0197
