0.00,0.0000
0.50,0.3097
1.00,0.6696
1.50,1.0352
2.00,1.3672
2.50,1.6434
3.00,1.8602
3.50,2.0264
4.00,2.1583
4.50,2.2755
5.00,2.3965
5.50,2.5330
6.00,2.6836
6.50,2.8374
7.00,2.9814
7.50,3.1079
8.00,3.2139
8.50,3.2987
9.00,3.3645
9.50,3.4172
10.00,3.4634
10.50,3.5068
11.00,3.5484
11.50,3.5907
12.00,3.6387
12.50,3.6933
13.00,3.7458
13.50,3.7847
14.00,3.8083
14.50,3.8306
15.00,3.8696
15.50,3.9310
16.00,4.0025
16.50,4.0630
17.00,4.0968
17.50,4.1008
18.00,4.0839
18.50,4.0605
19.00,4.0452
19.50,4.0488
20.00,4.0753
20.50,4.1200
21.00,4.1689
21.50,4.2051
22.00,4.2186
22.50,4.2157
23.00,4.2186
23.50,4.2519
24.00,4.3224
24.50,4.4097
25.00,4.4801
25.50,4.5127
26.00,4.5156
26.50,4.5173
27.00,4.5443
27.50,4.6023
28.00,4.6768
28.50,4.7476
29.00,4.8046
29.50,4.8515
30.00,4.8973
30.50,4.9427
31.00,4.9771
31.50,4.9883
32.00,4.9755
32.50,4.9514
33.00,4.9321
33.50,4.9274
34.00,4.9392
34.50,4.9644
35.00,4.9967
35.50,5.0274
36.00,5.0486
36.50,5.0560
37.00,5.0513
37.50,5.0419
38.00,5.0385
38.50,5.0504
39.00,5.0829
39.50,5.1370
40.00,5.2093
40.50,5.2899
41.00,5.3644
41.50,5.4207
42.00,5.4534
42.50,5.4645
43.00,5.4587
43.50,5.4389
44.00,5.4055
44.50,5.3610
45.00,5.3177
45.50,5.2961
46.00,5.3112
46.50,5.3570
47.00,5.4089
47.50,5.4427
48.00,5.4535
48.50,5.4566
49.00,5.4706
49.50,5.5012
50.00,5.5419
50.50,5.5863
51.00,5.6365
51.50,5.6940
52.00,5.7480
52.50,5.7776
53.00,5.7694
53.50,5.7321
54.00,5.6919
54.50,5.6715
55.00,5.6757
55.50,5.6944
56.00,5.7150
56.50,5.7303
57.00,5.7376
57.50,5.7348
58.00,5.7218
58.50,5.7038
59.00,5.6927
59.50,5.7062
60.00,5.7635
60.50,5.8746
61.00,6.0261
61.50,6.1775
62.00,6.2794
62.50,6.3037
63.00,6.2610
63.50,6.1902
64.00,6.1300
64.50,6.0976
65.00,6.0875
65.50,6.0833
66.00,6.0721
66.50,6.0499
67.00,6.0223
67.50,6.0023
68.00,6.0068
68.50,6.0493
69.00,6.1306
69.50,6.2359
70.00,6.3392
70.50,6.4139
71.00,6.4430
71.50,6.4272
72.00,6.3872
72.50,6.3548
73.00,6.3557
73.50,6.3971
74.00,6.4669
74.50,6.5446
75.00,6.6127
75.50,6.6592
76.00,6.6736
76.50,6.6469
77.00,6.5806
77.50,6.4953
78.00,6.4270
78.50,6.4076
79.00,6.4442
79.50,6.5149
80.00,6.5863
80.50,6.6383
81.00,6.6757
81.50,6.7149
82.00,6.7616
82.50,6.7992
83.00,6.8029
83.50,6.7630
84.00,6.6946
84.50,6.6222
85.00,6.5584
85.50,6.5011
86.00,6.4505
86.50,6.4236
87.00,6.4439
87.50,6.5161
88.00,6.6150
88.50,6.7024
89.00,6.7558
89.50,6.7799
90.00,6.7926
90.50,6.8025
91.00,6.8023
91.50,6.7798
92.00,6.7384
92.50,6.7041
93.00,6.7104
93.50,6.7722
94.00,6.8729
94.50,6.9769
95.00,7.0552
95.50,7.1004
96.00,7.1224
96.50,7.1362
97.00,7.1535
97.50,7.1803
98.00,7.2166
98.50,7.2557
99.00,7.2869
99.50,7.3019
100.00,7.3019
100.50,7.2984
101.00,7.3026
101.50,7.3149
102.00,7.3261
102.50,7.3275
103.00,7.3162
103.50,7.2933
104.00,7.2614
104.50,7.2287
105.00,7.2097
105.50,7.2197
106.00,7.2638
106.50,7.3313
107.00,7.3988
107.50,7.4438
108.00,7.4606
108.50,7.4638
109.00,7.4750
109.50,7.5031
110.00,7.5381
110.50,7.5608
111.00,7.5571
111.50,7.5252
112.00,7.4767
112.50,7.4295
113.00,7.3991
113.50,7.3903
114.00,7.4006
114.50,7.4280
115.00,7.4742
115.50,7.5385
116.00,7.6132
116.50,7.6856
117.00,7.7456
117.50,7.7895
118.00,7.8187
118.50,7.8354
119.00,7.8418
119.50,7.8438
120.00,7.8522
120.50,7.8772
121.00,7.9176
121.50,7.9580
122.00,7.9780
122.50,7.9648
123.00,7.9205
123.50,7.8618
124.00,7.8145
124.50,7.8030
125.00,7.8366
125.50,7.9048
126.00,7.9855
126.50,8.0594
127.00,8.1158
127.50,8.1487
128.00,8.1539
128.50,8.1313
129.00,8.0871
129.50,8.0284
130.00,7.9554
130.50,7.8638
131.00,7.7593
131.50,7.6665
132.00,7.6204
132.50,7.6439
133.00,7.7316
133.50,7.8558
134.00,7.9869
134.50,8.1077
135.00,8.2100
135.50,8.2856
136.00,8.3279
136.50,8.3434
137.00,8.3556
137.50,8.3912
138.00,8.4565
138.50,8.5308
139.00,8.5807
139.50,8.5850
140.00,8.5474
140.50,8.4916
141.00,8.4436
141.50,8.4159
142.00,8.4017
142.50,8.3839
143.00,8.3519
143.50,8.3149
144.00,8.2971
144.50,8.3186
145.00,8.3791
145.50,8.4589
146.00,8.5346
146.50,8.5913
147.00,8.6226
147.50,8.6263
148.00,8.6052
148.50,8.5704
149.00,8.5397
149.50,8.5264
150.00,8.5331
150.50,8.5550
151.00,8.5891
151.50,8.6373
152.00,8.7005
152.50,8.7714
153.00,8.8359
153.50,8.8791
154.00,8.8912
154.50,8.8690
155.00,8.8163
155.50,8.7451
156.00,8.6754
156.50,8.6300
157.00,8.6231
157.50,8.6515
158.00,8.6953
158.50,8.7294
159.00,8.7366
159.50,8.7167
160.00,8.6882
160.50,8.6806
161.00,8.7141
161.50,8.7833
162.00,8.8590
162.50,8.9128
163.00,8.9385
163.50,8.9497
164.00,8.9587
164.50,8.9631
165.00,8.9548
165.50,8.9375
166.00,8.9278
166.50,8.9386
167.00,8.9638
167.50,8.9819
168.00,8.9708
168.50,8.9231
169.00,8.8517
169.50,8.7864
170.00,8.7611
170.50,8.7949
171.00,8.8807
171.50,8.9895
172.00,9.0859
172.50,9.1442
173.00,9.1592
173.50,9.1495
174.00,9.1460
174.50,9.1696
175.00,9.2154
175.50,9.2568
176.00,9.2662
176.50,9.2324
177.00,9.1650
177.50,9.0875
178.00,9.0259
178.50,8.9999
179.00,9.0190
179.50,9.0825
180.00,9.1813
180.50,9.2991
181.00,9.4134
181.50,9.4997
182.00,9.5400
182.50,9.5314
183.00,9.4882
183.50,9.4358
184.00,9.3979
184.50,9.3860
185.00,9.3948
185.50,9.4089
186.00,9.4151
186.50,9.4116
187.00,9.4056
187.50,9.4015
188.00,9.3934
188.50,9.3729
189.00,9.3445
189.50,9.3284
190.00,9.3437
190.50,9.3899
191.00,9.4482
191.50,9.5010
192.00,9.5455
192.50,9.5869
193.00,9.6231
193.50,9.6411
194.00,9.6290
194.50,9.5891
195.00,9.5382
195.50,9.4996
196.00,9.4932
196.50,9.5293
197.00,9.6065
197.50,9.7130
198.00,9.8283
198.50,9.9269
199.00,9.9844
199.50,9.9880
200.00,9.9464
200.50,9.8883
201.00,9.8465
201.50,9.8379
202.00,9.8576
202.50,9.8871
203.00,9.9072
203.50,9.9062
204.00,9.8836
204.50,9.8507
205.00,9.8265
205.50,9.8281
206.00,9.8627
206.50,9.9257
207.00,10.0047
207.50,10.0872
208.00,10.1632
208.50,10.2248
209.00,10.2650
209.50,10.2816
210.00,10.2808
210.50,10.2749
211.00,10.2731
211.50,10.2726
212.00,10.2603
212.50,10.2242
213.00,10.1647
213.50,10.0972
214.00,10.0439
214.50,10.0205
215.00,10.0298
215.50,10.0619
216.00,10.1019
216.50,10.1403
217.00,10.1781
217.50,10.2234
218.00,10.2790
218.50,10.3368
219.00,10.3809
219.50,10.4010
220.00,10.4028
220.50,10.4080
221.00,10.4395
221.50,10.5014
222.00,10.5726
222.50,10.6225
223.00,10.6372
223.50,10.6292
224.00,10.6245
224.50,10.6397
225.00,10.6746
225.50,10.7184
226.00,10.7602
226.50,10.7912
227.00,10.8031
227.50,10.7904
228.00,10.7555
228.50,10.7105
229.00,10.6719
229.50,10.6508
230.00,10.6492
230.50,10.6650
231.00,10.6971
231.50,10.7413
232.00,10.7842
232.50,10.8079
233.00,10.8048
233.50,10.7858
234.00,10.7706
234.50,10.7710
235.00,10.7852
235.50,10.8049
236.00,10.8272
236.50,10.8567
237.00,10.8985
237.50,10.9472
238.00,10.9837
238.50,10.9863
239.00,10.9465
239.50,10.8787
240.00,10.8139
240.50,10.7815
241.00,10.7890
241.50,10.8189
242.00,10.8434
242.50,10.8476
243.00,10.8406
243.50,10.8424
244.00,10.8647
244.50,10.9019
245.00,10.9419
245.50,10.9767
246.00,11.0031
246.50,11.0181
247.00,11.0205
247.50,11.0170
248.00,11.0190
248.50,11.0302
249.00,11.0401
249.50,11.0345
250.00,11.0115
250.50,10.9856
251.00,10.9746
251.50,10.9843
252.00,11.0094
252.50,11.0452
253.00,11.0944
253.50,11.1616
254.00,11.2420
254.50,11.3204
255.00,11.3804
255.50,11.4154
256.00,11.4306
256.50,11.4367
257.00,11.4441
257.50,11.4583
258.00,11.4770
258.50,11.4898
259.00,11.4853
259.50,11.4640
260.00,11.4426
260.50,11.4411
261.00,11.4665
261.50,11.5096
262.00,11.5549
262.50,11.5919
263.00,11.6171
263.50,11.6284
264.00,11.6230
264.50,11.6004
265.00,11.5662
265.50,11.5322
266.00,11.5108
266.50,11.5098
267.00,11.5307
267.50,11.5687
268.00,11.6141
268.50,11.6528
269.00,11.6725
269.50,11.6709
270.00,11.6595
270.50,11.6575
271.00,11.6759
271.50,11.7091
272.00,11.7407
272.50,11.7587
273.00,11.7629
273.50,11.7587
274.00,11.7514
274.50,11.7463
275.00,11.7549
275.50,11.7915
276.00,11.8605
276.50,11.9457
277.00,12.0162
277.50,12.0464
278.00,12.0336
278.50,11.9963
279.00,11.9552
279.50,11.9161
280.00,11.8746
280.50,11.8333
281.00,11.8082
281.50,11.8146
282.00,11.8528
282.50,11.9082
283.00,11.9631
283.50,12.0054
284.00,12.0314
284.50,12.0463
285.00,12.0602
285.50,12.0783
286.00,12.0922
286.50,12.0843
287.00,12.0430
287.50,11.9773
288.00,11.9161
288.50,11.8917
289.00,11.9206
289.50,11.9934
290.00,12.0810
290.50,12.1517
291.00,12.1864
291.50,12.1822
292.00,12.1481
292.50,12.0985
293.00,12.0500
293.50,12.0189
294.00,12.0170
294.50,12.0476
295.00,12.1050
295.50,12.1783
296.00,12.2572
296.50,12.3342
297.00,12.4031
297.50,12.4572
298.00,12.4902
298.50,12.4983
299.00,12.4835
299.50,12.4561
300.00,12.4336
300.50,12.4317
301.00,12.4527
301.50,12.4847
302.00,12.5127
302.50,12.5327
303.00,12.5539
303.50,12.5875
304.00,12.6350
304.50,12.6866
305.00,12.7294
305.50,12.7569
306.00,12.7707
306.50,12.7785
307.00,12.7875
307.50,12.7991
308.00,12.8078
308.50,12.8053
309.00,12.7880
309.50,12.7583
310.00,12.7216
310.50,12.6835
311.00,12.6530
311.50,12.6445
312.00,12.6705
312.50,12.7296
313.00,12.8008
313.50,12.8534
314.00,12.8661
314.50,12.8422
315.00,12.8073
315.50,12.7913
316.00,12.8095
316.50,12.8561
317.00,12.9115
317.50,12.9556
318.00,12.9761
318.50,12.9720
319.00,12.9487
319.50,12.9126
320.00,12.8685
320.50,12.8226
321.00,12.7844
321.50,12.7640
322.00,12.7666
322.50,12.7919
323.00,12.8368
323.50,12.8981
324.00,12.9717
324.50,13.0500
325.00,13.1229
325.50,13.1805
326.00,13.2162
326.50,13.2250
327.00,13.2009
327.50,13.1384
328.00,13.0418
328.50,12.9362
329.00,12.8628
329.50,12.8538
330.00,12.9051
330.50,12.9759
331.00,13.0167
331.50,13.0025
332.00,12.9474
332.50,12.8920
333.00,12.8752
333.50,12.9110
334.00,12.9872
334.50,13.0827
335.00,13.1816
335.50,13.2719
336.00,13.3408
336.50,13.3773
337.00,13.3807
337.50,13.3613
338.00,13.3335
338.50,13.3085
339.00,13.2929
339.50,13.2911
340.00,13.3079
340.50,13.3466
341.00,13.4044
341.50,13.4690
342.00,13.5225
342.50,13.5509
343.00,13.5482
343.50,13.5147
344.00,13.4554
344.50,13.3834
345.00,13.3227
345.50,13.2995
346.00,13.3242
346.50,13.3824
347.00,13.4447
347.50,13.4864
348.00,13.4987
348.50,13.4868
349.00,13.4623
349.50,13.4368
350.00,13.4184
350.50,13.4113
351.00,13.4176
351.50,13.4401
352.00,13.4795
352.50,13.5300
353.00,13.5788
353.50,13.6140
354.00,13.6334
354.50,13.6464
355.00,13.6651
355.50,13.6935
356.00,13.7240
356.50,13.7450
357.00,13.7484
357.50,13.7322
358.00,13.6978
358.50,13.6464
359.00,13.5777
359.50,13.4950
360.00,13.4116
360.50,13.3527
361.00,13.3444
361.50,13.3960
362.00,13.4908
362.50,13.5939
363.00,13.6727
363.50,13.7109
364.00,13.7073
364.50,13.6700
365.00,13.6155
365.50,13.5678
366.00,13.5471
366.50,13.5558
367.00,13.5777
367.50,13.5939
368.00,13.5975
368.50,13.5967
369.00,13.6081
369.50,13.6467
370.00,13.7153
370.50,13.7991
371.00,13.8717
371.50,13.9113
372.00,13.9153
372.50,13.8998
373.00,13.8841
373.50,13.8767
374.00,13.8745
374.50,13.8739
375.00,13.8793
375.50,13.8983
376.00,13.9323
376.50,13.9737
377.00,14.0132
377.50,14.0477
378.00,14.0789
378.50,14.1062
379.00,14.1220
379.50,14.1143
380.00,14.0764
380.50,14.0147
381.00,13.9506
381.50,13.9128
382.00,13.9221
382.50,13.9781
383.00,14.0583
383.50,14.1308
384.00,14.1743
384.50,14.1891
385.00,14.1922
385.50,14.2018
386.00,14.2252
386.50,14.2585
387.00,14.2940
387.50,14.3273
388.00,14.3587
388.50,14.3882
389.00,14.4098
389.50,14.4137
390.00,14.3953
390.50,14.3617
391.00,14.3274
391.50,14.3045
392.00,14.2950
392.50,14.2925
393.00,14.2893
393.50,14.2847
394.00,14.2865
394.50,14.3037
395.00,14.3371
395.50,14.3762
396.00,14.4068
396.50,14.4213
397.00,14.4252
397.50,14.4331
398.00,14.4588
398.50,14.5055
399.00,14.5638
399.50,14.6176
400.00,14.6543
400.50,14.6713
401.00,14.6759
401.50,14.6782
402.00,14.6830
402.50,14.6841
403.00,14.6679
403.50,14.6222
404.00,14.5484
404.50,14.4677
405.00,14.4150
405.50,14.4197
406.00,14.4860
406.50,14.5871
407.00,14.6819
407.50,14.7406
408.00,14.7587
408.50,14.7532
409.00,14.7489
409.50,14.7649
410.00,14.8068
410.50,14.8648
411.00,14.9185
411.50,14.9500
412.00,14.9536
412.50,14.9354
413.00,14.9055
413.50,14.8714
414.00,14.8389
414.50,14.8155
415.00,14.8116
415.50,14.8365
416.00,14.8913
416.50,14.9639
417.00,15.0314
417.50,15.0732
418.00,15.0821
418.50,15.0665
419.00,15.0420
419.50,15.0223
420.00,15.0135
420.50,15.0152
421.00,15.0246
421.50,15.0398
422.00,15.0606
422.50,15.0836
423.00,15.1001
423.50,15.0998
424.00,15.0787
424.50,15.0455
425.00,15.0190
425.50,15.0185
426.00,15.0521
426.50,15.1119
427.00,15.1773
427.50,15.2260
428.00,15.2448
428.50,15.2365
429.00,15.2160
429.50,15.1995
430.00,15.1971
430.50,15.2102
431.00,15.2359
431.50,15.2676
432.00,15.2953
432.50,15.3072
433.00,15.2941
433.50,15.2565
434.00,15.2075
434.50,15.1664
435.00,15.1465
435.50,15.1492
436.00,15.1691
436.50,15.2029
437.00,15.2500
437.50,15.3034
438.00,15.3469
438.50,15.3656
439.00,15.3602
439.50,15.3494
440.00,15.3580
440.50,15.3998
441.00,15.4679
441.50,15.5378
442.00,15.5833
442.50,15.5916
443.00,15.5675
443.50,15.5252
444.00,15.4799
444.50,15.4468
445.00,15.4399
445.50,15.4658
446.00,15.5173
446.50,15.5752
447.00,15.6188
447.50,15.6375
448.00,15.6374
448.50,15.6360
449.00,15.6491
449.50,15.6784
450.00,15.7124
450.50,15.7370
451.00,15.7455
451.50,15.7425
452.00,15.7389
452.50,15.7446
453.00,15.7608
453.50,15.7790
454.00,15.7884
454.50,15.7850
455.00,15.7741
455.50,15.7639
456.00,15.7592
456.50,15.7593
457.00,15.7620
457.50,15.7682
458.00,15.7824
458.50,15.8085
459.00,15.8457
459.50,15.8880
460.00,15.9282
460.50,15.9610
461.00,15.9837
461.50,15.9941
462.00,15.9887
462.50,15.9661
463.00,15.9339
463.50,15.9094
464.00,15.9104
464.50,15.9408
465.00,15.9868
465.50,16.0259
466.00,16.0432
466.50,16.0411
467.00,16.0347
467.50,16.0397
468.00,16.0604
468.50,16.0887
469.00,16.1130
469.50,16.1277
470.00,16.1368
470.50,16.1476
471.00,16.1632
471.50,16.1798
472.00,16.1909
472.50,16.1935
473.00,16.1902
473.50,16.1872
474.00,16.1906
474.50,16.2047
475.00,16.2301
475.50,16.2610
476.00,16.2842
476.50,16.2849
477.00,16.2577
477.50,16.2135
478.00,16.1737
478.50,16.1555
479.00,16.1590
479.50,16.1682
480.00,16.1654
480.50,16.1453
481.00,16.1179
481.50,16.1008
482.00,16.1085
482.50,16.1455
483.00,16.2042
483.50,16.2667
484.00,16.3126
484.50,16.3310
485.00,16.3273
485.50,16.3171
486.00,16.3111
486.50,16.3068
487.00,16.2940
487.50,16.2692
488.00,16.2408
488.50,16.2222
489.00,16.2211
489.50,16.2347
490.00,16.2531
490.50,16.2664
491.00,16.2690
491.50,16.2613
492.00,16.2510
492.50,16.2503
493.00,16.2678
493.50,16.3004
494.00,16.3361
494.50,16.3650
495.00,16.3877
495.50,16.4117
496.00,16.4408
496.50,16.4703
497.00,16.4897
497.50,16.4916
498.00,16.4769
498.50,16.4551
499.00,16.4379
499.50,16.4334
500.00,16.4429
500.50,16.4617
501.00,16.4836
501.50,16.5042
502.00,16.5216
502.50,16.5356
503.00,16.5480
503.50,16.5617
504.00,16.5791
504.50,16.5991
505.00,16.6171
505.50,16.6297
506.00,16.6385
506.50,16.6493
507.00,16.6656
507.50,16.6838
508.00,16.6949
508.50,16.6942
509.00,16.6880
509.50,16.6889
510.00,16.7027
510.50,16.7205
511.00,16.7261
511.50,16.7146
512.00,16.7006
512.50,16.7093
513.00,16.7557
513.50,16.8342
514.00,16.9222
514.50,16.9952
515.00,17.0369
515.50,17.0432
516.00,17.0208
516.50,16.9818
517.00,16.9393
517.50,16.9027
518.00,16.8764
518.50,16.8611
519.00,16.8563
519.50,16.8620
520.00,16.8783
520.50,16.9038
521.00,16.9355
521.50,16.9664
522.00,16.9861
522.50,16.9854
523.00,16.9640
523.50,16.9337
524.00,16.9117
524.50,16.9128
525.00,16.9436
525.50,17.0001
526.00,17.0681
526.50,17.1262
527.00,17.1546
527.50,17.1474
528.00,17.1179
528.50,17.0918
529.00,17.0903
529.50,17.1171
530.00,17.1593
530.50,17.1992
531.00,17.2250
531.50,17.2337
532.00,17.2270
532.50,17.2073
533.00,17.1783
533.50,17.1462
534.00,17.1184
534.50,17.0975
535.00,17.0776
535.50,17.0516
536.00,17.0222
536.50,17.0048
537.00,17.0155
537.50,17.0579
538.00,17.1202
538.50,17.1844
539.00,17.2360
539.50,17.2709
540.00,17.2945
540.50,17.3142
541.00,17.3315
541.50,17.3405
542.00,17.3354
542.50,17.3198
543.00,17.3086
543.50,17.3200
544.00,17.3617
544.50,17.4240
545.00,17.4831
545.50,17.5148
546.00,17.5094
546.50,17.4759
547.00,17.4340
547.50,17.4004
548.00,17.3815
548.50,17.3756
549.00,17.3763
549.50,17.3746
550.00,17.3602
550.50,17.3296
551.00,17.2914
551.50,17.2632
552.00,17.2578
552.50,17.2759
553.00,17.3094
553.50,17.3528
554.00,17.4068
554.50,17.4720
555.00,17.5388
555.50,17.5873
556.00,17.5995
556.50,17.5723
557.00,17.5234
557.50,17.4836
558.00,17.4795
558.50,17.5141
559.00,17.5613
559.50,17.5817
560.00,17.5519
560.50,17.4820
561.00,17.4063
561.50,17.3592
562.00,17.3565
562.50,17.3955
563.00,17.4631
563.50,17.5425
564.00,17.6158
564.50,17.6653
565.00,17.6791
565.50,17.6567
566.00,17.6139
566.50,17.5769
567.00,17.5698
567.50,17.6019
568.00,17.6647
568.50,17.7355
569.00,17.7887
569.50,17.8080
570.00,17.7966
570.50,17.7754
571.00,17.7699
571.50,17.7944
572.00,17.8446
572.50,17.9008
573.00,17.9389
573.50,17.9437
574.00,17.9175
574.50,17.8772
575.00,17.8388
575.50,17.8049
576.00,17.7669
576.50,17.7215
577.00,17.6826
577.50,17.6726
578.00,17.7026
578.50,17.7628
579.00,17.8303
579.50,17.8858
580.00,17.9186
580.50,17.9254
581.00,17.9090
581.50,17.8809
582.00,17.8592
582.50,17.8585
583.00,17.8801
583.50,17.9113
584.00,17.9364
584.50,17.9485
585.00,17.9519
585.50,17.9550
586.00,17.9598
586.50,17.9610
587.00,17.9534
587.50,17.9402
588.00,17.9329
588.50,17.9397
589.00,17.9555
589.50,17.9622
590.00,17.9431
590.50,17.8988
591.00,17.8483
591.50,17.8168
592.00,17.8189
592.50,17.8519
593.00,17.9005
593.50,17.9503
594.00,17.9950
594.50,18.0348
595.00,18.0695
595.50,18.0967
596.00,18.1152
596.50,18.1290
597.00,18.1452
597.50,18.1669
598.00,18.1882
598.50,18.1962
599.00,18.1804
599.50,18.1415
600.00,18.0940
600.50,18.0588
601.00,18.0526
601.50,18.0808
602.00,18.1355
602.50,18.1996
603.00,18.2548
603.50,18.2886
604.00,18.2991
604.50,18.2942
605.00,18.2866
605.50,18.2852
606.00,18.2912
606.50,18.2999
607.00,18.3063
607.50,18.3085
608.00,18.3078
608.50,18.3077
609.00,18.3121
609.50,18.3222
610.00,18.3353
610.50,18.3480
611.00,18.3606
611.50,18.3760
612.00,18.3927
612.50,18.4030
613.00,18.4001
613.50,18.3866
614.00,18.3735
614.50,18.3697
615.00,18.3728
615.50,18.3740
616.00,18.3673
616.50,18.3531
617.00,18.3346
617.50,18.3137
618.00,18.2931
618.50,18.2801
619.00,18.2845
619.50,18.3100
620.00,18.3469
620.50,18.3727
621.00,18.3649
621.50,18.3187
622.00,18.2576
622.50,18.2199
623.00,18.2308
623.50,18.2844
624.00,18.3519
624.50,18.4046
625.00,18.4310
625.50,18.4391
626.00,18.4472
626.50,18.4692
627.00,18.5033
627.50,18.5350
628.00,18.5510
628.50,18.5507
629.00,18.5427
629.50,18.5347
630.00,18.5279
630.50,18.5220
631.00,18.5176
631.50,18.5137
632.00,18.5071
632.50,18.4966
633.00,18.4858
633.50,18.4800
634.00,18.4795
634.50,18.4804
635.00,18.4791
635.50,18.4773
636.00,18.4809
636.50,18.4957
637.00,18.5234
637.50,18.5625
638.00,18.6101
638.50,18.6630
639.00,18.7153
639.50,18.7587
640.00,18.7866
640.50,18.8013
641.00,18.8142
641.50,18.8370
642.00,18.8694
642.50,18.8963
643.00,18.8971
643.50,18.8616
644.00,18.7982
644.50,18.7296
645.00,18.6805
645.50,18.6647
646.00,18.6807
646.50,18.7159
647.00,18.7559
647.50,18.7916
648.00,18.8209
648.50,18.8450
649.00,18.8661
649.50,18.8874
650.00,18.9109
650.50,18.9350
651.00,18.9529
651.50,18.9595
652.00,18.9588
652.50,18.9617
653.00,18.9753
653.50,18.9927
654.00,18.9986
654.50,18.9836
655.00,18.9522
655.50,18.9177
656.00,18.8915
656.50,18.8777
657.00,18.8747
657.50,18.8780
658.00,18.8825
658.50,18.8867
659.00,18.8941
659.50,18.9104
660.00,18.9358
660.50,18.9610
661.00,18.9718
661.50,18.9599
662.00,18.9292
662.50,18.8934
663.00,18.8682
663.50,18.8630
664.00,18.8774
664.50,18.9034
665.00,18.9319
665.50,18.9588
666.00,18.9851
666.50,19.0122
667.00,19.0370
667.50,19.0542
668.00,19.0619
668.50,19.0649
669.00,19.0728
669.50,19.0926
670.00,19.1251
670.50,19.1671
671.00,19.2141
671.50,19.2601
672.00,19.2968
672.50,19.3170
673.00,19.3184
673.50,19.3051
674.00,19.2840
674.50,19.2619
675.00,19.2435
675.50,19.2312
676.00,19.2253
676.50,19.2238
677.00,19.2247
677.50,19.2276
678.00,19.2341
678.50,19.2452
679.00,19.2581
679.50,19.2665
680.00,19.2645
680.50,19.2515
681.00,19.2332
681.50,19.2149
682.00,19.1970
682.50,19.1747
683.00,19.1466
683.50,19.1225
684.00,19.1193
684.50,19.1479
685.00,19.2022
685.50,19.2619
686.00,19.3064
686.50,19.3265
687.00,19.3255
687.50,19.3134
688.00,19.3010
688.50,19.2976
689.00,19.3078
689.50,19.3295
690.00,19.3539
690.50,19.3705
691.00,19.3742
691.50,19.3679
692.00,19.3591
692.50,19.3570
693.00,19.3689
693.50,19.3964
694.00,19.4321
694.50,19.4634
695.00,19.4828
695.50,19.4925
696.00,19.4986
696.50,19.5006
697.00,19.4911
697.50,19.4662
698.00,19.4350
698.50,19.4137
699.00,19.4128
699.50,19.4305
700.00,19.4601
700.50,19.4970
701.00,19.5392
701.50,19.5809
702.00,19.6133
702.50,19.6308
703.00,19.6349
703.50,19.6316
704.00,19.6277
704.50,19.6283
705.00,19.6367
705.50,19.6516
706.00,19.6690
706.50,19.6847
707.00,19.6965
707.50,19.7031
708.00,19.7027
708.50,19.6947
709.00,19.6810
709.50,19.6655
710.00,19.6524
710.50,19.6433
711.00,19.6375
711.50,19.6332
712.00,19.6272
712.50,19.6155
713.00,19.5962
713.50,19.5725
714.00,19.5534
714.50,19.5472
715.00,19.5563
715.50,19.5757
716.00,19.5955
716.50,19.6052
717.00,19.5992
717.50,19.5818
718.00,19.5642
718.50,19.5567
719.00,19.5631
719.50,19.5826
720.00,19.6132
720.50,19.6509
721.00,19.6863
721.50,19.7073
722.00,19.7086
722.50,19.6981
723.00,19.6919
723.50,19.7010
724.00,19.7238
724.50,19.7507
725.00,19.7756
725.50,19.7999
726.00,19.8275
726.50,19.8579
727.00,19.8839
727.50,19.8957
728.00,19.8870
728.50,19.8598
729.00,19.8246
729.50,19.7967
730.00,19.7890
730.50,19.8062
731.00,19.8449
731.50,19.8949
732.00,19.9428
732.50,19.9758
733.00,19.9893
733.50,19.9902
734.00,19.9912
734.50,19.9999
735.00,20.0145
735.50,20.0297
736.00,20.0446
736.50,20.0622
737.00,20.0834
737.50,20.1025
738.00,20.1114
738.50,20.1050
739.00,20.0834
739.50,20.0504
740.00,20.0111
740.50,19.9699
741.00,19.9316
741.50,19.9041
742.00,19.8960
742.50,19.9107
743.00,19.9415
743.50,19.9752
744.00,20.0001
744.50,20.0127
745.00,20.0175
745.50,20.0237
746.00,20.0376
746.50,20.0585
747.00,20.0801
747.50,20.0968
748.00,20.1095
748.50,20.1224
749.00,20.1375
749.50,20.1520
750.00,20.1601
750.50,20.1552
751.00,20.1327
751.50,20.0955
752.00,20.0572
752.50,20.0366
753.00,20.0437
753.50,20.0722
754.00,20.1049
754.50,20.1254
755.00,20.1263
755.50,20.1105
756.00,20.0892
756.50,20.0767
757.00,20.0815
757.50,20.1019
758.00,20.1291
758.50,20.1541
759.00,20.1723
759.50,20.1825
760.00,20.1868
760.50,20.1892
761.00,20.1938
761.50,20.2023
762.00,20.2131
762.50,20.2240
763.00,20.2335
763.50,20.2400
764.00,20.2398
764.50,20.2286
765.00,20.2078
765.50,20.1883
766.00,20.1842
766.50,20.2001
767.00,20.2264
767.50,20.2485
768.00,20.2586
768.50,20.2596
769.00,20.2599
769.50,20.2653
770.00,20.2763
770.50,20.2896
771.00,20.3023
771.50,20.3153
772.00,20.3337
772.50,20.3615
773.00,20.3946
773.50,20.4212
774.00,20.4293
774.50,20.4157
775.00,20.3862
775.50,20.3521
776.00,20.3240
776.50,20.3082
777.00,20.3057
777.50,20.3123
778.00,20.3237
778.50,20.3385
779.00,20.3543
779.50,20.3639
780.00,20.3607
780.50,20.3470
781.00,20.3358
781.50,20.3410
782.00,20.3680
782.50,20.4116
783.00,20.4614
783.50,20.5059
784.00,20.5357
784.50,20.5471
785.00,20.5432
785.50,20.5309
786.00,20.5164
786.50,20.5032
787.00,20.4923
787.50,20.4824
788.00,20.4685
788.50,20.4468
789.00,20.4210
789.50,20.4031
790.00,20.4057
790.50,20.4311
791.00,20.4669
791.50,20.4928
792.00,20.4944
792.50,20.4721
793.00,20.4394
793.50,20.4131
794.00,20.4024
794.50,20.4065
795.00,20.4170
795.50,20.4253
796.00,20.4275
796.50,20.4271
797.00,20.4338
797.50,20.4588
798.00,20.5088
798.50,20.5806
799.00,20.6602
799.50,20.7278
800.00,20.7683
800.50,20.7802
801.00,20.7743
801.50,20.7643
802.00,20.7555
802.50,20.7430
803.00,20.7207
803.50,20.6906
804.00,20.6618
804.50,20.6430
805.00,20.6376
805.50,20.6446
806.00,20.6617
806.50,20.6833
807.00,20.7002
807.50,20.7051
808.00,20.6992
808.50,20.6933
809.00,20.7004
809.50,20.7269
810.00,20.7707
810.50,20.8234
811.00,20.8743
811.50,20.9143
812.00,20.9388
812.50,20.9502
813.00,20.9559
813.50,20.9624
814.00,20.9708
814.50,20.9753
815.00,20.9688
815.50,20.9502
816.00,20.9251
816.50,20.9023
817.00,20.8872
817.50,20.8808
818.00,20.8815
818.50,20.8881
819.00,20.8983
819.50,20.9076
820.00,20.9106
820.50,20.9061
821.00,20.8978
821.50,20.8914
822.00,20.8895
822.50,20.8922
823.00,20.8996
823.50,20.9121
824.00,20.9262
824.50,20.9337
825.00,20.9268
825.50,20.9060
826.00,20.8815
826.50,20.8685
827.00,20.8807
827.50,20.9232
828.00,20.9882
828.50,21.0554
829.00,21.1036
829.50,21.1235
830.00,21.1229
830.50,21.1184
831.00,21.1231
831.50,21.1398
832.00,21.1612
832.50,21.1759
833.00,21.1745
833.50,21.1552
834.00,21.1240
834.50,21.0921
835.00,21.0709
835.50,21.0671
836.00,21.0788
836.50,21.0971
837.00,21.1129
837.50,21.1248
838.00,21.1390
838.50,21.1612
839.00,21.1883
839.50,21.2081
840.00,21.2084
840.50,21.1893
841.00,21.1651
841.50,21.1538
842.00,21.1630
842.50,21.1857
843.00,21.2095
843.50,21.2269
844.00,21.2387
844.50,21.2510
845.00,21.2696
845.50,21.2966
846.00,21.3275
846.50,21.3545
847.00,21.3724
847.50,21.3852
848.00,21.4022
848.50,21.4291
849.00,21.4601
849.50,21.4795
850.00,21.4727
850.50,21.4355
851.00,21.3775
851.50,21.3209
852.00,21.2904
852.50,21.2985
853.00,21.3330
853.50,21.3638
854.00,21.3652
854.50,21.3360
855.00,21.2976
855.50,21.2736
856.00,21.2721
856.50,21.2856
857.00,21.3041
857.50,21.3262
858.00,21.3565
858.50,21.3971
859.00,21.4429
859.50,21.4850
860.00,21.5174
860.50,21.5395
861.00,21.5540
861.50,21.5652
862.00,21.5779
862.50,21.5960
863.00,21.6195
863.50,21.6435
864.00,21.6602
864.50,21.6633
865.00,21.6513
865.50,21.6269
866.00,21.5953
866.50,21.5621
867.00,21.5326
867.50,21.5128
868.00,21.5088
868.50,21.5249
869.00,21.5608
869.50,21.6095
870.00,21.6598
870.50,21.7006
871.00,21.7264
871.50,21.7383
872.00,21.7404
872.50,21.7364
873.00,21.7303
873.50,21.7284
874.00,21.7369
874.50,21.7566
875.00,21.7806
875.50,21.7993
876.00,21.8065
876.50,21.7998
877.00,21.7770
877.50,21.7380
878.00,21.6917
878.50,21.6578
879.00,21.6553
879.50,21.6885
880.00,21.7439
880.50,21.8016
881.00,21.8486
881.50,21.8816
882.00,21.9025
882.50,21.9129
883.00,21.9138
883.50,21.9081
884.00,21.9023
884.50,21.9030
885.00,21.9121
885.50,21.9238
886.00,21.9295
886.50,21.9246
887.00,21.9108
887.50,21.8935
888.00,21.8786
888.50,21.8714
889.00,21.8770
889.50,21.8976
890.00,21.9289
890.50,21.9620
891.00,21.9890
891.50,22.0080
892.00,22.0213
892.50,22.0291
893.00,22.0268
893.50,22.0086
894.00,21.9745
894.50,21.9335
895.00,21.8964
895.50,21.8664
896.00,21.8374
896.50,21.8048
897.00,21.7766
897.50,21.7696
898.00,21.7940
898.50,21.8431
899.00,21.8983
899.50,21.9446
900.00,21.9786
900.50,22.0026
901.00,22.0170
901.50,22.0204
902.00,22.0160
902.50,22.0134
903.00,22.0222
903.50,22.0452
904.00,22.0754
904.50,22.1008
905.00,22.1124
905.50,22.1095
906.00,22.1007
906.50,22.0987
907.00,22.1123
907.50,22.1407
908.00,22.1752
908.50,22.2069
909.00,22.2333
909.50,22.2569
910.00,22.2796
910.50,22.2984
911.00,22.3074
911.50,22.3035
912.00,22.2891
912.50,22.2693
913.00,22.2486
913.50,22.2304
914.00,22.2178
914.50,22.2118
915.00,22.2099
915.50,22.2088
916.00,22.2083
916.50,22.2126
917.00,22.2278
917.50,22.2555
918.00,22.2898
918.50,22.3176
919.00,22.3250
919.50,22.3053
920.00,22.2653
920.50,22.2224
921.00,22.1950
921.50,22.1909
922.00,22.2034
922.50,22.2180
923.00,22.2220
923.50,22.2117
924.00,22.1911
924.50,22.1678
925.00,22.1494
925.50,22.1421
926.00,22.1487
926.50,22.1663
927.00,22.1862
927.50,22.1996
928.00,22.2047
928.50,22.2088
929.00,22.2210
929.50,22.2416
930.00,22.2589
930.50,22.2591
931.00,22.2390
931.50,22.2106
932.00,22.1930
932.50,22.1994
933.00,22.2296
933.50,22.2713
934.00,22.3074
934.50,22.3268
935.00,22.3302
935.50,22.3281
936.00,22.3320
936.50,22.3457
937.00,22.3640
937.50,22.3788
938.00,22.3843
938.50,22.3806
939.00,22.3718
939.50,22.3638
940.00,22.3637
940.50,22.3774
941.00,22.4073
941.50,22.4472
942.00,22.4841
942.50,22.5055
943.00,22.5074
943.50,22.4948
944.00,22.4740
944.50,22.4464
945.00,22.4111
945.50,22.3729
946.00,22.3443
946.50,22.3380
947.00,22.3572
947.50,22.3930
948.00,22.4325
948.50,22.4666
949.00,22.4918
949.50,22.5071
950.00,22.5129
950.50,22.5127
951.00,22.5121
951.50,22.5160
952.00,22.5252
952.50,22.5365
953.00,22.5462
953.50,22.5539
954.00,22.5625
954.50,22.5754
955.00,22.5923
955.50,22.6092
956.00,22.6202
956.50,22.6217
957.00,22.6147
957.50,22.6042
958.00,22.5967
958.50,22.5943
959.00,22.5944
959.50,22.5920
960.00,22.5855
960.50,22.5775
961.00,22.5730
961.50,22.5747
962.00,22.5815
962.50,22.5890
963.00,22.5941
963.50,22.5983
964.00,22.6043
964.50,22.6102
965.00,22.6093
965.50,22.5978
966.00,22.5819
966.50,22.5733
967.00,22.5753
967.50,22.5762
968.00,22.5607
968.50,22.5277
969.00,22.4937
969.50,22.4770
970.00,22.4809
970.50,22.4922
971.00,22.4959
971.50,22.4881
972.00,22.4776
972.50,22.4758
973.00,22.4859
973.50,22.5009
974.00,22.5110
974.50,22.5125
975.00,22.5112
975.50,22.5156
976.00,22.5292
976.50,22.5469
977.00,22.5604
977.50,22.5667
978.00,22.5698
978.50,22.5750
979.00,22.5820
979.50,22.5861
980.00,22.5844
980.50,22.5806
981.00,22.5831
981.50,22.5991
982.00,22.6277
982.50,22.6569
983.00,22.6673
983.50,22.6450
984.00,22.5938
984.50,22.5389
985.00,22.5127
985.50,22.5347
986.00,22.5991
986.50,22.6805
987.00,22.7496
987.50,22.7874
988.00,22.7905
988.50,22.7682
989.00,22.7367
989.50,22.7112
990.00,22.6992
990.50,22.6977
991.00,22.6983
991.50,22.6948
992.00,22.6871
992.50,22.6800
993.00,22.6798
993.50,22.6915
994.00,22.7161
994.50,22.7496
995.00,22.7852
995.50,22.8164
996.00,22.8400
996.50,22.8567
997.00,22.8689
997.50,22.8777
998.00,22.8814
998.50,22.8759
999.00,22.8607
999.50,22.8413
1000.00,22.8275
1000.50,22.8264
1001.00,22.8347
1001.50,22.8404
1002.00,22.8318
1002.50,22.8075
1003.00,22.7786
1003.50,22.7599
1004.00,22.7583
1004.50,22.7687
1005.00,22.7783
1005.50,22.7774
1006.00,22.7651
1006.50,22.7487
1007.00,22.7356
1007.50,22.7285
1008.00,22.7248
1008.50,22.7221
1009.00,22.7215
1009.50,22.7241
1010.00,22.7291
1010.50,22.7344
1011.00,22.7403
1011.50,22.7498
1012.00,22.7658
1012.50,22.7885
1013.00,22.8168
1013.50,22.8487
1014.00,22.8800
1014.50,22.9037
1015.00,22.9148
1015.50,22.9147
1016.00,22.9104
1016.50,22.9066
1017.00,22.9026
1017.50,22.8951
1018.00,22.8844
1018.50,22.8757
1019.00,22.8735
1019.50,22.8760
1020.00,22.8740
1020.50,22.8577
1021.00,22.8250
1021.50,22.7852
1022.00,22.7519
1022.50,22.7338
1023.00,22.7323
1023.50,22.7435
1024.00,22.7613
1024.50,22.7779
1025.00,22.7872
1025.50,22.7863
1026.00,22.7754
1026.50,22.7551
1027.00,22.7267
1027.50,22.6960
1028.00,22.6730
1028.50,22.6658
1029.00,22.6726
1029.50,22.6816
1030.00,22.6800
1030.50,22.6675
1031.00,22.6583
1031.50,22.6689
1032.00,22.7011
1032.50,22.7390
1033.00,22.7624
1033.50,22.7634
1034.00,22.7502
1034.50,22.7382
1035.00,22.7368
1035.50,22.7444
1036.00,22.7522
1036.50,22.7526
1037.00,22.7436
1037.50,22.7266
1038.00,22.7039
1038.50,22.6798
1039.00,22.6623
1039.50,22.6599
1040.00,22.6757
1040.50,22.7046
1041.00,22.7383
1041.50,22.7713
1042.00,22.8004
1042.50,22.8219
1043.00,22.8303
1043.50,22.8221
1044.00,22.7998
1044.50,22.7721
1045.00,22.7490
1045.50,22.7364
1046.00,22.7334
1046.50,22.7332
1047.00,22.7285
1047.50,22.7181
1048.00,22.7090
1048.50,22.7116
1049.00,22.7314
1049.50,22.7649
1050.00,22.8014
1050.50,22.8305
1051.00,22.8480
1051.50,22.8579
1052.00,22.8694
1052.50,22.8887
1053.00,22.9128
1053.50,22.9315
1054.00,22.9369
1054.50,22.9350
1055.00,22.9449
1055.50,22.9839
1056.00,23.0515
1056.50,23.1280
1057.00,23.1902
1057.50,23.2282
1058.00,23.2469
1058.50,23.2563
1059.00,23.2621
1059.50,23.2656
1060.00,23.2675
1060.50,23.2694
1061.00,23.2719
1061.50,23.2719
1062.00,23.2648
1062.50,23.2496
1063.00,23.2311
1063.50,23.2172
1064.00,23.2118
1064.50,23.2107
1065.00,23.2046
1065.50,23.1875
1066.00,23.1622
1066.50,23.1391
1067.00,23.1293
1067.50,23.1380
1068.00,23.1608
1068.50,23.1848
1069.00,23.1939
1069.50,23.1782
1070.00,23.1424
1070.50,23.1037
1071.00,23.0804
1071.50,23.0806
1072.00,23.0999
1072.50,23.1281
1073.00,23.1552
1073.50,23.1744
1074.00,23.1825
1074.50,23.1811
1075.00,23.1770
1075.50,23.1789
1076.00,23.1927
1076.50,23.2184
1077.00,23.2503
1077.50,23.2795
1078.00,23.2961
1078.50,23.2937
1079.00,23.2720
1079.50,23.2379
1080.00,23.2024
1080.50,23.1753
1081.00,23.1610
1081.50,23.1573
1082.00,23.1576
1082.50,23.1557
1083.00,23.1494
1083.50,23.1422
1084.00,23.1421
1084.50,23.1565
1085.00,23.1850
1085.50,23.2161
1086.00,23.2335
1086.50,23.2295
1087.00,23.2134
1087.50,23.2049
1088.00,23.2148
1088.50,23.2347
1089.00,23.2471
1089.50,23.2464
1090.00,23.2454
1090.50,23.2616
1091.00,23.2989
1091.50,23.3436
1092.00,23.3757
1092.50,23.3802
1093.00,23.3544
1093.50,23.3086
1094.00,23.2633
1094.50,23.2397
1095.00,23.2473
1095.50,23.2781
1096.00,23.3148
1096.50,23.3447
1097.00,23.3675
1097.50,23.3890
1098.00,23.4104
1098.50,23.4254
1099.00,23.4262
1099.50,23.4100
1100.00,23.3811
1100.50,23.3486
1101.00,23.3219
1101.50,23.3070
1102.00,23.3038
1102.50,23.3075
1103.00,23.3137
1103.50,23.3238
1104.00,23.3428
1104.50,23.3710
1105.00,23.3987
1105.50,23.4096
1106.00,23.3936
1106.50,23.3562
1107.00,23.3177
1107.50,23.3006
1108.00,23.3143
1108.50,23.3505
1109.00,23.3889
1109.50,23.4105
1110.00,23.4064
1110.50,23.3815
1111.00,23.3498
1111.50,23.3289
1112.00,23.3326
1112.50,23.3646
1113.00,23.4161
1113.50,23.4676
1114.00,23.4997
1114.50,23.5035
1115.00,23.4852
1115.50,23.4599
1116.00,23.4396
1116.50,23.4281
1117.00,23.4229
1117.50,23.4237
1118.00,23.4351
1118.50,23.4612
1119.00,23.4990
1119.50,23.5382
1120.00,23.5677
1120.50,23.5827
1121.00,23.5862
1121.50,23.5846
1122.00,23.5822
1122.50,23.5771
1123.00,23.5641
1123.50,23.5427
1124.00,23.5205
1124.50,23.5096
1125.00,23.5166
1125.50,23.5368
1126.00,23.5589
1126.50,23.5758
1127.00,23.5895
1127.50,23.6071
1128.00,23.6327
1128.50,23.6641
1129.00,23.6953
1129.50,23.7204
1130.00,23.7365
1130.50,23.7436
1131.00,23.7456
1131.50,23.7493
1132.00,23.7616
1132.50,23.7842
1133.00,23.8123
1133.50,23.8383
1134.00,23.8554
1134.50,23.8583
1135.00,23.8415
1135.50,23.8031
1136.00,23.7503
1136.50,23.6994
1137.00,23.6684
1137.50,23.6648
1138.00,23.6821
1138.50,23.7057
1139.00,23.7226
1139.50,23.7263
1140.00,23.7154
1140.50,23.6903
1141.00,23.6547
1141.50,23.6193
1142.00,23.5998
1142.50,23.6066
1143.00,23.6342
1143.50,23.6629
1144.00,23.6749
1144.50,23.6673
1145.00,23.6530
1145.50,23.6488
1146.00,23.6621
1146.50,23.6873
1147.00,23.7111
1147.50,23.7219
1148.00,23.7162
1148.50,23.6989
1149.00,23.6785
1149.50,23.6614
1150.00,23.6491
1150.50,23.6404
1151.00,23.6352
1151.50,23.6345
1152.00,23.6371
1152.50,23.6380
1153.00,23.6319
1153.50,23.6185
1154.00,23.6013
1154.50,23.5820
1155.00,23.5589
1155.50,23.5326
1156.00,23.5118
1156.50,23.5093
1157.00,23.5326
1157.50,23.5766
1158.00,23.6276
1158.50,23.6724
1159.00,23.7028
1159.50,23.7135
1160.00,23.7004
1160.50,23.6639
1161.00,23.6124
1161.50,23.5592
1162.00,23.5130
1162.50,23.4744
1163.00,23.4405
1163.50,23.4147
1164.00,23.4068
1164.50,23.4252
1165.00,23.4667
1165.50,23.5158
1166.00,23.5553
1166.50,23.5783
1167.00,23.5917
1167.50,23.6075
1168.00,23.6307
1168.50,23.6576
1169.00,23.6819
1169.50,23.7013
1170.00,23.7178
1170.50,23.7344
1171.00,23.7541
1171.50,23.7787
1172.00,23.8077
1172.50,23.8349
1173.00,23.8520
1173.50,23.8553
1174.00,23.8501
1174.50,23.8464
1175.00,23.8489
1175.50,23.8538
1176.00,23.8530
1176.50,23.8411
1177.00,23.8194
1177.50,23.7930
1178.00,23.7686
1178.50,23.7533
1179.00,23.7524
1179.50,23.7668
1180.00,23.7915
1180.50,23.8172
1181.00,23.8364
1181.50,23.8473
1182.00,23.8526
1182.50,23.8557
1183.00,23.8578
1183.50,23.8583
1184.00,23.8546
1184.50,23.8431
1185.00,23.8217
1185.50,23.7955
1186.00,23.7754
1186.50,23.7691
1187.00,23.7728
1187.50,23.7751
1188.00,23.7703
1188.50,23.7655
1189.00,23.7733
1189.50,23.7999
1190.00,23.8405
1190.50,23.8846
1191.00,23.9222
1191.50,23.9457
1192.00,23.9503
1192.50,23.9364
1193.00,23.9114
1193.50,23.8876
1194.00,23.8769
1194.50,23.8853
1195.00,23.9116
1195.50,23.9464
1196.00,23.9763
1196.50,23.9904
1197.00,23.9884
1197.50,23.9808
1198.00,23.9798
1198.50,23.9892
1199.00,24.0028
1199.50,24.0128
1200.00,24.0162
1200.50,24.0143
1201.00,24.0063
1201.50,23.9878
1202.00,23.9568
1202.50,23.9210
1203.00,23.8954
1203.50,23.8905
1204.00,23.9039
1204.50,23.9235
1205.00,23.9394
1205.50,23.9521
1206.00,23.9689
1206.50,23.9950
1207.00,24.0278
1207.50,24.0612
1208.00,24.0906
1208.50,24.1139
1209.00,24.1276
1209.50,24.1271
1210.00,24.1115
1210.50,24.0871
1211.00,24.0638
1211.50,24.0479
1212.00,24.0404
1212.50,24.0397
1213.00,24.0449
1213.50,24.0544
1214.00,24.0666
1214.50,24.0816
1215.00,24.1021
1215.50,24.1298
1216.00,24.1598
1216.50,24.1814
1217.00,24.1848
1217.50,24.1675
1218.00,24.1342
1218.50,24.0939
1219.00,24.0569
1219.50,24.0341
1220.00,24.0336
1220.50,24.0566
1221.00,24.0956
1221.50,24.1360
1222.00,24.1621
1222.50,24.1652
1223.00,24.1490
1223.50,24.1264
1224.00,24.1096
1224.50,24.1021
1225.00,24.1009
1225.50,24.1015
1226.00,24.1012
1226.50,24.0983
1227.00,24.0932
1227.50,24.0893
1228.00,24.0918
1228.50,24.1034
1229.00,24.1216
1229.50,24.1399
1230.00,24.1509
1230.50,24.1506
1231.00,24.1423
1231.50,24.1354
1232.00,24.1408
1232.50,24.1622
1233.00,24.1930
1233.50,24.2223
1234.00,24.2419
1234.50,24.2520
1235.00,24.2571
1235.50,24.2607
1236.00,24.2605
1236.50,24.2501
1237.00,24.2259
1237.50,24.1919
1238.00,24.1591
1238.50,24.1387
1239.00,24.1354
1239.50,24.1456
1240.00,24.1603
1240.50,24.1719
1241.00,24.1776
1241.50,24.1792
1242.00,24.1791
1242.50,24.1785
1243.00,24.1770
1243.50,24.1746
1244.00,24.1736
1244.50,24.1774
1245.00,24.1879
1245.50,24.2023
1246.00,24.2147
1246.50,24.2208
1247.00,24.2222
1247.50,24.2263
1248.00,24.2407
1248.50,24.2659
1249.00,24.2920
1249.50,24.3010
1250.00,24.2777
1250.50,24.2218
1251.00,24.1522
1251.50,24.0978
1252.00,24.0804
1252.50,24.1059
1253.00,24.1643
1253.50,24.2381
1254.00,24.3080
1254.50,24.3565
1255.00,24.3731
1255.50,24.3587
1256.00,24.3251
1256.50,24.2907
1257.00,24.2728
1257.50,24.2800
1258.00,24.3103
1258.50,24.3529
1259.00,24.3964
1259.50,24.4329
1260.00,24.4575
1260.50,24.4663
1261.00,24.4578
1261.50,24.4362
1262.00,24.4107
1262.50,24.3912
1263.00,24.3823
1263.50,24.3825
1264.00,24.3880
1264.50,24.3983
1265.00,24.4165
1265.50,24.4441
1266.00,24.4757
1266.50,24.4997
1267.00,24.5075
1267.50,24.4998
1268.00,24.4859
1268.50,24.4751
1269.00,24.4707
1269.50,24.4699
1270.00,24.4686
1270.50,24.4646
1271.00,24.4589
1271.50,24.4544
1272.00,24.4543
1272.50,24.4602
1273.00,24.4712
1273.50,24.4841
1274.00,24.4971
1274.50,24.5122
1275.00,24.5316
1275.50,24.5535
1276.00,24.5709
1276.50,24.5758
1277.00,24.5650
1277.50,24.5417
1278.00,24.5133
1278.50,24.4879
1279.00,24.4710
1279.50,24.4629
1280.00,24.4582
1280.50,24.4497
1281.00,24.4337
1281.50,24.4125
1282.00,24.3905
1282.50,24.3706
1283.00,24.3560
1283.50,24.3524
1284.00,24.3668
1284.50,24.4013
1285.00,24.4502
1285.50,24.5026
1286.00,24.5482
1286.50,24.5802
1287.00,24.5967
1287.50,24.5987
1288.00,24.5896
1288.50,24.5736
1289.00,24.5547
1289.50,24.5368
1290.00,24.5251
1290.50,24.5237
1291.00,24.5324
1291.50,24.5447
1292.00,24.5502
1292.50,24.5421
1293.00,24.5227
1293.50,24.5027
1294.00,24.4954
1294.50,24.5098
1295.00,24.5471
1295.50,24.5997
1296.00,24.6527
1296.50,24.6884
1297.00,24.6945
1297.50,24.6720
1298.00,24.6340
1298.50,24.5981
1299.00,24.5772
1299.50,24.5748
1300.00,24.5848
1300.50,24.5962
1301.00,24.6005
1301.50,24.5967
1302.00,24.5915
1302.50,24.5919
1303.00,24.6004
1303.50,24.6145
1304.00,24.6288
1304.50,24.6370
1305.00,24.6344
1305.50,24.6217
1306.00,24.6070
1306.50,24.6005
1307.00,24.6064
1307.50,24.6203
1308.00,24.6337
1308.50,24.6402
1309.00,24.6393
1309.50,24.6360
1310.00,24.6376
1310.50,24.6493
1311.00,24.6721
1311.50,24.7039
1312.00,24.7417
1312.50,24.7803
1313.00,24.8104
1313.50,24.8213
1314.00,24.8066
1314.50,24.7686
1315.00,24.7172
1315.50,24.6673
1316.00,24.6349
1316.50,24.6310
1317.00,24.6544
1317.50,24.6922
1318.00,24.7269
1318.50,24.7480
1319.00,24.7546
1319.50,24.7519
1320.00,24.7445
1320.50,24.7344
1321.00,24.7212
1321.50,24.7043
1322.00,24.6845
1322.50,24.6644
1323.00,24.6468
1323.50,24.6333
1324.00,24.6245
1324.50,24.6242
1325.00,24.6382
1325.50,24.6679
1326.00,24.7050
1326.50,24.7371
1327.00,24.7569
1327.50,24.7656
1328.00,24.7686
1328.50,24.7712
1329.00,24.7790
1329.50,24.7955
1330.00,24.8190
1330.50,24.8421
1331.00,24.8573
1331.50,24.8625
1332.00,24.8588
1332.50,24.8469
1333.00,24.8266
1333.50,24.8010
1334.00,24.7796
1334.50,24.7729
1335.00,24.7862
1335.50,24.8158
1336.00,24.8526
1336.50,24.8870
1337.00,24.9110
1337.50,24.9187
1338.00,24.9071
1338.50,24.8795
1339.00,24.8468
1339.50,24.8224
1340.00,24.8138
1340.50,24.8175
1341.00,24.8228
1341.50,24.8209
1342.00,24.8101
1342.50,24.7946
1343.00,24.7805
1343.50,24.7721
1344.00,24.7705
1344.50,24.7738
1345.00,24.7799
1345.50,24.7902
1346.00,24.8083
1346.50,24.8349
1347.00,24.8635
1347.50,24.8837
1348.00,24.8890
1348.50,24.8817
1349.00,24.8690
1349.50,24.8573
1350.00,24.8489
1350.50,24.8444
1351.00,24.8457
1351.50,24.8550
1352.00,24.8723
1352.50,24.8936
1353.00,24.9111
1353.50,24.9174
1354.00,24.9108
1354.50,24.8976
1355.00,24.8887
1355.50,24.8914
1356.00,24.9052
1356.50,24.9227
1357.00,24.9352
1357.50,24.9391
1358.00,24.9360
1358.50,24.9295
1359.00,24.9210
1359.50,24.9106
1360.00,24.8995
1360.50,24.8910
1361.00,24.8873
1361.50,24.8877
1362.00,24.8904
1362.50,24.8951
1363.00,24.9043
1363.50,24.9209
1364.00,24.9461
1364.50,24.9789
1365.00,25.0162
1365.50,25.0531
1366.00,25.0835
1366.50,25.1020
1367.00,25.1070
1367.50,25.1030
1368.00,25.0987
1368.50,25.1030
1369.00,25.1196
1369.50,25.1458
1370.00,25.1741
1370.50,25.1945
1371.00,25.1966
1371.50,25.1737
1372.00,25.1282
1372.50,25.0727
1373.00,25.0256
1373.50,25.0018
1374.00,25.0074
1374.50,25.0357
1375.00,25.0712
1375.50,25.0979
1376.00,25.1102
1376.50,25.1152
1377.00,25.1219
1377.50,25.1302
1378.00,25.1303
1378.50,25.1155
1379.00,25.0920
1379.50,25.0746
1380.00,25.0748
1380.50,25.0926
1381.00,25.1190
1381.50,25.1426
1382.00,25.1557
1382.50,25.1560
1383.00,25.1461
1383.50,25.1307
1384.00,25.1126
1384.50,25.0915
1385.00,25.0671
1385.50,25.0431
1386.00,25.0287
1386.50,25.0343
1387.00,25.0641
1387.50,25.1093
1388.00,25.1528
1388.50,25.1815
1389.00,25.1963
1389.50,25.2104
1390.00,25.2369
1390.50,25.2779
1391.00,25.3236
1391.50,25.3589
1392.00,25.3731
1392.50,25.3653
1393.00,25.3443
1393.50,25.3218
1394.00,25.3059
1394.50,25.2996
1395.00,25.3033
1395.50,25.3163
1396.00,25.3355
1396.50,25.3549
1397.00,25.3679
1397.50,25.3691
1398.00,25.3558
1398.50,25.3292
1399.00,25.2955
1399.50,25.2658
1400.00,25.2519
1400.50,25.2607
1401.00,25.2909
1401.50,25.3338
1402.00,25.3748
1402.50,25.3983
1403.00,25.3945
1403.50,25.3664
1404.00,25.3306
1404.50,25.3082
1405.00,25.3119
1405.50,25.3379
1406.00,25.3704
1406.50,25.3941
1407.00,25.4026
1407.50,25.3987
1408.00,25.3874
1408.50,25.3712
1409.00,25.3497
1409.50,25.3248
1410.00,25.3012
1410.50,25.2855
1411.00,25.2809
1411.50,25.2854
1412.00,25.2939
1412.50,25.3042
1413.00,25.3205
1413.50,25.3481
1414.00,25.3853
1414.50,25.4208
1415.00,25.4416
1415.50,25.4437
1416.00,25.4340
1416.50,25.4223
1417.00,25.4125
1417.50,25.4001
1418.00,25.3776
1418.50,25.3444
1419.00,25.3106
1419.50,25.2895
1420.00,25.2862
1420.50,25.2933
1421.00,25.2985
1421.50,25.2947
1422.00,25.2825
1422.50,25.2666
1423.00,25.2533
1423.50,25.2488
1424.00,25.2560
1424.50,25.2715
1425.00,25.2881
1425.50,25.3011
1426.00,25.3122
1426.50,25.3241
1427.00,25.3352
1427.50,25.3398
1428.00,25.3340
1428.50,25.3176
1429.00,25.2927
1429.50,25.2631
1430.00,25.2339
1430.50,25.2101
1431.00,25.1928
1431.50,25.1812
1432.00,25.1769
1432.50,25.1870
1433.00,25.2182
1433.50,25.2694
1434.00,25.3292
1434.50,25.3823
1435.00,25.4183
1435.50,25.4377
1436.00,25.4487
1436.50,25.4595
1437.00,25.4715
1437.50,25.4807
1438.00,25.4844
1438.50,25.4859
1439.00,25.4908
1439.50,25.4980
1440.00,25.4985
1440.50,25.4843
1441.00,25.4591
1441.50,25.4359
1442.00,25.4258
1442.50,25.4285
1443.00,25.4346
1443.50,25.4358
1444.00,25.4326
1444.50,25.4332
1445.00,25.4456
1445.50,25.4706
1446.00,25.5005
1446.50,25.5244
1447.00,25.5345
1447.50,25.5295
1448.00,25.5134
1448.50,25.4928
1449.00,25.4749
1449.50,25.4663
1450.00,25.4719
1450.50,25.4914
1451.00,25.5166
1451.50,25.5344
1452.00,25.5346
1452.50,25.5177
1453.00,25.4957
1453.50,25.4820
1454.00,25.4797
1454.50,25.4811
1455.00,25.4777
1455.50,25.4698
1456.00,25.4666
1456.50,25.4762
1457.00,25.4977
1457.50,25.5218
1458.00,25.5363
1458.50,25.5339
1459.00,25.5153
1459.50,25.4886
1460.00,25.4666
1460.50,25.4607
1461.00,25.4741
1461.50,25.4997
1462.00,25.5226
1462.50,25.5300
1463.00,25.5189
1463.50,25.4979
1464.00,25.4799
1464.50,25.4720
1465.00,25.4719
1465.50,25.4727
1466.00,25.4682
1466.50,25.4558
1467.00,25.4365
1467.50,25.4141
1468.00,25.3939
1468.50,25.3808
1469.00,25.3773
1469.50,25.3820
1470.00,25.3912
1470.50,25.4022
1471.00,25.4151
1471.50,25.4326
1472.00,25.4555
1472.50,25.4790
1473.00,25.4929
1473.50,25.4876
1474.00,25.4629
1474.50,25.4293
1475.00,25.4009
1475.50,25.3857
1476.00,25.3807
1476.50,25.3752
1477.00,25.3601
1477.50,25.3359
1478.00,25.3140
1478.50,25.3098
1479.00,25.3320
1479.50,25.3766
1480.00,25.4305
1480.50,25.4797
1481.00,25.5154
1481.50,25.5327
1482.00,25.5281
1482.50,25.5015
1483.00,25.4602
1483.50,25.4195
1484.00,25.3954
1484.50,25.3956
1485.00,25.4146
1485.50,25.4372
1486.00,25.4477
1486.50,25.4398
1487.00,25.4204
1487.50,25.4052
1488.00,25.4061
1488.50,25.4217
1489.00,25.4391
1489.50,25.4463
1490.00,25.4422
1490.50,25.4341
1491.00,25.4294
1491.50,25.4296
1492.00,25.4329
1492.50,25.4388
1493.00,25.4505
1493.50,25.4722
1494.00,25.5039
1494.50,25.5388
1495.00,25.5661
1495.50,25.5774
1496.00,25.5709
1496.50,25.5509
1497.00,25.5255
1497.50,25.5035
1498.00,25.4933
1498.50,25.4997
1499.00,25.5217
1499.50,25.5524
1500.00,25.5818
1500.50,25.5989
1501.00,25.5959
1501.50,25.5730
1502.00,25.5391
1502.50,25.5088
1503.00,25.4940
1503.50,25.4968
1504.00,25.5098
1504.50,25.5224
1505.00,25.5284
1505.50,25.5296
1506.00,25.5328
1506.50,25.5419
1507.00,25.5535
1507.50,25.5590
1508.00,25.5520
1508.50,25.5353
1509.00,25.5191
1509.50,25.5137
1510.00,25.5225
1510.50,25.5420
1511.00,25.5643
1511.50,25.5796
1512.00,25.5804
1512.50,25.5642
1513.00,25.5370
1513.50,25.5108
1514.00,25.4987
1514.50,25.5086
1515.00,25.5388
1515.50,25.5777
1516.00,25.6088
1516.50,25.6195
1517.00,25.6070
1517.50,25.5802
1518.00,25.5541
1518.50,25.5427
1519.00,25.5512
1519.50,25.5750
1520.00,25.6030
1520.50,25.6237
1521.00,25.6298
1521.50,25.6215
1522.00,25.6061
1522.50,25.5939
1523.00,25.5942
1523.50,25.6112
1524.00,25.6434
1524.50,25.6837
1525.00,25.7203
1525.50,25.7425
1526.00,25.7471
1526.50,25.7420
1527.00,25.7393
1527.50,25.7458
1528.00,25.7573
1528.50,25.7635
1529.00,25.7552
1529.50,25.7274
1530.00,25.6810
1530.50,25.6239
1531.00,25.5715
1531.50,25.5406
1532.00,25.5399
1532.50,25.5640
1533.00,25.5986
1533.50,25.6314
1534.00,25.6596
1534.50,25.6873
1535.00,25.7169
1535.50,25.7444
1536.00,25.7612
1536.50,25.7600
1537.00,25.7407
1537.50,25.7128
1538.00,25.6918
1538.50,25.6907
1539.00,25.7116
1539.50,25.7448
1540.00,25.7762
1540.50,25.7959
1541.00,25.8013
1541.50,25.7937
1542.00,25.7751
1542.50,25.7498
1543.00,25.7256
1543.50,25.7109
1544.00,25.7100
1544.50,25.7217
1545.00,25.7400
1545.50,25.7568
1546.00,25.7656
1546.50,25.7636
1547.00,25.7545
1547.50,25.7478
1548.00,25.7525
1548.50,25.7706
1549.00,25.7940
1549.50,25.8113
1550.00,25.8171
1550.50,25.8161
1551.00,25.8175
1551.50,25.8263
1552.00,25.8398
1552.50,25.8512
1553.00,25.8544
1553.50,25.8474
1554.00,25.8322
1554.50,25.8142
1555.00,25.7994
1555.50,25.7915
1556.00,25.7901
1556.50,25.7920
1557.00,25.7929
1557.50,25.7905
1558.00,25.7862
1558.50,25.7843
1559.00,25.7885
1559.50,25.7993
1560.00,25.8149
1560.50,25.8326
1561.00,25.8486
1561.50,25.8581
1562.00,25.8590
1562.50,25.8542
1563.00,25.8482
1563.50,25.8422
1564.00,25.8346
1564.50,25.8247
1565.00,25.8147
1565.50,25.8074
1566.00,25.8019
1566.50,25.7948
1567.00,25.7835
1567.50,25.7696
1568.00,25.7586
1568.50,25.7560
1569.00,25.7645
1569.50,25.7834
1570.00,25.8110
1570.50,25.8459
1571.00,25.8868
1571.50,25.9308
1572.00,25.9736
1572.50,26.0112
1573.00,26.0416
1573.50,26.0651
1574.00,26.0831
1574.50,26.0952
1575.00,26.0975
1575.50,26.0857
1576.00,26.0596
1576.50,26.0262
1577.00,25.9954
1577.50,25.9736
1578.00,25.9624
1578.50,25.9624
1579.00,25.9766
1579.50,26.0079
1580.00,26.0529
1580.50,26.0999
1581.00,26.1338
1581.50,26.1427
1582.00,26.1239
1582.50,26.0866
1583.00,26.0477
1583.50,26.0238
1584.00,26.0217
1584.50,26.0366
1585.00,26.0579
1585.50,26.0772
1586.00,26.0908
1586.50,26.0983
1587.00,26.1016
1587.50,26.1026
1588.00,26.1005
1588.50,26.0906
1589.00,26.0698
1589.50,26.0406
1590.00,26.0097
1590.50,25.9815
1591.00,25.9574
1591.50,25.9407
1592.00,25.9378
1592.50,25.9555
1593.00,25.9950
1593.50,26.0493
1594.00,26.1041
1594.50,26.1446
1595.00,26.1650
1595.50,26.1719
1596.00,26.1753
1596.50,26.1776
1597.00,26.1726
1597.50,26.1567
1598.00,26.1379
1598.50,26.1284
1599.00,26.1318
1599.50,26.1384
1600.00,26.1351
1600.50,26.1165
1601.00,26.0880
1601.50,26.0590
1602.00,26.0355
1602.50,26.0181
1603.00,26.0064
1603.50,26.0039
1604.00,26.0156
1604.50,26.0418
1605.00,26.0746
1605.50,26.1029
1606.00,26.1201
1606.50,26.1264
1607.00,26.1264
1607.50,26.1254
1608.00,26.1281
1608.50,26.1368
1609.00,26.1510
1609.50,26.1664
1610.00,26.1767
1610.50,26.1755
1611.00,26.1602
1611.50,26.1348
1612.00,26.1114
1612.50,26.1052
1613.00,26.1247
1613.50,26.1653
1614.00,26.2140
1614.50,26.2595
1615.00,26.2969
1615.50,26.3234
1616.00,26.3341
1616.50,26.3260
1617.00,26.3045
1617.50,26.2822
1618.00,26.2699
1618.50,26.2700
1619.00,26.2757
1619.50,26.2765
1620.00,26.2649
1620.50,26.2409
1621.00,26.2127
1621.50,26.1937
1622.00,26.1942
1622.50,26.2143
1623.00,26.2428
1623.50,26.2655
1624.00,26.2753
1624.50,26.2757
1625.00,26.2737
1625.50,26.2719
1626.00,26.2668
1626.50,26.2525
1627.00,26.2267
1627.50,26.1934
1628.00,26.1637
1628.50,26.1506
1629.00,26.1622
1629.50,26.1963
1630.00,26.2419
1630.50,26.2874
1631.00,26.3266
1631.50,26.3578
1632.00,26.3806
1632.50,26.3937
1633.00,26.3966
1633.50,26.3926
1634.00,26.3895
1634.50,26.3948
1635.00,26.4080
1635.50,26.4183
1636.00,26.4127
1636.50,26.3873
1637.00,26.3521
1637.50,26.3243
1638.00,26.3181
1638.50,26.3363
1639.00,26.3704
1639.50,26.4057
1640.00,26.4289
1640.50,26.4333
1641.00,26.4192
1641.50,26.3937
1642.00,26.3678
1642.50,26.3525
1643.00,26.3535
1643.50,26.3695
1644.00,26.3947
1644.50,26.4220
1645.00,26.4447
1645.50,26.4565
1646.00,26.4520
1646.50,26.4284
1647.00,26.3892
1647.50,26.3462
1648.00,26.3161
1648.50,26.3119
1649.00,26.3351
1649.50,26.3743
1650.00,26.4116
1650.50,26.4308
1651.00,26.4245
1651.50,26.3985
1652.00,26.3696
1652.50,26.3561
1653.00,26.3657
1653.50,26.3922
1654.00,26.4213
1654.50,26.4416
1655.00,26.4498
1655.50,26.4486
1656.00,26.4427
1656.50,26.4356
1657.00,26.4306
1657.50,26.4321
1658.00,26.4446
1658.50,26.4683
1659.00,26.4976
1659.50,26.5229
1660.00,26.5370
1660.50,26.5396
1661.00,26.5361
1661.50,26.5339
1662.00,26.5375
1662.50,26.5453
1663.00,26.5494
1663.50,26.5403
1664.00,26.5156
1664.50,26.4852
1665.00,26.4669
1665.50,26.4727
1666.00,26.5003
1666.50,26.5350
1667.00,26.5599
1667.50,26.5634
1668.00,26.5409
1668.50,26.4966
1669.00,26.4448
1669.50,26.4072
1670.00,26.4019
1670.50,26.4324
1671.00,26.4855
1671.50,26.5376
1672.00,26.5672
1672.50,26.5657
1673.00,26.5396
1673.50,26.5044
1674.00,26.4735
1674.50,26.4530
1675.00,26.4433
1675.50,26.4442
1676.00,26.4561
1676.50,26.4801
1677.00,26.5160
1677.50,26.5607
1678.00,26.6067
1678.50,26.6433
1679.00,26.6606
1679.50,26.6558
1680.00,26.6340
1680.50,26.6055
1681.00,26.5793
1681.50,26.5600
1682.00,26.5482
1682.50,26.5431
1683.00,26.5432
1683.50,26.5445
1684.00,26.5400
1684.50,26.5245
1685.00,26.5000
1685.50,26.4768
1686.00,26.4653
1686.50,26.4688
1687.00,26.4817
1687.50,26.4958
1688.00,26.5068
1688.50,26.5157
1689.00,26.5256
1689.50,26.5380
1690.00,26.5508
1690.50,26.5578
1691.00,26.5521
1691.50,26.5319
1692.00,26.5044
1692.50,26.4831
1693.00,26.4786
1693.50,26.4926
1694.00,26.5192
1694.50,26.5508
1695.00,26.5816
1695.50,26.6090
1696.00,26.6333
1696.50,26.6555
1697.00,26.6761
1697.50,26.6940
1698.00,26.7073
1698.50,26.7125
1699.00,26.7058
1699.50,26.6852
1700.00,26.6534
1700.50,26.6174
1701.00,26.5854
1701.50,26.5650
1702.00,26.5606
1702.50,26.5709
1703.00,26.5872
1703.50,26.5989
1704.00,26.6027
1704.50,26.6071
1705.00,26.6256
1705.50,26.6634
1706.00,26.7097
1706.50,26.7447
1707.00,26.7543
1707.50,26.7401
1708.00,26.7150
1708.50,26.6911
1709.00,26.6724
1709.50,26.6573
1710.00,26.6448
1710.50,26.6373
1711.00,26.6389
1711.50,26.6514
1712.00,26.6711
1712.50,26.6910
1713.00,26.7052
1713.50,26.7122
1714.00,26.7133
1714.50,26.7110
1715.00,26.7092
1715.50,26.7140
1716.00,26.7298
1716.50,26.7551
1717.00,26.7823
1717.50,26.8034
1718.00,26.8143
1718.50,26.8134
1719.00,26.7986
1719.50,26.7696
1720.00,26.7323
1720.50,26.7006
1721.00,26.6882
1721.50,26.6992
1722.00,26.7233
1722.50,26.7428
1723.00,26.7450
1723.50,26.7309
1724.00,26.7126
1724.50,26.7028
1725.00,26.7048
1725.50,26.7127
1726.00,26.7182
1726.50,26.7174
1727.00,26.7125
1727.50,26.7078
1728.00,26.7068
1728.50,26.7127
1729.00,26.7286
1729.50,26.7547
1730.00,26.7849
1730.50,26.8080
1731.00,26.8155
1731.50,26.8096
1732.00,26.8015
1732.50,26.8019
1733.00,26.8122
1733.50,26.8253
1734.00,26.8327
1734.50,26.8318
1735.00,26.8257
1735.50,26.8193
1736.00,26.8162
1736.50,26.8183
1737.00,26.8267
1737.50,26.8414
1738.00,26.8601
1738.50,26.8783
1739.00,26.8915
1739.50,26.8964
1740.00,26.8922
1740.50,26.8802
1741.00,26.8625
1741.50,26.8415
1742.00,26.8210
1742.50,26.8049
1743.00,26.7952
1743.50,26.7912
1744.00,26.7915
1744.50,26.7957
1745.00,26.8026
1745.50,26.8074
1746.00,26.8040
1746.50,26.7892
1747.00,26.7660
1747.50,26.7428
1748.00,26.7274
1748.50,26.7229
1749.00,26.7279
1749.50,26.7404
1750.00,26.7604
1750.50,26.7892
1751.00,26.8261
1751.50,26.8647
1752.00,26.8950
1752.50,26.9086
1753.00,26.9048
1753.50,26.8900
1754.00,26.8716
1754.50,26.8542
1755.00,26.8394
1755.50,26.8279
1756.00,26.8214
1756.50,26.8234
1757.00,26.8383
1757.50,26.8672
1758.00,26.9038
1758.50,26.9333
1759.00,26.9389
1759.50,26.9127
1760.00,26.8632
1760.50,26.8133
1761.00,26.7876
1761.50,26.7980
1762.00,26.8376
1762.50,26.8856
1763.00,26.9200
1763.50,26.9287
1764.00,26.9136
1764.50,26.8858
1765.00,26.8571
1765.50,26.8347
1766.00,26.8223
1766.50,26.8221
1767.00,26.8349
1767.50,26.8579
1768.00,26.8840
1768.50,26.9068
1769.00,26.9222
1769.50,26.9284
1770.00,26.9233
1770.50,26.9063
1771.00,26.8829
1771.50,26.8660
1772.00,26.8696
1772.50,26.8996
1773.00,26.9492
1773.50,27.0052
1774.00,27.0567
1774.50,27.0998
1775.00,27.1326
1775.50,27.1514
1776.00,27.1526
1776.50,27.1372
1777.00,27.1127
1777.50,27.0891
1778.00,27.0738
1778.50,27.0682
1779.00,27.0687
1779.50,27.0677
1780.00,27.0578
1780.50,27.0379
1781.00,27.0163
1781.50,27.0069
1782.00,27.0189
1782.50,27.0488
1783.00,27.0828
1783.50,27.1069
1784.00,27.1155
1784.50,27.1124
1785.00,27.1049
1785.50,27.0980
1786.00,27.0926
1786.50,27.0874
1787.00,27.0842
1787.50,27.0868
1788.00,27.0972
1788.50,27.1119
1789.00,27.1237
1789.50,27.1271
1790.00,27.1220
1790.50,27.1113
1791.00,27.0984
1791.50,27.0864
1792.00,27.0799
1792.50,27.0827
1793.00,27.0939
1793.50,27.1063
1794.00,27.1114
1794.50,27.1066
1795.00,27.0963
1795.50,27.0862
1796.00,27.0785
1796.50,27.0718
1797.00,27.0647
1797.50,27.0565
1798.00,27.0466
1798.50,27.0337
1799.00,27.0180
1799.50,27.0034
1800.00,26.9958
1800.50,27.0000
1801.00,27.0145
1801.50,27.0322
1802.00,27.0457
1802.50,27.0532
1803.00,27.0586
1803.50,27.0672
1804.00,27.0802
1804.50,27.0946
1805.00,27.1052
1805.50,27.1090
1806.00,27.1076
1806.50,27.1041
1807.00,27.0995
1807.50,27.0912
1808.00,27.0783
1808.50,27.0665
1809.00,27.0650
1809.50,27.0772
1810.00,27.0956
1810.50,27.1076
1811.00,27.1060
1811.50,27.0947
1812.00,27.0849
1812.50,27.0863
1813.00,27.1000
1813.50,27.1185
1814.00,27.1338
1814.50,27.1454
1815.00,27.1588
1815.50,27.1761
1816.00,27.1902
1816.50,27.1921
1817.00,27.1811
1817.50,27.1656
1818.00,27.1540
1818.50,27.1472
1819.00,27.1413
1819.50,27.1349
1820.00,27.1314
1820.50,27.1341
1821.00,27.1419
1821.50,27.1507
1822.00,27.1569
1822.50,27.1593
1823.00,27.1585
1823.50,27.1568
1824.00,27.1572
1824.50,27.1615
1825.00,27.1698
1825.50,27.1809
1826.00,27.1937
1826.50,27.2074
1827.00,27.2219
1827.50,27.2370
1828.00,27.2504
1828.50,27.2562
1829.00,27.2485
1829.50,27.2267
1830.00,27.1973
1830.50,27.1688
1831.00,27.1448
1831.50,27.1234
1832.00,27.1026
1832.50,27.0856
1833.00,27.0808
1833.50,27.0940
1834.00,27.1214
1834.50,27.1513
1835.00,27.1730
1835.50,27.1849
1836.00,27.1927
1836.50,27.2018
1837.00,27.2135
1837.50,27.2267
1838.00,27.2402
1838.50,27.2519
1839.00,27.2578
1839.50,27.2536
1840.00,27.2395
1840.50,27.2219
1841.00,27.2108
1841.50,27.2148
1842.00,27.2362
1842.50,27.2692
1843.00,27.3016
1843.50,27.3215
1844.00,27.3248
1844.50,27.3174
1845.00,27.3085
1845.50,27.3020
1846.00,27.2940
1846.50,27.2773
1847.00,27.2490
1847.50,27.2125
1848.00,27.1750
1848.50,27.1427
1849.00,27.1209
1849.50,27.1145
1850.00,27.1267
1850.50,27.1535
1851.00,27.1828
1851.50,27.2010
1852.00,27.2032
1852.50,27.1965
1853.00,27.1955
1853.50,27.2132
1854.00,27.2530
1854.50,27.3063
1855.00,27.3580
1855.50,27.3944
1856.00,27.4082
1856.50,27.3993
1857.00,27.3750
1857.50,27.3486
1858.00,27.3348
1858.50,27.3416
1859.00,27.3658
1859.50,27.3959
1860.00,27.4203
1860.50,27.4338
1861.00,27.4386
1861.50,27.4422
1862.00,27.4523
1862.50,27.4717
1863.00,27.4945
1863.50,27.5092
1864.00,27.5067
1864.50,27.4872
1865.00,27.4577
1865.50,27.4252
1866.00,27.3919
1866.50,27.3581
1867.00,27.3270
1867.50,27.3037
1868.00,27.2890
1868.50,27.2779
1869.00,27.2655
1869.50,27.2549
1870.00,27.2574
1870.50,27.2825
1871.00,27.3266
1871.50,27.3734
1872.00,27.4069
1872.50,27.4235
1873.00,27.4314
1873.50,27.4388
1874.00,27.4455
1874.50,27.4461
1875.00,27.4381
1875.50,27.4251
1876.00,27.4132
1876.50,27.4050
1877.00,27.3988
1877.50,27.3923
1878.00,27.3859
1878.50,27.3834
1879.00,27.3889
1879.50,27.4027
1880.00,27.4196
1880.50,27.4317
1881.00,27.4338
1881.50,27.4270
1882.00,27.4162
1882.50,27.4058
1883.00,27.3952
1883.50,27.3802
1884.00,27.3569
1884.50,27.3266
1885.00,27.2964
1885.50,27.2740
1886.00,27.2629
1886.50,27.2612
1887.00,27.2649
1887.50,27.2729
1888.00,27.2886
1888.50,27.3167
1889.00,27.3566
1889.50,27.3993
1890.00,27.4324
1890.50,27.4484
1891.00,27.4472
1891.50,27.4343
1892.00,27.4168
1892.50,27.4016
1893.00,27.3943
1893.50,27.3964
1894.00,27.4059
1894.50,27.4204
1895.00,27.4401
1895.50,27.4661
1896.00,27.4987
1896.50,27.5351
1897.00,27.5707
1897.50,27.5988
1898.00,27.6117
1898.50,27.6041
1899.00,27.5768
1899.50,27.5383
1900.00,27.5005
1900.50,27.4724
1901.00,27.4567
1901.50,27.4508
1902.00,27.4515
1902.50,27.4580
1903.00,27.4712
1903.50,27.4906
1904.00,27.5113
1904.50,27.5252
1905.00,27.5258
1905.50,27.5140
1906.00,27.4969
1906.50,27.4832
1907.00,27.4778
1907.50,27.4827
1908.00,27.4982
1908.50,27.5224
1909.00,27.5493
1909.50,27.5696
1910.00,27.5751
1910.50,27.5633
1911.00,27.5375
1911.50,27.5040
1912.00,27.4703
1912.50,27.4436
1913.00,27.4312
1913.50,27.4385
1914.00,27.4650
1914.50,27.5016
1915.00,27.5343
1915.50,27.5524
1916.00,27.5540
1916.50,27.5443
1917.00,27.5298
1917.50,27.5150
1918.00,27.5030
1918.50,27.4980
1919.00,27.5054
1919.50,27.5280
1920.00,27.5607
1920.50,27.5910
1921.00,27.6067
1921.50,27.6037
1922.00,27.5881
1922.50,27.5720
1923.00,27.5664
1923.50,27.5754
1924.00,27.5931
1924.50,27.6075
1925.00,27.6080
1925.50,27.5929
1926.00,27.5706
1926.50,27.5519
1927.00,27.5434
1927.50,27.5434
1928.00,27.5453
1928.50,27.5432
1929.00,27.5343
1929.50,27.5209
1930.00,27.5089
1930.50,27.5055
1931.00,27.5154
1931.50,27.5370
1932.00,27.5626
1932.50,27.5829
1933.00,27.5913
1933.50,27.5874
1934.00,27.5751
1934.50,27.5592
1935.00,27.5421
1935.50,27.5254
1936.00,27.5128
1936.50,27.5102
1937.00,27.5212
1937.50,27.5428
1938.00,27.5687
1938.50,27.5946
1939.00,27.6212
1939.50,27.6503
1940.00,27.6790
1940.50,27.6994
1941.00,27.7036
1941.50,27.6911
1942.00,27.6708
1942.50,27.6555
1943.00,27.6528
1943.50,27.6603
1944.00,27.6697
1944.50,27.6741
1945.00,27.6716
1945.50,27.6645
1946.00,27.6563
1946.50,27.6501
1947.00,27.6489
1947.50,27.6548
1948.00,27.6670
1948.50,27.6802
1949.00,27.6885
1949.50,27.6900
1950.00,27.6892
1950.50,27.6909
1951.00,27.6940
1951.50,27.6906
1952.00,27.6738
1952.50,27.6450
1953.00,27.6132
1953.50,27.5894
1954.00,27.5798
1954.50,27.5846
1955.00,27.5998
1955.50,27.6204
1956.00,27.6433
1956.50,27.6679
1957.00,27.6947
1957.50,27.7222
1958.00,27.7428
1958.50,27.7463
1959.00,27.7278
1959.50,27.6959
1960.00,27.6685
1960.50,27.6590
1961.00,27.6669
1961.50,27.6811
1962.00,27.6925
1962.50,27.6997
1963.00,27.7057
1963.50,27.7133
1964.00,27.7231
1964.50,27.7351
1965.00,27.7486
1965.50,27.7606
1966.00,27.7681
1966.50,27.7690
1967.00,27.7629
1967.50,27.7498
1968.00,27.7308
1968.50,27.7124
1969.00,27.7069
1969.50,27.7237
1970.00,27.7604
1970.50,27.8032
1971.00,27.8377
1971.50,27.8573
1972.00,27.8609
1972.50,27.8468
1973.00,27.8147
1973.50,27.7723
1974.00,27.7353
1974.50,27.7173
1975.00,27.7193
1975.50,27.7293
1976.00,27.7313
1976.50,27.7162
1977.00,27.6867
1977.50,27.6549
1978.00,27.6340
1978.50,27.6311
1979.00,27.6434
1979.50,27.6618
1980.00,27.6779
1980.50,27.6894
1981.00,27.6999
1981.50,27.7136
1982.00,27.7303
1982.50,27.7443
1983.00,27.7479
1983.50,27.7368
1984.00,27.7131
1984.50,27.6841
1985.00,27.6589
1985.50,27.6448
1986.00,27.6444
1986.50,27.6558
1987.00,27.6747
1987.50,27.6966
1988.00,27.7197
1988.50,27.7446
1989.00,27.7721
1989.50,27.8009
1990.00,27.8255
1990.50,27.8391
1991.00,27.8374
1991.50,27.8223
1992.00,27.8008
1992.50,27.7811
1993.00,27.7685
1993.50,27.7657
1994.00,27.7733
1994.50,27.7887
1995.00,27.8042
1995.50,27.8113
1996.00,27.8077
1996.50,27.8005
1997.00,27.7991
1997.50,27.8061
1998.00,27.8136
1998.50,27.8116
1999.00,27.7981
1999.50,27.7825
2000.00,27.7763
2000.50,27.7829
2001.00,27.7963
2001.50,27.8093
2002.00,27.8215
2002.50,27.8376
2003.00,27.8609
2003.50,27.8888
2004.00,27.9145
2004.50,27.9327
2005.00,27.9422
2005.50,27.9432
2006.00,27.9332
2006.50,27.9072
2007.00,27.8625
2007.50,27.8032
2008.00,27.7404
2008.50,27.6871
2009.00,27.6541
2009.50,27.6461
2010.00,27.6581
2010.50,27.6753
2011.00,27.6798
2011.50,27.6623
2012.00,27.6306
2012.50,27.6036
2013.00,27.5953
2013.50,27.6045
2014.00,27.6213
2014.50,27.6402
2015.00,27.6608
2015.50,27.6799
2016.00,27.6874
2016.50,27.6745
2017.00,27.6430
2017.50,27.6035
2018.00,27.5650
2018.50,27.5301
2019.00,27.5008
2019.50,27.4853
2020.00,27.4951
2020.50,27.5357
2021.00,27.5992
2021.50,27.6673
2022.00,27.7199
2022.50,27.7455
2023.00,27.7472
2023.50,27.7402
2024.00,27.7398
2024.50,27.7495
2025.00,27.7597
2025.50,27.7570
2026.00,27.7340
2026.50,27.6916
2027.00,27.6372
2027.50,27.5829
2028.00,27.5433
2028.50,27.5300
2029.00,27.5454
2029.50,27.5806
2030.00,27.6203
2030.50,27.6500
2031.00,27.6629
2031.50,27.6629
2032.00,27.6611
2032.50,27.6658
2033.00,27.6770
2033.50,27.6895
2034.00,27.7019
2034.50,27.7203
2035.00,27.7527
2035.50,27.7995
2036.00,27.8512
2036.50,27.8930
2037.00,27.9133
2037.50,27.9110
2038.00,27.8955
2038.50,27.8808
2039.00,27.8757
2039.50,27.8789
2040.00,27.8825
2040.50,27.8793
2041.00,27.8685
2041.50,27.8546
2042.00,27.8432
2042.50,27.8381
2043.00,27.8409
2043.50,27.8520
2044.00,27.8700
2044.50,27.8908
2045.00,27.9088
2045.50,27.9198
2046.00,27.9236
2046.50,27.9229
2047.00,27.9208
2047.50,27.9188
2048.00,27.9162
2048.50,27.9103
2049.00,27.8975
2049.50,27.8767
2050.00,27.8546
2050.50,27.8430
2051.00,27.8493
2051.50,27.8686
2052.00,27.8870
2052.50,27.8937
2053.00,27.8893
2053.50,27.8815
2054.00,27.8780
2054.50,27.8815
2055.00,27.8915
2055.50,27.9060
2056.00,27.9211
2056.50,27.9325
2057.00,27.9379
2057.50,27.9377
2058.00,27.9333
2058.50,27.9245
2059.00,27.9110
2059.50,27.8929
2060.00,27.8705
2060.50,27.8436
2061.00,27.8142
2061.50,27.7877
2062.00,27.7707
2062.50,27.7677
2063.00,27.7808
2063.50,27.8107
2064.00,27.8541
2064.50,27.9012
2065.00,27.9382
2065.50,27.9548
2066.00,27.9507
2066.50,27.9348
2067.00,27.9178
2067.50,27.9057
2068.00,27.8990
2068.50,27.8974
2069.00,27.9025
2069.50,27.9167
2070.00,27.9395
2070.50,27.9662
2071.00,27.9921
2071.50,28.0158
2072.00,28.0392
2072.50,28.0634
2073.00,28.0863
2073.50,28.1020
2074.00,28.1036
2074.50,28.0867
2075.00,28.0526
2075.50,28.0114
2076.00,27.9776
2076.50,27.9621
2077.00,27.9627
2077.50,27.9644
2078.00,27.9492
2078.50,27.9097
2079.00,27.8575
2079.50,27.8171
2080.00,27.8088
2080.50,27.8342
2081.00,27.8780
2081.50,27.9217
2082.00,27.9553
2082.50,27.9792
2083.00,27.9964
2083.50,28.0079
2084.00,28.0117
2084.50,28.0070
2085.00,27.9989
2085.50,27.9969
2086.00,28.0078
2086.50,28.0309
2087.00,28.0586
2087.50,28.0824
2088.00,28.0987
2088.50,28.1098
2089.00,28.1213
2089.50,28.1362
2090.00,28.1502
2090.50,28.1543
2091.00,28.1425
2091.50,28.1181
2092.00,28.0915
2092.50,28.0731
2093.00,28.0681
2093.50,28.0756
2094.00,28.0893
2094.50,28.0982
2095.00,28.0922
2095.50,28.0690
2096.00,28.0389
2096.50,28.0173
2097.00,28.0107
2097.50,28.0101
2098.00,28.0014
2098.50,27.9795
2099.00,27.9519
2099.50,27.9288
2100.00,27.9130
2100.50,27.9008
2101.00,27.8896
2101.50,27.8834
2102.00,27.8914
2102.50,27.9201
2103.00,27.9657
2103.50,28.0158
2104.00,28.0578
2104.50,28.0870
2105.00,28.1062
2105.50,28.1183
2106.00,28.1211
2106.50,28.1092
2107.00,28.0814
2107.50,28.0468
2108.00,28.0228
2108.50,28.0248
2109.00,28.0550
2109.50,28.1012
2110.00,28.1460
2110.50,28.1774
2111.00,28.1914
2111.50,28.1894
2112.00,28.1749
2112.50,28.1545
2113.00,28.1381
2113.50,28.1343
2114.00,28.1449
2114.50,28.1623
2115.00,28.1743
2115.50,28.1713
2116.00,28.1521
2116.50,28.1214
2117.00,28.0867
2117.50,28.0562
2118.00,28.0379
2118.50,28.0345
2119.00,28.0384
2119.50,28.0365
2120.00,28.0246
2120.50,28.0145
2121.00,28.0235
2121.50,28.0579
2122.00,28.1055
2122.50,28.1467
2123.00,28.1688
2123.50,28.1734
2124.00,28.1710
2124.50,28.1710
2125.00,28.1752
2125.50,28.1799
2126.00,28.1819
2126.50,28.1820
2127.00,28.1827
2127.50,28.1853
2128.00,28.1898
2128.50,28.1952
2129.00,28.1999
2129.50,28.2020
2130.00,28.1999
2130.50,28.1945
2131.00,28.1882
2131.50,28.1840
2132.00,28.1853
2132.50,28.1945
2133.00,28.2122
2133.50,28.2364
2134.00,28.2619
2134.50,28.2816
2135.00,28.2891
2135.50,28.2829
2136.00,28.2668
2136.50,28.2469
2137.00,28.2281
2137.50,28.2123
2138.00,28.1997
2138.50,28.1896
2139.00,28.1808
2139.50,28.1725
2140.00,28.1647
2140.50,28.1574
2141.00,28.1511
2141.50,28.1468
2142.00,28.1466
2142.50,28.1527
2143.00,28.1658
2143.50,28.1843
2144.00,28.2064
2144.50,28.2328
2145.00,28.2654
2145.50,28.3032
2146.00,28.3384
2146.50,28.3590
2147.00,28.3577
2147.50,28.3384
2148.00,28.3121
2148.50,28.2873
2149.00,28.2655
2149.50,28.2451
2150.00,28.2275
2150.50,28.2172
2151.00,28.2165
2151.50,28.2234
2152.00,28.2335
2152.50,28.2422
2153.00,28.2448
2153.50,28.2377
2154.00,28.2226
2154.50,28.2070
2155.00,28.1992
2155.50,28.2005
2156.00,28.2041
2156.50,28.2019
2157.00,28.1928
2157.50,28.1848
2158.00,28.1879
2158.50,28.2058
2159.00,28.2344
2159.50,28.2661
2160.00,28.2959
2160.50,28.3220
2161.00,28.3438
2161.50,28.3592
2162.00,28.3668
2162.50,28.3684
2163.00,28.3682
2163.50,28.3701
2164.00,28.3729
2164.50,28.3707
2165.00,28.3565
2165.50,28.3277
2166.00,28.2881
2166.50,28.2475
2167.00,28.2188
2167.50,28.2119
2168.00,28.2285
2168.50,28.2602
2169.00,28.2935
2169.50,28.3164
2170.00,28.3216
2170.50,28.3074
2171.00,28.2772
2171.50,28.2391
2172.00,28.2039
2172.50,28.1815
2173.00,28.1778
2173.50,28.1927
2174.00,28.2209
2174.50,28.2551
2175.00,28.2894
2175.50,28.3214
2176.00,28.3496
2176.50,28.3702
2177.00,28.3791
2177.50,28.3781
2178.00,28.3762
2178.50,28.3820
2179.00,28.3947
2179.50,28.4070
2180.00,28.4133
2180.50,28.4149
2181.00,28.4172
2181.50,28.4230
2182.00,28.4299
2182.50,28.4336
2183.00,28.4312
2183.50,28.4246
2184.00,28.4192
2184.50,28.4210
2185.00,28.4316
2185.50,28.4463
2186.00,28.4579
2186.50,28.4616
2187.00,28.4589
2187.50,28.4542
2188.00,28.4518
2188.50,28.4533
2189.00,28.4575
2189.50,28.4625
2190.00,28.4665
2190.50,28.4685
2191.00,28.4676
2191.50,28.4617
2192.00,28.4471
2192.50,28.4198
2193.00,28.3786
2193.50,28.3288
2194.00,28.2822
2194.50,28.2528
2195.00,28.2490
2195.50,28.2692
2196.00,28.3036
2196.50,28.3404
2197.00,28.3705
2197.50,28.3898
2198.00,28.3990
2198.50,28.4014
2199.00,28.4005
2199.50,28.3973
2200.00,28.3892
2200.50,28.3728
2201.00,28.3486
2201.50,28.3223
2202.00,28.3016
2202.50,28.2911
2203.00,28.2910
2203.50,28.2990
2204.00,28.3130
2204.50,28.3319
2205.00,28.3546
2205.50,28.3787
2206.00,28.3991
2206.50,28.4093
2207.00,28.4061
2207.50,28.3936
2208.00,28.3827
2208.50,28.3846
2209.00,28.4027
2209.50,28.4293
2210.00,28.4508
2210.50,28.4575
2211.00,28.4493
2211.50,28.4357
2212.00,28.4294
2212.50,28.4393
2213.00,28.4668
2213.50,28.5054
2214.00,28.5435
2214.50,28.5694
2215.00,28.5772
2215.50,28.5691
2216.00,28.5528
2216.50,28.5355
2217.00,28.5195
2217.50,28.5016
2218.00,28.4771
2218.50,28.4440
2219.00,28.4055
2219.50,28.3696
2220.00,28.3455
2220.50,28.3384
2221.00,28.3471
2221.50,28.3650
2222.00,28.3829
2222.50,28.3939
2223.00,28.3957
2223.50,28.3903
2224.00,28.3820
2224.50,28.3757
2225.00,28.3767
2225.50,28.3890
2226.00,28.4129
2226.50,28.4434
2227.00,28.4721
2227.50,28.4909
2228.00,28.4961
2228.50,28.4895
2229.00,28.4775
2229.50,28.4672
2230.00,28.4623
2230.50,28.4613
2231.00,28.4612
2231.50,28.4614
2232.00,28.4655
2232.50,28.4783
2233.00,28.5012
2233.50,28.5315
2234.00,28.5638
2234.50,28.5939
2235.00,28.6205
2235.50,28.6443
2236.00,28.6647
2236.50,28.6765
2237.00,28.6727
2237.50,28.6499
2238.00,28.6134
2238.50,28.5753
2239.00,28.5466
2239.50,28.5306
2240.00,28.5238
2240.50,28.5223
2241.00,28.5264
2241.50,28.5385
2242.00,28.5595
2242.50,28.5868
2243.00,28.6149
2243.50,28.6372
2244.00,28.6470
2244.50,28.6418
2245.00,28.6256
2245.50,28.6072
2246.00,28.5950
2246.50,28.5928
2247.00,28.5997
2247.50,28.6121
2248.00,28.6260
2248.50,28.6383
2249.00,28.6479
2249.50,28.6540
2250.00,28.6551
2250.50,28.6504
2251.00,28.6406
2251.50,28.6277
2252.00,28.6137
2252.50,28.5989
2253.00,28.5841
2253.50,28.5725
2254.00,28.5694
2254.50,28.5789
2255.00,28.5990
2255.50,28.6207
2256.00,28.6308
2256.50,28.6200
2257.00,28.5903
2257.50,28.5559
2258.00,28.5360
2258.50,28.5425
2259.00,28.5733
2259.50,28.6149
2260.00,28.6525
2260.50,28.6768
2261.00,28.6859
2261.50,28.6833
2262.00,28.6758
2262.50,28.6723
2263.00,28.6789
2263.50,28.6949
2264.00,28.7138
2264.50,28.7286
2265.00,28.7359
2265.50,28.7357
2266.00,28.7293
2266.50,28.7180
2267.00,28.7038
2267.50,28.6888
2268.00,28.6753
2268.50,28.6652
2269.00,28.6599
2269.50,28.6582
2270.00,28.6576
2270.50,28.6556
2271.00,28.6516
2271.50,28.6455
2272.00,28.6366
2272.50,28.6246
2273.00,28.6131
2273.50,28.6088
2274.00,28.6159
2274.50,28.6305
2275.00,28.6426
2275.50,28.6447
2276.00,28.6372
2276.50,28.6274
2277.00,28.6223
2277.50,28.6251
2278.00,28.6353
2278.50,28.6517
2279.00,28.6747
2279.50,28.7055
2280.00,28.7418
2280.50,28.7749
2281.00,28.7924
2281.50,28.7869
2282.00,28.7623
2282.50,28.7319
2283.00,28.7088
2283.50,28.6952
2284.00,28.6836
2284.50,28.6666
2285.00,28.6471
2285.50,28.6345
2286.00,28.6346
2286.50,28.6442
2287.00,28.6553
2287.50,28.6629
2288.00,28.6684
2288.50,28.6787
2289.00,28.7019
2289.50,28.7413
2290.00,28.7906
2290.50,28.8358
2291.00,28.8630
2291.50,28.8687
2292.00,28.8603
2292.50,28.8508
2293.00,28.8501
2293.50,28.8609
2294.00,28.8797
2294.50,28.8999
2295.00,28.9138
2295.50,28.9152
2296.00,28.9018
2296.50,28.8760
2297.00,28.8429
2297.50,28.8067
2298.00,28.7677
2298.50,28.7252
2299.00,28.6815
2299.50,28.6439
2300.00,28.6218
2300.50,28.6197
2301.00,28.6346
2301.50,28.6588
2302.00,28.6851
2302.50,28.7085
2303.00,28.7251
2303.50,28.7325
2304.00,28.7332
2304.50,28.7356
2305.00,28.7487
2305.50,28.7740
2306.00,28.8031
2306.50,28.8241
2307.00,28.8297
2307.50,28.8197
2308.00,28.7998
2308.50,28.7798
2309.00,28.7702
2309.50,28.7771
2310.00,28.7982
2310.50,28.8254
2311.00,28.8515
2311.50,28.8744
2312.00,28.8941
2312.50,28.9094
2313.00,28.9179
2313.50,28.9186
2314.00,28.9122
2314.50,28.8999
2315.00,28.8825
2315.50,28.8616
2316.00,28.8417
2316.50,28.8295
2317.00,28.8295
2317.50,28.8402
2318.00,28.8545
2318.50,28.8643
2319.00,28.8656
2319.50,28.8585
2320.00,28.8441
2320.50,28.8230
2321.00,28.7993
2321.50,28.7818
2322.00,28.7793
2322.50,28.7934
2323.00,28.8150
2323.50,28.8294
2324.00,28.8251
2324.50,28.7999
2325.00,28.7624
2325.50,28.7296
2326.00,28.7176
2326.50,28.7311
2327.00,28.7611
2327.50,28.7940
2328.00,28.8219
2328.50,28.8445
2329.00,28.8635
2329.50,28.8781
2330.00,28.8849
2330.50,28.8798
2331.00,28.8598
2331.50,28.8250
2332.00,28.7812
2332.50,28.7413
2333.00,28.7213
2333.50,28.7307
2334.00,28.7662
2334.50,28.8141
2335.00,28.8613
2335.50,28.9032
2336.00,28.9410
2336.50,28.9735
2337.00,28.9935
2337.50,28.9947
2338.00,28.9799
2338.50,28.9599
2339.00,28.9450
2339.50,28.9378
2340.00,28.9356
2340.50,28.9356
2341.00,28.9377
2341.50,28.9433
2342.00,28.9535
2342.50,28.9666
2343.00,28.9780
2343.50,28.9820
2344.00,28.9771
2344.50,28.9691
2345.00,28.9664
2345.50,28.9709
2346.00,28.9745
2346.50,28.9663
2347.00,28.9441
2347.50,28.9193
2348.00,28.9087
2348.50,28.9219
2349.00,28.9540
2349.50,28.9882
2350.00,29.0045
2350.50,28.9911
2351.00,28.9524
2351.50,28.9069
2352.00,28.8749
2352.50,28.8647
2353.00,28.8716
2353.50,28.8866
2354.00,28.9041
2354.50,28.9230
2355.00,28.9435
2355.50,28.9651
2356.00,28.9856
2356.50,29.0007
2357.00,29.0056
2357.50,28.9986
2358.00,28.9837
2358.50,28.9703
2359.00,28.9664
2359.50,28.9739
2360.00,28.9877
2360.50,29.0009
2361.00,29.0105
2361.50,29.0173
2362.00,29.0213
2362.50,29.0191
2363.00,29.0078
2363.50,28.9910
2364.00,28.9781
2364.50,28.9761
2365.00,28.9822
2365.50,28.9865
2366.00,28.9828
2366.50,28.9763
2367.00,28.9796
2367.50,29.0007
2368.00,29.0335
2368.50,29.0619
2369.00,29.0730
2369.50,29.0662
2370.00,29.0509
2370.50,29.0368
2371.00,29.0286
2371.50,29.0266
2372.00,29.0301
2372.50,29.0382
2373.00,29.0477
2373.50,29.0534
2374.00,29.0509
2374.50,29.0407
2375.00,29.0278
2375.50,29.0185
2376.00,29.0152
2376.50,29.0163
2377.00,29.0196
2377.50,29.0252
2378.00,29.0343
2378.50,29.0476
2379.00,29.0633
2379.50,29.0769
2380.00,29.0840
2380.50,29.0834
2381.00,29.0809
2381.50,29.0856
2382.00,29.1026
2382.50,29.1280
2383.00,29.1530
2383.50,29.1722
2384.00,29.1857
2384.50,29.1951
2385.00,29.1976
2385.50,29.1881
2386.00,29.1665
2386.50,29.1408
2387.00,29.1209
2387.50,29.1098
2388.00,29.1017
2388.50,29.0897
2389.00,29.0729
2389.50,29.0570
2390.00,29.0492
2390.50,29.0541
2391.00,29.0717
2391.50,29.0957
2392.00,29.1155
2392.50,29.1216
2393.00,29.1125
2393.50,29.0959
2394.00,29.0835
2394.50,29.0833
2395.00,29.0946
2395.50,29.1103
2396.00,29.1224
2396.50,29.1268
2397.00,29.1244
2397.50,29.1181
2398.00,29.1113
2398.50,29.1054
2399.00,29.0999
2399.50,29.0943
2400.00,29.0900
2400.50,29.0901
2401.00,29.0980
2401.50,29.1145
2402.00,29.1369
2402.50,29.1594
2403.00,29.1759
2403.50,29.1839
2404.00,29.1862
2404.50,29.1894
2405.00,29.1988
2405.50,29.2136
2406.00,29.2275
2406.50,29.2341
2407.00,29.2319
2407.50,29.2242
2408.00,29.2151
2408.50,29.2060
2409.00,29.1979
2409.50,29.1930
2410.00,29.1941
2410.50,29.2024
2411.00,29.2146
2411.50,29.2232
2412.00,29.2195
2412.50,29.1975
2413.00,29.1611
2413.50,29.1244
2414.00,29.1059
2414.50,29.1164
2415.00,29.1507
2415.50,29.1918
2416.00,29.2226
2416.50,29.2360
2417.00,29.2366
2417.50,29.2333
2418.00,29.2327
2418.50,29.2370
2419.00,29.2467
2419.50,29.2610
2420.00,29.2771
2420.50,29.2908
2421.00,29.2989
2421.50,29.3011
2422.00,29.2996
2422.50,29.2954
2423.00,29.2883
2423.50,29.2779
2424.00,29.2648
2424.50,29.2506
2425.00,29.2390
2425.50,29.2335
2426.00,29.2351
2426.50,29.2407
2427.00,29.2453
2427.50,29.2472
2428.00,29.2498
2428.50,29.2570
2429.00,29.2683
2429.50,29.2792
2430.00,29.2869
2430.50,29.2943
2431.00,29.3058
2431.50,29.3213
2432.00,29.3350
2432.50,29.3399
2433.00,29.3329
2433.50,29.3158
2434.00,29.2931
2434.50,29.2695
2435.00,29.2484
2435.50,29.2332
2436.00,29.2285
2436.50,29.2388
2437.00,29.2649
2437.50,29.2999
2438.00,29.3308
2438.50,29.3458
2439.00,29.3417
2439.50,29.3258
2440.00,29.3097
2440.50,29.3002
2441.00,29.2963
2441.50,29.2939
2442.00,29.2918
2442.50,29.2934
2443.00,29.3018
2443.50,29.3171
2444.00,29.3359
2444.50,29.3540
2445.00,29.3665
2445.50,29.3691
2446.00,29.3605
2446.50,29.3446
2447.00,29.3295
2447.50,29.3215
2448.00,29.3203
2448.50,29.3186
2449.00,29.3096
2449.50,29.2936
2450.00,29.2796
2450.50,29.2777
2451.00,29.2907
2451.50,29.3109
2452.00,29.3264
2452.50,29.3300
2453.00,29.3233
2453.50,29.3138
2454.00,29.3085
2454.50,29.3101
2455.00,29.3173
2455.50,29.3283
2456.00,29.3438
2456.50,29.3658
2457.00,29.3941
2457.50,29.4237
2458.00,29.4462
2458.50,29.4544
2459.00,29.4467
2459.50,29.4272
2460.00,29.4035
2460.50,29.3834
2461.00,29.3725
2461.50,29.3729
2462.00,29.3836
2462.50,29.4004
2463.00,29.4179
2463.50,29.4303
2464.00,29.4341
2464.50,29.4311
2465.00,29.4270
2465.50,29.4260
2466.00,29.4254
2466.50,29.4172
2467.00,29.3950
2467.50,29.3606
2468.00,29.3226
2468.50,29.2916
2469.00,29.2753
2469.50,29.2757
2470.00,29.2894
2470.50,29.3089
2471.00,29.3258
2471.50,29.3346
2472.00,29.3350
2472.50,29.3321
2473.00,29.3333
2473.50,29.3439
2474.00,29.3648
2474.50,29.3919
2475.00,29.4194
2475.50,29.4416
2476.00,29.4534
2476.50,29.4518
2477.00,29.4369
2477.50,29.4128
2478.00,29.3880
2478.50,29.3736
2479.00,29.3798
2479.50,29.4084
2480.00,29.4485
2480.50,29.4834
2481.00,29.5022
2481.50,29.5049
2482.00,29.4974
2482.50,29.4822
2483.00,29.4566
2483.50,29.4175
2484.00,29.3684
2484.50,29.3214
2485.00,29.2912
2485.50,29.2861
2486.00,29.3044
2486.50,29.3399
2487.00,29.3868
2487.50,29.4395
2488.00,29.4891
2488.50,29.5223
2489.00,29.5286
2489.50,29.5061
2490.00,29.4654
2490.50,29.4253
2491.00,29.4025
2491.50,29.4021
2492.00,29.4158
2492.50,29.4272
2493.00,29.4240
2493.50,29.4049
2494.00,29.3793
2494.50,29.3603
2495.00,29.3584
2495.50,29.3766
2496.00,29.4108
2496.50,29.4507
2497.00,29.4846
2497.50,29.5044
2498.00,29.5096
2498.50,29.5059
2499.00,29.4989
2499.50,29.4897
2500.00,29.4758
2500.50,29.4560
2501.00,29.4338
2501.50,29.4164
2502.00,29.4093
2502.50,29.4126
2503.00,29.4220
2503.50,29.4316
2504.00,29.4364
2504.50,29.4344
2505.00,29.4292
2505.50,29.4286
2506.00,29.4393
2506.50,29.4607
2507.00,29.4856
2507.50,29.5056
2508.00,29.5172
2508.50,29.5248
2509.00,29.5382
2509.50,29.5632
2510.00,29.5944
2510.50,29.6184
2511.00,29.6258
2511.50,29.6189
2512.00,29.6072
2512.50,29.5966
2513.00,29.5852
2513.50,29.5671
2514.00,29.5400
2514.50,29.5072
2515.00,29.4757
2515.50,29.4515
2516.00,29.4387
2516.50,29.4378
2517.00,29.4463
2517.50,29.4574
2518.00,29.4640
2518.50,29.4628
2519.00,29.4561
2519.50,29.4487
2520.00,29.4431
2520.50,29.4399
2521.00,29.4390
2521.50,29.4401
2522.00,29.4402
2522.50,29.4345
2523.00,29.4215
2523.50,29.4076
2524.00,29.4038
2524.50,29.4165
2525.00,29.4405
2525.50,29.4638
2526.00,29.4781
2526.50,29.4840
2527.00,29.4871
2527.50,29.4930
2528.00,29.5051
2528.50,29.5243
2529.00,29.5475
2529.50,29.5677
2530.00,29.5783
2530.50,29.5791
2531.00,29.5790
2531.50,29.5884
2532.00,29.6099
2532.50,29.6349
2533.00,29.6502
2533.50,29.6489
2534.00,29.6337
2534.50,29.6121
2535.00,29.5906
2535.50,29.5722
2536.00,29.5575
2536.50,29.5456
2537.00,29.5351
2537.50,29.5258
2538.00,29.5191
2538.50,29.5160
2539.00,29.5134
2539.50,29.5058
2540.00,29.4903
2540.50,29.4711
2541.00,29.4567
2541.50,29.4553
2542.00,29.4697
2542.50,29.4965
2543.00,29.5279
2543.50,29.5570
2544.00,29.5821
2544.50,29.6057
2545.00,29.6284
2545.50,29.6456
2546.00,29.6506
2546.50,29.6407
2547.00,29.6213
2547.50,29.6035
2548.00,29.5969
2548.50,29.6025
2549.00,29.6113
2549.50,29.6111
2550.00,29.5943
2550.50,29.5619
2551.00,29.5215
2551.50,29.4830
2552.00,29.4554
2552.50,29.4451
2553.00,29.4549
2553.50,29.4824
2554.00,29.5205
2554.50,29.5598
2555.00,29.5920
2555.50,29.6150
2556.00,29.6337
2556.50,29.6567
2557.00,29.6894
2557.50,29.7286
2558.00,29.7638
2558.50,29.7841
2559.00,29.7857
2559.50,29.7741
2560.00,29.7583
2560.50,29.7434
2561.00,29.7265
2561.50,29.7007
2562.00,29.6632
2562.50,29.6198
2563.00,29.5827
2563.50,29.5631
2564.00,29.5639
2564.50,29.5793
2565.00,29.5992
2565.50,29.6172
2566.00,29.6323
2566.50,29.6458
2567.00,29.6567
2567.50,29.6630
2568.00,29.6645
2568.50,29.6638
2569.00,29.6642
2569.50,29.6675
2570.00,29.6749
2570.50,29.6875
2571.00,29.7039
2571.50,29.7204
2572.00,29.7316
2572.50,29.7336
2573.00,29.7261
2573.50,29.7126
2574.00,29.6985
2574.50,29.6876
2575.00,29.6812
2575.50,29.6783
2576.00,29.6782
2576.50,29.6805
2577.00,29.6836
2577.50,29.6838
2578.00,29.6769
2578.50,29.6620
2579.00,29.6451
2579.50,29.6372
2580.00,29.6494
2580.50,29.6847
2581.00,29.7369
2581.50,29.7922
2582.00,29.8360
2582.50,29.8579
2583.00,29.8569
2583.50,29.8406
2584.00,29.8197
2584.50,29.8001
2585.00,29.7823
2585.50,29.7654
2586.00,29.7515
2586.50,29.7440
2587.00,29.7440
2587.50,29.7497
2588.00,29.7580
2588.50,29.7654
2589.00,29.7675
2589.50,29.7609
2590.00,29.7455
2590.50,29.7253
2591.00,29.7071
2591.50,29.6971
2592.00,29.6971
2592.50,29.7022
2593.00,29.7042
2593.50,29.6990
2594.00,29.6914
2594.50,29.6930
2595.00,29.7126
2595.50,29.7493
2596.00,29.7925
2596.50,29.8293
2597.00,29.8519
2597.50,29.8589
2598.00,29.8524
2598.50,29.8349
2599.00,29.8100
2599.50,29.7846
2600.00,29.7678
2600.50,29.7658
2601.00,29.7775
2601.50,29.7947
2602.00,29.8074
2602.50,29.8108
2603.00,29.8075
2603.50,29.8044
2604.00,29.8064
2604.50,29.8118
2605.00,29.8150
2605.50,29.8116
2606.00,29.8034
2606.50,29.7963
2607.00,29.7951
2607.50,29.7998
2608.00,29.8053
2608.50,29.8053
2609.00,29.7964
2609.50,29.7814
2610.00,29.7678
2610.50,29.7632
2611.00,29.7715
2611.50,29.7920
2612.00,29.8203
2612.50,29.8473
2613.00,29.8614
2613.50,29.8536
2614.00,29.8250
2614.50,29.7885
2615.00,29.7617
2615.50,29.7571
2616.00,29.7767
2616.50,29.8136
2617.00,29.8565
2617.50,29.8939
2618.00,29.9181
2618.50,29.9279
2619.00,29.9275
2619.50,29.9226
2620.00,29.9166
2620.50,29.9101
2621.00,29.9030
2621.50,29.8961
2622.00,29.8905
2622.50,29.8881
2623.00,29.8907
2623.50,29.8972
2624.00,29.9038
2624.50,29.9055
2625.00,29.8985
2625.50,29.8818
2626.00,29.8591
2626.50,29.8389
2627.00,29.8296
2627.50,29.8334
2628.00,29.8448
2628.50,29.8549
2629.00,29.8571
2629.50,29.8505
2630.00,29.8409
2630.50,29.8372
2631.00,29.8456
2631.50,29.8633
2632.00,29.8808
2632.50,29.8897
2633.00,29.8887
2633.50,29.8830
2634.00,29.8784
2634.50,29.8761
2635.00,29.8733
2635.50,29.8668
2636.00,29.8563
2636.50,29.8449
2637.00,29.8357
2637.50,29.8307
2638.00,29.8322
2638.50,29.8447
2639.00,29.8700
2639.50,29.9019
2640.00,29.9270
2640.50,29.9354
2641.00,29.9299
2641.50,29.9245
2642.00,29.9318
2642.50,29.9521
2643.00,29.9738
2643.50,29.9842
2644.00,29.9797
2644.50,29.9658
2645.00,29.9507
2645.50,29.9394
2646.00,29.9329
2646.50,29.9306
2647.00,29.9315
2647.50,29.9340
2648.00,29.9360
2648.50,29.9358
2649.00,29.9324
2649.50,29.9249
2650.00,29.9120
2650.50,29.8938
2651.00,29.8721
2651.50,29.8503
2652.00,29.8323
2652.50,29.8230
2653.00,29.8265
2653.50,29.8443
2654.00,29.8728
2654.50,29.9049
2655.00,29.9338
2655.50,29.9559
2656.00,29.9696
2656.50,29.9741
2657.00,29.9681
2657.50,29.9526
2658.00,29.9315
2658.50,29.9110
2659.00,29.8960
2659.50,29.8880
2660.00,29.8851
2660.50,29.8847
2661.00,29.8842
2661.50,29.8835
2662.00,29.8858
2662.50,29.8974
2663.00,29.9223
2663.50,29.9558
2664.00,29.9849
2664.50,29.9956
2665.00,29.9844
2665.50,29.9609
2666.00,29.9425
2666.50,29.9426
2667.00,29.9623
2667.50,29.9911
2668.00,30.0139
2668.50,30.0212
2669.00,30.0128
2669.50,29.9955
2670.00,29.9783
2670.50,29.9675
2671.00,29.9670
2671.50,29.9768
2672.00,29.9926
2672.50,30.0053
2673.00,30.0062
2673.50,29.9940
2674.00,29.9772
2674.50,29.9667
2675.00,29.9650
2675.50,29.9636
2676.00,29.9518
2676.50,29.9277
2677.00,29.8993
2677.50,29.8769
2678.00,29.8659
2678.50,29.8672
2679.00,29.8813
2679.50,29.9089
2680.00,29.9468
2680.50,29.9863
2681.00,30.0175
2681.50,30.0345
2682.00,30.0371
2682.50,30.0291
2683.00,30.0157
2683.50,30.0015
2684.00,29.9891
2684.50,29.9795
2685.00,29.9733
2685.50,29.9725
2686.00,29.9782
2686.50,29.9880
2687.00,29.9955
2687.50,29.9950
2688.00,29.9876
2688.50,29.9807
2689.00,29.9814
2689.50,29.9912
2690.00,30.0070
2690.50,30.0245
2691.00,30.0400
2691.50,30.0473
2692.00,30.0382
2692.50,30.0072
2693.00,29.9591
2693.50,29.9103
2694.00,29.8806
2694.50,29.8816
2695.00,29.9105
2695.50,29.9528
2696.00,29.9920
2696.50,30.0179
2697.00,30.0292
2697.50,30.0297
2698.00,30.0244
2698.50,30.0157
2699.00,30.0046
2699.50,29.9949
2700.00,29.9953
2700.50,30.0143
2701.00,30.0522
2701.50,30.0986
2702.00,30.1377
2702.50,30.1572
2703.00,30.1532
2703.50,30.1293
2704.00,30.0925
2704.50,30.0509
2705.00,30.0131
2705.50,29.9871
2706.00,29.9778
2706.50,29.9846
2707.00,29.9995
2707.50,30.0131
2708.00,30.0212
2708.50,30.0284
2709.00,30.0429
2709.50,30.0670
2710.00,30.0940
2710.50,30.1133
2711.00,30.1205
2711.50,30.1207
2712.00,30.1251
2712.50,30.1399
2713.00,30.1617
2713.50,30.1812
2714.00,30.1933
2714.50,30.1994
2715.00,30.2030
2715.50,30.2039
2716.00,30.1997
2716.50,30.1904
2717.00,30.1806
2717.50,30.1747
2718.00,30.1744
2718.50,30.1775
2719.00,30.1812
2719.50,30.1830
2720.00,30.1802
2720.50,30.1698
2721.00,30.1491
2721.50,30.1186
2722.00,30.0833
2722.50,30.0512
2723.00,30.0288
2723.50,30.0188
2724.00,30.0201
2724.50,30.0313
2725.00,30.0517
2725.50,30.0813
2726.00,30.1180
2726.50,30.1553
2727.00,30.1832
2727.50,30.1930
2728.00,30.1834
2728.50,30.1620
2729.00,30.1418
2729.50,30.1350
2730.00,30.1440
2730.50,30.1593
2731.00,30.1658
2731.50,30.1563
2732.00,30.1374
2732.50,30.1233
2733.00,30.1216
2733.50,30.1278
2734.00,30.1317
2734.50,30.1289
2735.00,30.1247
2735.50,30.1278
2736.00,30.1408
2736.50,30.1575
2737.00,30.1693
2737.50,30.1721
2738.00,30.1688
2738.50,30.1652
2739.00,30.1642
2739.50,30.1650
2740.00,30.1661
2740.50,30.1696
2741.00,30.1821
2741.50,30.2071
2742.00,30.2372
2742.50,30.2576
2743.00,30.2597
2743.50,30.2492
2744.00,30.2406
2744.50,30.2426
2745.00,30.2520
2745.50,30.2581
2746.00,30.2538
2746.50,30.2407
2747.00,30.2270
2747.50,30.2196
2748.00,30.2200
2748.50,30.2239
2749.00,30.2244
2749.50,30.2158
2750.00,30.1963
2750.50,30.1689
2751.00,30.1401
2751.50,30.1155
2752.00,30.0977
2752.50,30.0881
2753.00,30.0881
2753.50,30.0974
2754.00,30.1124
2754.50,30.1281
2755.00,30.1428
2755.50,30.1601
2756.00,30.1849
2756.50,30.2174
2757.00,30.2517
2757.50,30.2798
2758.00,30.2974
2758.50,30.3062
2759.00,30.3101
2759.50,30.3104
2760.00,30.3045
2760.50,30.2908
2761.00,30.2730
2761.50,30.2592
2762.00,30.2549
2762.50,30.2591
2763.00,30.2666
2763.50,30.2725
2764.00,30.2762
2764.50,30.2803
2765.00,30.2884
2765.50,30.3013
2766.00,30.3163
2766.50,30.3288
2767.00,30.3362
2767.50,30.3402
2768.00,30.3468
2768.50,30.3614
2769.00,30.3816
2769.50,30.3950
2770.00,30.3862
2770.50,30.3502
2771.00,30.2982
2771.50,30.2516
2772.00,30.2288
2772.50,30.2356
2773.00,30.2641
2773.50,30.2982
2774.00,30.3221
2774.50,30.3292
2775.00,30.3244
2775.50,30.3187
2776.00,30.3194
2776.50,30.3238
2777.00,30.3224
2777.50,30.3084
2778.00,30.2856
2778.50,30.2671
2779.00,30.2635
2779.50,30.2722
2780.00,30.2789
2780.50,30.2709
2781.00,30.2494
2781.50,30.2288
2782.00,30.2234
2782.50,30.2370
2783.00,30.2622
2783.50,30.2878
2784.00,30.3062
2784.50,30.3166
2785.00,30.3231
2785.50,30.3298
2786.00,30.3356
2786.50,30.3339
2787.00,30.3192
2787.50,30.2959
2788.00,30.2776
2788.50,30.2770
2789.00,30.2945
2789.50,30.3176
2790.00,30.3309
2790.50,30.3276
2791.00,30.3116
2791.50,30.2942
2792.00,30.2869
2792.50,30.2959
2793.00,30.3203
2793.50,30.3524
2794.00,30.3805
2794.50,30.3925
2795.00,30.3808
2795.50,30.3483
2796.00,30.3097
2796.50,30.2835
2797.00,30.2798
2797.50,30.2944
2798.00,30.3165
2798.50,30.3393
2799.00,30.3653
2799.50,30.3992
2800.00,30.4391
2800.50,30.4748
2801.00,30.4961
2801.50,30.5020
2802.00,30.5018
2802.50,30.5062
2803.00,30.5166
2803.50,30.5250
2804.00,30.5230
2804.50,30.5107
2805.00,30.4951
2805.50,30.4829
2806.00,30.4750
2806.50,30.4681
2807.00,30.4588
2807.50,30.4466
2808.00,30.4337
2808.50,30.4229
2809.00,30.4151
2809.50,30.4099
2810.00,30.4062
2810.50,30.4051
2811.00,30.4098
2811.50,30.4233
2812.00,30.4461
2812.50,30.4748
2813.00,30.5037
2813.50,30.5269
2814.00,30.5406
2814.50,30.5430
2815.00,30.5349
2815.50,30.5179
2816.00,30.4950
2816.50,30.4704
2817.00,30.4493
2817.50,30.4367
2818.00,30.4354
2818.50,30.4445
2819.00,30.4600
2819.50,30.4761
2820.00,30.4883
2820.50,30.4950
2821.00,30.4968
2821.50,30.4957
2822.00,30.4929
2822.50,30.4890
2823.00,30.4833
2823.50,30.4755
2824.00,30.4673
2824.50,30.4638
2825.00,30.4709
2825.50,30.4911
2826.00,30.5195
2826.50,30.5461
2827.00,30.5616
2827.50,30.5637
2828.00,30.5567
2828.50,30.5460
2829.00,30.5327
2829.50,30.5127
2830.00,30.4832
2830.50,30.4483
2831.00,30.4199
2831.50,30.4105
2832.00,30.4250
2832.50,30.4568
2833.00,30.4911
2833.50,30.5127
2834.00,30.5117
2834.50,30.4869
2835.00,30.4462
2835.50,30.4041
2836.00,30.3758
2836.50,30.3697
2837.00,30.3838
2837.50,30.4085
2838.00,30.4328
2838.50,30.4497
2839.00,30.4572
2839.50,30.4555
2840.00,30.4444
2840.50,30.4242
2841.00,30.4003
2841.50,30.3847
2842.00,30.3906
2842.50,30.4216
2843.00,30.4664
2843.50,30.5060
2844.00,30.5263
2844.50,30.5275
2845.00,30.5204
2845.50,30.5157
2846.00,30.5156
2846.50,30.5138
2847.00,30.5033
2847.50,30.4844
2848.00,30.4652
2848.50,30.4552
2849.00,30.4578
2849.50,30.4689
2850.00,30.4813
2850.50,30.4894
2851.00,30.4907
2851.50,30.4832
2852.00,30.4644
2852.50,30.4347
2853.00,30.4016
2853.50,30.3781
2854.00,30.3748
2854.50,30.3918
2855.00,30.4202
2855.50,30.4505
2856.00,30.4797
2856.50,30.5098
2857.00,30.5405
2857.50,30.5655
2858.00,30.5768
2858.50,30.5725
