0.00,0.0000
0.50,0.0451
1.00,0.0683
1.50,0.0527
2.00,0.0062
2.50,-0.0430
3.00,-0.0675
3.50,-0.0594
4.00,-0.0298
4.50,0.0045
5.00,0.0340
5.50,0.0603
6.00,0.0908
6.50,0.1322
7.00,0.1853
7.50,0.2452
8.00,0.3051
8.50,0.3611
9.00,0.4123
9.50,0.4593
10.00,0.5018
10.50,0.5392
11.00,0.5706
11.50,0.5942
12.00,0.6099
12.50,0.6228
13.00,0.6416
13.50,0.6724
14.00,0.7170
14.50,0.7755
15.00,0.8474
15.50,0.9276
16.00,1.0042
16.50,1.0649
17.00,1.1061
17.50,1.1327
18.00,1.1488
18.50,1.1523
19.00,1.1410
19.50,1.1212
20.00,1.1053
20.50,1.1010
21.00,1.1055
21.50,1.1115
22.00,1.1177
22.50,1.1303
23.00,1.1552
23.50,1.1896
24.00,1.2199
24.50,1.2299
25.00,1.2097
25.50,1.1636
26.00,1.1088
26.50,1.0674
27.00,1.0533
27.50,1.0644
28.00,1.0846
28.50,1.0951
29.00,1.0886
29.50,1.0731
30.00,1.0629
30.50,1.0664
31.00,1.0797
31.50,1.0917
32.00,1.0934
32.50,1.0844
33.00,1.0723
33.50,1.0659
34.00,1.0682
34.50,1.0751
35.00,1.0806
35.50,1.0814
36.00,1.0763
36.50,1.0648
37.00,1.0482
37.50,1.0331
38.00,1.0301
38.50,1.0480
39.00,1.0873
39.50,1.1381
40.00,1.1864
40.50,1.2222
41.00,1.2439
41.50,1.2573
42.00,1.2715
42.50,1.2950
43.00,1.3307
43.50,1.3713
44.00,1.4021
44.50,1.4122
45.00,1.4063
45.50,1.4035
46.00,1.4221
46.50,1.4640
47.00,1.5135
47.50,1.5509
48.00,1.5684
48.50,1.5738
49.00,1.5811
49.50,1.5986
50.00,1.6256
50.50,1.6570
51.00,1.6876
51.50,1.7116
52.00,1.7213
52.50,1.7116
53.00,1.6845
53.50,1.6509
54.00,1.6239
54.50,1.6112
55.00,1.6113
55.50,1.6182
56.00,1.6273
56.50,1.6375
57.00,1.6493
57.50,1.6634
58.00,1.6814
58.50,1.7052
59.00,1.7334
59.50,1.7605
60.00,1.7815
60.50,1.7980
61.00,1.8156
61.50,1.8360
62.00,1.8542
62.50,1.8648
63.00,1.8710
63.50,1.8842
64.00,1.9134
64.50,1.9565
65.00,2.0012
65.50,2.0347
66.00,2.0509
66.50,2.0528
67.00,2.0482
67.50,2.0466
68.00,2.0566
68.50,2.0834
69.00,2.1261
69.50,2.1773
70.00,2.2253
70.50,2.2588
71.00,2.2737
71.50,2.2745
72.00,2.2717
72.50,2.2747
73.00,2.2863
73.50,2.3030
74.00,2.3177
74.50,2.3254
75.00,2.3264
75.50,2.3247
76.00,2.3241
76.50,2.3227
77.00,2.3144
77.50,2.2958
78.00,2.2712
78.50,2.2510
79.00,2.2442
79.50,2.2526
80.00,2.2724
80.50,2.2980
81.00,2.3234
81.50,2.3418
82.00,2.3487
82.50,2.3451
83.00,2.3391
83.50,2.3412
84.00,2.3560
84.50,2.3786
85.00,2.3978
85.50,2.4044
86.00,2.3979
86.50,2.3870
87.00,2.3832
87.50,2.3934
88.00,2.4165
88.50,2.4460
89.00,2.4759
89.50,2.5039
90.00,2.5286
90.50,2.5482
91.00,2.5627
91.50,2.5754
92.00,2.5896
92.50,2.6041
93.00,2.6129
93.50,2.6127
94.00,2.6068
94.50,2.6002
95.00,2.5921
95.50,2.5762
96.00,2.5491
96.50,2.5173
97.00,2.4944
97.50,2.4912
98.00,2.5088
98.50,2.5395
99.00,2.5725
99.50,2.6011
100.00,2.6254
100.50,2.6489
101.00,2.6716
101.50,2.6875
102.00,2.6911
102.50,2.6828
103.00,2.6673
103.50,2.6491
104.00,2.6330
104.50,2.6254
105.00,2.6322
105.50,2.6535
106.00,2.6807
106.50,2.7028
107.00,2.7157
107.50,2.7234
108.00,2.7325
108.50,2.7431
109.00,2.7482
109.50,2.7428
110.00,2.7322
110.50,2.7306
111.00,2.7508
111.50,2.7942
112.00,2.8491
112.50,2.8987
113.00,2.9265
113.50,2.9229
114.00,2.8893
114.50,2.8417
115.00,2.8019
115.50,2.7820
116.00,2.7749
116.50,2.7626
117.00,2.7334
117.50,2.6909
118.00,2.6494
118.50,2.6224
119.00,2.6152
119.50,2.6254
120.00,2.6476
120.50,2.6782
121.00,2.7142
121.50,2.7496
122.00,2.7745
122.50,2.7797
123.00,2.7622
123.50,2.7301
124.00,2.6981
124.50,2.6786
125.00,2.6743
125.50,2.6792
126.00,2.6880
126.50,2.7012
127.00,2.7213
127.50,2.7451
128.00,2.7635
128.50,2.7671
129.00,2.7541
129.50,2.7306
130.00,2.7075
130.50,2.6956
131.00,2.7017
131.50,2.7235
132.00,2.7498
132.50,2.7660
133.00,2.7653
133.50,2.7528
134.00,2.7401
134.50,2.7352
135.00,2.7359
135.50,2.7335
136.00,2.7203
136.50,2.6973
137.00,2.6757
137.50,2.6701
138.00,2.6875
138.50,2.7220
139.00,2.7604
139.50,2.7919
140.00,2.8137
140.50,2.8263
141.00,2.8278
141.50,2.8129
142.00,2.7782
142.50,2.7288
143.00,2.6778
143.50,2.6413
144.00,2.6304
144.50,2.6478
145.00,2.6881
145.50,2.7421
146.00,2.7989
146.50,2.8491
147.00,2.8891
147.50,2.9211
148.00,2.9479
148.50,2.9659
149.00,2.9678
149.50,2.9535
150.00,2.9359
150.50,2.9333
151.00,2.9535
151.50,2.9877
152.00,3.0192
152.50,3.0366
153.00,3.0395
153.50,3.0363
154.00,3.0356
154.50,3.0403
155.00,3.0466
155.50,3.0501
156.00,3.0507
156.50,3.0540
157.00,3.0649
157.50,3.0822
158.00,3.0990
158.50,3.1104
159.00,3.1188
159.50,3.1324
160.00,3.1565
160.50,3.1884
161.00,3.2200
161.50,3.2444
162.00,3.2600
162.50,3.2688
163.00,3.2730
163.50,3.2737
164.00,3.2712
164.50,3.2649
165.00,3.2539
165.50,3.2383
166.00,3.2214
166.50,3.2091
167.00,3.2077
167.50,3.2197
168.00,3.2432
168.50,3.2727
169.00,3.3009
169.50,3.3209
170.00,3.3287
170.50,3.3244
171.00,3.3124
171.50,3.2977
172.00,3.2820
172.50,3.2636
173.00,3.2402
173.50,3.2136
174.00,3.1911
174.50,3.1803
175.00,3.1841
175.50,3.1994
176.00,3.2203
176.50,3.2424
177.00,3.2624
177.50,3.2785
178.00,3.2898
178.50,3.2983
179.00,3.3081
179.50,3.3229
180.00,3.3442
180.50,3.3702
181.00,3.3970
181.50,3.4212
182.00,3.4413
182.50,3.4573
183.00,3.4693
183.50,3.4757
184.00,3.4764
184.50,3.4766
185.00,3.4854
185.50,3.5081
186.00,3.5388
186.50,3.5635
187.00,3.5729
187.50,3.5716
188.00,3.5726
188.50,3.5851
189.00,3.6075
189.50,3.6316
190.00,3.6497
190.50,3.6578
191.00,3.6568
191.50,3.6521
192.00,3.6506
192.50,3.6561
193.00,3.6640
193.50,3.6643
194.00,3.6491
194.50,3.6193
195.00,3.5857
195.50,3.5629
196.00,3.5620
196.50,3.5839
197.00,3.6194
197.50,3.6539
198.00,3.6761
198.50,3.6830
199.00,3.6796
199.50,3.6759
200.00,3.6824
200.50,3.7041
201.00,3.7357
201.50,3.7639
202.00,3.7745
202.50,3.7631
203.00,3.7370
203.50,3.7101
204.00,3.6947
204.50,3.6963
205.00,3.7143
205.50,3.7435
206.00,3.7759
206.50,3.8025
207.00,3.8174
207.50,3.8203
208.00,3.8155
208.50,3.8072
209.00,3.7978
209.50,3.7888
210.00,3.7822
210.50,3.7798
211.00,3.7825
211.50,3.7909
212.00,3.8055
212.50,3.8251
213.00,3.8453
213.50,3.8610
214.00,3.8702
214.50,3.8756
215.00,3.8808
215.50,3.8867
216.00,3.8911
216.50,3.8928
217.00,3.8943
217.50,3.8991
218.00,3.9080
218.50,3.9177
219.00,3.9259
219.50,3.9338
220.00,3.9457
220.50,3.9626
221.00,3.9801
221.50,3.9908
222.00,3.9897
222.50,3.9764
223.00,3.9555
223.50,3.9354
224.00,3.9266
224.50,3.9371
225.00,3.9674
225.50,4.0080
226.00,4.0434
226.50,4.0602
227.00,4.0553
227.50,4.0375
228.00,4.0234
228.50,4.0265
229.00,4.0500
229.50,4.0880
230.00,4.1319
230.50,4.1762
231.00,4.2190
231.50,4.2575
232.00,4.2870
232.50,4.3029
233.00,4.3051
233.50,4.2991
234.00,4.2916
234.50,4.2864
235.00,4.2846
235.50,4.2871
236.00,4.2951
236.50,4.3062
237.00,4.3101
237.50,4.2937
238.00,4.2503
238.50,4.1873
239.00,4.1231
239.50,4.0764
240.00,4.0569
240.50,4.0629
241.00,4.0839
241.50,4.1068
242.00,4.1228
242.50,4.1295
243.00,4.1290
243.50,4.1240
244.00,4.1157
244.50,4.1048
245.00,4.0922
245.50,4.0803
246.00,4.0725
246.50,4.0720
247.00,4.0795
247.50,4.0915
248.00,4.1010
248.50,4.1013
249.00,4.0906
249.50,4.0728
250.00,4.0546
250.50,4.0387
251.00,4.0216
251.50,3.9982
252.00,3.9699
252.50,3.9453
253.00,3.9348
253.50,3.9423
254.00,3.9620
254.50,3.9830
255.00,3.9968
255.50,4.0023
256.00,4.0042
256.50,4.0079
257.00,4.0176
257.50,4.0368
258.00,4.0669
258.50,4.1038
259.00,4.1371
259.50,4.1558
260.00,4.1564
260.50,4.1443
261.00,4.1270
261.50,4.1080
262.00,4.0883
262.50,4.0712
263.00,4.0638
263.50,4.0730
264.00,4.0983
264.50,4.1312
265.00,4.1597
265.50,4.1760
266.00,4.1817
266.50,4.1862
267.00,4.1984
267.50,4.2184
268.00,4.2374
268.50,4.2466
269.00,4.2462
269.50,4.2456
270.00,4.2533
270.50,4.2681
271.00,4.2781
271.50,4.2702
272.00,4.2405
272.50,4.1957
273.00,4.1484
273.50,4.1106
274.00,4.0898
274.50,4.0869
275.00,4.0961
275.50,4.1068
276.00,4.1080
276.50,4.0941
277.00,4.0671
277.50,4.0366
278.00,4.0157
278.50,4.0143
279.00,4.0317
279.50,4.0556
280.00,4.0696
280.50,4.0660
281.00,4.0508
281.50,4.0365
282.00,4.0289
282.50,4.0236
283.00,4.0144
283.50,3.9997
284.00,3.9813
284.50,3.9594
285.00,3.9339
285.50,3.9091
286.00,3.8922
286.50,3.8846
287.00,3.8794
287.50,3.8686
288.00,3.8532
288.50,3.8425
289.00,3.8457
289.50,3.8632
290.00,3.8874
290.50,3.9091
291.00,3.9238
291.50,3.9325
292.00,3.9373
292.50,3.9387
293.00,3.9367
293.50,3.9335
294.00,3.9330
294.50,3.9367
295.00,3.9421
295.50,3.9470
296.00,3.9535
296.50,3.9658
297.00,3.9843
297.50,4.0036
298.00,4.0178
298.50,4.0250
299.00,4.0274
299.50,4.0272
300.00,4.0239
300.50,4.0158
301.00,4.0021
301.50,3.9844
302.00,3.9654
302.50,3.9479
303.00,3.9351
303.50,3.9301
304.00,3.9332
304.50,3.9408
305.00,3.9457
305.50,3.9402
306.00,3.9205
306.50,3.8894
307.00,3.8580
307.50,3.8401
308.00,3.8451
308.50,3.8720
309.00,3.9114
309.50,3.9517
310.00,3.9847
310.50,4.0073
311.00,4.0184
311.50,4.0181
312.00,4.0096
312.50,3.9993
313.00,3.9948
313.50,4.0001
314.00,4.0147
314.50,4.0340
315.00,4.0539
315.50,4.0723
316.00,4.0901
316.50,4.1104
317.00,4.1359
317.50,4.1657
318.00,4.1950
318.50,4.2181
319.00,4.2315
319.50,4.2358
320.00,4.2333
320.50,4.2260
321.00,4.2161
321.50,4.2063
322.00,4.1986
322.50,4.1936
323.00,4.1909
323.50,4.1895
324.00,4.1863
324.50,4.1767
325.00,4.1580
325.50,4.1351
326.00,4.1195
326.50,4.1212
327.00,4.1401
327.50,4.1647
328.00,4.1809
328.50,4.1824
329.00,4.1753
329.50,4.1730
330.00,4.1863
330.50,4.2160
331.00,4.2538
331.50,4.2903
332.00,4.3221
332.50,4.3508
333.00,4.3770
333.50,4.3953
334.00,4.3971
334.50,4.3792
335.00,4.3473
335.50,4.3139
336.00,4.2903
336.50,4.2806
337.00,4.2818
337.50,4.2873
338.00,4.2933
338.50,4.3011
339.00,4.3147
339.50,4.3354
340.00,4.3609
340.50,4.3876
341.00,4.4129
341.50,4.4333
342.00,4.4426
342.50,4.4345
343.00,4.4093
343.50,4.3760
344.00,4.3476
344.50,4.3336
345.00,4.3370
345.50,4.3550
346.00,4.3804
346.50,4.4037
347.00,4.4163
347.50,4.4130
348.00,4.3927
348.50,4.3593
349.00,4.3207
349.50,4.2864
350.00,4.2629
350.50,4.2522
351.00,4.2540
351.50,4.2684
352.00,4.2950
352.50,4.3289
353.00,4.3593
353.50,4.3768
354.00,4.3802
354.50,4.3783
355.00,4.3827
355.50,4.3967
356.00,4.4127
356.50,4.4190
357.00,4.4094
357.50,4.3867
358.00,4.3579
358.50,4.3301
359.00,4.3077
359.50,4.2923
360.00,4.2823
360.50,4.2759
361.00,4.2748
361.50,4.2825
362.00,4.2975
362.50,4.3089
363.00,4.3023
363.50,4.2709
364.00,4.2225
364.50,4.1746
365.00,4.1451
365.50,4.1424
366.00,4.1625
366.50,4.1929
367.00,4.2193
367.50,4.2329
368.00,4.2336
368.50,4.2279
369.00,4.2244
369.50,4.2306
370.00,4.2511
370.50,4.2872
371.00,4.3360
371.50,4.3894
372.00,4.4366
372.50,4.4670
373.00,4.4761
373.50,4.4677
374.00,4.4542
374.50,4.4504
375.00,4.4636
375.50,4.4889
376.00,4.5136
376.50,4.5278
377.00,4.5308
377.50,4.5279
378.00,4.5248
378.50,4.5241
379.00,4.5257
379.50,4.5279
380.00,4.5294
380.50,4.5300
381.00,4.5303
381.50,4.5297
382.00,4.5260
382.50,4.5184
383.00,4.5086
383.50,4.4992
384.00,4.4908
384.50,4.4846
385.00,4.4841
385.50,4.4932
386.00,4.5113
386.50,4.5316
387.00,4.5459
387.50,4.5504
388.00,4.5482
388.50,4.5463
389.00,4.5512
389.50,4.5655
390.00,4.5873
390.50,4.6119
391.00,4.6337
391.50,4.6497
392.00,4.6609
392.50,4.6693
393.00,4.6744
393.50,4.6748
394.00,4.6726
394.50,4.6720
395.00,4.6742
395.50,4.6740
396.00,4.6662
396.50,4.6529
397.00,4.6447
397.50,4.6524
398.00,4.6767
398.50,4.7070
399.00,4.7300
399.50,4.7403
400.00,4.7429
400.50,4.7463
401.00,4.7532
401.50,4.7588
402.00,4.7564
402.50,4.7439
403.00,4.7239
403.50,4.6990
404.00,4.6703
404.50,4.6403
405.00,4.6170
405.50,4.6106
406.00,4.6253
406.50,4.6548
407.00,4.6872
407.50,4.7149
408.00,4.7386
408.50,4.7640
409.00,4.7935
409.50,4.8237
410.00,4.8498
410.50,4.8678
411.00,4.8751
411.50,4.8715
412.00,4.8609
412.50,4.8503
413.00,4.8457
413.50,4.8473
414.00,4.8520
414.50,4.8582
415.00,4.8680
415.50,4.8840
416.00,4.9039
416.50,4.9202
417.00,4.9247
417.50,4.9149
418.00,4.8969
418.50,4.8830
419.00,4.8844
419.50,4.9047
420.00,4.9369
420.50,4.9661
421.00,4.9794
421.50,4.9734
422.00,4.9546
422.50,4.9311
423.00,4.9060
423.50,4.8784
424.00,4.8507
424.50,4.8312
425.00,4.8288
425.50,4.8454
426.00,4.8745
426.50,4.9056
427.00,4.9298
427.50,4.9426
428.00,4.9433
428.50,4.9344
429.00,4.9207
429.50,4.9079
430.00,4.9012
430.50,4.9034
431.00,4.9139
431.50,4.9298
432.00,4.9467
432.50,4.9607
433.00,4.9699
433.50,4.9755
434.00,4.9816
434.50,4.9931
435.00,5.0139
435.50,5.0447
436.00,5.0808
436.50,5.1106
437.00,5.1207
437.50,5.1045
438.00,5.0689
438.50,5.0312
439.00,5.0083
439.50,5.0071
440.00,5.0242
440.50,5.0507
441.00,5.0792
441.50,5.1048
442.00,5.1241
442.50,5.1339
443.00,5.1336
443.50,5.1253
444.00,5.1113
444.50,5.0948
445.00,5.0797
445.50,5.0693
446.00,5.0639
446.50,5.0587
447.00,5.0479
447.50,5.0289
448.00,5.0055
448.50,4.9855
449.00,4.9771
449.50,4.9826
450.00,4.9967
450.50,5.0085
451.00,5.0092
451.50,4.9988
452.00,4.9863
452.50,4.9817
453.00,4.9886
453.50,5.0033
454.00,5.0192
454.50,5.0315
455.00,5.0393
455.50,5.0434
456.00,5.0446
456.50,5.0421
457.00,5.0363
457.50,5.0309
458.00,5.0319
458.50,5.0415
459.00,5.0561
459.50,5.0684
460.00,5.0756
460.50,5.0808
461.00,5.0896
461.50,5.1024
462.00,5.1146
462.50,5.1215
463.00,5.1234
463.50,5.1244
464.00,5.1291
464.50,5.1397
465.00,5.1567
465.50,5.1788
466.00,5.2018
466.50,5.2200
467.00,5.2305
467.50,5.2342
468.00,5.2343
468.50,5.2332
469.00,5.2327
469.50,5.2350
470.00,5.2414
470.50,5.2498
471.00,5.2556
471.50,5.2551
472.00,5.2468
472.50,5.2301
473.00,5.2040
473.50,5.1698
474.00,5.1338
474.50,5.1052
475.00,5.0917
475.50,5.0947
476.00,5.1110
476.50,5.1356
477.00,5.1648
477.50,5.1962
478.00,5.2282
478.50,5.2591
479.00,5.2872
479.50,5.3095
480.00,5.3222
480.50,5.3230
481.00,5.3155
481.50,5.3088
482.00,5.3115
482.50,5.3240
483.00,5.3374
483.50,5.3408
484.00,5.3301
484.50,5.3109
485.00,5.2922
485.50,5.2785
486.00,5.2685
486.50,5.2594
487.00,5.2518
487.50,5.2499
488.00,5.2573
488.50,5.2722
489.00,5.2860
489.50,5.2890
490.00,5.2790
490.50,5.2636
491.00,5.2543
491.50,5.2586
492.00,5.2773
492.50,5.3050
493.00,5.3343
493.50,5.3582
494.00,5.3736
494.50,5.3817
495.00,5.3852
495.50,5.3856
496.00,5.3825
496.50,5.3759
497.00,5.3690
497.50,5.3672
498.00,5.3751
498.50,5.3920
499.00,5.4123
499.50,5.4305
500.00,5.4457
500.50,5.4612
501.00,5.4796
501.50,5.5001
502.00,5.5193
502.50,5.5330
503.00,5.5384
503.50,5.5334
504.00,5.5178
504.50,5.4947
505.00,5.4715
505.50,5.4572
506.00,5.4568
506.50,5.4667
507.00,5.4783
507.50,5.4863
508.00,5.4950
508.50,5.5137
509.00,5.5462
509.50,5.5841
510.00,5.6117
510.50,5.6155
511.00,5.5931
511.50,5.5510
512.00,5.4993
512.50,5.4470
513.00,5.4010
513.50,5.3651
514.00,5.3400
514.50,5.3235
515.00,5.3126
515.50,5.3039
516.00,5.2933
516.50,5.2758
517.00,5.2493
517.50,5.2164
518.00,5.1850
518.50,5.1641
519.00,5.1589
519.50,5.1665
520.00,5.1796
520.50,5.1931
521.00,5.2105
521.50,5.2424
522.00,5.2978
522.50,5.3744
523.00,5.4573
523.50,5.5280
524.00,5.5768
524.50,5.6076
525.00,5.6323
525.50,5.6600
526.00,5.6924
526.50,5.7251
527.00,5.7520
527.50,5.7682
528.00,5.7724
528.50,5.7679
529.00,5.7599
529.50,5.7518
530.00,5.7443
530.50,5.7382
531.00,5.7346
531.50,5.7337
532.00,5.7321
532.50,5.7253
533.00,5.7120
533.50,5.6947
534.00,5.6761
534.50,5.6556
535.00,5.6297
535.50,5.5962
536.00,5.5560
536.50,5.5130
537.00,5.4717
537.50,5.4352
538.00,5.4052
538.50,5.3828
539.00,5.3680
539.50,5.3592
540.00,5.3512
540.50,5.3363
541.00,5.3101
541.50,5.2753
542.00,5.2413
542.50,5.2161
543.00,5.2011
543.50,5.1920
544.00,5.1842
544.50,5.1769
545.00,5.1726
545.50,5.1745
546.00,5.1820
546.50,5.1895
547.00,5.1901
547.50,5.1804
548.00,5.1627
548.50,5.1418
549.00,5.1213
549.50,5.1042
550.00,5.0938
550.50,5.0923
551.00,5.0985
551.50,5.1078
552.00,5.1163
552.50,5.1231
553.00,5.1298
553.50,5.1368
554.00,5.1417
554.50,5.1422
555.00,5.1396
555.50,5.1375
556.00,5.1386
556.50,5.1420
557.00,5.1464
557.50,5.1535
558.00,5.1674
558.50,5.1877
559.00,5.2061
559.50,5.2096
560.00,5.1906
560.50,5.1543
561.00,5.1138
561.50,5.0807
562.00,5.0587
562.50,5.0464
563.00,5.0421
563.50,5.0463
564.00,5.0587
564.50,5.0762
565.00,5.0943
565.50,5.1100
566.00,5.1232
566.50,5.1349
567.00,5.1445
567.50,5.1497
568.00,5.1479
568.50,5.1376
569.00,5.1182
569.50,5.0914
570.00,5.0615
570.50,5.0363
571.00,5.0236
571.50,5.0269
572.00,5.0426
572.50,5.0629
573.00,5.0798
573.50,5.0882
574.00,5.0868
574.50,5.0786
575.00,5.0701
575.50,5.0669
576.00,5.0689
576.50,5.0704
577.00,5.0645
577.50,5.0500
578.00,5.0325
578.50,5.0212
579.00,5.0218
579.50,5.0327
580.00,5.0470
580.50,5.0576
581.00,5.0634
581.50,5.0688
582.00,5.0781
582.50,5.0898
583.00,5.0962
583.50,5.0898
584.00,5.0699
584.50,5.0436
585.00,5.0216
585.50,5.0119
586.00,5.0160
586.50,5.0283
587.00,5.0380
587.50,5.0368
588.00,5.0236
588.50,5.0068
589.00,4.9980
589.50,5.0050
590.00,5.0282
590.50,5.0612
591.00,5.0955
591.50,5.1217
592.00,5.1310
592.50,5.1181
593.00,5.0862
593.50,5.0465
594.00,5.0125
594.50,4.9920
595.00,4.9849
595.50,4.9872
596.00,4.9957
596.50,5.0086
597.00,5.0236
597.50,5.0367
598.00,5.0433
598.50,5.0417
599.00,5.0350
599.50,5.0279
600.00,5.0225
600.50,5.0160
601.00,5.0034
601.50,4.9829
602.00,4.9591
602.50,4.9404
603.00,4.9342
603.50,4.9407
604.00,4.9519
604.50,4.9563
605.00,4.9473
605.50,4.9279
606.00,4.9076
606.50,4.8935
607.00,4.8863
607.50,4.8816
608.00,4.8768
608.50,4.8741
609.00,4.8774
609.50,4.8868
610.00,4.8965
610.50,4.9001
611.00,4.8962
611.50,4.8898
612.00,4.8876
612.50,4.8918
613.00,4.8987
613.50,4.9016
614.00,4.8961
614.50,4.8866
615.00,4.8851
615.50,4.9038
616.00,4.9445
616.50,4.9946
617.00,5.0330
617.50,5.0448
618.00,5.0308
618.50,5.0053
619.00,4.9842
619.50,4.9738
620.00,4.9705
620.50,4.9691
621.00,4.9691
621.50,4.9735
622.00,4.9816
622.50,4.9871
623.00,4.9833
623.50,4.9705
624.00,4.9559
624.50,4.9458
625.00,4.9404
625.50,4.9366
626.00,4.9335
626.50,4.9335
627.00,4.9367
627.50,4.9376
628.00,4.9290
628.50,4.9113
629.00,4.8940
629.50,4.8900
630.00,4.9050
630.50,4.9342
631.00,4.9667
631.50,4.9916
632.00,5.0025
632.50,4.9980
633.00,4.9827
633.50,4.9654
634.00,4.9555
634.50,4.9557
635.00,4.9606
635.50,4.9602
636.00,4.9497
636.50,4.9330
637.00,4.9193
637.50,4.9164
638.00,4.9265
638.50,4.9468
639.00,4.9726
639.50,5.0001
640.00,5.0278
640.50,5.0562
641.00,5.0854
641.50,5.1141
642.00,5.1401
642.50,5.1619
643.00,5.1798
643.50,5.1956
644.00,5.2114
644.50,5.2282
645.00,5.2451
645.50,5.2595
646.00,5.2678
646.50,5.2669
647.00,5.2562
647.50,5.2391
648.00,5.2214
648.50,5.2064
649.00,5.1935
649.50,5.1796
650.00,5.1631
650.50,5.1447
651.00,5.1274
651.50,5.1152
652.00,5.1127
652.50,5.1210
653.00,5.1376
653.50,5.1585
654.00,5.1839
654.50,5.2173
655.00,5.2604
655.50,5.3082
656.00,5.3520
656.50,5.3876
657.00,5.4187
657.50,5.4527
658.00,5.4933
658.50,5.5376
659.00,5.5777
659.50,5.6055
660.00,5.6169
660.50,5.6138
661.00,5.6050
661.50,5.6022
662.00,5.6150
662.50,5.6453
663.00,5.6873
663.50,5.7312
664.00,5.7686
664.50,5.7933
665.00,5.8005
665.50,5.7881
666.00,5.7601
666.50,5.7272
667.00,5.7002
667.50,5.6845
668.00,5.6787
668.50,5.6776
669.00,5.6757
669.50,5.6671
670.00,5.6460
670.50,5.6101
671.00,5.5644
671.50,5.5205
672.00,5.4896
672.50,5.4770
673.00,5.4819
673.50,5.4995
674.00,5.5221
674.50,5.5417
675.00,5.5528
675.50,5.5559
676.00,5.5572
676.50,5.5640
677.00,5.5782
677.50,5.5944
678.00,5.6039
678.50,5.6025
679.00,5.5947
679.50,5.5905
680.00,5.5984
680.50,5.6213
681.00,5.6551
681.50,5.6928
682.00,5.7278
682.50,5.7562
683.00,5.7756
683.50,5.7825
684.00,5.7745
684.50,5.7544
685.00,5.7327
685.50,5.7221
686.00,5.7290
686.50,5.7488
687.00,5.7701
687.50,5.7834
688.00,5.7857
688.50,5.7777
689.00,5.7590
689.50,5.7291
690.00,5.6925
690.50,5.6608
691.00,5.6466
691.50,5.6549
692.00,5.6795
692.50,5.7070
693.00,5.7238
693.50,5.7221
694.00,5.7024
694.50,5.6723
695.00,5.6426
695.50,5.6204
696.00,5.6069
696.50,5.5991
697.00,5.5946
697.50,5.5937
698.00,5.5973
698.50,5.6029
699.00,5.6050
699.50,5.6005
700.00,5.5920
700.50,5.5868
701.00,5.5894
701.50,5.5976
702.00,5.6054
702.50,5.6093
703.00,5.6135
703.50,5.6263
704.00,5.6525
704.50,5.6864
705.00,5.7147
705.50,5.7270
706.00,5.7235
706.50,5.7125
707.00,5.7003
707.50,5.6854
708.00,5.6643
708.50,5.6412
709.00,5.6295
709.50,5.6398
710.00,5.6692
710.50,5.7022
711.00,5.7236
711.50,5.7288
712.00,5.7244
712.50,5.7196
713.00,5.7193
713.50,5.7215
714.00,5.7205
714.50,5.7122
715.00,5.6989
715.50,5.6877
716.00,5.6850
716.50,5.6905
717.00,5.6983
717.50,5.7027
718.00,5.7040
718.50,5.7061
719.00,5.7101
719.50,5.7130
720.00,5.7106
720.50,5.7016
721.00,5.6893
721.50,5.6789
722.00,5.6750
722.50,5.6796
723.00,5.6915
723.50,5.7056
724.00,5.7154
724.50,5.7154
725.00,5.7052
725.50,5.6921
726.00,5.6893
726.50,5.7085
727.00,5.7503
727.50,5.8026
728.00,5.8468
728.50,5.8701
729.00,5.8737
729.50,5.8697
730.00,5.8713
730.50,5.8843
731.00,5.9069
731.50,5.9332
732.00,5.9549
732.50,5.9630
733.00,5.9522
733.50,5.9244
734.00,5.8890
734.50,5.8566
735.00,5.8323
735.50,5.8145
736.00,5.7980
736.50,5.7797
737.00,5.7591
737.50,5.7376
738.00,5.7179
738.50,5.7052
739.00,5.7068
739.50,5.7274
740.00,5.7637
740.50,5.8040
741.00,5.8350
741.50,5.8504
742.00,5.8526
742.50,5.8469
743.00,5.8352
743.50,5.8149
744.00,5.7847
744.50,5.7486
745.00,5.7154
745.50,5.6934
746.00,5.6855
746.50,5.6880
747.00,5.6944
747.50,5.7000
748.00,5.7042
748.50,5.7098
749.00,5.7191
749.50,5.7311
750.00,5.7410
750.50,5.7419
751.00,5.7296
751.50,5.7059
752.00,5.6805
752.50,5.6668
753.00,5.6734
753.50,5.6966
754.00,5.7227
754.50,5.7383
755.00,5.7394
755.50,5.7317
756.00,5.7221
756.50,5.7123
757.00,5.7006
757.50,5.6867
758.00,5.6744
758.50,5.6681
759.00,5.6707
759.50,5.6831
760.00,5.7039
760.50,5.7286
761.00,5.7514
761.50,5.7682
762.00,5.7785
762.50,5.7842
763.00,5.7855
763.50,5.7817
764.00,5.7744
764.50,5.7694
765.00,5.7723
765.50,5.7824
766.00,5.7923
766.50,5.7945
767.00,5.7888
767.50,5.7809
768.00,5.7745
768.50,5.7677
769.00,5.7579
769.50,5.7480
770.00,5.7461
770.50,5.7573
771.00,5.7777
771.50,5.7975
772.00,5.8098
772.50,5.8146
773.00,5.8152
773.50,5.8132
774.00,5.8072
774.50,5.7971
775.00,5.7862
775.50,5.7787
776.00,5.7757
776.50,5.7752
777.00,5.7759
777.50,5.7794
778.00,5.7892
778.50,5.8094
779.00,5.8439
779.50,5.8947
780.00,5.9581
780.50,6.0200
781.00,6.0611
781.50,6.0671
782.00,6.0396
782.50,5.9944
783.00,5.9511
783.50,5.9225
784.00,5.9086
784.50,5.9010
785.00,5.8907
785.50,5.8765
786.00,5.8635
786.50,5.8548
787.00,5.8454
787.50,5.8273
788.00,5.7984
788.50,5.7666
789.00,5.7446
789.50,5.7398
790.00,5.7473
790.50,5.7530
791.00,5.7451
791.50,5.7244
792.00,5.7030
792.50,5.6947
793.00,5.7059
793.50,5.7342
794.00,5.7717
794.50,5.8077
795.00,5.8311
795.50,5.8349
796.00,5.8205
796.50,5.7973
797.00,5.7769
797.50,5.7648
798.00,5.7592
798.50,5.7550
799.00,5.7498
799.50,5.7469
800.00,5.7503
800.50,5.7598
801.00,5.7703
801.50,5.7756
802.00,5.7741
802.50,5.7714
803.00,5.7782
803.50,5.8045
804.00,5.8525
804.50,5.9129
805.00,5.9701
805.50,6.0110
806.00,6.0307
806.50,6.0324
807.00,6.0255
807.50,6.0221
808.00,6.0313
808.50,6.0552
809.00,6.0886
809.50,6.1225
810.00,6.1486
810.50,6.1622
811.00,6.1645
811.50,6.1619
812.00,6.1629
812.50,6.1727
813.00,6.1900
813.50,6.2105
814.00,6.2302
814.50,6.2473
815.00,6.2588
815.50,6.2576
816.00,6.2343
816.50,6.1860
817.00,6.1214
817.50,6.0589
818.00,6.0161
818.50,6.0006
819.00,6.0085
819.50,6.0286
820.00,6.0478
820.50,6.0575
821.00,6.0550
821.50,6.0428
822.00,6.0252
822.50,6.0047
823.00,5.9819
823.50,5.9565
824.00,5.9292
824.50,5.9020
825.00,5.8785
825.50,5.8629
826.00,5.8590
826.50,5.8698
827.00,5.8955
827.50,5.9331
828.00,5.9759
828.50,6.0151
829.00,6.0433
829.50,6.0572
830.00,6.0584
830.50,6.0503
831.00,6.0372
831.50,6.0243
832.00,6.0170
832.50,6.0191
833.00,6.0323
833.50,6.0565
834.00,6.0898
834.50,6.1273
835.00,6.1612
835.50,6.1840
836.00,6.1919
836.50,6.1865
837.00,6.1747
837.50,6.1671
838.00,6.1739
838.50,6.1981
839.00,6.2323
839.50,6.2629
840.00,6.2794
840.50,6.2806
841.00,6.2740
841.50,6.2694
842.00,6.2727
842.50,6.2821
843.00,6.2904
843.50,6.2920
844.00,6.2891
844.50,6.2913
845.00,6.3071
845.50,6.3349
846.00,6.3635
846.50,6.3801
847.00,6.3802
847.50,6.3695
848.00,6.3590
848.50,6.3557
849.00,6.3566
849.50,6.3523
850.00,6.3341
850.50,6.2993
851.00,6.2491
851.50,6.1878
852.00,6.1254
852.50,6.0773
853.00,6.0577
853.50,6.0686
854.00,6.0979
854.50,6.1284
855.00,6.1479
855.50,6.1531
856.00,6.1481
856.50,6.1404
857.00,6.1371
857.50,6.1426
858.00,6.1570
858.50,6.1754
859.00,6.1889
859.50,6.1878
860.00,6.1688
860.50,6.1393
861.00,6.1135
861.50,6.1033
862.00,6.1109
862.50,6.1314
863.00,6.1576
863.50,6.1836
864.00,6.2059
864.50,6.2241
865.00,6.2413
865.50,6.2601
866.00,6.2804
866.50,6.3001
867.00,6.3187
867.50,6.3370
868.00,6.3546
868.50,6.3711
869.00,6.3886
869.50,6.4111
870.00,6.4400
870.50,6.4709
871.00,6.4975
871.50,6.5163
872.00,6.5274
872.50,6.5311
873.00,6.5244
873.50,6.5033
874.00,6.4676
874.50,6.4230
875.00,6.3783
875.50,6.3417
876.00,6.3178
876.50,6.3061
877.00,6.3012
877.50,6.2973
878.00,6.2925
878.50,6.2888
879.00,6.2881
879.50,6.2890
880.00,6.2896
880.50,6.2906
881.00,6.2939
881.50,6.2995
882.00,6.3027
882.50,6.2985
883.00,6.2865
883.50,6.2730
884.00,6.2657
884.50,6.2661
885.00,6.2671
885.50,6.2580
886.00,6.2346
886.50,6.2025
887.00,6.1737
887.50,6.1587
888.00,6.1610
888.50,6.1762
889.00,6.1951
889.50,6.2079
890.00,6.2086
890.50,6.1981
891.00,6.1858
891.50,6.1843
892.00,6.2015
892.50,6.2330
893.00,6.2644
893.50,6.2811
894.00,6.2790
894.50,6.2658
895.00,6.2531
895.50,6.2478
896.00,6.2490
896.50,6.2521
897.00,6.2547
897.50,6.2582
898.00,6.2641
898.50,6.2706
899.00,6.2733
899.50,6.2699
900.00,6.2630
900.50,6.2588
901.00,6.2620
901.50,6.2730
902.00,6.2896
902.50,6.3101
903.00,6.3340
903.50,6.3603
904.00,6.3861
904.50,6.4084
905.00,6.4273
905.50,6.4465
906.00,6.4702
906.50,6.4996
907.00,6.5323
907.50,6.5643
908.00,6.5906
908.50,6.6069
909.00,6.6116
909.50,6.6079
910.00,6.6029
910.50,6.6078
911.00,6.6391
911.50,6.7171
912.00,6.8594
912.50,7.0676
913.00,7.3210
913.50,7.5842
914.00,7.8233
914.50,8.0183
915.00,8.1647
915.50,8.2669
916.00,8.3340
916.50,8.3767
917.00,8.4027
917.50,8.4138
918.00,8.4078
918.50,8.3863
919.00,8.3593
919.50,8.3406
920.00,8.3386
920.50,8.3517
921.00,8.3712
921.50,8.3872
922.00,8.3932
922.50,8.3883
923.00,8.3767
923.50,8.3639
924.00,8.3522
924.50,8.3409
925.00,8.3317
925.50,8.3306
926.00,8.3439
926.50,8.3718
927.00,8.4079
927.50,8.4443
928.00,8.4759
928.50,8.5014
929.00,8.5217
929.50,8.5384
930.00,8.5540
930.50,8.5697
931.00,8.5830
931.50,8.5862
932.00,8.5713
932.50,8.5367
933.00,8.4911
933.50,8.4495
934.00,8.4238
934.50,8.4141
935.00,8.4121
935.50,8.4106
936.00,8.4105
936.50,8.4173
937.00,8.4324
937.50,8.4487
938.00,8.4553
938.50,8.4452
939.00,8.4201
939.50,8.3874
940.00,8.3557
940.50,8.3283
941.00,8.3031
941.50,8.2749
942.00,8.2415
942.50,8.2055
943.00,8.1732
943.50,8.1483
944.00,8.1301
944.50,8.1144
945.00,8.0973
945.50,8.0768
946.00,8.0528
946.50,8.0263
947.00,8.0002
947.50,7.9776
948.00,7.9605
948.50,7.9478
949.00,7.9383
949.50,7.9324
950.00,7.9322
950.50,7.9381
951.00,7.9475
951.50,7.9586
952.00,7.9748
952.50,8.0030
953.00,8.0453
953.50,8.0946
954.00,8.1370
954.50,8.1623
955.00,8.1729
955.50,8.1817
956.00,8.2027
956.50,8.2399
957.00,8.2849
957.50,8.3220
958.00,8.3392
958.50,8.3349
959.00,8.3181
959.50,8.3031
960.00,8.2997
960.50,8.3086
961.00,8.3225
961.50,8.3341
962.00,8.3413
962.50,8.3465
963.00,8.3517
963.50,8.3552
964.00,8.3523
964.50,8.3405
965.00,8.3222
965.50,8.3043
966.00,8.2949
966.50,8.2978
967.00,8.3091
967.50,8.3181
968.00,8.3118
968.50,8.2820
969.00,8.2306
969.50,8.1686
970.00,8.1110
970.50,8.0693
971.00,8.0460
971.50,8.0375
972.00,8.0387
972.50,8.0452
973.00,8.0501
973.50,8.0446
974.00,8.0235
974.50,7.9929
975.00,7.9666
975.50,7.9549
976.00,7.9558
976.50,7.9582
977.00,7.9526
977.50,7.9383
978.00,7.9207
978.50,7.9038
979.00,7.8850
979.50,7.8592
980.00,7.8264
980.50,7.7935
981.00,7.7665
981.50,7.7429
982.00,7.7143
982.50,7.6779
983.00,7.6444
983.50,7.6304
984.00,7.6424
984.50,7.6674
985.00,7.6815
985.50,7.6672
986.00,7.6256
986.50,7.5715
987.00,7.5195
987.50,7.4746
988.00,7.4330
988.50,7.3903
989.00,7.3484
989.50,7.3154
990.00,7.2995
990.50,7.3015
991.00,7.3126
991.50,7.3208
992.00,7.3208
992.50,7.3169
993.00,7.3169
993.50,7.3219
994.00,7.3229
994.50,7.3092
995.00,7.2788
995.50,7.2435
996.00,7.2216
996.50,7.2264
997.00,7.2584
997.50,7.3046
998.00,7.3459
998.50,7.3673
999.00,7.3649
999.50,7.3476
1000.00,7.3309
1000.50,7.3280
1001.00,7.3423
1001.50,7.3671
1002.00,7.3926
1002.50,7.4141
1003.00,7.4339
1003.50,7.4550
1004.00,7.4745
1004.50,7.4842
1005.00,7.4802
1005.50,7.4709
1006.00,7.4744
1006.50,7.5055
1007.00,7.5636
1007.50,7.6320
1008.00,7.6886
1008.50,7.7191
1009.00,7.7237
1009.50,7.7120
1010.00,7.6947
1010.50,7.6788
1011.00,7.6669
1011.50,7.6613
1012.00,7.6637
1012.50,7.6733
1013.00,7.6862
1013.50,7.6983
1014.00,7.7074
1014.50,7.7117
1015.00,7.7063
1015.50,7.6841
1016.00,7.6404
1016.50,7.5779
1017.00,7.5052
1017.50,7.4313
1018.00,7.3607
1018.50,7.2930
1019.00,7.2289
1019.50,7.1757
1020.00,7.1449
1020.50,7.1439
1021.00,7.1682
1021.50,7.2021
1022.00,7.2254
1022.50,7.2229
1023.00,7.1919
1023.50,7.1422
1024.00,7.0894
1024.50,7.0460
1025.00,7.0173
1025.50,7.0029
1026.00,6.9997
1026.50,7.0032
1027.00,7.0090
1027.50,7.0141
1028.00,7.0168
1028.50,7.0176
1029.00,7.0182
1029.50,7.0185
1030.00,7.0134
1030.50,6.9957
1031.00,6.9649
1031.50,6.9317
1032.00,6.9100
1032.50,6.9061
1033.00,6.9146
1033.50,6.9246
1034.00,6.9273
1034.50,6.9194
1035.00,6.9028
1035.50,6.8829
1036.00,6.8674
1036.50,6.8649
1037.00,6.8813
1037.50,6.9153
1038.00,6.9561
1038.50,6.9891
1039.00,7.0038
1039.50,6.9978
1040.00,6.9752
1040.50,6.9440
1041.00,6.9145
1041.50,6.8934
1042.00,6.8786
1042.50,6.8598
1043.00,6.8272
1043.50,6.7803
1044.00,6.7287
1044.50,6.6854
1045.00,6.6579
1045.50,6.6449
1046.00,6.6387
1046.50,6.6311
1047.00,6.6178
1047.50,6.5981
1048.00,6.5744
1048.50,6.5513
1049.00,6.5349
1049.50,6.5306
1050.00,6.5384
1050.50,6.5520
1051.00,6.5613
1051.50,6.5562
1052.00,6.5332
1052.50,6.4982
1053.00,6.4633
1053.50,6.4396
1054.00,6.4306
1054.50,6.4327
1055.00,6.4394
1055.50,6.4458
1056.00,6.4476
1056.50,6.4414
1057.00,6.4261
1057.50,6.4041
1058.00,6.3806
1058.50,6.3613
1059.00,6.3511
1059.50,6.3525
1060.00,6.3653
1060.50,6.3860
1061.00,6.4102
1061.50,6.4344
1062.00,6.4564
1062.50,6.4746
1063.00,6.4876
1063.50,6.4984
1064.00,6.5138
1064.50,6.5401
1065.00,6.5778
1065.50,6.6216
1066.00,6.6648
1066.50,6.7020
1067.00,6.7289
1067.50,6.7429
1068.00,6.7453
1068.50,6.7437
1069.00,6.7501
1069.50,6.7763
1070.00,6.8290
1070.50,6.9059
1071.00,6.9953
1071.50,7.0787
1072.00,7.1380
1072.50,7.1639
1073.00,7.1582
1073.50,7.1320
1074.00,7.1017
1074.50,7.0837
1075.00,7.0888
1075.50,7.1152
1076.00,7.1480
1076.50,7.1673
1077.00,7.1602
1077.50,7.1284
1078.00,7.0858
1078.50,7.0487
1079.00,7.0272
1079.50,7.0214
1080.00,7.0234
1080.50,7.0235
1081.00,7.0140
1081.50,6.9920
1082.00,6.9585
1082.50,6.9178
1083.00,6.8748
1083.50,6.8330
1084.00,6.7958
1084.50,6.7671
1085.00,6.7506
1085.50,6.7453
1086.00,6.7442
1086.50,6.7378
1087.00,6.7189
1087.50,6.6864
1088.00,6.6429
1088.50,6.5923
1089.00,6.5384
1089.50,6.4859
1090.00,6.4411
1090.50,6.4103
1091.00,6.3958
1091.50,6.3931
1092.00,6.3928
1092.50,6.3879
1093.00,6.3797
1093.50,6.3768
1094.00,6.3875
1094.50,6.4132
1095.00,6.4475
1095.50,6.4844
1096.00,6.5223
1096.50,6.5635
1097.00,6.6086
1097.50,6.6559
1098.00,6.7057
1098.50,6.7624
1099.00,6.8296
1099.50,6.9046
1100.00,6.9791
1100.50,7.0471
1101.00,7.1097
1101.50,7.1714
1102.00,7.2338
1102.50,7.2936
1103.00,7.3450
1103.50,7.3838
1104.00,7.4078
1104.50,7.4189
1105.00,7.4248
1105.50,7.4381
1106.00,7.4708
1106.50,7.5256
1107.00,7.5910
1107.50,7.6469
1108.00,7.6772
1108.50,7.6798
1109.00,7.6660
1109.50,7.6496
1110.00,7.6381
1110.50,7.6325
1111.00,7.6316
1111.50,7.6338
1112.00,7.6368
1112.50,7.6373
1113.00,7.6329
1113.50,7.6238
1114.00,7.6120
1114.50,7.5980
1115.00,7.5812
1115.50,7.5625
1116.00,7.5493
1116.50,7.5545
1117.00,7.5891
1117.50,7.6529
1118.00,7.7346
1118.50,7.8191
1119.00,7.8978
1119.50,7.9722
1120.00,8.0511
1120.50,8.1442
1121.00,8.2560
1121.50,8.3842
1122.00,8.5228
1122.50,8.6651
1123.00,8.8050
1123.50,8.9386
1124.00,9.0662
1124.50,9.1921
1125.00,9.3235
1125.50,9.4680
1126.00,9.6333
1126.50,9.8252
1127.00,10.0429
1127.50,10.2786
1128.00,10.5225
1128.50,10.7701
1129.00,11.0247
1129.50,11.2942
1130.00,11.5862
1130.50,11.9033
1131.00,12.2406
1131.50,12.5888
1132.00,12.9411
1132.50,13.2984
1133.00,13.6660
1133.50,14.0470
1134.00,14.4405
1134.50,14.8438
1135.00,15.2553
1135.50,15.6740
1136.00,16.0998
1136.50,16.5347
1137.00,16.9810
1137.50,17.4359
1138.00,17.8871
1138.50,18.3164
1139.00,18.7063
1139.50,19.0469
1140.00,19.3365
1140.50,19.5764
1141.00,19.7654
1141.50,19.8946
1142.00,19.9460
1142.50,19.8956
1143.00,19.7200
1143.50,19.4020
1144.00,18.9330
1144.50,18.3127
1145.00,17.5517
1145.50,16.6727
1146.00,15.7076
1146.50,14.6878
1147.00,13.6392
1147.50,12.5856
1148.00,11.5593
1148.50,10.6011
1149.00,9.7496
1149.50,9.0248
1150.00,8.4231
1150.50,7.9261
1151.00,7.5172
1151.50,7.1908
1152.00,6.9497
1152.50,6.7942
1153.00,6.7160
1153.50,6.6993
1154.00,6.7293
1154.50,6.7963
1155.00,6.8945
1155.50,7.0160
1156.00,7.1487
1156.50,7.2788
1157.00,7.3966
1157.50,7.4982
1158.00,7.5827
1158.50,7.6505
1159.00,7.7041
1159.50,7.7508
1160.00,7.7998
1160.50,7.8559
1161.00,7.9138
1161.50,7.9615
1162.00,7.9899
1162.50,8.0010
1163.00,8.0069
1163.50,8.0197
1164.00,8.0408
1164.50,8.0593
1165.00,8.0612
1165.50,8.0405
1166.00,8.0019
1166.50,7.9542
1167.00,7.9048
1167.50,7.8573
1168.00,7.8118
1168.50,7.7656
1169.00,7.7154
1169.50,7.6609
1170.00,7.6043
1170.50,7.5477
1171.00,7.4908
1171.50,7.4335
1172.00,7.3775
1172.50,7.3244
1173.00,7.2738
1173.50,7.2239
1174.00,7.1741
1174.50,7.1248
1175.00,7.0765
1175.50,7.0300
1176.00,6.9876
1176.50,6.9510
1177.00,6.9196
1177.50,6.8903
1178.00,6.8602
1178.50,6.8284
1179.00,6.7962
1179.50,6.7673
1180.00,6.7464
1180.50,6.7357
1181.00,6.7302
1181.50,6.7192
1182.00,6.6931
1182.50,6.6504
1183.00,6.5991
1183.50,6.5513
1184.00,6.5156
1184.50,6.4931
1185.00,6.4808
1185.50,6.4769
1186.00,6.4824
1186.50,6.4979
1187.00,6.5200
1187.50,6.5431
1188.00,6.5631
1188.50,6.5791
1189.00,6.5935
1189.50,6.6091
1190.00,6.6273
1190.50,6.6451
1191.00,6.6553
1191.50,6.6487
1192.00,6.6201
1192.50,6.5731
1193.00,6.5207
1193.50,6.4796
1194.00,6.4620
1194.50,6.4702
1195.00,6.4977
1195.50,6.5325
1196.00,6.5611
1196.50,6.5733
1197.00,6.5663
1197.50,6.5456
1198.00,6.5216
1198.50,6.5038
1199.00,6.4976
1199.50,6.5028
1200.00,6.5150
1200.50,6.5272
1201.00,6.5337
1201.50,6.5338
1202.00,6.5326
1202.50,6.5360
1203.00,6.5433
1203.50,6.5476
1204.00,6.5428
1204.50,6.5308
1205.00,6.5196
1205.50,6.5156
1206.00,6.5204
1206.50,6.5336
1207.00,6.5574
1207.50,6.5961
1208.00,6.6547
1208.50,6.7377
1209.00,6.8507
1209.50,7.0009
1210.00,7.1952
1210.50,7.4364
1211.00,7.7219
1211.50,8.0460
1212.00,8.4054
1212.50,8.8018
1213.00,9.2423
1213.50,9.7346
1214.00,10.2840
1214.50,10.8918
1215.00,11.5567
1215.50,12.2762
1216.00,13.0494
1216.50,13.8781
1217.00,14.7661
1217.50,15.7163
1218.00,16.7269
1218.50,17.7903
1219.00,18.8975
1219.50,20.0429
1220.00,21.2270
1220.50,22.4523
1221.00,23.7172
1221.50,25.0129
1222.00,26.3253
1222.50,27.6415
1223.00,28.9563
1223.50,30.2743
1224.00,31.6058
1224.50,32.9584
1225.00,34.3308
1225.50,35.7141
1226.00,37.0987
1226.50,38.4810
1227.00,39.8637
1227.50,41.2535
1228.00,42.6547
1228.50,44.0675
1229.00,45.4889
1229.50,46.9154
1230.00,48.3452
1230.50,49.7783
1231.00,51.2164
1231.50,52.6575
1232.00,54.0912
1232.50,55.4965
1233.00,56.8475
1233.50,58.1188
1234.00,59.2882
1234.50,60.3323
1235.00,61.2201
1235.50,61.9094
1236.00,62.3440
1236.50,62.4511
1237.00,62.1376
1237.50,61.2937
1238.00,59.8111
1238.50,57.6131
1239.00,54.6836
1239.50,51.0789
1240.00,46.9174
1240.50,42.3579
1241.00,37.5817
1241.50,32.7832
1242.00,28.1590
1242.50,23.8897
1243.00,20.1145
1243.50,16.9115
1244.00,14.2953
1244.50,12.2287
1245.00,10.6441
1245.50,9.4615
1246.00,8.6016
1246.50,7.9937
1247.00,7.5805
1247.50,7.3168
1248.00,7.1635
1248.50,7.0845
1249.00,7.0480
1249.50,7.0307
1250.00,7.0182
1250.50,7.0028
1251.00,6.9827
1251.50,6.9609
1252.00,6.9423
1252.50,6.9324
1253.00,6.9367
1253.50,6.9601
1254.00,7.0035
1254.50,7.0596
1255.00,7.1140
1255.50,7.1533
1256.00,7.1736
1256.50,7.1803
1257.00,7.1800
1257.50,7.1722
1258.00,7.1516
1258.50,7.1165
1259.00,7.0736
1259.50,7.0338
1260.00,7.0034
1260.50,6.9813
1261.00,6.9627
1261.50,6.9440
1262.00,6.9252
1262.50,6.9076
1263.00,6.8902
1263.50,6.8687
1264.00,6.8390
1264.50,6.8025
1265.00,6.7679
1265.50,6.7460
1266.00,6.7416
1266.50,6.7497
1267.00,6.7592
1267.50,6.7612
1268.00,6.7532
1268.50,6.7387
1269.00,6.7238
1269.50,6.7135
1270.00,6.7092
1270.50,6.7086
1271.00,6.7072
1271.50,6.7007
1272.00,6.6876
1272.50,6.6689
1273.00,6.6475
1273.50,6.6246
1274.00,6.5980
1274.50,6.5637
1275.00,6.5212
1275.50,6.4790
1276.00,6.4510
1276.50,6.4457
1277.00,6.4595
1277.50,6.4806
1278.00,6.4988
1278.50,6.5107
1279.00,6.5188
1279.50,6.5256
1280.00,6.5321
1280.50,6.5379
1281.00,6.5416
1281.50,6.5418
1282.00,6.5389
1282.50,6.5339
1283.00,6.5281
1283.50,6.5222
1284.00,6.5177
1284.50,6.5169
1285.00,6.5194
1285.50,6.5206
1286.00,6.5141
1286.50,6.4984
1287.00,6.4815
1287.50,6.4777
1288.00,6.4984
1288.50,6.5419
1289.00,6.5919
1289.50,6.6271
1290.00,6.6363
1290.50,6.6248
1291.00,6.6084
1291.50,6.6025
1292.00,6.6147
1292.50,6.6439
1293.00,6.6813
1293.50,6.7131
1294.00,6.7268
1294.50,6.7181
1295.00,6.6927
1295.50,6.6609
1296.00,6.6309
1296.50,6.6062
1297.00,6.5875
1297.50,6.5747
1298.00,6.5677
1298.50,6.5651
1299.00,6.5629
1299.50,6.5550
1300.00,6.5367
1300.50,6.5100
1301.00,6.4840
1301.50,6.4682
1302.00,6.4655
1302.50,6.4715
1303.00,6.4808
1303.50,6.4913
1304.00,6.5041
1304.50,6.5199
1305.00,6.5375
1305.50,6.5540
1306.00,6.5660
1306.50,6.5710
1307.00,6.5699
1307.50,6.5684
1308.00,6.5733
1308.50,6.5863
1309.00,6.6006
1309.50,6.6041
1310.00,6.5880
1310.50,6.5540
1311.00,6.5142
1311.50,6.4838
1312.00,6.4713
1312.50,6.4747
1313.00,6.4850
1313.50,6.4947
1314.00,6.5027
1314.50,6.5137
1315.00,6.5323
1315.50,6.5592
1316.00,6.5903
1316.50,6.6194
1317.00,6.6424
1317.50,6.6590
1318.00,6.6726
1318.50,6.6862
1319.00,6.6999
1319.50,6.7099
1320.00,6.7102
1320.50,6.6954
1321.00,6.6660
1321.50,6.6307
1322.00,6.6042
1322.50,6.5976
1323.00,6.6097
1323.50,6.6274
1324.00,6.6357
1324.50,6.6287
1325.00,6.6115
1325.50,6.5925
1326.00,6.5749
1326.50,6.5561
1327.00,6.5334
1327.50,6.5081
1328.00,6.4863
1328.50,6.4746
1329.00,6.4756
1329.50,6.4855
1330.00,6.4974
1330.50,6.5053
1331.00,6.5076
1331.50,6.5053
1332.00,6.5008
1332.50,6.4975
1333.00,6.4988
1333.50,6.5064
1334.00,6.5166
1334.50,6.5207
1335.00,6.5097
1335.50,6.4809
1336.00,6.4405
1336.50,6.4009
1337.00,6.3734
1337.50,6.3622
1338.00,6.3639
1338.50,6.3723
1339.00,6.3835
1339.50,6.3971
1340.00,6.4144
1340.50,6.4353
1341.00,6.4543
1341.50,6.4617
1342.00,6.4491
1342.50,6.4173
1343.00,6.3767
1343.50,6.3406
1344.00,6.3175
1344.50,6.3077
1345.00,6.3064
1345.50,6.3068
1346.00,6.3047
1346.50,6.3011
1347.00,6.3025
1347.50,6.3143
1348.00,6.3362
1348.50,6.3605
1349.00,6.3763
1349.50,6.3749
1350.00,6.3540
1350.50,6.3187
1351.00,6.2803
1351.50,6.2530
1352.00,6.2458
1352.50,6.2568
1353.00,6.2738
1353.50,6.2850
1354.00,6.2888
1354.50,6.2917
1355.00,6.2980
1355.50,6.3021
1356.00,6.2946
1356.50,6.2735
1357.00,6.2483
1357.50,6.2302
1358.00,6.2218
1358.50,6.2166
1359.00,6.2066
1359.50,6.1905
1360.00,6.1734
1360.50,6.1608
1361.00,6.1533
1361.50,6.1472
1362.00,6.1392
1362.50,6.1297
1363.00,6.1212
1363.50,6.1141
1364.00,6.1049
1364.50,6.0911
1365.00,6.0758
1365.50,6.0682
1366.00,6.0755
1366.50,6.0953
1367.00,6.1174
1367.50,6.1319
1368.00,6.1358
1368.50,6.1305
1369.00,6.1175
1369.50,6.0989
1370.00,6.0809
1370.50,6.0737
1371.00,6.0833
1371.50,6.1074
1372.00,6.1382
1372.50,6.1679
1373.00,6.1918
1373.50,6.2082
1374.00,6.2171
1374.50,6.2209
1375.00,6.2220
1375.50,6.2227
1376.00,6.2243
1376.50,6.2270
1377.00,6.2299
1377.50,6.2328
1378.00,6.2386
1378.50,6.2528
1379.00,6.2786
1379.50,6.3124
1380.00,6.3458
1380.50,6.3717
1381.00,6.3888
1381.50,6.4005
1382.00,6.4099
1382.50,6.4153
1383.00,6.4122
1383.50,6.3989
1384.00,6.3808
1384.50,6.3688
1385.00,6.3735
1385.50,6.3975
1386.00,6.4332
1386.50,6.4654
1387.00,6.4811
1387.50,6.4773
1388.00,6.4614
1388.50,6.4430
1389.00,6.4253
1389.50,6.4062
1390.00,6.3862
1390.50,6.3717
1391.00,6.3681
1391.50,6.3718
1392.00,6.3715
1392.50,6.3577
1393.00,6.3316
1393.50,6.3026
1394.00,6.2792
1394.50,6.2635
1395.00,6.2531
1395.50,6.2472
1396.00,6.2480
1396.50,6.2568
1397.00,6.2722
1397.50,6.2919
1398.00,6.3155
1398.50,6.3421
1399.00,6.3670
1399.50,6.3830
1400.00,6.3833
1400.50,6.3667
1401.00,6.3373
1401.50,6.3016
1402.00,6.2661
1402.50,6.2339
1403.00,6.2066
1403.50,6.1852
1404.00,6.1716
1404.50,6.1670
1405.00,6.1706
1405.50,6.1806
1406.00,6.1960
1406.50,6.2159
1407.00,6.2376
1407.50,6.2572
1408.00,6.2729
1408.50,6.2862
1409.00,6.2985
1409.50,6.3077
1410.00,6.3111
1410.50,6.3101
1411.00,6.3103
1411.50,6.3164
1412.00,6.3284
1412.50,6.3430
1413.00,6.3566
1413.50,6.3676
1414.00,6.3745
1414.50,6.3741
1415.00,6.3636
1415.50,6.3427
1416.00,6.3145
1416.50,6.2841
1417.00,6.2588
1417.50,6.2476
1418.00,6.2572
1418.50,6.2874
1419.00,6.3305
1419.50,6.3767
1420.00,6.4194
1420.50,6.4565
1421.00,6.4886
1421.50,6.5158
1422.00,6.5382
1422.50,6.5560
1423.00,6.5694
1423.50,6.5787
1424.00,6.5860
1424.50,6.5974
1425.00,6.6180
1425.50,6.6449
1426.00,6.6636
1426.50,6.6556
1427.00,6.6123
1427.50,6.5450
1428.00,6.4785
1428.50,6.4357
1429.00,6.4242
1429.50,6.4350
1430.00,6.4507
1430.50,6.4551
1431.00,6.4397
1431.50,6.4063
1432.00,6.3642
1432.50,6.3254
1433.00,6.2989
1433.50,6.2890
1434.00,6.2959
1434.50,6.3150
1435.00,6.3371
1435.50,6.3526
1436.00,6.3596
1436.50,6.3657
1437.00,6.3803
1437.50,6.4035
1438.00,6.4244
1438.50,6.4297
1439.00,6.4154
1439.50,6.3890
1440.00,6.3620
1440.50,6.3410
1441.00,6.3228
1441.50,6.3003
1442.00,6.2707
1442.50,6.2399
1443.00,6.2186
1443.50,6.2147
1444.00,6.2278
1444.50,6.2485
1445.00,6.2627
1445.50,6.2604
1446.00,6.2421
1446.50,6.2196
1447.00,6.2070
1447.50,6.2116
1448.00,6.2302
1448.50,6.2520
1449.00,6.2657
1449.50,6.2647
1450.00,6.2491
1450.50,6.2253
1451.00,6.2035
1451.50,6.1932
1452.00,6.1983
1452.50,6.2161
1453.00,6.2408
1453.50,6.2663
1454.00,6.2866
1454.50,6.2965
1455.00,6.2931
1455.50,6.2791
1456.00,6.2616
1456.50,6.2483
1457.00,6.2432
1457.50,6.2454
1458.00,6.2506
1458.50,6.2542
1459.00,6.2559
1459.50,6.2601
1460.00,6.2723
1460.50,6.2935
1461.00,6.3189
1461.50,6.3424
1462.00,6.3602
1462.50,6.3728
1463.00,6.3813
1463.50,6.3860
1464.00,6.3877
1464.50,6.3891
1465.00,6.3937
1465.50,6.4022
1466.00,6.4107
1466.50,6.4122
1467.00,6.4027
1467.50,6.3847
1468.00,6.3652
1468.50,6.3493
1469.00,6.3360
1469.50,6.3214
1470.00,6.3061
1470.50,6.2953
1471.00,6.2944
1471.50,6.3023
1472.00,6.3119
1472.50,6.3163
1473.00,6.3156
1473.50,6.3168
1474.00,6.3272
1474.50,6.3468
1475.00,6.3677
1475.50,6.3797
1476.00,6.3777
1476.50,6.3626
1477.00,6.3383
1477.50,6.3078
1478.00,6.2742
1478.50,6.2426
1479.00,6.2209
1479.50,6.2163
1480.00,6.2301
1480.50,6.2553
1481.00,6.2810
1481.50,6.2989
1482.00,6.3080
1482.50,6.3121
1483.00,6.3146
1483.50,6.3152
1484.00,6.3100
1484.50,6.2952
1485.00,6.2715
1485.50,6.2463
1486.00,6.2284
1486.50,6.2205
1487.00,6.2170
1487.50,6.2103
1488.00,6.1999
1488.50,6.1941
1489.00,6.2031
1489.50,6.2299
1490.00,6.2673
1490.50,6.3028
1491.00,6.3252
1491.50,6.3295
1492.00,6.3161
1492.50,6.2878
1493.00,6.2486
1493.50,6.2050
1494.00,6.1668
1494.50,6.1430
1495.00,6.1376
1495.50,6.1474
1496.00,6.1641
1496.50,6.1765
1497.00,6.1753
1497.50,6.1590
1498.00,6.1366
1498.50,6.1228
1499.00,6.1301
1499.50,6.1597
1500.00,6.2000
1500.50,6.2333
1501.00,6.2470
1501.50,6.2392
1502.00,6.2178
1502.50,6.1927
1503.00,6.1724
1503.50,6.1633
1504.00,6.1690
1504.50,6.1873
1505.00,6.2100
1505.50,6.2281
1506.00,6.2384
1506.50,6.2443
1507.00,6.2516
1507.50,6.2632
1508.00,6.2787
1508.50,6.2974
1509.00,6.3190
1509.50,6.3426
1510.00,6.3643
1510.50,6.3793
1511.00,6.3858
1511.50,6.3878
1512.00,6.3918
1512.50,6.4005
1513.00,6.4104
1513.50,6.4157
1514.00,6.4128
1514.50,6.4036
1515.00,6.3941
1515.50,6.3924
1516.00,6.4052
1516.50,6.4349
1517.00,6.4773
1517.50,6.5241
1518.00,6.5660
1518.50,6.5986
1519.00,6.6215
1519.50,6.6346
1520.00,6.6358
1520.50,6.6230
1521.00,6.5986
1521.50,6.5707
1522.00,6.5488
1522.50,6.5380
1523.00,6.5351
1523.50,6.5290
1524.00,6.5075
1524.50,6.4655
1525.00,6.4116
1525.50,6.3639
1526.00,6.3390
1526.50,6.3401
1527.00,6.3570
1527.50,6.3750
1528.00,6.3850
1528.50,6.3866
1529.00,6.3841
1529.50,6.3825
1530.00,6.3848
1530.50,6.3923
1531.00,6.4041
1531.50,6.4185
1532.00,6.4347
1532.50,6.4537
1533.00,6.4758
1533.50,6.4977
1534.00,6.5129
1534.50,6.5155
1535.00,6.5037
1535.50,6.4801
1536.00,6.4516
1536.50,6.4261
1537.00,6.4087
1537.50,6.3993
1538.00,6.3933
1538.50,6.3855
1539.00,6.3719
1539.50,6.3515
1540.00,6.3277
1540.50,6.3063
1541.00,6.2915
1541.50,6.2824
1542.00,6.2761
1542.50,6.2715
1543.00,6.2714
1543.50,6.2772
1544.00,6.2857
1544.50,6.2892
1545.00,6.2814
1545.50,6.2622
1546.00,6.2374
1546.50,6.2145
1547.00,6.1968
1547.50,6.1821
1548.00,6.1666
1548.50,6.1515
1549.00,6.1423
1549.50,6.1428
1550.00,6.1501
1550.50,6.1549
1551.00,6.1487
1551.50,6.1289
1552.00,6.0995
1552.50,6.0682
1553.00,6.0420
1553.50,6.0241
1554.00,6.0133
1554.50,6.0065
1555.00,6.0013
1555.50,5.9977
1556.00,5.9957
1556.50,5.9938
1557.00,5.9903
1557.50,5.9849
1558.00,5.9782
1558.50,5.9702
1559.00,5.9588
1559.50,5.9439
1560.00,5.9290
1560.50,5.9192
1561.00,5.9152
1561.50,5.9099
1562.00,5.8930
1562.50,5.8619
1563.00,5.8275
1563.50,5.8077
1564.00,5.8131
1564.50,5.8379
1565.00,5.8670
1565.50,5.8884
1566.00,5.8996
1566.50,5.9028
1567.00,5.8999
1567.50,5.8916
1568.00,5.8789
1568.50,5.8638
1569.00,5.8493
1569.50,5.8391
1570.00,5.8344
1570.50,5.8309
1571.00,5.8205
1571.50,5.7978
1572.00,5.7648
1572.50,5.7293
1573.00,5.6982
1573.50,5.6748
1574.00,5.6589
1574.50,5.6517
1575.00,5.6555
1575.50,5.6704
1576.00,5.6909
1576.50,5.7069
1577.00,5.7122
1577.50,5.7096
1578.00,5.7088
1578.50,5.7173
1579.00,5.7346
1579.50,5.7542
1580.00,5.7710
1580.50,5.7832
1581.00,5.7912
1581.50,5.7937
1582.00,5.7896
1582.50,5.7810
1583.00,5.7734
1583.50,5.7714
1584.00,5.7746
1584.50,5.7799
1585.00,5.7857
1585.50,5.7924
1586.00,5.7998
1586.50,5.8055
1587.00,5.8076
1587.50,5.8066
1588.00,5.8045
1588.50,5.8026
1589.00,5.8001
1589.50,5.7961
1590.00,5.7927
1590.50,5.7942
1591.00,5.8026
1591.50,5.8140
1592.00,5.8205
1592.50,5.8151
1593.00,5.7957
1593.50,5.7668
1594.00,5.7387
1594.50,5.7231
1595.00,5.7266
1595.50,5.7448
1596.00,5.7647
1596.50,5.7742
1597.00,5.7709
1597.50,5.7613
1598.00,5.7534
1598.50,5.7519
1599.00,5.7582
1599.50,5.7719
1600.00,5.7891
1600.50,5.8021
1601.00,5.8038
1601.50,5.7929
1602.00,5.7748
1602.50,5.7576
1603.00,5.7451
1603.50,5.7359
1604.00,5.7272
1604.50,5.7195
1605.00,5.7178
1605.50,5.7269
1606.00,5.7460
1606.50,5.7668
1607.00,5.7776
1607.50,5.7711
1608.00,5.7491
1608.50,5.7198
1609.00,5.6915
1609.50,5.6696
1610.00,5.6578
1610.50,5.6597
1611.00,5.6770
1611.50,5.7070
1612.00,5.7427
1612.50,5.7767
1613.00,5.8042
1613.50,5.8230
1614.00,5.8309
1614.50,5.8265
1615.00,5.8126
1615.50,5.8002
1616.00,5.8051
1616.50,5.8361
1617.00,5.8850
1617.50,5.9311
1618.00,5.9564
1618.50,5.9561
1619.00,5.9384
1619.50,5.9156
1620.00,5.8965
1620.50,5.8834
1621.00,5.8742
1621.50,5.8664
1622.00,5.8601
1622.50,5.8568
1623.00,5.8562
1623.50,5.8555
1624.00,5.8520
1624.50,5.8464
1625.00,5.8408
1625.50,5.8341
1626.00,5.8202
1626.50,5.7932
1627.00,5.7533
1627.50,5.7078
1628.00,5.6668
1628.50,5.6376
1629.00,5.6222
1629.50,5.6181
1630.00,5.6204
1630.50,5.6226
1631.00,5.6192
1631.50,5.6068
1632.00,5.5860
1632.50,5.5607
1633.00,5.5377
1633.50,5.5258
1634.00,5.5331
1634.50,5.5623
1635.00,5.6073
1635.50,5.6549
1636.00,5.6921
1636.50,5.7125
1637.00,5.7185
1637.50,5.7169
1638.00,5.7132
1638.50,5.7094
1639.00,5.7040
1639.50,5.6947
1640.00,5.6820
1640.50,5.6717
1641.00,5.6709
1641.50,5.6820
1642.00,5.7001
1642.50,5.7168
1643.00,5.7272
1643.50,5.7315
1644.00,5.7332
1644.50,5.7349
1645.00,5.7364
1645.50,5.7357
1646.00,5.7306
1646.50,5.7213
1647.00,5.7109
1647.50,5.7050
1648.00,5.7077
1648.50,5.7181
1649.00,5.7306
1649.50,5.7392
1650.00,5.7407
1650.50,5.7364
1651.00,5.7325
1651.50,5.7386
1652.00,5.7614
1652.50,5.7988
1653.00,5.8389
1653.50,5.8688
1654.00,5.8831
1654.50,5.8854
1655.00,5.8824
1655.50,5.8785
1656.00,5.8759
1656.50,5.8766
1657.00,5.8826
1657.50,5.8933
1658.00,5.9045
1658.50,5.9112
1659.00,5.9108
1659.50,5.9048
1660.00,5.8962
1660.50,5.8869
1661.00,5.8777
1661.50,5.8713
1662.00,5.8723
1662.50,5.8823
1663.00,5.8963
1663.50,5.9053
1664.00,5.9031
1664.50,5.8901
1665.00,5.8721
1665.50,5.8555
1666.00,5.8441
1666.50,5.8384
1667.00,5.8376
1667.50,5.8413
1668.00,5.8494
1668.50,5.8608
1669.00,5.8714
1669.50,5.8742
1670.00,5.8622
1670.50,5.8329
1671.00,5.7928
1671.50,5.7561
1672.00,5.7379
1672.50,5.7448
1673.00,5.7699
1673.50,5.7987
1674.00,5.8202
1674.50,5.8334
1675.00,5.8445
1675.50,5.8589
1676.00,5.8763
1676.50,5.8926
1677.00,5.9045
1677.50,5.9117
1678.00,5.9164
1678.50,5.9219
1679.00,5.9314
1679.50,5.9458
1680.00,5.9633
1680.50,5.9804
1681.00,5.9939
1681.50,6.0029
1682.00,6.0092
1682.50,6.0164
1683.00,6.0286
1683.50,6.0471
1684.00,6.0693
1684.50,6.0910
1685.00,6.1084
1685.50,6.1207
1686.00,6.1295
1686.50,6.1362
1687.00,6.1407
1687.50,6.1401
1688.00,6.1305
1688.50,6.1102
1689.00,6.0834
1689.50,6.0600
1690.00,6.0520
1690.50,6.0688
1691.00,6.1122
1691.50,6.1747
1692.00,6.2404
1692.50,6.2925
1693.00,6.3211
1693.50,6.3265
1694.00,6.3138
1694.50,6.2880
1695.00,6.2512
1695.50,6.2044
1696.00,6.1515
1696.50,6.1015
1697.00,6.0668
1697.50,6.0549
1698.00,6.0633
1698.50,6.0812
1699.00,6.0976
1699.50,6.1066
1700.00,6.1078
1700.50,6.1038
1701.00,6.0978
1701.50,6.0933
1702.00,6.0940
1702.50,6.1030
1703.00,6.1196
1703.50,6.1392
1704.00,6.1555
1704.50,6.1638
1705.00,6.1623
1705.50,6.1532
1706.00,6.1406
1706.50,6.1284
1707.00,6.1171
1707.50,6.1037
1708.00,6.0855
1708.50,6.0642
1709.00,6.0455
1709.50,6.0349
1710.00,6.0336
1710.50,6.0398
1711.00,6.0507
1711.50,6.0649
1712.00,6.0821
1712.50,6.1027
1713.00,6.1280
1713.50,6.1598
1714.00,6.1986
1714.50,6.2412
1715.00,6.2801
1715.50,6.3060
1716.00,6.3119
1716.50,6.2992
1717.00,6.2774
1717.50,6.2599
1718.00,6.2579
1718.50,6.2762
1719.00,6.3141
1719.50,6.3656
1720.00,6.4197
1720.50,6.4614
1721.00,6.4770
1721.50,6.4610
1722.00,6.4187
1722.50,6.3628
1723.00,6.3091
1723.50,6.2711
1724.00,6.2566
1724.50,6.2639
1725.00,6.2835
1725.50,6.3024
1726.00,6.3114
1726.50,6.3109
1727.00,6.3092
1727.50,6.3158
1728.00,6.3328
1728.50,6.3548
1729.00,6.3738
1729.50,6.3869
1730.00,6.3975
1730.50,6.4115
1731.00,6.4323
1731.50,6.4581
1732.00,6.4852
1732.50,6.5097
1733.00,6.5273
1733.50,6.5337
1734.00,6.5278
1734.50,6.5146
1735.00,6.5032
1735.50,6.4978
1736.00,6.4924
1736.50,6.4744
1737.00,6.4378
1737.50,6.3887
1738.00,6.3404
1738.50,6.3031
1739.00,6.2804
1739.50,6.2703
1740.00,6.2676
1740.50,6.2649
1741.00,6.2554
1741.50,6.2360
1742.00,6.2085
1742.50,6.1787
1743.00,6.1541
1743.50,6.1431
1744.00,6.1503
1744.50,6.1740
1745.00,6.2061
1745.50,6.2365
1746.00,6.2584
1746.50,6.2712
1747.00,6.2777
1747.50,6.2815
1748.00,6.2859
1748.50,6.2948
1749.00,6.3129
1749.50,6.3419
1750.00,6.3770
1750.50,6.4082
1751.00,6.4273
1751.50,6.4313
1752.00,6.4215
1752.50,6.3996
1753.00,6.3680
1753.50,6.3311
1754.00,6.2952
1754.50,6.2640
1755.00,6.2372
1755.50,6.2127
1756.00,6.1899
1756.50,6.1689
1757.00,6.1490
1757.50,6.1300
1758.00,6.1146
1758.50,6.1069
1759.00,6.1089
1759.50,6.1167
1760.00,6.1223
1760.50,6.1176
1761.00,6.0995
1761.50,6.0715
1762.00,6.0415
1762.50,6.0161
1763.00,5.9972
1763.50,5.9854
1764.00,5.9834
1764.50,5.9939
1765.00,6.0136
1765.50,6.0336
1766.00,6.0447
1766.50,6.0446
1767.00,6.0372
1767.50,6.0292
1768.00,6.0256
1768.50,6.0284
1769.00,6.0359
1769.50,6.0455
1770.00,6.0568
1770.50,6.0718
1771.00,6.0918
1771.50,6.1139
1772.00,6.1303
1772.50,6.1314
1773.00,6.1106
1773.50,6.0690
1774.00,6.0160
1774.50,5.9654
1775.00,5.9290
1775.50,5.9106
1776.00,5.9055
1776.50,5.9032
1777.00,5.8945
1777.50,5.8760
1778.00,5.8516
1778.50,5.8279
1779.00,5.8083
1779.50,5.7911
1780.00,5.7725
1780.50,5.7510
1781.00,5.7298
1781.50,5.7141
1782.00,5.7075
1782.50,5.7089
1783.00,5.7140
1783.50,5.7177
1784.00,5.7192
1784.50,5.7217
1785.00,5.7293
1785.50,5.7433
1786.00,5.7610
1786.50,5.7783
1787.00,5.7899
1787.50,5.7922
1788.00,5.7859
1788.50,5.7764
1789.00,5.7703
1789.50,5.7680
1790.00,5.7644
1790.50,5.7553
1791.00,5.7441
1791.50,5.7383
1792.00,5.7416
1792.50,5.7488
1793.00,5.7497
1793.50,5.7371
1794.00,5.7126
1794.50,5.6856
1795.00,5.6668
1795.50,5.6613
1796.00,5.6683
1796.50,5.6839
1797.00,5.7034
1797.50,5.7217
1798.00,5.7335
1798.50,5.7355
1799.00,5.7293
1799.50,5.7195
1800.00,5.7118
1800.50,5.7108
1801.00,5.7194
1801.50,5.7359
1802.00,5.7534
1802.50,5.7628
1803.00,5.7579
1803.50,5.7391
1804.00,5.7113
1804.50,5.6805
1805.00,5.6525
1805.50,5.6328
1806.00,5.6266
1806.50,5.6373
1807.00,5.6632
1807.50,5.6952
1808.00,5.7184
1808.50,5.7208
1809.00,5.7037
1809.50,5.6834
1810.00,5.6790
1810.50,5.6982
1811.00,5.7337
1811.50,5.7708
1812.00,5.7977
1812.50,5.8121
1813.00,5.8200
1813.50,5.8303
1814.00,5.8468
1814.50,5.8642
1815.00,5.8732
1815.50,5.8688
1816.00,5.8538
1816.50,5.8335
1817.00,5.8108
1817.50,5.7881
1818.00,5.7708
1818.50,5.7635
1819.00,5.7633
1819.50,5.7595
1820.00,5.7417
1820.50,5.7071
1821.00,5.6610
1821.50,5.6133
1822.00,5.5763
1822.50,5.5617
1823.00,5.5742
1823.50,5.6073
1824.00,5.6470
1824.50,5.6812
1825.00,5.7046
1825.50,5.7186
1826.00,5.7263
1826.50,5.7296
1827.00,5.7280
1827.50,5.7191
1828.00,5.7016
1828.50,5.6785
1829.00,5.6583
1829.50,5.6522
1830.00,5.6686
1830.50,5.7087
1831.00,5.7642
1831.50,5.8199
1832.00,5.8612
1832.50,5.8806
1833.00,5.8810
1833.50,5.8715
1834.00,5.8619
1834.50,5.8579
1835.00,5.8610
1835.50,5.8671
1836.00,5.8686
1836.50,5.8594
1837.00,5.8413
1837.50,5.8232
1838.00,5.8159
1838.50,5.8247
1839.00,5.8474
1839.50,5.8768
1840.00,5.9037
1840.50,5.9194
1841.00,5.9163
1841.50,5.8921
1842.00,5.8519
1842.50,5.8081
1843.00,5.7739
1843.50,5.7541
1844.00,5.7424
1844.50,5.7295
1845.00,5.7123
1845.50,5.6962
1846.00,5.6894
1846.50,5.6950
1847.00,5.7092
1847.50,5.7264
1848.00,5.7435
1848.50,5.7608
1849.00,5.7774
1849.50,5.7902
1850.00,5.7964
1850.50,5.7970
1851.00,5.7939
1851.50,5.7881
1852.00,5.7785
1852.50,5.7650
1853.00,5.7481
1853.50,5.7279
1854.00,5.7041
1854.50,5.6794
1855.00,5.6604
1855.50,5.6542
1856.00,5.6641
1856.50,5.6871
1857.00,5.7170
1857.50,5.7477
1858.00,5.7757
1858.50,5.7991
1859.00,5.8168
1859.50,5.8275
1860.00,5.8285
1860.50,5.8184
1861.00,5.8000
1861.50,5.7813
1862.00,5.7720
1862.50,5.7772
1863.00,5.7951
1863.50,5.8184
1864.00,5.8401
1864.50,5.8573
1865.00,5.8744
1865.50,5.8980
1866.00,5.9320
1866.50,5.9722
1867.00,6.0076
1867.50,6.0264
1868.00,6.0234
1868.50,6.0047
1869.00,5.9839
1869.50,5.9741
1870.00,5.9796
1870.50,5.9951
1871.00,6.0130
1871.50,6.0289
1872.00,6.0411
1872.50,6.0482
1873.00,6.0481
1873.50,6.0407
1874.00,6.0286
1874.50,6.0143
1875.00,5.9970
1875.50,5.9735
1876.00,5.9428
1876.50,5.9085
1877.00,5.8773
1877.50,5.8550
1878.00,5.8437
1878.50,5.8410
1879.00,5.8416
1879.50,5.8397
1880.00,5.8309
1880.50,5.8136
1881.00,5.7884
1881.50,5.7586
1882.00,5.7292
1882.50,5.7055
1883.00,5.6907
1883.50,5.6855
1884.00,5.6899
1884.50,5.7042
1885.00,5.7276
1885.50,5.7544
1886.00,5.7759
1886.50,5.7857
1887.00,5.7847
1887.50,5.7786
1888.00,5.7705
1888.50,5.7580
1889.00,5.7386
1889.50,5.7151
1890.00,5.6945
1890.50,5.6813
1891.00,5.6755
1891.50,5.6764
1892.00,5.6852
1892.50,5.7018
1893.00,5.7194
1893.50,5.7264
1894.00,5.7146
1894.50,5.6878
1895.00,5.6615
1895.50,5.6527
1896.00,5.6682
1896.50,5.7007
1897.00,5.7346
1897.50,5.7563
1898.00,5.7618
1898.50,5.7568
1899.00,5.7519
1899.50,5.7541
1900.00,5.7625
1900.50,5.7702
1901.00,5.7710
1901.50,5.7638
1902.00,5.7514
1902.50,5.7369
1903.00,5.7213
1903.50,5.7060
1904.00,5.6932
1904.50,5.6846
1905.00,5.6772
1905.50,5.6638
1906.00,5.6380
1906.50,5.6000
1907.00,5.5584
1907.50,5.5262
1908.00,5.5138
1908.50,5.5219
1909.00,5.5405
1909.50,5.5541
1910.00,5.5511
1910.50,5.5291
1911.00,5.4947
1911.50,5.4596
1912.00,5.4348
1912.50,5.4265
1913.00,5.4322
1913.50,5.4428
1914.00,5.4487
1914.50,5.4463
1915.00,5.4384
1915.50,5.4313
1916.00,5.4294
1916.50,5.4332
1917.00,5.4383
1917.50,5.4378
1918.00,5.4276
1918.50,5.4096
1919.00,5.3924
1919.50,5.3859
1920.00,5.3941
1920.50,5.4127
1921.00,5.4334
1921.50,5.4509
1922.00,5.4650
1922.50,5.4785
1923.00,5.4944
1923.50,5.5147
1924.00,5.5409
1924.50,5.5720
1925.00,5.6027
1925.50,5.6242
1926.00,5.6280
1926.50,5.6117
1927.00,5.5804
1927.50,5.5446
1928.00,5.5137
1928.50,5.4943
1929.00,5.4910
1929.50,5.5068
1930.00,5.5393
1930.50,5.5769
1931.00,5.6050
1931.50,5.6171
1932.00,5.6208
1932.50,5.6306
1933.00,5.6578
1933.50,5.7033
1934.00,5.7602
1934.50,5.8189
1935.00,5.8712
1935.50,5.9104
1936.00,5.9311
1936.50,5.9308
1937.00,5.9118
1937.50,5.8826
1938.00,5.8535
1938.50,5.8306
1939.00,5.8108
1939.50,5.7863
1940.00,5.7522
1940.50,5.7126
1941.00,5.6777
1941.50,5.6549
1942.00,5.6428
1942.50,5.6345
1943.00,5.6262
1943.50,5.6215
1944.00,5.6270
1944.50,5.6454
1945.00,5.6720
1945.50,5.6980
1946.00,5.7169
1946.50,5.7271
1947.00,5.7323
1947.50,5.7389
1948.00,5.7508
1948.50,5.7663
1949.00,5.7798
1949.50,5.7872
1950.00,5.7900
1950.50,5.7918
1951.00,5.7939
1951.50,5.7932
1952.00,5.7864
1952.50,5.7742
1953.00,5.7620
1953.50,5.7544
1954.00,5.7521
1954.50,5.7515
1955.00,5.7486
1955.50,5.7431
1956.00,5.7395
1956.50,5.7435
1957.00,5.7567
1957.50,5.7757
1958.00,5.7953
1958.50,5.8113
1959.00,5.8204
1959.50,5.8185
1960.00,5.8034
1960.50,5.7798
1961.00,5.7596
1961.50,5.7541
1962.00,5.7670
1962.50,5.7934
1963.00,5.8249
1963.50,5.8523
1964.00,5.8690
1964.50,5.8737
1965.00,5.8718
1965.50,5.8720
1966.00,5.8788
1966.50,5.8897
1967.00,5.8984
1967.50,5.8997
1968.00,5.8918
1968.50,5.8735
1969.00,5.8431
1969.50,5.8002
1970.00,5.7500
1970.50,5.7032
1971.00,5.6692
1971.50,5.6501
1972.00,5.6419
1972.50,5.6397
1973.00,5.6410
1973.50,5.6447
1974.00,5.6487
1974.50,5.6503
1975.00,5.6479
1975.50,5.6432
1976.00,5.6398
1976.50,5.6401
1977.00,5.6418
1977.50,5.6395
1978.00,5.6295
1978.50,5.6125
1979.00,5.5926
1979.50,5.5737
1980.00,5.5575
1980.50,5.5432
1981.00,5.5278
1981.50,5.5086
1982.00,5.4884
1982.50,5.4777
1983.00,5.4898
1983.50,5.5298
1984.00,5.5870
1984.50,5.6390
1985.00,5.6648
1985.50,5.6557
1986.00,5.6182
1986.50,5.5685
1987.00,5.5252
1987.50,5.5042
1988.00,5.5133
1988.50,5.5485
1989.00,5.5963
1989.50,5.6434
1990.00,5.6848
1990.50,5.7227
1991.00,5.7563
1991.50,5.7794
1992.00,5.7866
1992.50,5.7811
1993.00,5.7735
1993.50,5.7722
1994.00,5.7766
1994.50,5.7792
1995.00,5.7744
1995.50,5.7636
1996.00,5.7539
1996.50,5.7526
1997.00,5.7622
1997.50,5.7801
1998.00,5.8020
1998.50,5.8248
1999.00,5.8461
1999.50,5.8620
2000.00,5.8669
2000.50,5.8560
2001.00,5.8301
2001.50,5.7953
2002.00,5.7574
2002.50,5.7186
2003.00,5.6778
2003.50,5.6345
2004.00,5.5917
2004.50,5.5573
2005.00,5.5418
2005.50,5.5511
2006.00,5.5805
2006.50,5.6152
2007.00,5.6381
2007.50,5.6380
2008.00,5.6137
2008.50,5.5715
2009.00,5.5226
2009.50,5.4789
2010.00,5.4496
2010.50,5.4385
2011.00,5.4429
2011.50,5.4557
2012.00,5.4686
2012.50,5.4746
2013.00,5.4710
2013.50,5.4601
2014.00,5.4459
2014.50,5.4308
2015.00,5.4167
2015.50,5.4089
2016.00,5.4168
2016.50,5.4468
2017.00,5.4953
2017.50,5.5494
2018.00,5.5931
2018.50,5.6154
2019.00,5.6151
2019.50,5.6014
2020.00,5.5892
2020.50,5.5898
2021.00,5.6045
2021.50,5.6239
2022.00,5.6358
2022.50,5.6345
2023.00,5.6257
2023.50,5.6209
2024.00,5.6280
2024.50,5.6459
2025.00,5.6676
2025.50,5.6870
2026.00,5.7040
2026.50,5.7229
2027.00,5.7473
2027.50,5.7765
2028.00,5.8060
2028.50,5.8299
2029.00,5.8449
2029.50,5.8517
2030.00,5.8539
2030.50,5.8533
2031.00,5.8464
2031.50,5.8268
2032.00,5.7899
2032.50,5.7393
2033.00,5.6885
2033.50,5.6535
2034.00,5.6422
2034.50,5.6481
2035.00,5.6557
2035.50,5.6530
2036.00,5.6391
2036.50,5.6196
2037.00,5.5982
2037.50,5.5747
2038.00,5.5510
2038.50,5.5341
2039.00,5.5298
2039.50,5.5341
2040.00,5.5349
2040.50,5.5234
2041.00,5.5011
2041.50,5.4766
2042.00,5.4558
2042.50,5.4360
2043.00,5.4092
2043.50,5.3699
2044.00,5.3219
2044.50,5.2783
2045.00,5.2540
2045.50,5.2557
2046.00,5.2780
2046.50,5.3067
2047.00,5.3267
2047.50,5.3297
2048.00,5.3173
2048.50,5.2988
2049.00,5.2831
2049.50,5.2699
2050.00,5.2483
2050.50,5.2058
2051.00,5.1431
2051.50,5.0781
2052.00,5.0359
2052.50,5.0314
2053.00,5.0628
2053.50,5.1189
2054.00,5.1902
2054.50,5.2712
2055.00,5.3547
2055.50,5.4297
2056.00,5.4847
2056.50,5.5146
2057.00,5.5220
2057.50,5.5144
2058.00,5.5014
2058.50,5.4908
2059.00,5.4875
2059.50,5.4941
2060.00,5.5098
2060.50,5.5311
2061.00,5.5518
2061.50,5.5658
2062.00,5.5704
2062.50,5.5673
2063.00,5.5599
2063.50,5.5479
2064.00,5.5273
2064.50,5.4957
2065.00,5.4596
2065.50,5.4326
2066.00,5.4245
2066.50,5.4322
2067.00,5.4432
2067.50,5.4474
2068.00,5.4455
2068.50,5.4455
2069.00,5.4540
2069.50,5.4699
2070.00,5.4857
2070.50,5.4918
2071.00,5.4823
2071.50,5.4574
2072.00,5.4211
2072.50,5.3780
2073.00,5.3329
2073.50,5.2906
2074.00,5.2557
2074.50,5.2294
2075.00,5.2099
2075.50,5.1945
2076.00,5.1817
2076.50,5.1725
2077.00,5.1709
2077.50,5.1823
2078.00,5.2092
2078.50,5.2465
2079.00,5.2829
2079.50,5.3078
2080.00,5.3171
2080.50,5.3145
2081.00,5.3087
2081.50,5.3081
2082.00,5.3169
2082.50,5.3323
2083.00,5.3472
2083.50,5.3572
2084.00,5.3653
2084.50,5.3796
2085.00,5.4045
2085.50,5.4347
2086.00,5.4592
2086.50,5.4703
2087.00,5.4686
2087.50,5.4612
2088.00,5.4553
2088.50,5.4553
2089.00,5.4615
2089.50,5.4723
2090.00,5.4861
2090.50,5.5031
2091.00,5.5235
2091.50,5.5443
2092.00,5.5597
2092.50,5.5647
2093.00,5.5604
2093.50,5.5533
2094.00,5.5510
2094.50,5.5582
2095.00,5.5753
2095.50,5.5995
2096.00,5.6243
2096.50,5.6433
2097.00,5.6538
2097.50,5.6589
2098.00,5.6638
2098.50,5.6696
2099.00,5.6719
2099.50,5.6650
2100.00,5.6467
2100.50,5.6195
2101.00,5.5885
2101.50,5.5582
2102.00,5.5303
2102.50,5.5041
2103.00,5.4778
2103.50,5.4502
2104.00,5.4208
2104.50,5.3885
2105.00,5.3509
2105.50,5.3079
2106.00,5.2647
2106.50,5.2327
2107.00,5.2224
2107.50,5.2346
2108.00,5.2559
2108.50,5.2678
2109.00,5.2609
2109.50,5.2398
2110.00,5.2146
2110.50,5.1921
2111.00,5.1754
2111.50,5.1689
2112.00,5.1775
2112.50,5.2003
2113.00,5.2294
2113.50,5.2557
2114.00,5.2764
2114.50,5.2943
2115.00,5.3111
2115.50,5.3247
2116.00,5.3315
2116.50,5.3307
2117.00,5.3249
2117.50,5.3190
2118.00,5.3188
2118.50,5.3299
2119.00,5.3549
2119.50,5.3899
2120.00,5.4261
2120.50,5.4546
2121.00,5.4719
2121.50,5.4821
2122.00,5.4924
2122.50,5.5067
2123.00,5.5223
2123.50,5.5331
2124.00,5.5367
2124.50,5.5362
2125.00,5.5360
2125.50,5.5378
2126.00,5.5405
2126.50,5.5428
2127.00,5.5458
2127.50,5.5517
2128.00,5.5625
2128.50,5.5775
2129.00,5.5897
2129.50,5.5864
2130.00,5.5578
2130.50,5.5059
2131.00,5.4471
2131.50,5.4027
2132.00,5.3859
2132.50,5.3948
2133.00,5.4154
2133.50,5.4321
2134.00,5.4359
2134.50,5.4272
2135.00,5.4109
2135.50,5.3919
2136.00,5.3725
2136.50,5.3530
2137.00,5.3327
2137.50,5.3115
2138.00,5.2914
2138.50,5.2769
2139.00,5.2714
2139.50,5.2731
2140.00,5.2761
2140.50,5.2750
2141.00,5.2714
2141.50,5.2730
2142.00,5.2851
2142.50,5.3040
2143.00,5.3191
2143.50,5.3223
2144.00,5.3154
2144.50,5.3072
2145.00,5.3053
2145.50,5.3115
2146.00,5.3223
2146.50,5.3333
2147.00,5.3435
2147.50,5.3567
2148.00,5.3788
2148.50,5.4103
2149.00,5.4438
2149.50,5.4672
2150.00,5.4723
2150.50,5.4591
2151.00,5.4352
2151.50,5.4104
2152.00,5.3927
2152.50,5.3851
2153.00,5.3863
2153.50,5.3927
2154.00,5.4015
2154.50,5.4121
2155.00,5.4252
2155.50,5.4412
2156.00,5.4600
2156.50,5.4804
2157.00,5.4999
2157.50,5.5150
2158.00,5.5224
2158.50,5.5198
2159.00,5.5063
2159.50,5.4834
2160.00,5.4563
2160.50,5.4341
2161.00,5.4260
2161.50,5.4345
2162.00,5.4541
2162.50,5.4753
2163.00,5.4909
2163.50,5.4990
2164.00,5.5014
2164.50,5.5003
2165.00,5.4968
2165.50,5.4910
2166.00,5.4841
2166.50,5.4766
2167.00,5.4661
2167.50,5.4477
2168.00,5.4200
2168.50,5.3890
2169.00,5.3650
2169.50,5.3544
2170.00,5.3556
2170.50,5.3631
2171.00,5.3739
2171.50,5.3891
2172.00,5.4108
2172.50,5.4373
2173.00,5.4636
2173.50,5.4834
2174.00,5.4932
2174.50,5.4937
2175.00,5.4888
2175.50,5.4821
2176.00,5.4755
2176.50,5.4689
2177.00,5.4609
2177.50,5.4497
2178.00,5.4347
2178.50,5.4188
2179.00,5.4065
2179.50,5.4000
2180.00,5.3960
2180.50,5.3875
2181.00,5.3687
2181.50,5.3383
2182.00,5.3004
2182.50,5.2612
2183.00,5.2246
2183.50,5.1908
2184.00,5.1581
2184.50,5.1267
2185.00,5.1001
2185.50,5.0839
2186.00,5.0814
2186.50,5.0893
2187.00,5.0977
2187.50,5.0970
2188.00,5.0846
2188.50,5.0669
2189.00,5.0520
2189.50,5.0445
2190.00,5.0437
2190.50,5.0467
2191.00,5.0528
2191.50,5.0645
2192.00,5.0859
2192.50,5.1188
2193.00,5.1604
2193.50,5.2045
2194.00,5.2450
2194.50,5.2783
2195.00,5.3031
2195.50,5.3208
2196.00,5.3347
2196.50,5.3485
2197.00,5.3656
2197.50,5.3885
2198.00,5.4201
2198.50,5.4597
2199.00,5.5008
2199.50,5.5319
2200.00,5.5436
2200.50,5.5373
2201.00,5.5246
2201.50,5.5193
2202.00,5.5275
2202.50,5.5447
2203.00,5.5610
2203.50,5.5683
2204.00,5.5647
2204.50,5.5533
2205.00,5.5392
2205.50,5.5254
2206.00,5.5123
2206.50,5.4990
2207.00,5.4852
2207.50,5.4698
2208.00,5.4506
2208.50,5.4259
2209.00,5.3973
2209.50,5.3703
2210.00,5.3512
2210.50,5.3434
2211.00,5.3451
2211.50,5.3495
2212.00,5.3475
2212.50,5.3319
2213.00,5.3008
2213.50,5.2597
2214.00,5.2188
2214.50,5.1886
2215.00,5.1767
2215.50,5.1861
2216.00,5.2141
2216.50,5.2508
2217.00,5.2822
2217.50,5.2967
2218.00,5.2932
2218.50,5.2827
2219.00,5.2803
2219.50,5.2945
2220.00,5.3232
2220.50,5.3591
2221.00,5.3975
2221.50,5.4370
2222.00,5.4744
2222.50,5.5002
2223.00,5.5029
2223.50,5.4784
2224.00,5.4370
2224.50,5.4010
2225.00,5.3884
2225.50,5.3994
2226.00,5.4156
2226.50,5.4175
2227.00,5.4005
2227.50,5.3772
2228.00,5.3656
2228.50,5.3763
2229.00,5.4064
2229.50,5.4439
2230.00,5.4749
2230.50,5.4903
2231.00,5.4876
2231.50,5.4683
2232.00,5.4335
2232.50,5.3844
2233.00,5.3246
2233.50,5.2631
2234.00,5.2137
2234.50,5.1894
2235.00,5.1946
2235.50,5.2221
2236.00,5.2575
2236.50,5.2870
2237.00,5.3040
2237.50,5.3096
2238.00,5.3105
2238.50,5.3140
2239.00,5.3248
2239.50,5.3407
2240.00,5.3534
2240.50,5.3547
2241.00,5.3435
2241.50,5.3278
2242.00,5.3178
2242.50,5.3175
2243.00,5.3222
2243.50,5.3258
2244.00,5.3298
2244.50,5.3418
2245.00,5.3667
2245.50,5.3992
2246.00,5.4262
2246.50,5.4375
2247.00,5.4315
2247.50,5.4133
2248.00,5.3898
2248.50,5.3672
2249.00,5.3508
2249.50,5.3425
2250.00,5.3393
2250.50,5.3359
2251.00,5.3292
2251.50,5.3226
2252.00,5.3242
2252.50,5.3415
2253.00,5.3760
2253.50,5.4196
2254.00,5.4572
2254.50,5.4739
2255.00,5.4641
2255.50,5.4356
2256.00,5.4040
2256.50,5.3835
2257.00,5.3792
2257.50,5.3870
2258.00,5.3971
2258.50,5.3991
2259.00,5.3866
2259.50,5.3610
2260.00,5.3302
2260.50,5.3047
2261.00,5.2938
2261.50,5.3022
2262.00,5.3290
2262.50,5.3663
2263.00,5.4017
2263.50,5.4226
2264.00,5.4209
2264.50,5.3953
2265.00,5.3518
2265.50,5.3027
2266.00,5.2628
2266.50,5.2439
2267.00,5.2497
2267.50,5.2753
2268.00,5.3091
2268.50,5.3370
2269.00,5.3476
2269.50,5.3389
2270.00,5.3210
2270.50,5.3108
2271.00,5.3207
2271.50,5.3494
2272.00,5.3828
2272.50,5.4055
2273.00,5.4115
2273.50,5.4053
2274.00,5.3941
2274.50,5.3820
2275.00,5.3702
2275.50,5.3600
2276.00,5.3536
2276.50,5.3518
2277.00,5.3539
2277.50,5.3578
2278.00,5.3611
2278.50,5.3609
2279.00,5.3536
2279.50,5.3363
2280.00,5.3088
2280.50,5.2750
2281.00,5.2426
2281.50,5.2193
2282.00,5.2076
2282.50,5.2064
2283.00,5.2147
2283.50,5.2336
2284.00,5.2621
2284.50,5.2925
2285.00,5.3127
2285.50,5.3173
2286.00,5.3128
2286.50,5.3125
2287.00,5.3234
2287.50,5.3412
2288.00,5.3564
2288.50,5.3621
2289.00,5.3569
2289.50,5.3426
2290.00,5.3222
2290.50,5.3000
2291.00,5.2811
2291.50,5.2691
2292.00,5.2643
2292.50,5.2648
2293.00,5.2696
2293.50,5.2786
2294.00,5.2905
2294.50,5.3003
2295.00,5.3017
2295.50,5.2922
2296.00,5.2762
2296.50,5.2630
2297.00,5.2619
2297.50,5.2759
2298.00,5.2987
2298.50,5.3167
2299.00,5.3166
2299.50,5.2944
2300.00,5.2590
2300.50,5.2253
2301.00,5.2045
2301.50,5.1996
2302.00,5.2074
2302.50,5.2225
2303.00,5.2399
2303.50,5.2562
2304.00,5.2679
2304.50,5.2709
2305.00,5.2599
2305.50,5.2335
2306.00,5.1980
2306.50,5.1669
2307.00,5.1527
2307.50,5.1574
2308.00,5.1706
2308.50,5.1769
2309.00,5.1681
2309.50,5.1479
2310.00,5.1279
2310.50,5.1174
2311.00,5.1188
2311.50,5.1287
2312.00,5.1425
2312.50,5.1544
2313.00,5.1562
2313.50,5.1420
2314.00,5.1152
2314.50,5.0901
2315.00,5.0821
2315.50,5.0952
2316.00,5.1186
2316.50,5.1365
2317.00,5.1411
2317.50,5.1368
2318.00,5.1341
2318.50,5.1386
2319.00,5.1466
2319.50,5.1502
2320.00,5.1462
2320.50,5.1406
2321.00,5.1448
2321.50,5.1664
2322.00,5.2027
2322.50,5.2424
2323.00,5.2739
2323.50,5.2932
2324.00,5.3038
2324.50,5.3103
2325.00,5.3126
2325.50,5.3070
2326.00,5.2909
2326.50,5.2663
2327.00,5.2376
2327.50,5.2089
2328.00,5.1824
2328.50,5.1609
2329.00,5.1479
2329.50,5.1456
2330.00,5.1518
2330.50,5.1601
2331.00,5.1638
2331.50,5.1606
2332.00,5.1525
2332.50,5.1428
2333.00,5.1327
2333.50,5.1210
2334.00,5.1067
2334.50,5.0911
2335.00,5.0789
2335.50,5.0760
2336.00,5.0851
2336.50,5.1030
2337.00,5.1229
2337.50,5.1388
2338.00,5.1485
2338.50,5.1532
2339.00,5.1548
2339.50,5.1548
2340.00,5.1534
2340.50,5.1481
2341.00,5.1358
2341.50,5.1168
2342.00,5.0983
2342.50,5.0908
2343.00,5.1006
2343.50,5.1242
2344.00,5.1505
2344.50,5.1690
2345.00,5.1759
2345.50,5.1758
2346.00,5.1777
2346.50,5.1893
2347.00,5.2130
2347.50,5.2440
2348.00,5.2726
2348.50,5.2890
2349.00,5.2900
2349.50,5.2814
2350.00,5.2728
2350.50,5.2693
2351.00,5.2703
2351.50,5.2733
2352.00,5.2788
2352.50,5.2886
2353.00,5.3013
2353.50,5.3137
2354.00,5.3243
2354.50,5.3365
2355.00,5.3544
2355.50,5.3756
2356.00,5.3901
2356.50,5.3879
2357.00,5.3684
2357.50,5.3414
2358.00,5.3189
2358.50,5.3067
2359.00,5.3031
2359.50,5.3020
2360.00,5.2981
2360.50,5.2888
2361.00,5.2761
2361.50,5.2637
2362.00,5.2556
2362.50,5.2530
2363.00,5.2564
2363.50,5.2657
2364.00,5.2804
2364.50,5.2980
2365.00,5.3120
2365.50,5.3138
2366.00,5.2961
2366.50,5.2573
2367.00,5.2058
2367.50,5.1584
2368.00,5.1308
2368.50,5.1255
2369.00,5.1311
2369.50,5.1326
2370.00,5.1255
2370.50,5.1188
2371.00,5.1262
2371.50,5.1529
2372.00,5.1910
2372.50,5.2236
2373.00,5.2368
2373.50,5.2287
2374.00,5.2095
2374.50,5.1929
2375.00,5.1887
2375.50,5.2008
2376.00,5.2282
2376.50,5.2643
2377.00,5.2963
2377.50,5.3118
2378.00,5.3066
2378.50,5.2884
2379.00,5.2685
2379.50,5.2534
2380.00,5.2423
2380.50,5.2309
2381.00,5.2162
2381.50,5.1981
2382.00,5.1780
2382.50,5.1577
2383.00,5.1397
2383.50,5.1264
2384.00,5.1193
2384.50,5.1191
2385.00,5.1258
2385.50,5.1386
2386.00,5.1554
2386.50,5.1738
2387.00,5.1925
2387.50,5.2102
2388.00,5.2228
2388.50,5.2230
2389.00,5.2048
2389.50,5.1698
2390.00,5.1283
2390.50,5.0939
2391.00,5.0751
2391.50,5.0726
2392.00,5.0805
2392.50,5.0900
2393.00,5.0915
2393.50,5.0794
2394.00,5.0539
2394.50,5.0216
2395.00,4.9917
2395.50,4.9718
2396.00,4.9657
2396.50,4.9729
2397.00,4.9888
2397.50,5.0070
2398.00,5.0240
2398.50,5.0412
2399.00,5.0625
2399.50,5.0892
2400.00,5.1165
2400.50,5.1366
2401.00,5.1442
2401.50,5.1383
2402.00,5.1220
2402.50,5.1016
2403.00,5.0840
2403.50,5.0730
2404.00,5.0666
2404.50,5.0605
2405.00,5.0555
2405.50,5.0581
2406.00,5.0732
2406.50,5.0981
2407.00,5.1259
2407.50,5.1517
2408.00,5.1741
2408.50,5.1914
2409.00,5.1999
2409.50,5.1968
2410.00,5.1845
2410.50,5.1710
2411.00,5.1665
2411.50,5.1785
2412.00,5.2086
2412.50,5.2515
2413.00,5.2949
2413.50,5.3235
2414.00,5.3273
2414.50,5.3069
2415.00,5.2729
2415.50,5.2372
2416.00,5.2058
2416.50,5.1770
2417.00,5.1475
2417.50,5.1173
2418.00,5.0915
2418.50,5.0771
2419.00,5.0792
2419.50,5.0968
2420.00,5.1220
2420.50,5.1424
2421.00,5.1461
2421.50,5.1287
2422.00,5.0961
2422.50,5.0624
2423.00,5.0422
2423.50,5.0438
2424.00,5.0648
2424.50,5.0943
2425.00,5.1170
2425.50,5.1207
2426.00,5.1032
2426.50,5.0753
2427.00,5.0554
2427.50,5.0561
2428.00,5.0757
2428.50,5.1016
2429.00,5.1229
2429.50,5.1380
2430.00,5.1507
2430.50,5.1616
2431.00,5.1653
2431.50,5.1560
2432.00,5.1345
2432.50,5.1086
2433.00,5.0879
2433.50,5.0768
2434.00,5.0747
2434.50,5.0795
2435.00,5.0898
2435.50,5.1030
2436.00,5.1145
2436.50,5.1197
2437.00,5.1187
2437.50,5.1175
2438.00,5.1237
2438.50,5.1407
2439.00,5.1652
2439.50,5.1902
2440.00,5.2094
2440.50,5.2207
2441.00,5.2243
2441.50,5.2196
2442.00,5.2059
2442.50,5.1845
2443.00,5.1607
2443.50,5.1415
2444.00,5.1318
2444.50,5.1347
2445.00,5.1531
2445.50,5.1892
2446.00,5.2401
2446.50,5.2938
2447.00,5.3342
2447.50,5.3496
2448.00,5.3398
2448.50,5.3142
2449.00,5.2859
2449.50,5.2651
2450.00,5.2543
2450.50,5.2494
2451.00,5.2459
2451.50,5.2440
2452.00,5.2472
2452.50,5.2563
2453.00,5.2652
2453.50,5.2647
2454.00,5.2507
2454.50,5.2270
2455.00,5.2023
2455.50,5.1842
2456.00,5.1770
2456.50,5.1803
2457.00,5.1890
2457.50,5.1960
2458.00,5.1953
2458.50,5.1840
2459.00,5.1625
2459.50,5.1333
2460.00,5.1004
2460.50,5.0690
2461.00,5.0441
2461.50,5.0281
2462.00,5.0197
2462.50,5.0170
2463.00,5.0198
2463.50,5.0283
2464.00,5.0379
2464.50,5.0382
2465.00,5.0216
2465.50,4.9933
2466.00,4.9711
2466.50,4.9728
2467.00,5.0028
2467.50,5.0496
2468.00,5.0937
2468.50,5.1197
2469.00,5.1210
2469.50,5.1016
2470.00,5.0719
2470.50,5.0437
2471.00,5.0251
2471.50,5.0182
2472.00,5.0208
2472.50,5.0284
2473.00,5.0351
2473.50,5.0345
2474.00,5.0230
2474.50,5.0031
2475.00,4.9808
2475.50,4.9621
2476.00,4.9506
2476.50,4.9485
2477.00,4.9547
2477.50,4.9639
2478.00,4.9682
2478.50,4.9618
2479.00,4.9453
2479.50,4.9259
2480.00,4.9129
2480.50,4.9117
2481.00,4.9196
2481.50,4.9269
2482.00,4.9247
2482.50,4.9126
2483.00,4.8983
2483.50,4.8900
2484.00,4.8882
2484.50,4.8855
2485.00,4.8710
2485.50,4.8385
2486.00,4.7897
2486.50,4.7327
2487.00,4.6771
2487.50,4.6313
2488.00,4.6038
2488.50,4.6038
2489.00,4.6372
2489.50,4.6995
2490.00,4.7743
2490.50,4.8402
2491.00,4.8823
2491.50,4.8992
2492.00,4.9001
2492.50,4.8958
2493.00,4.8922
2493.50,4.8881
2494.00,4.8793
2494.50,4.8638
2495.00,4.8441
2495.50,4.8246
2496.00,4.8095
2496.50,4.8003
2497.00,4.7980
2497.50,4.8039
2498.00,4.8192
2498.50,4.8422
2499.00,4.8658
2499.50,4.8794
2500.00,4.8744
2500.50,4.8506
2501.00,4.8160
2501.50,4.7815
2502.00,4.7563
2502.50,4.7465
2503.00,4.7558
2503.50,4.7821
2504.00,4.8168
2504.50,4.8494
2505.00,4.8737
2505.50,4.8900
2506.00,4.9004
2506.50,4.9070
2507.00,4.9128
2507.50,4.9211
2508.00,4.9305
2508.50,4.9323
2509.00,4.9165
2509.50,4.8828
2510.00,4.8445
2510.50,4.8211
2511.00,4.8256
2511.50,4.8570
2512.00,4.9052
2512.50,4.9591
2513.00,5.0110
2513.50,5.0550
2514.00,5.0857
2514.50,5.0990
2515.00,5.0957
2515.50,5.0807
2516.00,5.0612
2516.50,5.0442
2517.00,5.0366
2517.50,5.0419
2518.00,5.0560
2518.50,5.0669
2519.00,5.0619
2519.50,5.0388
2520.00,5.0073
2520.50,4.9817
2521.00,4.9690
2521.50,4.9659
2522.00,4.9637
2522.50,4.9571
2523.00,4.9468
2523.50,4.9358
2524.00,4.9240
2524.50,4.9075
2525.00,4.8824
2525.50,4.8475
2526.00,4.8066
2526.50,4.7660
2527.00,4.7321
2527.50,4.7086
2528.00,4.6961
2528.50,4.6911
2529.00,4.6891
2529.50,4.6863
2530.00,4.6812
2530.50,4.6734
2531.00,4.6632
2531.50,4.6517
2532.00,4.6425
2532.50,4.6394
2533.00,4.6429
2533.50,4.6502
2534.00,4.6581
2534.50,4.6663
2535.00,4.6758
2535.50,4.6865
2536.00,4.6964
2536.50,4.7048
2537.00,4.7139
2537.50,4.7272
2538.00,4.7462
2538.50,4.7709
2539.00,4.8000
2539.50,4.8297
2540.00,4.8534
2540.50,4.8646
2541.00,4.8608
2541.50,4.8457
2542.00,4.8242
2542.50,4.7981
2543.00,4.7659
2543.50,4.7291
2544.00,4.6951
2544.50,4.6733
2545.00,4.6678
2545.50,4.6745
2546.00,4.6856
2546.50,4.6954
2547.00,4.7026
2547.50,4.7087
2548.00,4.7153
2548.50,4.7217
2549.00,4.7260
2549.50,4.7290
2550.00,4.7351
2550.50,4.7485
2551.00,4.7668
2551.50,4.7820
2552.00,4.7869
2552.50,4.7834
2553.00,4.7807
2553.50,4.7879
2554.00,4.8055
2554.50,4.8260
2555.00,4.8397
2555.50,4.8405
2556.00,4.8282
2556.50,4.8058
2557.00,4.7786
2557.50,4.7525
2558.00,4.7332
2558.50,4.7233
2559.00,4.7209
2559.50,4.7209
2560.00,4.7192
2560.50,4.7174
2561.00,4.7212
2561.50,4.7361
2562.00,4.7635
2562.50,4.7996
2563.00,4.8376
2563.50,4.8708
2564.00,4.8947
2564.50,4.9087
2565.00,4.9158
2565.50,4.9223
2566.00,4.9331
2566.50,4.9478
2567.00,4.9595
2567.50,4.9609
2568.00,4.9507
2568.50,4.9360
2569.00,4.9272
2569.50,4.9303
2570.00,4.9435
2570.50,4.9596
2571.00,4.9706
2571.50,4.9710
2572.00,4.9596
2572.50,4.9392
2573.00,4.9149
2573.50,4.8918
2574.00,4.8739
2574.50,4.8641
2575.00,4.8640
2575.50,4.8724
2576.00,4.8840
2576.50,4.8897
2577.00,4.8824
2577.50,4.8618
2578.00,4.8375
2578.50,4.8228
2579.00,4.8254
2579.50,4.8405
2580.00,4.8532
2580.50,4.8485
2581.00,4.8206
2581.50,4.7781
2582.00,4.7382
2582.50,4.7169
2583.00,4.7185
2583.50,4.7342
2584.00,4.7507
2584.50,4.7620
2585.00,4.7725
2585.50,4.7903
2586.00,4.8179
2586.50,4.8488
2587.00,4.8738
2587.50,4.8879
2588.00,4.8930
2588.50,4.8941
2589.00,4.8957
2589.50,4.8992
2590.00,4.9045
2590.50,4.9114
2591.00,4.9216
2591.50,4.9365
2592.00,4.9549
2592.50,4.9711
2593.00,4.9781
2593.50,4.9718
2594.00,4.9538
2594.50,4.9308
2595.00,4.9117
2595.50,4.9024
2596.00,4.9013
2596.50,4.8979
2597.00,4.8798
2597.50,4.8431
2598.00,4.7958
2598.50,4.7514
2599.00,4.7193
2599.50,4.7011
2600.00,4.6937
2600.50,4.6923
2601.00,4.6930
2601.50,4.6933
2602.00,4.6927
2602.50,4.6927
2603.00,4.6949
2603.50,4.6985
2604.00,4.7003
2604.50,4.6963
2605.00,4.6857
2605.50,4.6724
2606.00,4.6636
2606.50,4.6643
2607.00,4.6745
2607.50,4.6901
2608.00,4.7080
2608.50,4.7298
2609.00,4.7612
2609.50,4.8053
2610.00,4.8568
2610.50,4.9026
2611.00,4.9292
2611.50,4.9330
2612.00,4.9223
2612.50,4.9104
2613.00,4.9065
2613.50,4.9089
2614.00,4.9082
2614.50,4.8962
2615.00,4.8725
2615.50,4.8455
2616.00,4.8247
2616.50,4.8148
2617.00,4.8150
2617.50,4.8225
2618.00,4.8342
2618.50,4.8465
2619.00,4.8548
2619.50,4.8557
2620.00,4.8507
2620.50,4.8456
2621.00,4.8456
2621.50,4.8508
2622.00,4.8548
2622.50,4.8506
2623.00,4.8374
2623.50,4.8219
2624.00,4.8123
2624.50,4.8125
2625.00,4.8228
2625.50,4.8433
2626.00,4.8726
2626.50,4.9024
2627.00,4.9206
2627.50,4.9216
2628.00,4.9132
2628.50,4.9104
2629.00,4.9220
2629.50,4.9440
2630.00,4.9653
2630.50,4.9788
2631.00,4.9857
2631.50,4.9914
2632.00,4.9978
2632.50,5.0018
2633.00,4.9984
2633.50,4.9855
2634.00,4.9642
2634.50,4.9367
2635.00,4.9052
2635.50,4.8741
2636.00,4.8503
2636.50,4.8394
2637.00,4.8425
2637.50,4.8545
2638.00,4.8674
2638.50,4.8739
2639.00,4.8702
2639.50,4.8591
2640.00,4.8481
2640.50,4.8450
2641.00,4.8521
2641.50,4.8645
2642.00,4.8753
2642.50,4.8818
2643.00,4.8868
2643.50,4.8950
2644.00,4.9087
2644.50,4.9270
2645.00,4.9469
2645.50,4.9647
2646.00,4.9749
2646.50,4.9711
2647.00,4.9496
2647.50,4.9140
2648.00,4.8754
2648.50,4.8463
2649.00,4.8336
2649.50,4.8356
2650.00,4.8446
2650.50,4.8518
2651.00,4.8523
2651.50,4.8468
2652.00,4.8407
2652.50,4.8394
2653.00,4.8443
2653.50,4.8523
2654.00,4.8570
2654.50,4.8537
2655.00,4.8417
2655.50,4.8257
2656.00,4.8133
2656.50,4.8103
2657.00,4.8167
2657.50,4.8266
2658.00,4.8334
2658.50,4.8334
2659.00,4.8280
2659.50,4.8195
2660.00,4.8086
2660.50,4.7940
2661.00,4.7766
2661.50,4.7596
2662.00,4.7458
2662.50,4.7350
2663.00,4.7256
2663.50,4.7178
2664.00,4.7144
2664.50,4.7162
2665.00,4.7200
2665.50,4.7206
2666.00,4.7166
2666.50,4.7110
2667.00,4.7069
2667.50,4.7036
2668.00,4.6964
2668.50,4.6814
2669.00,4.6586
2669.50,4.6313
2670.00,4.6041
2670.50,4.5794
2671.00,4.5559
2671.50,4.5322
2672.00,4.5119
2672.50,4.5045
2673.00,4.5188
2673.50,4.5547
2674.00,4.6027
2674.50,4.6517
2675.00,4.6946
2675.50,4.7308
2676.00,4.7623
2676.50,4.7898
2677.00,4.8117
2677.50,4.8275
2678.00,4.8405
2678.50,4.8564
2679.00,4.8772
2679.50,4.8972
2680.00,4.9060
2680.50,4.8954
2681.00,4.8680
2681.50,4.8367
2682.00,4.8159
2682.50,4.8115
2683.00,4.8172
2683.50,4.8218
2684.00,4.8178
2684.50,4.8037
2685.00,4.7799
2685.50,4.7469
2686.00,4.7076
2686.50,4.6696
2687.00,4.6427
2687.50,4.6331
2688.00,4.6393
2688.50,4.6548
2689.00,4.6713
2689.50,4.6831
2690.00,4.6891
2690.50,4.6928
2691.00,4.6984
2691.50,4.7074
2692.00,4.7181
2692.50,4.7278
2693.00,4.7345
2693.50,4.7375
2694.00,4.7385
2694.50,4.7424
2695.00,4.7550
2695.50,4.7772
2696.00,4.8006
2696.50,4.8107
2697.00,4.7966
2697.50,4.7596
2698.00,4.7135
2698.50,4.6752
2699.00,4.6519
2699.50,4.6369
2700.00,4.6181
2700.50,4.5903
2701.00,4.5598
2701.50,4.5365
2702.00,4.5258
2702.50,4.5265
2703.00,4.5337
2703.50,4.5428
2704.00,4.5495
2704.50,4.5516
2705.00,4.5501
2705.50,4.5483
2706.00,4.5488
2706.50,4.5517
2707.00,4.5555
2707.50,4.5597
2708.00,4.5657
2708.50,4.5761
2709.00,4.5937
2709.50,4.6198
2710.00,4.6526
2710.50,4.6865
2711.00,4.7160
2711.50,4.7395
2712.00,4.7608
2712.50,4.7854
2713.00,4.8131
2713.50,4.8364
2714.00,4.8458
2714.50,4.8374
2715.00,4.8166
2715.50,4.7965
2716.00,4.7906
2716.50,4.8058
2717.00,4.8367
2717.50,4.8663
2718.00,4.8763
2718.50,4.8589
2719.00,4.8220
2719.50,4.7823
2720.00,4.7532
2720.50,4.7395
2721.00,4.7413
2721.50,4.7581
2722.00,4.7858
2722.50,4.8135
2723.00,4.8258
2723.50,4.8120
2724.00,4.7732
2724.50,4.7202
2725.00,4.6667
2725.50,4.6214
2726.00,4.5871
2726.50,4.5637
2727.00,4.5531
2727.50,4.5580
2728.00,4.5762
2728.50,4.5960
2729.00,4.6010
2729.50,4.5796
2730.00,4.5336
2730.50,4.4787
2731.00,4.4355
2731.50,4.4159
2732.00,4.4167
2732.50,4.4248
2733.00,4.4292
2733.50,4.4281
2734.00,4.4266
2734.50,4.4291
2735.00,4.4348
2735.50,4.4382
2736.00,4.4354
2736.50,4.4275
2737.00,4.4204
2737.50,4.4200
2738.00,4.4307
2738.50,4.4542
2739.00,4.4884
2739.50,4.5270
2740.00,4.5618
2740.50,4.5887
2741.00,4.6095
2741.50,4.6290
2742.00,4.6482
2742.50,4.6610
2743.00,4.6608
2743.50,4.6486
2744.00,4.6344
2744.50,4.6290
2745.00,4.6373
2745.50,4.6579
2746.00,4.6860
2746.50,4.7156
2747.00,4.7413
2747.50,4.7599
2748.00,4.7710
2748.50,4.7747
2749.00,4.7698
2749.50,4.7544
2750.00,4.7291
2750.50,4.6995
2751.00,4.6761
2751.50,4.6689
2752.00,4.6803
2752.50,4.7016
2753.00,4.7157
2753.50,4.7081
2754.00,4.6756
2754.50,4.6261
2755.00,4.5718
2755.50,4.5226
2756.00,4.4836
2756.50,4.4568
2757.00,4.4408
2757.50,4.4303
2758.00,4.4179
2758.50,4.3993
2759.00,4.3781
2759.50,4.3637
2760.00,4.3629
2760.50,4.3728
2761.00,4.3821
2761.50,4.3794
2762.00,4.3619
2762.50,4.3359
2763.00,4.3124
2763.50,4.3002
2764.00,4.3038
2764.50,4.3204
2765.00,4.3410
2765.50,4.3533
2766.00,4.3498
2766.50,4.3327
2767.00,4.3125
2767.50,4.3006
2768.00,4.3014
2768.50,4.3105
2769.00,4.3208
2769.50,4.3283
2770.00,4.3329
2770.50,4.3354
2771.00,4.3353
2771.50,4.3333
2772.00,4.3327
2772.50,4.3366
2773.00,4.3450
2773.50,4.3564
2774.00,4.3717
2774.50,4.3935
2775.00,4.4227
2775.50,4.4544
2776.00,4.4799
2776.50,4.4926
2777.00,4.4920
2777.50,4.4825
2778.00,4.4679
2778.50,4.4508
2779.00,4.4373
2779.50,4.4396
2780.00,4.4694
2780.50,4.5247
2781.00,4.5876
2781.50,4.6343
2782.00,4.6512
2782.50,4.6404
2783.00,4.6148
2783.50,4.5884
2784.00,4.5684
2784.50,4.5532
2785.00,4.5357
2785.50,4.5117
2786.00,4.4842
2786.50,4.4615
2787.00,4.4493
2787.50,4.4467
2788.00,4.4483
2788.50,4.4487
2789.00,4.4452
2789.50,4.4366
2790.00,4.4218
2790.50,4.4001
2791.00,4.3729
2791.50,4.3441
2792.00,4.3181
2792.50,4.2976
2793.00,4.2818
2793.50,4.2694
2794.00,4.2612
2794.50,4.2612
2795.00,4.2729
2795.50,4.2941
2796.00,4.3168
2796.50,4.3320
2797.00,4.3356
2797.50,4.3294
2798.00,4.3157
2798.50,4.2929
2799.00,4.2575
2799.50,4.2112
2800.00,4.1654
2800.50,4.1364
2801.00,4.1311
2801.50,4.1383
2802.00,4.1354
2802.50,4.1079
2803.00,4.0627
2803.50,4.0226
2804.00,4.0076
2804.50,4.0215
2805.00,4.0539
2805.50,4.0914
2806.00,4.1259
2806.50,4.1565
2807.00,4.1862
2807.50,4.2157
2808.00,4.2399
2808.50,4.2520
2809.00,4.2517
2809.50,4.2468
2810.00,4.2449
2810.50,4.2461
2811.00,4.2444
2811.50,4.2360
2812.00,4.2239
2812.50,4.2157
2813.00,4.2185
2813.50,4.2357
2814.00,4.2664
2814.50,4.3061
2815.00,4.3466
2815.50,4.3780
2816.00,4.3937
2816.50,4.3932
2817.00,4.3830
2817.50,4.3719
2818.00,4.3653
2818.50,4.3623
2819.00,4.3585
2819.50,4.3501
2820.00,4.3348
2820.50,4.3130
2821.00,4.2890
2821.50,4.2713
2822.00,4.2685
2822.50,4.2827
2823.00,4.3073
2823.50,4.3302
2824.00,4.3398
2824.50,4.3306
2825.00,4.3037
2825.50,4.2650
2826.00,4.2223
2826.50,4.1841
2827.00,4.1585
2827.50,4.1518
2828.00,4.1646
2828.50,4.1894
2829.00,4.2140
2829.50,4.2279
2830.00,4.2281
2830.50,4.2179
2831.00,4.2010
2831.50,4.1775
2832.00,4.1459
2832.50,4.1088
2833.00,4.0745
2833.50,4.0530
2834.00,4.0502
2834.50,4.0664
2835.00,4.0960
2835.50,4.1283
2836.00,4.1495
2836.50,4.1496
2837.00,4.1286
2837.50,4.0966
2838.00,4.0655
2838.50,4.0411
2839.00,4.0215
2839.50,4.0033
2840.00,3.9881
2840.50,3.9835
2841.00,3.9965
2841.50,4.0267
2842.00,4.0642
2842.50,4.0970
2843.00,4.1193
2843.50,4.1339
2844.00,4.1468
2844.50,4.1592
2845.00,4.1663
2845.50,4.1624
2846.00,4.1469
2846.50,4.1267
2847.00,4.1118
2847.50,4.1084
2848.00,4.1156
2848.50,4.1280
2849.00,4.1406
2849.50,4.1501
2850.00,4.1542
2850.50,4.1522
2851.00,4.1492
2851.50,4.1546
2852.00,4.1744
2852.50,4.2031
2853.00,4.2277
2853.50,4.2395
2854.00,4.2429
2854.50,4.2507
2855.00,4.2718
2855.50,4.3030
2856.00,4.3320
2856.50,4.3480
2857.00,4.3481
2857.50,4.3370
2858.00,4.3199
2858.50,4.2989
