0.00,0.0000
0.50,0.3349
1.00,0.7236
1.50,1.1072
2.00,1.4464
2.50,1.7382
3.00,2.0015
3.50,2.2514
4.00,2.4883
4.50,2.7051
5.00,2.8980
5.50,3.0713
6.00,3.2337
6.50,3.3935
7.00,3.5544
7.50,3.7132
8.00,3.8617
8.50,3.9931
9.00,4.1063
9.50,4.2048
10.00,4.2920
10.50,4.3685
11.00,4.4328
11.50,4.4837
12.00,4.5240
12.50,4.5618
13.00,4.6061
13.50,4.6607
14.00,4.7224
14.50,4.7879
15.00,4.8581
15.50,4.9346
16.00,5.0138
16.50,5.0890
17.00,5.1575
17.50,5.2210
18.00,5.2785
18.50,5.3220
19.00,5.3443
19.50,5.3495
20.00,5.3530
20.50,5.3698
21.00,5.4046
21.50,5.4548
22.00,5.5191
22.50,5.6007
23.00,5.6998
23.50,5.8066
24.00,5.9026
24.50,5.9697
25.00,6.0003
25.50,6.0028
26.00,5.9977
26.50,6.0074
27.00,6.0451
27.50,6.1092
28.00,6.1858
28.50,6.2569
29.00,6.3114
29.50,6.3515
30.00,6.3901
30.50,6.4398
31.00,6.5007
31.50,6.5596
32.00,6.6003
32.50,6.6171
33.00,6.6185
33.50,6.6205
34.00,6.6344
34.50,6.6607
35.00,6.6931
35.50,6.7250
36.00,6.7518
36.50,6.7697
37.00,6.7758
37.50,6.7726
38.00,6.7680
38.50,6.7703
39.00,6.7814
39.50,6.7971
40.00,6.8140
40.50,6.8346
41.00,6.8629
41.50,6.8988
42.00,6.9370
42.50,6.9727
43.00,7.0040
43.50,7.0286
44.00,7.0394
44.50,7.0315
45.00,7.0114
45.50,6.9979
46.00,7.0077
46.50,7.0396
47.00,7.0748
47.50,7.0926
48.00,7.0881
48.50,7.0737
49.00,7.0655
49.50,7.0707
50.00,7.0873
50.50,7.1121
51.00,7.1441
51.50,7.1792
52.00,7.2059
52.50,7.2113
53.00,7.1913
53.50,7.1553
54.00,7.1198
54.50,7.0986
55.00,7.0972
55.50,7.1140
56.00,7.1435
56.50,7.1783
57.00,7.2107
57.50,7.2354
58.00,7.2530
58.50,7.2686
59.00,7.2859
59.50,7.3033
60.00,7.3183
60.50,7.3343
61.00,7.3577
61.50,7.3894
62.00,7.4208
62.50,7.4422
63.00,7.4541
63.50,7.4687
64.00,7.4987
64.50,7.5453
65.00,7.5968
65.50,7.6391
66.00,7.6650
66.50,7.6751
67.00,7.6749
67.50,7.6740
68.00,7.6846
68.50,7.7173
69.00,7.7743
69.50,7.8457
70.00,7.9138
70.50,7.9628
71.00,7.9867
71.50,7.9917
72.00,7.9923
72.50,8.0028
73.00,8.0300
73.50,8.0701
74.00,8.1119
74.50,8.1458
75.00,8.1703
75.50,8.1915
76.00,8.2147
76.50,8.2362
77.00,8.2475
77.50,8.2454
78.00,8.2388
78.50,8.2428
79.00,8.2652
79.50,8.3019
80.00,8.3421
80.50,8.3786
81.00,8.4095
81.50,8.4344
82.00,8.4519
82.50,8.4618
83.00,8.4682
83.50,8.4790
84.00,8.4987
84.50,8.5243
85.00,8.5459
85.50,8.5543
86.00,8.5493
86.50,8.5422
87.00,8.5481
87.50,8.5747
88.00,8.6164
88.50,8.6603
89.00,8.6983
89.50,8.7310
90.00,8.7633
90.50,8.7972
91.00,8.8327
91.50,8.8691
92.00,8.9037
92.50,8.9303
93.00,8.9441
93.50,8.9483
94.00,8.9551
94.50,8.9742
95.00,9.0034
95.50,9.0290
96.00,9.0397
96.50,9.0363
97.00,9.0307
97.50,9.0346
98.00,9.0511
98.50,9.0749
99.00,9.1000
99.50,9.1257
100.00,9.1568
100.50,9.1971
101.00,9.2422
101.50,9.2802
102.00,9.3015
102.50,9.3074
103.00,9.3064
103.50,9.3054
104.00,9.3062
104.50,9.3087
105.00,9.3142
105.50,9.3235
106.00,9.3343
106.50,9.3449
107.00,9.3588
107.50,9.3847
108.00,9.4279
108.50,9.4830
109.00,9.5355
109.50,9.5736
110.00,9.5967
110.50,9.6148
111.00,9.6387
111.50,9.6728
112.00,9.7140
112.50,9.7559
113.00,9.7905
113.50,9.8099
114.00,9.8130
114.50,9.8107
115.00,9.8200
115.50,9.8492
116.00,9.8885
116.50,9.9175
117.00,9.9226
117.50,9.9061
118.00,9.8830
118.50,9.8686
119.00,9.8702
119.50,9.8883
120.00,9.9226
120.50,9.9759
121.00,10.0477
121.50,10.1289
122.00,10.2021
122.50,10.2502
123.00,10.2659
123.50,10.2571
124.00,10.2414
124.50,10.2358
125.00,10.2470
125.50,10.2706
126.00,10.2993
126.50,10.3304
127.00,10.3647
127.50,10.4012
128.00,10.4331
128.50,10.4508
129.00,10.4477
129.50,10.4253
130.00,10.3924
130.50,10.3619
131.00,10.3453
131.50,10.3467
132.00,10.3610
132.50,10.3785
133.00,10.3924
133.50,10.4037
134.00,10.4181
134.50,10.4395
135.00,10.4645
135.50,10.4840
136.00,10.4899
136.50,10.4850
137.00,10.4845
137.50,10.5061
138.00,10.5559
138.50,10.6221
139.00,10.6850
139.50,10.7320
140.00,10.7629
140.50,10.7830
141.00,10.7944
141.50,10.7949
142.00,10.7829
142.50,10.7622
143.00,10.7416
143.50,10.7318
144.00,10.7413
144.50,10.7739
145.00,10.8268
145.50,10.8912
146.00,10.9553
146.50,11.0079
147.00,11.0441
147.50,11.0665
148.00,11.0809
148.50,11.0881
149.00,11.0836
149.50,11.0667
150.00,11.0481
150.50,11.0460
151.00,11.0713
151.50,11.1176
152.00,11.1653
152.50,11.1945
153.00,11.1967
153.50,11.1771
154.00,11.1487
154.50,11.1227
155.00,11.1028
155.50,11.0879
156.00,11.0778
156.50,11.0753
157.00,11.0831
157.50,11.0983
158.00,11.1144
158.50,11.1275
159.00,11.1409
159.50,11.1621
160.00,11.1961
160.50,11.2412
161.00,11.2911
161.50,11.3381
162.00,11.3755
162.50,11.3991
163.00,11.4084
163.50,11.4071
164.00,11.4008
164.50,11.3937
165.00,11.3863
165.50,11.3787
166.00,11.3746
166.50,11.3816
167.00,11.4062
167.50,11.4495
168.00,11.5045
168.50,11.5594
169.00,11.6023
169.50,11.6279
170.00,11.6406
170.50,11.6510
171.00,11.6678
171.50,11.6905
172.00,11.7094
172.50,11.7130
173.00,11.6981
173.50,11.6732
174.00,11.6530
174.50,11.6488
175.00,11.6620
175.50,11.6869
176.00,11.7172
176.50,11.7473
177.00,11.7708
177.50,11.7795
178.00,11.7693
178.50,11.7450
179.00,11.7197
179.50,11.7063
180.00,11.7105
180.50,11.7297
181.00,11.7551
181.50,11.7763
182.00,11.7855
182.50,11.7800
183.00,11.7631
183.50,11.7426
184.00,11.7291
184.50,11.7332
185.00,11.7616
185.50,11.8106
186.00,11.8645
186.50,11.9028
187.00,11.9148
187.50,11.9063
188.00,11.8942
188.50,11.8931
189.00,11.9088
189.50,11.9385
190.00,11.9734
190.50,12.0012
191.00,12.0116
191.50,12.0051
192.00,11.9938
192.50,11.9927
193.00,12.0057
193.50,12.0233
194.00,12.0322
194.50,12.0280
195.00,12.0191
195.50,12.0207
196.00,12.0448
196.50,12.0945
197.00,12.1612
197.50,12.2288
198.00,12.2818
198.50,12.3136
199.00,12.3292
199.50,12.3407
200.00,12.3609
200.50,12.3972
201.00,12.4473
201.50,12.4994
202.00,12.5394
202.50,12.5600
203.00,12.5655
203.50,12.5679
204.00,12.5793
204.50,12.6075
205.00,12.6531
205.50,12.7100
206.00,12.7671
206.50,12.8141
207.00,12.8478
207.50,12.8724
208.00,12.8945
208.50,12.9171
209.00,12.9372
209.50,12.9509
210.00,12.9591
210.50,12.9683
211.00,12.9849
211.50,13.0106
212.00,13.0419
212.50,13.0716
213.00,13.0930
213.50,13.1038
214.00,13.1074
214.50,13.1113
215.00,13.1214
215.50,13.1390
216.00,13.1600
216.50,13.1790
217.00,13.1923
217.50,13.1995
218.00,13.2009
218.50,13.1971
219.00,13.1911
219.50,13.1903
220.00,13.2041
220.50,13.2363
221.00,13.2789
221.50,13.3146
222.00,13.3282
222.50,13.3157
223.00,13.2863
223.50,13.2556
224.00,13.2370
224.50,13.2368
225.00,13.2538
225.50,13.2808
226.00,13.3071
226.50,13.3232
227.00,13.3255
227.50,13.3196
228.00,13.3167
228.50,13.3256
229.00,13.3479
229.50,13.3790
230.00,13.4142
230.50,13.4523
231.00,13.4927
231.50,13.5299
232.00,13.5541
232.50,13.5592
233.00,13.5497
233.50,13.5382
234.00,13.5352
234.50,13.5407
235.00,13.5487
235.50,13.5566
236.00,13.5693
236.50,13.5905
237.00,13.6135
237.50,13.6208
238.00,13.5972
238.50,13.5428
239.00,13.4747
239.50,13.4189
240.00,13.3958
240.50,13.4099
241.00,13.4483
241.50,13.4899
242.00,13.5192
242.50,13.5338
243.00,13.5409
243.50,13.5492
244.00,13.5640
244.50,13.5858
245.00,13.6116
245.50,13.6388
246.00,13.6670
246.50,13.6977
247.00,13.7323
247.50,13.7701
248.00,13.8079
248.50,13.8405
249.00,13.8635
249.50,13.8760
250.00,13.8809
250.50,13.8801
251.00,13.8711
251.50,13.8502
252.00,13.8190
252.50,13.7877
253.00,13.7699
253.50,13.7740
254.00,13.7975
254.50,13.8303
255.00,13.8621
255.50,13.8891
256.00,13.9126
256.50,13.9346
257.00,13.9549
257.50,13.9724
258.00,13.9859
258.50,13.9927
259.00,13.9886
259.50,13.9727
260.00,13.9521
260.50,13.9382
261.00,13.9360
261.50,13.9393
262.00,13.9374
262.50,13.9287
263.00,13.9244
263.50,13.9402
264.00,13.9809
264.50,14.0361
265.00,14.0872
265.50,14.1208
266.00,14.1372
266.50,14.1467
267.00,14.1593
267.50,14.1778
268.00,14.1985
268.50,14.2182
269.00,14.2379
269.50,14.2612
270.00,14.2894
270.50,14.3175
271.00,14.3368
271.50,14.3404
272.00,14.3280
272.50,14.3057
273.00,14.2818
273.50,14.2642
274.00,14.2603
274.50,14.2751
275.00,14.3072
275.50,14.3475
276.00,14.3832
276.50,14.4048
277.00,14.4103
277.50,14.4062
278.00,14.4045
278.50,14.4169
279.00,14.4454
279.50,14.4780
280.00,14.4959
280.50,14.4888
281.00,14.4648
281.50,14.4431
282.00,14.4383
282.50,14.4504
283.00,14.4710
283.50,14.4902
284.00,14.5004
284.50,14.4954
285.00,14.4740
285.50,14.4424
286.00,14.4102
286.50,14.3823
287.00,14.3577
287.50,14.3361
288.00,14.3243
288.50,14.3327
289.00,14.3649
289.50,14.4122
290.00,14.4575
290.50,14.4866
291.00,14.4965
291.50,14.4940
292.00,14.4878
292.50,14.4820
293.00,14.4777
293.50,14.4768
294.00,14.4836
294.50,14.4993
295.00,14.5201
295.50,14.5402
296.00,14.5579
296.50,14.5764
297.00,14.5973
297.50,14.6176
298.00,14.6327
298.50,14.6423
299.00,14.6496
299.50,14.6567
300.00,14.6603
300.50,14.6556
301.00,14.6411
301.50,14.6199
302.00,14.5976
302.50,14.5798
303.00,14.5721
303.50,14.5792
304.00,14.6011
304.50,14.6317
305.00,14.6604
305.50,14.6775
306.00,14.6777
306.50,14.6637
307.00,14.6457
307.50,14.6372
308.00,14.6473
308.50,14.6753
309.00,14.7125
309.50,14.7490
310.00,14.7793
310.50,14.8013
311.00,14.8132
311.50,14.8133
312.00,14.8031
312.50,14.7901
313.00,14.7843
313.50,14.7910
314.00,14.8078
314.50,14.8273
315.00,14.8434
315.50,14.8541
316.00,14.8631
316.50,14.8761
317.00,14.8974
317.50,14.9269
318.00,14.9590
318.50,14.9855
319.00,15.0002
319.50,15.0011
320.00,14.9902
320.50,14.9724
321.00,14.9539
321.50,14.9403
322.00,14.9344
322.50,14.9362
323.00,14.9448
323.50,14.9592
324.00,14.9752
324.50,14.9836
325.00,14.9763
325.50,14.9560
326.00,14.9364
326.50,14.9308
327.00,14.9386
327.50,14.9454
328.00,14.9360
328.50,14.9093
329.00,14.8807
329.50,14.8708
330.00,14.8893
330.50,14.9286
331.00,14.9721
331.50,15.0084
332.00,15.0377
332.50,15.0671
333.00,15.0987
333.50,15.1252
334.00,15.1370
334.50,15.1341
335.00,15.1278
335.50,15.1320
336.00,15.1507
336.50,15.1765
337.00,15.1983
337.50,15.2099
338.00,15.2136
338.50,15.2148
339.00,15.2168
339.50,15.2194
340.00,15.2234
340.50,15.2346
341.00,15.2604
341.50,15.3005
342.00,15.3431
342.50,15.3707
343.00,15.3720
343.50,15.3486
344.00,15.3129
344.50,15.2802
345.00,15.2643
345.50,15.2730
346.00,15.3039
346.50,15.3425
347.00,15.3692
347.50,15.3693
348.00,15.3399
348.50,15.2903
349.00,15.2371
349.50,15.1977
350.00,15.1827
350.50,15.1921
351.00,15.2191
351.50,15.2560
352.00,15.2974
352.50,15.3380
353.00,15.3712
353.50,15.3925
354.00,15.4050
354.50,15.4195
355.00,15.4456
355.50,15.4824
356.00,15.5169
356.50,15.5329
357.00,15.5224
357.50,15.4896
358.00,15.4474
358.50,15.4097
359.00,15.3836
359.50,15.3684
360.00,15.3595
360.50,15.3575
361.00,15.3691
361.50,15.3989
362.00,15.4394
362.50,15.4722
363.00,15.4810
363.50,15.4619
364.00,15.4251
364.50,15.3865
365.00,15.3616
365.50,15.3605
366.00,15.3846
366.50,15.4246
367.00,15.4656
367.50,15.4961
368.00,15.5135
368.50,15.5215
369.00,15.5258
369.50,15.5325
370.00,15.5497
370.50,15.5836
371.00,15.6324
371.50,15.6838
372.00,15.7225
372.50,15.7391
373.00,15.7336
373.50,15.7130
374.00,15.6885
374.50,15.6725
375.00,15.6734
375.50,15.6895
376.00,15.7099
376.50,15.7223
377.00,15.7214
377.50,15.7121
378.00,15.7059
378.50,15.7127
379.00,15.7332
379.50,15.7581
380.00,15.7739
380.50,15.7729
381.00,15.7586
381.50,15.7413
382.00,15.7293
382.50,15.7248
383.00,15.7252
383.50,15.7262
384.00,15.7250
384.50,15.7223
385.00,15.7221
385.50,15.7279
386.00,15.7376
386.50,15.7446
387.00,15.7439
387.50,15.7369
388.00,15.7303
388.50,15.7312
389.00,15.7428
389.50,15.7643
390.00,15.7918
390.50,15.8186
391.00,15.8370
391.50,15.8420
392.00,15.8349
392.50,15.8213
393.00,15.8067
393.50,15.7943
394.00,15.7869
394.50,15.7876
395.00,15.7962
395.50,15.8072
396.00,15.8139
396.50,15.8161
397.00,15.8215
397.50,15.8388
398.00,15.8685
398.50,15.9010
399.00,15.9232
399.50,15.9290
400.00,15.9228
400.50,15.9155
401.00,15.9161
401.50,15.9269
402.00,15.9432
402.50,15.9584
403.00,15.9668
403.50,15.9637
404.00,15.9474
404.50,15.9220
405.00,15.9001
405.50,15.8974
406.00,15.9209
406.50,15.9634
407.00,16.0080
407.50,16.0412
408.00,16.0598
408.50,16.0682
409.00,16.0729
409.50,16.0800
410.00,16.0940
410.50,16.1147
411.00,16.1342
411.50,16.1421
412.00,16.1339
412.50,16.1132
413.00,16.0870
413.50,16.0595
414.00,16.0334
414.50,16.0135
415.00,16.0071
415.50,16.0191
416.00,16.0475
416.50,16.0813
417.00,16.1057
417.50,16.1106
418.00,16.0991
418.50,16.0866
419.00,16.0903
419.50,16.1168
420.00,16.1562
420.50,16.1896
421.00,16.2026
421.50,16.1950
422.00,16.1778
422.50,16.1625
423.00,16.1532
423.50,16.1481
424.00,16.1461
424.50,16.1490
425.00,16.1593
425.50,16.1768
426.00,16.1991
426.50,16.2227
427.00,16.2428
427.50,16.2535
428.00,16.2502
428.50,16.2343
429.00,16.2150
429.50,16.2043
430.00,16.2090
430.50,16.2267
431.00,16.2489
431.50,16.2680
432.00,16.2813
432.50,16.2891
433.00,16.2916
433.50,16.2883
434.00,16.2814
434.50,16.2772
435.00,16.2847
435.50,16.3090
436.00,16.3457
436.50,16.3805
437.00,16.3977
437.50,16.3891
438.00,16.3597
438.50,16.3228
439.00,16.2931
439.50,16.2810
440.00,16.2899
440.50,16.3165
441.00,16.3510
441.50,16.3813
442.00,16.3977
442.50,16.3986
443.00,16.3898
443.50,16.3791
444.00,16.3725
444.50,16.3730
445.00,16.3832
445.50,16.4036
446.00,16.4299
446.50,16.4531
447.00,16.4648
447.50,16.4619
448.00,16.4484
448.50,16.4327
449.00,16.4236
449.50,16.4253
450.00,16.4363
450.50,16.4498
451.00,16.4583
451.50,16.4597
452.00,16.4600
452.50,16.4676
453.00,16.4852
453.50,16.5061
454.00,16.5185
454.50,16.5143
455.00,16.4942
455.50,16.4656
456.00,16.4366
456.50,16.4120
457.00,16.3951
457.50,16.3910
458.00,16.4045
458.50,16.4349
459.00,16.4723
459.50,16.5023
460.00,16.5163
460.50,16.5171
461.00,16.5148
461.50,16.5172
462.00,16.5247
462.50,16.5331
463.00,16.5411
463.50,16.5522
464.00,16.5698
464.50,16.5931
465.00,16.6182
465.50,16.6410
466.00,16.6591
466.50,16.6719
467.00,16.6806
467.50,16.6880
468.00,16.6971
468.50,16.7093
469.00,16.7255
469.50,16.7472
470.00,16.7751
470.50,16.8060
471.00,16.8315
471.50,16.8433
472.00,16.8389
472.50,16.8215
473.00,16.7965
473.50,16.7690
474.00,16.7449
474.50,16.7302
475.00,16.7285
475.50,16.7384
476.00,16.7530
476.50,16.7641
477.00,16.7669
477.50,16.7624
478.00,16.7558
478.50,16.7527
479.00,16.7553
479.50,16.7597
480.00,16.7575
480.50,16.7427
481.00,16.7172
481.50,16.6914
482.00,16.6772
482.50,16.6790
483.00,16.6908
483.50,16.7010
484.00,16.7004
484.50,16.6874
485.00,16.6664
485.50,16.6433
486.00,16.6218
486.50,16.6028
487.00,16.5871
487.50,16.5790
488.00,16.5845
488.50,16.6037
489.00,16.6264
489.50,16.6381
490.00,16.6321
490.50,16.6148
491.00,16.5985
491.50,16.5912
492.00,16.5938
492.50,16.6032
493.00,16.6155
493.50,16.6274
494.00,16.6374
494.50,16.6466
495.00,16.6580
495.50,16.6728
496.00,16.6879
496.50,16.6966
497.00,16.6926
497.50,16.6759
498.00,16.6544
498.50,16.6372
499.00,16.6284
499.50,16.6264
500.00,16.6288
500.50,16.6347
501.00,16.6433
501.50,16.6524
502.00,16.6607
502.50,16.6695
503.00,16.6812
503.50,16.6949
504.00,16.7045
504.50,16.7032
505.00,16.6898
505.50,16.6721
506.00,16.6611
506.50,16.6624
507.00,16.6737
507.50,16.6892
508.00,16.7067
508.50,16.7288
509.00,16.7580
509.50,16.7914
510.00,16.8194
510.50,16.8313
511.00,16.8219
511.50,16.7949
512.00,16.7615
512.50,16.7351
513.00,16.7271
513.50,16.7418
514.00,16.7751
514.50,16.8175
515.00,16.8583
515.50,16.8886
516.00,16.9030
516.50,16.9006
517.00,16.8847
517.50,16.8608
518.00,16.8345
518.50,16.8117
519.00,16.7971
519.50,16.7926
520.00,16.7952
520.50,16.8014
521.00,16.8127
521.50,16.8372
522.00,16.8817
522.50,16.9417
523.00,17.0002
523.50,17.0380
524.00,17.0484
524.50,17.0421
525.00,17.0368
525.50,17.0429
526.00,17.0575
526.50,17.0691
527.00,17.0663
527.50,17.0447
528.00,17.0086
528.50,16.9698
529.00,16.9411
529.50,16.9297
530.00,16.9338
530.50,16.9462
531.00,16.9600
531.50,16.9720
532.00,16.9803
532.50,16.9839
533.00,16.9835
533.50,16.9823
534.00,16.9835
534.50,16.9854
535.00,16.9829
535.50,16.9720
536.00,16.9544
536.50,16.9365
537.00,16.9250
537.50,16.9244
538.00,16.9365
538.50,16.9605
539.00,16.9908
539.50,17.0191
540.00,17.0387
540.50,17.0474
541.00,17.0482
541.50,17.0464
542.00,17.0459
542.50,17.0471
543.00,17.0473
543.50,17.0447
544.00,17.0408
544.50,17.0400
545.00,17.0482
545.50,17.0694
546.00,17.1010
546.50,17.1318
547.00,17.1470
547.50,17.1395
548.00,17.1157
548.50,17.0902
549.00,17.0751
549.50,17.0727
550.00,17.0776
550.50,17.0824
551.00,17.0836
551.50,17.0821
552.00,17.0819
552.50,17.0870
553.00,17.0982
553.50,17.1133
554.00,17.1267
554.50,17.1329
555.00,17.1304
555.50,17.1241
556.00,17.1224
556.50,17.1314
557.00,17.1513
557.50,17.1798
558.00,17.2154
558.50,17.2551
559.00,17.2872
559.50,17.2930
560.00,17.2616
560.50,17.2029
561.00,17.1419
561.50,17.1011
562.00,17.0891
562.50,17.1028
563.00,17.1365
563.50,17.1857
564.00,17.2443
564.50,17.3026
565.00,17.3491
565.50,17.3773
566.00,17.3890
566.50,17.3931
567.00,17.3984
567.50,17.4090
568.00,17.4237
568.50,17.4370
569.00,17.4413
569.50,17.4297
570.00,17.4007
570.50,17.3617
571.00,17.3251
571.50,17.3025
572.00,17.2988
572.50,17.3115
573.00,17.3321
573.50,17.3504
574.00,17.3609
574.50,17.3655
575.00,17.3713
575.50,17.3810
576.00,17.3879
576.50,17.3820
577.00,17.3612
577.50,17.3359
578.00,17.3219
578.50,17.3299
579.00,17.3599
579.50,17.4026
580.00,17.4437
580.50,17.4710
581.00,17.4800
581.50,17.4768
582.00,17.4729
582.50,17.4758
583.00,17.4826
583.50,17.4829
584.00,17.4705
584.50,17.4497
585.00,17.4333
585.50,17.4322
586.00,17.4479
586.50,17.4706
587.00,17.4858
587.50,17.4839
588.00,17.4664
588.50,17.4442
589.00,17.4298
589.50,17.4291
590.00,17.4396
590.50,17.4543
591.00,17.4672
591.50,17.4757
592.00,17.4780
592.50,17.4730
593.00,17.4623
593.50,17.4513
594.00,17.4457
594.50,17.4470
595.00,17.4528
595.50,17.4617
596.00,17.4756
596.50,17.4965
597.00,17.5230
597.50,17.5492
598.00,17.5683
598.50,17.5753
599.00,17.5692
599.50,17.5537
600.00,17.5343
600.50,17.5150
601.00,17.4971
601.50,17.4814
602.00,17.4718
602.50,17.4747
603.00,17.4947
603.50,17.5279
604.00,17.5619
604.50,17.5828
605.00,17.5855
605.50,17.5758
606.00,17.5650
606.50,17.5596
607.00,17.5577
607.50,17.5524
608.00,17.5398
608.50,17.5226
609.00,17.5082
609.50,17.5015
610.00,17.5016
610.50,17.5039
611.00,17.5056
611.50,17.5070
612.00,17.5089
612.50,17.5089
613.00,17.5025
613.50,17.4861
614.00,17.4605
614.50,17.4324
615.00,17.4116
615.50,17.4062
616.00,17.4176
616.50,17.4377
617.00,17.4534
617.50,17.4550
618.00,17.4432
618.50,17.4298
619.00,17.4289
619.50,17.4454
620.00,17.4707
620.50,17.4902
621.00,17.4945
621.50,17.4869
622.00,17.4783
622.50,17.4768
623.00,17.4815
623.50,17.4855
624.00,17.4823
624.50,17.4701
625.00,17.4515
625.50,17.4330
626.00,17.4236
626.50,17.4292
627.00,17.4454
627.50,17.4581
628.00,17.4544
628.50,17.4338
629.00,17.4096
629.50,17.3986
630.00,17.4093
630.50,17.4385
631.00,17.4744
631.50,17.5030
632.00,17.5138
632.50,17.5044
633.00,17.4820
633.50,17.4583
634.00,17.4422
634.50,17.4359
635.00,17.4369
635.50,17.4417
636.00,17.4489
636.50,17.4596
637.00,17.4753
637.50,17.4971
638.00,17.5232
638.50,17.5488
639.00,17.5673
639.50,17.5751
640.00,17.5755
640.50,17.5779
641.00,17.5907
641.50,17.6147
642.00,17.6424
642.50,17.6637
643.00,17.6729
643.50,17.6705
644.00,17.6598
644.50,17.6439
645.00,17.6254
645.50,17.6073
646.00,17.5922
646.50,17.5797
647.00,17.5668
647.50,17.5520
648.00,17.5372
648.50,17.5261
649.00,17.5214
649.50,17.5234
650.00,17.5303
650.50,17.5386
651.00,17.5437
651.50,17.5430
652.00,17.5385
652.50,17.5351
653.00,17.5353
653.50,17.5370
654.00,17.5384
654.50,17.5412
655.00,17.5498
655.50,17.5643
656.00,17.5781
656.50,17.5838
657.00,17.5791
657.50,17.5674
658.00,17.5538
658.50,17.5423
659.00,17.5342
659.50,17.5286
660.00,17.5233
660.50,17.5169
661.00,17.5100
661.50,17.5048
662.00,17.5044
662.50,17.5112
663.00,17.5267
663.50,17.5522
664.00,17.5866
664.50,17.6232
665.00,17.6497
665.50,17.6550
666.00,17.6386
666.50,17.6113
667.00,17.5864
667.50,17.5715
668.00,17.5669
668.50,17.5696
669.00,17.5762
669.50,17.5816
670.00,17.5804
670.50,17.5727
671.00,17.5669
671.50,17.5737
672.00,17.5953
672.50,17.6226
673.00,17.6435
673.50,17.6522
674.00,17.6513
674.50,17.6447
675.00,17.6345
675.50,17.6216
676.00,17.6105
676.50,17.6084
677.00,17.6192
677.50,17.6386
678.00,17.6563
678.50,17.6641
679.00,17.6609
679.50,17.6517
680.00,17.6435
680.50,17.6425
681.00,17.6526
681.50,17.6736
682.00,17.7002
682.50,17.7239
683.00,17.7367
683.50,17.7350
684.00,17.7208
684.50,17.7014
685.00,17.6860
685.50,17.6820
686.00,17.6916
686.50,17.7103
687.00,17.7309
687.50,17.7476
688.00,17.7590
688.50,17.7662
689.00,17.7680
689.50,17.7601
690.00,17.7397
690.50,17.7112
691.00,17.6852
691.50,17.6709
692.00,17.6711
692.50,17.6827
693.00,17.6999
693.50,17.7167
694.00,17.7277
694.50,17.7291
695.00,17.7206
695.50,17.7044
696.00,17.6831
696.50,17.6585
697.00,17.6326
697.50,17.6094
698.00,17.5936
698.50,17.5862
699.00,17.5837
699.50,17.5815
700.00,17.5788
700.50,17.5796
701.00,17.5874
701.50,17.6004
702.00,17.6135
702.50,17.6238
703.00,17.6345
703.50,17.6506
704.00,17.6728
704.50,17.6945
705.00,17.7060
705.50,17.7017
706.00,17.6838
706.50,17.6598
707.00,17.6351
707.50,17.6085
708.00,17.5762
708.50,17.5401
709.00,17.5120
709.50,17.5048
710.00,17.5216
710.50,17.5515
711.00,17.5775
711.50,17.5882
712.00,17.5836
712.50,17.5735
713.00,17.5690
713.50,17.5757
714.00,17.5920
714.50,17.6121
715.00,17.6318
715.50,17.6495
716.00,17.6633
716.50,17.6690
717.00,17.6612
717.50,17.6398
718.00,17.6133
718.50,17.5949
719.00,17.5931
719.50,17.6061
720.00,17.6253
720.50,17.6413
721.00,17.6493
721.50,17.6493
722.00,17.6443
722.50,17.6374
723.00,17.6301
723.50,17.6219
724.00,17.6114
724.50,17.5999
725.00,17.5937
725.50,17.6014
726.00,17.6277
726.50,17.6686
727.00,17.7131
727.50,17.7484
728.00,17.7657
728.50,17.7636
729.00,17.7498
729.50,17.7376
730.00,17.7383
730.50,17.7555
731.00,17.7858
731.50,17.8222
732.00,17.8558
732.50,17.8758
733.00,17.8740
733.50,17.8501
734.00,17.8128
734.50,17.7731
735.00,17.7371
735.50,17.7056
736.00,17.6791
736.50,17.6609
737.00,17.6539
737.50,17.6556
738.00,17.6585
738.50,17.6564
739.00,17.6494
739.50,17.6441
740.00,17.6466
740.50,17.6558
741.00,17.6653
741.50,17.6695
742.00,17.6696
742.50,17.6694
743.00,17.6689
743.50,17.6631
744.00,17.6470
744.50,17.6214
745.00,17.5939
745.50,17.5744
746.00,17.5696
746.50,17.5796
747.00,17.5982
747.50,17.6184
748.00,17.6370
748.50,17.6558
749.00,17.6781
749.50,17.7050
750.00,17.7316
750.50,17.7479
751.00,17.7446
751.50,17.7209
752.00,17.6902
752.50,17.6724
753.00,17.6801
753.50,17.7084
754.00,17.7393
754.50,17.7550
755.00,17.7487
755.50,17.7261
756.00,17.6984
756.50,17.6744
757.00,17.6562
757.50,17.6416
758.00,17.6289
758.50,17.6207
759.00,17.6226
759.50,17.6395
760.00,17.6716
760.50,17.7130
761.00,17.7542
761.50,17.7861
762.00,17.8042
762.50,17.8091
763.00,17.8067
763.50,17.8049
764.00,17.8100
764.50,17.8227
765.00,17.8382
765.50,17.8508
766.00,17.8577
766.50,17.8597
767.00,17.8583
767.50,17.8524
768.00,17.8390
768.50,17.8174
769.00,17.7936
769.50,17.7799
770.00,17.7866
770.50,17.8138
771.00,17.8495
771.50,17.8788
772.00,17.8942
772.50,17.8976
773.00,17.8927
773.50,17.8797
774.00,17.8557
774.50,17.8204
775.00,17.7788
775.50,17.7391
776.00,17.7075
776.50,17.6863
777.00,17.6748
777.50,17.6716
778.00,17.6763
778.50,17.6899
779.00,17.7149
779.50,17.7523
780.00,17.7987
780.50,17.8431
781.00,17.8695
781.50,17.8654
782.00,17.8316
782.50,17.7832
783.00,17.7396
783.50,17.7132
784.00,17.7046
784.50,17.7058
785.00,17.7071
785.50,17.7028
786.00,17.6935
786.50,17.6833
787.00,17.6746
787.50,17.6668
788.00,17.6565
788.50,17.6413
789.00,17.6219
789.50,17.6027
790.00,17.5889
790.50,17.5820
791.00,17.5773
791.50,17.5690
792.00,17.5559
792.50,17.5443
793.00,17.5442
793.50,17.5618
794.00,17.5930
794.50,17.6239
795.00,17.6382
795.50,17.6271
796.00,17.5944
796.50,17.5558
797.00,17.5311
797.50,17.5335
798.00,17.5616
798.50,17.6012
799.00,17.6361
799.50,17.6596
800.00,17.6759
800.50,17.6920
801.00,17.7086
801.50,17.7176
802.00,17.7096
802.50,17.6834
803.00,17.6512
803.50,17.6325
804.00,17.6412
804.50,17.6764
805.00,17.7244
805.50,17.7689
806.00,17.7995
806.50,17.8138
807.00,17.8159
807.50,17.8133
808.00,17.8130
808.50,17.8198
809.00,17.8365
809.50,17.8635
810.00,17.8981
810.50,17.9336
811.00,17.9634
811.50,17.9851
812.00,17.9997
812.50,18.0091
813.00,18.0157
813.50,18.0255
814.00,18.0471
814.50,18.0853
815.00,18.1322
815.50,18.1675
816.00,18.1692
816.50,18.1305
817.00,18.0668
817.50,18.0080
818.00,17.9797
818.50,17.9896
819.00,18.0265
819.50,18.0702
820.00,18.1031
820.50,18.1177
821.00,18.1171
821.50,18.1102
822.00,18.1046
822.50,18.1026
823.00,18.1020
823.50,18.0981
824.00,18.0881
824.50,18.0729
825.00,18.0581
825.50,18.0507
826.00,18.0563
826.50,18.0773
827.00,18.1135
827.50,18.1616
828.00,18.2128
828.50,18.2536
829.00,18.2729
829.50,18.2688
830.00,18.2499
830.50,18.2278
831.00,18.2096
831.50,18.1962
832.00,18.1864
832.50,18.1798
833.00,18.1793
833.50,18.1891
834.00,18.2115
834.50,18.2426
835.00,18.2735
835.50,18.2950
836.00,18.3006
836.50,18.2883
837.00,18.2630
837.50,18.2393
838.00,18.2361
838.50,18.2635
839.00,18.3125
839.50,18.3597
840.00,18.3845
840.50,18.3818
841.00,18.3626
841.50,18.3443
842.00,18.3395
842.50,18.3510
843.00,18.3730
843.50,18.3979
844.00,18.4219
844.50,18.4464
845.00,18.4740
845.50,18.5036
846.00,18.5296
846.50,18.5470
847.00,18.5569
847.50,18.5671
848.00,18.5863
848.50,18.6159
849.00,18.6469
849.50,18.6652
850.00,18.6609
850.50,18.6317
851.00,18.5812
851.50,18.5198
852.00,18.4659
852.50,18.4414
853.00,18.4568
853.50,18.5012
854.00,18.5495
854.50,18.5815
855.00,18.5917
855.50,18.5854
856.00,18.5699
856.50,18.5517
857.00,18.5386
857.50,18.5394
858.00,18.5592
858.50,18.5941
859.00,18.6323
859.50,18.6608
860.00,18.6741
860.50,18.6761
861.00,18.6766
861.50,18.6839
862.00,18.7007
862.50,18.7254
863.00,18.7526
863.50,18.7761
864.00,18.7915
864.50,18.7991
865.00,18.8031
865.50,18.8072
866.00,18.8126
866.50,18.8181
867.00,18.8233
867.50,18.8281
868.00,18.8334
868.50,18.8414
869.00,18.8547
869.50,18.8747
870.00,18.9005
870.50,18.9307
871.00,18.9631
871.50,18.9929
872.00,19.0124
872.50,19.0143
873.00,18.9979
873.50,18.9708
874.00,18.9439
874.50,18.9247
875.00,18.9134
875.50,18.9059
876.00,18.8974
876.50,18.8823
877.00,18.8556
877.50,18.8171
878.00,18.7756
878.50,18.7463
879.00,18.7395
879.50,18.7529
880.00,18.7758
880.50,18.8006
881.00,18.8286
881.50,18.8642
882.00,18.9047
882.50,18.9382
883.00,18.9526
883.50,18.9458
884.00,18.9283
884.50,18.9139
885.00,18.9088
885.50,18.9088
886.00,18.9073
886.50,18.9033
887.00,18.9022
887.50,18.9096
888.00,18.9255
888.50,18.9445
889.00,18.9601
889.50,18.9692
890.00,18.9734
890.50,18.9772
891.00,18.9867
891.50,19.0069
892.00,19.0389
892.50,19.0760
893.00,19.1042
893.50,19.1107
894.00,19.0938
894.50,19.0635
895.00,19.0328
895.50,19.0070
896.00,18.9830
896.50,18.9575
897.00,18.9357
897.50,18.9280
898.00,18.9397
898.50,18.9644
899.00,18.9880
899.50,19.0000
900.00,18.9998
900.50,18.9938
901.00,18.9881
901.50,18.9861
902.00,18.9893
902.50,18.9989
903.00,19.0157
903.50,19.0375
904.00,19.0594
904.50,19.0753
905.00,19.0809
905.50,19.0765
906.00,19.0673
906.50,19.0616
907.00,19.0676
907.50,19.0879
908.00,19.1186
908.50,19.1513
909.00,19.1800
909.50,19.2027
910.00,19.2182
910.50,19.2242
911.00,19.2208
911.50,19.2154
912.00,19.2208
912.50,19.2461
913.00,19.2891
913.50,19.3390
914.00,19.3833
914.50,19.4135
915.00,19.4267
915.50,19.4261
916.00,19.4202
916.50,19.4202
917.00,19.4336
917.50,19.4584
918.00,19.4846
918.50,19.5017
919.00,19.5061
919.50,19.5016
920.00,19.4951
920.50,19.4923
921.00,19.4957
921.50,19.5031
922.00,19.5079
922.50,19.5052
923.00,19.4976
923.50,19.4924
924.00,19.4928
924.50,19.4941
925.00,19.4895
925.50,19.4789
926.00,19.4682
926.50,19.4615
927.00,19.4584
927.50,19.4573
928.00,19.4606
928.50,19.4713
929.00,19.4884
929.50,19.5049
930.00,19.5129
930.50,19.5093
931.00,19.4961
931.50,19.4773
932.00,19.4550
932.50,19.4306
933.00,19.4071
933.50,19.3894
934.00,19.3806
934.50,19.3777
935.00,19.3755
935.50,19.3725
936.00,19.3737
936.50,19.3852
937.00,19.4064
937.50,19.4298
938.00,19.4462
938.50,19.4514
939.00,19.4483
939.50,19.4438
940.00,19.4445
940.50,19.4523
941.00,19.4640
941.50,19.4744
942.00,19.4812
942.50,19.4860
943.00,19.4905
943.50,19.4929
944.00,19.4881
944.50,19.4716
945.00,19.4446
945.50,19.4149
946.00,19.3914
946.50,19.3791
947.00,19.3761
947.50,19.3772
948.00,19.3778
948.50,19.3772
949.00,19.3769
949.50,19.3782
950.00,19.3798
950.50,19.3788
951.00,19.3736
951.50,19.3669
952.00,19.3657
952.50,19.3765
953.00,19.3989
953.50,19.4244
954.00,19.4427
954.50,19.4501
955.00,19.4531
955.50,19.4634
956.00,19.4879
956.50,19.5225
957.00,19.5531
957.50,19.5654
958.00,19.5530
958.50,19.5206
959.00,19.4807
959.50,19.4471
960.00,19.4291
960.50,19.4275
961.00,19.4361
961.50,19.4479
962.00,19.4596
962.50,19.4722
963.00,19.4881
963.50,19.5068
964.00,19.5244
964.50,19.5346
965.00,19.5338
965.50,19.5267
966.00,19.5255
966.50,19.5394
967.00,19.5640
967.50,19.5827
968.00,19.5797
968.50,19.5535
969.00,19.5169
969.50,19.4861
970.00,19.4696
970.50,19.4651
971.00,19.4647
971.50,19.4638
972.00,19.4662
972.50,19.4798
973.00,19.5059
973.50,19.5350
974.00,19.5558
974.50,19.5666
975.00,19.5765
975.50,19.5940
976.00,19.6172
976.50,19.6363
977.00,19.6442
977.50,19.6429
978.00,19.6413
978.50,19.6452
979.00,19.6504
979.50,19.6480
980.00,19.6332
980.50,19.6114
981.00,19.5918
981.50,19.5789
982.00,19.5691
982.50,19.5570
983.00,19.5434
983.50,19.5361
984.00,19.5429
984.50,19.5629
985.00,19.5860
985.50,19.6013
986.00,19.6058
986.50,19.6050
987.00,19.6055
987.50,19.6081
988.00,19.6068
988.50,19.5955
989.00,19.5749
989.50,19.5546
990.00,19.5454
990.50,19.5505
991.00,19.5609
991.50,19.5631
992.00,19.5508
992.50,19.5293
993.00,19.5104
993.50,19.5000
994.00,19.4931
994.50,19.4807
995.00,19.4599
995.50,19.4393
996.00,19.4338
996.50,19.4548
997.00,19.5015
997.50,19.5585
998.00,19.6013
998.50,19.6084
999.00,19.5742
999.50,19.5129
1000.00,19.4494
1000.50,19.4037
1001.00,19.3809
1001.50,19.3729
1002.00,19.3693
1002.50,19.3659
1003.00,19.3637
1003.50,19.3618
1004.00,19.3531
1004.50,19.3292
1005.00,19.2899
1005.50,19.2488
1006.00,19.2265
1006.50,19.2372
1007.00,19.2784
1007.50,19.3315
1008.00,19.3748
1008.50,19.3969
1009.00,19.4008
1009.50,19.3963
1010.00,19.3905
1010.50,19.3863
1011.00,19.3857
1011.50,19.3931
1012.00,19.4136
1012.50,19.4490
1013.00,19.4960
1013.50,19.5482
1014.00,19.5973
1014.50,19.6332
1015.00,19.6452
1015.50,19.6275
1016.00,19.5845
1016.50,19.5293
1017.00,19.4775
1017.50,19.4397
1018.00,19.4192
1018.50,19.4147
1019.00,19.4252
1019.50,19.4517
1020.00,19.4946
1020.50,19.5497
1021.00,19.6058
1021.50,19.6493
1022.00,19.6682
1022.50,19.6573
1023.00,19.6210
1023.50,19.5728
1024.00,19.5293
1024.50,19.5024
1025.00,19.4945
1025.50,19.4999
1026.00,19.5090
1026.50,19.5152
1027.00,19.5168
1027.50,19.5171
1028.00,19.5203
1028.50,19.5283
1029.00,19.5385
1029.50,19.5440
1030.00,19.5358
1030.50,19.5107
1031.00,19.4777
1031.50,19.4547
1032.00,19.4540
1032.50,19.4728
1033.00,19.4970
1033.50,19.5122
1034.00,19.5114
1034.50,19.4948
1035.00,19.4678
1035.50,19.4396
1036.00,19.4221
1036.50,19.4267
1037.00,19.4580
1037.50,19.5079
1038.00,19.5578
1038.50,19.5898
1039.00,19.5991
1039.50,19.5939
1040.00,19.5867
1040.50,19.5863
1041.00,19.5965
1041.50,19.6157
1042.00,19.6355
1042.50,19.6425
1043.00,19.6256
1043.50,19.5857
1044.00,19.5385
1044.50,19.5055
1045.00,19.5006
1045.50,19.5225
1046.00,19.5585
1046.50,19.5935
1047.00,19.6184
1047.50,19.6315
1048.00,19.6382
1048.50,19.6490
1049.00,19.6751
1049.50,19.7215
1050.00,19.7820
1050.50,19.8411
1051.00,19.8821
1051.50,19.8954
1052.00,19.8825
1052.50,19.8541
1053.00,19.8240
1053.50,19.8017
1054.00,19.7913
1054.50,19.7947
1055.00,19.8146
1055.50,19.8514
1056.00,19.8989
1056.50,19.9445
1057.00,19.9764
1057.50,19.9889
1058.00,19.9841
1058.50,19.9680
1059.00,19.9474
1059.50,19.9291
1060.00,19.9184
1060.50,19.9180
1061.00,19.9265
1061.50,19.9403
1062.00,19.9545
1062.50,19.9637
1063.00,19.9635
1063.50,19.9526
1064.00,19.9349
1064.50,19.9165
1065.00,19.9000
1065.50,19.8827
1066.00,19.8606
1066.50,19.8324
1067.00,19.7991
1067.50,19.7607
1068.00,19.7157
1068.50,19.6641
1069.00,19.6116
1069.50,19.5697
1070.00,19.5500
1070.50,19.5580
1071.00,19.5885
1071.50,19.6270
1072.00,19.6560
1072.50,19.6623
1073.00,19.6426
1073.50,19.6063
1074.00,19.5713
1074.50,19.5564
1075.00,19.5694
1075.50,19.6028
1076.00,19.6383
1076.50,19.6589
1077.00,19.6578
1077.50,19.6404
1078.00,19.6198
1078.50,19.6088
1079.00,19.6123
1079.50,19.6247
1080.00,19.6347
1080.50,19.6326
1081.00,19.6157
1081.50,19.5865
1082.00,19.5504
1082.50,19.5139
1083.00,19.4842
1083.50,19.4673
1084.00,19.4667
1084.50,19.4823
1085.00,19.5098
1085.50,19.5408
1086.00,19.5670
1086.50,19.5856
1087.00,19.6014
1087.50,19.6201
1088.00,19.6392
1088.50,19.6464
1089.00,19.6313
1089.50,19.5982
1090.00,19.5663
1090.50,19.5558
1091.00,19.5721
1091.50,19.6032
1092.00,19.6280
1092.50,19.6294
1093.00,19.6039
1093.50,19.5631
1094.00,19.5265
1094.50,19.5102
1095.00,19.5186
1095.50,19.5445
1096.00,19.5764
1096.50,19.6078
1097.00,19.6377
1097.50,19.6665
1098.00,19.6939
1098.50,19.7195
1099.00,19.7433
1099.50,19.7641
1100.00,19.7778
1100.50,19.7826
1101.00,19.7827
1101.50,19.7872
1102.00,19.8023
1102.50,19.8255
1103.00,19.8484
1103.50,19.8639
1104.00,19.8713
1104.50,19.8740
1105.00,19.8752
1105.50,19.8784
1106.00,19.8896
1106.50,19.9158
1107.00,19.9584
1107.50,20.0082
1108.00,20.0503
1108.50,20.0753
1109.00,20.0840
1109.50,20.0834
1110.00,20.0789
1110.50,20.0719
1111.00,20.0640
1111.50,20.0600
1112.00,20.0665
1112.50,20.0852
1113.00,20.1090
1113.50,20.1237
1114.00,20.1161
1114.50,20.0813
1115.00,20.0247
1115.50,19.9583
1116.00,19.8975
1116.50,19.8573
1117.00,19.8491
1117.50,19.8735
1118.00,19.9193
1118.50,19.9677
1119.00,20.0025
1119.50,20.0162
1120.00,20.0114
1120.50,19.9966
1121.00,19.9814
1121.50,19.9732
1122.00,19.9744
1122.50,19.9797
1123.00,19.9785
1123.50,19.9618
1124.00,19.9293
1124.50,19.8878
1125.00,19.8450
1125.50,19.8066
1126.00,19.7792
1126.50,19.7731
1127.00,19.7940
1127.50,19.8361
1128.00,19.8821
1128.50,19.9149
1129.00,19.9268
1129.50,19.9223
1130.00,19.9112
1130.50,19.9010
1131.00,19.8945
1131.50,19.8940
1132.00,19.9039
1132.50,19.9276
1133.00,19.9607
1133.50,19.9906
1134.00,20.0043
1134.50,19.9963
1135.00,19.9694
1135.50,19.9295
1136.00,19.8837
1136.50,19.8420
1137.00,19.8166
1137.50,19.8143
1138.00,19.8298
1138.50,19.8463
1139.00,19.8447
1139.50,19.8163
1140.00,19.7671
1140.50,19.7146
1141.00,19.6779
1141.50,19.6693
1142.00,19.6885
1142.50,19.7223
1143.00,19.7512
1143.50,19.7607
1144.00,19.7484
1144.50,19.7225
1145.00,19.6967
1145.50,19.6831
1146.00,19.6866
1146.50,19.7009
1147.00,19.7115
1147.50,19.7063
1148.00,19.6871
1148.50,19.6702
1149.00,19.6749
1149.50,19.7079
1150.00,19.7569
1150.50,19.8002
1151.00,19.8228
1151.50,19.8245
1152.00,19.8153
1152.50,19.8035
1153.00,19.7908
1153.50,19.7769
1154.00,19.7653
1154.50,19.7629
1155.00,19.7748
1155.50,19.7998
1156.00,19.8323
1156.50,19.8661
1157.00,19.8978
1157.50,19.9258
1158.00,19.9466
1158.50,19.9537
1159.00,19.9421
1159.50,19.9145
1160.00,19.8819
1160.50,19.8566
1161.00,19.8438
1161.50,19.8386
1162.00,19.8320
1162.50,19.8189
1163.00,19.8029
1163.50,19.7936
1164.00,19.7987
1164.50,19.8169
1165.00,19.8383
1165.50,19.8510
1166.00,19.8480
1166.50,19.8300
1167.00,19.8047
1167.50,19.7808
1168.00,19.7629
1168.50,19.7498
1169.00,19.7383
1169.50,19.7282
1170.00,19.7212
1170.50,19.7181
1171.00,19.7165
1171.50,19.7143
1172.00,19.7100
1172.50,19.7022
1173.00,19.6894
1173.50,19.6724
1174.00,19.6560
1174.50,19.6473
1175.00,19.6503
1175.50,19.6636
1176.00,19.6816
1176.50,19.6977
1177.00,19.7071
1177.50,19.7094
1178.00,19.7082
1178.50,19.7094
1179.00,19.7173
1179.50,19.7329
1180.00,19.7538
1180.50,19.7740
1181.00,19.7869
1181.50,19.7886
1182.00,19.7785
1182.50,19.7578
1183.00,19.7282
1183.50,19.6936
1184.00,19.6603
1184.50,19.6333
1185.00,19.6147
1185.50,19.6048
1186.00,19.6060
1186.50,19.6209
1187.00,19.6476
1187.50,19.6785
1188.00,19.7052
1188.50,19.7251
1189.00,19.7427
1189.50,19.7642
1190.00,19.7921
1190.50,19.8221
1191.00,19.8450
1191.50,19.8501
1192.00,19.8303
1192.50,19.7878
1193.00,19.7363
1193.50,19.6954
1194.00,19.6810
1194.50,19.6981
1195.00,19.7394
1195.50,19.7901
1196.00,19.8334
1196.50,19.8573
1197.00,19.8603
1197.50,19.8517
1198.00,19.8439
1198.50,19.8436
1199.00,19.8497
1199.50,19.8580
1200.00,19.8668
1200.50,19.8763
1201.00,19.8857
1201.50,19.8930
1202.00,19.8992
1202.50,19.9090
1203.00,19.9248
1203.50,19.9401
1204.00,19.9419
1204.50,19.9227
1205.00,19.8869
1205.50,19.8471
1206.00,19.8153
1206.50,19.7976
1207.00,19.7944
1207.50,19.8029
1208.00,19.8186
1208.50,19.8371
1209.00,19.8552
1209.50,19.8699
1210.00,19.8796
1210.50,19.8858
1211.00,19.8929
1211.50,19.9047
1212.00,19.9216
1212.50,19.9408
1213.00,19.9580
1213.50,19.9692
1214.00,19.9724
1214.50,19.9696
1215.00,19.9664
1215.50,19.9674
1216.00,19.9718
1216.50,19.9754
1217.00,19.9758
1217.50,19.9763
1218.00,19.9816
1218.50,19.9937
1219.00,20.0103
1219.50,20.0283
1220.00,20.0474
1220.50,20.0698
1221.00,20.0964
1221.50,20.1231
1222.00,20.1411
1222.50,20.1440
1223.00,20.1354
1223.50,20.1272
1224.00,20.1302
1224.50,20.1455
1225.00,20.1645
1225.50,20.1760
1226.00,20.1708
1226.50,20.1440
1227.00,20.0968
1227.50,20.0380
1228.00,19.9819
1228.50,19.9397
1229.00,19.9141
1229.50,19.8986
1230.00,19.8839
1230.50,19.8653
1231.00,19.8464
1231.50,19.8367
1232.00,19.8430
1232.50,19.8637
1233.00,19.8891
1233.50,19.9077
1234.00,19.9129
1234.50,19.9055
1235.00,19.8919
1235.50,19.8781
1236.00,19.8658
1236.50,19.8519
1237.00,19.8328
1237.50,19.8082
1238.00,19.7821
1238.50,19.7601
1239.00,19.7451
1239.50,19.7362
1240.00,19.7309
1240.50,19.7270
1241.00,19.7225
1241.50,19.7156
1242.00,19.7058
1242.50,19.6951
1243.00,19.6860
1243.50,19.6792
1244.00,19.6728
1244.50,19.6651
1245.00,19.6570
1245.50,19.6510
1246.00,19.6488
1246.50,19.6508
1247.00,19.6580
1247.50,19.6724
1248.00,19.6941
1248.50,19.7195
1249.00,19.7415
1249.50,19.7507
1250.00,19.7381
1250.50,19.6999
1251.00,19.6431
1251.50,19.5831
1252.00,19.5360
1252.50,19.5124
1253.00,19.5170
1253.50,19.5502
1254.00,19.6071
1254.50,19.6768
1255.00,19.7444
1255.50,19.7973
1256.00,19.8301
1256.50,19.8448
1257.00,19.8474
1257.50,19.8446
1258.00,19.8412
1258.50,19.8396
1259.00,19.8393
1259.50,19.8379
1260.00,19.8328
1260.50,19.8234
1261.00,19.8119
1261.50,19.8020
1262.00,19.7965
1262.50,19.7947
1263.00,19.7926
1263.50,19.7858
1264.00,19.7741
1264.50,19.7635
1265.00,19.7645
1265.50,19.7861
1266.00,19.8272
1266.50,19.8753
1267.00,19.9138
1267.50,19.9315
1268.00,19.9274
1268.50,19.9087
1269.00,19.8855
1269.50,19.8677
1270.00,19.8616
1270.50,19.8669
1271.00,19.8778
1271.50,19.8859
1272.00,19.8841
1272.50,19.8709
1273.00,19.8506
1273.50,19.8313
1274.00,19.8163
1274.50,19.8011
1275.00,19.7796
1275.50,19.7547
1276.00,19.7399
1276.50,19.7477
1277.00,19.7770
1277.50,19.8141
1278.00,19.8450
1278.50,19.8652
1279.00,19.8791
1279.50,19.8918
1280.00,19.9044
1280.50,19.9152
1281.00,19.9234
1281.50,19.9286
1282.00,19.9286
1282.50,19.9199
1283.00,19.9028
1283.50,19.8843
1284.00,19.8754
1284.50,19.8827
1285.00,19.9022
1285.50,19.9211
1286.00,19.9247
1286.50,19.9062
1287.00,19.8717
1287.50,19.8381
1288.00,19.8235
1288.50,19.8353
1289.00,19.8638
1289.50,19.8896
1290.00,19.8993
1290.50,19.8956
1291.00,19.8912
1291.50,19.8954
1292.00,19.9087
1292.50,19.9271
1293.00,19.9472
1293.50,19.9659
1294.00,19.9811
1294.50,19.9938
1295.00,20.0092
1295.50,20.0295
1296.00,20.0488
1296.50,20.0548
1297.00,20.0394
1297.50,20.0067
1298.00,19.9708
1298.50,19.9454
1299.00,19.9347
1299.50,19.9318
1300.00,19.9252
1300.50,19.9076
1301.00,19.8811
1301.50,19.8549
1302.00,19.8379
1302.50,19.8340
1303.00,19.8434
1303.50,19.8659
1304.00,19.8992
1304.50,19.9368
1305.00,19.9695
1305.50,19.9906
1306.00,19.9991
1306.50,19.9978
1307.00,19.9934
1307.50,19.9946
1308.00,20.0096
1308.50,20.0385
1309.00,20.0700
1309.50,20.0874
1310.00,20.0809
1310.50,20.0551
1311.00,20.0266
1311.50,20.0128
1312.00,20.0207
1312.50,20.0439
1313.00,20.0690
1313.50,20.0850
1314.00,20.0893
1314.50,20.0856
1315.00,20.0790
1315.50,20.0742
1316.00,20.0755
1316.50,20.0860
1317.00,20.1055
1317.50,20.1293
1318.00,20.1519
1318.50,20.1687
1319.00,20.1777
1319.50,20.1783
1320.00,20.1693
1320.50,20.1484
1321.00,20.1148
1321.50,20.0736
1322.00,20.0374
1322.50,20.0191
1323.00,20.0222
1323.50,20.0380
1324.00,20.0549
1324.50,20.0686
1325.00,20.0824
1325.50,20.0976
1326.00,20.1069
1326.50,20.1009
1327.00,20.0787
1327.50,20.0503
1328.00,20.0301
1328.50,20.0279
1329.00,20.0436
1329.50,20.0675
1330.00,20.0863
1330.50,20.0908
1331.00,20.0824
1331.50,20.0704
1332.00,20.0632
1332.50,20.0628
1333.00,20.0653
1333.50,20.0662
1334.00,20.0637
1334.50,20.0582
1335.00,20.0500
1335.50,20.0400
1336.00,20.0307
1336.50,20.0253
1337.00,20.0244
1337.50,20.0239
1338.00,20.0181
1338.50,20.0076
1339.00,20.0025
1339.50,20.0163
1340.00,20.0551
1340.50,20.1103
1341.00,20.1611
1341.50,20.1847
1342.00,20.1700
1342.50,20.1241
1343.00,20.0680
1343.50,20.0244
1344.00,20.0065
1344.50,20.0143
1345.00,20.0376
1345.50,20.0628
1346.00,20.0806
1346.50,20.0918
1347.00,20.1060
1347.50,20.1337
1348.00,20.1766
1348.50,20.2238
1349.00,20.2574
1349.50,20.2619
1350.00,20.2324
1350.50,20.1780
1351.00,20.1175
1351.50,20.0725
1352.00,20.0575
1352.50,20.0727
1353.00,20.1055
1353.50,20.1383
1354.00,20.1605
1354.50,20.1711
1355.00,20.1737
1355.50,20.1708
1356.00,20.1634
1356.50,20.1546
1357.00,20.1493
1357.50,20.1505
1358.00,20.1556
1358.50,20.1583
1359.00,20.1546
1359.50,20.1458
1360.00,20.1379
1360.50,20.1363
1361.00,20.1422
1361.50,20.1518
1362.00,20.1623
1362.50,20.1752
1363.00,20.1954
1363.50,20.2252
1364.00,20.2597
1364.50,20.2902
1365.00,20.3106
1365.50,20.3228
1366.00,20.3328
1366.50,20.3433
1367.00,20.3517
1367.50,20.3532
1368.00,20.3451
1368.50,20.3271
1369.00,20.3011
1369.50,20.2727
1370.00,20.2531
1370.50,20.2514
1371.00,20.2656
1371.50,20.2813
1372.00,20.2844
1372.50,20.2726
1373.00,20.2573
1373.50,20.2519
1374.00,20.2626
1374.50,20.2845
1375.00,20.3046
1375.50,20.3110
1376.00,20.3011
1376.50,20.2829
1377.00,20.2680
1377.50,20.2622
1378.00,20.2636
1378.50,20.2681
1379.00,20.2752
1379.50,20.2864
1380.00,20.3004
1380.50,20.3118
1381.00,20.3158
1381.50,20.3136
1382.00,20.3115
1382.50,20.3131
1383.00,20.3136
1383.50,20.3030
1384.00,20.2766
1384.50,20.2428
1385.00,20.2189
1385.50,20.2183
1386.00,20.2400
1386.50,20.2702
1387.00,20.2924
1387.50,20.2979
1388.00,20.2897
1388.50,20.2785
1389.00,20.2755
1389.50,20.2872
1390.00,20.3143
1390.50,20.3519
1391.00,20.3896
1391.50,20.4124
1392.00,20.4082
1392.50,20.3772
1393.00,20.3352
1393.50,20.3025
1394.00,20.2875
1394.50,20.2837
1395.00,20.2804
1395.50,20.2758
1396.00,20.2769
1396.50,20.2894
1397.00,20.3122
1397.50,20.3401
1398.00,20.3691
1398.50,20.3975
1399.00,20.4230
1399.50,20.4428
1400.00,20.4554
1400.50,20.4614
1401.00,20.4616
1401.50,20.4544
1402.00,20.4368
1402.50,20.4063
1403.00,20.3659
1403.50,20.3270
1404.00,20.3060
1404.50,20.3147
1405.00,20.3507
1405.50,20.3988
1406.00,20.4420
1406.50,20.4709
1407.00,20.4854
1407.50,20.4905
1408.00,20.4937
1408.50,20.5008
1409.00,20.5112
1409.50,20.5165
1410.00,20.5075
1410.50,20.4844
1411.00,20.4581
1411.50,20.4406
1412.00,20.4363
1412.50,20.4427
1413.00,20.4561
1413.50,20.4732
1414.00,20.4876
1414.50,20.4893
1415.00,20.4716
1415.50,20.4371
1416.00,20.3949
1416.50,20.3528
1417.00,20.3148
1417.50,20.2821
1418.00,20.2548
1418.50,20.2339
1419.00,20.2226
1419.50,20.2257
1420.00,20.2457
1420.50,20.2791
1421.00,20.3179
1421.50,20.3540
1422.00,20.3813
1422.50,20.3962
1423.00,20.3987
1423.50,20.3947
1424.00,20.3956
1424.50,20.4123
1425.00,20.4481
1425.50,20.4944
1426.00,20.5328
1426.50,20.5428
1427.00,20.5135
1427.50,20.4525
1428.00,20.3827
1428.50,20.3286
1429.00,20.3028
1429.50,20.3027
1430.00,20.3186
1430.50,20.3393
1431.00,20.3553
1431.50,20.3622
1432.00,20.3619
1432.50,20.3620
1433.00,20.3699
1433.50,20.3888
1434.00,20.4163
1434.50,20.4457
1435.00,20.4701
1435.50,20.4876
1436.00,20.5036
1436.50,20.5272
1437.00,20.5615
1437.50,20.5979
1438.00,20.6223
1438.50,20.6262
1439.00,20.6130
1439.50,20.5928
1440.00,20.5735
1440.50,20.5550
1441.00,20.5333
1441.50,20.5064
1442.00,20.4787
1442.50,20.4590
1443.00,20.4559
1443.50,20.4720
1444.00,20.5035
1444.50,20.5418
1445.00,20.5768
1445.50,20.6006
1446.00,20.6106
1446.50,20.6099
1447.00,20.6035
1447.50,20.5960
1448.00,20.5907
1448.50,20.5902
1449.00,20.5944
1449.50,20.5999
1450.00,20.6010
1450.50,20.5946
1451.00,20.5819
1451.50,20.5664
1452.00,20.5523
1452.50,20.5439
1453.00,20.5454
1453.50,20.5558
1454.00,20.5648
1454.50,20.5568
1455.00,20.5242
1455.50,20.4756
1456.00,20.4298
1456.50,20.4027
1457.00,20.3980
1457.50,20.4073
1458.00,20.4177
1458.50,20.4200
1459.00,20.4145
1459.50,20.4106
1460.00,20.4188
1460.50,20.4427
1461.00,20.4740
1461.50,20.4978
1462.00,20.5006
1462.50,20.4784
1463.00,20.4393
1463.50,20.3999
1464.00,20.3762
1464.50,20.3748
1465.00,20.3897
1465.50,20.4075
1466.00,20.4137
1466.50,20.3990
1467.00,20.3635
1467.50,20.3186
1468.00,20.2797
1468.50,20.2555
1469.00,20.2410
1469.50,20.2268
1470.00,20.2111
1470.50,20.2031
1471.00,20.2131
1471.50,20.2410
1472.00,20.2761
1472.50,20.3054
1473.00,20.3220
1473.50,20.3276
1474.00,20.3294
1474.50,20.3338
1475.00,20.3415
1475.50,20.3471
1476.00,20.3439
1476.50,20.3297
1477.00,20.3079
1477.50,20.2843
1478.00,20.2634
1478.50,20.2490
1479.00,20.2463
1479.50,20.2629
1480.00,20.3017
1480.50,20.3552
1481.00,20.4064
1481.50,20.4402
1482.00,20.4532
1482.50,20.4520
1483.00,20.4457
1483.50,20.4372
1484.00,20.4220
1484.50,20.3928
1485.00,20.3492
1485.50,20.3024
1486.00,20.2683
1486.50,20.2550
1487.00,20.2596
1487.50,20.2744
1488.00,20.2951
1488.50,20.3214
1489.00,20.3529
1489.50,20.3877
1490.00,20.4237
1490.50,20.4581
1491.00,20.4852
1491.50,20.4983
1492.00,20.4936
1492.50,20.4736
1493.00,20.4469
1493.50,20.4269
1494.00,20.4254
1494.50,20.4465
1495.00,20.4829
1495.50,20.5203
1496.00,20.5441
1496.50,20.5458
1497.00,20.5254
1497.50,20.4936
1498.00,20.4689
1498.50,20.4693
1499.00,20.5012
1499.50,20.5542
1500.00,20.6066
1500.50,20.6368
1501.00,20.6341
1501.50,20.6026
1502.00,20.5559
1502.50,20.5101
1503.00,20.4783
1503.50,20.4665
1504.00,20.4716
1504.50,20.4821
1505.00,20.4854
1505.50,20.4753
1506.00,20.4560
1506.50,20.4381
1507.00,20.4304
1507.50,20.4344
1508.00,20.4447
1508.50,20.4556
1509.00,20.4665
1509.50,20.4803
1510.00,20.4987
1510.50,20.5174
1511.00,20.5268
1511.50,20.5182
1512.00,20.4893
1512.50,20.4474
1513.00,20.4067
1513.50,20.3816
1514.00,20.3790
1514.50,20.3959
1515.00,20.4225
1515.50,20.4482
1516.00,20.4672
1516.50,20.4791
1517.00,20.4877
1517.50,20.4988
1518.00,20.5175
1518.50,20.5464
1519.00,20.5838
1519.50,20.6220
1520.00,20.6495
1520.50,20.6552
1521.00,20.6367
1521.50,20.6041
1522.00,20.5764
1522.50,20.5709
1523.00,20.5920
1523.50,20.6284
1524.00,20.6609
1524.50,20.6743
1525.00,20.6669
1525.50,20.6490
1526.00,20.6342
1526.50,20.6304
1527.00,20.6383
1527.50,20.6539
1528.00,20.6712
1528.50,20.6837
1529.00,20.6872
1529.50,20.6808
1530.00,20.6661
1530.50,20.6445
1531.00,20.6190
1531.50,20.5944
1532.00,20.5790
1532.50,20.5803
1533.00,20.6008
1533.50,20.6364
1534.00,20.6787
1534.50,20.7185
1535.00,20.7480
1535.50,20.7617
1536.00,20.7576
1536.50,20.7391
1537.00,20.7128
1537.50,20.6856
1538.00,20.6613
1538.50,20.6399
1539.00,20.6193
1539.50,20.5970
1540.00,20.5732
1540.50,20.5497
1541.00,20.5274
1541.50,20.5042
1542.00,20.4785
1542.50,20.4553
1543.00,20.4452
1543.50,20.4550
1544.00,20.4804
1544.50,20.5074
1545.00,20.5215
1545.50,20.5154
1546.00,20.4922
1546.50,20.4628
1547.00,20.4389
1547.50,20.4258
1548.00,20.4209
1548.50,20.4179
1549.00,20.4147
1549.50,20.4140
1550.00,20.4209
1550.50,20.4377
1551.00,20.4619
1551.50,20.4868
1552.00,20.5048
1552.50,20.5118
1553.00,20.5100
1553.50,20.5054
1554.00,20.5036
1554.50,20.5072
1555.00,20.5171
1555.50,20.5340
1556.00,20.5573
1556.50,20.5831
1557.00,20.6061
1557.50,20.6232
1558.00,20.6349
1558.50,20.6423
1559.00,20.6448
1559.50,20.6411
1560.00,20.6324
1560.50,20.6222
1561.00,20.6115
1561.50,20.5952
1562.00,20.5670
1562.50,20.5278
1563.00,20.4900
1563.50,20.4692
1564.00,20.4720
1564.50,20.4921
1565.00,20.5188
1565.50,20.5464
1566.00,20.5743
1566.50,20.6012
1567.00,20.6239
1567.50,20.6405
1568.00,20.6520
1568.50,20.6604
1569.00,20.6668
1569.50,20.6721
1570.00,20.6780
1570.50,20.6847
1571.00,20.6891
1571.50,20.6863
1572.00,20.6736
1572.50,20.6521
1573.00,20.6242
1573.50,20.5933
1574.00,20.5636
1574.50,20.5419
1575.00,20.5346
1575.50,20.5428
1576.00,20.5606
1576.50,20.5799
1577.00,20.5963
1577.50,20.6093
1578.00,20.6218
1578.50,20.6368
1579.00,20.6565
1579.50,20.6813
1580.00,20.7082
1580.50,20.7300
1581.00,20.7375
1581.50,20.7238
1582.00,20.6893
1582.50,20.6433
1583.00,20.5994
1583.50,20.5684
1584.00,20.5529
1584.50,20.5489
1585.00,20.5504
1585.50,20.5532
1586.00,20.5540
1586.50,20.5508
1587.00,20.5436
1587.50,20.5357
1588.00,20.5287
1588.50,20.5192
1589.00,20.4995
1589.50,20.4651
1590.00,20.4207
1590.50,20.3789
1591.00,20.3511
1591.50,20.3399
1592.00,20.3386
1592.50,20.3376
1593.00,20.3314
1593.50,20.3202
1594.00,20.3081
1594.50,20.3022
1595.00,20.3104
1595.50,20.3362
1596.00,20.3734
1596.50,20.4084
1597.00,20.4304
1597.50,20.4396
1598.00,20.4460
1598.50,20.4598
1599.00,20.4828
1599.50,20.5069
1600.00,20.5213
1600.50,20.5209
1601.00,20.5095
1601.50,20.4961
1602.00,20.4886
1602.50,20.4909
1603.00,20.5052
1603.50,20.5365
1604.00,20.5941
1604.50,20.6868
1605.00,20.8177
1605.50,20.9800
1606.00,21.1586
1606.50,21.3362
1607.00,21.4983
1607.50,21.6373
1608.00,21.7526
1608.50,21.8492
1609.00,21.9328
1609.50,22.0063
1610.00,22.0685
1610.50,22.1173
1611.00,22.1538
1611.50,22.1840
1612.00,22.2172
1612.50,22.2597
1613.00,22.3082
1613.50,22.3497
1614.00,22.3698
1614.50,22.3635
1615.00,22.3398
1615.50,22.3174
1616.00,22.3132
1616.50,22.3317
1617.00,22.3636
1617.50,22.3927
1618.00,22.4075
1618.50,22.4060
1619.00,22.3926
1619.50,22.3732
1620.00,22.3529
1620.50,22.3343
1621.00,22.3195
1621.50,22.3121
1622.00,22.3172
1622.50,22.3371
1623.00,22.3656
1623.50,22.3902
1624.00,22.4013
1624.50,22.3988
1625.00,22.3902
1625.50,22.3815
1626.00,22.3702
1626.50,22.3469
1627.00,22.3059
1627.50,22.2533
1628.00,22.2053
1628.50,22.1780
1629.00,22.1764
1629.50,22.1925
1630.00,22.2129
1630.50,22.2271
1631.00,22.2320
1631.50,22.2297
1632.00,22.2251
1632.50,22.2236
1633.00,22.2301
1633.50,22.2489
1634.00,22.2833
1634.50,22.3329
1635.00,22.3887
1635.50,22.4322
1636.00,22.4456
1636.50,22.4251
1637.00,22.3848
1637.50,22.3469
1638.00,22.3262
1638.50,22.3223
1639.00,22.3248
1639.50,22.3217
1640.00,22.3071
1640.50,22.2833
1641.00,22.2580
1641.50,22.2388
1642.00,22.2281
1642.50,22.2235
1643.00,22.2216
1643.50,22.2218
1644.00,22.2250
1644.50,22.2293
1645.00,22.2290
1645.50,22.2174
1646.00,22.1895
1646.50,22.1443
1647.00,22.0881
1647.50,22.0346
1648.00,21.9990
1648.50,21.9887
1649.00,21.9981
1649.50,22.0126
1650.00,22.0182
1650.50,22.0086
1651.00,21.9859
1651.50,21.9605
1652.00,21.9447
1652.50,21.9469
1653.00,21.9661
1653.50,21.9934
1654.00,22.0187
1654.50,22.0359
1655.00,22.0444
1655.50,22.0454
1656.00,22.0392
1656.50,22.0253
1657.00,22.0050
1657.50,21.9831
1658.00,21.9656
1658.50,21.9552
1659.00,21.9511
1659.50,21.9495
1660.00,21.9465
1660.50,21.9393
1661.00,21.9288
1661.50,21.9205
1662.00,21.9221
1662.50,21.9361
1663.00,21.9556
1663.50,21.9686
1664.00,21.9686
1664.50,21.9595
1665.00,21.9515
1665.50,21.9520
1666.00,21.9599
1666.50,21.9683
1667.00,21.9702
1667.50,21.9626
1668.00,21.9462
1668.50,21.9235
1669.00,21.8982
1669.50,21.8757
1670.00,21.8623
1670.50,21.8616
1671.00,21.8710
1671.50,21.8828
1672.00,21.8899
1672.50,21.8915
1673.00,21.8914
1673.50,21.8933
1674.00,21.8958
1674.50,21.8954
1675.00,21.8904
1675.50,21.8831
1676.00,21.8772
1676.50,21.8762
1677.00,21.8827
1677.50,21.8997
1678.00,21.9286
1678.50,21.9663
1679.00,22.0043
1679.50,22.0323
1680.00,22.0447
1680.50,22.0438
1681.00,22.0360
1681.50,22.0272
1682.00,22.0202
1682.50,22.0172
1683.00,22.0224
1683.50,22.0399
1684.00,22.0683
1684.50,22.0995
1685.00,22.1223
1685.50,22.1290
1686.00,22.1200
1686.50,22.1014
1687.00,22.0791
1687.50,22.0537
1688.00,22.0199
1688.50,21.9718
1689.00,21.9113
1689.50,21.8518
1690.00,21.8127
1690.50,21.8074
1691.00,21.8348
1691.50,21.8809
1692.00,21.9272
1692.50,21.9598
1693.00,21.9737
1693.50,21.9715
1694.00,21.9586
1694.50,21.9396
1695.00,21.9143
1695.50,21.8801
1696.00,21.8374
1696.50,21.7957
1697.00,21.7693
1697.50,21.7649
1698.00,21.7744
1698.50,21.7819
1699.00,21.7767
1699.50,21.7613
1700.00,21.7461
1700.50,21.7392
1701.00,21.7401
1701.50,21.7441
1702.00,21.7503
1702.50,21.7624
1703.00,21.7812
1703.50,21.8000
1704.00,21.8114
1704.50,21.8152
1705.00,21.8179
1705.50,21.8230
1706.00,21.8258
1706.50,21.8173
1707.00,21.7936
1707.50,21.7594
1708.00,21.7230
1708.50,21.6892
1709.00,21.6575
1709.50,21.6259
1710.00,21.5948
1710.50,21.5691
1711.00,21.5568
1711.50,21.5626
1712.00,21.5849
1712.50,21.6153
1713.00,21.6439
1713.50,21.6643
1714.00,21.6763
1714.50,21.6833
1715.00,21.6896
1715.50,21.6968
1716.00,21.7031
1716.50,21.7036
1717.00,21.6935
1717.50,21.6721
1718.00,21.6445
1718.50,21.6182
1719.00,21.5999
1719.50,21.5934
1720.00,21.5985
1720.50,21.6111
1721.00,21.6225
1721.50,21.6210
1722.00,21.5966
1722.50,21.5477
1723.00,21.4852
1723.50,21.4303
1724.00,21.4030
1724.50,21.4093
1725.00,21.4365
1725.50,21.4620
1726.00,21.4683
1726.50,21.4547
1727.00,21.4342
1727.50,21.4207
1728.00,21.4185
1728.50,21.4231
1729.00,21.4288
1729.50,21.4336
1730.00,21.4374
1730.50,21.4387
1731.00,21.4363
1731.50,21.4321
1732.00,21.4320
1732.50,21.4407
1733.00,21.4559
1733.50,21.4687
1734.00,21.4724
1734.50,21.4696
1735.00,21.4687
1735.50,21.4731
1736.00,21.4736
1736.50,21.4585
1737.00,21.4273
1737.50,21.3928
1738.00,21.3690
1738.50,21.3600
1739.00,21.3614
1739.50,21.3683
1740.00,21.3792
1740.50,21.3939
1741.00,21.4099
1741.50,21.4212
1742.00,21.4208
1742.50,21.4053
1743.00,21.3792
1743.50,21.3555
1744.00,21.3472
1744.50,21.3585
1745.00,21.3807
1745.50,21.4000
1746.00,21.4082
1746.50,21.4081
1747.00,21.4076
1747.50,21.4089
1748.00,21.4064
1748.50,21.3931
1749.00,21.3711
1749.50,21.3512
1750.00,21.3456
1750.50,21.3588
1751.00,21.3860
1751.50,21.4137
1752.00,21.4262
1752.50,21.4127
1753.00,21.3739
1753.50,21.3227
1754.00,21.2773
1754.50,21.2524
1755.00,21.2527
1755.50,21.2727
1756.00,21.3026
1756.50,21.3345
1757.00,21.3664
1757.50,21.3999
1758.00,21.4360
1758.50,21.4696
1759.00,21.4892
1759.50,21.4843
1760.00,21.4528
1760.50,21.4059
1761.00,21.3635
1761.50,21.3443
1762.00,21.3555
1762.50,21.3874
1763.00,21.4193
1763.50,21.4329
1764.00,21.4244
1764.50,21.4043
1765.00,21.3863
1765.50,21.3760
1766.00,21.3714
1766.50,21.3686
1767.00,21.3658
1767.50,21.3635
1768.00,21.3633
1768.50,21.3671
1769.00,21.3742
1769.50,21.3817
1770.00,21.3877
1770.50,21.3946
1771.00,21.4078
1771.50,21.4296
1772.00,21.4560
1772.50,21.4771
1773.00,21.4832
1773.50,21.4724
1774.00,21.4548
1774.50,21.4470
1775.00,21.4607
1775.50,21.4927
1776.00,21.5271
1776.50,21.5468
1777.00,21.5456
1777.50,21.5297
1778.00,21.5111
1778.50,21.4977
1779.00,21.4895
1779.50,21.4804
1780.00,21.4657
1780.50,21.4481
1781.00,21.4374
1781.50,21.4424
1782.00,21.4628
1782.50,21.4874
1783.00,21.5038
1783.50,21.5078
1784.00,21.5040
1784.50,21.4978
1785.00,21.4880
1785.50,21.4696
1786.00,21.4420
1786.50,21.4114
1787.00,21.3860
1787.50,21.3695
1788.00,21.3605
1788.50,21.3561
1789.00,21.3525
1789.50,21.3437
1790.00,21.3250
1790.50,21.2988
1791.00,21.2753
1791.50,21.2647
1792.00,21.2674
1792.50,21.2729
1793.00,21.2667
1793.50,21.2411
1794.00,21.1998
1794.50,21.1567
1795.00,21.1252
1795.50,21.1106
1796.00,21.1090
1796.50,21.1135
1797.00,21.1194
1797.50,21.1244
1798.00,21.1244
1798.50,21.1137
1799.00,21.0888
1799.50,21.0512
1800.00,21.0076
1800.50,20.9676
1801.00,20.9407
1801.50,20.9317
1802.00,20.9377
1802.50,20.9483
1803.00,20.9519
1803.50,20.9432
1804.00,20.9248
1804.50,20.9039
1805.00,20.8866
1805.50,20.8765
1806.00,20.8768
1806.50,20.8909
1807.00,20.9184
1807.50,20.9488
1808.00,20.9655
1808.50,20.9580
1809.00,20.9333
1809.50,20.9118
1810.00,20.9118
1810.50,20.9352
1811.00,20.9693
1811.50,20.9976
1812.00,21.0115
1812.50,21.0153
1813.00,21.0220
1813.50,21.0422
1814.00,21.0729
1814.50,21.0979
1815.00,21.1005
1815.50,21.0767
1816.00,21.0368
1816.50,20.9958
1817.00,20.9646
1817.50,20.9496
1818.00,20.9541
1818.50,20.9769
1819.00,21.0093
1819.50,21.0383
1820.00,21.0536
1820.50,21.0515
1821.00,21.0337
1821.50,21.0058
1822.00,20.9780
1822.50,20.9632
1823.00,20.9707
1823.50,21.0002
1824.00,21.0433
1824.50,21.0906
1825.00,21.1361
1825.50,21.1777
1826.00,21.2140
1826.50,21.2443
1827.00,21.2680
1827.50,21.2824
1828.00,21.2821
1828.50,21.2623
1829.00,21.2263
1829.50,21.1890
1830.00,21.1686
1830.50,21.1727
1831.00,21.1918
1831.50,21.2057
1832.00,21.1998
1832.50,21.1747
1833.00,21.1428
1833.50,21.1173
1834.00,21.1044
1834.50,21.1039
1835.00,21.1130
1835.50,21.1268
1836.00,21.1366
1836.50,21.1315
1837.00,21.1081
1837.50,21.0756
1838.00,21.0518
1838.50,21.0499
1839.00,21.0694
1839.50,21.0974
1840.00,21.1181
1840.50,21.1218
1841.00,21.1060
1841.50,21.0749
1842.00,21.0387
1842.50,21.0112
1843.00,21.0020
1843.50,21.0093
1844.00,21.0225
1844.50,21.0311
1845.00,21.0332
1845.50,21.0340
1846.00,21.0384
1846.50,21.0446
1847.00,21.0462
1847.50,21.0399
1848.00,21.0317
1848.50,21.0334
1849.00,21.0530
1849.50,21.0885
1850.00,21.1306
1850.50,21.1701
1851.00,21.2001
1851.50,21.2163
1852.00,21.2162
1852.50,21.2004
1853.00,21.1736
1853.50,21.1423
1854.00,21.1126
1854.50,21.0870
1855.00,21.0662
1855.50,21.0523
1856.00,21.0492
1856.50,21.0586
1857.00,21.0777
1857.50,21.1016
1858.00,21.1273
1858.50,21.1550
1859.00,21.1832
1859.50,21.2039
1860.00,21.2052
1860.50,21.1809
1861.00,21.1378
1861.50,21.0932
1862.00,21.0650
1862.50,21.0610
1863.00,21.0763
1863.50,21.0976
1864.00,21.1116
1864.50,21.1123
1865.00,21.1034
1865.50,21.0934
1866.00,21.0884
1866.50,21.0867
1867.00,21.0793
1867.50,21.0569
1868.00,21.0165
1868.50,20.9663
1869.00,20.9221
1869.50,20.8994
1870.00,20.9037
1870.50,20.9285
1871.00,20.9590
1871.50,20.9801
1872.00,20.9843
1872.50,20.9741
1873.00,20.9584
1873.50,20.9450
1874.00,20.9357
1874.50,20.9263
1875.00,20.9102
1875.50,20.8840
1876.00,20.8507
1876.50,20.8170
1877.00,20.7892
1877.50,20.7699
1878.00,20.7576
1878.50,20.7508
1879.00,20.7489
1879.50,20.7511
1880.00,20.7545
1880.50,20.7544
1881.00,20.7466
1881.50,20.7313
1882.00,20.7132
1882.50,20.6979
1883.00,20.6866
1883.50,20.6749
1884.00,20.6598
1884.50,20.6467
1885.00,20.6480
1885.50,20.6723
1886.00,20.7147
1886.50,20.7595
1887.00,20.7916
1887.50,20.8054
1888.00,20.8031
1888.50,20.7895
1889.00,20.7707
1889.50,20.7558
1890.00,20.7522
1890.50,20.7585
1891.00,20.7631
1891.50,20.7552
1892.00,20.7345
1892.50,20.7102
1893.00,20.6912
1893.50,20.6792
1894.00,20.6708
1894.50,20.6655
1895.00,20.6680
1895.50,20.6849
1896.00,20.7175
1896.50,20.7591
1897.00,20.7974
1897.50,20.8210
1898.00,20.8240
1898.50,20.8099
1899.00,20.7897
1899.50,20.7761
1900.00,20.7743
1900.50,20.7780
1901.00,20.7761
1901.50,20.7627
1902.00,20.7421
1902.50,20.7228
1903.00,20.7102
1903.50,20.7042
1904.00,20.7027
1904.50,20.7034
1905.00,20.7045
1905.50,20.7042
1906.00,20.7024
1906.50,20.7006
1907.00,20.7018
1907.50,20.7095
1908.00,20.7256
1908.50,20.7489
1909.00,20.7736
1909.50,20.7911
1910.00,20.7938
1910.50,20.7787
1911.00,20.7488
1911.50,20.7119
1912.00,20.6799
1912.50,20.6650
1913.00,20.6748
1913.50,20.7073
1914.00,20.7528
1914.50,20.7986
1915.00,20.8343
1915.50,20.8558
1916.00,20.8646
1916.50,20.8647
1917.00,20.8584
1917.50,20.8465
1918.00,20.8306
1918.50,20.8161
1919.00,20.8114
1919.50,20.8231
1920.00,20.8482
1920.50,20.8743
1921.00,20.8878
1921.50,20.8836
1922.00,20.8671
1922.50,20.8494
1923.00,20.8430
1923.50,20.8593
1924.00,20.9028
1924.50,20.9648
1925.00,21.0248
1925.50,21.0610
1926.00,21.0647
1926.50,21.0422
1927.00,21.0068
1927.50,20.9686
1928.00,20.9312
1928.50,20.8961
1929.00,20.8671
1929.50,20.8485
1930.00,20.8397
1930.50,20.8335
1931.00,20.8221
1931.50,20.8055
1932.00,20.7920
1932.50,20.7916
1933.00,20.8087
1933.50,20.8400
1934.00,20.8782
1934.50,20.9155
1935.00,20.9454
1935.50,20.9625
1936.00,20.9643
1936.50,20.9531
1937.00,20.9355
1937.50,20.9185
1938.00,20.9067
1938.50,20.9017
1939.00,20.9035
1939.50,20.9104
1940.00,20.9203
1940.50,20.9292
1941.00,20.9315
1941.50,20.9214
1942.00,20.8957
1942.50,20.8571
1943.00,20.8152
1943.50,20.7831
1944.00,20.7720
1944.50,20.7863
1945.00,20.8211
1945.50,20.8631
1946.00,20.8965
1946.50,20.9110
1947.00,20.9085
1947.50,20.9015
1948.00,20.9028
1948.50,20.9144
1949.00,20.9256
1949.50,20.9240
1950.00,20.9071
1950.50,20.8834
1951.00,20.8618
1951.50,20.8424
1952.00,20.8196
1952.50,20.7930
1953.00,20.7732
1953.50,20.7737
1954.00,20.7965
1954.50,20.8275
1955.00,20.8477
1955.50,20.8499
1956.00,20.8449
1956.50,20.8526
1957.00,20.8844
1957.50,20.9327
1958.00,20.9756
1958.50,20.9911
1959.00,20.9716
1959.50,20.9265
1960.00,20.8753
1960.50,20.8352
1961.00,20.8141
1961.50,20.8102
1962.00,20.8181
1962.50,20.8319
1963.00,20.8465
1963.50,20.8565
1964.00,20.8590
1964.50,20.8578
1965.00,20.8610
1965.50,20.8736
1966.00,20.8923
1966.50,20.9088
1967.00,20.9172
1967.50,20.9154
1968.00,20.9023
1968.50,20.8778
1969.00,20.8453
1969.50,20.8131
1970.00,20.7897
1970.50,20.7789
1971.00,20.7776
1971.50,20.7783
1972.00,20.7766
1972.50,20.7749
1973.00,20.7810
1973.50,20.8019
1974.00,20.8381
1974.50,20.8830
1975.00,20.9250
1975.50,20.9522
1976.00,20.9570
1976.50,20.9411
1977.00,20.9172
1977.50,20.9036
1978.00,20.9139
1978.50,20.9485
1979.00,20.9947
1979.50,21.0367
1980.00,21.0646
1980.50,21.0769
1981.00,21.0753
1981.50,21.0608
1982.00,21.0370
1982.50,21.0145
1983.00,21.0082
1983.50,21.0247
1984.00,21.0552
1984.50,21.0797
1985.00,21.0811
1985.50,21.0537
1986.00,21.0041
1986.50,20.9464
1987.00,20.8960
1987.50,20.8658
1988.00,20.8617
1988.50,20.8807
1989.00,20.9132
1989.50,20.9498
1990.00,20.9856
1990.50,21.0177
1991.00,21.0399
1991.50,21.0450
1992.00,21.0318
1992.50,21.0077
1993.00,20.9830
1993.50,20.9637
1994.00,20.9505
1994.50,20.9411
1995.00,20.9317
1995.50,20.9204
1996.00,20.9105
1996.50,20.9099
1997.00,20.9240
1997.50,20.9484
1998.00,20.9702
1998.50,20.9785
1999.00,20.9736
1999.50,20.9638
2000.00,20.9565
2000.50,20.9522
2001.00,20.9491
2001.50,20.9475
2002.00,20.9496
2002.50,20.9551
2003.00,20.9586
2003.50,20.9539
2004.00,20.9407
2004.50,20.9286
2005.00,20.9325
2005.50,20.9598
2006.00,21.0016
2006.50,21.0359
2007.00,21.0428
2007.50,21.0171
2008.00,20.9707
2008.50,20.9230
2009.00,20.8897
2009.50,20.8776
2010.00,20.8835
2010.50,20.8963
2011.00,20.9011
2011.50,20.8878
2012.00,20.8564
2012.50,20.8184
2013.00,20.7899
2013.50,20.7812
2014.00,20.7906
2014.50,20.8040
2015.00,20.8055
2015.50,20.7898
2016.00,20.7653
2016.50,20.7474
2017.00,20.7477
2017.50,20.7673
2018.00,20.7948
2018.50,20.8124
2019.00,20.8073
2019.50,20.7815
2020.00,20.7518
2020.50,20.7392
2021.00,20.7543
2021.50,20.7895
2022.00,20.8246
2022.50,20.8407
2023.00,20.8346
2023.50,20.8193
2024.00,20.8132
2024.50,20.8242
2025.00,20.8446
2025.50,20.8590
2026.00,20.8575
2026.50,20.8441
2027.00,20.8333
2027.50,20.8398
2028.00,20.8683
2028.50,20.9101
2029.00,20.9520
2029.50,20.9863
2030.00,21.0139
2030.50,21.0376
2031.00,21.0553
2031.50,21.0614
2032.00,21.0536
2032.50,21.0377
2033.00,21.0249
2033.50,21.0249
2034.00,21.0407
2034.50,21.0685
2035.00,21.1020
2035.50,21.1382
2036.00,21.1766
2036.50,21.2141
2037.00,21.2430
2037.50,21.2599
2038.00,21.2752
2038.50,21.3095
2039.00,21.3744
2039.50,21.4580
2040.00,21.5320
2040.50,21.5746
2041.00,21.5862
2041.50,21.5855
2042.00,21.5907
2042.50,21.6061
2043.00,21.6240
2043.50,21.6341
2044.00,21.6339
2044.50,21.6311
2045.00,21.6387
2045.50,21.6665
2046.00,21.7137
2046.50,21.7669
2047.00,21.8054
2047.50,21.8138
2048.00,21.7931
2048.50,21.7620
2049.00,21.7415
2049.50,21.7378
2050.00,21.7387
2050.50,21.7283
2051.00,21.7045
2051.50,21.6808
2052.00,21.6742
2052.50,21.6900
2053.00,21.7224
2053.50,21.7656
2054.00,21.8197
2054.50,21.8846
2055.00,21.9504
2055.50,21.9990
2056.00,22.0156
2056.50,21.9990
2057.00,21.9606
2057.50,21.9149
2058.00,21.8712
2058.50,21.8336
2059.00,21.8051
2059.50,21.7887
2060.00,21.7830
2060.50,21.7810
2061.00,21.7740
2061.50,21.7603
2062.00,21.7489
2062.50,21.7544
2063.00,21.7851
2063.50,21.8336
2064.00,21.8794
2064.50,21.9053
2065.00,21.9131
2065.50,21.9210
2066.00,21.9460
2066.50,21.9886
2067.00,22.0357
2067.50,22.0768
2068.00,22.1154
2068.50,22.1669
2069.00,22.2453
2069.50,22.3529
2070.00,22.4764
2070.50,22.5944
2071.00,22.6893
2071.50,22.7571
2072.00,22.8063
2072.50,22.8491
2073.00,22.8931
2073.50,22.9404
2074.00,22.9898
2074.50,23.0402
2075.00,23.0926
2075.50,23.1523
2076.00,23.2272
2076.50,23.3231
2077.00,23.4386
2077.50,23.5652
2078.00,23.6920
2078.50,23.8131
2079.00,23.9304
2079.50,24.0511
2080.00,24.1821
2080.50,24.3247
2081.00,24.4753
2081.50,24.6293
2082.00,24.7835
2082.50,24.9362
2083.00,25.0853
2083.50,25.2290
2084.00,25.3695
2084.50,25.5143
2085.00,25.6724
2085.50,25.8459
2086.00,26.0266
2086.50,26.2028
2087.00,26.3675
2087.50,26.5224
2088.00,26.6734
2088.50,26.8273
2089.00,26.9884
2089.50,27.1576
2090.00,27.3304
2090.50,27.5000
2091.00,27.6627
2091.50,27.8219
2092.00,27.9856
2092.50,28.1610
2093.00,28.3517
2093.50,28.5570
2094.00,28.7714
2094.50,28.9853
2095.00,29.1872
2095.50,29.3690
2096.00,29.5312
2096.50,29.6826
2097.00,29.8354
2097.50,29.9989
2098.00,30.1747
2098.50,30.3562
2099.00,30.5328
2099.50,30.6953
2100.00,30.8420
2100.50,30.9776
2101.00,31.1075
2101.50,31.2329
2102.00,31.3521
2102.50,31.4642
2103.00,31.5693
2103.50,31.6660
2104.00,31.7485
2104.50,31.8072
2105.00,31.8311
2105.50,31.8116
2106.00,31.7475
2106.50,31.6459
2107.00,31.5199
2107.50,31.3815
2108.00,31.2335
2108.50,31.0675
2109.00,30.8697
2109.50,30.6287
2110.00,30.3410
2110.50,30.0103
2111.00,29.6445
2111.50,29.2517
2112.00,28.8361
2112.50,28.3965
2113.00,27.9312
2113.50,27.4463
2114.00,26.9589
2114.50,26.4874
2115.00,26.0369
2115.50,25.5948
2116.00,25.1427
2116.50,24.6728
2117.00,24.1970
2117.50,23.7428
2118.00,23.3413
2118.50,23.0087
2119.00,22.7364
2119.50,22.4981
2120.00,22.2708
2120.50,22.0509
2121.00,21.8502
2121.50,21.6805
2122.00,21.5415
2122.50,21.4221
2123.00,21.3101
2123.50,21.2026
2124.00,21.1052
2124.50,21.0232
2125.00,20.9543
2125.50,20.8928
2126.00,20.8384
2126.50,20.7989
2127.00,20.7833
2127.50,20.7952
2128.00,20.8294
2128.50,20.8741
2129.00,20.9122
2129.50,20.9268
2130.00,20.9096
2130.50,20.8676
2131.00,20.8193
2131.50,20.7854
2132.00,20.7794
2132.50,20.8029
2133.00,20.8460
2133.50,20.8922
2134.00,20.9249
2134.50,20.9340
2135.00,20.9181
2135.50,20.8846
2136.00,20.8461
2136.50,20.8134
2137.00,20.7886
2137.50,20.7674
2138.00,20.7475
2138.50,20.7343
2139.00,20.7362
2139.50,20.7542
2140.00,20.7803
2140.50,20.8052
2141.00,20.8265
2141.50,20.8497
2142.00,20.8795
2142.50,20.9132
2143.00,20.9417
2143.50,20.9558
2144.00,20.9516
2144.50,20.9319
2145.00,20.9052
2145.50,20.8806
2146.00,20.8614
2146.50,20.8458
2147.00,20.8345
2147.50,20.8365
2148.00,20.8630
2148.50,20.9125
2149.00,20.9657
2149.50,20.9989
2150.00,21.0032
2150.50,20.9906
2151.00,20.9816
2151.50,20.9888
2152.00,21.0115
2152.50,21.0412
2153.00,21.0695
2153.50,21.0935
2154.00,21.1149
2154.50,21.1370
2155.00,21.1623
2155.50,21.1912
2156.00,21.2235
2156.50,21.2604
2157.00,21.3041
2157.50,21.3561
2158.00,21.4136
2158.50,21.4690
2159.00,21.5129
2159.50,21.5400
2160.00,21.5540
2160.50,21.5661
2161.00,21.5884
2161.50,21.6260
2162.00,21.6756
2162.50,21.7290
2163.00,21.7777
2163.50,21.8164
2164.00,21.8426
2164.50,21.8557
2165.00,21.8566
2165.50,21.8495
2166.00,21.8421
2166.50,21.8410
2167.00,21.8458
2167.50,21.8492
2168.00,21.8446
2168.50,21.8344
2169.00,21.8283
2169.50,21.8325
2170.00,21.8430
2170.50,21.8507
2171.00,21.8492
2171.50,21.8400
2172.00,21.8298
2172.50,21.8264
2173.00,21.8338
2173.50,21.8485
2174.00,21.8612
2174.50,21.8625
2175.00,21.8493
2175.50,21.8257
2176.00,21.7986
2176.50,21.7735
2177.00,21.7531
2177.50,21.7388
2178.00,21.7325
2178.50,21.7344
2179.00,21.7410
2179.50,21.7467
2180.00,21.7471
2180.50,21.7417
2181.00,21.7314
2181.50,21.7168
2182.00,21.6990
2182.50,21.6800
2183.00,21.6620
2183.50,21.6434
2184.00,21.6197
2184.50,21.5887
2185.00,21.5545
2185.50,21.5246
2186.00,21.5029
2186.50,21.4840
2187.00,21.4578
2187.50,21.4188
2188.00,21.3719
2188.50,21.3278
2189.00,21.2937
2189.50,21.2692
2190.00,21.2501
2190.50,21.2334
2191.00,21.2177
2191.50,21.2008
2192.00,21.1778
2192.50,21.1424
2193.00,21.0914
2193.50,21.0302
2194.00,20.9743
2194.50,20.9422
2195.00,20.9424
2195.50,20.9660
2196.00,20.9922
2196.50,21.0020
2197.00,20.9906
2197.50,20.9674
2198.00,20.9459
2198.50,20.9325
2199.00,20.9221
2199.50,20.9038
2200.00,20.8713
2200.50,20.8291
2201.00,20.7883
2201.50,20.7569
2202.00,20.7350
2202.50,20.7185
2203.00,20.7063
2203.50,20.7008
2204.00,20.7029
2204.50,20.7106
2205.00,20.7218
2205.50,20.7382
2206.00,20.7632
2206.50,20.7959
2207.00,20.8267
2207.50,20.8421
2208.00,20.8338
2208.50,20.8049
2209.00,20.7670
2209.50,20.7308
2210.00,20.7018
2210.50,20.6802
2211.00,20.6643
2211.50,20.6510
2212.00,20.6365
2212.50,20.6179
2213.00,20.5973
2213.50,20.5821
2214.00,20.5814
2214.50,20.5997
2215.00,20.6349
2215.50,20.6783
2216.00,20.7182
2216.50,20.7429
2217.00,20.7448
2217.50,20.7248
2218.00,20.6946
2218.50,20.6715
2219.00,20.6689
2219.50,20.6887
2220.00,20.7222
2220.50,20.7562
2221.00,20.7825
2221.50,20.8007
2222.00,20.8127
2222.50,20.8144
2223.00,20.7943
2223.50,20.7460
2224.00,20.6824
2224.50,20.6345
2225.00,20.6302
2225.50,20.6699
2226.00,20.7268
2226.50,20.7693
2227.00,20.7836
2227.50,20.7769
2228.00,20.7648
2228.50,20.7605
2229.00,20.7695
2229.50,20.7896
2230.00,20.8124
2230.50,20.8275
2231.00,20.8277
2231.50,20.8103
2232.00,20.7762
2232.50,20.7286
2233.00,20.6743
2233.50,20.6251
2234.00,20.5951
2234.50,20.5942
2235.00,20.6224
2235.50,20.6698
2236.00,20.7199
2236.50,20.7555
2237.00,20.7635
2237.50,20.7409
2238.00,20.6969
2238.50,20.6494
2239.00,20.6132
2239.50,20.5907
2240.00,20.5730
2240.50,20.5502
2241.00,20.5220
2241.50,20.4986
2242.00,20.4927
2242.50,20.5097
2243.00,20.5431
2243.50,20.5788
2244.00,20.6045
2244.50,20.6160
2245.00,20.6159
2245.50,20.6075
2246.00,20.5912
2246.50,20.5682
2247.00,20.5435
2247.50,20.5256
2248.00,20.5212
2248.50,20.5330
2249.00,20.5609
2249.50,20.6006
2250.00,20.6419
2250.50,20.6708
2251.00,20.6768
2251.50,20.6599
2252.00,20.6310
2252.50,20.6067
2253.00,20.6007
2253.50,20.6161
2254.00,20.6440
2254.50,20.6689
2255.00,20.6804
2255.50,20.6792
2256.00,20.6723
2256.50,20.6647
2257.00,20.6559
2257.50,20.6456
2258.00,20.6368
2258.50,20.6323
2259.00,20.6315
2259.50,20.6309
2260.00,20.6270
2260.50,20.6180
2261.00,20.6044
2261.50,20.5906
2262.00,20.5846
2262.50,20.5939
2263.00,20.6183
2263.50,20.6462
2264.00,20.6591
2264.50,20.6443
2265.00,20.6036
2265.50,20.5528
2266.00,20.5110
2266.50,20.4896
2267.00,20.4875
2267.50,20.4943
2268.00,20.4986
2268.50,20.4937
2269.00,20.4796
2269.50,20.4604
2270.00,20.4422
2270.50,20.4320
2271.00,20.4368
2271.50,20.4580
2272.00,20.4886
2272.50,20.5161
2273.00,20.5318
2273.50,20.5372
2274.00,20.5403
2274.50,20.5473
2275.00,20.5585
2275.50,20.5705
2276.00,20.5792
2276.50,20.5820
2277.00,20.5794
2277.50,20.5754
2278.00,20.5751
2278.50,20.5806
2279.00,20.5887
2279.50,20.5940
2280.00,20.5927
2280.50,20.5852
2281.00,20.5752
2281.50,20.5667
2282.00,20.5622
2282.50,20.5628
2283.00,20.5704
2283.50,20.5851
2284.00,20.6017
2284.50,20.6118
2285.00,20.6124
2285.50,20.6095
2286.00,20.6111
2286.50,20.6176
2287.00,20.6221
2287.50,20.6199
2288.00,20.6161
2288.50,20.6209
2289.00,20.6386
2289.50,20.6623
2290.00,20.6790
2290.50,20.6799
2291.00,20.6668
2291.50,20.6512
2292.00,20.6471
2292.50,20.6624
2293.00,20.6940
2293.50,20.7301
2294.00,20.7578
2294.50,20.7686
2295.00,20.7592
2295.50,20.7298
2296.00,20.6846
2296.50,20.6334
2297.00,20.5902
2297.50,20.5666
2298.00,20.5638
2298.50,20.5714
2299.00,20.5749
2299.50,20.5671
2300.00,20.5511
2300.50,20.5362
2301.00,20.5302
2301.50,20.5348
2302.00,20.5460
2302.50,20.5558
2303.00,20.5560
2303.50,20.5431
2304.00,20.5222
2304.50,20.5041
2305.00,20.4962
2305.50,20.4960
2306.00,20.4960
2306.50,20.4933
2307.00,20.4914
2307.50,20.4929
2308.00,20.4940
2308.50,20.4895
2309.00,20.4824
2309.50,20.4843
2310.00,20.5051
2310.50,20.5442
2311.00,20.5917
2311.50,20.6368
2312.00,20.6718
2312.50,20.6909
2313.00,20.6886
2313.50,20.6638
2314.00,20.6255
2314.50,20.5903
2315.00,20.5714
2315.50,20.5696
2316.00,20.5745
2316.50,20.5745
2317.00,20.5664
2317.50,20.5571
2318.00,20.5556
2318.50,20.5625
2319.00,20.5672
2319.50,20.5564
2320.00,20.5273
2320.50,20.4936
2321.00,20.4775
2321.50,20.4962
2322.00,20.5484
2322.50,20.6144
2323.00,20.6694
2323.50,20.6981
2324.00,20.6998
2324.50,20.6819
2325.00,20.6513
2325.50,20.6128
2326.00,20.5706
2326.50,20.5280
2327.00,20.4870
2327.50,20.4500
2328.00,20.4242
2328.50,20.4193
2329.00,20.4405
2329.50,20.4816
2330.00,20.5287
2330.50,20.5659
2331.00,20.5819
2331.50,20.5721
2332.00,20.5431
2332.50,20.5128
2333.00,20.5048
2333.50,20.5348
2334.00,20.6001
2334.50,20.6814
2335.00,20.7566
2335.50,20.8145
2336.00,20.8552
2336.50,20.8804
2337.00,20.8868
2337.50,20.8706
2338.00,20.8361
2338.50,20.7963
2339.00,20.7650
2339.50,20.7493
2340.00,20.7466
2340.50,20.7460
2341.00,20.7341
2341.50,20.7044
2342.00,20.6639
2342.50,20.6289
2343.00,20.6108
2343.50,20.6077
2344.00,20.6097
2344.50,20.6103
2345.00,20.6094
2345.50,20.6086
2346.00,20.6058
2346.50,20.5986
2347.00,20.5879
2347.50,20.5774
2348.00,20.5683
2348.50,20.5607
2349.00,20.5578
2349.50,20.5664
2350.00,20.5869
2350.50,20.6079
2351.00,20.6140
2351.50,20.6006
2352.00,20.5776
2352.50,20.5582
2353.00,20.5475
2353.50,20.5415
2354.00,20.5362
2354.50,20.5346
2355.00,20.5434
2355.50,20.5627
2356.00,20.5799
2356.50,20.5774
2357.00,20.5478
2357.50,20.5019
2358.00,20.4629
2358.50,20.4517
2359.00,20.4750
2359.50,20.5217
2360.00,20.5692
2360.50,20.5979
2361.00,20.6044
2361.50,20.6003
2362.00,20.5995
2362.50,20.6052
2363.00,20.6125
2363.50,20.6175
2364.00,20.6234
2364.50,20.6348
2365.00,20.6486
2365.50,20.6543
2366.00,20.6434
2366.50,20.6196
2367.00,20.6001
2367.50,20.6034
2368.00,20.6333
2368.50,20.6736
2369.00,20.6996
2369.50,20.6974
2370.00,20.6742
2370.50,20.6526
2371.00,20.6532
2371.50,20.6794
2372.00,20.7162
2372.50,20.7428
2373.00,20.7482
2373.50,20.7354
2374.00,20.7166
2374.50,20.7041
2375.00,20.7043
2375.50,20.7163
2376.00,20.7342
2376.50,20.7493
2377.00,20.7545
2377.50,20.7470
2378.00,20.7281
2378.50,20.7017
2379.00,20.6730
2379.50,20.6496
2380.00,20.6415
2380.50,20.6563
2381.00,20.6955
2381.50,20.7516
2382.00,20.8111
2382.50,20.8604
2383.00,20.8950
2383.50,20.9235
2384.00,20.9625
2384.50,21.0218
2385.00,21.0960
2385.50,21.1706
2386.00,21.2363
2386.50,21.2962
2387.00,21.3598
2387.50,21.4313
2388.00,21.5037
2388.50,21.5638
2389.00,21.6029
2389.50,21.6266
2390.00,21.6553
2390.50,21.7134
2391.00,21.8132
2391.50,21.9478
2392.00,22.0965
2392.50,22.2371
2393.00,22.3572
2393.50,22.4589
2394.00,22.5543
2394.50,22.6562
2395.00,22.7705
2395.50,22.8974
2396.00,23.0369
2396.50,23.1907
2397.00,23.3586
2397.50,23.5370
2398.00,23.7235
2398.50,23.9216
2399.00,24.1371
2399.50,24.3703
2400.00,24.6114
2400.50,24.8451
2401.00,25.0595
2401.50,25.2492
2402.00,25.4146
2402.50,25.5612
2403.00,25.6995
2403.50,25.8424
2404.00,25.9996
2404.50,26.1779
2405.00,26.3835
2405.50,26.6202
2406.00,26.8823
2406.50,27.1533
2407.00,27.4160
2407.50,27.6620
2408.00,27.8924
2408.50,28.1122
2409.00,28.3282
2409.50,28.5478
2410.00,28.7762
2410.50,29.0130
2411.00,29.2539
2411.50,29.4971
2412.00,29.7454
2412.50,30.0013
2413.00,30.2609
2413.50,30.5156
2414.00,30.7606
2414.50,31.0007
2415.00,31.2458
2415.50,31.4997
2416.00,31.7565
2416.50,32.0071
2417.00,32.2486
2417.50,32.4873
2418.00,32.7331
2418.50,32.9943
2419.00,33.2760
2419.50,33.5789
2420.00,33.8964
2420.50,34.2135
2421.00,34.5126
2421.50,34.7827
2422.00,35.0270
2422.50,35.2612
2423.00,35.5049
2423.50,35.7710
2424.00,36.0598
2424.50,36.3615
2425.00,36.6628
2425.50,36.9535
2426.00,37.2301
2426.50,37.4967
2427.00,37.7633
2427.50,38.0402
2428.00,38.3335
2428.50,38.6423
2429.00,38.9608
2429.50,39.2814
2430.00,39.5972
2430.50,39.9026
2431.00,40.1937
2431.50,40.4695
2432.00,40.7332
2432.50,40.9909
2433.00,41.2491
2433.50,41.5113
2434.00,41.7760
2434.50,42.0382
2435.00,42.2926
2435.50,42.5386
2436.00,42.7845
2436.50,43.0443
2437.00,43.3290
2437.50,43.6389
2438.00,43.9641
2438.50,44.2914
2439.00,44.6112
2439.50,44.9187
2440.00,45.2120
2440.50,45.4908
2441.00,45.7547
2441.50,46.0030
2442.00,46.2357
2442.50,46.4560
2443.00,46.6712
2443.50,46.8897
2444.00,47.1173
2444.50,47.3581
2445.00,47.6150
2445.50,47.8887
2446.00,48.1732
2446.50,48.4570
2447.00,48.7303
2447.50,48.9914
2448.00,49.2463
2448.50,49.5028
2449.00,49.7671
2449.50,50.0422
2450.00,50.3287
2450.50,50.6233
2451.00,50.9193
2451.50,51.2091
2452.00,51.4877
2452.50,51.7547
2453.00,52.0128
2453.50,52.2651
2454.00,52.5150
2454.50,52.7654
2455.00,53.0190
2455.50,53.2796
2456.00,53.5522
2456.50,53.8410
2457.00,54.1462
2457.50,54.4628
2458.00,54.7820
2458.50,55.0950
2459.00,55.3947
2459.50,55.6773
2460.00,55.9429
2460.50,56.1960
2461.00,56.4443
2461.50,56.6945
2462.00,56.9486
2462.50,57.2040
2463.00,57.4585
2463.50,57.7127
2464.00,57.9665
2464.50,58.2165
2465.00,58.4590
2465.50,58.6958
2466.00,58.9331
2466.50,59.1747
2467.00,59.4166
2467.50,59.6468
2468.00,59.8503
2468.50,60.0127
2469.00,60.1247
2469.50,60.1840
2470.00,60.1929
2470.50,60.1516
2471.00,60.0514
2471.50,59.8743
2472.00,59.6003
2472.50,59.2141
2473.00,58.7071
2473.50,58.0761
2474.00,57.3216
2474.50,56.4472
2475.00,55.4549
2475.50,54.3421
2476.00,53.1051
2476.50,51.7457
2477.00,50.2703
2477.50,48.6854
2478.00,46.9957
2478.50,45.2093
2479.00,43.3469
2479.50,41.4451
2480.00,39.5523
2480.50,37.7185
2481.00,35.9814
2481.50,34.3531
2482.00,32.8224
2482.50,31.3714
2483.00,29.9951
2483.50,28.7057
2484.00,27.5230
2484.50,26.4613
2485.00,25.5242
2485.50,24.7080
2486.00,24.0060
2486.50,23.4099
2487.00,22.9095
2487.50,22.4922
2488.00,22.1479
2488.50,21.8730
2489.00,21.6654
2489.50,21.5151
2490.00,21.4031
2490.50,21.3101
2491.00,21.2275
2491.50,21.1573
2492.00,21.1036
2492.50,21.0666
2493.00,21.0399
2493.50,21.0132
2494.00,20.9782
2494.50,20.9356
2495.00,20.8958
2495.50,20.8706
2496.00,20.8619
2496.50,20.8599
2497.00,20.8532
2497.50,20.8397
2498.00,20.8279
2498.50,20.8269
2499.00,20.8356
2499.50,20.8413
2500.00,20.8295
2500.50,20.7936
2501.00,20.7383
2501.50,20.6765
2502.00,20.6243
2502.50,20.5976
2503.00,20.6077
2503.50,20.6523
2504.00,20.7121
2504.50,20.7612
2505.00,20.7856
2505.50,20.7927
2506.00,20.8006
2506.50,20.8195
2507.00,20.8444
2507.50,20.8615
2508.00,20.8605
2508.50,20.8397
2509.00,20.8054
2509.50,20.7667
2510.00,20.7328
2510.50,20.7111
2511.00,20.7056
2511.50,20.7167
2512.00,20.7410
2512.50,20.7723
2513.00,20.8036
2513.50,20.8293
2514.00,20.8467
2514.50,20.8560
2515.00,20.8592
2515.50,20.8582
2516.00,20.8537
2516.50,20.8459
2517.00,20.8367
2517.50,20.8294
2518.00,20.8265
2518.50,20.8276
2519.00,20.8294
2519.50,20.8287
2520.00,20.8235
2520.50,20.8126
2521.00,20.7957
2521.50,20.7737
2522.00,20.7498
2522.50,20.7304
2523.00,20.7234
2523.50,20.7357
2524.00,20.7688
2524.50,20.8161
2525.00,20.8626
2525.50,20.8907
2526.00,20.8888
2526.50,20.8589
2527.00,20.8140
2527.50,20.7699
2528.00,20.7365
2528.50,20.7151
2529.00,20.7020
2529.50,20.6924
2530.00,20.6832
2530.50,20.6732
2531.00,20.6643
2531.50,20.6622
2532.00,20.6716
2532.50,20.6912
2533.00,20.7111
2533.50,20.7205
2534.00,20.7163
2534.50,20.7047
2535.00,20.6939
2535.50,20.6871
2536.00,20.6827
2536.50,20.6787
2537.00,20.6752
2537.50,20.6724
2538.00,20.6705
2538.50,20.6698
2539.00,20.6705
2539.50,20.6702
2540.00,20.6635
2540.50,20.6482
2541.00,20.6297
2541.50,20.6185
2542.00,20.6207
2542.50,20.6305
2543.00,20.6342
2543.50,20.6221
2544.00,20.5985
2544.50,20.5771
2545.00,20.5701
2545.50,20.5803
2546.00,20.6032
2546.50,20.6301
2547.00,20.6525
2547.50,20.6653
2548.00,20.6683
2548.50,20.6627
2549.00,20.6476
2549.50,20.6220
2550.00,20.5887
2550.50,20.5531
2551.00,20.5192
2551.50,20.4868
2552.00,20.4559
2552.50,20.4337
2553.00,20.4343
2553.50,20.4695
2554.00,20.5374
2554.50,20.6196
2555.00,20.6933
2555.50,20.7452
2556.00,20.7753
2556.50,20.7897
2557.00,20.7918
2557.50,20.7812
2558.00,20.7586
2558.50,20.7292
2559.00,20.7025
2559.50,20.6860
2560.00,20.6814
2560.50,20.6835
2561.00,20.6852
2561.50,20.6829
2562.00,20.6797
2562.50,20.6811
2563.00,20.6906
2563.50,20.7079
2564.00,20.7313
2564.50,20.7579
2565.00,20.7839
2565.50,20.8049
2566.00,20.8186
2566.50,20.8253
2567.00,20.8257
2567.50,20.8191
2568.00,20.8057
2568.50,20.7895
2569.00,20.7777
2569.50,20.7767
2570.00,20.7892
2570.50,20.8142
2571.00,20.8477
2571.50,20.8833
2572.00,20.9139
2572.50,20.9337
2573.00,20.9387
2573.50,20.9255
2574.00,20.8935
2574.50,20.8494
2575.00,20.8101
2575.50,20.7940
2576.00,20.8077
2576.50,20.8387
2577.00,20.8638
2577.50,20.8665
2578.00,20.8488
2578.50,20.8277
2579.00,20.8221
2579.50,20.8398
2580.00,20.8725
2580.50,20.9016
2581.00,20.9105
2581.50,20.8962
2582.00,20.8705
2582.50,20.8513
2583.00,20.8486
2583.50,20.8595
2584.00,20.8730
2584.50,20.8809
2585.00,20.8856
2585.50,20.8957
2586.00,20.9154
2586.50,20.9368
2587.00,20.9463
2587.50,20.9382
2588.00,20.9204
2588.50,20.9071
2589.00,20.9058
2589.50,20.9129
2590.00,20.9186
2590.50,20.9154
2591.00,20.9033
2591.50,20.8895
2592.00,20.8813
2592.50,20.8796
2593.00,20.8780
2593.50,20.8714
2594.00,20.8637
2594.50,20.8677
2595.00,20.8921
2595.50,20.9334
2596.00,20.9763
2596.50,21.0057
2597.00,21.0161
2597.50,21.0126
2598.00,21.0027
2598.50,20.9893
2599.00,20.9709
2599.50,20.9474
2600.00,20.9239
2600.50,20.9076
2601.00,20.9016
2601.50,20.9039
2602.00,20.9113
2602.50,20.9228
2603.00,20.9388
2603.50,20.9565
2604.00,20.9691
2604.50,20.9683
2605.00,20.9494
2605.50,20.9131
2606.00,20.8635
2606.50,20.8069
2607.00,20.7516
2607.50,20.7059
2608.00,20.6758
2608.50,20.6625
2609.00,20.6648
2609.50,20.6806
2610.00,20.7060
2610.50,20.7343
2611.00,20.7592
2611.50,20.7800
2612.00,20.8026
2612.50,20.8323
2613.00,20.8647
2613.50,20.8844
2614.00,20.8768
2614.50,20.8426
2615.00,20.8011
2615.50,20.7775
2616.00,20.7864
2616.50,20.8224
2617.00,20.8650
2617.50,20.8927
2618.00,20.8965
2618.50,20.8840
2619.00,20.8718
2619.50,20.8723
2620.00,20.8861
2620.50,20.9048
2621.00,20.9178
2621.50,20.9171
2622.00,20.8985
2622.50,20.8641
2623.00,20.8267
2623.50,20.8055
2624.00,20.8128
2624.50,20.8448
2625.00,20.8840
2625.50,20.9122
2626.00,20.9196
2626.50,20.9058
2627.00,20.8764
2627.50,20.8422
2628.00,20.8166
2628.50,20.8106
2629.00,20.8259
2629.50,20.8529
2630.00,20.8771
2630.50,20.8893
2631.00,20.8883
2631.50,20.8782
2632.00,20.8633
2632.50,20.8476
2633.00,20.8351
2633.50,20.8273
2634.00,20.8204
2634.50,20.8077
2635.00,20.7866
2635.50,20.7619
2636.00,20.7434
2636.50,20.7379
2637.00,20.7451
2637.50,20.7597
2638.00,20.7762
2638.50,20.7914
2639.00,20.8040
2639.50,20.8140
2640.00,20.8232
2640.50,20.8340
2641.00,20.8462
2641.50,20.8573
2642.00,20.8663
2642.50,20.8765
2643.00,20.8932
2643.50,20.9172
2644.00,20.9438
2644.50,20.9671
2645.00,20.9845
2645.50,20.9969
2646.00,21.0043
2646.50,21.0033
2647.00,20.9902
2647.50,20.9648
2648.00,20.9321
2648.50,20.8998
2649.00,20.8739
2649.50,20.8549
2650.00,20.8385
2650.50,20.8197
2651.00,20.7975
2651.50,20.7767
2652.00,20.7646
2652.50,20.7671
2653.00,20.7853
2653.50,20.8143
2654.00,20.8448
2654.50,20.8664
2655.00,20.8741
2655.50,20.8709
2656.00,20.8660
2656.50,20.8663
2657.00,20.8699
2657.50,20.8665
2658.00,20.8476
2658.50,20.8154
2659.00,20.7835
2659.50,20.7665
2660.00,20.7675
2660.50,20.7767
2661.00,20.7800
2661.50,20.7701
2662.00,20.7498
2662.50,20.7294
2663.00,20.7192
2663.50,20.7250
2664.00,20.7453
2664.50,20.7727
2665.00,20.7969
2665.50,20.8104
2666.00,20.8126
2666.50,20.8108
2667.00,20.8146
2667.50,20.8278
2668.00,20.8465
2668.50,20.8635
2669.00,20.8737
2669.50,20.8766
2670.00,20.8734
2670.50,20.8642
2671.00,20.8478
2671.50,20.8262
2672.00,20.8066
2672.50,20.7982
2673.00,20.8058
2673.50,20.8267
2674.00,20.8542
2674.50,20.8818
2675.00,20.9026
2675.50,20.9096
2676.00,20.9006
2676.50,20.8827
2677.00,20.8680
2677.50,20.8646
2678.00,20.8721
2678.50,20.8856
2679.00,20.8997
2679.50,20.9102
2680.00,20.9139
2680.50,20.9109
2681.00,20.9065
2681.50,20.9070
2682.00,20.9116
2682.50,20.9102
2683.00,20.8928
2683.50,20.8588
2684.00,20.8168
2684.50,20.7750
2685.00,20.7346
2685.50,20.6943
2686.00,20.6582
2686.50,20.6358
2687.00,20.6331
2687.50,20.6474
2688.00,20.6708
2688.50,20.6976
2689.00,20.7252
2689.50,20.7500
2690.00,20.7676
2690.50,20.7771
2691.00,20.7825
2691.50,20.7888
2692.00,20.7971
2692.50,20.8039
2693.00,20.8030
2693.50,20.7903
2694.00,20.7681
2694.50,20.7459
2695.00,20.7368
2695.50,20.7487
2696.00,20.7778
2696.50,20.8085
2697.00,20.8216
2697.50,20.8076
2698.00,20.7723
2698.50,20.7297
2699.00,20.6911
2699.50,20.6604
2700.00,20.6382
2700.50,20.6268
2701.00,20.6294
2701.50,20.6468
2702.00,20.6761
2702.50,20.7137
2703.00,20.7553
2703.50,20.7935
2704.00,20.8168
2704.50,20.8148
2705.00,20.7870
2705.50,20.7461
2706.00,20.7103
2706.50,20.6929
2707.00,20.6953
2707.50,20.7106
2708.00,20.7313
2708.50,20.7557
2709.00,20.7882
2709.50,20.8311
2710.00,20.8773
2710.50,20.9113
2711.00,20.9211
2711.50,20.9109
2712.00,20.9003
2712.50,20.9069
2713.00,20.9308
2713.50,20.9554
2714.00,20.9639
2714.50,20.9525
2715.00,20.9288
2715.50,20.9040
2716.00,20.8876
2716.50,20.8851
2717.00,20.8963
2717.50,20.9135
2718.00,20.9241
2718.50,20.9174
2719.00,20.8896
2719.50,20.8448
2720.00,20.7928
2720.50,20.7463
2721.00,20.7157
2721.50,20.7050
2722.00,20.7091
2722.50,20.7170
2723.00,20.7190
2723.50,20.7121
2724.00,20.7002
2724.50,20.6891
2725.00,20.6826
2725.50,20.6793
2726.00,20.6752
2726.50,20.6689
2727.00,20.6655
2727.50,20.6739
2728.00,20.6983
2728.50,20.7310
2729.00,20.7571
2729.50,20.7664
2730.00,20.7604
2730.50,20.7485
2731.00,20.7386
2731.50,20.7309
2732.00,20.7196
2732.50,20.7005
2733.00,20.6760
2733.50,20.6557
2734.00,20.6498
2734.50,20.6624
2735.00,20.6879
2735.50,20.7130
2736.00,20.7255
2736.50,20.7224
2737.00,20.7104
2737.50,20.7002
2738.00,20.6999
2738.50,20.7129
2739.00,20.7370
2739.50,20.7640
2740.00,20.7836
2740.50,20.7913
2741.00,20.7944
2741.50,20.8056
2742.00,20.8291
2742.50,20.8540
2743.00,20.8634
2743.50,20.8491
2744.00,20.8161
2744.50,20.7754
2745.00,20.7373
2745.50,20.7096
2746.00,20.6971
2746.50,20.6992
2747.00,20.7115
2747.50,20.7302
2748.00,20.7530
2748.50,20.7758
2749.00,20.7899
2749.50,20.7854
2750.00,20.7607
2750.50,20.7282
2751.00,20.7089
2751.50,20.7178
2752.00,20.7532
2752.50,20.7980
2753.00,20.8294
2753.50,20.8322
2754.00,20.8048
2754.50,20.7601
2755.00,20.7187
2755.50,20.6986
2756.00,20.7078
2756.50,20.7415
2757.00,20.7859
2757.50,20.8237
2758.00,20.8405
2758.50,20.8317
2759.00,20.8052
2759.50,20.7771
2760.00,20.7610
2760.50,20.7592
2761.00,20.7646
2761.50,20.7694
2762.00,20.7714
2762.50,20.7741
2763.00,20.7802
2763.50,20.7883
2764.00,20.7964
2764.50,20.8061
2765.00,20.8202
2765.50,20.8378
2766.00,20.8524
2766.50,20.8583
2767.00,20.8560
2767.50,20.8517
2768.00,20.8510
2768.50,20.8540
2769.00,20.8565
2769.50,20.8527
2770.00,20.8391
2770.50,20.8140
2771.00,20.7785
2771.50,20.7390
2772.00,20.7081
2772.50,20.6977
2773.00,20.7115
2773.50,20.7413
2774.00,20.7741
2774.50,20.8004
2775.00,20.8173
2775.50,20.8251
2776.00,20.8243
2776.50,20.8149
2777.00,20.7969
2777.50,20.7696
2778.00,20.7328
2778.50,20.6901
2779.00,20.6508
2779.50,20.6265
2780.00,20.6239
2780.50,20.6394
2781.00,20.6628
2781.50,20.6847
2782.00,20.6998
2782.50,20.7059
2783.00,20.7033
2783.50,20.6951
2784.00,20.6863
2784.50,20.6788
2785.00,20.6697
2785.50,20.6550
2786.00,20.6346
2786.50,20.6134
2787.00,20.5970
2787.50,20.5900
2788.00,20.5960
2788.50,20.6169
2789.00,20.6498
2789.50,20.6849
2790.00,20.7083
2790.50,20.7081
2791.00,20.6804
2791.50,20.6319
2792.00,20.5780
2792.50,20.5359
2793.00,20.5151
2793.50,20.5138
2794.00,20.5242
2794.50,20.5393
2795.00,20.5563
2795.50,20.5743
2796.00,20.5921
2796.50,20.6084
2797.00,20.6223
2797.50,20.6319
2798.00,20.6353
2798.50,20.6312
2799.00,20.6206
2799.50,20.6089
2800.00,20.6056
2800.50,20.6190
2801.00,20.6481
2801.50,20.6788
2802.00,20.6920
2802.50,20.6769
2803.00,20.6390
2803.50,20.5945
2804.00,20.5604
2804.50,20.5466
2805.00,20.5555
2805.50,20.5846
2806.00,20.6276
2806.50,20.6760
2807.00,20.7213
2807.50,20.7557
2808.00,20.7729
2808.50,20.7707
2809.00,20.7540
2809.50,20.7323
2810.00,20.7124
2810.50,20.6936
2811.00,20.6720
2811.50,20.6476
2812.00,20.6259
2812.50,20.6133
2813.00,20.6122
2813.50,20.6210
2814.00,20.6381
2814.50,20.6631
2815.00,20.6925
2815.50,20.7173
2816.00,20.7259
2816.50,20.7143
2817.00,20.6915
2817.50,20.6765
2818.00,20.6847
2818.50,20.7185
2819.00,20.7663
2819.50,20.8105
2820.00,20.8363
2820.50,20.8372
2821.00,20.8186
2821.50,20.7969
2822.00,20.7899
2822.50,20.8049
2823.00,20.8328
2823.50,20.8557
2824.00,20.8601
2824.50,20.8447
2825.00,20.8191
2825.50,20.7943
2826.00,20.7763
2826.50,20.7653
2827.00,20.7605
2827.50,20.7637
2828.00,20.7773
2828.50,20.7999
2829.00,20.8240
2829.50,20.8393
2830.00,20.8398
2830.50,20.8294
2831.00,20.8191
2831.50,20.8187
2832.00,20.8283
2832.50,20.8399
2833.00,20.8466
2833.50,20.8482
2834.00,20.8489
2834.50,20.8517
2835.00,20.8556
2835.50,20.8582
2836.00,20.8579
2836.50,20.8533
2837.00,20.8431
2837.50,20.8268
2838.00,20.8057
2838.50,20.7809
2839.00,20.7506
2839.50,20.7114
2840.00,20.6634
2840.50,20.6179
2841.00,20.5936
2841.50,20.6045
2842.00,20.6467
2842.50,20.6989
2843.00,20.7367
2843.50,20.7482
2844.00,20.7358
2844.50,20.7065
2845.00,20.6633
2845.50,20.6079
2846.00,20.5481
2846.50,20.4977
2847.00,20.4691
2847.50,20.4660
2848.00,20.4831
2848.50,20.5118
2849.00,20.5452
2849.50,20.5797
2850.00,20.6121
2850.50,20.6387
2851.00,20.6564
2851.50,20.6638
2852.00,20.6590
2852.50,20.6397
2853.00,20.6062
2853.50,20.5680
2854.00,20.5413
2854.50,20.5391
2855.00,20.5624
2855.50,20.6010
2856.00,20.6402
2856.50,20.6666
2857.00,20.6716
2857.50,20.6521
2858.00,20.6120
2858.50,20.5602
