0.00,0.0000
0.50,-0.2805
1.00,-0.6469
1.50,-1.0708
2.00,-1.5004
2.50,-1.8795
3.00,-2.1750
3.50,-2.3899
4.00,-2.5531
4.50,-2.6942
5.00,-2.8258
5.50,-2.9426
6.00,-3.0323
6.50,-3.0893
7.00,-3.1183
7.50,-3.1313
8.00,-3.1382
8.50,-3.1417
9.00,-3.1399
9.50,-3.1343
10.00,-3.1323
10.50,-3.1425
11.00,-3.1681
11.50,-3.2058
12.00,-3.2467
12.50,-3.2798
13.00,-3.2981
13.50,-3.3033
14.00,-3.3008
14.50,-3.2896
15.00,-3.2606
15.50,-3.2094
16.00,-3.1466
16.50,-3.0915
17.00,-3.0555
17.50,-3.0374
18.00,-3.0344
18.50,-3.0517
19.00,-3.0963
19.50,-3.1648
20.00,-3.2405
20.50,-3.3043
21.00,-3.3462
21.50,-3.3652
22.00,-3.3638
22.50,-3.3453
23.00,-3.3161
23.50,-3.2884
24.00,-3.2776
24.50,-3.2954
25.00,-3.3442
25.50,-3.4148
26.00,-3.4899
26.50,-3.5515
27.00,-3.5890
27.50,-3.6033
28.00,-3.6067
28.50,-3.6161
29.00,-3.6428
29.50,-3.6846
30.00,-3.7288
30.50,-3.7625
31.00,-3.7841
31.50,-3.8029
32.00,-3.8308
32.50,-3.8708
33.00,-3.9137
33.50,-3.9454
34.00,-3.9597
34.50,-3.9631
35.00,-3.9683
35.50,-3.9851
36.00,-4.0161
36.50,-4.0577
37.00,-4.1030
37.50,-4.1430
38.00,-4.1686
38.50,-4.1752
39.00,-4.1653
39.50,-4.1474
40.00,-4.1297
40.50,-4.1161
41.00,-4.1054
41.50,-4.0953
42.00,-4.0835
42.50,-4.0669
43.00,-4.0439
43.50,-4.0176
44.00,-3.9954
44.50,-3.9832
45.00,-3.9786
45.50,-3.9717
46.00,-3.9535
46.50,-3.9254
47.00,-3.9010
47.50,-3.8955
48.00,-3.9111
48.50,-3.9350
49.00,-3.9505
49.50,-3.9509
50.00,-3.9399
50.50,-3.9234
51.00,-3.9041
51.50,-3.8855
52.00,-3.8766
52.50,-3.8869
53.00,-3.9178
53.50,-3.9595
54.00,-3.9984
54.50,-4.0275
55.00,-4.0481
55.50,-4.0644
56.00,-4.0768
56.50,-4.0822
57.00,-4.0786
57.50,-4.0677
58.00,-4.0517
58.50,-4.0320
59.00,-4.0104
59.50,-3.9915
60.00,-3.9803
60.50,-3.9765
61.00,-3.9755
61.50,-3.9746
62.00,-3.9761
62.50,-3.9833
63.00,-3.9941
63.50,-4.0001
64.00,-3.9939
64.50,-3.9747
65.00,-3.9490
65.50,-3.9250
66.00,-3.9085
66.50,-3.9008
67.00,-3.8995
67.50,-3.8995
68.00,-3.8950
68.50,-3.8816
69.00,-3.8580
69.50,-3.8279
70.00,-3.7999
70.50,-3.7844
71.00,-3.7868
71.50,-3.8031
72.00,-3.8218
72.50,-3.8315
73.00,-3.8282
73.50,-3.8168
74.00,-3.8062
74.50,-3.8023
75.00,-3.8047
75.50,-3.8077
76.00,-3.8068
76.50,-3.8053
77.00,-3.8118
77.50,-3.8319
78.00,-3.8611
78.50,-3.8859
79.00,-3.8946
79.50,-3.8846
80.00,-3.8620
80.50,-3.8356
81.00,-3.8124
81.50,-3.7982
82.00,-3.7961
82.50,-3.8044
83.00,-3.8145
83.50,-3.8157
84.00,-3.8019
84.50,-3.7777
85.00,-3.7566
85.50,-3.7518
86.00,-3.7652
86.50,-3.7845
87.00,-3.7917
87.50,-3.7777
88.00,-3.7497
88.50,-3.7232
89.00,-3.7092
89.50,-3.7075
90.00,-3.7107
90.50,-3.7113
91.00,-3.7045
91.50,-3.6895
92.00,-3.6714
92.50,-3.6604
93.00,-3.6653
93.50,-3.6848
94.00,-3.7103
94.50,-3.7354
95.00,-3.7624
95.50,-3.7980
96.00,-3.8409
96.50,-3.8790
97.00,-3.8979
97.50,-3.8928
98.00,-3.8728
98.50,-3.8539
99.00,-3.8487
99.50,-3.8574
100.00,-3.8678
100.50,-3.8641
101.00,-3.8412
101.50,-3.8096
102.00,-3.7867
102.50,-3.7829
103.00,-3.7974
103.50,-3.8229
104.00,-3.8504
104.50,-3.8713
105.00,-3.8795
105.50,-3.8744
106.00,-3.8615
106.50,-3.8480
107.00,-3.8363
107.50,-3.8240
108.00,-3.8091
108.50,-3.7967
109.00,-3.7963
109.50,-3.8119
110.00,-3.8356
110.50,-3.8505
111.00,-3.8435
111.50,-3.8163
112.00,-3.7840
112.50,-3.7655
113.00,-3.7740
113.50,-3.8132
114.00,-3.8757
114.50,-3.9433
115.00,-3.9956
115.50,-4.0237
116.00,-4.0356
116.50,-4.0482
117.00,-4.0724
117.50,-4.1067
118.00,-4.1426
118.50,-4.1743
119.00,-4.2007
119.50,-4.2216
120.00,-4.2322
120.50,-4.2257
121.00,-4.2007
121.50,-4.1659
122.00,-4.1365
122.50,-4.1259
123.00,-4.1375
123.50,-4.1633
124.00,-4.1896
124.50,-4.2053
125.00,-4.2096
125.50,-4.2090
126.00,-4.2082
126.50,-4.2055
127.00,-4.1971
127.50,-4.1847
128.00,-4.1755
128.50,-4.1767
129.00,-4.1919
129.50,-4.2197
130.00,-4.2537
130.50,-4.2823
131.00,-4.2930
131.50,-4.2821
132.00,-4.2596
132.50,-4.2427
133.00,-4.2414
133.50,-4.2507
134.00,-4.2572
134.50,-4.2536
135.00,-4.2460
135.50,-4.2506
136.00,-4.2803
136.50,-4.3339
137.00,-4.3947
137.50,-4.4398
138.00,-4.4540
138.50,-4.4378
139.00,-4.4052
139.50,-4.3729
140.00,-4.3517
140.50,-4.3445
141.00,-4.3503
141.50,-4.3693
142.00,-4.4033
142.50,-4.4523
143.00,-4.5087
143.50,-4.5574
144.00,-4.5811
144.50,-4.5700
145.00,-4.5284
145.50,-4.4732
146.00,-4.4258
146.50,-4.4013
147.00,-4.3999
147.50,-4.4091
148.00,-4.4150
148.50,-4.4149
149.00,-4.4164
149.50,-4.4261
150.00,-4.4378
150.50,-4.4378
151.00,-4.4175
151.50,-4.3816
152.00,-4.3450
152.50,-4.3234
153.00,-4.3241
153.50,-4.3426
154.00,-4.3663
154.50,-4.3841
155.00,-4.3936
155.50,-4.4014
156.00,-4.4158
156.50,-4.4394
157.00,-4.4673
157.50,-4.4911
158.00,-4.5048
158.50,-4.5064
159.00,-4.4961
159.50,-4.4761
160.00,-4.4512
160.50,-4.4277
161.00,-4.4088
161.50,-4.3934
162.00,-4.3798
162.50,-4.3689
163.00,-4.3641
163.50,-4.3663
164.00,-4.3731
164.50,-4.3820
165.00,-4.3926
165.50,-4.4049
166.00,-4.4171
166.50,-4.4245
167.00,-4.4228
167.50,-4.4109
168.00,-4.3911
168.50,-4.3683
169.00,-4.3483
169.50,-4.3372
170.00,-4.3397
170.50,-4.3567
171.00,-4.3860
171.50,-4.4249
172.00,-4.4736
172.50,-4.5333
173.00,-4.5999
173.50,-4.6624
174.00,-4.7074
174.50,-4.7284
175.00,-4.7275
175.50,-4.7114
176.00,-4.6861
176.50,-4.6571
177.00,-4.6329
177.50,-4.6224
178.00,-4.6284
178.50,-4.6425
179.00,-4.6508
179.50,-4.6433
180.00,-4.6207
180.50,-4.5917
181.00,-4.5658
181.50,-4.5470
182.00,-4.5347
182.50,-4.5271
183.00,-4.5246
183.50,-4.5290
184.00,-4.5400
184.50,-4.5517
185.00,-4.5552
185.50,-4.5471
186.00,-4.5362
186.50,-4.5370
187.00,-4.5538
187.50,-4.5726
188.00,-4.5719
188.50,-4.5416
189.00,-4.4914
189.50,-4.4428
190.00,-4.4143
190.50,-4.4136
191.00,-4.4363
191.50,-4.4699
192.00,-4.4995
192.50,-4.5147
193.00,-4.5162
193.50,-4.5145
194.00,-4.5221
194.50,-4.5442
195.00,-4.5749
195.50,-4.5997
196.00,-4.6041
196.50,-4.5822
197.00,-4.5415
197.50,-4.5005
198.00,-4.4777
198.50,-4.4824
199.00,-4.5096
199.50,-4.5431
200.00,-4.5638
200.50,-4.5601
201.00,-4.5368
201.50,-4.5141
202.00,-4.5134
202.50,-4.5427
203.00,-4.5911
203.50,-4.6380
204.00,-4.6661
204.50,-4.6686
205.00,-4.6487
205.50,-4.6153
206.00,-4.5800
206.50,-4.5526
207.00,-4.5380
207.50,-4.5339
208.00,-4.5335
208.50,-4.5316
209.00,-4.5280
209.50,-4.5269
210.00,-4.5315
210.50,-4.5423
211.00,-4.5568
211.50,-4.5702
212.00,-4.5766
212.50,-4.5710
213.00,-4.5521
213.50,-4.5241
214.00,-4.4932
214.50,-4.4645
215.00,-4.4404
215.50,-4.4234
216.00,-4.4173
216.50,-4.4226
217.00,-4.4332
217.50,-4.4396
218.00,-4.4378
218.50,-4.4319
219.00,-4.4274
219.50,-4.4234
220.00,-4.4145
220.50,-4.3982
221.00,-4.3804
221.50,-4.3713
222.00,-4.3777
222.50,-4.3988
223.00,-4.4284
223.50,-4.4587
224.00,-4.4806
224.50,-4.4843
225.00,-4.4632
225.50,-4.4209
226.00,-4.3751
226.50,-4.3493
227.00,-4.3564
227.50,-4.3883
228.00,-4.4210
228.50,-4.4325
229.00,-4.4173
229.50,-4.3857
230.00,-4.3522
230.50,-4.3238
231.00,-4.3000
231.50,-4.2787
232.00,-4.2617
232.50,-4.2532
233.00,-4.2537
233.50,-4.2573
234.00,-4.2580
234.50,-4.2561
235.00,-4.2579
235.50,-4.2668
236.00,-4.2782
236.50,-4.2854
237.00,-4.2892
237.50,-4.2998
238.00,-4.3290
238.50,-4.3789
239.00,-4.4388
239.50,-4.4909
240.00,-4.5205
240.50,-4.5241
241.00,-4.5096
241.50,-4.4906
242.00,-4.4777
242.50,-4.4754
243.00,-4.4831
243.50,-4.4973
244.00,-4.5133
244.50,-4.5272
245.00,-4.5384
245.50,-4.5494
246.00,-4.5606
246.50,-4.5681
247.00,-4.5650
247.50,-4.5486
248.00,-4.5255
248.50,-4.5089
249.00,-4.5093
249.50,-4.5248
250.00,-4.5439
250.50,-4.5573
251.00,-4.5677
251.50,-4.5858
252.00,-4.6178
252.50,-4.6558
253.00,-4.6821
253.50,-4.6826
254.00,-4.6571
254.50,-4.6190
255.00,-4.5851
255.50,-4.5640
256.00,-4.5544
256.50,-4.5503
257.00,-4.5449
257.50,-4.5330
258.00,-4.5132
258.50,-4.4902
259.00,-4.4750
259.50,-4.4783
260.00,-4.5020
260.50,-4.5394
261.00,-4.5822
261.50,-4.6263
262.00,-4.6698
262.50,-4.7065
263.00,-4.7253
263.50,-4.7182
264.00,-4.6889
264.50,-4.6517
265.00,-4.6219
265.50,-4.6056
266.00,-4.5979
266.50,-4.5895
267.00,-4.5752
267.50,-4.5583
268.00,-4.5466
268.50,-4.5444
269.00,-4.5475
269.50,-4.5463
270.00,-4.5344
270.50,-4.5148
271.00,-4.4987
271.50,-4.4979
272.00,-4.5176
272.50,-4.5554
273.00,-4.6028
273.50,-4.6482
274.00,-4.6791
274.50,-4.6876
275.00,-4.6760
275.50,-4.6577
276.00,-4.6505
276.50,-4.6657
277.00,-4.7004
277.50,-4.7392
278.00,-4.7632
278.50,-4.7604
279.00,-4.7343
279.50,-4.7029
280.00,-4.6879
280.50,-4.6998
281.00,-4.7311
281.50,-4.7660
282.00,-4.7945
282.50,-4.8173
283.00,-4.8381
283.50,-4.8578
284.00,-4.8778
284.50,-4.9025
285.00,-4.9349
285.50,-4.9692
286.00,-4.9933
286.50,-5.0008
287.00,-4.9966
287.50,-4.9897
288.00,-4.9831
288.50,-4.9718
289.00,-4.9522
289.50,-4.9286
290.00,-4.9114
290.50,-4.9078
291.00,-4.9163
291.50,-4.9288
292.00,-4.9389
292.50,-4.9462
293.00,-4.9544
293.50,-4.9645
294.00,-4.9731
294.50,-4.9763
295.00,-4.9745
295.50,-4.9716
296.00,-4.9701
296.50,-4.9696
297.00,-4.9694
297.50,-4.9709
298.00,-4.9756
298.50,-4.9820
299.00,-4.9869
299.50,-4.9899
300.00,-4.9954
300.50,-5.0085
301.00,-5.0300
301.50,-5.0556
302.00,-5.0806
302.50,-5.1022
303.00,-5.1184
303.50,-5.1267
304.00,-5.1259
304.50,-5.1185
305.00,-5.1116
305.50,-5.1136
306.00,-5.1290
306.50,-5.1555
307.00,-5.1822
307.50,-5.1950
308.00,-5.1851
308.50,-5.1555
309.00,-5.1192
309.50,-5.0881
310.00,-5.0663
310.50,-5.0510
311.00,-5.0405
311.50,-5.0367
312.00,-5.0401
312.50,-5.0462
313.00,-5.0470
313.50,-5.0374
314.00,-5.0183
314.50,-4.9950
315.00,-4.9733
315.50,-4.9570
316.00,-4.9460
316.50,-4.9370
317.00,-4.9256
317.50,-4.9103
318.00,-4.8941
318.50,-4.8815
319.00,-4.8749
319.50,-4.8744
320.00,-4.8802
320.50,-4.8929
321.00,-4.9111
321.50,-4.9296
322.00,-4.9426
322.50,-4.9467
323.00,-4.9431
323.50,-4.9365
324.00,-4.9356
324.50,-4.9488
325.00,-4.9763
325.50,-5.0055
326.00,-5.0168
326.50,-4.9993
327.00,-4.9611
327.50,-4.9239
328.00,-4.9069
328.50,-4.9158
329.00,-4.9420
329.50,-4.9709
330.00,-4.9899
330.50,-4.9942
331.00,-4.9860
331.50,-4.9701
332.00,-4.9505
332.50,-4.9302
333.00,-4.9142
333.50,-4.9111
334.00,-4.9280
334.50,-4.9639
335.00,-5.0078
335.50,-5.0448
336.00,-5.0647
336.50,-5.0658
337.00,-5.0542
337.50,-5.0379
338.00,-5.0231
338.50,-5.0123
339.00,-5.0057
339.50,-5.0025
340.00,-5.0009
340.50,-4.9973
341.00,-4.9870
341.50,-4.9705
342.00,-4.9563
342.50,-4.9564
343.00,-4.9753
343.50,-5.0049
344.00,-5.0298
344.50,-5.0388
345.00,-5.0287
345.50,-5.0030
346.00,-4.9696
346.50,-4.9395
347.00,-4.9240
347.50,-4.9295
348.00,-4.9551
348.50,-4.9944
349.00,-5.0384
349.50,-5.0791
350.00,-5.1119
350.50,-5.1352
351.00,-5.1485
351.50,-5.1492
352.00,-5.1339
352.50,-5.1034
353.00,-5.0661
353.50,-5.0334
354.00,-5.0116
354.50,-4.9966
355.00,-4.9787
355.50,-4.9543
356.00,-4.9311
356.50,-4.9219
357.00,-4.9345
357.50,-4.9673
358.00,-5.0126
358.50,-5.0609
359.00,-5.1034
359.50,-5.1347
360.00,-5.1530
360.50,-5.1592
361.00,-5.1539
361.50,-5.1386
362.00,-5.1198
362.50,-5.1091
363.00,-5.1171
363.50,-5.1443
364.00,-5.1789
364.50,-5.2043
365.00,-5.2086
365.50,-5.1912
366.00,-5.1614
366.50,-5.1318
367.00,-5.1108
367.50,-5.0995
368.00,-5.0935
368.50,-5.0881
369.00,-5.0807
369.50,-5.0701
370.00,-5.0554
370.50,-5.0352
371.00,-5.0100
371.50,-4.9842
372.00,-4.9650
372.50,-4.9604
373.00,-4.9744
373.50,-5.0031
374.00,-5.0321
374.50,-5.0428
375.00,-5.0259
375.50,-4.9900
376.00,-4.9546
376.50,-4.9348
377.00,-4.9317
377.50,-4.9359
378.00,-4.9360
378.50,-4.9253
379.00,-4.9033
379.50,-4.8756
380.00,-4.8510
380.50,-4.8361
381.00,-4.8325
381.50,-4.8390
382.00,-4.8551
382.50,-4.8791
383.00,-4.9052
383.50,-4.9243
384.00,-4.9300
384.50,-4.9227
385.00,-4.9069
385.50,-4.8878
386.00,-4.8700
386.50,-4.8577
387.00,-4.8536
387.50,-4.8558
388.00,-4.8578
388.50,-4.8525
389.00,-4.8359
389.50,-4.8092
390.00,-4.7774
390.50,-4.7473
391.00,-4.7262
391.50,-4.7190
392.00,-4.7260
392.50,-4.7446
393.00,-4.7719
393.50,-4.8043
394.00,-4.8356
394.50,-4.8581
395.00,-4.8698
395.50,-4.8770
396.00,-4.8883
396.50,-4.9048
397.00,-4.9174
397.50,-4.9161
398.00,-4.9001
398.50,-4.8802
399.00,-4.8701
399.50,-4.8748
400.00,-4.8859
400.50,-4.8885
401.00,-4.8748
401.50,-4.8502
402.00,-4.8280
402.50,-4.8178
403.00,-4.8197
403.50,-4.8287
404.00,-4.8415
404.50,-4.8579
405.00,-4.8764
405.50,-4.8904
406.00,-4.8917
406.50,-4.8769
407.00,-4.8500
407.50,-4.8181
408.00,-4.7858
408.50,-4.7547
409.00,-4.7260
409.50,-4.7013
410.00,-4.6816
410.50,-4.6678
411.00,-4.6624
411.50,-4.6674
412.00,-4.6810
412.50,-4.6961
413.00,-4.7061
413.50,-4.7105
414.00,-4.7146
414.50,-4.7224
415.00,-4.7312
415.50,-4.7352
416.00,-4.7325
416.50,-4.7290
417.00,-4.7329
417.50,-4.7459
418.00,-4.7612
418.50,-4.7662
419.00,-4.7512
419.50,-4.7151
420.00,-4.6679
420.50,-4.6267
421.00,-4.6056
421.50,-4.6080
422.00,-4.6264
422.50,-4.6504
423.00,-4.6754
423.50,-4.7006
424.00,-4.7245
424.50,-4.7428
425.00,-4.7524
425.50,-4.7544
426.00,-4.7525
426.50,-4.7494
427.00,-4.7466
427.50,-4.7456
428.00,-4.7488
428.50,-4.7579
429.00,-4.7718
429.50,-4.7845
430.00,-4.7873
430.50,-4.7748
431.00,-4.7488
431.50,-4.7192
432.00,-4.6975
432.50,-4.6903
433.00,-4.6958
433.50,-4.7064
434.00,-4.7147
434.50,-4.7155
435.00,-4.7054
435.50,-4.6828
436.00,-4.6507
436.50,-4.6209
437.00,-4.6092
437.50,-4.6245
438.00,-4.6607
438.50,-4.7003
439.00,-4.7272
439.50,-4.7363
440.00,-4.7338
440.50,-4.7286
441.00,-4.7254
441.50,-4.7214
442.00,-4.7115
442.50,-4.6935
443.00,-4.6709
443.50,-4.6524
444.00,-4.6465
444.50,-4.6554
445.00,-4.6725
445.50,-4.6882
446.00,-4.6981
446.50,-4.7062
447.00,-4.7194
447.50,-4.7387
448.00,-4.7575
448.50,-4.7667
449.00,-4.7619
449.50,-4.7465
450.00,-4.7276
450.50,-4.7117
451.00,-4.7005
451.50,-4.6922
452.00,-4.6840
452.50,-4.6742
453.00,-4.6630
453.50,-4.6507
454.00,-4.6387
454.50,-4.6286
455.00,-4.6237
455.50,-4.6278
456.00,-4.6430
456.50,-4.6687
457.00,-4.6997
457.50,-4.7259
458.00,-4.7353
458.50,-4.7210
459.00,-4.6860
459.50,-4.6422
460.00,-4.6022
460.50,-4.5730
461.00,-4.5548
461.50,-4.5462
462.00,-4.5465
462.50,-4.5547
463.00,-4.5659
463.50,-4.5719
464.00,-4.5674
464.50,-4.5534
465.00,-4.5347
465.50,-4.5155
466.00,-4.4997
466.50,-4.4917
467.00,-4.4961
467.50,-4.5147
468.00,-4.5452
468.50,-4.5808
469.00,-4.6130
469.50,-4.6346
470.00,-4.6443
470.50,-4.6486
471.00,-4.6568
471.50,-4.6746
472.00,-4.7009
472.50,-4.7314
473.00,-4.7624
473.50,-4.7911
474.00,-4.8142
474.50,-4.8272
475.00,-4.8262
475.50,-4.8107
476.00,-4.7839
476.50,-4.7523
477.00,-4.7227
477.50,-4.6996
478.00,-4.6839
478.50,-4.6747
479.00,-4.6713
479.50,-4.6751
480.00,-4.6884
480.50,-4.7113
481.00,-4.7382
481.50,-4.7601
482.00,-4.7696
482.50,-4.7659
483.00,-4.7557
483.50,-4.7472
484.00,-4.7447
484.50,-4.7461
485.00,-4.7478
485.50,-4.7496
486.00,-4.7561
486.50,-4.7727
487.00,-4.8000
487.50,-4.8299
488.00,-4.8500
488.50,-4.8525
489.00,-4.8406
489.50,-4.8259
490.00,-4.8179
490.50,-4.8170
491.00,-4.8165
491.50,-4.8094
492.00,-4.7947
492.50,-4.7789
493.00,-4.7728
493.50,-4.7840
494.00,-4.8108
494.50,-4.8417
495.00,-4.8649
495.50,-4.8771
496.00,-4.8864
496.50,-4.9046
497.00,-4.9358
497.50,-4.9705
498.00,-4.9929
498.50,-4.9934
499.00,-4.9769
499.50,-4.9568
500.00,-4.9444
500.50,-4.9429
501.00,-4.9499
501.50,-4.9616
502.00,-4.9732
502.50,-4.9791
503.00,-4.9760
503.50,-4.9656
504.00,-4.9546
504.50,-4.9503
505.00,-4.9545
505.50,-4.9629
506.00,-4.9701
506.50,-4.9762
507.00,-4.9874
507.50,-5.0087
508.00,-5.0362
508.50,-5.0589
509.00,-5.0680
509.50,-5.0660
510.00,-5.0654
510.50,-5.0796
511.00,-5.1156
511.50,-5.1725
512.00,-5.2443
512.50,-5.3219
513.00,-5.3939
513.50,-5.4499
514.00,-5.4851
514.50,-5.5023
515.00,-5.5091
515.50,-5.5124
516.00,-5.5157
516.50,-5.5185
517.00,-5.5188
517.50,-5.5144
518.00,-5.5031
518.50,-5.4817
519.00,-5.4471
519.50,-5.4003
520.00,-5.3473
520.50,-5.2949
521.00,-5.2437
521.50,-5.1883
522.00,-5.1224
522.50,-5.0473
523.00,-4.9734
523.50,-4.9135
524.00,-4.8734
524.50,-4.8478
525.00,-4.8264
525.50,-4.8027
526.00,-4.7779
526.50,-4.7577
527.00,-4.7482
527.50,-4.7538
528.00,-4.7764
528.50,-4.8140
529.00,-4.8615
529.50,-4.9114
530.00,-4.9559
530.50,-4.9891
531.00,-5.0088
531.50,-5.0184
532.00,-5.0251
532.50,-5.0354
533.00,-5.0505
533.50,-5.0675
534.00,-5.0855
534.50,-5.1089
535.00,-5.1437
535.50,-5.1915
536.00,-5.2485
536.50,-5.3082
537.00,-5.3647
537.50,-5.4132
538.00,-5.4499
538.50,-5.4748
539.00,-5.4916
539.50,-5.5052
540.00,-5.5180
540.50,-5.5297
541.00,-5.5396
541.50,-5.5472
542.00,-5.5529
542.50,-5.5581
543.00,-5.5653
543.50,-5.5773
544.00,-5.5961
544.50,-5.6212
545.00,-5.6485
545.50,-5.6702
546.00,-5.6793
546.50,-5.6753
547.00,-5.6653
547.50,-5.6581
548.00,-5.6579
548.50,-5.6631
549.00,-5.6695
549.50,-5.6738
550.00,-5.6737
550.50,-5.6687
551.00,-5.6611
551.50,-5.6550
552.00,-5.6533
552.50,-5.6560
553.00,-5.6593
553.50,-5.6594
554.00,-5.6549
554.50,-5.6476
555.00,-5.6402
555.50,-5.6342
556.00,-5.6300
556.50,-5.6272
557.00,-5.6228
557.50,-5.6109
558.00,-5.5874
558.50,-5.5571
559.00,-5.5365
559.50,-5.5441
560.00,-5.5855
560.50,-5.6476
561.00,-5.7096
561.50,-5.7572
562.00,-5.7877
562.50,-5.8025
563.00,-5.8013
563.50,-5.7851
564.00,-5.7603
564.50,-5.7377
565.00,-5.7260
565.50,-5.7261
566.00,-5.7318
566.50,-5.7351
567.00,-5.7313
567.50,-5.7209
568.00,-5.7074
568.50,-5.6952
569.00,-5.6878
569.50,-5.6879
570.00,-5.6958
570.50,-5.7086
571.00,-5.7220
571.50,-5.7323
572.00,-5.7390
572.50,-5.7426
573.00,-5.7438
573.50,-5.7435
574.00,-5.7426
574.50,-5.7408
575.00,-5.7353
575.50,-5.7236
576.00,-5.7082
576.50,-5.6968
577.00,-5.6959
577.50,-5.7044
578.00,-5.7131
578.50,-5.7111
579.00,-5.6942
579.50,-5.6670
580.00,-5.6395
580.50,-5.6189
581.00,-5.6052
581.50,-5.5934
582.00,-5.5793
582.50,-5.5643
583.00,-5.5538
583.50,-5.5534
584.00,-5.5635
584.50,-5.5785
585.00,-5.5901
585.50,-5.5917
586.00,-5.5823
586.50,-5.5674
587.00,-5.5574
587.50,-5.5616
588.00,-5.5825
588.50,-5.6132
589.00,-5.6419
589.50,-5.6586
590.00,-5.6597
590.50,-5.6460
591.00,-5.6206
591.50,-5.5894
592.00,-5.5618
592.50,-5.5484
593.00,-5.5524
593.50,-5.5668
594.00,-5.5811
594.50,-5.5889
595.00,-5.5909
595.50,-5.5908
596.00,-5.5907
596.50,-5.5907
597.00,-5.5920
597.50,-5.5978
598.00,-5.6116
598.50,-5.6335
599.00,-5.6596
599.50,-5.6842
600.00,-5.7057
600.50,-5.7288
601.00,-5.7611
601.50,-5.8044
602.00,-5.8510
602.50,-5.8875
603.00,-5.9039
603.50,-5.9008
604.00,-5.8900
604.50,-5.8869
605.00,-5.9000
605.50,-5.9255
606.00,-5.9510
606.50,-5.9656
607.00,-5.9681
607.50,-5.9654
608.00,-5.9652
608.50,-5.9682
609.00,-5.9676
609.50,-5.9576
610.00,-5.9402
610.50,-5.9253
611.00,-5.9210
611.50,-5.9272
612.00,-5.9353
612.50,-5.9357
613.00,-5.9254
613.50,-5.9100
614.00,-5.8994
614.50,-5.8990
615.00,-5.9041
615.50,-5.9026
616.00,-5.8851
616.50,-5.8549
617.00,-5.8257
617.50,-5.8109
618.00,-5.8121
618.50,-5.8206
619.00,-5.8269
619.50,-5.8297
620.00,-5.8350
620.50,-5.8468
621.00,-5.8621
621.50,-5.8739
622.00,-5.8793
622.50,-5.8824
623.00,-5.8890
623.50,-5.9002
624.00,-5.9122
624.50,-5.9213
625.00,-5.9283
625.50,-5.9359
626.00,-5.9431
626.50,-5.9456
627.00,-5.9413
627.50,-5.9340
628.00,-5.9311
628.50,-5.9363
629.00,-5.9466
629.50,-5.9543
630.00,-5.9525
630.50,-5.9385
631.00,-5.9150
631.50,-5.8885
632.00,-5.8673
632.50,-5.8581
633.00,-5.8623
633.50,-5.8743
634.00,-5.8861
634.50,-5.8934
635.00,-5.8994
635.50,-5.9114
636.00,-5.9328
636.50,-5.9586
637.00,-5.9784
637.50,-5.9829
638.00,-5.9696
638.50,-5.9430
639.00,-5.9114
639.50,-5.8817
640.00,-5.8552
640.50,-5.8287
641.00,-5.7990
641.50,-5.7654
642.00,-5.7298
642.50,-5.6935
643.00,-5.6555
643.50,-5.6157
644.00,-5.5766
644.50,-5.5438
645.00,-5.5209
645.50,-5.5069
646.00,-5.4972
646.50,-5.4872
647.00,-5.4746
647.50,-5.4588
648.00,-5.4413
648.50,-5.4247
649.00,-5.4114
649.50,-5.4004
650.00,-5.3876
650.50,-5.3689
651.00,-5.3442
651.50,-5.3174
652.00,-5.2933
652.50,-5.2759
653.00,-5.2674
653.50,-5.2669
654.00,-5.2688
654.50,-5.2638
655.00,-5.2447
655.50,-5.2134
656.00,-5.1798
656.50,-5.1552
657.00,-5.1439
657.50,-5.1415
658.00,-5.1395
658.50,-5.1314
659.00,-5.1175
659.50,-5.1049
660.00,-5.1032
660.50,-5.1166
661.00,-5.1400
661.50,-5.1611
662.00,-5.1679
662.50,-5.1555
663.00,-5.1280
663.50,-5.0935
664.00,-5.0594
664.50,-5.0306
665.00,-5.0103
665.50,-4.9996
666.00,-4.9945
666.50,-4.9866
667.00,-4.9676
667.50,-4.9350
668.00,-4.8921
668.50,-4.8441
669.00,-4.7958
669.50,-4.7523
670.00,-4.7180
670.50,-4.6923
671.00,-4.6675
671.50,-4.6337
672.00,-4.5873
672.50,-4.5322
673.00,-4.4746
673.50,-4.4168
674.00,-4.3586
674.50,-4.3007
675.00,-4.2459
675.50,-4.1965
676.00,-4.1522
676.50,-4.1108
677.00,-4.0698
677.50,-4.0311
678.00,-4.0019
678.50,-3.9914
679.00,-4.0041
679.50,-4.0349
680.00,-4.0712
680.50,-4.0991
681.00,-4.1115
681.50,-4.1110
682.00,-4.1063
682.50,-4.1065
683.00,-4.1171
683.50,-4.1388
684.00,-4.1681
684.50,-4.1964
685.00,-4.2126
685.50,-4.2103
686.00,-4.1944
686.50,-4.1811
687.00,-4.1887
687.50,-4.2265
688.00,-4.2895
688.50,-4.3655
689.00,-4.4430
689.50,-4.5143
690.00,-4.5711
690.50,-4.6051
691.00,-4.6116
691.50,-4.5946
692.00,-4.5662
692.50,-4.5404
693.00,-4.5286
693.50,-4.5362
694.00,-4.5619
694.50,-4.5963
695.00,-4.6274
695.50,-4.6467
696.00,-4.6553
696.50,-4.6597
697.00,-4.6636
697.50,-4.6643
698.00,-4.6549
698.50,-4.6323
699.00,-4.6001
699.50,-4.5664
700.00,-4.5379
700.50,-4.5171
701.00,-4.5030
701.50,-4.4944
702.00,-4.4905
702.50,-4.4892
703.00,-4.4850
703.50,-4.4698
704.00,-4.4393
704.50,-4.3980
705.00,-4.3590
705.50,-4.3344
706.00,-4.3263
706.50,-4.3265
707.00,-4.3265
707.50,-4.3261
708.00,-4.3304
708.50,-4.3385
709.00,-4.3393
709.50,-4.3205
710.00,-4.2806
710.50,-4.2323
711.00,-4.1929
711.50,-4.1737
712.00,-4.1751
712.50,-4.1895
713.00,-4.2073
713.50,-4.2230
714.00,-4.2360
714.50,-4.2480
715.00,-4.2596
715.50,-4.2693
716.00,-4.2757
716.50,-4.2806
717.00,-4.2881
717.50,-4.2998
718.00,-4.3118
718.50,-4.3181
719.00,-4.3184
719.50,-4.3191
720.00,-4.3269
720.50,-4.3409
721.00,-4.3535
721.50,-4.3571
722.00,-4.3516
722.50,-4.3437
723.00,-4.3416
723.50,-4.3490
724.00,-4.3643
724.50,-4.3830
725.00,-4.4000
725.50,-4.4091
726.00,-4.4037
726.50,-4.3806
727.00,-4.3439
727.50,-4.3043
728.00,-4.2748
728.50,-4.2629
729.00,-4.2665
729.50,-4.2751
730.00,-4.2782
730.50,-4.2710
731.00,-4.2556
731.50,-4.2359
732.00,-4.2164
732.50,-4.2024
733.00,-4.1996
733.50,-4.2110
734.00,-4.2357
734.50,-4.2697
735.00,-4.3086
735.50,-4.3467
736.00,-4.3781
736.50,-4.3985
737.00,-4.4091
737.50,-4.4155
738.00,-4.4225
738.50,-4.4296
739.00,-4.4308
739.50,-4.4196
740.00,-4.3937
740.50,-4.3586
741.00,-4.3243
741.50,-4.3002
742.00,-4.2895
742.50,-4.2891
743.00,-4.2941
743.50,-4.3026
744.00,-4.3154
744.50,-4.3335
745.00,-4.3547
745.50,-4.3744
746.00,-4.3882
746.50,-4.3946
747.00,-4.3959
747.50,-4.3965
748.00,-4.3997
748.50,-4.4053
749.00,-4.4082
749.50,-4.4019
750.00,-4.3850
750.50,-4.3641
751.00,-4.3508
751.50,-4.3535
752.00,-4.3690
752.50,-4.3848
753.00,-4.3881
753.50,-4.3747
754.00,-4.3517
754.50,-4.3300
755.00,-4.3162
755.50,-4.3097
756.00,-4.3072
756.50,-4.3077
757.00,-4.3137
757.50,-4.3278
758.00,-4.3492
758.50,-4.3725
759.00,-4.3882
759.50,-4.3863
760.00,-4.3621
760.50,-4.3207
761.00,-4.2752
761.50,-4.2398
762.00,-4.2218
762.50,-4.2204
763.00,-4.2301
763.50,-4.2445
764.00,-4.2592
764.50,-4.2715
765.00,-4.2807
765.50,-4.2892
766.00,-4.3001
766.50,-4.3134
767.00,-4.3239
767.50,-4.3272
768.00,-4.3256
768.50,-4.3285
769.00,-4.3412
769.50,-4.3569
770.00,-4.3617
770.50,-4.3473
771.00,-4.3199
771.50,-4.2942
772.00,-4.2814
772.50,-4.2818
773.00,-4.2878
773.50,-4.2918
774.00,-4.2903
774.50,-4.2834
775.00,-4.2730
775.50,-4.2613
776.00,-4.2500
776.50,-4.2395
777.00,-4.2279
777.50,-4.2122
778.00,-4.1908
778.50,-4.1636
779.00,-4.1304
779.50,-4.0895
780.00,-4.0422
780.50,-3.9975
781.00,-3.9706
781.50,-3.9735
782.00,-4.0061
782.50,-4.0551
783.00,-4.1043
783.50,-4.1441
784.00,-4.1750
784.50,-4.2033
785.00,-4.2329
785.50,-4.2614
786.00,-4.2836
786.50,-4.2994
787.00,-4.3156
787.50,-4.3393
788.00,-4.3705
788.50,-4.4011
789.00,-4.4218
789.50,-4.4301
790.00,-4.4329
790.50,-4.4423
791.00,-4.4650
791.50,-4.4968
792.00,-4.5256
792.50,-4.5410
793.00,-4.5401
793.50,-4.5267
794.00,-4.5062
794.50,-4.4842
795.00,-4.4663
795.50,-4.4576
796.00,-4.4604
796.50,-4.4713
797.00,-4.4828
797.50,-4.4891
798.00,-4.4902
798.50,-4.4903
799.00,-4.4916
799.50,-4.4918
800.00,-4.4863
800.50,-4.4747
801.00,-4.4617
801.50,-4.4548
802.00,-4.4588
802.50,-4.4711
803.00,-4.4798
803.50,-4.4697
804.00,-4.4324
804.50,-4.3743
805.00,-4.3120
805.50,-4.2618
806.00,-4.2316
806.50,-4.2204
807.00,-4.2210
807.50,-4.2248
808.00,-4.2259
808.50,-4.2231
809.00,-4.2183
809.50,-4.2133
810.00,-4.2098
810.50,-4.2095
811.00,-4.2137
811.50,-4.2212
812.00,-4.2283
812.50,-4.2315
813.00,-4.2290
813.50,-4.2210
814.00,-4.2073
814.50,-4.1884
815.00,-4.1691
815.50,-4.1614
816.00,-4.1804
816.50,-4.2328
817.00,-4.3093
817.50,-4.3881
818.00,-4.4474
818.50,-4.4767
819.00,-4.4780
819.50,-4.4620
820.00,-4.4411
820.50,-4.4248
821.00,-4.4175
821.50,-4.4201
822.00,-4.4332
822.50,-4.4568
823.00,-4.4894
823.50,-4.5264
824.00,-4.5626
824.50,-4.5948
825.00,-4.6223
825.50,-4.6446
826.00,-4.6585
826.50,-4.6585
827.00,-4.6411
827.50,-4.6082
828.00,-4.5683
828.50,-4.5327
829.00,-4.5104
829.50,-4.5038
830.00,-4.5089
830.50,-4.5185
831.00,-4.5259
831.50,-4.5276
832.00,-4.5237
832.50,-4.5171
833.00,-4.5099
833.50,-4.5012
834.00,-4.4876
834.50,-4.4692
835.00,-4.4522
835.50,-4.4461
836.00,-4.4564
836.50,-4.4800
837.00,-4.5055
837.50,-4.5185
838.00,-4.5091
838.50,-4.4796
839.00,-4.4443
839.50,-4.4217
840.00,-4.4214
840.50,-4.4395
841.00,-4.4641
841.50,-4.4841
842.00,-4.4938
842.50,-4.4930
843.00,-4.4841
843.50,-4.4708
844.00,-4.4558
844.50,-4.4398
845.00,-4.4228
845.50,-4.4061
846.00,-4.3934
846.50,-4.3895
847.00,-4.3966
847.50,-4.4123
848.00,-4.4300
848.50,-4.4423
849.00,-4.4457
849.50,-4.4431
850.00,-4.4418
850.50,-4.4515
851.00,-4.4814
851.50,-4.5329
852.00,-4.5950
852.50,-4.6478
853.00,-4.6751
853.50,-4.6762
854.00,-4.6639
854.50,-4.6524
855.00,-4.6489
855.50,-4.6544
856.00,-4.6687
856.50,-4.6908
857.00,-4.7168
857.50,-4.7398
858.00,-4.7550
858.50,-4.7638
859.00,-4.7731
859.50,-4.7899
860.00,-4.8145
860.50,-4.8392
861.00,-4.8533
861.50,-4.8512
862.00,-4.8354
862.50,-4.8128
863.00,-4.7903
863.50,-4.7719
864.00,-4.7580
864.50,-4.7459
865.00,-4.7314
865.50,-4.7112
866.00,-4.6859
866.50,-4.6573
867.00,-4.6264
867.50,-4.5939
868.00,-4.5627
868.50,-4.5342
869.00,-4.5058
869.50,-4.4711
870.00,-4.4263
870.50,-4.3746
871.00,-4.3253
871.50,-4.2886
872.00,-4.2695
872.50,-4.2663
873.00,-4.2729
873.50,-4.2847
874.00,-4.2997
874.50,-4.3183
875.00,-4.3410
875.50,-4.3663
876.00,-4.3922
876.50,-4.4179
877.00,-4.4451
877.50,-4.4749
878.00,-4.5050
878.50,-4.5313
879.00,-4.5517
879.50,-4.5686
880.00,-4.5850
880.50,-4.6001
881.00,-4.6104
881.50,-4.6142
882.00,-4.6164
882.50,-4.6256
883.00,-4.6471
883.50,-4.6783
884.00,-4.7133
884.50,-4.7484
885.00,-4.7855
885.50,-4.8286
886.00,-4.8772
886.50,-4.9239
887.00,-4.9575
887.50,-4.9699
888.00,-4.9605
888.50,-4.9386
889.00,-4.9195
889.50,-4.9183
890.00,-4.9422
890.50,-4.9860
891.00,-5.0349
891.50,-5.0729
892.00,-5.0927
892.50,-5.0999
893.00,-5.1088
893.50,-5.1308
894.00,-5.1656
894.50,-5.2024
895.00,-5.2302
895.50,-5.2442
896.00,-5.2470
896.50,-5.2413
897.00,-5.2260
897.50,-5.1993
898.00,-5.1643
898.50,-5.1305
899.00,-5.1077
899.50,-5.0972
900.00,-5.0888
900.50,-5.0648
901.00,-5.0054
901.50,-4.8934
902.00,-4.7183
902.50,-4.4793
903.00,-4.1877
903.50,-3.8670
904.00,-3.5483
904.50,-3.2633
905.00,-3.0363
905.50,-2.8776
906.00,-2.7822
906.50,-2.7342
907.00,-2.7133
907.50,-2.7029
908.00,-2.6943
908.50,-2.6860
909.00,-2.6798
909.50,-2.6772
910.00,-2.6812
910.50,-2.6966
911.00,-2.7272
911.50,-2.7695
912.00,-2.8129
912.50,-2.8470
913.00,-2.8681
913.50,-2.8811
914.00,-2.8932
914.50,-2.9102
915.00,-2.9324
915.50,-2.9554
916.00,-2.9712
916.50,-2.9722
917.00,-2.9568
917.50,-2.9313
918.00,-2.9060
918.50,-2.8874
919.00,-2.8728
919.50,-2.8540
920.00,-2.8252
920.50,-2.7883
921.00,-2.7508
921.50,-2.7208
922.00,-2.7033
922.50,-2.6971
923.00,-2.6957
923.50,-2.6927
924.00,-2.6866
924.50,-2.6811
925.00,-2.6793
925.50,-2.6791
926.00,-2.6761
926.50,-2.6688
927.00,-2.6608
927.50,-2.6552
928.00,-2.6500
928.50,-2.6406
929.00,-2.6258
929.50,-2.6110
930.00,-2.6029
930.50,-2.6034
931.00,-2.6095
931.50,-2.6186
932.00,-2.6338
932.50,-2.6605
933.00,-2.6981
933.50,-2.7366
934.00,-2.7630
934.50,-2.7731
935.00,-2.7743
935.50,-2.7773
936.00,-2.7866
936.50,-2.7990
937.00,-2.8080
937.50,-2.8113
938.00,-2.8117
938.50,-2.8151
939.00,-2.8263
939.50,-2.8457
940.00,-2.8706
940.50,-2.8982
941.00,-2.9275
941.50,-2.9585
942.00,-2.9883
942.50,-3.0118
943.00,-3.0252
943.50,-3.0303
944.00,-3.0317
944.50,-3.0318
945.00,-3.0291
945.50,-3.0217
946.00,-3.0111
946.50,-3.0015
947.00,-2.9969
947.50,-2.9985
948.00,-3.0059
948.50,-3.0163
949.00,-3.0249
949.50,-3.0252
950.00,-3.0136
950.50,-2.9930
951.00,-2.9728
951.50,-2.9626
952.00,-2.9636
952.50,-2.9680
953.00,-2.9658
953.50,-2.9536
954.00,-2.9355
954.50,-2.9173
955.00,-2.8994
955.50,-2.8776
956.00,-2.8500
956.50,-2.8217
957.00,-2.8030
957.50,-2.8032
958.00,-2.8242
958.50,-2.8594
959.00,-2.8971
959.50,-2.9246
960.00,-2.9326
960.50,-2.9204
961.00,-2.8958
961.50,-2.8706
962.00,-2.8528
962.50,-2.8426
963.00,-2.8346
963.50,-2.8240
964.00,-2.8110
964.50,-2.8006
965.00,-2.7975
965.50,-2.8012
966.00,-2.8059
966.50,-2.8045
967.00,-2.7959
967.50,-2.7868
968.00,-2.7887
968.50,-2.8106
969.00,-2.8533
969.50,-2.9082
970.00,-2.9621
970.50,-3.0054
971.00,-3.0366
971.50,-3.0593
972.00,-3.0768
972.50,-3.0899
973.00,-3.1006
973.50,-3.1150
974.00,-3.1385
974.50,-3.1684
975.00,-3.1950
975.50,-3.2119
976.00,-3.2232
976.50,-3.2385
977.00,-3.2634
977.50,-3.2958
978.00,-3.3303
978.50,-3.3635
979.00,-3.3963
979.50,-3.4289
980.00,-3.4576
980.50,-3.4758
981.00,-3.4816
981.50,-3.4818
982.00,-3.4878
982.50,-3.5037
983.00,-3.5187
983.50,-3.5147
984.00,-3.4831
984.50,-3.4363
985.00,-3.4004
985.50,-3.3949
986.00,-3.4190
986.50,-3.4544
987.00,-3.4823
987.50,-3.4957
988.00,-3.5015
988.50,-3.5097
989.00,-3.5241
989.50,-3.5392
990.00,-3.5470
990.50,-3.5440
991.00,-3.5356
991.50,-3.5312
992.00,-3.5357
992.50,-3.5445
993.00,-3.5481
993.50,-3.5433
994.00,-3.5379
994.50,-3.5435
995.00,-3.5621
995.50,-3.5803
996.00,-3.5783
996.50,-3.5437
997.00,-3.4797
997.50,-3.4030
998.00,-3.3331
998.50,-3.2840
999.00,-3.2584
999.50,-3.2498
1000.00,-3.2471
1000.50,-3.2409
1001.00,-3.2271
1001.50,-3.2085
1002.00,-3.1910
1002.50,-3.1775
1003.00,-3.1657
1003.50,-3.1512
1004.00,-3.1344
1004.50,-3.1222
1005.00,-3.1228
1005.50,-3.1363
1006.00,-3.1525
1006.50,-3.1570
1007.00,-3.1436
1007.50,-3.1189
1008.00,-3.0973
1008.50,-3.0901
1009.00,-3.0989
1009.50,-3.1170
1010.00,-3.1364
1010.50,-3.1538
1011.00,-3.1708
1011.50,-3.1902
1012.00,-3.2120
1012.50,-3.2320
1013.00,-3.2455
1013.50,-3.2501
1014.00,-3.2474
1014.50,-3.2445
1015.00,-3.2533
1015.50,-3.2862
1016.00,-3.3481
1016.50,-3.4317
1017.00,-3.5214
1017.50,-3.6025
1018.00,-3.6680
1018.50,-3.7202
1019.00,-3.7638
1019.50,-3.8001
1020.00,-3.8249
1020.50,-3.8344
1021.00,-3.8305
1021.50,-3.8232
1022.00,-3.8263
1022.50,-3.8498
1023.00,-3.8945
1023.50,-3.9516
1024.00,-4.0074
1024.50,-4.0508
1025.00,-4.0766
1025.50,-4.0866
1026.00,-4.0862
1026.50,-4.0814
1027.00,-4.0767
1027.50,-4.0749
1028.00,-4.0781
1028.50,-4.0862
1029.00,-4.0973
1029.50,-4.1104
1030.00,-4.1300
1030.50,-4.1631
1031.00,-4.2103
1031.50,-4.2619
1032.00,-4.3047
1032.50,-4.3330
1033.00,-4.3512
1033.50,-4.3685
1034.00,-4.3924
1034.50,-4.4242
1035.00,-4.4600
1035.50,-4.4921
1036.00,-4.5121
1036.50,-4.5123
1037.00,-4.4872
1037.50,-4.4373
1038.00,-4.3735
1038.50,-4.3138
1039.00,-4.2749
1039.50,-4.2621
1040.00,-4.2675
1040.50,-4.2747
1041.00,-4.2674
1041.50,-4.2389
1042.00,-4.1952
1042.50,-4.1506
1043.00,-4.1188
1043.50,-4.1034
1044.00,-4.0969
1044.50,-4.0870
1045.00,-4.0647
1045.50,-4.0299
1046.00,-3.9891
1046.50,-3.9499
1047.00,-3.9155
1047.50,-3.8853
1048.00,-3.8567
1048.50,-3.8259
1049.00,-3.7894
1049.50,-3.7458
1050.00,-3.6974
1050.50,-3.6511
1051.00,-3.6176
1051.50,-3.6070
1052.00,-3.6246
1052.50,-3.6657
1053.00,-3.7188
1053.50,-3.7714
1054.00,-3.8172
1054.50,-3.8549
1055.00,-3.8852
1055.50,-3.9092
1056.00,-3.9293
1056.50,-3.9496
1057.00,-3.9742
1057.50,-4.0051
1058.00,-4.0431
1058.50,-4.0871
1059.00,-4.1326
1059.50,-4.1738
1060.00,-4.2068
1060.50,-4.2329
1061.00,-4.2574
1061.50,-4.2843
1062.00,-4.3129
1062.50,-4.3397
1063.00,-4.3616
1063.50,-4.3774
1064.00,-4.3872
1064.50,-4.3917
1065.00,-4.3944
1065.50,-4.3992
1066.00,-4.4086
1066.50,-4.4220
1067.00,-4.4384
1067.50,-4.4581
1068.00,-4.4815
1068.50,-4.5068
1069.00,-4.5282
1069.50,-4.5369
1070.00,-4.5254
1070.50,-4.4904
1071.00,-4.4366
1071.50,-4.3764
1072.00,-4.3258
1072.50,-4.2969
1073.00,-4.2933
1073.50,-4.3092
1074.00,-4.3334
1074.50,-4.3536
1075.00,-4.3609
1075.50,-4.3527
1076.00,-4.3330
1076.50,-4.3105
1077.00,-4.2938
1077.50,-4.2862
1078.00,-4.2834
1078.50,-4.2775
1079.00,-4.2626
1079.50,-4.2399
1080.00,-4.2166
1080.50,-4.2017
1081.00,-4.2016
1081.50,-4.2185
1082.00,-4.2493
1082.50,-4.2863
1083.00,-4.3202
1083.50,-4.3445
1084.00,-4.3568
1084.50,-4.3589
1085.00,-4.3546
1085.50,-4.3477
1086.00,-4.3402
1086.50,-4.3325
1087.00,-4.3268
1087.50,-4.3276
1088.00,-4.3401
1088.50,-4.3663
1089.00,-4.4040
1089.50,-4.4467
1090.00,-4.4852
1090.50,-4.5098
1091.00,-4.5161
1091.50,-4.5101
1092.00,-4.5070
1092.50,-4.5218
1093.00,-4.5585
1093.50,-4.6082
1094.00,-4.6560
1094.50,-4.6916
1095.00,-4.7131
1095.50,-4.7229
1096.00,-4.7216
1096.50,-4.7056
1097.00,-4.6716
1097.50,-4.6210
1098.00,-4.5601
1098.50,-4.4961
1099.00,-4.4349
1099.50,-4.3811
1100.00,-4.3367
1100.50,-4.2988
1101.00,-4.2599
1101.50,-4.2137
1102.00,-4.1607
1102.50,-4.1096
1103.00,-4.0708
1103.50,-4.0491
1104.00,-4.0391
1104.50,-4.0291
1105.00,-4.0072
1105.50,-3.9673
1106.00,-3.9085
1106.50,-3.8357
1107.00,-3.7592
1107.50,-3.6927
1108.00,-3.6469
1108.50,-3.6215
1109.00,-3.6051
1109.50,-3.5830
1110.00,-3.5451
1110.50,-3.4902
1111.00,-3.4232
1111.50,-3.3521
1112.00,-3.2847
1112.50,-3.2276
1113.00,-3.1831
1113.50,-3.1491
1114.00,-3.1200
1114.50,-3.0914
1115.00,-3.0633
1115.50,-3.0378
1116.00,-3.0128
1116.50,-2.9800
1117.00,-2.9309
1117.50,-2.8661
1118.00,-2.7970
1118.50,-2.7377
1119.00,-2.6937
1119.50,-2.6595
1120.00,-2.6244
1120.50,-2.5789
1121.00,-2.5181
1121.50,-2.4406
1122.00,-2.3469
1122.50,-2.2401
1123.00,-2.1267
1123.50,-2.0133
1124.00,-1.9023
1124.50,-1.7904
1125.00,-1.6715
1125.50,-1.5379
1126.00,-1.3791
1126.50,-1.1833
1127.00,-0.9438
1127.50,-0.6661
1128.00,-0.3647
1128.50,-0.0535
1129.00,0.2616
1129.50,0.5831
1130.00,0.9164
1130.50,1.2651
1131.00,1.6285
1131.50,2.0037
1132.00,2.3886
1132.50,2.7832
1133.00,3.1869
1133.50,3.5965
1134.00,4.0091
1134.50,4.4252
1135.00,4.8488
1135.50,5.2843
1136.00,5.7346
1136.50,6.2034
1137.00,6.6968
1137.50,7.2191
1138.00,7.7658
1138.50,8.3209
1139.00,8.8628
1139.50,9.3754
1140.00,9.8553
1140.50,10.3106
1141.00,10.7514
1141.50,11.1805
1142.00,11.5883
1142.50,11.9554
1143.00,12.2615
1143.50,12.4902
1144.00,12.6290
1144.50,12.6663
1145.00,12.5923
1145.50,12.4007
1146.00,12.0884
1146.50,11.6501
1147.00,11.0750
1147.50,10.3529
1148.00,9.4870
1148.50,8.5024
1149.00,7.4406
1149.50,6.3439
1150.00,5.2423
1150.50,4.1550
1151.00,3.1005
1151.50,2.1042
1152.00,1.1952
1152.50,0.3961
1153.00,-0.2832
1153.50,-0.8421
1154.00,-1.2826
1154.50,-1.6084
1155.00,-1.8274
1155.50,-1.9546
1156.00,-2.0098
1156.50,-2.0115
1157.00,-1.9746
1157.50,-1.9110
1158.00,-1.8327
1158.50,-1.7515
1159.00,-1.6758
1159.50,-1.6065
1160.00,-1.5376
1160.50,-1.4631
1161.00,-1.3837
1161.50,-1.3086
1162.00,-1.2499
1162.50,-1.2131
1163.00,-1.1924
1163.50,-1.1767
1164.00,-1.1604
1164.50,-1.1502
1165.00,-1.1591
1165.50,-1.1949
1166.00,-1.2534
1166.50,-1.3239
1167.00,-1.3975
1167.50,-1.4707
1168.00,-1.5443
1168.50,-1.6205
1169.00,-1.7013
1169.50,-1.7875
1170.00,-1.8791
1170.50,-1.9753
1171.00,-2.0733
1171.50,-2.1686
1172.00,-2.2564
1172.50,-2.3357
1173.00,-2.4099
1173.50,-2.4834
1174.00,-2.5570
1174.50,-2.6276
1175.00,-2.6906
1175.50,-2.7428
1176.00,-2.7853
1176.50,-2.8225
1177.00,-2.8618
1177.50,-2.9098
1178.00,-2.9682
1178.50,-3.0313
1179.00,-3.0881
1179.50,-3.1291
1180.00,-3.1523
1180.50,-3.1644
1181.00,-3.1772
1181.50,-3.2000
1182.00,-3.2361
1182.50,-3.2826
1183.00,-3.3330
1183.50,-3.3798
1184.00,-3.4171
1184.50,-3.4418
1185.00,-3.4540
1185.50,-3.4552
1186.00,-3.4473
1186.50,-3.4320
1187.00,-3.4118
1187.50,-3.3901
1188.00,-3.3700
1188.50,-3.3533
1189.00,-3.3395
1189.50,-3.3263
1190.00,-3.3120
1190.50,-3.2985
1191.00,-3.2913
1191.50,-3.2981
1192.00,-3.3238
1192.50,-3.3672
1193.00,-3.4194
1193.50,-3.4677
1194.00,-3.5015
1194.50,-3.5156
1195.00,-3.5107
1195.50,-3.4913
1196.00,-3.4655
1196.50,-3.4425
1197.00,-3.4299
1197.50,-3.4301
1198.00,-3.4396
1198.50,-3.4502
1199.00,-3.4526
1199.50,-3.4414
1200.00,-3.4192
1200.50,-3.3939
1201.00,-3.3718
1201.50,-3.3526
1202.00,-3.3306
1202.50,-3.3023
1203.00,-3.2709
1203.50,-3.2455
1204.00,-3.2327
1204.50,-3.2307
1205.00,-3.2303
1205.50,-3.2221
1206.00,-3.2031
1206.50,-3.1767
1207.00,-3.1476
1207.50,-3.1195
1208.00,-3.0935
1208.50,-3.0663
1209.00,-3.0294
1209.50,-2.9715
1210.00,-2.8846
1210.50,-2.7687
1211.00,-2.6293
1211.50,-2.4705
1212.00,-2.2910
1212.50,-2.0835
1213.00,-1.8386
1213.50,-1.5471
1214.00,-1.2009
1214.50,-0.7934
1215.00,-0.3193
1215.50,0.2240
1216.00,0.8377
1216.50,1.5230
1217.00,2.2828
1217.50,3.1211
1218.00,4.0405
1218.50,5.0400
1219.00,6.1144
1219.50,7.2558
1220.00,8.4567
1220.50,9.7116
1221.00,11.0169
1221.50,12.3687
1222.00,13.7617
1222.50,15.1909
1223.00,16.6535
1223.50,18.1492
1224.00,19.6782
1224.50,21.2394
1225.00,22.8310
1225.50,24.4504
1226.00,26.0944
1226.50,27.7580
1227.00,29.4349
1227.50,31.1207
1228.00,32.8139
1228.50,34.5152
1229.00,36.2249
1229.50,37.9404
1230.00,39.6577
1230.50,41.3742
1231.00,43.0899
1231.50,44.8047
1232.00,46.5130
1232.50,48.2043
1233.00,49.8663
1233.50,51.4879
1234.00,53.0566
1234.50,54.5575
1235.00,55.9719
1235.50,57.2768
1236.00,58.4412
1236.50,59.4216
1237.00,60.1613
1237.50,60.5917
1238.00,60.6340
1238.50,60.2016
1239.00,59.2044
1239.50,57.5588
1240.00,55.2024
1240.50,52.1088
1241.00,48.3020
1241.50,43.8649
1242.00,38.9413
1242.50,33.7261
1243.00,28.4434
1243.50,23.3154
1244.00,18.5331
1244.50,14.2363
1245.00,10.5079
1245.50,7.3785
1246.00,4.8358
1246.50,2.8366
1247.00,1.3186
1247.50,0.2085
1248.00,-0.5726
1248.50,-1.1033
1249.00,-1.4566
1249.50,-1.6927
1250.00,-1.8560
1250.50,-1.9745
1251.00,-2.0632
1251.50,-2.1294
1252.00,-2.1774
1252.50,-2.2106
1253.00,-2.2293
1253.50,-2.2300
1254.00,-2.2090
1254.50,-2.1695
1255.00,-2.1231
1255.50,-2.0834
1256.00,-2.0569
1256.50,-2.0414
1257.00,-2.0323
1257.50,-2.0279
1258.00,-2.0300
1258.50,-2.0389
1259.00,-2.0522
1259.50,-2.0675
1260.00,-2.0836
1260.50,-2.1002
1261.00,-2.1156
1261.50,-2.1270
1262.00,-2.1332
1262.50,-2.1379
1263.00,-2.1496
1263.50,-2.1772
1264.00,-2.2227
1264.50,-2.2765
1265.00,-2.3202
1265.50,-2.3377
1266.00,-2.3260
1266.50,-2.2983
1267.00,-2.2748
1267.50,-2.2721
1268.00,-2.2949
1268.50,-2.3375
1269.00,-2.3876
1269.50,-2.4318
1270.00,-2.4624
1270.50,-2.4798
1271.00,-2.4922
1271.50,-2.5096
1272.00,-2.5373
1272.50,-2.5719
1273.00,-2.6034
1273.50,-2.6231
1274.00,-2.6319
1274.50,-2.6411
1275.00,-2.6613
1275.50,-2.6906
1276.00,-2.7147
1276.50,-2.7214
1277.00,-2.7126
1277.50,-2.7007
1278.00,-2.6956
1278.50,-2.6976
1279.00,-2.6997
1279.50,-2.6962
1280.00,-2.6864
1280.50,-2.6732
1281.00,-2.6610
1281.50,-2.6533
1282.00,-2.6517
1282.50,-2.6565
1283.00,-2.6666
1283.50,-2.6802
1284.00,-2.6945
1284.50,-2.7072
1285.00,-2.7181
1285.50,-2.7305
1286.00,-2.7486
1286.50,-2.7735
1287.00,-2.7996
1287.50,-2.8152
1288.00,-2.8096
1288.50,-2.7827
1289.00,-2.7486
1289.50,-2.7278
1290.00,-2.7311
1290.50,-2.7521
1291.00,-2.7730
1291.50,-2.7792
1292.00,-2.7664
1292.50,-2.7398
1293.00,-2.7090
1293.50,-2.6846
1294.00,-2.6738
1294.50,-2.6766
1295.00,-2.6865
1295.50,-2.6979
1296.00,-2.7116
1296.50,-2.7329
1297.00,-2.7631
1297.50,-2.7958
1298.00,-2.8198
1298.50,-2.8272
1299.00,-2.8199
1299.50,-2.8082
1300.00,-2.8042
1300.50,-2.8130
1301.00,-2.8306
1301.50,-2.8485
1302.00,-2.8607
1302.50,-2.8671
1303.00,-2.8699
1303.50,-2.8697
1304.00,-2.8648
1304.50,-2.8547
1305.00,-2.8421
1305.50,-2.8315
1306.00,-2.8273
1306.50,-2.8317
1307.00,-2.8431
1307.50,-2.8555
1308.00,-2.8622
1308.50,-2.8612
1309.00,-2.8589
1309.50,-2.8675
1310.00,-2.8947
1310.50,-2.9368
1311.00,-2.9795
1311.50,-3.0078
1312.00,-3.0154
1312.50,-3.0072
1313.00,-2.9936
1313.50,-2.9827
1314.00,-2.9774
1314.50,-2.9750
1315.00,-2.9702
1315.50,-2.9607
1316.00,-2.9481
1316.50,-2.9374
1317.00,-2.9315
1317.50,-2.9289
1318.00,-2.9257
1318.50,-2.9199
1319.00,-2.9131
1319.50,-2.9091
1320.00,-2.9122
1320.50,-2.9256
1321.00,-2.9500
1321.50,-2.9802
1322.00,-3.0065
1322.50,-3.0216
1323.00,-3.0275
1323.50,-3.0343
1324.00,-3.0526
1324.50,-3.0852
1325.00,-3.1268
1325.50,-3.1705
1326.00,-3.2121
1326.50,-3.2506
1327.00,-3.2861
1327.50,-3.3188
1328.00,-3.3487
1328.50,-3.3749
1329.00,-3.3960
1329.50,-3.4118
1330.00,-3.4248
1330.50,-3.4398
1331.00,-3.4602
1331.50,-3.4856
1332.00,-3.5112
1332.50,-3.5307
1333.00,-3.5409
1333.50,-3.5441
1334.00,-3.5479
1334.50,-3.5603
1335.00,-3.5853
1335.50,-3.6200
1336.00,-3.6552
1336.50,-3.6807
1337.00,-3.6918
1337.50,-3.6905
1338.00,-3.6827
1338.50,-3.6726
1339.00,-3.6599
1339.50,-3.6419
1340.00,-3.6166
1340.50,-3.5864
1341.00,-3.5599
1341.50,-3.5497
1342.00,-3.5657
1342.50,-3.6059
1343.00,-3.6552
1343.50,-3.6939
1344.00,-3.7078
1344.50,-3.6935
1345.00,-3.6584
1345.50,-3.6175
1346.00,-3.5864
1346.50,-3.5721
1347.00,-3.5683
1347.50,-3.5597
1348.00,-3.5350
1348.50,-3.4961
1349.00,-3.4566
1349.50,-3.4328
1350.00,-3.4331
1350.50,-3.4544
1351.00,-3.4826
1351.50,-3.5003
1352.00,-3.4968
1352.50,-3.4746
1353.00,-3.4456
1353.50,-3.4211
1354.00,-3.4044
1354.50,-3.3928
1355.00,-3.3858
1355.50,-3.3874
1356.00,-3.4020
1356.50,-3.4276
1357.00,-3.4559
1357.50,-3.4797
1358.00,-3.4982
1358.50,-3.5155
1359.00,-3.5359
1359.50,-3.5601
1360.00,-3.5858
1360.50,-3.6102
1361.00,-3.6313
1361.50,-3.6487
1362.00,-3.6630
1362.50,-3.6746
1363.00,-3.6844
1363.50,-3.6944
1364.00,-3.7082
1364.50,-3.7279
1365.00,-3.7504
1365.50,-3.7686
1366.00,-3.7791
1366.50,-3.7877
1367.00,-3.8064
1367.50,-3.8426
1368.00,-3.8936
1368.50,-3.9497
1369.00,-4.0025
1369.50,-4.0456
1370.00,-4.0736
1370.50,-4.0815
1371.00,-4.0696
1371.50,-4.0440
1372.00,-4.0134
1372.50,-3.9830
1373.00,-3.9539
1373.50,-3.9270
1374.00,-3.9040
1374.50,-3.8866
1375.00,-3.8744
1375.50,-3.8657
1376.00,-3.8586
1376.50,-3.8518
1377.00,-3.8450
1377.50,-3.8358
1378.00,-3.8190
1378.50,-3.7886
1379.00,-3.7424
1379.50,-3.6858
1380.00,-3.6298
1380.50,-3.5853
1381.00,-3.5573
1381.50,-3.5433
1382.00,-3.5373
1382.50,-3.5355
1383.00,-3.5396
1383.50,-3.5526
1384.00,-3.5726
1384.50,-3.5899
1385.00,-3.5923
1385.50,-3.5755
1386.00,-3.5477
1386.50,-3.5257
1387.00,-3.5224
1387.50,-3.5383
1388.00,-3.5615
1388.50,-3.5770
1389.00,-3.5784
1389.50,-3.5696
1390.00,-3.5575
1390.50,-3.5451
1391.00,-3.5331
1391.50,-3.5253
1392.00,-3.5284
1392.50,-3.5440
1393.00,-3.5639
1393.50,-3.5769
1394.00,-3.5790
1394.50,-3.5773
1395.00,-3.5810
1395.50,-3.5923
1396.00,-3.6049
1396.50,-3.6118
1397.00,-3.6118
1397.50,-3.6087
1398.00,-3.6055
1398.50,-3.6019
1399.00,-3.5958
1399.50,-3.5866
1400.00,-3.5777
1400.50,-3.5747
1401.00,-3.5816
1401.50,-3.5979
1402.00,-3.6195
1402.50,-3.6411
1403.00,-3.6592
1403.50,-3.6713
1404.00,-3.6760
1404.50,-3.6746
1405.00,-3.6715
1405.50,-3.6715
1406.00,-3.6757
1406.50,-3.6814
1407.00,-3.6844
1407.50,-3.6817
1408.00,-3.6728
1408.50,-3.6600
1409.00,-3.6495
1409.50,-3.6475
1410.00,-3.6549
1410.50,-3.6656
1411.00,-3.6711
1411.50,-3.6677
1412.00,-3.6591
1412.50,-3.6516
1413.00,-3.6490
1413.50,-3.6500
1414.00,-3.6522
1414.50,-3.6561
1415.00,-3.6664
1415.50,-3.6878
1416.00,-3.7203
1416.50,-3.7580
1417.00,-3.7915
1417.50,-3.8124
1418.00,-3.8187
1418.50,-3.8145
1419.00,-3.8044
1419.50,-3.7890
1420.00,-3.7655
1420.50,-3.7345
1421.00,-3.7029
1421.50,-3.6805
1422.00,-3.6716
1422.50,-3.6712
1423.00,-3.6696
1423.50,-3.6588
1424.00,-3.6349
1424.50,-3.5969
1425.00,-3.5472
1425.50,-3.4958
1426.00,-3.4605
1426.50,-3.4594
1427.00,-3.4992
1427.50,-3.5677
1428.00,-3.6398
1428.50,-3.6911
1429.00,-3.7110
1429.50,-3.7048
1430.00,-3.6870
1430.50,-3.6730
1431.00,-3.6727
1431.50,-3.6886
1432.00,-3.7170
1432.50,-3.7508
1433.00,-3.7833
1433.50,-3.8087
1434.00,-3.8234
1434.50,-3.8263
1435.00,-3.8208
1435.50,-3.8133
1436.00,-3.8079
1436.50,-3.8029
1437.00,-3.7930
1437.50,-3.7755
1438.00,-3.7551
1438.50,-3.7409
1439.00,-3.7392
1439.50,-3.7483
1440.00,-3.7594
1440.50,-3.7647
1441.00,-3.7637
1441.50,-3.7620
1442.00,-3.7619
1442.50,-3.7574
1443.00,-3.7388
1443.50,-3.7038
1444.00,-3.6616
1444.50,-3.6269
1445.00,-3.6100
1445.50,-3.6126
1446.00,-3.6295
1446.50,-3.6515
1447.00,-3.6686
1447.50,-3.6737
1448.00,-3.6647
1448.50,-3.6459
1449.00,-3.6250
1449.50,-3.6102
1450.00,-3.6067
1450.50,-3.6140
1451.00,-3.6264
1451.50,-3.6361
1452.00,-3.6375
1452.50,-3.6302
1453.00,-3.6186
1453.50,-3.6098
1454.00,-3.6107
1454.50,-3.6254
1455.00,-3.6520
1455.50,-3.6841
1456.00,-3.7139
1456.50,-3.7365
1457.00,-3.7508
1457.50,-3.7592
1458.00,-3.7655
1458.50,-3.7728
1459.00,-3.7801
1459.50,-3.7827
1460.00,-3.7751
1460.50,-3.7554
1461.00,-3.7264
1461.50,-3.6930
1462.00,-3.6598
1462.50,-3.6291
1463.00,-3.6016
1463.50,-3.5781
1464.00,-3.5605
1464.50,-3.5503
1465.00,-3.5470
1465.50,-3.5491
1466.00,-3.5563
1466.50,-3.5707
1467.00,-3.5922
1467.50,-3.6140
1468.00,-3.6264
1468.50,-3.6255
1469.00,-3.6168
1469.50,-3.6078
1470.00,-3.5985
1470.50,-3.5807
1471.00,-3.5475
1471.50,-3.5015
1472.00,-3.4531
1472.50,-3.4123
1473.00,-3.3834
1473.50,-3.3658
1474.00,-3.3558
1474.50,-3.3495
1475.00,-3.3444
1475.50,-3.3405
1476.00,-3.3391
1476.50,-3.3410
1477.00,-3.3471
1477.50,-3.3586
1478.00,-3.3784
1478.50,-3.4087
1479.00,-3.4480
1479.50,-3.4894
1480.00,-3.5236
1480.50,-3.5453
1481.00,-3.5559
1481.50,-3.5598
1482.00,-3.5594
1482.50,-3.5540
1483.00,-3.5442
1483.50,-3.5368
1484.00,-3.5431
1484.50,-3.5729
1485.00,-3.6250
1485.50,-3.6857
1486.00,-3.7363
1486.50,-3.7653
1487.00,-3.7728
1487.50,-3.7654
1488.00,-3.7484
1488.50,-3.7231
1489.00,-3.6913
1489.50,-3.6589
1490.00,-3.6348
1490.50,-3.6261
1491.00,-3.6345
1491.50,-3.6564
1492.00,-3.6871
1492.50,-3.7249
1493.00,-3.7706
1493.50,-3.8227
1494.00,-3.8727
1494.50,-3.9090
1495.00,-3.9241
1495.50,-3.9205
1496.00,-3.9097
1496.50,-3.9067
1497.00,-3.9221
1497.50,-3.9556
1498.00,-3.9965
1498.50,-4.0309
1499.00,-4.0505
1499.50,-4.0554
1500.00,-4.0508
1500.50,-4.0440
1501.00,-4.0415
1501.50,-4.0490
1502.00,-4.0694
1502.50,-4.0991
1503.00,-4.1279
1503.50,-4.1438
1504.00,-4.1403
1504.50,-4.1217
1505.00,-4.1000
1505.50,-4.0876
1506.00,-4.0906
1506.50,-4.1068
1507.00,-4.1288
1507.50,-4.1488
1508.00,-4.1608
1508.50,-4.1611
1509.00,-4.1478
1509.50,-4.1217
1510.00,-4.0871
1510.50,-4.0518
1511.00,-4.0238
1511.50,-4.0063
1512.00,-3.9967
1512.50,-3.9895
1513.00,-3.9812
1513.50,-3.9716
1514.00,-3.9631
1514.50,-3.9565
1515.00,-3.9495
1515.50,-3.9365
1516.00,-3.9125
1516.50,-3.8760
1517.00,-3.8306
1517.50,-3.7824
1518.00,-3.7377
1518.50,-3.7001
1519.00,-3.6702
1519.50,-3.6474
1520.00,-3.6322
1520.50,-3.6264
1521.00,-3.6303
1521.50,-3.6394
1522.00,-3.6469
1522.50,-3.6472
1523.00,-3.6412
1523.50,-3.6369
1524.00,-3.6452
1524.50,-3.6719
1525.00,-3.7118
1525.50,-3.7504
1526.00,-3.7737
1526.50,-3.7771
1527.00,-3.7662
1527.50,-3.7506
1528.00,-3.7360
1528.50,-3.7223
1529.00,-3.7075
1529.50,-3.6924
1530.00,-3.6816
1530.50,-3.6797
1531.00,-3.6875
1531.50,-3.7019
1532.00,-3.7175
1532.50,-3.7292
1533.00,-3.7337
1533.50,-3.7319
1534.00,-3.7295
1534.50,-3.7331
1535.00,-3.7454
1535.50,-3.7647
1536.00,-3.7856
1536.50,-3.8033
1537.00,-3.8159
1537.50,-3.8254
1538.00,-3.8358
1538.50,-3.8505
1539.00,-3.8696
1539.50,-3.8898
1540.00,-3.9056
1540.50,-3.9125
1541.00,-3.9105
1541.50,-3.9042
1542.00,-3.8999
1542.50,-3.9003
1543.00,-3.9030
1543.50,-3.9033
1544.00,-3.8982
1544.50,-3.8880
1545.00,-3.8761
1545.50,-3.8666
1546.00,-3.8626
1546.50,-3.8643
1547.00,-3.8696
1547.50,-3.8774
1548.00,-3.8874
1548.50,-3.8991
1549.00,-3.9095
1549.50,-3.9153
1550.00,-3.9160
1550.50,-3.9135
1551.00,-3.9101
1551.50,-3.9072
1552.00,-3.9059
1552.50,-3.9082
1553.00,-3.9156
1553.50,-3.9273
1554.00,-3.9390
1554.50,-3.9455
1555.00,-3.9448
1555.50,-3.9380
1556.00,-3.9281
1556.50,-3.9170
1557.00,-3.9058
1557.50,-3.8971
1558.00,-3.8942
1558.50,-3.8982
1559.00,-3.9059
1559.50,-3.9116
1560.00,-3.9109
1560.50,-3.9043
1561.00,-3.8979
1561.50,-3.9014
1562.00,-3.9236
1562.50,-3.9639
1563.00,-4.0087
1563.50,-4.0376
1564.00,-4.0387
1564.50,-4.0168
1565.00,-3.9866
1565.50,-3.9602
1566.00,-3.9410
1566.50,-3.9276
1567.00,-3.9191
1567.50,-3.9160
1568.00,-3.9182
1568.50,-3.9253
1569.00,-3.9355
1569.50,-3.9457
1570.00,-3.9532
1570.50,-3.9586
1571.00,-3.9668
1571.50,-3.9823
1572.00,-4.0047
1572.50,-4.0298
1573.00,-4.0539
1573.50,-4.0772
1574.00,-4.1003
1574.50,-4.1200
1575.00,-4.1293
1575.50,-4.1228
1576.00,-4.1017
1576.50,-4.0718
1577.00,-4.0382
1577.50,-4.0012
1578.00,-3.9589
1578.50,-3.9119
1579.00,-3.8657
1579.50,-3.8281
1580.00,-3.8049
1580.50,-3.7977
1581.00,-3.8048
1581.50,-3.8227
1582.00,-3.8467
1582.50,-3.8698
1583.00,-3.8834
1583.50,-3.8803
1584.00,-3.8586
1584.50,-3.8236
1585.00,-3.7838
1585.50,-3.7478
1586.00,-3.7202
1586.50,-3.7022
1587.00,-3.6920
1587.50,-3.6865
1588.00,-3.6841
1588.50,-3.6854
1589.00,-3.6920
1589.50,-3.7035
1590.00,-3.7161
1590.50,-3.7249
1591.00,-3.7289
1591.50,-3.7350
1592.00,-3.7535
1592.50,-3.7904
1593.00,-3.8442
1593.50,-3.9072
1594.00,-3.9688
1594.50,-4.0189
1595.00,-4.0512
1595.50,-4.0660
1596.00,-4.0698
1596.50,-4.0694
1597.00,-4.0672
1597.50,-4.0631
1598.00,-4.0588
1598.50,-4.0582
1599.00,-4.0632
1599.50,-4.0722
1600.00,-4.0819
1600.50,-4.0892
1601.00,-4.0908
1601.50,-4.0833
1602.00,-4.0658
1602.50,-4.0432
1603.00,-4.0244
1603.50,-4.0161
1604.00,-4.0185
1604.50,-4.0250
1605.00,-4.0266
1605.50,-4.0171
1606.00,-3.9957
1606.50,-3.9669
1607.00,-3.9386
1607.50,-3.9186
1608.00,-3.9117
1608.50,-3.9172
1609.00,-3.9299
1609.50,-3.9419
1610.00,-3.9448
1610.50,-3.9337
1611.00,-3.9101
1611.50,-3.8818
1612.00,-3.8581
1612.50,-3.8442
1613.00,-3.8400
1613.50,-3.8432
1614.00,-3.8540
1614.50,-3.8740
1615.00,-3.8996
1615.50,-3.9190
1616.00,-3.9177
1616.50,-3.8908
1617.00,-3.8501
1617.50,-3.8165
1618.00,-3.8060
1618.50,-3.8206
1619.00,-3.8517
1619.50,-3.8883
1620.00,-3.9240
1620.50,-3.9578
1621.00,-3.9904
1621.50,-4.0213
1622.00,-4.0483
1622.50,-4.0695
1623.00,-4.0863
1623.50,-4.1022
1624.00,-4.1183
1624.50,-4.1320
1625.00,-4.1393
1625.50,-4.1399
1626.00,-4.1407
1626.50,-4.1511
1627.00,-4.1757
1627.50,-4.2106
1628.00,-4.2467
1628.50,-4.2755
1629.00,-4.2935
1629.50,-4.3021
1630.00,-4.3049
1630.50,-4.3064
1631.00,-4.3113
1631.50,-4.3225
1632.00,-4.3394
1632.50,-4.3568
1633.00,-4.3667
1633.50,-4.3607
1634.00,-4.3342
1634.50,-4.2892
1635.00,-4.2358
1635.50,-4.1889
1636.00,-4.1611
1636.50,-4.1553
1637.00,-4.1638
1637.50,-4.1743
1638.00,-4.1778
1638.50,-4.1734
1639.00,-4.1675
1639.50,-4.1684
1640.00,-4.1804
1640.50,-4.2003
1641.00,-4.2201
1641.50,-4.2331
1642.00,-4.2381
1642.50,-4.2380
1643.00,-4.2372
1643.50,-4.2391
1644.00,-4.2467
1644.50,-4.2623
1645.00,-4.2848
1645.50,-4.3099
1646.00,-4.3323
1646.50,-4.3489
1647.00,-4.3581
1647.50,-4.3578
1648.00,-4.3476
1648.50,-4.3320
1649.00,-4.3209
1649.50,-4.3219
1650.00,-4.3357
1650.50,-4.3549
1651.00,-4.3686
1651.50,-4.3672
1652.00,-4.3469
1652.50,-4.3117
1653.00,-4.2715
1653.50,-4.2359
1654.00,-4.2093
1654.50,-4.1908
1655.00,-4.1774
1655.50,-4.1668
1656.00,-4.1592
1656.50,-4.1553
1657.00,-4.1552
1657.50,-4.1578
1658.00,-4.1624
1658.50,-4.1691
1659.00,-4.1768
1659.50,-4.1824
1660.00,-4.1835
1660.50,-4.1817
1661.00,-4.1816
1661.50,-4.1866
1662.00,-4.1950
1662.50,-4.2012
1663.00,-4.2002
1663.50,-4.1925
1664.00,-4.1837
1664.50,-4.1816
1665.00,-4.1910
1665.50,-4.2105
1666.00,-4.2330
1666.50,-4.2514
1667.00,-4.2635
1667.50,-4.2721
1668.00,-4.2808
1668.50,-4.2905
1669.00,-4.3008
1669.50,-4.3122
1670.00,-4.3273
1670.50,-4.3478
1671.00,-4.3725
1671.50,-4.3965
1672.00,-4.4131
1672.50,-4.4172
1673.00,-4.4079
1673.50,-4.3887
1674.00,-4.3654
1674.50,-4.3431
1675.00,-4.3240
1675.50,-4.3089
1676.00,-4.2984
1676.50,-4.2925
1677.00,-4.2899
1677.50,-4.2873
1678.00,-4.2797
1678.50,-4.2636
1679.00,-4.2392
1679.50,-4.2099
1680.00,-4.1806
1680.50,-4.1549
1681.00,-4.1348
1681.50,-4.1218
1682.00,-4.1150
1682.50,-4.1103
1683.00,-4.1007
1683.50,-4.0795
1684.00,-4.0442
1684.50,-3.9984
1685.00,-3.9495
1685.50,-3.9061
1686.00,-3.8740
1686.50,-3.8534
1687.00,-3.8420
1687.50,-3.8382
1688.00,-3.8437
1688.50,-3.8615
1689.00,-3.8904
1689.50,-3.9217
1690.00,-3.9408
1690.50,-3.9338
1691.00,-3.8948
1691.50,-3.8313
1692.00,-3.7622
1692.50,-3.7078
1693.00,-3.6783
1693.50,-3.6710
1694.00,-3.6771
1694.50,-3.6905
1695.00,-3.7118
1695.50,-3.7435
1696.00,-3.7821
1696.50,-3.8155
1697.00,-3.8295
1697.50,-3.8194
1698.00,-3.7941
1698.50,-3.7674
1699.00,-3.7476
1699.50,-3.7330
1700.00,-3.7172
1700.50,-3.6965
1701.00,-3.6723
1701.50,-3.6487
1702.00,-3.6273
1702.50,-3.6058
1703.00,-3.5817
1703.50,-3.5571
1704.00,-3.5380
1704.50,-3.5288
1705.00,-3.5276
1705.50,-3.5275
1706.00,-3.5223
1706.50,-3.5110
1707.00,-3.4981
1707.50,-3.4898
1708.00,-3.4894
1708.50,-3.4965
1709.00,-3.5086
1709.50,-3.5246
1710.00,-3.5448
1710.50,-3.5670
1711.00,-3.5846
1711.50,-3.5892
1712.00,-3.5764
1712.50,-3.5486
1713.00,-3.5132
1713.50,-3.4775
1714.00,-3.4457
1714.50,-3.4186
1715.00,-3.3966
1715.50,-3.3820
1716.00,-3.3775
1716.50,-3.3844
1717.00,-3.3990
1717.50,-3.4137
1718.00,-3.4196
1718.50,-3.4106
1719.00,-3.3858
1719.50,-3.3489
1720.00,-3.3070
1720.50,-3.2703
1721.00,-3.2487
1721.50,-3.2494
1722.00,-3.2726
1722.50,-3.3105
1723.00,-3.3492
1723.50,-3.3733
1724.00,-3.3731
1724.50,-3.3496
1725.00,-3.3147
1725.50,-3.2836
1726.00,-3.2670
1726.50,-3.2652
1727.00,-3.2685
1727.50,-3.2651
1728.00,-3.2495
1728.50,-3.2248
1729.00,-3.1988
1729.50,-3.1779
1730.00,-3.1646
1730.50,-3.1582
1731.00,-3.1561
1731.50,-3.1548
1732.00,-3.1503
1732.50,-3.1400
1733.00,-3.1254
1733.50,-3.1115
1734.00,-3.1019
1734.50,-3.0955
1735.00,-3.0888
1735.50,-3.0837
1736.00,-3.0898
1736.50,-3.1170
1737.00,-3.1656
1737.50,-3.2261
1738.00,-3.2875
1738.50,-3.3445
1739.00,-3.3955
1739.50,-3.4381
1740.00,-3.4696
1740.50,-3.4909
1741.00,-3.5085
1741.50,-3.5295
1742.00,-3.5568
1742.50,-3.5870
1743.00,-3.6127
1743.50,-3.6273
1744.00,-3.6293
1744.50,-3.6231
1745.00,-3.6161
1745.50,-3.6150
1746.00,-3.6218
1746.50,-3.6334
1747.00,-3.6448
1747.50,-3.6527
1748.00,-3.6570
1748.50,-3.6579
1749.00,-3.6535
1749.50,-3.6418
1750.00,-3.6236
1750.50,-3.6024
1751.00,-3.5813
1751.50,-3.5625
1752.00,-3.5492
1752.50,-3.5452
1753.00,-3.5515
1753.50,-3.5638
1754.00,-3.5744
1754.50,-3.5789
1755.00,-3.5788
1755.50,-3.5775
1756.00,-3.5751
1756.50,-3.5686
1757.00,-3.5563
1757.50,-3.5400
1758.00,-3.5232
1758.50,-3.5093
1759.00,-3.5016
1759.50,-3.5043
1760.00,-3.5210
1760.50,-3.5504
1761.00,-3.5847
1761.50,-3.6136
1762.00,-3.6320
1762.50,-3.6454
1763.00,-3.6661
1763.50,-3.7015
1764.00,-3.7451
1764.50,-3.7824
1765.00,-3.8028
1765.50,-3.8077
1766.00,-3.8058
1766.50,-3.8049
1767.00,-3.8085
1767.50,-3.8158
1768.00,-3.8232
1768.50,-3.8259
1769.00,-3.8216
1769.50,-3.8126
1770.00,-3.8028
1770.50,-3.7929
1771.00,-3.7815
1771.50,-3.7694
1772.00,-3.7624
1772.50,-3.7692
1773.00,-3.7948
1773.50,-3.8369
1774.00,-3.8848
1774.50,-3.9244
1775.00,-3.9450
1775.50,-3.9449
1776.00,-3.9326
1776.50,-3.9213
1777.00,-3.9189
1777.50,-3.9255
1778.00,-3.9354
1778.50,-3.9437
1779.00,-3.9493
1779.50,-3.9536
1780.00,-3.9586
1780.50,-3.9647
1781.00,-3.9717
1781.50,-3.9790
1782.00,-3.9856
1782.50,-3.9914
1783.00,-3.9966
1783.50,-4.0021
1784.00,-4.0085
1784.50,-4.0167
1785.00,-4.0282
1785.50,-4.0436
1786.00,-4.0609
1786.50,-4.0752
1787.00,-4.0816
1787.50,-4.0796
1788.00,-4.0726
1788.50,-4.0654
1789.00,-4.0616
1789.50,-4.0644
1790.00,-4.0755
1790.50,-4.0926
1791.00,-4.1083
1791.50,-4.1132
1792.00,-4.1028
1792.50,-4.0821
1793.00,-4.0624
1793.50,-4.0548
1794.00,-4.0630
1794.50,-4.0816
1795.00,-4.0994
1795.50,-4.1077
1796.00,-4.1048
1796.50,-4.0953
1797.00,-4.0862
1797.50,-4.0834
1798.00,-4.0901
1798.50,-4.1069
1799.00,-4.1320
1799.50,-4.1614
1800.00,-4.1897
1800.50,-4.2098
1801.00,-4.2164
1801.50,-4.2093
1802.00,-4.1956
1802.50,-4.1856
1803.00,-4.1861
1803.50,-4.1980
1804.00,-4.2178
1804.50,-4.2423
1805.00,-4.2689
1805.50,-4.2937
1806.00,-4.3097
1806.50,-4.3090
1807.00,-4.2892
1807.50,-4.2590
1808.00,-4.2349
1808.50,-4.2297
1809.00,-4.2407
1809.50,-4.2519
1810.00,-4.2470
1810.50,-4.2220
1811.00,-4.1859
1811.50,-4.1524
1812.00,-4.1310
1812.50,-4.1222
1813.00,-4.1185
1813.50,-4.1093
1814.00,-4.0899
1814.50,-4.0667
1815.00,-4.0519
1815.50,-4.0508
1816.00,-4.0577
1816.50,-4.0627
1817.00,-4.0626
1817.50,-4.0615
1818.00,-4.0625
1818.50,-4.0655
1819.00,-4.0697
1819.50,-4.0768
1820.00,-4.0887
1820.50,-4.1044
1821.00,-4.1212
1821.50,-4.1359
1822.00,-4.1445
1822.50,-4.1418
1823.00,-4.1255
1823.50,-4.1001
1824.00,-4.0753
1824.50,-4.0594
1825.00,-4.0549
1825.50,-4.0610
1826.00,-4.0759
1826.50,-4.0974
1827.00,-4.1228
1827.50,-4.1511
1828.00,-4.1833
1828.50,-4.2201
1829.00,-4.2567
1829.50,-4.2822
1830.00,-4.2867
1830.50,-4.2702
1831.00,-4.2452
1831.50,-4.2298
1832.00,-4.2368
1832.50,-4.2668
1833.00,-4.3093
1833.50,-4.3497
1834.00,-4.3749
1834.50,-4.3781
1835.00,-4.3600
1835.50,-4.3300
1836.00,-4.3036
1836.50,-4.2945
1837.00,-4.3064
1837.50,-4.3312
1838.00,-4.3539
1838.50,-4.3628
1839.00,-4.3549
1839.50,-4.3358
1840.00,-4.3152
1840.50,-4.3029
1841.00,-4.3053
1841.50,-4.3235
1842.00,-4.3497
1842.50,-4.3700
1843.00,-4.3718
1843.50,-4.3538
1844.00,-4.3267
1844.50,-4.3045
1845.00,-4.2945
1845.50,-4.2946
1846.00,-4.2985
1846.50,-4.3015
1847.00,-4.3023
1847.50,-4.3022
1848.00,-4.3021
1848.50,-4.3018
1849.00,-4.3003
1849.50,-4.2956
1850.00,-4.2861
1850.50,-4.2717
1851.00,-4.2577
1851.50,-4.2520
1852.00,-4.2603
1852.50,-4.2822
1853.00,-4.3127
1853.50,-4.3485
1854.00,-4.3897
1854.50,-4.4357
1855.00,-4.4809
1855.50,-4.5150
1856.00,-4.5292
1856.50,-4.5223
1857.00,-4.5018
1857.50,-4.4792
1858.00,-4.4628
1858.50,-4.4548
1859.00,-4.4517
1859.50,-4.4499
1860.00,-4.4497
1860.50,-4.4552
1861.00,-4.4679
1861.50,-4.4829
1862.00,-4.4904
1862.50,-4.4827
1863.00,-4.4593
1863.50,-4.4273
1864.00,-4.3965
1864.50,-4.3736
1865.00,-4.3586
1865.50,-4.3454
1866.00,-4.3277
1866.50,-4.3054
1867.00,-4.2843
1867.50,-4.2710
1868.00,-4.2670
1868.50,-4.2670
1869.00,-4.2633
1869.50,-4.2523
1870.00,-4.2377
1870.50,-4.2266
1871.00,-4.2222
1871.50,-4.2207
1872.00,-4.2160
1872.50,-4.2059
1873.00,-4.1944
1873.50,-4.1870
1874.00,-4.1856
1874.50,-4.1894
1875.00,-4.1982
1875.50,-4.2134
1876.00,-4.2359
1876.50,-4.2640
1877.00,-4.2941
1877.50,-4.3231
1878.00,-4.3493
1878.50,-4.3727
1879.00,-4.3935
1879.50,-4.4126
1880.00,-4.4303
1880.50,-4.4477
1881.00,-4.4644
1881.50,-4.4797
1882.00,-4.4912
1882.50,-4.4968
1883.00,-4.4967
1883.50,-4.4936
1884.00,-4.4901
1884.50,-4.4853
1885.00,-4.4756
1885.50,-4.4592
1886.00,-4.4393
1886.50,-4.4227
1887.00,-4.4136
1887.50,-4.4109
1888.00,-4.4126
1888.50,-4.4199
1889.00,-4.4349
1889.50,-4.4536
1890.00,-4.4653
1890.50,-4.4611
1891.00,-4.4407
1891.50,-4.4105
1892.00,-4.3768
1892.50,-4.3426
1893.00,-4.3109
1893.50,-4.2862
1894.00,-4.2718
1894.50,-4.2655
1895.00,-4.2593
1895.50,-4.2453
1896.00,-4.2215
1896.50,-4.1934
1897.00,-4.1695
1897.50,-4.1561
1898.00,-4.1534
1898.50,-4.1565
1899.00,-4.1579
1899.50,-4.1514
1900.00,-4.1366
1900.50,-4.1203
1901.00,-4.1107
1901.50,-4.1115
1902.00,-4.1196
1902.50,-4.1302
1903.00,-4.1421
1903.50,-4.1575
1904.00,-4.1785
1904.50,-4.2045
1905.00,-4.2330
1905.50,-4.2615
1906.00,-4.2878
1906.50,-4.3091
1907.00,-4.3223
1907.50,-4.3267
1908.00,-4.3258
1908.50,-4.3271
1909.00,-4.3382
1909.50,-4.3614
1910.00,-4.3922
1910.50,-4.4229
1911.00,-4.4467
1911.50,-4.4592
1912.00,-4.4571
1912.50,-4.4393
1913.00,-4.4092
1913.50,-4.3756
1914.00,-4.3480
1914.50,-4.3306
1915.00,-4.3215
1915.50,-4.3165
1916.00,-4.3138
1916.50,-4.3143
1917.00,-4.3197
1917.50,-4.3312
1918.00,-4.3484
1918.50,-4.3698
1919.00,-4.3919
1919.50,-4.4114
1920.00,-4.4271
1920.50,-4.4414
1921.00,-4.4585
1921.50,-4.4797
1922.00,-4.5024
1922.50,-4.5212
1923.00,-4.5307
1923.50,-4.5259
1924.00,-4.5037
1924.50,-4.4666
1925.00,-4.4248
1925.50,-4.3926
1926.00,-4.3808
1926.50,-4.3903
1927.00,-4.4124
1927.50,-4.4359
1928.00,-4.4523
1928.50,-4.4583
1929.00,-4.4528
1929.50,-4.4365
1930.00,-4.4141
1930.50,-4.3948
1931.00,-4.3857
1931.50,-4.3849
1932.00,-4.3814
1932.50,-4.3635
1933.00,-4.3278
1933.50,-4.2796
1934.00,-4.2279
1934.50,-4.1801
1935.00,-4.1406
1935.50,-4.1117
1936.00,-4.0941
1936.50,-4.0865
1937.00,-4.0859
1937.50,-4.0885
1938.00,-4.0913
1938.50,-4.0934
1939.00,-4.0967
1939.50,-4.1049
1940.00,-4.1188
1940.50,-4.1339
1941.00,-4.1433
1941.50,-4.1447
1942.00,-4.1439
1942.50,-4.1493
1943.00,-4.1637
1943.50,-4.1816
1944.00,-4.1926
1944.50,-4.1903
1945.00,-4.1762
1945.50,-4.1593
1946.00,-4.1501
1946.50,-4.1549
1947.00,-4.1709
1947.50,-4.1884
1948.00,-4.1986
1948.50,-4.2014
1949.00,-4.2037
1949.50,-4.2120
1950.00,-4.2241
1950.50,-4.2315
1951.00,-4.2283
1951.50,-4.2179
1952.00,-4.2097
1952.50,-4.2098
1953.00,-4.2156
1953.50,-4.2193
1954.00,-4.2158
1954.50,-4.2069
1955.00,-4.1991
1955.50,-4.1967
1956.00,-4.1988
1956.50,-4.2002
1957.00,-4.1972
1957.50,-4.1895
1958.00,-4.1801
1958.50,-4.1715
1959.00,-4.1654
1959.50,-4.1646
1960.00,-4.1723
1960.50,-4.1874
1961.00,-4.2031
1961.50,-4.2113
1962.00,-4.2083
1962.50,-4.1970
1963.00,-4.1843
1963.50,-4.1769
1964.00,-4.1785
1964.50,-4.1869
1965.00,-4.1956
1965.50,-4.1993
1966.00,-4.1986
1966.50,-4.1990
1967.00,-4.2045
1967.50,-4.2137
1968.00,-4.2240
1968.50,-4.2368
1969.00,-4.2589
1969.50,-4.2955
1970.00,-4.3425
1970.50,-4.3876
1971.00,-4.4204
1971.50,-4.4396
1972.00,-4.4494
1972.50,-4.4514
1973.00,-4.4420
1973.50,-4.4201
1974.00,-4.3920
1974.50,-4.3685
1975.00,-4.3572
1975.50,-4.3589
1976.00,-4.3685
1976.50,-4.3795
1977.00,-4.3875
1977.50,-4.3914
1978.00,-4.3924
1978.50,-4.3923
1979.00,-4.3918
1979.50,-4.3903
1980.00,-4.3863
1980.50,-4.3819
1981.00,-4.3825
1981.50,-4.3935
1982.00,-4.4133
1982.50,-4.4304
1983.00,-4.4303
1983.50,-4.4065
1984.00,-4.3652
1984.50,-4.3218
1985.00,-4.2917
1985.50,-4.2850
1986.00,-4.3039
1986.50,-4.3420
1987.00,-4.3860
1987.50,-4.4209
1988.00,-4.4369
1988.50,-4.4327
1989.00,-4.4129
1989.50,-4.3820
1990.00,-4.3421
1990.50,-4.2956
1991.00,-4.2493
1991.50,-4.2136
1992.00,-4.1961
1992.50,-4.1961
1993.00,-4.2054
1993.50,-4.2139
1994.00,-4.2149
1994.50,-4.2065
1995.00,-4.1910
1995.50,-4.1731
1996.00,-4.1565
1996.50,-4.1421
1997.00,-4.1268
1997.50,-4.1073
1998.00,-4.0818
1998.50,-4.0521
1999.00,-4.0218
1999.50,-3.9969
2000.00,-3.9844
2000.50,-3.9887
2001.00,-4.0091
2001.50,-4.0391
2002.00,-4.0718
2002.50,-4.1028
2003.00,-4.1322
2003.50,-4.1615
2004.00,-4.1903
2004.50,-4.2150
2005.00,-4.2297
2005.50,-4.2315
2006.00,-4.2237
2006.50,-4.2151
2007.00,-4.2150
2007.50,-4.2275
2008.00,-4.2508
2008.50,-4.2803
2009.00,-4.3126
2009.50,-4.3461
2010.00,-4.3793
2010.50,-4.4100
2011.00,-4.4363
2011.50,-4.4589
2012.00,-4.4803
2012.50,-4.5025
2013.00,-4.5238
2013.50,-4.5407
2014.00,-4.5536
2014.50,-4.5684
2015.00,-4.5899
2015.50,-4.6141
2016.00,-4.6304
2016.50,-4.6299
2017.00,-4.6123
2017.50,-4.5833
2018.00,-4.5508
2018.50,-4.5221
2019.00,-4.5029
2019.50,-4.4947
2020.00,-4.4935
2020.50,-4.4925
2021.00,-4.4863
2021.50,-4.4759
2022.00,-4.4671
2022.50,-4.4650
2023.00,-4.4682
2023.50,-4.4679
2024.00,-4.4556
2024.50,-4.4306
2025.00,-4.4013
2025.50,-4.3787
2026.00,-4.3665
2026.50,-4.3584
2027.00,-4.3444
2027.50,-4.3195
2028.00,-4.2887
2028.50,-4.2626
2029.00,-4.2489
2029.50,-4.2471
2030.00,-4.2517
2030.50,-4.2599
2031.00,-4.2754
2031.50,-4.3056
2032.00,-4.3534
2032.50,-4.4119
2033.00,-4.4663
2033.50,-4.5003
2034.00,-4.5070
2034.50,-4.4934
2035.00,-4.4760
2035.50,-4.4690
2036.00,-4.4757
2036.50,-4.4913
2037.00,-4.5103
2037.50,-4.5294
2038.00,-4.5435
2038.50,-4.5448
2039.00,-4.5288
2039.50,-4.5019
2040.00,-4.4789
2040.50,-4.4715
2041.00,-4.4799
2041.50,-4.4953
2042.00,-4.5097
2042.50,-4.5226
2043.00,-4.5384
2043.50,-4.5600
2044.00,-4.5847
2044.50,-4.6059
2045.00,-4.6174
2045.50,-4.6171
2046.00,-4.6070
2046.50,-4.5926
2047.00,-4.5808
2047.50,-4.5767
2048.00,-4.5800
2048.50,-4.5848
2049.00,-4.5856
2049.50,-4.5854
2050.00,-4.5956
2050.50,-4.6263
2051.00,-4.6727
2051.50,-4.7139
2052.00,-4.7263
2052.50,-4.7010
2053.00,-4.6479
2053.50,-4.5840
2054.00,-4.5207
2054.50,-4.4623
2055.00,-4.4116
2055.50,-4.3750
2056.00,-4.3593
2056.50,-4.3668
2057.00,-4.3930
2057.50,-4.4282
2058.00,-4.4622
2058.50,-4.4882
2059.00,-4.5047
2059.50,-4.5141
2060.00,-4.5189
2060.50,-4.5215
2061.00,-4.5240
2061.50,-4.5291
2062.00,-4.5380
2062.50,-4.5494
2063.00,-4.5614
2063.50,-4.5760
2064.00,-4.5997
2064.50,-4.6366
2065.00,-4.6809
2065.50,-4.7193
2066.00,-4.7419
2066.50,-4.7511
2067.00,-4.7580
2067.50,-4.7707
2068.00,-4.7859
2068.50,-4.7928
2069.00,-4.7836
2069.50,-4.7618
2070.00,-4.7393
2070.50,-4.7296
2071.00,-4.7403
2071.50,-4.7716
2072.00,-4.8178
2072.50,-4.8703
2073.00,-4.9199
2073.50,-4.9595
2074.00,-4.9863
2074.50,-5.0019
2075.00,-5.0104
2075.50,-5.0149
2076.00,-5.0170
2076.50,-5.0157
2077.00,-5.0083
2077.50,-4.9915
2078.00,-4.9649
2078.50,-4.9324
2079.00,-4.9007
2079.50,-4.8750
2080.00,-4.8568
2080.50,-4.8450
2081.00,-4.8377
2081.50,-4.8328
2082.00,-4.8288
2082.50,-4.8258
2083.00,-4.8264
2083.50,-4.8333
2084.00,-4.8438
2084.50,-4.8495
2085.00,-4.8423
2085.50,-4.8227
2086.00,-4.8008
2086.50,-4.7895
2087.00,-4.7944
2087.50,-4.8107
2088.00,-4.8272
2088.50,-4.8334
2089.00,-4.8245
2089.50,-4.8027
2090.00,-4.7738
2090.50,-4.7430
2091.00,-4.7133
2091.50,-4.6855
2092.00,-4.6598
2092.50,-4.6361
2093.00,-4.6145
2093.50,-4.5946
2094.00,-4.5761
2094.50,-4.5580
2095.00,-4.5402
2095.50,-4.5233
2096.00,-4.5088
2096.50,-4.4977
2097.00,-4.4873
2097.50,-4.4721
2098.00,-4.4484
2098.50,-4.4191
2099.00,-4.3935
2099.50,-4.3799
2100.00,-4.3795
2100.50,-4.3873
2101.00,-4.3983
2101.50,-4.4104
2102.00,-4.4231
2102.50,-4.4341
2103.00,-4.4400
2103.50,-4.4397
2104.00,-4.4361
2104.50,-4.4359
2105.00,-4.4458
2105.50,-4.4688
2106.00,-4.5009
2106.50,-4.5327
2107.00,-4.5535
2107.50,-4.5581
2108.00,-4.5508
2108.50,-4.5410
2109.00,-4.5358
2109.50,-4.5357
2110.00,-4.5369
2110.50,-4.5362
2111.00,-4.5323
2111.50,-4.5237
2112.00,-4.5104
2112.50,-4.4956
2113.00,-4.4840
2113.50,-4.4761
2114.00,-4.4652
2114.50,-4.4433
2115.00,-4.4107
2115.50,-4.3779
2116.00,-4.3581
2116.50,-4.3563
2117.00,-4.3665
2117.50,-4.3760
2118.00,-4.3724
2118.50,-4.3489
2119.00,-4.3084
2119.50,-4.2612
2120.00,-4.2199
2120.50,-4.1918
2121.00,-4.1777
2121.50,-4.1741
2122.00,-4.1778
2122.50,-4.1880
2123.00,-4.2046
2123.50,-4.2252
2124.00,-4.2444
2124.50,-4.2576
2125.00,-4.2654
2125.50,-4.2740
2126.00,-4.2891
2126.50,-4.3110
2127.00,-4.3335
2127.50,-4.3484
2128.00,-4.3511
2128.50,-4.3446
2129.00,-4.3392
2129.50,-4.3477
2130.00,-4.3774
2130.50,-4.4236
2131.00,-4.4714
2131.50,-4.5057
2132.00,-4.5204
2132.50,-4.5205
2133.00,-4.5161
2133.50,-4.5152
2134.00,-4.5221
2134.50,-4.5374
2135.00,-4.5607
2135.50,-4.5886
2136.00,-4.6150
2136.50,-4.6340
2137.00,-4.6447
2137.50,-4.6507
2138.00,-4.6557
2138.50,-4.6582
2139.00,-4.6544
2139.50,-4.6425
2140.00,-4.6253
2140.50,-4.6064
2141.00,-4.5859
2141.50,-4.5616
2142.00,-4.5341
2142.50,-4.5085
2143.00,-4.4919
2143.50,-4.4874
2144.00,-4.4930
2144.50,-4.5030
2145.00,-4.5124
2145.50,-4.5186
2146.00,-4.5211
2146.50,-4.5195
2147.00,-4.5104
2147.50,-4.4881
2148.00,-4.4506
2148.50,-4.4059
2149.00,-4.3699
2149.50,-4.3566
2150.00,-4.3679
2150.50,-4.3906
2151.00,-4.4063
2151.50,-4.4038
2152.00,-4.3853
2152.50,-4.3623
2153.00,-4.3455
2153.50,-4.3375
2154.00,-4.3321
2154.50,-4.3219
2155.00,-4.3049
2155.50,-4.2857
2156.00,-4.2714
2156.50,-4.2648
2157.00,-4.2636
2157.50,-4.2641
2158.00,-4.2644
2158.50,-4.2647
2159.00,-4.2664
2159.50,-4.2704
2160.00,-4.2768
2160.50,-4.2847
2161.00,-4.2925
2161.50,-4.3007
2162.00,-4.3123
2162.50,-4.3302
2163.00,-4.3532
2163.50,-4.3761
2164.00,-4.3938
2164.50,-4.4046
2165.00,-4.4101
2165.50,-4.4127
2166.00,-4.4136
2166.50,-4.4154
2167.00,-4.4230
2167.50,-4.4421
2168.00,-4.4738
2168.50,-4.5117
2169.00,-4.5457
2169.50,-4.5702
2170.00,-4.5871
2170.50,-4.6020
2171.00,-4.6167
2171.50,-4.6275
2172.00,-4.6292
2172.50,-4.6203
2173.00,-4.6052
2173.50,-4.5919
2174.00,-4.5877
2174.50,-4.5948
2175.00,-4.6100
2175.50,-4.6270
2176.00,-4.6400
2176.50,-4.6465
2177.00,-4.6480
2177.50,-4.6468
2178.00,-4.6434
2178.50,-4.6359
2179.00,-4.6227
2179.50,-4.6056
2180.00,-4.5897
2180.50,-4.5814
2181.00,-4.5853
2181.50,-4.6018
2182.00,-4.6256
2182.50,-4.6479
2183.00,-4.6611
2183.50,-4.6654
2184.00,-4.6686
2184.50,-4.6787
2185.00,-4.6965
2185.50,-4.7157
2186.00,-4.7301
2186.50,-4.7410
2187.00,-4.7557
2187.50,-4.7794
2188.00,-4.8101
2188.50,-4.8403
2189.00,-4.8638
2189.50,-4.8797
2190.00,-4.8911
2190.50,-4.9007
2191.00,-4.9093
2191.50,-4.9154
2192.00,-4.9181
2192.50,-4.9202
2193.00,-4.9278
2193.50,-4.9445
2194.00,-4.9671
2194.50,-4.9853
2195.00,-4.9895
2195.50,-4.9778
2196.00,-4.9567
2196.50,-4.9352
2197.00,-4.9184
2197.50,-4.9038
2198.00,-4.8857
2198.50,-4.8625
2199.00,-4.8402
2199.50,-4.8279
2200.00,-4.8305
2200.50,-4.8438
2201.00,-4.8572
2201.50,-4.8623
2202.00,-4.8571
2202.50,-4.8446
2203.00,-4.8282
2203.50,-4.8091
2204.00,-4.7867
2204.50,-4.7620
2205.00,-4.7383
2205.50,-4.7192
2206.00,-4.7058
2206.50,-4.6958
2207.00,-4.6869
2207.50,-4.6816
2208.00,-4.6861
2208.50,-4.7049
2209.00,-4.7356
2209.50,-4.7703
2210.00,-4.8015
2210.50,-4.8263
2211.00,-4.8459
2211.50,-4.8634
2212.00,-4.8829
2212.50,-4.9081
2213.00,-4.9398
2213.50,-4.9737
2214.00,-5.0005
2214.50,-5.0109
2215.00,-5.0007
2215.50,-4.9743
2216.00,-4.9424
2216.50,-4.9167
2217.00,-4.9046
2217.50,-4.9070
2218.00,-4.9194
2218.50,-4.9336
2219.00,-4.9427
2219.50,-4.9439
2220.00,-4.9389
2220.50,-4.9301
2221.00,-4.9167
2221.50,-4.8955
2222.00,-4.8659
2222.50,-4.8355
2223.00,-4.8162
2223.50,-4.8147
2224.00,-4.8242
2224.50,-4.8279
2225.00,-4.8113
2225.50,-4.7758
2226.00,-4.7370
2226.50,-4.7118
2227.00,-4.7055
2227.50,-4.7095
2228.00,-4.7099
2228.50,-4.6962
2229.00,-4.6657
2229.50,-4.6224
2230.00,-4.5746
2230.50,-4.5321
2231.00,-4.5042
2231.50,-4.4966
2232.00,-4.5103
2232.50,-4.5405
2233.00,-4.5786
2233.50,-4.6134
2234.00,-4.6347
2234.50,-4.6359
2235.00,-4.6189
2235.50,-4.5926
2236.00,-4.5674
2236.50,-4.5508
2237.00,-4.5448
2237.50,-4.5476
2238.00,-4.5547
2238.50,-4.5597
2239.00,-4.5576
2239.50,-4.5503
2240.00,-4.5471
2240.50,-4.5587
2241.00,-4.5874
2241.50,-4.6229
2242.00,-4.6485
2242.50,-4.6538
2243.00,-4.6418
2243.50,-4.6249
2244.00,-4.6130
2244.50,-4.6081
2245.00,-4.6065
2245.50,-4.6073
2246.00,-4.6140
2246.50,-4.6311
2247.00,-4.6575
2247.50,-4.6870
2248.00,-4.7115
2248.50,-4.7251
2249.00,-4.7243
2249.50,-4.7099
2250.00,-4.6862
2250.50,-4.6619
2251.00,-4.6459
2251.50,-4.6426
2252.00,-4.6484
2252.50,-4.6532
2253.00,-4.6478
2253.50,-4.6301
2254.00,-4.6079
2254.50,-4.5933
2255.00,-4.5946
2255.50,-4.6100
2256.00,-4.6287
2256.50,-4.6388
2257.00,-4.6351
2257.50,-4.6214
2258.00,-4.6070
2258.50,-4.6011
2259.00,-4.6081
2259.50,-4.6253
2260.00,-4.6459
2260.50,-4.6626
2261.00,-4.6718
2261.50,-4.6719
2262.00,-4.6628
2262.50,-4.6461
2263.00,-4.6275
2263.50,-4.6167
2264.00,-4.6229
2264.50,-4.6481
2265.00,-4.6847
2265.50,-4.7187
2266.00,-4.7388
2266.50,-4.7428
2267.00,-4.7371
2267.50,-4.7306
2268.00,-4.7281
2268.50,-4.7308
2269.00,-4.7401
2269.50,-4.7576
2270.00,-4.7816
2270.50,-4.8033
2271.00,-4.8112
2271.50,-4.7995
2272.00,-4.7751
2272.50,-4.7525
2273.00,-4.7436
2273.50,-4.7496
2274.00,-4.7634
2274.50,-4.7755
2275.00,-4.7799
2275.50,-4.7754
2276.00,-4.7658
2276.50,-4.7573
2277.00,-4.7550
2277.50,-4.7602
2278.00,-4.7710
2278.50,-4.7842
2279.00,-4.7980
2279.50,-4.8114
2280.00,-4.8234
2280.50,-4.8319
2281.00,-4.8351
2281.50,-4.8324
2282.00,-4.8247
2282.50,-4.8117
2283.00,-4.7903
2283.50,-4.7571
2284.00,-4.7141
2284.50,-4.6714
2285.00,-4.6405
2285.50,-4.6263
2286.00,-4.6238
2286.50,-4.6246
2287.00,-4.6241
2287.50,-4.6221
2288.00,-4.6201
2288.50,-4.6187
2289.00,-4.6193
2289.50,-4.6246
2290.00,-4.6363
2290.50,-4.6530
2291.00,-4.6688
2291.50,-4.6767
2292.00,-4.6728
2292.50,-4.6596
2293.00,-4.6436
2293.50,-4.6296
2294.00,-4.6191
2294.50,-4.6118
2295.00,-4.6086
2295.50,-4.6126
2296.00,-4.6246
2296.50,-4.6409
2297.00,-4.6542
2297.50,-4.6580
2298.00,-4.6525
2298.50,-4.6453
2299.00,-4.6471
2299.50,-4.6624
2300.00,-4.6858
2300.50,-4.7051
2301.00,-4.7111
2301.50,-4.7034
2302.00,-4.6889
2302.50,-4.6760
2303.00,-4.6687
2303.50,-4.6666
2304.00,-4.6674
2304.50,-4.6708
2305.00,-4.6784
2305.50,-4.6920
2306.00,-4.7096
2306.50,-4.7241
2307.00,-4.7279
2307.50,-4.7184
2308.00,-4.7029
2308.50,-4.6939
2309.00,-4.6991
2309.50,-4.7146
2310.00,-4.7275
2310.50,-4.7272
2311.00,-4.7126
2311.50,-4.6894
2312.00,-4.6653
2312.50,-4.6478
2313.00,-4.6441
2313.50,-4.6582
2314.00,-4.6844
2314.50,-4.7088
2315.00,-4.7180
2315.50,-4.7093
2316.00,-4.6920
2316.50,-4.6787
2317.00,-4.6749
2317.50,-4.6762
2318.00,-4.6744
2318.50,-4.6666
2319.00,-4.6580
2319.50,-4.6547
2320.00,-4.6567
2320.50,-4.6563
2321.00,-4.6432
2321.50,-4.6119
2322.00,-4.5656
2322.50,-4.5148
2323.00,-4.4721
2323.50,-4.4459
2324.00,-4.4380
2324.50,-4.4454
2325.00,-4.4645
2325.50,-4.4932
2326.00,-4.5314
2326.50,-4.5788
2327.00,-4.6337
2327.50,-4.6915
2328.00,-4.7451
2328.50,-4.7873
2329.00,-4.8137
2329.50,-4.8255
2330.00,-4.8278
2330.50,-4.8282
2331.00,-4.8327
2331.50,-4.8428
2332.00,-4.8548
2332.50,-4.8622
2333.00,-4.8614
2333.50,-4.8539
2334.00,-4.8459
2334.50,-4.8436
2335.00,-4.8484
2335.50,-4.8561
2336.00,-4.8611
2336.50,-4.8604
2337.00,-4.8562
2337.50,-4.8523
2338.00,-4.8505
2338.50,-4.8496
2339.00,-4.8474
2339.50,-4.8429
2340.00,-4.8357
2340.50,-4.8266
2341.00,-4.8169
2341.50,-4.8079
2342.00,-4.7997
2342.50,-4.7911
2343.00,-4.7797
2343.50,-4.7637
2344.00,-4.7430
2344.50,-4.7207
2345.00,-4.7010
2345.50,-4.6876
2346.00,-4.6805
2346.50,-4.6756
2347.00,-4.6683
2347.50,-4.6573
2348.00,-4.6462
2348.50,-4.6396
2349.00,-4.6381
2349.50,-4.6371
2350.00,-4.6318
2350.50,-4.6222
2351.00,-4.6130
2351.50,-4.6087
2352.00,-4.6097
2352.50,-4.6127
2353.00,-4.6148
2353.50,-4.6154
2354.00,-4.6153
2354.50,-4.6147
2355.00,-4.6126
2355.50,-4.6101
2356.00,-4.6112
2356.50,-4.6203
2357.00,-4.6366
2357.50,-4.6543
2358.00,-4.6660
2358.50,-4.6685
2359.00,-4.6642
2359.50,-4.6602
2360.00,-4.6649
2360.50,-4.6846
2361.00,-4.7185
2361.50,-4.7588
2362.00,-4.7954
2362.50,-4.8220
2363.00,-4.8385
2363.50,-4.8477
2364.00,-4.8534
2364.50,-4.8589
2365.00,-4.8683
2365.50,-4.8856
2366.00,-4.9117
2366.50,-4.9432
2367.00,-4.9729
2367.50,-4.9930
2368.00,-4.9986
2368.50,-4.9924
2369.00,-4.9841
2369.50,-4.9829
2370.00,-4.9891
2370.50,-4.9915
2371.00,-4.9775
2371.50,-4.9443
2372.00,-4.9023
2372.50,-4.8664
2373.00,-4.8452
2373.50,-4.8367
2374.00,-4.8326
2374.50,-4.8245
2375.00,-4.8069
2375.50,-4.7768
2376.00,-4.7348
2376.50,-4.6878
2377.00,-4.6474
2377.50,-4.6237
2378.00,-4.6190
2378.50,-4.6274
2379.00,-4.6411
2379.50,-4.6545
2380.00,-4.6652
2380.50,-4.6729
2381.00,-4.6794
2381.50,-4.6888
2382.00,-4.7052
2382.50,-4.7306
2383.00,-4.7625
2383.50,-4.7943
2384.00,-4.8181
2384.50,-4.8298
2385.00,-4.8305
2385.50,-4.8267
2386.00,-4.8255
2386.50,-4.8314
2387.00,-4.8436
2387.50,-4.8587
2388.00,-4.8738
2388.50,-4.8911
2389.00,-4.9150
2389.50,-4.9472
2390.00,-4.9830
2390.50,-5.0141
2391.00,-5.0333
2391.50,-5.0376
2392.00,-5.0274
2392.50,-5.0053
2393.00,-4.9766
2393.50,-4.9475
2394.00,-4.9241
2394.50,-4.9112
2395.00,-4.9110
2395.50,-4.9204
2396.00,-4.9321
2396.50,-4.9380
2397.00,-4.9359
2397.50,-4.9302
2398.00,-4.9252
2398.50,-4.9198
2399.00,-4.9065
2399.50,-4.8803
2400.00,-4.8454
2400.50,-4.8139
2401.00,-4.7986
2401.50,-4.8062
2402.00,-4.8346
2402.50,-4.8747
2403.00,-4.9140
2403.50,-4.9447
2404.00,-4.9662
2404.50,-4.9821
2405.00,-4.9926
2405.50,-4.9936
2406.00,-4.9815
2406.50,-4.9583
2407.00,-4.9300
2407.50,-4.9021
2408.00,-4.8775
2408.50,-4.8593
2409.00,-4.8508
2409.50,-4.8540
2410.00,-4.8677
2410.50,-4.8880
2411.00,-4.9098
2411.50,-4.9268
2412.00,-4.9323
2412.50,-4.9223
2413.00,-4.9002
2413.50,-4.8774
2414.00,-4.8671
2414.50,-4.8757
2415.00,-4.8997
2415.50,-4.9296
2416.00,-4.9581
2416.50,-4.9826
2417.00,-5.0042
2417.50,-5.0244
2418.00,-5.0423
2418.50,-5.0547
2419.00,-5.0564
2419.50,-5.0454
2420.00,-5.0256
2420.50,-5.0064
2421.00,-4.9973
2421.50,-5.0025
2422.00,-5.0183
2422.50,-5.0352
2423.00,-5.0436
2423.50,-5.0397
2424.00,-5.0280
2424.50,-5.0162
2425.00,-5.0097
2425.50,-5.0090
2426.00,-5.0124
2426.50,-5.0178
2427.00,-5.0223
2427.50,-5.0235
2428.00,-5.0210
2428.50,-5.0170
2429.00,-5.0138
2429.50,-5.0106
2430.00,-5.0067
2430.50,-5.0045
2431.00,-5.0084
2431.50,-5.0193
2432.00,-5.0317
2432.50,-5.0380
2433.00,-5.0351
2433.50,-5.0270
2434.00,-5.0195
2434.50,-5.0159
2435.00,-5.0164
2435.50,-5.0203
2436.00,-5.0263
2436.50,-5.0302
2437.00,-5.0260
2437.50,-5.0087
2438.00,-4.9779
2438.50,-4.9388
2439.00,-4.8995
2439.50,-4.8684
2440.00,-4.8493
2440.50,-4.8399
2441.00,-4.8337
2441.50,-4.8259
2442.00,-4.8174
2442.50,-4.8141
2443.00,-4.8205
2443.50,-4.8354
2444.00,-4.8521
2444.50,-4.8614
2445.00,-4.8549
2445.50,-4.8297
2446.00,-4.7906
2446.50,-4.7489
2447.00,-4.7154
2447.50,-4.6941
2448.00,-4.6818
2448.50,-4.6728
2449.00,-4.6625
2449.50,-4.6492
2450.00,-4.6347
2450.50,-4.6243
2451.00,-4.6234
2451.50,-4.6315
2452.00,-4.6420
2452.50,-4.6486
2453.00,-4.6521
2453.50,-4.6584
2454.00,-4.6716
2454.50,-4.6895
2455.00,-4.7067
2455.50,-4.7193
2456.00,-4.7265
2456.50,-4.7287
2457.00,-4.7255
2457.50,-4.7153
2458.00,-4.6960
2458.50,-4.6675
2459.00,-4.6341
2459.50,-4.6029
2460.00,-4.5810
2460.50,-4.5709
2461.00,-4.5718
2461.50,-4.5808
2462.00,-4.5955
2462.50,-4.6133
2463.00,-4.6297
2463.50,-4.6396
2464.00,-4.6420
2464.50,-4.6423
2465.00,-4.6465
2465.50,-4.6539
2466.00,-4.6550
2466.50,-4.6392
2467.00,-4.6043
2467.50,-4.5605
2468.00,-4.5236
2468.50,-4.5054
2469.00,-4.5080
2469.50,-4.5243
2470.00,-4.5438
2470.50,-4.5595
2471.00,-4.5705
2471.50,-4.5814
2472.00,-4.5970
2472.50,-4.6192
2473.00,-4.6482
2473.50,-4.6840
2474.00,-4.7242
2474.50,-4.7631
2475.00,-4.7928
2475.50,-4.8082
2476.00,-4.8083
2476.50,-4.7951
2477.00,-4.7742
2477.50,-4.7546
2478.00,-4.7465
2478.50,-4.7556
2479.00,-4.7795
2479.50,-4.8080
2480.00,-4.8285
2480.50,-4.8325
2481.00,-4.8215
2481.50,-4.8056
2482.00,-4.7955
2482.50,-4.7949
2483.00,-4.7982
2483.50,-4.7984
2484.00,-4.7931
2484.50,-4.7861
2485.00,-4.7835
2485.50,-4.7892
2486.00,-4.8046
2486.50,-4.8308
2487.00,-4.8693
2487.50,-4.9174
2488.00,-4.9642
2488.50,-4.9911
2489.00,-4.9816
2489.50,-4.9346
2490.00,-4.8674
2490.50,-4.8065
2491.00,-4.7708
2491.50,-4.7621
2492.00,-4.7679
2492.50,-4.7733
2493.00,-4.7710
2493.50,-4.7643
2494.00,-4.7625
2494.50,-4.7724
2495.00,-4.7926
2495.50,-4.8149
2496.00,-4.8311
2496.50,-4.8385
2497.00,-4.8386
2497.50,-4.8333
2498.00,-4.8231
2498.50,-4.8088
2499.00,-4.7951
2499.50,-4.7883
2500.00,-4.7939
2500.50,-4.8123
2501.00,-4.8402
2501.50,-4.8720
2502.00,-4.8995
2502.50,-4.9118
2503.00,-4.8989
2503.50,-4.8588
2504.00,-4.8021
2504.50,-4.7465
2505.00,-4.7067
2505.50,-4.6861
2506.00,-4.6792
2506.50,-4.6779
2507.00,-4.6777
2507.50,-4.6789
2508.00,-4.6854
2508.50,-4.7018
2509.00,-4.7302
2509.50,-4.7667
2510.00,-4.8018
2510.50,-4.8234
2511.00,-4.8235
2511.50,-4.8020
2512.00,-4.7657
2512.50,-4.7241
2513.00,-4.6861
2513.50,-4.6579
2514.00,-4.6427
2514.50,-4.6401
2515.00,-4.6462
2515.50,-4.6549
2516.00,-4.6599
2516.50,-4.6564
2517.00,-4.6429
2517.50,-4.6214
2518.00,-4.5984
2518.50,-4.5814
2519.00,-4.5747
2519.50,-4.5761
2520.00,-4.5800
2520.50,-4.5835
2521.00,-4.5882
2521.50,-4.5976
2522.00,-4.6119
2522.50,-4.6269
2523.00,-4.6360
2523.50,-4.6349
2524.00,-4.6240
2524.50,-4.6093
2525.00,-4.5995
2525.50,-4.6016
2526.00,-4.6174
2526.50,-4.6440
2527.00,-4.6764
2527.50,-4.7096
2528.00,-4.7403
2528.50,-4.7665
2529.00,-4.7868
2529.50,-4.8004
2530.00,-4.8089
2530.50,-4.8165
2531.00,-4.8275
2531.50,-4.8429
2532.00,-4.8587
2532.50,-4.8698
2533.00,-4.8730
2533.50,-4.8682
2534.00,-4.8568
2534.50,-4.8427
2535.00,-4.8324
2535.50,-4.8322
2536.00,-4.8434
2536.50,-4.8611
2537.00,-4.8776
2537.50,-4.8879
2538.00,-4.8906
2538.50,-4.8849
2539.00,-4.8698
2539.50,-4.8462
2540.00,-4.8194
2540.50,-4.7974
2541.00,-4.7858
2541.50,-4.7850
2542.00,-4.7919
2542.50,-4.8035
2543.00,-4.8189
2543.50,-4.8369
2544.00,-4.8540
2544.50,-4.8657
2545.00,-4.8699
2545.50,-4.8673
2546.00,-4.8592
2546.50,-4.8464
2547.00,-4.8314
2547.50,-4.8181
2548.00,-4.8107
2548.50,-4.8124
2549.00,-4.8245
2549.50,-4.8446
2550.00,-4.8672
2550.50,-4.8869
2551.00,-4.9018
2551.50,-4.9143
2552.00,-4.9273
2552.50,-4.9395
2553.00,-4.9458
2553.50,-4.9418
2554.00,-4.9288
2554.50,-4.9129
2555.00,-4.9010
2555.50,-4.8950
2556.00,-4.8936
2556.50,-4.8963
2557.00,-4.9053
2557.50,-4.9235
2558.00,-4.9500
2558.50,-4.9801
2559.00,-5.0081
2559.50,-5.0302
2560.00,-5.0450
2560.50,-5.0518
2561.00,-5.0507
2561.50,-5.0439
2562.00,-5.0351
2562.50,-5.0283
2563.00,-5.0262
2563.50,-5.0294
2564.00,-5.0362
2564.50,-5.0424
2565.00,-5.0428
2565.50,-5.0347
2566.00,-5.0206
2566.50,-5.0085
2567.00,-5.0067
2567.50,-5.0188
2568.00,-5.0401
2568.50,-5.0605
2569.00,-5.0713
2569.50,-5.0714
2570.00,-5.0660
2570.50,-5.0595
2571.00,-5.0516
2571.50,-5.0390
2572.00,-5.0212
2572.50,-5.0025
2573.00,-4.9896
2573.50,-4.9885
2574.00,-5.0001
2574.50,-5.0183
2575.00,-5.0319
2575.50,-5.0318
2576.00,-5.0180
2576.50,-4.9994
2577.00,-4.9867
2577.50,-4.9840
2578.00,-4.9865
2578.50,-4.9855
2579.00,-4.9768
2579.50,-4.9648
2580.00,-4.9606
2580.50,-4.9748
2581.00,-5.0113
2581.50,-5.0639
2582.00,-5.1185
2582.50,-5.1592
2583.00,-5.1772
2583.50,-5.1755
2584.00,-5.1645
2584.50,-5.1531
2585.00,-5.1420
2585.50,-5.1265
2586.00,-5.1043
2586.50,-5.0791
2587.00,-5.0579
2587.50,-5.0455
2588.00,-5.0427
2588.50,-5.0476
2589.00,-5.0575
2589.50,-5.0693
2590.00,-5.0802
2590.50,-5.0888
2591.00,-5.0953
2591.50,-5.1010
2592.00,-5.1064
2592.50,-5.1119
2593.00,-5.1185
2593.50,-5.1265
2594.00,-5.1338
2594.50,-5.1367
2595.00,-5.1329
2595.50,-5.1233
2596.00,-5.1122
2596.50,-5.1045
2597.00,-5.1031
2597.50,-5.1076
2598.00,-5.1151
2598.50,-5.1224
2599.00,-5.1276
2599.50,-5.1303
2600.00,-5.1314
2600.50,-5.1323
2601.00,-5.1349
2601.50,-5.1394
2602.00,-5.1430
2602.50,-5.1421
2603.00,-5.1365
2603.50,-5.1313
2604.00,-5.1335
2604.50,-5.1469
2605.00,-5.1703
2605.50,-5.1991
2606.00,-5.2278
2606.50,-5.2511
2607.00,-5.2662
2607.50,-5.2731
2608.00,-5.2740
2608.50,-5.2685
2609.00,-5.2532
2609.50,-5.2241
2610.00,-5.1826
2610.50,-5.1370
2611.00,-5.0972
2611.50,-5.0681
2612.00,-5.0465
2612.50,-5.0253
2613.00,-5.0000
2613.50,-4.9743
2614.00,-4.9562
2614.50,-4.9504
2615.00,-4.9521
2615.50,-4.9503
2616.00,-4.9363
2616.50,-4.9094
2617.00,-4.8755
2617.50,-4.8424
2618.00,-4.8143
2618.50,-4.7912
2619.00,-4.7714
2619.50,-4.7540
2620.00,-4.7394
2620.50,-4.7286
2621.00,-4.7216
2621.50,-4.7190
2622.00,-4.7229
2622.50,-4.7343
2623.00,-4.7485
2623.50,-4.7559
2624.00,-4.7492
2624.50,-4.7293
2625.00,-4.7032
2625.50,-4.6773
2626.00,-4.6550
2626.50,-4.6406
2627.00,-4.6393
2627.50,-4.6531
2628.00,-4.6768
2628.50,-4.7002
2629.00,-4.7162
2629.50,-4.7258
2630.00,-4.7357
2630.50,-4.7524
2631.00,-4.7760
2631.50,-4.8005
2632.00,-4.8202
2632.50,-4.8340
2633.00,-4.8463
2633.50,-4.8638
2634.00,-4.8916
2634.50,-4.9295
2635.00,-4.9712
2635.50,-5.0061
2636.00,-5.0262
2636.50,-5.0306
2637.00,-5.0251
2637.50,-5.0171
2638.00,-5.0123
2638.50,-5.0133
2639.00,-5.0212
2639.50,-5.0333
2640.00,-5.0426
2640.50,-5.0405
2641.00,-5.0236
2641.50,-4.9967
2642.00,-4.9671
2642.50,-4.9374
2643.00,-4.9052
2643.50,-4.8685
2644.00,-4.8294
2644.50,-4.7918
2645.00,-4.7576
2645.50,-4.7255
2646.00,-4.6958
2646.50,-4.6720
2647.00,-4.6600
2647.50,-4.6635
2648.00,-4.6811
2648.50,-4.7058
2649.00,-4.7284
2649.50,-4.7419
2650.00,-4.7451
2650.50,-4.7421
2651.00,-4.7382
2651.50,-4.7362
2652.00,-4.7352
2652.50,-4.7331
2653.00,-4.7293
2653.50,-4.7250
2654.00,-4.7241
2654.50,-4.7325
2655.00,-4.7538
2655.50,-4.7848
2656.00,-4.8155
2656.50,-4.8359
2657.00,-4.8442
2657.50,-4.8487
2658.00,-4.8611
2658.50,-4.8874
2659.00,-4.9233
2659.50,-4.9583
2660.00,-4.9860
2660.50,-5.0080
2661.00,-5.0301
2661.50,-5.0563
2662.00,-5.0864
2662.50,-5.1178
2663.00,-5.1462
2663.50,-5.1646
2664.00,-5.1658
2664.50,-5.1471
2665.00,-5.1148
2665.50,-5.0819
2666.00,-5.0614
2666.50,-5.0594
2667.00,-5.0727
2667.50,-5.0928
2668.00,-5.1118
2668.50,-5.1267
2669.00,-5.1390
2669.50,-5.1523
2670.00,-5.1689
2670.50,-5.1899
2671.00,-5.2146
2671.50,-5.2413
2672.00,-5.2660
2672.50,-5.2822
2673.00,-5.2845
2673.50,-5.2720
2674.00,-5.2490
2674.50,-5.2219
2675.00,-5.1962
2675.50,-5.1747
2676.00,-5.1573
2676.50,-5.1416
2677.00,-5.1258
2677.50,-5.1095
2678.00,-5.0928
2678.50,-5.0737
2679.00,-5.0519
2679.50,-5.0307
2680.00,-5.0158
2680.50,-5.0084
2681.00,-5.0022
2681.50,-4.9886
2682.00,-4.9654
2682.50,-4.9407
2683.00,-4.9257
2683.50,-4.9252
2684.00,-4.9353
2684.50,-4.9495
2685.00,-4.9661
2685.50,-4.9870
2686.00,-5.0109
2686.50,-5.0294
2687.00,-5.0325
2687.50,-5.0158
2688.00,-4.9830
2688.50,-4.9422
2689.00,-4.9019
2689.50,-4.8696
2690.00,-4.8507
2690.50,-4.8466
2691.00,-4.8538
2691.50,-4.8658
2692.00,-4.8765
2692.50,-4.8838
2693.00,-4.8917
2693.50,-4.9065
2694.00,-4.9304
2694.50,-4.9572
2695.00,-4.9761
2695.50,-4.9810
2696.00,-4.9758
2696.50,-4.9723
2697.00,-4.9818
2697.50,-5.0079
2698.00,-5.0451
2698.50,-5.0841
2699.00,-5.1194
2699.50,-5.1519
2700.00,-5.1851
2700.50,-5.2191
2701.00,-5.2486
2701.50,-5.2673
2702.00,-5.2715
2702.50,-5.2619
2703.00,-5.2416
2703.50,-5.2158
2704.00,-5.1915
2704.50,-5.1757
2705.00,-5.1722
2705.50,-5.1793
2706.00,-5.1919
2706.50,-5.2029
2707.00,-5.2070
2707.50,-5.2027
2708.00,-5.1931
2708.50,-5.1835
2709.00,-5.1762
2709.50,-5.1696
2710.00,-5.1616
2710.50,-5.1537
2711.00,-5.1508
2711.50,-5.1558
2712.00,-5.1660
2712.50,-5.1742
2713.00,-5.1761
2713.50,-5.1739
2714.00,-5.1746
2714.50,-5.1823
2715.00,-5.1944
2715.50,-5.2025
2716.00,-5.1984
2716.50,-5.1800
2717.00,-5.1543
2717.50,-5.1331
2718.00,-5.1256
2718.50,-5.1320
2719.00,-5.1461
2719.50,-5.1597
2720.00,-5.1684
2720.50,-5.1697
2721.00,-5.1608
2721.50,-5.1385
2722.00,-5.1047
2722.50,-5.0687
2723.00,-5.0433
2723.50,-5.0364
2724.00,-5.0466
2724.50,-5.0660
2725.00,-5.0862
2725.50,-5.1020
2726.00,-5.1126
2726.50,-5.1194
2727.00,-5.1231
2727.50,-5.1237
2728.00,-5.1226
2728.50,-5.1251
2729.00,-5.1388
2729.50,-5.1675
2730.00,-5.2068
2730.50,-5.2447
2731.00,-5.2694
2731.50,-5.2780
2732.00,-5.2783
2732.50,-5.2809
2733.00,-5.2896
2733.50,-5.3000
2734.00,-5.3054
2734.50,-5.3040
2735.00,-5.3013
2735.50,-5.3047
2736.00,-5.3179
2736.50,-5.3365
2737.00,-5.3517
2737.50,-5.3565
2738.00,-5.3488
2738.50,-5.3310
2739.00,-5.3080
2739.50,-5.2856
2740.00,-5.2696
2740.50,-5.2644
2741.00,-5.2700
2741.50,-5.2810
2742.00,-5.2907
2742.50,-5.2956
2743.00,-5.2966
2743.50,-5.2957
2744.00,-5.2936
2744.50,-5.2887
2745.00,-5.2794
2745.50,-5.2648
2746.00,-5.2457
2746.50,-5.2237
2747.00,-5.2006
2747.50,-5.1759
2748.00,-5.1483
2748.50,-5.1175
2749.00,-5.0869
2749.50,-5.0612
2750.00,-5.0420
2750.50,-5.0245
2751.00,-4.9999
2751.50,-4.9618
2752.00,-4.9125
2752.50,-4.8633
2753.00,-4.8295
2753.50,-4.8215
2754.00,-4.8394
2754.50,-4.8744
2755.00,-4.9140
2755.50,-4.9489
2756.00,-4.9735
2756.50,-4.9864
2757.00,-4.9893
2757.50,-4.9865
2758.00,-4.9839
2758.50,-4.9864
2759.00,-4.9946
2759.50,-5.0041
2760.00,-5.0099
2760.50,-5.0105
2761.00,-5.0102
2761.50,-5.0157
2762.00,-5.0320
2762.50,-5.0589
2763.00,-5.0907
2763.50,-5.1194
2764.00,-5.1386
2764.50,-5.1473
2765.00,-5.1503
2765.50,-5.1558
2766.00,-5.1695
2766.50,-5.1913
2767.00,-5.2155
2767.50,-5.2356
2768.00,-5.2489
2768.50,-5.2574
2769.00,-5.2649
2769.50,-5.2734
2770.00,-5.2834
2770.50,-5.2953
2771.00,-5.3099
2771.50,-5.3244
2772.00,-5.3312
2772.50,-5.3220
2773.00,-5.2940
2773.50,-5.2528
2774.00,-5.2078
2774.50,-5.1658
2775.00,-5.1290
2775.50,-5.0972
2776.00,-5.0701
2776.50,-5.0475
2777.00,-5.0280
2777.50,-5.0117
2778.00,-5.0013
2778.50,-5.0004
2779.00,-5.0074
2779.50,-5.0133
2780.00,-5.0073
2780.50,-4.9866
2781.00,-4.9596
2781.50,-4.9398
2782.00,-4.9358
2782.50,-4.9471
2783.00,-4.9661
2783.50,-4.9835
2784.00,-4.9941
2784.50,-4.9987
2785.00,-5.0034
2785.50,-5.0129
2786.00,-5.0269
2786.50,-5.0416
2787.00,-5.0533
2787.50,-5.0614
2788.00,-5.0669
2788.50,-5.0702
2789.00,-5.0717
2789.50,-5.0728
2790.00,-5.0775
2790.50,-5.0906
2791.00,-5.1155
2791.50,-5.1523
2792.00,-5.1970
2792.50,-5.2441
2793.00,-5.2884
2793.50,-5.3266
2794.00,-5.3569
2794.50,-5.3779
2795.00,-5.3890
2795.50,-5.3920
2796.00,-5.3913
2796.50,-5.3909
2797.00,-5.3922
2797.50,-5.3951
2798.00,-5.4013
2798.50,-5.4158
2799.00,-5.4431
2799.50,-5.4803
2800.00,-5.5149
2800.50,-5.5318
2801.00,-5.5262
2801.50,-5.5102
2802.00,-5.5033
2802.50,-5.5169
2803.00,-5.5446
2803.50,-5.5694
2804.00,-5.5777
2804.50,-5.5668
2805.00,-5.5423
2805.50,-5.5097
2806.00,-5.4725
2806.50,-5.4327
2807.00,-5.3920
2807.50,-5.3530
2808.00,-5.3184
2808.50,-5.2903
2809.00,-5.2673
2809.50,-5.2464
2810.00,-5.2278
2810.50,-5.2165
2811.00,-5.2175
2811.50,-5.2284
2812.00,-5.2391
2812.50,-5.2389
2813.00,-5.2231
2813.50,-5.1941
2814.00,-5.1567
2814.50,-5.1147
2815.00,-5.0730
2815.50,-5.0390
2816.00,-5.0206
2816.50,-5.0202
2817.00,-5.0313
2817.50,-5.0425
2818.00,-5.0449
2818.50,-5.0377
2819.00,-5.0268
2819.50,-5.0191
2820.00,-5.0197
2820.50,-5.0308
2821.00,-5.0500
2821.50,-5.0702
2822.00,-5.0826
2822.50,-5.0828
2823.00,-5.0746
2823.50,-5.0669
2824.00,-5.0682
2824.50,-5.0818
2825.00,-5.1051
2825.50,-5.1323
2826.00,-5.1575
2826.50,-5.1768
2827.00,-5.1869
2827.50,-5.1849
2828.00,-5.1691
2828.50,-5.1420
2829.00,-5.1106
2829.50,-5.0829
2830.00,-5.0636
2830.50,-5.0527
2831.00,-5.0482
2831.50,-5.0495
2832.00,-5.0576
2832.50,-5.0722
2833.00,-5.0886
2833.50,-5.0990
2834.00,-5.0978
2834.50,-5.0845
2835.00,-5.0642
2835.50,-5.0455
2836.00,-5.0367
2836.50,-5.0430
2837.00,-5.0633
2837.50,-5.0907
2838.00,-5.1163
2838.50,-5.1350
2839.00,-5.1473
2839.50,-5.1568
2840.00,-5.1640
2840.50,-5.1649
2841.00,-5.1549
2841.50,-5.1355
2842.00,-5.1145
2842.50,-5.1000
2843.00,-5.0930
2843.50,-5.0888
2844.00,-5.0827
2844.50,-5.0757
2845.00,-5.0733
2845.50,-5.0801
2846.00,-5.0947
2846.50,-5.1112
2847.00,-5.1228
2847.50,-5.1268
2848.00,-5.1256
2848.50,-5.1242
2849.00,-5.1267
2849.50,-5.1334
2850.00,-5.1420
2850.50,-5.1485
2851.00,-5.1488
2851.50,-5.1413
2852.00,-5.1296
2852.50,-5.1228
2853.00,-5.1291
2853.50,-5.1481
2854.00,-5.1685
2854.50,-5.1755
2855.00,-5.1612
2855.50,-5.1315
2856.00,-5.1017
2856.50,-5.0847
2857.00,-5.0833
2857.50,-5.0911
2858.00,-5.1001
2858.50,-5.1071
