0.00,0.0000
0.50,0.2979
1.00,0.6640
1.50,1.0523
2.00,1.4211
2.50,1.7497
3.00,2.0359
3.50,2.2834
4.00,2.4950
4.50,2.6747
5.00,2.8307
5.50,2.9747
6.00,3.1162
6.50,3.2587
7.00,3.3996
7.50,3.5339
8.00,3.6589
8.50,3.7764
9.00,3.8899
9.50,4.0007
10.00,4.1060
10.50,4.2024
11.00,4.2881
11.50,4.3641
12.00,4.4344
12.50,4.5042
13.00,4.5782
13.50,4.6563
14.00,4.7348
14.50,4.8108
15.00,4.8843
15.50,4.9553
16.00,5.0205
16.50,5.0763
17.00,5.1237
17.50,5.1696
18.00,5.2186
18.50,5.2674
19.00,5.3072
19.50,5.3317
20.00,5.3426
20.50,5.3472
21.00,5.3520
21.50,5.3609
22.00,5.3763
22.50,5.3992
23.00,5.4277
23.50,5.4554
24.00,5.4734
24.50,5.4755
25.00,5.4622
25.50,5.4411
26.00,5.4230
26.50,5.4170
27.00,5.4264
27.50,5.4489
28.00,5.4772
28.50,5.5021
29.00,5.5169
29.50,5.5210
30.00,5.5208
30.50,5.5255
31.00,5.5412
31.50,5.5670
32.00,5.5972
32.50,5.6257
33.00,5.6509
33.50,5.6741
34.00,5.6969
34.50,5.7186
35.00,5.7387
35.50,5.7573
36.00,5.7751
36.50,5.7912
37.00,5.8044
37.50,5.8164
38.00,5.8313
38.50,5.8532
39.00,5.8822
39.50,5.9142
40.00,5.9450
40.50,5.9737
41.00,6.0017
41.50,6.0310
42.00,6.0621
42.50,6.0949
43.00,6.1291
43.50,6.1640
44.00,6.1976
44.50,6.2283
45.00,6.2571
45.50,6.2878
46.00,6.3230
46.50,6.3600
47.00,6.3909
47.50,6.4087
48.00,6.4136
48.50,6.4138
49.00,6.4184
49.50,6.4317
50.00,6.4521
50.50,6.4764
51.00,6.5021
51.50,6.5270
52.00,6.5487
52.50,6.5653
53.00,6.5774
53.50,6.5871
54.00,6.5974
54.50,6.6099
55.00,6.6242
55.50,6.6383
56.00,6.6513
56.50,6.6641
57.00,6.6775
57.50,6.6927
58.00,6.7109
58.50,6.7339
59.00,6.7615
59.50,6.7890
60.00,6.8098
60.50,6.8197
61.00,6.8200
61.50,6.8155
62.00,6.8120
62.50,6.8158
63.00,6.8332
63.50,6.8679
64.00,6.9183
64.50,6.9765
65.00,7.0319
65.50,7.0754
66.00,7.1026
66.50,7.1140
67.00,7.1141
67.50,7.1101
68.00,7.1104
68.50,7.1210
69.00,7.1434
69.50,7.1732
70.00,7.2022
70.50,7.2231
71.00,7.2350
71.50,7.2438
72.00,7.2579
72.50,7.2823
73.00,7.3153
73.50,7.3511
74.00,7.3836
74.50,7.4088
75.00,7.4267
75.50,7.4400
76.00,7.4528
76.50,7.4668
77.00,7.4803
77.50,7.4905
78.00,7.4983
78.50,7.5081
79.00,7.5245
79.50,7.5480
80.00,7.5749
80.50,7.6001
81.00,7.6203
81.50,7.6351
82.00,7.6461
82.50,7.6570
83.00,7.6715
83.50,7.6921
84.00,7.7177
84.50,7.7433
85.00,7.7625
85.50,7.7716
86.00,7.7709
86.50,7.7646
87.00,7.7580
87.50,7.7542
88.00,7.7535
88.50,7.7537
89.00,7.7539
89.50,7.7554
90.00,7.7612
90.50,7.7736
91.00,7.7933
91.50,7.8190
92.00,7.8467
92.50,7.8696
93.00,7.8822
93.50,7.8848
94.00,7.8842
94.50,7.8880
95.00,7.8985
95.50,7.9124
96.00,7.9272
96.50,7.9459
97.00,7.9749
97.50,8.0171
98.00,8.0682
98.50,8.1185
99.00,8.1593
99.50,8.1876
100.00,8.2075
100.50,8.2260
101.00,8.2459
101.50,8.2646
102.00,8.2772
102.50,8.2829
103.00,8.2842
103.50,8.2839
104.00,8.2823
104.50,8.2789
105.00,8.2743
105.50,8.2695
106.00,8.2652
106.50,8.2616
107.00,8.2603
107.50,8.2634
108.00,8.2718
108.50,8.2819
109.00,8.2880
109.50,8.2868
110.00,8.2809
110.50,8.2775
111.00,8.2831
111.50,8.2990
112.00,8.3210
112.50,8.3419
113.00,8.3546
113.50,8.3544
114.00,8.3424
114.50,8.3265
115.00,8.3157
115.50,8.3143
116.00,8.3184
116.50,8.3212
117.00,8.3193
117.50,8.3140
118.00,8.3091
118.50,8.3070
119.00,8.3088
119.50,8.3159
120.00,8.3307
120.50,8.3544
121.00,8.3851
121.50,8.4172
122.00,8.4437
122.50,8.4604
123.00,8.4669
123.50,8.4674
124.00,8.4685
124.50,8.4746
125.00,8.4849
125.50,8.4947
126.00,8.5011
126.50,8.5063
127.00,8.5151
127.50,8.5302
128.00,8.5500
128.50,8.5704
129.00,8.5876
129.50,8.5988
130.00,8.6027
130.50,8.6010
131.00,8.5985
131.50,8.5993
132.00,8.6034
132.50,8.6072
133.00,8.6076
133.50,8.6059
134.00,8.6068
134.50,8.6126
135.00,8.6198
135.50,8.6210
136.00,8.6115
136.50,8.5944
137.00,8.5809
137.50,8.5827
138.00,8.6033
138.50,8.6356
139.00,8.6667
139.50,8.6876
140.00,8.6968
140.50,8.6977
141.00,8.6938
141.50,8.6876
142.00,8.6807
142.50,8.6749
143.00,8.6709
143.50,8.6699
144.00,8.6746
144.50,8.6886
145.00,8.7139
145.50,8.7478
146.00,8.7838
146.50,8.8139
147.00,8.8346
147.50,8.8479
148.00,8.8585
148.50,8.8680
149.00,8.8750
149.50,8.8786
150.00,8.8831
150.50,8.8953
151.00,8.9185
151.50,8.9497
152.00,8.9814
152.50,9.0069
153.00,9.0228
153.50,9.0302
154.00,9.0329
154.50,9.0339
155.00,9.0346
155.50,9.0354
156.00,9.0370
156.50,9.0412
157.00,9.0483
157.50,9.0565
158.00,9.0627
158.50,9.0657
159.00,9.0681
159.50,9.0742
160.00,9.0874
160.50,9.1076
161.00,9.1324
161.50,9.1584
162.00,9.1814
162.50,9.1977
163.00,9.2052
163.50,9.2050
164.00,9.2006
164.50,9.1959
165.00,9.1935
165.50,9.1944
166.00,9.1988
166.50,9.2069
167.00,9.2183
167.50,9.2319
168.00,9.2462
168.50,9.2594
169.00,9.2708
169.50,9.2801
170.00,9.2869
170.50,9.2899
171.00,9.2884
171.50,9.2827
172.00,9.2735
172.50,9.2618
173.00,9.2484
173.50,9.2355
174.00,9.2264
174.50,9.2245
175.00,9.2318
175.50,9.2484
176.00,9.2730
176.50,9.3027
177.00,9.3330
177.50,9.3591
178.00,9.3793
178.50,9.3949
179.00,9.4089
179.50,9.4222
180.00,9.4341
180.50,9.4437
181.00,9.4519
181.50,9.4604
182.00,9.4705
182.50,9.4824
183.00,9.4949
183.50,9.5062
184.00,9.5159
184.50,9.5270
185.00,9.5441
185.50,9.5692
186.00,9.5981
186.50,9.6225
187.00,9.6373
187.50,9.6454
188.00,9.6548
188.50,9.6710
189.00,9.6929
189.50,9.7143
190.00,9.7293
190.50,9.7343
191.00,9.7294
191.50,9.7176
192.00,9.7055
192.50,9.6997
193.00,9.7035
193.50,9.7144
194.00,9.7259
194.50,9.7329
195.00,9.7352
195.50,9.7375
196.00,9.7454
196.50,9.7610
197.00,9.7824
197.50,9.8047
198.00,9.8227
198.50,9.8331
199.00,9.8353
199.50,9.8326
200.00,9.8308
200.50,9.8354
201.00,9.8472
201.50,9.8613
202.00,9.8710
202.50,9.8733
203.00,9.8710
203.50,9.8703
204.00,9.8773
204.50,9.8951
205.00,9.9234
205.50,9.9580
206.00,9.9921
206.50,10.0193
207.00,10.0362
207.50,10.0434
208.00,10.0434
208.50,10.0390
209.00,10.0322
209.50,10.0241
210.00,10.0166
210.50,10.0122
211.00,10.0132
211.50,10.0203
212.00,10.0333
212.50,10.0516
213.00,10.0746
213.50,10.1004
214.00,10.1255
214.50,10.1462
215.00,10.1599
215.50,10.1657
216.00,10.1647
216.50,10.1596
217.00,10.1553
217.50,10.1557
218.00,10.1610
218.50,10.1681
219.00,10.1745
219.50,10.1817
220.00,10.1936
220.50,10.2113
221.00,10.2298
221.50,10.2407
222.00,10.2387
222.50,10.2253
223.00,10.2073
223.50,10.1915
224.00,10.1834
224.50,10.1864
225.00,10.2019
225.50,10.2271
226.00,10.2540
226.50,10.2736
227.00,10.2809
227.50,10.2778
228.00,10.2715
228.50,10.2694
229.00,10.2754
229.50,10.2894
230.00,10.3098
230.50,10.3355
231.00,10.3639
231.50,10.3901
232.00,10.4079
232.50,10.4141
233.00,10.4119
233.50,10.4086
234.00,10.4099
234.50,10.4157
235.00,10.4214
235.50,10.4241
236.00,10.4242
236.50,10.4232
237.00,10.4193
237.50,10.4084
238.00,10.3890
238.50,10.3652
239.00,10.3449
239.50,10.3351
240.00,10.3381
240.50,10.3498
241.00,10.3624
241.50,10.3691
242.00,10.3681
242.50,10.3642
243.00,10.3640
243.50,10.3708
244.00,10.3827
244.50,10.3947
245.00,10.4017
245.50,10.4017
246.00,10.3972
246.50,10.3934
247.00,10.3951
247.50,10.4037
248.00,10.4166
248.50,10.4296
249.00,10.4396
249.50,10.4471
250.00,10.4534
250.50,10.4591
251.00,10.4624
251.50,10.4611
252.00,10.4554
252.50,10.4488
253.00,10.4463
253.50,10.4515
254.00,10.4639
254.50,10.4793
255.00,10.4936
255.50,10.5049
256.00,10.5141
256.50,10.5224
257.00,10.5312
257.50,10.5417
258.00,10.5545
258.50,10.5676
259.00,10.5767
259.50,10.5788
260.00,10.5760
260.50,10.5736
261.00,10.5741
261.50,10.5741
262.00,10.5681
262.50,10.5563
263.00,10.5461
263.50,10.5469
264.00,10.5618
264.50,10.5854
265.00,10.6086
265.50,10.6254
266.00,10.6357
266.50,10.6432
267.00,10.6509
267.50,10.6583
268.00,10.6621
268.50,10.6598
269.00,10.6528
269.50,10.6456
270.00,10.6413
270.50,10.6391
271.00,10.6351
271.50,10.6263
272.00,10.6131
272.50,10.5997
273.00,10.5902
273.50,10.5869
274.00,10.5904
274.50,10.6002
275.00,10.6133
275.50,10.6242
276.00,10.6276
276.50,10.6223
277.00,10.6131
277.50,10.6080
278.00,10.6140
278.50,10.6328
279.00,10.6586
279.50,10.6796
280.00,10.6842
280.50,10.6698
281.00,10.6464
281.50,10.6298
282.00,10.6300
282.50,10.6451
283.00,10.6663
283.50,10.6858
284.00,10.6993
284.50,10.7031
285.00,10.6955
285.50,10.6786
286.00,10.6597
286.50,10.6455
287.00,10.6381
287.50,10.6350
288.00,10.6330
288.50,10.6312
289.00,10.6305
289.50,10.6323
290.00,10.6380
290.50,10.6487
291.00,10.6658
291.50,10.6901
292.00,10.7203
292.50,10.7513
293.00,10.7760
293.50,10.7896
294.00,10.7929
294.50,10.7907
295.00,10.7869
295.50,10.7833
296.00,10.7815
296.50,10.7840
297.00,10.7918
297.50,10.8040
298.00,10.8187
298.50,10.8349
299.00,10.8517
299.50,10.8663
300.00,10.8738
300.50,10.8720
301.00,10.8627
301.50,10.8512
302.00,10.8424
302.50,10.8388
303.00,10.8399
303.50,10.8440
304.00,10.8495
304.50,10.8549
305.00,10.8600
305.50,10.8652
306.00,10.8706
306.50,10.8771
307.00,10.8869
307.50,10.9033
308.00,10.9278
308.50,10.9574
309.00,10.9870
309.50,11.0135
310.00,11.0379
310.50,11.0616
311.00,11.0825
311.50,11.0968
312.00,11.1035
312.50,11.1070
313.00,11.1140
313.50,11.1284
314.00,11.1480
314.50,11.1672
315.00,11.1808
315.50,11.1865
316.00,11.1860
316.50,11.1839
317.00,11.1859
317.50,11.1965
318.00,11.2163
318.50,11.2412
319.00,11.2638
319.50,11.2776
320.00,11.2789
320.50,11.2690
321.00,11.2534
321.50,11.2375
322.00,11.2246
322.50,11.2144
323.00,11.2052
323.50,11.1961
324.00,11.1853
324.50,11.1704
325.00,11.1497
325.50,11.1263
326.00,11.1083
326.50,11.1039
327.00,11.1158
327.50,11.1390
328.00,11.1643
328.50,11.1839
329.00,11.1960
329.50,11.2049
330.00,11.2166
330.50,11.2332
331.00,11.2533
331.50,11.2751
332.00,11.3000
332.50,11.3302
333.00,11.3639
333.50,11.3934
334.00,11.4095
334.50,11.4092
335.00,11.3976
335.50,11.3844
336.00,11.3767
336.50,11.3756
337.00,11.3775
337.50,11.3786
338.00,11.3780
338.50,11.3788
339.00,11.3838
339.50,11.3939
340.00,11.4074
340.50,11.4226
341.00,11.4395
341.50,11.4574
342.00,11.4728
342.50,11.4797
343.00,11.4744
343.50,11.4603
344.00,11.4473
344.50,11.4448
345.00,11.4558
345.50,11.4749
346.00,11.4924
346.50,11.5009
347.00,11.4986
347.50,11.4886
348.00,11.4750
348.50,11.4608
349.00,11.4473
349.50,11.4359
350.00,11.4290
350.50,11.4295
351.00,11.4394
351.50,11.4586
352.00,11.4845
352.50,11.5120
353.00,11.5355
353.50,11.5517
354.00,11.5622
354.50,11.5728
355.00,11.5880
355.50,11.6068
356.00,11.6225
356.50,11.6287
357.00,11.6249
357.50,11.6158
358.00,11.6070
358.50,11.6021
359.00,11.6033
359.50,11.6118
360.00,11.6273
360.50,11.6480
361.00,11.6707
361.50,11.6932
362.00,11.7121
362.50,11.7222
363.00,11.7181
363.50,11.6990
364.00,11.6720
364.50,11.6488
365.00,11.6389
365.50,11.6435
366.00,11.6566
366.50,11.6709
367.00,11.6819
367.50,11.6899
368.00,11.6962
368.50,11.7016
369.00,11.7058
369.50,11.7102
370.00,11.7187
370.50,11.7357
371.00,11.7618
371.50,11.7914
372.00,11.8143
372.50,11.8220
373.00,11.8134
373.50,11.7962
374.00,11.7818
374.50,11.7793
375.00,11.7909
375.50,11.8116
376.00,11.8326
376.50,11.8474
377.00,11.8537
377.50,11.8542
378.00,11.8545
378.50,11.8596
379.00,11.8714
379.50,11.8873
380.00,11.9027
380.50,11.9140
381.00,11.9198
381.50,11.9207
382.00,11.9177
382.50,11.9123
383.00,11.9069
383.50,11.9045
384.00,11.9068
384.50,11.9145
385.00,11.9282
385.50,11.9486
386.00,11.9738
386.50,11.9987
387.00,12.0169
387.50,12.0253
388.00,12.0266
388.50,12.0270
389.00,12.0303
389.50,12.0359
390.00,12.0391
390.50,12.0365
391.00,12.0285
391.50,12.0192
392.00,12.0131
392.50,12.0119
393.00,12.0147
393.50,12.0198
394.00,12.0267
394.50,12.0362
395.00,12.0483
395.50,12.0609
396.00,12.0709
396.50,12.0773
397.00,12.0820
397.50,12.0894
398.00,12.1019
398.50,12.1182
399.00,12.1340
399.50,12.1456
400.00,12.1531
400.50,12.1596
401.00,12.1683
401.50,12.1797
402.00,12.1926
402.50,12.2049
403.00,12.2143
403.50,12.2182
404.00,12.2154
404.50,12.2067
405.00,12.1963
405.50,12.1898
406.00,12.1909
406.50,12.1999
407.00,12.2144
407.50,12.2313
408.00,12.2497
408.50,12.2692
409.00,12.2889
409.50,12.3067
410.00,12.3201
410.50,12.3276
411.00,12.3285
411.50,12.3233
412.00,12.3152
412.50,12.3085
413.00,12.3062
413.50,12.3082
414.00,12.3134
414.50,12.3225
415.00,12.3374
415.50,12.3576
416.00,12.3787
416.50,12.3937
417.00,12.3983
417.50,12.3936
418.00,12.3847
418.50,12.3782
419.00,12.3787
419.50,12.3863
420.00,12.3969
420.50,12.4044
421.00,12.4050
421.50,12.3992
422.00,12.3905
422.50,12.3822
423.00,12.3746
423.50,12.3661
424.00,12.3558
424.50,12.3443
425.00,12.3332
425.50,12.3242
426.00,12.3183
426.50,12.3160
427.00,12.3177
427.50,12.3224
428.00,12.3284
428.50,12.3353
429.00,12.3445
429.50,12.3582
430.00,12.3755
430.50,12.3922
431.00,12.4035
431.50,12.4087
432.00,12.4134
432.50,12.4257
433.00,12.4500
433.50,12.4829
434.00,12.5150
434.50,12.5388
435.00,12.5535
435.50,12.5644
436.00,12.5769
436.50,12.5909
437.00,12.6019
437.50,12.6055
438.00,12.6014
438.50,12.5938
439.00,12.5888
439.50,12.5905
440.00,12.5994
440.50,12.6127
441.00,12.6270
441.50,12.6403
442.00,12.6518
442.50,12.6616
443.00,12.6694
443.50,12.6749
444.00,12.6778
444.50,12.6796
445.00,12.6827
445.50,12.6887
446.00,12.6960
446.50,12.6998
447.00,12.6953
447.50,12.6818
448.00,12.6644
448.50,12.6511
449.00,12.6479
449.50,12.6552
450.00,12.6673
450.50,12.6771
451.00,12.6813
451.50,12.6817
452.00,12.6822
452.50,12.6846
453.00,12.6877
453.50,12.6892
454.00,12.6890
454.50,12.6881
455.00,12.6877
455.50,12.6878
456.00,12.6871
456.50,12.6834
457.00,12.6758
457.50,12.6665
458.00,12.6598
458.50,12.6588
459.00,12.6623
459.50,12.6667
460.00,12.6700
460.50,12.6740
461.00,12.6814
461.50,12.6916
462.00,12.7009
462.50,12.7061
463.00,12.7085
463.50,12.7119
464.00,12.7180
464.50,12.7253
465.00,12.7320
465.50,12.7384
466.00,12.7457
466.50,12.7541
467.00,12.7628
467.50,12.7705
468.00,12.7758
468.50,12.7776
469.00,12.7767
469.50,12.7758
470.00,12.7776
470.50,12.7817
471.00,12.7850
471.50,12.7848
472.00,12.7813
472.50,12.7769
473.00,12.7737
473.50,12.7735
474.00,12.7787
474.50,12.7911
475.00,12.8107
475.50,12.8349
476.00,12.8600
476.50,12.8828
477.00,12.9007
477.50,12.9117
478.00,12.9150
478.50,12.9119
479.00,12.9042
479.50,12.8928
480.00,12.8765
480.50,12.8544
481.00,12.8272
481.50,12.7972
482.00,12.7674
482.50,12.7403
483.00,12.7177
483.50,12.7007
484.00,12.6901
484.50,12.6860
485.00,12.6874
485.50,12.6925
486.00,12.6989
486.50,12.7045
487.00,12.7091
487.50,12.7143
488.00,12.7221
488.50,12.7321
489.00,12.7409
489.50,12.7459
490.00,12.7486
490.50,12.7549
491.00,12.7705
491.50,12.7975
492.00,12.8335
492.50,12.8735
493.00,12.9114
493.50,12.9426
494.00,12.9660
494.50,12.9835
495.00,12.9998
495.50,13.0176
496.00,13.0359
496.50,13.0498
497.00,13.0548
497.50,13.0506
498.00,13.0408
498.50,13.0305
499.00,13.0224
499.50,13.0154
500.00,13.0069
500.50,12.9950
501.00,12.9791
501.50,12.9596
502.00,12.9375
502.50,12.9144
503.00,12.8916
503.50,12.8689
504.00,12.8454
504.50,12.8213
505.00,12.7987
505.50,12.7814
506.00,12.7718
506.50,12.7687
507.00,12.7679
507.50,12.7649
508.00,12.7586
508.50,12.7511
509.00,12.7461
509.50,12.7451
510.00,12.7457
510.50,12.7421
511.00,12.7289
511.50,12.7032
512.00,12.6674
512.50,12.6284
513.00,12.5953
513.50,12.5747
514.00,12.5674
514.50,12.5701
515.00,12.5785
515.50,12.5904
516.00,12.6049
516.50,12.6208
517.00,12.6354
517.50,12.6458
518.00,12.6500
518.50,12.6488
519.00,12.6440
519.50,12.6370
520.00,12.6285
520.50,12.6195
521.00,12.6121
521.50,12.6096
522.00,12.6144
522.50,12.6252
523.00,12.6363
523.50,12.6410
524.00,12.6369
524.50,12.6274
525.00,12.6184
525.50,12.6134
526.00,12.6121
526.50,12.6126
527.00,12.6130
527.50,12.6124
528.00,12.6112
528.50,12.6104
529.00,12.6107
529.50,12.6126
530.00,12.6156
530.50,12.6205
531.00,12.6279
531.50,12.6368
532.00,12.6438
532.50,12.6456
533.00,12.6425
533.50,12.6375
534.00,12.6330
534.50,12.6281
535.00,12.6211
535.50,12.6122
536.00,12.6048
536.50,12.6016
537.00,12.6026
537.50,12.6051
538.00,12.6068
538.50,12.6070
539.00,12.6064
539.50,12.6067
540.00,12.6086
540.50,12.6120
541.00,12.6164
541.50,12.6219
542.00,12.6281
542.50,12.6342
543.00,12.6391
543.50,12.6433
544.00,12.6496
544.50,12.6614
545.00,12.6806
545.50,12.7068
546.00,12.7365
546.50,12.7644
547.00,12.7856
547.50,12.7992
548.00,12.8082
548.50,12.8164
549.00,12.8248
549.50,12.8317
550.00,12.8357
550.50,12.8376
551.00,12.8395
551.50,12.8434
552.00,12.8493
552.50,12.8558
553.00,12.8610
553.50,12.8638
554.00,12.8647
554.50,12.8652
555.00,12.8677
555.50,12.8746
556.00,12.8877
556.50,12.9069
557.00,12.9298
557.50,12.9514
558.00,12.9670
558.50,12.9738
559.00,12.9715
559.50,12.9616
560.00,12.9468
560.50,12.9299
561.00,12.9130
561.50,12.8968
562.00,12.8825
562.50,12.8729
563.00,12.8710
563.50,12.8780
564.00,12.8911
564.50,12.9057
565.00,12.9174
565.50,12.9241
566.00,12.9258
566.50,12.9237
567.00,12.9205
567.50,12.9191
568.00,12.9217
568.50,12.9270
569.00,12.9311
569.50,12.9297
570.00,12.9211
570.50,12.9090
571.00,12.9001
571.50,12.9001
572.00,12.9103
572.50,12.9266
573.00,12.9427
573.50,12.9535
574.00,12.9583
574.50,12.9597
575.00,12.9613
575.50,12.9651
576.00,12.9701
576.50,12.9732
577.00,12.9716
577.50,12.9654
578.00,12.9574
578.50,12.9521
579.00,12.9521
579.50,12.9568
580.00,12.9632
580.50,12.9683
581.00,12.9717
581.50,12.9758
582.00,12.9826
582.50,12.9908
583.00,12.9963
583.50,12.9961
584.00,12.9910
584.50,12.9860
585.00,12.9865
585.50,12.9955
586.00,13.0109
586.50,13.0278
587.00,13.0412
587.50,13.0492
588.00,13.0534
588.50,13.0572
589.00,13.0633
589.50,13.0726
590.00,13.0840
590.50,13.0953
591.00,13.1042
591.50,13.1098
592.00,13.1115
592.50,13.1094
593.00,13.1051
593.50,13.1013
594.00,13.1013
594.50,13.1075
595.00,13.1209
595.50,13.1405
596.00,13.1633
596.50,13.1851
597.00,13.2022
597.50,13.2124
598.00,13.2156
598.50,13.2130
599.00,13.2069
599.50,13.1993
600.00,13.1918
600.50,13.1843
601.00,13.1770
601.50,13.1710
602.00,13.1684
602.50,13.1718
603.00,13.1834
603.50,13.2032
604.00,13.2280
604.50,13.2502
605.00,13.2630
605.50,13.2659
606.00,13.2663
606.50,13.2738
607.00,13.2921
607.50,13.3171
608.00,13.3403
608.50,13.3571
609.00,13.3686
609.50,13.3792
610.00,13.3917
610.50,13.4065
611.00,13.4239
611.50,13.4440
612.00,13.4656
612.50,13.4857
613.00,13.5017
613.50,13.5136
614.00,13.5240
614.50,13.5358
615.00,13.5519
615.50,13.5735
616.00,13.5995
616.50,13.6260
617.00,13.6474
617.50,13.6593
618.00,13.6615
618.50,13.6587
619.00,13.6572
619.50,13.6606
620.00,13.6677
620.50,13.6750
621.00,13.6802
621.50,13.6833
622.00,13.6843
622.50,13.6810
623.00,13.6701
623.50,13.6516
624.00,13.6295
624.50,13.6096
625.00,13.5955
625.50,13.5870
626.00,13.5824
626.50,13.5806
627.00,13.5814
627.50,13.5841
628.00,13.5873
628.50,13.5920
629.00,13.6035
629.50,13.6276
630.00,13.6655
630.50,13.7118
631.00,13.7580
631.50,13.7983
632.00,13.8321
632.50,13.8623
633.00,13.8933
633.50,13.9282
634.00,13.9680
634.50,14.0101
635.00,14.0496
635.50,14.0815
636.00,14.1044
636.50,14.1202
637.00,14.1322
637.50,14.1423
638.00,14.1507
638.50,14.1577
639.00,14.1634
639.50,14.1681
640.00,14.1719
640.50,14.1747
641.00,14.1760
641.50,14.1748
642.00,14.1702
642.50,14.1624
643.00,14.1540
643.50,14.1480
644.00,14.1458
644.50,14.1452
645.00,14.1424
645.50,14.1348
646.00,14.1225
646.50,14.1066
647.00,14.0880
647.50,14.0675
648.00,14.0465
648.50,14.0258
649.00,14.0060
649.50,13.9871
650.00,13.9695
650.50,13.9532
651.00,13.9383
651.50,13.9253
652.00,13.9148
652.50,13.9066
653.00,13.8984
653.50,13.8888
654.00,13.8800
654.50,13.8780
655.00,13.8886
655.50,13.9117
656.00,13.9402
656.50,13.9654
657.00,13.9818
657.50,13.9900
658.00,13.9939
658.50,13.9973
659.00,14.0031
659.50,14.0116
660.00,14.0207
660.50,14.0280
661.00,14.0335
661.50,14.0412
662.00,14.0566
662.50,14.0824
663.00,14.1166
663.50,14.1535
664.00,14.1885
664.50,14.2203
665.00,14.2490
665.50,14.2730
666.00,14.2902
666.50,14.3010
667.00,14.3090
667.50,14.3178
668.00,14.3274
668.50,14.3354
669.00,14.3395
669.50,14.3403
670.00,14.3395
670.50,14.3379
671.00,14.3347
671.50,14.3290
672.00,14.3220
672.50,14.3176
673.00,14.3206
673.50,14.3329
674.00,14.3523
674.50,14.3731
675.00,14.3890
675.50,14.3964
676.00,14.3947
676.50,14.3868
677.00,14.3776
677.50,14.3711
678.00,14.3688
678.50,14.3691
679.00,14.3690
679.50,14.3669
680.00,14.3642
680.50,14.3641
681.00,14.3686
681.50,14.3770
682.00,14.3867
682.50,14.3948
683.00,14.3997
683.50,14.3999
684.00,14.3956
684.50,14.3887
685.00,14.3835
685.50,14.3840
686.00,14.3913
686.50,14.4034
687.00,14.4159
687.50,14.4251
688.00,14.4297
688.50,14.4311
689.00,14.4311
689.50,14.4298
690.00,14.4269
690.50,14.4239
691.00,14.4244
691.50,14.4315
692.00,14.4435
692.50,14.4548
693.00,14.4599
693.50,14.4572
694.00,14.4507
694.50,14.4464
695.00,14.4478
695.50,14.4540
696.00,14.4609
696.50,14.4650
697.00,14.4663
697.50,14.4666
698.00,14.4672
698.50,14.4669
699.00,14.4635
699.50,14.4547
700.00,14.4401
700.50,14.4214
701.00,14.4017
701.50,14.3839
702.00,14.3704
702.50,14.3624
703.00,14.3605
703.50,14.3643
704.00,14.3716
704.50,14.3774
705.00,14.3762
705.50,14.3668
706.00,14.3535
706.50,14.3425
707.00,14.3352
707.50,14.3276
708.00,14.3150
708.50,14.2981
709.00,14.2835
709.50,14.2769
710.00,14.2783
710.50,14.2825
711.00,14.2841
711.50,14.2816
712.00,14.2780
712.50,14.2777
713.00,14.2834
713.50,14.2942
714.00,14.3067
714.50,14.3174
715.00,14.3258
715.50,14.3333
716.00,14.3407
716.50,14.3468
717.00,14.3496
717.50,14.3494
718.00,14.3493
718.50,14.3524
719.00,14.3595
719.50,14.3684
720.00,14.3763
720.50,14.3821
721.00,14.3873
721.50,14.3945
722.00,14.4057
722.50,14.4206
723.00,14.4374
723.50,14.4542
724.00,14.4685
724.50,14.4776
725.00,14.4789
725.50,14.4727
726.00,14.4631
726.50,14.4563
727.00,14.4563
727.50,14.4616
728.00,14.4658
728.50,14.4626
729.00,14.4499
729.50,14.4316
730.00,14.4144
730.50,14.4044
731.00,14.4047
731.50,14.4155
732.00,14.4340
732.50,14.4548
733.00,14.4713
733.50,14.4790
734.00,14.4774
734.50,14.4692
735.00,14.4584
735.50,14.4482
736.00,14.4410
736.50,14.4384
737.00,14.4400
737.50,14.4430
738.00,14.4441
738.50,14.4420
739.00,14.4392
739.50,14.4403
740.00,14.4493
740.50,14.4663
741.00,14.4881
741.50,14.5105
742.00,14.5313
742.50,14.5502
743.00,14.5666
743.50,14.5791
744.00,14.5861
744.50,14.5881
745.00,14.5881
745.50,14.5900
746.00,14.5960
746.50,14.6058
747.00,14.6186
747.50,14.6342
748.00,14.6526
748.50,14.6711
749.00,14.6849
749.50,14.6896
750.00,14.6841
750.50,14.6709
751.00,14.6549
751.50,14.6425
752.00,14.6396
752.50,14.6492
753.00,14.6692
753.50,14.6933
754.00,14.7139
754.50,14.7261
755.00,14.7293
755.50,14.7258
756.00,14.7189
756.50,14.7110
757.00,14.7042
757.50,14.7000
758.00,14.6991
758.50,14.7012
759.00,14.7065
759.50,14.7161
760.00,14.7313
760.50,14.7497
761.00,14.7655
761.50,14.7736
762.00,14.7736
762.50,14.7696
763.00,14.7663
763.50,14.7661
764.00,14.7693
764.50,14.7751
765.00,14.7817
765.50,14.7856
766.00,14.7832
766.50,14.7747
767.00,14.7653
767.50,14.7617
768.00,14.7662
768.50,14.7748
769.00,14.7830
769.50,14.7909
770.00,14.8031
770.50,14.8230
771.00,14.8487
771.50,14.8736
772.00,14.8920
772.50,14.9021
773.00,14.9059
773.50,14.9068
774.00,14.9069
774.50,14.9067
775.00,14.9071
775.50,14.9097
776.00,14.9159
776.50,14.9257
777.00,14.9371
777.50,14.9476
778.00,14.9559
778.50,14.9625
779.00,14.9702
779.50,14.9820
780.00,14.9984
780.50,15.0158
781.00,15.0281
781.50,15.0299
782.00,15.0196
782.50,14.9997
783.00,14.9750
783.50,14.9510
784.00,14.9317
784.50,14.9183
785.00,14.9106
785.50,14.9071
786.00,14.9065
786.50,14.9075
787.00,14.9090
787.50,14.9108
788.00,14.9121
788.50,14.9111
789.00,14.9068
789.50,14.9002
790.00,14.8936
790.50,14.8883
791.00,14.8841
791.50,14.8803
792.00,14.8782
792.50,14.8802
793.00,14.8872
793.50,14.8977
794.00,14.9082
794.50,14.9152
795.00,14.9161
795.50,14.9105
796.00,14.8999
796.50,14.8880
797.00,14.8790
797.50,14.8746
798.00,14.8729
798.50,14.8704
799.00,14.8660
799.50,14.8622
800.00,14.8631
800.50,14.8706
801.00,14.8834
801.50,14.8987
802.00,14.9148
802.50,14.9326
803.00,14.9543
803.50,14.9814
804.00,15.0117
804.50,15.0396
805.00,15.0595
805.50,15.0685
806.00,15.0682
806.50,15.0630
807.00,15.0582
807.50,15.0578
808.00,15.0632
808.50,15.0727
809.00,15.0823
809.50,15.0876
810.00,15.0859
810.50,15.0783
811.00,15.0683
811.50,15.0603
812.00,15.0564
812.50,15.0558
813.00,15.0571
813.50,15.0606
814.00,15.0683
814.50,15.0809
815.00,15.0955
815.50,15.1052
816.00,15.1034
816.50,15.0887
817.00,15.0668
817.50,15.0467
818.00,15.0363
818.50,15.0393
819.00,15.0542
819.50,15.0754
820.00,15.0954
820.50,15.1088
821.00,15.1149
821.50,15.1170
822.00,15.1187
822.50,15.1212
823.00,15.1237
823.50,15.1247
824.00,15.1247
824.50,15.1267
825.00,15.1347
825.50,15.1509
826.00,15.1752
826.50,15.2053
827.00,15.2374
827.50,15.2678
828.00,15.2932
828.50,15.3128
829.00,15.3279
829.50,15.3400
830.00,15.3493
830.50,15.3543
831.00,15.3552
831.50,15.3541
832.00,15.3541
832.50,15.3583
833.00,15.3686
833.50,15.3861
834.00,15.4095
834.50,15.4340
835.00,15.4527
835.50,15.4601
836.00,15.4561
836.50,15.4463
837.00,15.4398
837.50,15.4440
838.00,15.4622
838.50,15.4918
839.00,15.5268
839.50,15.5604
840.00,15.5874
840.50,15.6056
841.00,15.6153
841.50,15.6193
842.00,15.6209
842.50,15.6219
843.00,15.6212
843.50,15.6176
844.00,15.6131
844.50,15.6130
845.00,15.6225
845.50,15.6418
846.00,15.6653
846.50,15.6848
847.00,15.6944
847.50,15.6945
848.00,15.6915
848.50,15.6935
849.00,15.7054
849.50,15.7263
850.00,15.7524
850.50,15.7802
851.00,15.8121
851.50,15.8604
852.00,15.9478
852.50,16.0989
853.00,16.3261
853.50,16.6191
854.00,16.9472
854.50,17.2721
855.00,17.5600
855.50,17.7882
856.00,17.9489
856.50,18.0497
857.00,18.1091
857.50,18.1473
858.00,18.1769
858.50,18.2007
859.00,18.2156
859.50,18.2185
860.00,18.2100
860.50,18.1944
861.00,18.1759
861.50,18.1570
862.00,18.1390
862.50,18.1237
863.00,18.1139
863.50,18.1112
864.00,18.1159
864.50,18.1273
865.00,18.1440
865.50,18.1637
866.00,18.1832
866.50,18.1994
867.00,18.2115
867.50,18.2203
868.00,18.2263
868.50,18.2300
869.00,18.2315
869.50,18.2323
870.00,18.2344
870.50,18.2399
871.00,18.2503
871.50,18.2651
872.00,18.2805
872.50,18.2902
873.00,18.2873
873.50,18.2683
874.00,18.2347
874.50,18.1928
875.00,18.1507
875.50,18.1150
876.00,18.0884
876.50,18.0687
877.00,18.0512
877.50,18.0330
878.00,18.0154
878.50,18.0027
879.00,17.9962
879.50,17.9918
880.00,17.9831
880.50,17.9667
881.00,17.9446
881.50,17.9218
882.00,17.9020
882.50,17.8855
883.00,17.8717
883.50,17.8602
884.00,17.8515
884.50,17.8449
885.00,17.8382
885.50,17.8289
886.00,17.8174
886.50,17.8074
887.00,17.8034
887.50,17.8079
888.00,17.8186
888.50,17.8306
889.00,17.8391
889.50,17.8407
890.00,17.8346
890.50,17.8224
891.00,17.8088
891.50,17.8002
892.00,17.8013
892.50,17.8109
893.00,17.8221
893.50,17.8280
894.00,17.8282
894.50,17.8280
895.00,17.8332
895.50,17.8446
896.00,17.8585
896.50,17.8715
897.00,17.8824
897.50,17.8918
898.00,17.8988
898.50,17.9001
899.00,17.8928
899.50,17.8780
900.00,17.8617
900.50,17.8519
901.00,17.8529
901.50,17.8639
902.00,17.8815
902.50,17.9030
903.00,17.9278
903.50,17.9553
904.00,17.9839
904.50,18.0113
905.00,18.0361
905.50,18.0583
906.00,18.0782
906.50,18.0956
907.00,18.1087
907.50,18.1152
908.00,18.1135
908.50,18.1042
909.00,18.0903
909.50,18.0759
910.00,18.0640
910.50,18.0552
911.00,18.0486
911.50,18.0430
912.00,18.0385
912.50,18.0351
913.00,18.0321
913.50,18.0287
914.00,18.0244
914.50,18.0196
915.00,18.0146
915.50,18.0092
916.00,18.0025
916.50,17.9948
917.00,17.9862
917.50,17.9759
918.00,17.9627
918.50,17.9464
919.00,17.9299
919.50,17.9174
920.00,17.9117
920.50,17.9117
921.00,17.9129
921.50,17.9094
922.00,17.8978
922.50,17.8793
923.00,17.8585
923.50,17.8388
924.00,17.8204
924.50,17.8018
925.00,17.7843
925.50,17.7714
926.00,17.7653
926.50,17.7635
927.00,17.7606
927.50,17.7530
928.00,17.7424
928.50,17.7339
929.00,17.7315
929.50,17.7354
930.00,17.7421
930.50,17.7474
931.00,17.7486
931.50,17.7445
932.00,17.7346
932.50,17.7195
933.00,17.7011
933.50,17.6829
934.00,17.6671
934.50,17.6533
935.00,17.6403
935.50,17.6280
936.00,17.6186
936.50,17.6131
937.00,17.6112
937.50,17.6114
938.00,17.6133
938.50,17.6171
939.00,17.6219
939.50,17.6255
940.00,17.6265
940.50,17.6260
941.00,17.6256
941.50,17.6254
942.00,17.6227
942.50,17.6149
943.00,17.6014
943.50,17.5845
944.00,17.5690
944.50,17.5594
945.00,17.5566
945.50,17.5569
946.00,17.5550
946.50,17.5485
947.00,17.5386
947.50,17.5283
948.00,17.5179
948.50,17.5060
949.00,17.4922
949.50,17.4783
950.00,17.4664
950.50,17.4569
951.00,17.4482
951.50,17.4398
952.00,17.4331
952.50,17.4301
953.00,17.4304
953.50,17.4295
954.00,17.4215
954.50,17.4037
955.00,17.3785
955.50,17.3511
956.00,17.3257
956.50,17.3024
957.00,17.2791
957.50,17.2538
958.00,17.2266
958.50,17.1977
959.00,17.1675
959.50,17.1371
960.00,17.1081
960.50,17.0810
961.00,17.0543
961.50,17.0261
962.00,16.9954
962.50,16.9634
963.00,16.9319
963.50,16.9023
964.00,16.8740
964.50,16.8451
965.00,16.8139
965.50,16.7812
966.00,16.7507
966.50,16.7274
967.00,16.7139
967.50,16.7082
968.00,16.7041
968.50,16.6938
969.00,16.6719
969.50,16.6385
970.00,16.5991
970.50,16.5621
971.00,16.5346
971.50,16.5201
972.00,16.5173
972.50,16.5216
973.00,16.5263
973.50,16.5253
974.00,16.5165
974.50,16.5029
975.00,16.4899
975.50,16.4819
976.00,16.4786
976.50,16.4767
977.00,16.4726
977.50,16.4645
978.00,16.4520
978.50,16.4342
979.00,16.4102
979.50,16.3812
980.00,16.3518
980.50,16.3268
981.00,16.3083
981.50,16.2940
982.00,16.2788
982.50,16.2597
983.00,16.2389
983.50,16.2223
984.00,16.2139
984.50,16.2110
985.00,16.2066
985.50,16.1960
986.00,16.1805
986.50,16.1641
987.00,16.1492
987.50,16.1339
988.00,16.1165
988.50,16.0978
989.00,16.0815
989.50,16.0708
990.00,16.0662
990.50,16.0654
991.00,16.0644
991.50,16.0594
992.00,16.0493
992.50,16.0356
993.00,16.0218
993.50,16.0101
994.00,15.9995
994.50,15.9870
995.00,15.9708
995.50,15.9537
996.00,15.9411
996.50,15.9373
997.00,15.9415
997.50,15.9474
998.00,15.9477
998.50,15.9394
999.00,15.9259
999.50,15.9146
1000.00,15.9115
1000.50,15.9180
1001.00,15.9309
1001.50,15.9441
1002.00,15.9516
1002.50,15.9511
1003.00,15.9463
1003.50,15.9436
1004.00,15.9471
1004.50,15.9560
1005.00,15.9675
1005.50,15.9817
1006.00,16.0021
1006.50,16.0325
1007.00,16.0724
1007.50,16.1162
1008.00,16.1565
1008.50,16.1878
1009.00,16.2082
1009.50,16.2189
1010.00,16.2229
1010.50,16.2243
1011.00,16.2270
1011.50,16.2339
1012.00,16.2457
1012.50,16.2613
1013.00,16.2775
1013.50,16.2912
1014.00,16.3009
1014.50,16.3069
1015.00,16.3105
1015.50,16.3126
1016.00,16.3132
1016.50,16.3115
1017.00,16.3062
1017.50,16.2957
1018.00,16.2795
1018.50,16.2591
1019.00,16.2387
1019.50,16.2241
1020.00,16.2214
1020.50,16.2329
1021.00,16.2571
1021.50,16.2888
1022.00,16.3210
1022.50,16.3465
1023.00,16.3613
1023.50,16.3661
1024.00,16.3664
1024.50,16.3690
1025.00,16.3784
1025.50,16.3961
1026.00,16.4213
1026.50,16.4527
1027.00,16.4881
1027.50,16.5251
1028.00,16.5604
1028.50,16.5920
1029.00,16.6189
1029.50,16.6410
1030.00,16.6581
1030.50,16.6709
1031.00,16.6830
1031.50,16.6984
1032.00,16.7179
1032.50,16.7371
1033.00,16.7496
1033.50,16.7526
1034.00,16.7500
1034.50,16.7503
1035.00,16.7618
1035.50,16.7884
1036.00,16.8293
1036.50,16.8807
1037.00,16.9381
1037.50,16.9977
1038.00,17.0549
1038.50,17.1063
1039.00,17.1500
1039.50,17.1873
1040.00,17.2208
1040.50,17.2528
1041.00,17.2843
1041.50,17.3146
1042.00,17.3425
1042.50,17.3681
1043.00,17.3923
1043.50,17.4153
1044.00,17.4371
1044.50,17.4563
1045.00,17.4709
1045.50,17.4774
1046.00,17.4734
1046.50,17.4584
1047.00,17.4340
1047.50,17.4024
1048.00,17.3657
1048.50,17.3283
1049.00,17.2956
1049.50,17.2719
1050.00,17.2563
1050.50,17.2424
1051.00,17.2222
1051.50,17.1922
1052.00,17.1549
1052.50,17.1178
1053.00,17.0883
1053.50,17.0696
1054.00,17.0604
1054.50,17.0598
1055.00,17.0704
1055.50,17.0990
1056.00,17.1505
1056.50,17.2246
1057.00,17.3164
1057.50,17.4216
1058.00,17.5402
1058.50,17.6756
1059.00,17.8321
1059.50,18.0116
1060.00,18.2142
1060.50,18.4389
1061.00,18.6850
1061.50,18.9517
1062.00,19.2371
1062.50,19.5368
1063.00,19.8472
1063.50,20.1683
1064.00,20.5049
1064.50,20.8635
1065.00,21.2455
1065.50,21.6454
1066.00,22.0541
1066.50,22.4648
1067.00,22.8758
1067.50,23.2909
1068.00,23.7177
1068.50,24.1642
1069.00,24.6358
1069.50,25.1321
1070.00,25.6472
1070.50,26.1707
1071.00,26.6900
1071.50,27.1924
1072.00,27.6669
1072.50,28.1060
1073.00,28.5053
1073.50,28.8605
1074.00,29.1661
1074.50,29.4133
1075.00,29.5895
1075.50,29.6777
1076.00,29.6586
1076.50,29.5160
1077.00,29.2400
1077.50,28.8280
1078.00,28.2833
1078.50,27.6129
1079.00,26.8281
1079.50,25.9465
1080.00,24.9927
1080.50,23.9984
1081.00,22.9989
1081.50,22.0288
1082.00,21.1191
1082.50,20.2961
1083.00,19.5808
1083.50,18.9878
1084.00,18.5239
1084.50,18.1878
1085.00,17.9723
1085.50,17.8640
1086.00,17.8441
1086.50,17.8904
1087.00,17.9815
1087.50,18.0998
1088.00,18.2319
1088.50,18.3675
1089.00,18.4990
1089.50,18.6220
1090.00,18.7361
1090.50,18.8426
1091.00,18.9421
1091.50,19.0318
1092.00,19.1067
1092.50,19.1631
1093.00,19.2015
1093.50,19.2259
1094.00,19.2405
1094.50,19.2465
1095.00,19.2427
1095.50,19.2266
1096.00,19.1971
1096.50,19.1542
1097.00,19.0981
1097.50,19.0288
1098.00,18.9470
1098.50,18.8552
1099.00,18.7572
1099.50,18.6554
1100.00,18.5501
1100.50,18.4410
1101.00,18.3291
1101.50,18.2174
1102.00,18.1085
1102.50,18.0023
1103.00,17.8958
1103.50,17.7861
1104.00,17.6730
1104.50,17.5592
1105.00,17.4487
1105.50,17.3455
1106.00,17.2532
1106.50,17.1740
1107.00,17.1060
1107.50,17.0434
1108.00,16.9782
1108.50,16.9059
1109.00,16.8284
1109.50,16.7525
1110.00,16.6846
1110.50,16.6259
1111.00,16.5728
1111.50,16.5200
1112.00,16.4638
1112.50,16.4046
1113.00,16.3458
1113.50,16.2914
1114.00,16.2434
1114.50,16.2003
1115.00,16.1585
1115.50,16.1160
1116.00,16.0750
1116.50,16.0419
1117.00,16.0230
1117.50,16.0198
1118.00,16.0282
1118.50,16.0421
1119.00,16.0589
1119.50,16.0805
1120.00,16.1099
1120.50,16.1465
1121.00,16.1859
1121.50,16.2229
1122.00,16.2542
1122.50,16.2795
1123.00,16.2991
1123.50,16.3136
1124.00,16.3246
1124.50,16.3355
1125.00,16.3515
1125.50,16.3765
1126.00,16.4108
1126.50,16.4513
1127.00,16.4932
1127.50,16.5333
1128.00,16.5729
1128.50,16.6166
1129.00,16.6686
1129.50,16.7288
1130.00,16.7929
1130.50,16.8560
1131.00,16.9167
1131.50,16.9779
1132.00,17.0456
1132.50,17.1260
1133.00,17.2243
1133.50,17.3441
1134.00,17.4879
1134.50,17.6588
1135.00,17.8610
1135.50,18.1001
1136.00,18.3829
1136.50,18.7162
1137.00,19.1070
1137.50,19.5629
1138.00,20.0921
1138.50,20.7027
1139.00,21.4020
1139.50,22.1945
1140.00,23.0820
1140.50,24.0645
1141.00,25.1429
1141.50,26.3188
1142.00,27.5933
1142.50,28.9655
1143.00,30.4319
1143.50,31.9881
1144.00,33.6298
1144.50,35.3521
1145.00,37.1488
1145.50,39.0142
1146.00,40.9437
1146.50,42.9322
1147.00,44.9709
1147.50,47.0483
1148.00,49.1541
1148.50,51.2834
1149.00,53.4351
1149.50,55.6065
1150.00,57.7872
1150.50,59.9612
1151.00,62.1128
1151.50,64.2337
1152.00,66.3227
1152.50,68.3806
1153.00,70.4062
1153.50,72.3950
1154.00,74.3402
1154.50,76.2327
1155.00,78.0580
1155.50,79.7922
1156.00,81.3991
1156.50,82.8305
1157.00,84.0261
1157.50,84.9112
1158.00,85.3921
1158.50,85.3558
1159.00,84.6763
1159.50,83.2311
1160.00,80.9203
1160.50,77.6881
1161.00,73.5441
1161.50,68.5802
1162.00,62.9758
1162.50,56.9797
1163.00,50.8763
1163.50,44.9446
1164.00,39.4252
1164.50,34.4972
1165.00,30.2709
1165.50,26.7893
1166.00,24.0368
1166.50,21.9501
1167.00,20.4324
1167.50,19.3704
1168.00,18.6522
1168.50,18.1807
1169.00,17.8793
1169.50,17.6901
1170.00,17.5686
1170.50,17.4817
1171.00,17.4094
1171.50,17.3465
1172.00,17.2983
1172.50,17.2701
1173.00,17.2599
1173.50,17.2579
1174.00,17.2528
1174.50,17.2389
1175.00,17.2186
1175.50,17.1994
1176.00,17.1875
1176.50,17.1827
1177.00,17.1799
1177.50,17.1730
1178.00,17.1603
1178.50,17.1443
1179.00,17.1290
1179.50,17.1169
1180.00,17.1076
1180.50,17.0990
1181.00,17.0895
1181.50,17.0786
1182.00,17.0674
1182.50,17.0567
1183.00,17.0458
1183.50,17.0334
1184.00,17.0183
1184.50,17.0010
1185.00,16.9841
1185.50,16.9707
1186.00,16.9635
1186.50,16.9624
1187.00,16.9641
1187.50,16.9633
1188.00,16.9560
1188.50,16.9422
1189.00,16.9259
1189.50,16.9129
1190.00,16.9068
1190.50,16.9066
1191.00,16.9081
1191.50,16.9075
1192.00,16.9037
1192.50,16.8979
1193.00,16.8911
1193.50,16.8837
1194.00,16.8753
1194.50,16.8668
1195.00,16.8601
1195.50,16.8565
1196.00,16.8554
1196.50,16.8534
1197.00,16.8468
1197.50,16.8337
1198.00,16.8156
1198.50,16.7970
1199.00,16.7821
1199.50,16.7718
1200.00,16.7631
1200.50,16.7520
1201.00,16.7376
1201.50,16.7241
1202.00,16.7168
1202.50,16.7182
1203.00,16.7258
1203.50,16.7338
1204.00,16.7379
1204.50,16.7368
1205.00,16.7321
1205.50,16.7263
1206.00,16.7202
1206.50,16.7133
1207.00,16.7044
1207.50,16.6928
1208.00,16.6789
1208.50,16.6644
1209.00,16.6520
1209.50,16.6438
1210.00,16.6400
1210.50,16.6388
1211.00,16.6369
1211.50,16.6315
1212.00,16.6215
1212.50,16.6077
1213.00,16.5921
1213.50,16.5767
1214.00,16.5637
1214.50,16.5551
1215.00,16.5523
1215.50,16.5549
1216.00,16.5610
1216.50,16.5691
1217.00,16.5804
1217.50,16.5973
1218.00,16.6211
1218.50,16.6494
1219.00,16.6769
1219.50,16.6986
1220.00,16.7128
1220.50,16.7220
1221.00,16.7307
1221.50,16.7415
1222.00,16.7532
1222.50,16.7629
1223.00,16.7690
1223.50,16.7731
1224.00,16.7787
1224.50,16.7881
1225.00,16.8012
1225.50,16.8156
1226.00,16.8277
1226.50,16.8343
1227.00,16.8339
1227.50,16.8270
1228.00,16.8157
1228.50,16.8022
1229.00,16.7884
1229.50,16.7765
1230.00,16.7696
1230.50,16.7709
1231.00,16.7814
1231.50,16.7987
1232.00,16.8189
1232.50,16.8393
1233.00,16.8597
1233.50,16.8808
1234.00,16.9024
1234.50,16.9225
1235.00,16.9385
1235.50,16.9487
1236.00,16.9540
1236.50,16.9574
1237.00,16.9633
1237.50,16.9738
1238.00,16.9873
1238.50,16.9987
1239.00,17.0021
1239.50,16.9941
1240.00,16.9761
1240.50,16.9518
1241.00,16.9253
1241.50,16.8993
1242.00,16.8753
1242.50,16.8546
1243.00,16.8375
1243.50,16.8234
1244.00,16.8117
1244.50,16.8023
1245.00,16.7950
1245.50,16.7893
1246.00,16.7850
1246.50,16.7842
1247.00,16.7894
1247.50,16.8023
1248.00,16.8208
1248.50,16.8408
1249.00,16.8583
1249.50,16.8719
1250.00,16.8826
1250.50,16.8916
1251.00,16.8994
1251.50,16.9051
1252.00,16.9076
1252.50,16.9070
1253.00,16.9060
1253.50,16.9088
1254.00,16.9189
1254.50,16.9362
1255.00,16.9569
1255.50,16.9753
1256.00,16.9873
1256.50,16.9917
1257.00,16.9885
1257.50,16.9779
1258.00,16.9603
1258.50,16.9377
1259.00,16.9146
1259.50,16.8972
1260.00,16.8900
1260.50,16.8936
1261.00,16.9047
1261.50,16.9192
1262.00,16.9342
1262.50,16.9485
1263.00,16.9598
1263.50,16.9652
1264.00,16.9637
1264.50,16.9583
1265.00,16.9544
1265.50,16.9557
1266.00,16.9615
1266.50,16.9681
1267.00,16.9727
1267.50,16.9754
1268.00,16.9780
1268.50,16.9811
1269.00,16.9828
1269.50,16.9795
1270.00,16.9698
1270.50,16.9552
1271.00,16.9389
1271.50,16.9230
1272.00,16.9078
1272.50,16.8923
1273.00,16.8765
1273.50,16.8614
1274.00,16.8479
1274.50,16.8355
1275.00,16.8236
1275.50,16.8140
1276.00,16.8107
1276.50,16.8173
1277.00,16.8338
1277.50,16.8564
1278.00,16.8793
1278.50,16.8980
1279.00,16.9107
1279.50,16.9187
1280.00,16.9245
1280.50,16.9292
1281.00,16.9311
1281.50,16.9275
1282.00,16.9174
1282.50,16.9029
1283.00,16.8882
1283.50,16.8766
1284.00,16.8703
1284.50,16.8694
1285.00,16.8724
1285.50,16.8773
1286.00,16.8808
1286.50,16.8798
1287.00,16.8735
1287.50,16.8653
1288.00,16.8614
1288.50,16.8665
1289.00,16.8787
1289.50,16.8911
1290.00,16.8967
1290.50,16.8936
1291.00,16.8853
1291.50,16.8779
1292.00,16.8758
1292.50,16.8805
1293.00,16.8888
1293.50,16.8956
1294.00,16.8960
1294.50,16.8893
1295.00,16.8799
1295.50,16.8741
1296.00,16.8757
1296.50,16.8844
1297.00,16.8970
1297.50,16.9102
1298.00,16.9221
1298.50,16.9333
1299.00,16.9452
1299.50,16.9587
1300.00,16.9735
1300.50,16.9885
1301.00,17.0023
1301.50,17.0129
1302.00,17.0183
1302.50,17.0179
1303.00,17.0133
1303.50,17.0080
1304.00,17.0056
1304.50,17.0070
1305.00,17.0112
1305.50,17.0161
1306.00,17.0192
1306.50,17.0184
1307.00,17.0125
1307.50,17.0036
1308.00,16.9963
1308.50,16.9948
1309.00,17.0007
1309.50,17.0108
1310.00,17.0194
1310.50,17.0204
1311.00,17.0120
1311.50,16.9974
1312.00,16.9831
1312.50,16.9742
1313.00,16.9723
1313.50,16.9759
1314.00,16.9832
1314.50,16.9936
1315.00,17.0073
1315.50,17.0241
1316.00,17.0422
1316.50,17.0587
1317.00,17.0713
1317.50,17.0797
1318.00,17.0854
1318.50,17.0900
1319.00,17.0942
1319.50,17.0987
1320.00,17.1034
1320.50,17.1076
1321.00,17.1101
1321.50,17.1119
1322.00,17.1155
1322.50,17.1219
1323.00,17.1282
1323.50,17.1294
1324.00,17.1240
1324.50,17.1153
1325.00,17.1090
1325.50,17.1087
1326.00,17.1140
1326.50,17.1213
1327.00,17.1281
1327.50,17.1341
1328.00,17.1401
1328.50,17.1462
1329.00,17.1518
1329.50,17.1576
1330.00,17.1660
1330.50,17.1787
1331.00,17.1946
1331.50,17.2092
1332.00,17.2179
1332.50,17.2194
1333.00,17.2151
1333.50,17.2070
1334.00,17.1946
1334.50,17.1767
1335.00,17.1536
1335.50,17.1286
1336.00,17.1061
1336.50,17.0897
1337.00,17.0807
1337.50,17.0779
1338.00,17.0787
1338.50,17.0808
1339.00,17.0836
1339.50,17.0877
1340.00,17.0941
1340.50,17.1030
1341.00,17.1124
1341.50,17.1180
1342.00,17.1152
1342.50,17.1032
1343.00,17.0863
1343.50,17.0716
1344.00,17.0645
1344.50,17.0661
1345.00,17.0737
1345.50,17.0833
1346.00,17.0924
1346.50,17.1017
1347.00,17.1146
1347.50,17.1340
1348.00,17.1590
1348.50,17.1850
1349.00,17.2054
1349.50,17.2152
1350.00,17.2130
1350.50,17.2007
1351.00,17.1820
1351.50,17.1595
1352.00,17.1350
1352.50,17.1104
1353.00,17.0895
1353.50,17.0767
1354.00,17.0751
1354.50,17.0843
1355.00,17.1004
1355.50,17.1172
1356.00,17.1299
1356.50,17.1378
1357.00,17.1439
1357.50,17.1521
1358.00,17.1629
1358.50,17.1722
1359.00,17.1755
1359.50,17.1707
1360.00,17.1602
1360.50,17.1483
1361.00,17.1385
1361.50,17.1323
1362.00,17.1296
1362.50,17.1287
1363.00,17.1276
1363.50,17.1254
1364.00,17.1237
1364.50,17.1261
1365.00,17.1352
1365.50,17.1509
1366.00,17.1701
1366.50,17.1886
1367.00,17.2035
1367.50,17.2150
1368.00,17.2261
1368.50,17.2386
1369.00,17.2515
1369.50,17.2621
1370.00,17.2695
1370.50,17.2757
1371.00,17.2853
1371.50,17.3026
1372.00,17.3295
1372.50,17.3645
1373.00,17.4028
1373.50,17.4389
1374.00,17.4693
1374.50,17.4931
1375.00,17.5101
1375.50,17.5201
1376.00,17.5224
1376.50,17.5174
1377.00,17.5077
1377.50,17.4985
1378.00,17.4958
1378.50,17.5025
1379.00,17.5167
1379.50,17.5324
1380.00,17.5445
1380.50,17.5519
1381.00,17.5572
1381.50,17.5626
1382.00,17.5683
1382.50,17.5725
1383.00,17.5739
1383.50,17.5714
1384.00,17.5647
1384.50,17.5545
1385.00,17.5429
1385.50,17.5321
1386.00,17.5231
1386.50,17.5139
1387.00,17.5024
1387.50,17.4878
1388.00,17.4716
1388.50,17.4550
1389.00,17.4378
1389.50,17.4209
1390.00,17.4075
1390.50,17.4020
1391.00,17.4046
1391.50,17.4102
1392.00,17.4114
1392.50,17.4059
1393.00,17.3975
1393.50,17.3922
1394.00,17.3927
1394.50,17.3969
1395.00,17.4007
1395.50,17.4027
1396.00,17.4045
1396.50,17.4094
1397.00,17.4190
1397.50,17.4329
1398.00,17.4491
1398.50,17.4660
1399.00,17.4825
1399.50,17.4975
1400.00,17.5098
1400.50,17.5169
1401.00,17.5167
1401.50,17.5087
1402.00,17.4957
1402.50,17.4830
1403.00,17.4758
1403.50,17.4772
1404.00,17.4871
1404.50,17.5019
1405.00,17.5166
1405.50,17.5272
1406.00,17.5325
1406.50,17.5351
1407.00,17.5383
1407.50,17.5440
1408.00,17.5518
1408.50,17.5605
1409.00,17.5690
1409.50,17.5765
1410.00,17.5831
1410.50,17.5890
1411.00,17.5947
1411.50,17.5997
1412.00,17.6018
1412.50,17.5983
1413.00,17.5885
1413.50,17.5751
1414.00,17.5624
1414.50,17.5541
1415.00,17.5505
1415.50,17.5501
1416.00,17.5505
1416.50,17.5503
1417.00,17.5496
1417.50,17.5501
1418.00,17.5546
1418.50,17.5636
1419.00,17.5742
1419.50,17.5820
1420.00,17.5843
1420.50,17.5825
1421.00,17.5796
1421.50,17.5779
1422.00,17.5785
1422.50,17.5823
1423.00,17.5897
1423.50,17.5992
1424.00,17.6083
1424.50,17.6155
1425.00,17.6205
1425.50,17.6220
1426.00,17.6159
1426.50,17.5972
1427.00,17.5646
1427.50,17.5236
1428.00,17.4857
1428.50,17.4625
1429.00,17.4597
1429.50,17.4740
1430.00,17.4950
1430.50,17.5123
1431.00,17.5214
1431.50,17.5248
1432.00,17.5277
1432.50,17.5349
1433.00,17.5479
1433.50,17.5659
1434.00,17.5870
1434.50,17.6075
1435.00,17.6236
1435.50,17.6334
1436.00,17.6392
1436.50,17.6455
1437.00,17.6556
1437.50,17.6695
1438.00,17.6846
1438.50,17.6971
1439.00,17.7039
1439.50,17.7047
1440.00,17.7022
1440.50,17.7004
1441.00,17.7008
1441.50,17.7012
1442.00,17.6975
1442.50,17.6878
1443.00,17.6738
1443.50,17.6586
1444.00,17.6456
1444.50,17.6369
1445.00,17.6326
1445.50,17.6312
1446.00,17.6315
1446.50,17.6347
1447.00,17.6444
1447.50,17.6637
1448.00,17.6927
1448.50,17.7266
1449.00,17.7583
1449.50,17.7823
1450.00,17.7972
1450.50,17.8058
1451.00,17.8115
1451.50,17.8163
1452.00,17.8201
1452.50,17.8231
1453.00,17.8266
1453.50,17.8309
1454.00,17.8340
1454.50,17.8318
1455.00,17.8221
1455.50,17.8059
1456.00,17.7872
1456.50,17.7710
1457.00,17.7613
1457.50,17.7585
1458.00,17.7588
1458.50,17.7568
1459.00,17.7500
1459.50,17.7417
1460.00,17.7380
1460.50,17.7420
1461.00,17.7516
1461.50,17.7613
1462.00,17.7678
1462.50,17.7717
1463.00,17.7767
1463.50,17.7852
1464.00,17.7959
1464.50,17.8045
1465.00,17.8077
1465.50,17.8052
1466.00,17.7979
1466.50,17.7869
1467.00,17.7718
1467.50,17.7526
1468.00,17.7311
1468.50,17.7101
1469.00,17.6921
1469.50,17.6787
1470.00,17.6717
1470.50,17.6723
1471.00,17.6809
1471.50,17.6959
1472.00,17.7141
1472.50,17.7317
1473.00,17.7458
1473.50,17.7559
1474.00,17.7641
1474.50,17.7731
1475.00,17.7841
1475.50,17.7951
1476.00,17.8016
1476.50,17.7994
1477.00,17.7864
1477.50,17.7632
1478.00,17.7327
1478.50,17.7003
1479.00,17.6728
1479.50,17.6564
1480.00,17.6533
1480.50,17.6615
1481.00,17.6763
1481.50,17.6929
1482.00,17.7081
1482.50,17.7197
1483.00,17.7265
1483.50,17.7287
1484.00,17.7268
1484.50,17.7214
1485.00,17.7131
1485.50,17.7031
1486.00,17.6934
1486.50,17.6849
1487.00,17.6771
1487.50,17.6690
1488.00,17.6606
1488.50,17.6545
1489.00,17.6539
1489.50,17.6600
1490.00,17.6705
1490.50,17.6804
1491.00,17.6859
1491.50,17.6873
1492.00,17.6877
1492.50,17.6896
1493.00,17.6913
1493.50,17.6891
1494.00,17.6809
1494.50,17.6689
1495.00,17.6584
1495.50,17.6543
1496.00,17.6584
1496.50,17.6697
1497.00,17.6863
1497.50,17.7068
1498.00,17.7301
1498.50,17.7541
1499.00,17.7756
1499.50,17.7924
1500.00,17.8043
1500.50,17.8125
1501.00,17.8180
1501.50,17.8214
1502.00,17.8225
1502.50,17.8222
1503.00,17.8227
1503.50,17.8277
1504.00,17.8402
1504.50,17.8604
1505.00,17.8846
1505.50,17.9072
1506.00,17.9242
1506.50,17.9355
1507.00,17.9442
1507.50,17.9539
1508.00,17.9662
1508.50,17.9799
1509.00,17.9911
1509.50,17.9946
1510.00,17.9870
1510.50,17.9687
1511.00,17.9441
1511.50,17.9198
1512.00,17.9017
1512.50,17.8928
1513.00,17.8921
1513.50,17.8952
1514.00,17.8963
1514.50,17.8910
1515.00,17.8787
1515.50,17.8634
1516.00,17.8512
1516.50,17.8468
1517.00,17.8507
1517.50,17.8592
1518.00,17.8667
1518.50,17.8692
1519.00,17.8646
1519.50,17.8529
1520.00,17.8349
1520.50,17.8129
1521.00,17.7917
1521.50,17.7766
1522.00,17.7711
1522.50,17.7742
1523.00,17.7812
1523.50,17.7862
1524.00,17.7852
1524.50,17.7781
1525.00,17.7684
1525.50,17.7618
1526.00,17.7620
1526.50,17.7687
1527.00,17.7783
1527.50,17.7858
1528.00,17.7878
1528.50,17.7837
1529.00,17.7753
1529.50,17.7663
1530.00,17.7606
1530.50,17.7609
1531.00,17.7677
1531.50,17.7783
1532.00,17.7899
1532.50,17.8022
1533.00,17.8181
1533.50,17.8396
1534.00,17.8645
1534.50,17.8861
1535.00,17.8984
1535.50,17.8989
1536.00,17.8907
1536.50,17.8793
1537.00,17.8692
1537.50,17.8618
1538.00,17.8564
1538.50,17.8522
1539.00,17.8493
1539.50,17.8480
1540.00,17.8481
1540.50,17.8494
1541.00,17.8518
1541.50,17.8538
1542.00,17.8532
1542.50,17.8468
1543.00,17.8339
1543.50,17.8162
1544.00,17.7979
1544.50,17.7833
1545.00,17.7741
1545.50,17.7692
1546.00,17.7650
1546.50,17.7580
1547.00,17.7473
1547.50,17.7350
1548.00,17.7247
1548.50,17.7188
1549.00,17.7170
1549.50,17.7166
1550.00,17.7145
1550.50,17.7094
1551.00,17.7029
1551.50,17.6978
1552.00,17.6965
1552.50,17.6984
1553.00,17.6999
1553.50,17.6964
1554.00,17.6856
1554.50,17.6700
1555.00,17.6545
1555.50,17.6432
1556.00,17.6360
1556.50,17.6298
1557.00,17.6207
1557.50,17.6068
1558.00,17.5883
1558.50,17.5674
1559.00,17.5479
1559.50,17.5342
1560.00,17.5293
1560.50,17.5329
1561.00,17.5415
1561.50,17.5494
1562.00,17.5517
1562.50,17.5472
1563.00,17.5391
1563.50,17.5338
1564.00,17.5359
1564.50,17.5449
1565.00,17.5576
1565.50,17.5702
1566.00,17.5812
1566.50,17.5904
1567.00,17.5983
1567.50,17.6062
1568.00,17.6158
1568.50,17.6275
1569.00,17.6406
1569.50,17.6525
1570.00,17.6606
1570.50,17.6626
1571.00,17.6567
1571.50,17.6433
1572.00,17.6245
1572.50,17.6038
1573.00,17.5838
1573.50,17.5662
1574.00,17.5515
1574.50,17.5396
1575.00,17.5308
1575.50,17.5261
1576.00,17.5257
1576.50,17.5285
1577.00,17.5318
1577.50,17.5322
1578.00,17.5280
1578.50,17.5194
1579.00,17.5087
1579.50,17.4998
1580.00,17.4962
1580.50,17.4990
1581.00,17.5060
1581.50,17.5130
1582.00,17.5163
1582.50,17.5158
1583.00,17.5144
1583.50,17.5157
1584.00,17.5210
1584.50,17.5276
1585.00,17.5310
1585.50,17.5276
1586.00,17.5165
1586.50,17.4998
1587.00,17.4814
1587.50,17.4663
1588.00,17.4575
1588.50,17.4550
1589.00,17.4553
1589.50,17.4535
1590.00,17.4467
1590.50,17.4364
1591.00,17.4267
1591.50,17.4218
1592.00,17.4226
1592.50,17.4274
1593.00,17.4330
1593.50,17.4370
1594.00,17.4381
1594.50,17.4364
1595.00,17.4319
1595.50,17.4238
1596.00,17.4118
1596.50,17.3973
1597.00,17.3825
1597.50,17.3683
1598.00,17.3539
1598.50,17.3382
1599.00,17.3225
1599.50,17.3103
1600.00,17.3051
1600.50,17.3077
1601.00,17.3160
1601.50,17.3274
1602.00,17.3395
1602.50,17.3500
1603.00,17.3563
1603.50,17.3560
1604.00,17.3497
1604.50,17.3417
1605.00,17.3370
1605.50,17.3378
1606.00,17.3418
1606.50,17.3448
1607.00,17.3450
1607.50,17.3447
1608.00,17.3486
1608.50,17.3592
1609.00,17.3753
1609.50,17.3924
1610.00,17.4068
1610.50,17.4175
1611.00,17.4268
1611.50,17.4369
1612.00,17.4476
1612.50,17.4562
1613.00,17.4602
1613.50,17.4588
1614.00,17.4525
1614.50,17.4423
1615.00,17.4308
1615.50,17.4229
1616.00,17.4258
1616.50,17.4437
1617.00,17.4736
1617.50,17.5050
1618.00,17.5259
1618.50,17.5293
1619.00,17.5159
1619.50,17.4921
1620.00,17.4653
1620.50,17.4409
1621.00,17.4220
1621.50,17.4089
1622.00,17.4003
1622.50,17.3948
1623.00,17.3908
1623.50,17.3876
1624.00,17.3852
1624.50,17.3833
1625.00,17.3816
1625.50,17.3788
1626.00,17.3735
1626.50,17.3664
1627.00,17.3605
1627.50,17.3590
1628.00,17.3631
1628.50,17.3711
1629.00,17.3796
1629.50,17.3859
1630.00,17.3887
1630.50,17.3886
1631.00,17.3865
1631.50,17.3833
1632.00,17.3792
1632.50,17.3741
1633.00,17.3689
1633.50,17.3666
1634.00,17.3718
1634.50,17.3873
1635.00,17.4105
1635.50,17.4332
1636.00,17.4477
1636.50,17.4520
1637.00,17.4509
1637.50,17.4515
1638.00,17.4568
1638.50,17.4645
1639.00,17.4686
1639.50,17.4640
1640.00,17.4505
1640.50,17.4326
1641.00,17.4167
1641.50,17.4069
1642.00,17.4025
1642.50,17.4001
1643.00,17.3966
1643.50,17.3911
1644.00,17.3841
1644.50,17.3760
1645.00,17.3667
1645.50,17.3572
1646.00,17.3493
1646.50,17.3442
1647.00,17.3414
1647.50,17.3392
1648.00,17.3368
1648.50,17.3339
1649.00,17.3314
1649.50,17.3301
1650.00,17.3302
1650.50,17.3321
1651.00,17.3364
1651.50,17.3443
1652.00,17.3565
1652.50,17.3716
1653.00,17.3861
1653.50,17.3967
1654.00,17.4031
1654.50,17.4067
1655.00,17.4094
1655.50,17.4115
1656.00,17.4133
1656.50,17.4157
1657.00,17.4194
1657.50,17.4245
1658.00,17.4296
1658.50,17.4338
1659.00,17.4368
1659.50,17.4388
1660.00,17.4397
1660.50,17.4393
1661.00,17.4384
1661.50,17.4385
1662.00,17.4417
1662.50,17.4490
1663.00,17.4593
1663.50,17.4694
1664.00,17.4751
1664.50,17.4730
1665.00,17.4623
1665.50,17.4447
1666.00,17.4251
1666.50,17.4103
1667.00,17.4064
1667.50,17.4160
1668.00,17.4358
1668.50,17.4586
1669.00,17.4772
1669.50,17.4878
1670.00,17.4915
1670.50,17.4923
1671.00,17.4942
1671.50,17.4998
1672.00,17.5093
1672.50,17.5224
1673.00,17.5387
1673.50,17.5582
1674.00,17.5792
1674.50,17.5992
1675.00,17.6154
1675.50,17.6262
1676.00,17.6325
1676.50,17.6373
1677.00,17.6448
1677.50,17.6587
1678.00,17.6800
1678.50,17.7063
1679.00,17.7344
1679.50,17.7622
1680.00,17.7897
1680.50,17.8158
1681.00,17.8372
1681.50,17.8501
1682.00,17.8540
1682.50,17.8526
1683.00,17.8517
1683.50,17.8564
1684.00,17.8690
1684.50,17.8885
1685.00,17.9109
1685.50,17.9304
1686.00,17.9433
1686.50,17.9496
1687.00,17.9533
1687.50,17.9580
1688.00,17.9641
1688.50,17.9683
1689.00,17.9666
1689.50,17.9585
1690.00,17.9490
1690.50,17.9461
1691.00,17.9560
1691.50,17.9785
1692.00,18.0071
1692.50,18.0331
1693.00,18.0501
1693.50,18.0564
1694.00,18.0537
1694.50,18.0441
1695.00,18.0289
1695.50,18.0092
1696.00,17.9871
1696.50,17.9655
1697.00,17.9477
1697.50,17.9356
1698.00,17.9297
1698.50,17.9288
1699.00,17.9318
1699.50,17.9373
1700.00,17.9440
1700.50,17.9506
1701.00,17.9562
1701.50,17.9603
1702.00,17.9636
1702.50,17.9669
1703.00,17.9703
1703.50,17.9733
1704.00,17.9760
1704.50,17.9798
1705.00,17.9860
1705.50,17.9944
1706.00,18.0026
1706.50,18.0080
1707.00,18.0101
1707.50,18.0112
1708.00,18.0151
1708.50,18.0231
1709.00,18.0343
1709.50,18.0473
1710.00,18.0622
1710.50,18.0800
1711.00,18.1002
1711.50,18.1198
1712.00,18.1352
1712.50,18.1457
1713.00,18.1536
1713.50,18.1623
1714.00,18.1743
1714.50,18.1895
1715.00,18.2060
1715.50,18.2207
1716.00,18.2303
1716.50,18.2339
1717.00,18.2331
1717.50,18.2317
1718.00,18.2317
1718.50,18.2332
1719.00,18.2346
1719.50,18.2339
1720.00,18.2298
1720.50,18.2222
1721.00,18.2111
1721.50,18.1962
1722.00,18.1762
1722.50,18.1506
1723.00,18.1215
1723.50,18.0946
1724.00,18.0752
1724.50,18.0650
1725.00,18.0601
1725.50,18.0546
1726.00,18.0446
1726.50,18.0317
1727.00,18.0220
1727.50,18.0209
1728.00,18.0304
1728.50,18.0467
1729.00,18.0632
1729.50,18.0740
1730.00,18.0776
1730.50,18.0760
1731.00,18.0725
1731.50,18.0688
1732.00,18.0639
1732.50,18.0561
1733.00,18.0440
1733.50,18.0280
1734.00,18.0108
1734.50,17.9952
1735.00,17.9822
1735.50,17.9700
1736.00,17.9549
1736.50,17.9344
1737.00,17.9082
1737.50,17.8797
1738.00,17.8529
1738.50,17.8307
1739.00,17.8126
1739.50,17.7963
1740.00,17.7811
1740.50,17.7682
1741.00,17.7599
1741.50,17.7574
1742.00,17.7589
1742.50,17.7615
1743.00,17.7640
1743.50,17.7689
1744.00,17.7805
1744.50,17.8002
1745.00,17.8251
1745.50,17.8498
1746.00,17.8707
1746.50,17.8878
1747.00,17.9016
1747.50,17.9106
1748.00,17.9124
1748.50,17.9065
1749.00,17.8956
1749.50,17.8840
1750.00,17.8753
1750.50,17.8717
1751.00,17.8747
1751.50,17.8839
1752.00,17.8962
1752.50,17.9060
1753.00,17.9090
1753.50,17.9043
1754.00,17.8933
1754.50,17.8786
1755.00,17.8621
1755.50,17.8467
1756.00,17.8351
1756.50,17.8296
1757.00,17.8304
1757.50,17.8358
1758.00,17.8442
1758.50,17.8546
1759.00,17.8656
1759.50,17.8741
1760.00,17.8761
1760.50,17.8704
1761.00,17.8610
1761.50,17.8557
1762.00,17.8603
1762.50,17.8749
1763.00,17.8943
1763.50,17.9132
1764.00,17.9300
1764.50,17.9448
1765.00,17.9573
1765.50,17.9655
1766.00,17.9684
1766.50,17.9672
1767.00,17.9646
1767.50,17.9623
1768.00,17.9609
1768.50,17.9597
1769.00,17.9568
1769.50,17.9508
1770.00,17.9427
1770.50,17.9357
1771.00,17.9336
1771.50,17.9372
1772.00,17.9441
1772.50,17.9506
1773.00,17.9543
1773.50,17.9557
1774.00,17.9560
1774.50,17.9570
1775.00,17.9591
1775.50,17.9615
1776.00,17.9617
1776.50,17.9577
1777.00,17.9494
1777.50,17.9389
1778.00,17.9280
1778.50,17.9158
1779.00,17.8990
1779.50,17.8751
1780.00,17.8461
1780.50,17.8177
1781.00,17.7953
1781.50,17.7810
1782.00,17.7735
1782.50,17.7696
1783.00,17.7666
1783.50,17.7625
1784.00,17.7567
1784.50,17.7496
1785.00,17.7420
1785.50,17.7348
1786.00,17.7295
1786.50,17.7278
1787.00,17.7299
1787.50,17.7340
1788.00,17.7367
1788.50,17.7341
1789.00,17.7235
1789.50,17.7041
1790.00,17.6776
1790.50,17.6492
1791.00,17.6256
1791.50,17.6121
1792.00,17.6101
1792.50,17.6158
1793.00,17.6232
1793.50,17.6281
1794.00,17.6304
1794.50,17.6324
1795.00,17.6366
1795.50,17.6436
1796.00,17.6526
1796.50,17.6620
1797.00,17.6703
1797.50,17.6767
1798.00,17.6819
1798.50,17.6873
1799.00,17.6946
1799.50,17.7042
1800.00,17.7157
1800.50,17.7301
1801.00,17.7506
1801.50,17.7800
1802.00,17.8166
1802.50,17.8520
1803.00,17.8762
1803.50,17.8828
1804.00,17.8735
1804.50,17.8562
1805.00,17.8395
1805.50,17.8291
1806.00,17.8262
1806.50,17.8286
1807.00,17.8331
1807.50,17.8367
1808.00,17.8359
1808.50,17.8275
1809.00,17.8113
1809.50,17.7920
1810.00,17.7779
1810.50,17.7758
1811.00,17.7867
1811.50,17.8058
1812.00,17.8261
1812.50,17.8428
1813.00,17.8546
1813.50,17.8636
1814.00,17.8730
1814.50,17.8842
1815.00,17.8955
1815.50,17.9023
1816.00,17.9010
1816.50,17.8910
1817.00,17.8751
1817.50,17.8580
1818.00,17.8438
1818.50,17.8344
1819.00,17.8294
1819.50,17.8270
1820.00,17.8245
1820.50,17.8193
1821.00,17.8098
1821.50,17.7965
1822.00,17.7833
1822.50,17.7747
1823.00,17.7731
1823.50,17.7775
1824.00,17.7853
1824.50,17.7952
1825.00,17.8066
1825.50,17.8186
1826.00,17.8285
1826.50,17.8336
1827.00,17.8327
1827.50,17.8270
1828.00,17.8191
1828.50,17.8130
1829.00,17.8129
1829.50,17.8220
1830.00,17.8409
1830.50,17.8653
1831.00,17.8877
1831.50,17.9002
1832.00,17.9004
1832.50,17.8916
1833.00,17.8803
1833.50,17.8716
1834.00,17.8678
1834.50,17.8686
1835.00,17.8733
1835.50,17.8799
1836.00,17.8847
1836.50,17.8844
1837.00,17.8792
1837.50,17.8739
1838.00,17.8742
1838.50,17.8821
1839.00,17.8947
1839.50,17.9066
1840.00,17.9135
1840.50,17.9135
1841.00,17.9068
1841.50,17.8952
1842.00,17.8820
1842.50,17.8708
1843.00,17.8647
1843.50,17.8645
1844.00,17.8689
1844.50,17.8751
1845.00,17.8804
1845.50,17.8837
1846.00,17.8864
1846.50,17.8916
1847.00,17.9019
1847.50,17.9187
1848.00,17.9411
1848.50,17.9673
1849.00,17.9949
1849.50,18.0211
1850.00,18.0435
1850.50,18.0612
1851.00,18.0743
1851.50,18.0843
1852.00,18.0921
1852.50,18.0984
1853.00,18.1035
1853.50,18.1082
1854.00,18.1138
1854.50,18.1213
1855.00,18.1302
1855.50,18.1386
1856.00,18.1446
1856.50,18.1473
1857.00,18.1474
1857.50,18.1462
1858.00,18.1456
1858.50,18.1476
1859.00,18.1529
1859.50,18.1593
1860.00,18.1624
1860.50,18.1586
1861.00,18.1486
1861.50,18.1366
1862.00,18.1271
1862.50,18.1216
1863.00,18.1175
1863.50,18.1109
1864.00,18.1003
1864.50,18.0883
1865.00,18.0801
1865.50,18.0801
1866.00,18.0888
1866.50,18.1022
1867.00,18.1138
1867.50,18.1189
1868.00,18.1164
1868.50,18.1094
1869.00,18.1036
1869.50,18.1033
1870.00,18.1092
1870.50,18.1185
1871.00,18.1275
1871.50,18.1345
1872.00,18.1390
1872.50,18.1402
1873.00,18.1361
1873.50,18.1250
1874.00,18.1080
1874.50,18.0882
1875.00,18.0693
1875.50,18.0543
1876.00,18.0444
1876.50,18.0405
1877.00,18.0436
1877.50,18.0544
1878.00,18.0720
1878.50,18.0934
1879.00,18.1131
1879.50,18.1259
1880.00,18.1292
1880.50,18.1248
1881.00,18.1170
1881.50,18.1100
1882.00,18.1050
1882.50,18.1018
1883.00,18.0992
1883.50,18.0971
1884.00,18.0957
1884.50,18.0953
1885.00,18.0948
1885.50,18.0921
1886.00,18.0859
1886.50,18.0768
1887.00,18.0678
1887.50,18.0628
1888.00,18.0632
1888.50,18.0663
1889.00,18.0675
1889.50,18.0648
1890.00,18.0612
1890.50,18.0624
1891.00,18.0715
1891.50,18.0866
1892.00,18.1027
1892.50,18.1158
1893.00,18.1239
1893.50,18.1272
1894.00,18.1274
1894.50,18.1272
1895.00,18.1297
1895.50,18.1354
1896.00,18.1412
1896.50,18.1427
1897.00,18.1379
1897.50,18.1282
1898.00,18.1169
1898.50,18.1054
1899.00,18.0932
1899.50,18.0793
1900.00,18.0629
1900.50,18.0444
1901.00,18.0253
1901.50,18.0088
1902.00,17.9983
1902.50,17.9951
1903.00,17.9972
1903.50,18.0004
1904.00,18.0023
1904.50,18.0036
1905.00,18.0075
1905.50,18.0147
1906.00,18.0214
1906.50,18.0209
1907.00,18.0102
1907.50,17.9926
1908.00,17.9759
1908.50,17.9667
1909.00,17.9671
1909.50,17.9752
1910.00,17.9873
1910.50,18.0003
1911.00,18.0119
1911.50,18.0198
1912.00,18.0227
1912.50,18.0207
1913.00,18.0155
1913.50,18.0090
1914.00,18.0006
1914.50,17.9893
1915.00,17.9763
1915.50,17.9673
1916.00,17.9696
1916.50,17.9861
1917.00,18.0136
1917.50,18.0449
1918.00,18.0738
1918.50,18.0981
1919.00,18.1176
1919.50,18.1332
1920.00,18.1453
1920.50,18.1542
1921.00,18.1601
1921.50,18.1627
1922.00,18.1608
1922.50,18.1542
1923.00,18.1446
1923.50,18.1368
1924.00,18.1359
1924.50,18.1451
1925.00,18.1616
1925.50,18.1781
1926.00,18.1867
1926.50,18.1847
1927.00,18.1762
1927.50,18.1687
1928.00,18.1671
1928.50,18.1712
1929.00,18.1776
1929.50,18.1838
1930.00,18.1890
1930.50,18.1920
1931.00,18.1912
1931.50,18.1862
1932.00,18.1796
1932.50,18.1763
1933.00,18.1796
1933.50,18.1891
1934.00,18.2019
1934.50,18.2149
1935.00,18.2263
1935.50,18.2342
1936.00,18.2364
1936.50,18.2316
1937.00,18.2212
1937.50,18.2082
1938.00,18.1958
1938.50,18.1847
1939.00,18.1738
1939.50,18.1617
1940.00,18.1497
1940.50,18.1410
1941.00,18.1395
1941.50,18.1467
1942.00,18.1602
1942.50,18.1762
1943.00,18.1918
1943.50,18.2058
1944.00,18.2178
1944.50,18.2268
1945.00,18.2317
1945.50,18.2317
1946.00,18.2277
1946.50,18.2230
1947.00,18.2225
1947.50,18.2305
1948.00,18.2477
1948.50,18.2701
1949.00,18.2906
1949.50,18.3032
1950.00,18.3056
1950.50,18.2993
1951.00,18.2872
1951.50,18.2713
1952.00,18.2531
1952.50,18.2351
1953.00,18.2219
1953.50,18.2181
1954.00,18.2257
1954.50,18.2419
1955.00,18.2611
1955.50,18.2769
1956.00,18.2853
1956.50,18.2859
1957.00,18.2817
1957.50,18.2782
1958.00,18.2805
1958.50,18.2901
1959.00,18.3027
1959.50,18.3105
1960.00,18.3077
1960.50,18.2958
1961.00,18.2833
1961.50,18.2784
1962.00,18.2833
1962.50,18.2932
1963.00,18.3012
1963.50,18.3034
1964.00,18.2991
1964.50,18.2894
1965.00,18.2763
1965.50,18.2618
1966.00,18.2476
1966.50,18.2341
1967.00,18.2217
1967.50,18.2113
1968.00,18.2041
1968.50,18.2000
1969.00,18.1962
1969.50,18.1890
1970.00,18.1763
1970.50,18.1590
1971.00,18.1397
1971.50,18.1210
1972.00,18.1049
1972.50,18.0930
1973.00,18.0863
1973.50,18.0853
1974.00,18.0889
1974.50,18.0961
1975.00,18.1060
1975.50,18.1188
1976.00,18.1343
1976.50,18.1516
1977.00,18.1684
1977.50,18.1817
1978.00,18.1888
1978.50,18.1887
1979.00,18.1819
1979.50,18.1707
1980.00,18.1590
1980.50,18.1508
1981.00,18.1487
1981.50,18.1524
1982.00,18.1603
1982.50,18.1702
1983.00,18.1800
1983.50,18.1883
1984.00,18.1940
1984.50,18.1958
1985.00,18.1925
1985.50,18.1828
1986.00,18.1669
1986.50,18.1475
1987.00,18.1304
1987.50,18.1211
1988.00,18.1224
1988.50,18.1327
1989.00,18.1483
1989.50,18.1666
1990.00,18.1873
1990.50,18.2107
1991.00,18.2353
1991.50,18.2579
1992.00,18.2754
1992.50,18.2861
1993.00,18.2903
1993.50,18.2889
1994.00,18.2833
1994.50,18.2746
1995.00,18.2638
1995.50,18.2525
1996.00,18.2435
1996.50,18.2401
1997.00,18.2445
1997.50,18.2566
1998.00,18.2732
1998.50,18.2894
1999.00,18.3005
1999.50,18.3034
2000.00,18.2962
2000.50,18.2785
2001.00,18.2522
2001.50,18.2221
2002.00,18.1939
2002.50,18.1712
2003.00,18.1529
2003.50,18.1351
2004.00,18.1153
2004.50,18.0948
2005.00,18.0770
2005.50,18.0646
2006.00,18.0584
2006.50,18.0577
2007.00,18.0616
2007.50,18.0672
2008.00,18.0709
2008.50,18.0692
2009.00,18.0611
2009.50,18.0481
2010.00,18.0340
2010.50,18.0230
2011.00,18.0190
2011.50,18.0232
2012.00,18.0345
2012.50,18.0503
2013.00,18.0667
2013.50,18.0795
2014.00,18.0843
2014.50,18.0800
2015.00,18.0700
2015.50,18.0609
2016.00,18.0589
2016.50,18.0664
2017.00,18.0814
2017.50,18.1001
2018.00,18.1191
2018.50,18.1365
2019.00,18.1517
2019.50,18.1641
2020.00,18.1725
2020.50,18.1753
2021.00,18.1711
2021.50,18.1594
2022.00,18.1420
2022.50,18.1230
2023.00,18.1078
2023.50,18.1008
2024.00,18.1036
2024.50,18.1146
2025.00,18.1304
2025.50,18.1467
2026.00,18.1614
2026.50,18.1748
2027.00,18.1892
2027.50,18.2061
2028.00,18.2241
2028.50,18.2395
2029.00,18.2490
2029.50,18.2524
2030.00,18.2518
2030.50,18.2494
2031.00,18.2445
2031.50,18.2341
2032.00,18.2158
2032.50,18.1908
2033.00,18.1640
2033.50,18.1406
2034.00,18.1227
2034.50,18.1088
2035.00,18.0969
2035.50,18.0870
2036.00,18.0804
2036.50,18.0765
2037.00,18.0721
2037.50,18.0648
2038.00,18.0561
2038.50,18.0512
2039.00,18.0531
2039.50,18.0594
2040.00,18.0630
2040.50,18.0581
2041.00,18.0442
2041.50,18.0263
2042.00,18.0112
2042.50,18.0025
2043.00,17.9997
2043.50,17.9988
2044.00,17.9965
2044.50,17.9924
2045.00,17.9890
2045.50,17.9896
2046.00,17.9951
2046.50,18.0036
2047.00,18.0112
2047.50,18.0157
2048.00,18.0174
2048.50,18.0188
2049.00,18.0229
2049.50,18.0313
2050.00,18.0435
2050.50,18.0568
2051.00,18.0690
2051.50,18.0803
2052.00,18.0941
2052.50,18.1141
2053.00,18.1418
2053.50,18.1756
2054.00,18.2124
2054.50,18.2485
2055.00,18.2807
2055.50,18.3064
2056.00,18.3248
2056.50,18.3366
2057.00,18.3431
2057.50,18.3455
2058.00,18.3455
2058.50,18.3447
2059.00,18.3442
2059.50,18.3433
2060.00,18.3395
2060.50,18.3304
2061.00,18.3148
2061.50,18.2939
2062.00,18.2707
2062.50,18.2491
2063.00,18.2315
2063.50,18.2180
2064.00,18.2072
2064.50,18.1980
2065.00,18.1898
2065.50,18.1819
2066.00,18.1724
2066.50,18.1590
2067.00,18.1417
2067.50,18.1239
2068.00,18.1114
2068.50,18.1081
2069.00,18.1135
2069.50,18.1236
2070.00,18.1332
2070.50,18.1391
2071.00,18.1404
2071.50,18.1385
2072.00,18.1346
2072.50,18.1296
2073.00,18.1231
2073.50,18.1146
2074.00,18.1043
2074.50,18.0935
2075.00,18.0838
2075.50,18.0769
2076.00,18.0733
2076.50,18.0728
2077.00,18.0759
2077.50,18.0839
2078.00,18.0971
2078.50,18.1132
2079.00,18.1282
2079.50,18.1393
2080.00,18.1472
2080.50,18.1548
2081.00,18.1649
2081.50,18.1784
2082.00,18.1944
2082.50,18.2103
2083.00,18.2232
2083.50,18.2317
2084.00,18.2381
2084.50,18.2477
2085.00,18.2638
2085.50,18.2852
2086.00,18.3075
2086.50,18.3283
2087.00,18.3485
2087.50,18.3694
2088.00,18.3913
2088.50,18.4133
2089.00,18.4354
2089.50,18.4585
2090.00,18.4819
2090.50,18.5033
2091.00,18.5189
2091.50,18.5252
2092.00,18.5209
2092.50,18.5072
2093.00,18.4877
2093.50,18.4662
2094.00,18.4451
2094.50,18.4255
2095.00,18.4076
2095.50,18.3918
2096.00,18.3780
2096.50,18.3647
2097.00,18.3500
2097.50,18.3332
2098.00,18.3164
2098.50,18.3039
2099.00,18.2996
2099.50,18.3037
2100.00,18.3125
2100.50,18.3204
2101.00,18.3227
2101.50,18.3195
2102.00,18.3154
2102.50,18.3162
2103.00,18.3244
2103.50,18.3374
2104.00,18.3497
2104.50,18.3575
2105.00,18.3604
2105.50,18.3615
2106.00,18.3653
2106.50,18.3757
2107.00,18.3940
2107.50,18.4172
2108.00,18.4398
2108.50,18.4569
2109.00,18.4685
2109.50,18.4783
2110.00,18.4897
2110.50,18.5032
2111.00,18.5172
2111.50,18.5316
2112.00,18.5485
2112.50,18.5708
2113.00,18.5989
2113.50,18.6291
2114.00,18.6555
2114.50,18.6720
2115.00,18.6746
2115.50,18.6628
2116.00,18.6393
2116.50,18.6107
2117.00,18.5853
2117.50,18.5692
2118.00,18.5639
2118.50,18.5653
2119.00,18.5676
2119.50,18.5656
2120.00,18.5574
2120.50,18.5440
2121.00,18.5277
2121.50,18.5109
2122.00,18.4941
2122.50,18.4760
2123.00,18.4541
2123.50,18.4279
2124.00,18.4002
2124.50,18.3765
2125.00,18.3604
2125.50,18.3505
2126.00,18.3418
2126.50,18.3304
2127.00,18.3167
2127.50,18.3049
2128.00,18.2991
2128.50,18.2999
2129.00,18.3032
2129.50,18.3026
2130.00,18.2938
2130.50,18.2782
2131.00,18.2627
2131.50,18.2558
2132.00,18.2605
2132.50,18.2727
2133.00,18.2844
2133.50,18.2902
2134.00,18.2906
2134.50,18.2907
2135.00,18.2949
2135.50,18.3030
2136.00,18.3110
2136.50,18.3151
2137.00,18.3145
2137.50,18.3105
2138.00,18.3054
2138.50,18.3009
2139.00,18.2962
2139.50,18.2896
2140.00,18.2805
2140.50,18.2710
2141.00,18.2655
2141.50,18.2668
2142.00,18.2733
2142.50,18.2790
2143.00,18.2779
2143.50,18.2692
2144.00,18.2583
2144.50,18.2512
2145.00,18.2501
2145.50,18.2534
2146.00,18.2587
2146.50,18.2652
2147.00,18.2731
2147.50,18.2827
2148.00,18.2938
2148.50,18.3040
2149.00,18.3096
2149.50,18.3069
2150.00,18.2954
2150.50,18.2791
2151.00,18.2642
2151.50,18.2558
2152.00,18.2551
2152.50,18.2599
2153.00,18.2660
2153.50,18.2706
2154.00,18.2739
2154.50,18.2790
2155.00,18.2886
2155.50,18.3027
2156.00,18.3185
2156.50,18.3326
2157.00,18.3429
2157.50,18.3498
2158.00,18.3547
2158.50,18.3588
2159.00,18.3612
2159.50,18.3602
2160.00,18.3557
2160.50,18.3512
2161.00,18.3505
2161.50,18.3542
2162.00,18.3578
2162.50,18.3556
2163.00,18.3451
2163.50,18.3284
2164.00,18.3100
2164.50,18.2943
2165.00,18.2835
2165.50,18.2765
2166.00,18.2705
2166.50,18.2627
2167.00,18.2517
2167.50,18.2375
2168.00,18.2207
2168.50,18.2032
2169.00,18.1884
2169.50,18.1793
2170.00,18.1772
2170.50,18.1803
2171.00,18.1865
2171.50,18.1940
2172.00,18.2018
2172.50,18.2087
2173.00,18.2129
2173.50,18.2131
2174.00,18.2095
2174.50,18.2041
2175.00,18.1996
2175.50,18.1974
2176.00,18.1969
2176.50,18.1967
2177.00,18.1952
2177.50,18.1915
2178.00,18.1859
2178.50,18.1796
2179.00,18.1751
2179.50,18.1748
2180.00,18.1781
2180.50,18.1810
2181.00,18.1778
2181.50,18.1643
2182.00,18.1418
2182.50,18.1168
2183.00,18.0965
2183.50,18.0852
2184.00,18.0830
2184.50,18.0880
2185.00,18.0980
2185.50,18.1105
2186.00,18.1223
2186.50,18.1301
2187.00,18.1314
2187.50,18.1253
2188.00,18.1132
2188.50,18.0990
2189.00,18.0871
2189.50,18.0811
2190.00,18.0816
2190.50,18.0881
2191.00,18.0997
2191.50,18.1167
2192.00,18.1396
2192.50,18.1681
2193.00,18.1993
2193.50,18.2292
2194.00,18.2548
2194.50,18.2755
2195.00,18.2934
2195.50,18.3103
2196.00,18.3260
2196.50,18.3393
2197.00,18.3500
2197.50,18.3599
2198.00,18.3712
2198.50,18.3842
2199.00,18.3969
2199.50,18.4061
2200.00,18.4093
2200.50,18.4064
2201.00,18.3991
2201.50,18.3892
2202.00,18.3781
2202.50,18.3677
2203.00,18.3607
2203.50,18.3578
2204.00,18.3572
2204.50,18.3557
2205.00,18.3519
2205.50,18.3467
2206.00,18.3417
2206.50,18.3377
2207.00,18.3351
2207.50,18.3350
2208.00,18.3383
2208.50,18.3446
2209.00,18.3510
2209.50,18.3542
2210.00,18.3518
2210.50,18.3446
2211.00,18.3354
2211.50,18.3282
2212.00,18.3250
2212.50,18.3248
2213.00,18.3249
2213.50,18.3236
2214.00,18.3211
2214.50,18.3198
2215.00,18.3221
2215.50,18.3300
2216.00,18.3447
2216.50,18.3656
2217.00,18.3902
2217.50,18.4153
2218.00,18.4386
2218.50,18.4598
2219.00,18.4804
2219.50,18.5022
2220.00,18.5259
2220.50,18.5505
2221.00,18.5734
2221.50,18.5920
2222.00,18.6050
2222.50,18.6131
2223.00,18.6176
2223.50,18.6197
2224.00,18.6188
2224.50,18.6147
2225.00,18.6083
2225.50,18.6019
2226.00,18.5970
2226.50,18.5943
2227.00,18.5943
2227.50,18.5983
2228.00,18.6073
2228.50,18.6205
2229.00,18.6358
2229.50,18.6519
2230.00,18.6689
2230.50,18.6868
2231.00,18.7027
2231.50,18.7115
2232.00,18.7089
2232.50,18.6949
2233.00,18.6746
2233.50,18.6552
2234.00,18.6432
2234.50,18.6419
2235.00,18.6512
2235.50,18.6676
2236.00,18.6875
2236.50,18.7093
2237.00,18.7325
2237.50,18.7560
2238.00,18.7767
2238.50,18.7916
2239.00,18.8000
2239.50,18.8036
2240.00,18.8042
2240.50,18.8021
2241.00,18.7979
2241.50,18.7937
2242.00,18.7925
2242.50,18.7952
2243.00,18.7994
2243.50,18.8021
2244.00,18.8018
2244.50,18.7992
2245.00,18.7955
2245.50,18.7913
2246.00,18.7865
2246.50,18.7808
2247.00,18.7737
2247.50,18.7645
2248.00,18.7531
2248.50,18.7408
2249.00,18.7300
2249.50,18.7224
2250.00,18.7177
2250.50,18.7146
2251.00,18.7113
2251.50,18.7071
2252.00,18.7023
2252.50,18.6970
2253.00,18.6911
2253.50,18.6827
2254.00,18.6702
2254.50,18.6525
2255.00,18.6307
2255.50,18.6083
2256.00,18.5902
2256.50,18.5817
2257.00,18.5853
2257.50,18.5987
2258.00,18.6151
2258.50,18.6268
2259.00,18.6303
2259.50,18.6284
2260.00,18.6276
2260.50,18.6328
2261.00,18.6445
2261.50,18.6594
2262.00,18.6734
2262.50,18.6836
2263.00,18.6892
2263.50,18.6909
2264.00,18.6899
2264.50,18.6873
2265.00,18.6840
2265.50,18.6813
2266.00,18.6815
2266.50,18.6865
2267.00,18.6960
2267.50,18.7077
2268.00,18.7182
2268.50,18.7250
2269.00,18.7262
2269.50,18.7209
2270.00,18.7103
2270.50,18.6975
2271.00,18.6867
2271.50,18.6812
2272.00,18.6818
2272.50,18.6871
2273.00,18.6944
2273.50,18.7009
2274.00,18.7042
2274.50,18.7034
2275.00,18.6989
2275.50,18.6916
2276.00,18.6829
2276.50,18.6738
2277.00,18.6651
2277.50,18.6573
2278.00,18.6500
2278.50,18.6416
2279.00,18.6305
2279.50,18.6158
2280.00,18.5973
2280.50,18.5746
2281.00,18.5486
2281.50,18.5214
2282.00,18.4969
2282.50,18.4790
2283.00,18.4702
2283.50,18.4709
2284.00,18.4792
2284.50,18.4907
2285.00,18.5008
2285.50,18.5079
2286.00,18.5135
2286.50,18.5199
2287.00,18.5274
2287.50,18.5341
2288.00,18.5386
2288.50,18.5411
2289.00,18.5432
2289.50,18.5475
2290.00,18.5567
2290.50,18.5704
2291.00,18.5851
2291.50,18.5965
2292.00,18.6036
2292.50,18.6093
2293.00,18.6180
2293.50,18.6310
2294.00,18.6461
2294.50,18.6586
2295.00,18.6645
2295.50,18.6630
2296.00,18.6573
2296.50,18.6526
2297.00,18.6532
2297.50,18.6597
2298.00,18.6685
2298.50,18.6742
2299.00,18.6728
2299.50,18.6637
2300.00,18.6495
2300.50,18.6330
2301.00,18.6164
2301.50,18.6012
2302.00,18.5892
2302.50,18.5825
2303.00,18.5819
2303.50,18.5854
2304.00,18.5888
2304.50,18.5871
2305.00,18.5776
2305.50,18.5618
2306.00,18.5443
2306.50,18.5300
2307.00,18.5210
2307.50,18.5161
2308.00,18.5119
2308.50,18.5062
2309.00,18.4995
2309.50,18.4950
2310.00,18.4963
2310.50,18.5042
2311.00,18.5161
2311.50,18.5282
2312.00,18.5377
2312.50,18.5432
2313.00,18.5435
2313.50,18.5387
2314.00,18.5323
2314.50,18.5309
2315.00,18.5411
2315.50,18.5641
2316.00,18.5951
2316.50,18.6262
2317.00,18.6509
2317.50,18.6675
2318.00,18.6791
2318.50,18.6903
2319.00,18.7024
2319.50,18.7132
2320.00,18.7212
2320.50,18.7280
2321.00,18.7372
2321.50,18.7491
2322.00,18.7598
2322.50,18.7647
2323.00,18.7624
2323.50,18.7556
2324.00,18.7483
2324.50,18.7425
2325.00,18.7377
2325.50,18.7325
2326.00,18.7262
2326.50,18.7186
2327.00,18.7093
2327.50,18.6974
2328.00,18.6830
2328.50,18.6677
2329.00,18.6535
2329.50,18.6416
2330.00,18.6316
2330.50,18.6224
2331.00,18.6138
2331.50,18.6066
2332.00,18.6007
2332.50,18.5956
2333.00,18.5894
2333.50,18.5817
2334.00,18.5739
2334.50,18.5700
2335.00,18.5738
2335.50,18.5864
2336.00,18.6054
2336.50,18.6260
2337.00,18.6442
2337.50,18.6581
2338.00,18.6679
2338.50,18.6738
2339.00,18.6762
2339.50,18.6761
2340.00,18.6762
2340.50,18.6794
2341.00,18.6879
2341.50,18.7023
2342.00,18.7228
2342.50,18.7482
2343.00,18.7750
2343.50,18.7975
2344.00,18.8104
2344.50,18.8109
2345.00,18.8006
2345.50,18.7845
2346.00,18.7691
2346.50,18.7596
2347.00,18.7575
2347.50,18.7603
2348.00,18.7638
2348.50,18.7652
2349.00,18.7650
2349.50,18.7657
2350.00,18.7693
2350.50,18.7755
2351.00,18.7822
2351.50,18.7866
2352.00,18.7863
2352.50,18.7809
2353.00,18.7722
2353.50,18.7638
2354.00,18.7593
2354.50,18.7595
2355.00,18.7629
2355.50,18.7673
2356.00,18.7710
2356.50,18.7731
2357.00,18.7735
2357.50,18.7729
2358.00,18.7721
2358.50,18.7716
2359.00,18.7715
2359.50,18.7713
2360.00,18.7700
2360.50,18.7654
2361.00,18.7563
2361.50,18.7457
2362.00,18.7392
2362.50,18.7409
2363.00,18.7496
2363.50,18.7587
2364.00,18.7613
2364.50,18.7538
2365.00,18.7374
2365.50,18.7164
2366.00,18.6949
2366.50,18.6740
2367.00,18.6526
2367.50,18.6300
2368.00,18.6080
2368.50,18.5890
2369.00,18.5730
2369.50,18.5578
2370.00,18.5416
2370.50,18.5267
2371.00,18.5196
2371.50,18.5265
2372.00,18.5480
2372.50,18.5769
2373.00,18.6013
2373.50,18.6113
2374.00,18.6032
2374.50,18.5812
2375.00,18.5545
2375.50,18.5334
2376.00,18.5246
2376.50,18.5280
2377.00,18.5388
2377.50,18.5514
2378.00,18.5633
2378.50,18.5747
2379.00,18.5850
2379.50,18.5914
2380.00,18.5902
2380.50,18.5800
2381.00,18.5628
2381.50,18.5434
2382.00,18.5273
2382.50,18.5191
2383.00,18.5208
2383.50,18.5314
2384.00,18.5476
2384.50,18.5650
2385.00,18.5808
2385.50,18.5947
2386.00,18.6082
2386.50,18.6228
2387.00,18.6385
2387.50,18.6535
2388.00,18.6645
2388.50,18.6686
2389.00,18.6658
2389.50,18.6594
2390.00,18.6546
2390.50,18.6551
2391.00,18.6611
2391.50,18.6711
2392.00,18.6833
2392.50,18.6955
2393.00,18.7040
2393.50,18.7060
2394.00,18.7013
2394.50,18.6931
2395.00,18.6864
2395.50,18.6850
2396.00,18.6902
2396.50,18.7001
2397.00,18.7117
2397.50,18.7223
2398.00,18.7307
2398.50,18.7372
2399.00,18.7438
2399.50,18.7523
2400.00,18.7628
2400.50,18.7731
2401.00,18.7801
2401.50,18.7822
2402.00,18.7807
2402.50,18.7794
2403.00,18.7824
2403.50,18.7908
2404.00,18.8021
2404.50,18.8126
2405.00,18.8196
2405.50,18.8227
2406.00,18.8225
2406.50,18.8204
2407.00,18.8189
2407.50,18.8216
2408.00,18.8298
2408.50,18.8407
2409.00,18.8487
2409.50,18.8506
2410.00,18.8472
2410.50,18.8425
2411.00,18.8397
2411.50,18.8404
2412.00,18.8450
2412.50,18.8534
2413.00,18.8646
2413.50,18.8765
2414.00,18.8863
2414.50,18.8912
2415.00,18.8893
2415.50,18.8800
2416.00,18.8639
2416.50,18.8431
2417.00,18.8203
2417.50,18.7985
2418.00,18.7808
2418.50,18.7697
2419.00,18.7668
2419.50,18.7707
2420.00,18.7784
2420.50,18.7862
2421.00,18.7912
2421.50,18.7928
2422.00,18.7921
2422.50,18.7917
2423.00,18.7944
2423.50,18.8028
2424.00,18.8174
2424.50,18.8354
2425.00,18.8520
2425.50,18.8630
2426.00,18.8680
2426.50,18.8706
2427.00,18.8761
2427.50,18.8878
2428.00,18.9051
2428.50,18.9241
2429.00,18.9411
2429.50,18.9557
2430.00,18.9698
2430.50,18.9845
2431.00,18.9974
2431.50,19.0037
2432.00,19.0002
2432.50,18.9884
2433.00,18.9742
2433.50,18.9634
2434.00,18.9583
2434.50,18.9581
2435.00,18.9603
2435.50,18.9633
2436.00,18.9654
2436.50,18.9650
2437.00,18.9627
2437.50,18.9618
2438.00,18.9664
2438.50,18.9782
2439.00,18.9946
2439.50,19.0100
2440.00,19.0194
2440.50,19.0220
2441.00,19.0221
2441.50,19.0250
2442.00,19.0321
2442.50,19.0389
2443.00,19.0386
2443.50,19.0271
2444.00,19.0063
2444.50,18.9821
2445.00,18.9616
2445.50,18.9487
2446.00,18.9435
2446.50,18.9424
2447.00,18.9403
2447.50,18.9334
2448.00,18.9207
2448.50,18.9045
2449.00,18.8898
2449.50,18.8814
2450.00,18.8813
2450.50,18.8865
2451.00,18.8920
2451.50,18.8942
2452.00,18.8931
2452.50,18.8903
2453.00,18.8860
2453.50,18.8796
2454.00,18.8713
2454.50,18.8636
2455.00,18.8596
2455.50,18.8617
2456.00,18.8699
2456.50,18.8819
2457.00,18.8938
2457.50,18.9016
2458.00,18.9032
2458.50,18.8995
2459.00,18.8944
2459.50,18.8914
2460.00,18.8925
2460.50,18.8973
2461.00,18.9036
2461.50,18.9082
2462.00,18.9079
2462.50,18.9020
2463.00,18.8931
2463.50,18.8853
2464.00,18.8795
2464.50,18.8731
2465.00,18.8630
2465.50,18.8506
2466.00,18.8423
2466.50,18.8452
2467.00,18.8613
2467.50,18.8863
2468.00,18.9121
2468.50,18.9317
2469.00,18.9413
2469.50,18.9412
2470.00,18.9347
2470.50,18.9262
2471.00,18.9187
2471.50,18.9130
2472.00,18.9086
2472.50,18.9047
2473.00,18.9009
2473.50,18.8968
2474.00,18.8927
2474.50,18.8899
2475.00,18.8906
2475.50,18.8956
2476.00,18.9047
2476.50,18.9160
2477.00,18.9270
2477.50,18.9361
2478.00,18.9443
2478.50,18.9540
2479.00,18.9665
2479.50,18.9800
2480.00,18.9917
2480.50,19.0001
2481.00,19.0050
2481.50,19.0068
2482.00,19.0059
2482.50,19.0046
2483.00,19.0069
2483.50,19.0166
2484.00,19.0347
2484.50,19.0582
2485.00,19.0816
2485.50,19.0990
2486.00,19.1061
2486.50,19.1021
2487.00,19.0894
2487.50,19.0734
2488.00,19.0617
2488.50,19.0615
2489.00,19.0764
2489.50,19.1037
2490.00,19.1360
2490.50,19.1647
2491.00,19.1836
2491.50,19.1911
2492.00,19.1895
2492.50,19.1835
2493.00,19.1781
2493.50,19.1764
2494.00,19.1784
2494.50,19.1814
2495.00,19.1823
2495.50,19.1794
2496.00,19.1732
2496.50,19.1662
2497.00,19.1606
2497.50,19.1580
2498.00,19.1586
2498.50,19.1614
2499.00,19.1643
2499.50,19.1650
2500.00,19.1614
2500.50,19.1530
2501.00,19.1403
2501.50,19.1232
2502.00,19.1019
2502.50,19.0786
2503.00,19.0578
2503.50,19.0426
2504.00,19.0311
2504.50,19.0186
2505.00,19.0027
2505.50,18.9862
2506.00,18.9734
2506.50,18.9662
2507.00,18.9634
2507.50,18.9631
2508.00,18.9643
2508.50,18.9668
2509.00,18.9694
2509.50,18.9706
2510.00,18.9700
2510.50,18.9681
2511.00,18.9667
2511.50,18.9687
2512.00,18.9767
2512.50,18.9918
2513.00,19.0118
2513.50,19.0307
2514.00,19.0412
2514.50,19.0394
2515.00,19.0271
2515.50,19.0112
2516.00,18.9992
2516.50,18.9943
2517.00,18.9941
2517.50,18.9938
2518.00,18.9911
2518.50,18.9869
2519.00,18.9834
2519.50,18.9806
2520.00,18.9769
2520.50,18.9708
2521.00,18.9630
2521.50,18.9556
2522.00,18.9503
2522.50,18.9479
2523.00,18.9492
2523.50,18.9540
2524.00,18.9605
2524.50,18.9653
2525.00,18.9643
2525.50,18.9562
2526.00,18.9437
2526.50,18.9332
2527.00,18.9308
2527.50,18.9383
2528.00,18.9524
2528.50,18.9671
2529.00,18.9776
2529.50,18.9820
2530.00,18.9808
2530.50,18.9771
2531.00,18.9742
2531.50,18.9759
2532.00,18.9848
2532.50,19.0018
2533.00,19.0253
2533.50,19.0511
2534.00,19.0733
2534.50,19.0859
2535.00,19.0854
2535.50,19.0731
2536.00,19.0548
2536.50,19.0388
2537.00,19.0307
2537.50,19.0308
2538.00,19.0350
2538.50,19.0398
2539.00,19.0450
2539.50,19.0528
2540.00,19.0629
2540.50,19.0720
2541.00,19.0757
2541.50,19.0726
2542.00,19.0641
2542.50,19.0524
2543.00,19.0384
2543.50,19.0233
2544.00,19.0081
2544.50,18.9923
2545.00,18.9747
2545.50,18.9550
2546.00,18.9360
2546.50,18.9213
2547.00,18.9128
2547.50,18.9097
2548.00,18.9104
2548.50,18.9136
2549.00,18.9189
2549.50,18.9255
2550.00,18.9324
2550.50,18.9386
2551.00,18.9439
2551.50,18.9481
2552.00,18.9514
2552.50,18.9543
2553.00,18.9582
2553.50,18.9648
2554.00,18.9744
2554.50,18.9857
2555.00,18.9970
2555.50,19.0069
2556.00,19.0151
2556.50,19.0212
2557.00,19.0257
2557.50,19.0292
2558.00,19.0319
2558.50,19.0330
2559.00,19.0310
2559.50,19.0262
2560.00,19.0200
2560.50,19.0144
2561.00,19.0093
2561.50,19.0029
2562.00,18.9941
2562.50,18.9837
2563.00,18.9741
2563.50,18.9672
2564.00,18.9634
2564.50,18.9629
2565.00,18.9665
2565.50,18.9737
2566.00,18.9824
2566.50,18.9891
2567.00,18.9912
2567.50,18.9890
2568.00,18.9845
2568.50,18.9799
2569.00,18.9763
2569.50,18.9742
2570.00,18.9735
2570.50,18.9746
2571.00,18.9789
2571.50,18.9882
2572.00,19.0027
2572.50,19.0199
2573.00,19.0354
2573.50,19.0453
2574.00,19.0496
2574.50,19.0510
2575.00,19.0521
2575.50,19.0529
2576.00,19.0506
2576.50,19.0417
2577.00,19.0256
2577.50,19.0056
2578.00,18.9878
2578.50,18.9778
2579.00,18.9774
2579.50,18.9836
2580.00,18.9907
2580.50,18.9926
2581.00,18.9865
2581.50,18.9734
2582.00,18.9585
2582.50,18.9480
2583.00,18.9460
2583.50,18.9513
2584.00,18.9590
2584.50,18.9642
2585.00,18.9645
2585.50,18.9603
2586.00,18.9536
2586.50,18.9454
2587.00,18.9366
2587.50,18.9268
2588.00,18.9157
2588.50,18.9033
2589.00,18.8918
2589.50,18.8852
2590.00,18.8874
2590.50,18.8995
2591.00,18.9193
2591.50,18.9424
2592.00,18.9651
2592.50,18.9847
2593.00,19.0011
2593.50,19.0153
2594.00,19.0272
2594.50,19.0354
2595.00,19.0379
2595.50,19.0353
2596.00,19.0308
2596.50,19.0280
2597.00,19.0292
2597.50,19.0346
2598.00,19.0437
2598.50,19.0554
2599.00,19.0680
2599.50,19.0792
2600.00,19.0864
2600.50,19.0873
2601.00,19.0816
2601.50,19.0730
2602.00,19.0677
2602.50,19.0709
2603.00,19.0825
2603.50,19.0979
2604.00,19.1109
2604.50,19.1178
2605.00,19.1190
2605.50,19.1186
2606.00,19.1208
2606.50,19.1264
2607.00,19.1326
2607.50,19.1356
2608.00,19.1342
2608.50,19.1306
2609.00,19.1284
2609.50,19.1297
2610.00,19.1337
2610.50,19.1374
2611.00,19.1388
2611.50,19.1375
2612.00,19.1355
2612.50,19.1358
2613.00,19.1407
2613.50,19.1495
2614.00,19.1585
2614.50,19.1626
2615.00,19.1589
2615.50,19.1495
2616.00,19.1400
2616.50,19.1364
2617.00,19.1409
2617.50,19.1510
2618.00,19.1607
2618.50,19.1651
2619.00,19.1624
2619.50,19.1552
2620.00,19.1486
2620.50,19.1476
2621.00,19.1540
2621.50,19.1649
2622.00,19.1745
2622.50,19.1783
2623.00,19.1763
2623.50,19.1720
2624.00,19.1694
2624.50,19.1712
2625.00,19.1797
2625.50,19.1964
2626.00,19.2199
2626.50,19.2441
2627.00,19.2609
2627.50,19.2658
2628.00,19.2616
2628.50,19.2548
2629.00,19.2512
2629.50,19.2523
2630.00,19.2568
2630.50,19.2623
2631.00,19.2666
2631.50,19.2675
2632.00,19.2631
2632.50,19.2537
2633.00,19.2417
2633.50,19.2309
2634.00,19.2235
2634.50,19.2191
2635.00,19.2146
2635.50,19.2076
2636.00,19.1970
2636.50,19.1836
2637.00,19.1688
2637.50,19.1547
2638.00,19.1436
2638.50,19.1372
2639.00,19.1352
2639.50,19.1373
2640.00,19.1432
2640.50,19.1515
2641.00,19.1591
2641.50,19.1626
2642.00,19.1609
2642.50,19.1559
2643.00,19.1504
2643.50,19.1457
2644.00,19.1412
2644.50,19.1344
2645.00,19.1233
2645.50,19.1085
2646.00,19.0927
2646.50,19.0789
2647.00,19.0683
2647.50,19.0607
2648.00,19.0552
2648.50,19.0514
2649.00,19.0494
2649.50,19.0511
2650.00,19.0591
2650.50,19.0747
2651.00,19.0961
2651.50,19.1192
2652.00,19.1399
2652.50,19.1573
2653.00,19.1735
2653.50,19.1916
2654.00,19.2125
2654.50,19.2337
2655.00,19.2501
2655.50,19.2575
2656.00,19.2553
2656.50,19.2464
2657.00,19.2349
2657.50,19.2245
2658.00,19.2181
2658.50,19.2181
2659.00,19.2255
2659.50,19.2384
2660.00,19.2511
2660.50,19.2569
2661.00,19.2513
2661.50,19.2361
2662.00,19.2175
2662.50,19.2022
2663.00,19.1934
2663.50,19.1901
2664.00,19.1894
2664.50,19.1884
2665.00,19.1854
2665.50,19.1791
2666.00,19.1691
2666.50,19.1557
2667.00,19.1399
2667.50,19.1229
2668.00,19.1060
2668.50,19.0901
2669.00,19.0765
2669.50,19.0664
2670.00,19.0611
2670.50,19.0614
2671.00,19.0676
2671.50,19.0793
2672.00,19.0945
2672.50,19.1115
2673.00,19.1299
2673.50,19.1499
2674.00,19.1694
2674.50,19.1836
2675.00,19.1880
2675.50,19.1822
2676.00,19.1716
2676.50,19.1627
2677.00,19.1584
2677.50,19.1572
2678.00,19.1564
2678.50,19.1556
2679.00,19.1563
2679.50,19.1585
2680.00,19.1598
2680.50,19.1569
2681.00,19.1493
2681.50,19.1395
2682.00,19.1301
2682.50,19.1207
2683.00,19.1092
2683.50,19.0950
2684.00,19.0812
2684.50,19.0728
2685.00,19.0719
2685.50,19.0762
2686.00,19.0812
2686.50,19.0844
2687.00,19.0871
2687.50,19.0919
2688.00,19.0989
2688.50,19.1053
2689.00,19.1072
2689.50,19.1030
2690.00,19.0945
2690.50,19.0853
2691.00,19.0782
2691.50,19.0738
2692.00,19.0708
2692.50,19.0678
2693.00,19.0646
2693.50,19.0627
2694.00,19.0651
2694.50,19.0743
2695.00,19.0904
2695.50,19.1096
2696.00,19.1251
2696.50,19.1311
2697.00,19.1254
2697.50,19.1098
2698.00,19.0891
2698.50,19.0681
2699.00,19.0498
2699.50,19.0344
2700.00,19.0203
2700.50,19.0059
2701.00,18.9910
2701.50,18.9761
2702.00,18.9618
2702.50,18.9493
2703.00,18.9410
2703.50,18.9390
2704.00,18.9443
2704.50,18.9559
2705.00,18.9704
2705.50,18.9831
2706.00,18.9895
2706.50,18.9883
2707.00,18.9819
2707.50,18.9747
2708.00,18.9704
2708.50,18.9696
2709.00,18.9701
2709.50,18.9697
2710.00,18.9684
2710.50,18.9677
2711.00,18.9700
2711.50,18.9771
2712.00,18.9891
2712.50,19.0048
2713.00,19.0217
2713.50,19.0372
2714.00,19.0483
2714.50,19.0529
2715.00,19.0507
2715.50,19.0438
2716.00,19.0367
2716.50,19.0329
2717.00,19.0325
2717.50,19.0321
2718.00,19.0281
2718.50,19.0202
2719.00,19.0114
2719.50,19.0058
2720.00,19.0050
2720.50,19.0078
2721.00,19.0125
2721.50,19.0190
2722.00,19.0279
2722.50,19.0381
2723.00,19.0455
2723.50,19.0453
2724.00,19.0353
2724.50,19.0179
2725.00,18.9987
2725.50,18.9828
2726.00,18.9719
2726.50,18.9644
2727.00,18.9580
2727.50,18.9523
2728.00,18.9489
2728.50,18.9490
2729.00,18.9516
2729.50,18.9539
2730.00,18.9536
2730.50,18.9517
2731.00,18.9517
2731.50,18.9569
2732.00,18.9674
2732.50,18.9798
2733.00,18.9902
2733.50,18.9967
2734.00,18.9999
2734.50,19.0016
2735.00,19.0039
2735.50,19.0078
2736.00,19.0132
2736.50,19.0185
2737.00,19.0219
2737.50,19.0227
2738.00,19.0232
2738.50,19.0272
2739.00,19.0368
2739.50,19.0507
2740.00,19.0648
2740.50,19.0755
2741.00,19.0823
2741.50,19.0871
2742.00,19.0917
2742.50,19.0960
2743.00,19.0998
2743.50,19.1032
2744.00,19.1080
2744.50,19.1163
2745.00,19.1290
2745.50,19.1458
2746.00,19.1646
2746.50,19.1827
2747.00,19.1978
2747.50,19.2085
2748.00,19.2140
2748.50,19.2139
2749.00,19.2075
2749.50,19.1946
2750.00,19.1770
2750.50,19.1578
2751.00,19.1412
2751.50,19.1301
2752.00,19.1250
2752.50,19.1236
2753.00,19.1219
2753.50,19.1162
2754.00,19.1052
2754.50,19.0905
2755.00,19.0758
2755.50,19.0655
2756.00,19.0627
2756.50,19.0674
2757.00,19.0756
2757.50,19.0815
2758.00,19.0806
2758.50,19.0725
2759.00,19.0618
2759.50,19.0552
2760.00,19.0577
2760.50,19.0686
2761.00,19.0832
2761.50,19.0952
2762.00,19.1026
2762.50,19.1072
2763.00,19.1135
2763.50,19.1244
2764.00,19.1393
2764.50,19.1548
2765.00,19.1663
2765.50,19.1711
2766.00,19.1691
2766.50,19.1626
2767.00,19.1552
2767.50,19.1507
2768.00,19.1502
2768.50,19.1524
2769.00,19.1545
2769.50,19.1548
2770.00,19.1531
2770.50,19.1499
2771.00,19.1454
2771.50,19.1397
2772.00,19.1336
2772.50,19.1284
2773.00,19.1243
2773.50,19.1218
2774.00,19.1230
2774.50,19.1309
2775.00,19.1470
2775.50,19.1693
2776.00,19.1932
2776.50,19.2142
2777.00,19.2309
2777.50,19.2445
2778.00,19.2570
2778.50,19.2691
2779.00,19.2816
2779.50,19.2967
2780.00,19.3169
2780.50,19.3421
2781.00,19.3676
2781.50,19.3860
2782.00,19.3922
2782.50,19.3859
2783.00,19.3703
2783.50,19.3496
2784.00,19.3272
2784.50,19.3055
2785.00,19.2864
2785.50,19.2714
2786.00,19.2614
2786.50,19.2565
2787.00,19.2556
2787.50,19.2569
2788.00,19.2584
2788.50,19.2595
2789.00,19.2615
2789.50,19.2657
2790.00,19.2716
2790.50,19.2771
2791.00,19.2804
2791.50,19.2812
2792.00,19.2805
2792.50,19.2792
2793.00,19.2776
2793.50,19.2772
2794.00,19.2810
2794.50,19.2923
2795.00,19.3105
2795.50,19.3297
2796.00,19.3427
2796.50,19.3462
2797.00,19.3431
2797.50,19.3381
2798.00,19.3336
2798.50,19.3285
2799.00,19.3196
2799.50,19.3053
2800.00,19.2868
2800.50,19.2669
2801.00,19.2489
2801.50,19.2335
2802.00,19.2186
2802.50,19.2021
2803.00,19.1850
2803.50,19.1721
2804.00,19.1685
2804.50,19.1760
2805.00,19.1925
2805.50,19.2133
2806.00,19.2335
2806.50,19.2491
2807.00,19.2583
2807.50,19.2626
2808.00,19.2653
2808.50,19.2695
2809.00,19.2768
2809.50,19.2866
2810.00,19.2971
2810.50,19.3063
2811.00,19.3134
2811.50,19.3190
2812.00,19.3230
2812.50,19.3238
2813.00,19.3199
2813.50,19.3136
2814.00,19.3122
2814.50,19.3229
2815.00,19.3464
2815.50,19.3755
2816.00,19.4008
2816.50,19.4147
2817.00,19.4145
2817.50,19.4008
2818.00,19.3764
2818.50,19.3458
2819.00,19.3131
2819.50,19.2823
2820.00,19.2560
2820.50,19.2357
2821.00,19.2209
2821.50,19.2093
2822.00,19.1971
2822.50,19.1828
2823.00,19.1670
2823.50,19.1519
2824.00,19.1386
2824.50,19.1263
2825.00,19.1141
2825.50,19.1031
2826.00,19.0962
2826.50,19.0960
2827.00,19.1020
2827.50,19.1113
2828.00,19.1199
2828.50,19.1244
2829.00,19.1239
2829.50,19.1198
2830.00,19.1161
2830.50,19.1161
2831.00,19.1192
2831.50,19.1217
2832.00,19.1198
2832.50,19.1138
2833.00,19.1087
2833.50,19.1097
2834.00,19.1192
2834.50,19.1360
2835.00,19.1569
2835.50,19.1782
2836.00,19.1954
2836.50,19.2049
2837.00,19.2065
2837.50,19.2039
2838.00,19.2012
2838.50,19.2005
2839.00,19.2011
2839.50,19.2023
2840.00,19.2046
2840.50,19.2102
2841.00,19.2209
2841.50,19.2374
2842.00,19.2573
2842.50,19.2756
2843.00,19.2863
2843.50,19.2864
2844.00,19.2775
2844.50,19.2638
2845.00,19.2491
2845.50,19.2343
2846.00,19.2182
2846.50,19.1995
2847.00,19.1794
2847.50,19.1615
2848.00,19.1498
2848.50,19.1451
2849.00,19.1445
2849.50,19.1423
2850.00,19.1349
2850.50,19.1229
2851.00,19.1116
2851.50,19.1060
2852.00,19.1070
2852.50,19.1104
2853.00,19.1112
2853.50,19.1079
2854.00,19.1045
2854.50,19.1070
2855.00,19.1181
2855.50,19.1356
2856.00,19.1540
2856.50,19.1681
2857.00,19.1757
2857.50,19.1764
2858.00,19.1716
2858.50,19.1636
