0.00,0.0000
0.50,0.0486
1.00,0.1053
1.50,0.1593
2.00,0.2109
2.50,0.2718
3.00,0.3522
3.50,0.4493
4.00,0.5493
4.50,0.6381
5.00,0.7114
5.50,0.7752
6.00,0.8412
6.50,0.9183
7.00,1.0058
7.50,1.0954
8.00,1.1788
8.50,1.2563
9.00,1.3351
9.50,1.4200
10.00,1.5077
10.50,1.5899
11.00,1.6594
11.50,1.7129
12.00,1.7529
12.50,1.7886
13.00,1.8310
13.50,1.8856
14.00,1.9493
14.50,2.0162
15.00,2.0832
15.50,2.1482
16.00,2.2060
16.50,2.2516
17.00,2.2873
17.50,2.3220
18.00,2.3612
18.50,2.3986
19.00,2.4206
19.50,2.4186
20.00,2.3969
20.50,2.3687
21.00,2.3470
21.50,2.3391
22.00,2.3467
22.50,2.3673
23.00,2.3943
23.50,2.4172
24.00,2.4267
24.50,2.4195
25.00,2.3994
25.50,2.3743
26.00,2.3526
26.50,2.3408
27.00,2.3420
27.50,2.3537
28.00,2.3683
28.50,2.3764
29.00,2.3728
29.50,2.3603
30.00,2.3484
30.50,2.3474
31.00,2.3614
31.50,2.3853
32.00,2.4080
32.50,2.4215
33.00,2.4274
33.50,2.4346
34.00,2.4500
34.50,2.4724
35.00,2.4953
35.50,2.5148
36.00,2.5305
36.50,2.5423
37.00,2.5480
37.50,2.5467
38.00,2.5423
38.50,2.5428
39.00,2.5543
39.50,2.5766
40.00,2.6040
40.50,2.6313
41.00,2.6566
41.50,2.6816
42.00,2.7100
42.50,2.7455
43.00,2.7883
43.50,2.8321
44.00,2.8679
44.50,2.8914
45.00,2.9080
45.50,2.9290
46.00,2.9622
46.50,3.0042
47.00,3.0432
47.50,3.0680
48.00,3.0758
48.50,3.0729
49.00,3.0674
49.50,3.0629
50.00,3.0582
50.50,3.0520
51.00,3.0445
51.50,3.0355
52.00,3.0234
52.50,3.0091
53.00,2.9975
53.50,2.9944
54.00,3.0024
54.50,3.0189
55.00,3.0384
55.50,3.0557
56.00,3.0684
56.50,3.0770
57.00,3.0836
57.50,3.0911
58.00,3.1037
58.50,3.1247
59.00,3.1523
59.50,3.1774
60.00,3.1886
60.50,3.1808
61.00,3.1599
61.50,3.1379
62.00,3.1259
62.50,3.1293
63.00,3.1491
63.50,3.1843
64.00,3.2319
64.50,3.2858
65.00,3.3381
65.50,3.3828
66.00,3.4179
66.50,3.4447
67.00,3.4642
67.50,3.4763
68.00,3.4807
68.50,3.4794
69.00,3.4771
69.50,3.4789
70.00,3.4866
70.50,3.4986
71.00,3.5129
71.50,3.5296
72.00,3.5495
72.50,3.5713
73.00,3.5905
73.50,3.6028
74.00,3.6059
74.50,3.6015
75.00,3.5953
75.50,3.5949
76.00,3.6065
76.50,3.6302
77.00,3.6592
77.50,3.6852
78.00,3.7041
78.50,3.7175
79.00,3.7290
79.50,3.7413
80.00,3.7558
80.50,3.7742
81.00,3.7963
81.50,3.8189
82.00,3.8370
82.50,3.8485
83.00,3.8567
83.50,3.8683
84.00,3.8872
84.50,3.9111
85.00,3.9326
85.50,3.9440
86.00,3.9406
86.50,3.9231
87.00,3.8967
87.50,3.8679
88.00,3.8416
88.50,3.8207
89.00,3.8083
89.50,3.8078
90.00,3.8210
90.50,3.8470
91.00,3.8844
91.50,3.9310
92.00,3.9805
92.50,4.0212
93.00,4.0415
93.50,4.0398
94.00,4.0269
94.50,4.0170
95.00,4.0177
95.50,4.0271
96.00,4.0409
96.50,4.0590
97.00,4.0839
97.50,4.1151
98.00,4.1485
98.50,4.1795
99.00,4.2067
99.50,4.2318
100.00,4.2581
100.50,4.2867
101.00,4.3139
101.50,4.3322
102.00,4.3364
102.50,4.3272
103.00,4.3105
103.50,4.2924
104.00,4.2765
104.50,4.2650
105.00,4.2587
105.50,4.2557
106.00,4.2508
106.50,4.2387
107.00,4.2201
107.50,4.2023
108.00,4.1930
108.50,4.1924
109.00,4.1924
109.50,4.1850
110.00,4.1709
110.50,4.1601
111.00,4.1645
111.50,4.1884
112.00,4.2263
112.50,4.2645
113.00,4.2877
113.50,4.2843
114.00,4.2535
114.50,4.2072
115.00,4.1635
115.50,4.1341
116.00,4.1176
116.50,4.1038
117.00,4.0851
117.50,4.0622
118.00,4.0423
118.50,4.0329
119.00,4.0374
119.50,4.0532
120.00,4.0744
120.50,4.0961
121.00,4.1162
121.50,4.1361
122.00,4.1574
122.50,4.1800
123.00,4.2019
123.50,4.2223
124.00,4.2418
124.50,4.2603
125.00,4.2744
125.50,4.2802
126.00,4.2773
126.50,4.2704
127.00,4.2656
127.50,4.2661
128.00,4.2717
128.50,4.2796
129.00,4.2861
129.50,4.2887
130.00,4.2897
130.50,4.2966
131.00,4.3164
131.50,4.3464
132.00,4.3733
132.50,4.3827
133.00,4.3703
133.50,4.3439
134.00,4.3155
134.50,4.2916
135.00,4.2713
135.50,4.2499
136.00,4.2252
136.50,4.1994
137.00,4.1789
137.50,4.1706
138.00,4.1778
138.50,4.1977
139.00,4.2245
139.50,4.2535
140.00,4.2825
140.50,4.3091
141.00,4.3276
141.50,4.3323
142.00,4.3221
142.50,4.3039
143.00,4.2891
143.50,4.2866
144.00,4.2978
144.50,4.3191
145.00,4.3467
145.50,4.3786
146.00,4.4120
146.50,4.4418
147.00,4.4648
147.50,4.4832
148.00,4.5021
148.50,4.5222
149.00,4.5377
149.50,4.5445
150.00,4.5475
150.50,4.5570
151.00,4.5786
151.50,4.6070
152.00,4.6305
152.50,4.6405
153.00,4.6365
153.50,4.6250
154.00,4.6135
154.50,4.6064
155.00,4.6038
155.50,4.6041
156.00,4.6065
156.50,4.6107
157.00,4.6152
157.50,4.6174
158.00,4.6154
158.50,4.6104
159.00,4.6068
159.50,4.6083
160.00,4.6147
160.50,4.6217
161.00,4.6261
161.50,4.6294
162.00,4.6356
162.50,4.6452
163.00,4.6540
163.50,4.6571
164.00,4.6546
164.50,4.6519
165.00,4.6539
165.50,4.6597
166.00,4.6640
166.50,4.6638
167.00,4.6622
167.50,4.6669
168.00,4.6842
168.50,4.7137
169.00,4.7486
169.50,4.7778
170.00,4.7913
170.50,4.7849
171.00,4.7615
171.50,4.7281
172.00,4.6915
172.50,4.6567
173.00,4.6272
173.50,4.6062
174.00,4.5953
174.50,4.5951
175.00,4.6069
175.50,4.6333
176.00,4.6767
176.50,4.7341
177.00,4.7950
177.50,4.8450
178.00,4.8739
178.50,4.8820
179.00,4.8774
179.50,4.8688
180.00,4.8605
180.50,4.8540
181.00,4.8525
181.50,4.8602
182.00,4.8791
182.50,4.9053
183.00,4.9301
183.50,4.9455
184.00,4.9496
184.50,4.9499
185.00,4.9587
185.50,4.9835
186.00,5.0185
186.50,5.0481
187.00,5.0614
187.50,5.0623
188.00,5.0661
188.50,5.0839
189.00,5.1130
189.50,5.1395
190.00,5.1502
190.50,5.1401
191.00,5.1140
191.50,5.0816
192.00,5.0541
192.50,5.0395
193.00,5.0399
193.50,5.0510
194.00,5.0643
194.50,5.0723
195.00,5.0733
195.50,5.0727
196.00,5.0785
196.50,5.0944
197.00,5.1147
197.50,5.1266
198.00,5.1206
198.50,5.0978
199.00,5.0706
199.50,5.0547
200.00,5.0603
200.50,5.0868
201.00,5.1231
201.50,5.1532
202.00,5.1648
202.50,5.1565
203.00,5.1377
203.50,5.1225
204.00,5.1217
204.50,5.1379
205.00,5.1656
205.50,5.1948
206.00,5.2158
206.50,5.2236
207.00,5.2194
207.50,5.2092
208.00,5.1987
208.50,5.1902
209.00,5.1827
209.50,5.1742
210.00,5.1641
210.50,5.1544
211.00,5.1474
211.50,5.1462
212.00,5.1535
212.50,5.1717
213.00,5.2003
213.50,5.2345
214.00,5.2677
214.50,5.2942
215.00,5.3106
215.50,5.3147
216.00,5.3038
216.50,5.2788
217.00,5.2459
217.50,5.2150
218.00,5.1946
218.50,5.1879
219.00,5.1944
219.50,5.2131
220.00,5.2419
220.50,5.2744
221.00,5.2985
221.50,5.3025
222.00,5.2822
222.50,5.2443
223.00,5.2018
223.50,5.1663
224.00,5.1451
224.50,5.1420
225.00,5.1578
225.50,5.1877
226.00,5.2206
226.50,5.2437
227.00,5.2502
227.50,5.2434
228.00,5.2338
228.50,5.2302
229.00,5.2355
229.50,5.2479
230.00,5.2652
230.50,5.2869
231.00,5.3117
231.50,5.3365
232.00,5.3579
232.50,5.3736
233.00,5.3829
233.50,5.3859
234.00,5.3831
234.50,5.3750
235.00,5.3633
235.50,5.3513
236.00,5.3437
236.50,5.3419
237.00,5.3404
237.50,5.3289
238.00,5.3000
238.50,5.2573
239.00,5.2136
239.50,5.1827
240.00,5.1711
240.50,5.1756
241.00,5.1878
241.50,5.2011
242.00,5.2137
242.50,5.2256
243.00,5.2350
243.50,5.2392
244.00,5.2381
244.50,5.2353
245.00,5.2336
245.50,5.2328
246.00,5.2332
246.50,5.2376
247.00,5.2506
247.50,5.2722
248.00,5.2961
248.50,5.3122
249.00,5.3145
249.50,5.3052
250.00,5.2930
250.50,5.2846
251.00,5.2797
251.50,5.2726
252.00,5.2587
252.50,5.2396
253.00,5.2221
253.50,5.2129
254.00,5.2124
254.50,5.2163
255.00,5.2201
255.50,5.2235
256.00,5.2289
256.50,5.2376
257.00,5.2486
257.50,5.2615
258.00,5.2765
258.50,5.2919
259.00,5.3020
259.50,5.3000
260.00,5.2844
260.50,5.2602
261.00,5.2342
261.50,5.2096
262.00,5.1869
262.50,5.1687
263.00,5.1616
263.50,5.1717
264.00,5.1993
264.50,5.2369
265.00,5.2725
265.50,5.2971
266.00,5.3086
266.50,5.3115
267.00,5.3120
267.50,5.3127
268.00,5.3121
268.50,5.3092
269.00,5.3068
269.50,5.3106
270.00,5.3216
270.50,5.3335
271.00,5.3350
271.50,5.3185
272.00,5.2843
272.50,5.2403
273.00,5.1973
273.50,5.1655
274.00,5.1518
274.50,5.1562
275.00,5.1704
275.50,5.1814
276.00,5.1791
276.50,5.1628
277.00,5.1423
277.50,5.1309
278.00,5.1383
278.50,5.1660
279.00,5.2067
279.50,5.2475
280.00,5.2745
280.50,5.2794
281.00,5.2640
281.50,5.2385
282.00,5.2138
282.50,5.1958
283.00,5.1863
283.50,5.1852
284.00,5.1892
284.50,5.1904
285.00,5.1811
285.50,5.1611
286.00,5.1390
286.50,5.1248
287.00,5.1217
287.50,5.1266
288.00,5.1346
288.50,5.1430
289.00,5.1512
289.50,5.1603
290.00,5.1720
290.50,5.1883
291.00,5.2103
291.50,5.2374
292.00,5.2675
292.50,5.2975
293.00,5.3237
293.50,5.3435
294.00,5.3547
294.50,5.3544
295.00,5.3398
295.50,5.3118
296.00,5.2783
296.50,5.2509
297.00,5.2378
297.50,5.2388
298.00,5.2491
298.50,5.2639
299.00,5.2816
299.50,5.2996
300.00,5.3130
300.50,5.3177
301.00,5.3143
301.50,5.3075
302.00,5.3014
302.50,5.2965
303.00,5.2921
303.50,5.2891
304.00,5.2911
304.50,5.3008
305.00,5.3161
305.50,5.3300
306.00,5.3352
306.50,5.3297
307.00,5.3190
307.50,5.3139
308.00,5.3230
308.50,5.3464
309.00,5.3766
309.50,5.4052
310.00,5.4293
310.50,5.4501
311.00,5.4677
311.50,5.4775
312.00,5.4754
312.50,5.4631
313.00,5.4490
313.50,5.4432
314.00,5.4505
314.50,5.4681
315.00,5.4874
315.50,5.4997
316.00,5.5018
316.50,5.4971
317.00,5.4925
317.50,5.4940
318.00,5.5026
318.50,5.5146
319.00,5.5247
319.50,5.5297
320.00,5.5297
320.50,5.5252
321.00,5.5166
321.50,5.5042
322.00,5.4896
322.50,5.4749
323.00,5.4622
323.50,5.4510
324.00,5.4367
324.50,5.4132
325.00,5.3791
325.50,5.3434
326.00,5.3226
326.50,5.3293
327.00,5.3629
327.50,5.4097
328.00,5.4528
328.50,5.4814
329.00,5.4940
329.50,5.4969
330.00,5.4998
330.50,5.5102
331.00,5.5311
331.50,5.5608
332.00,5.5958
332.50,5.6319
333.00,5.6632
333.50,5.6816
334.00,5.6804
334.50,5.6591
335.00,5.6253
335.50,5.5918
336.00,5.5702
336.50,5.5651
337.00,5.5727
337.50,5.5848
338.00,5.5954
338.50,5.6042
339.00,5.6131
339.50,5.6226
340.00,5.6309
340.50,5.6362
341.00,5.6395
341.50,5.6414
342.00,5.6388
342.50,5.6262
343.00,5.6022
343.50,5.5739
344.00,5.5532
344.50,5.5481
345.00,5.5589
345.50,5.5788
346.00,5.5996
346.50,5.6141
347.00,5.6188
347.50,5.6137
348.00,5.6012
348.50,5.5849
349.00,5.5693
349.50,5.5597
350.00,5.5592
350.50,5.5678
351.00,5.5822
351.50,5.5996
352.00,5.6198
352.50,5.6434
353.00,5.6705
353.50,5.6990
354.00,5.7270
354.50,5.7547
355.00,5.7819
355.50,5.8062
356.00,5.8213
356.50,5.8220
357.00,5.8090
357.50,5.7898
358.00,5.7750
358.50,5.7727
359.00,5.7853
359.50,5.8078
360.00,5.8308
360.50,5.8454
361.00,5.8482
361.50,5.8416
362.00,5.8294
362.50,5.8116
363.00,5.7866
363.50,5.7558
364.00,5.7275
364.50,5.7119
365.00,5.7134
365.50,5.7265
366.00,5.7408
366.50,5.7496
367.00,5.7531
367.50,5.7548
368.00,5.7566
368.50,5.7569
369.00,5.7531
369.50,5.7446
370.00,5.7365
370.50,5.7373
371.00,5.7532
371.50,5.7812
372.00,5.8089
372.50,5.8213
373.00,5.8117
373.50,5.7866
374.00,5.7640
374.50,5.7613
375.00,5.7829
375.50,5.8163
376.00,5.8426
376.50,5.8507
377.00,5.8432
377.50,5.8296
378.00,5.8190
378.50,5.8168
379.00,5.8256
379.50,5.8453
380.00,5.8739
380.50,5.9079
381.00,5.9426
381.50,5.9706
382.00,5.9823
382.50,5.9722
383.00,5.9447
383.50,5.9120
384.00,5.8864
384.50,5.8739
385.00,5.8733
385.50,5.8803
386.00,5.8895
386.50,5.8969
387.00,5.9014
387.50,5.9049
388.00,5.9111
388.50,5.9224
389.00,5.9386
389.50,5.9563
390.00,5.9699
390.50,5.9746
391.00,5.9691
391.50,5.9566
392.00,5.9430
392.50,5.9331
393.00,5.9285
393.50,5.9290
394.00,5.9348
394.50,5.9461
395.00,5.9602
395.50,5.9717
396.00,5.9764
396.50,5.9758
397.00,5.9767
397.50,5.9855
398.00,6.0012
398.50,6.0157
399.00,6.0191
399.50,6.0080
400.00,5.9890
400.50,5.9744
401.00,5.9737
401.50,5.9870
402.00,6.0072
402.50,6.0266
403.00,6.0405
403.50,6.0480
404.00,6.0488
404.50,6.0431
405.00,6.0328
405.50,6.0220
406.00,6.0149
406.50,6.0129
407.00,6.0155
407.50,6.0225
408.00,6.0355
408.50,6.0553
409.00,6.0793
409.50,6.1023
410.00,6.1198
410.50,6.1293
411.00,6.1301
411.50,6.1232
412.00,6.1119
412.50,6.1009
413.00,6.0935
413.50,6.0898
414.00,6.0882
414.50,6.0879
415.00,6.0889
415.50,6.0900
416.00,6.0878
416.50,6.0787
417.00,6.0628
417.50,6.0443
418.00,6.0297
418.50,6.0241
419.00,6.0290
419.50,6.0422
420.00,6.0577
420.50,6.0678
421.00,6.0667
421.50,6.0546
422.00,6.0373
422.50,6.0209
423.00,6.0067
423.50,5.9923
424.00,5.9778
424.50,5.9680
425.00,5.9677
425.50,5.9761
426.00,5.9871
426.50,5.9940
427.00,5.9947
427.50,5.9918
428.00,5.9893
428.50,5.9908
429.00,5.9989
429.50,6.0158
430.00,6.0412
430.50,6.0720
431.00,6.1024
431.50,6.1272
432.00,6.1443
432.50,6.1557
433.00,6.1663
433.50,6.1801
434.00,6.1981
434.50,6.2191
435.00,6.2413
435.50,6.2639
436.00,6.2843
436.50,6.2965
437.00,6.2941
437.50,6.2762
438.00,6.2504
438.50,6.2285
439.00,6.2189
439.50,6.2214
440.00,6.2293
440.50,6.2347
441.00,6.2347
441.50,6.2319
442.00,6.2312
442.50,6.2344
443.00,6.2396
443.50,6.2431
444.00,6.2432
444.50,6.2400
445.00,6.2344
445.50,6.2273
446.00,6.2188
446.50,6.2093
447.00,6.1993
447.50,6.1885
448.00,6.1760
448.50,6.1618
449.00,6.1478
449.50,6.1376
450.00,6.1333
450.50,6.1337
451.00,6.1349
451.50,6.1327
452.00,6.1262
452.50,6.1180
453.00,6.1129
453.50,6.1139
454.00,6.1214
454.50,6.1331
455.00,6.1460
455.50,6.1564
456.00,6.1607
456.50,6.1563
457.00,6.1445
457.50,6.1294
458.00,6.1166
458.50,6.1091
459.00,6.1063
459.50,6.1052
460.00,6.1042
460.50,6.1058
461.00,6.1139
461.50,6.1310
462.00,6.1562
462.50,6.1858
463.00,6.2160
463.50,6.2440
464.00,6.2682
464.50,6.2880
465.00,6.3047
465.50,6.3203
466.00,6.3345
466.50,6.3440
467.00,6.3438
467.50,6.3308
468.00,6.3058
468.50,6.2740
469.00,6.2423
469.50,6.2147
470.00,6.1896
470.50,6.1607
471.00,6.1223
471.50,6.0746
472.00,6.0234
472.50,5.9746
473.00,5.9310
473.50,5.8932
474.00,5.8632
474.50,5.8453
475.00,5.8440
475.50,5.8620
476.00,5.8979
476.50,5.9474
477.00,6.0038
477.50,6.0603
478.00,6.1124
478.50,6.1591
479.00,6.2027
479.50,6.2458
480.00,6.2885
480.50,6.3291
481.00,6.3667
481.50,6.4030
482.00,6.4407
482.50,6.4807
483.00,6.5201
483.50,6.5546
484.00,6.5831
484.50,6.6065
485.00,6.6251
485.50,6.6351
486.00,6.6315
486.50,6.6130
487.00,6.5837
487.50,6.5515
488.00,6.5220
488.50,6.4954
489.00,6.4669
489.50,6.4316
490.00,6.3893
490.50,6.3445
491.00,6.3031
491.50,6.2693
492.00,6.2440
492.50,6.2239
493.00,6.2024
493.50,6.1739
494.00,6.1379
494.50,6.0997
495.00,6.0660
495.50,6.0392
496.00,6.0161
496.50,5.9908
497.00,5.9609
497.50,5.9301
498.00,5.9051
498.50,5.8897
499.00,5.8814
499.50,5.8745
500.00,5.8648
500.50,5.8524
501.00,5.8397
501.50,5.8277
502.00,5.8152
502.50,5.8003
503.00,5.7818
503.50,5.7601
504.00,5.7369
504.50,5.7141
505.00,5.6941
505.50,5.6795
506.00,5.6728
506.50,5.6735
507.00,5.6778
507.50,5.6816
508.00,5.6852
508.50,5.6923
509.00,5.7065
509.50,5.7260
510.00,5.7437
510.50,5.7515
511.00,5.7451
511.50,5.7247
512.00,5.6927
512.50,5.6535
513.00,5.6133
513.50,5.5802
514.00,5.5603
514.50,5.5560
515.00,5.5651
515.50,5.5827
516.00,5.6016
516.50,5.6153
517.00,5.6201
517.50,5.6165
518.00,5.6082
518.50,5.5996
519.00,5.5921
519.50,5.5830
520.00,5.5697
520.50,5.5540
521.00,5.5434
521.50,5.5469
522.00,5.5687
522.50,5.6043
523.00,5.6414
523.50,5.6663
524.00,5.6717
524.50,5.6604
525.00,5.6411
525.50,5.6221
526.00,5.6082
526.50,5.6016
527.00,5.6021
527.50,5.6058
528.00,5.6062
528.50,5.5987
529.00,5.5842
529.50,5.5683
530.00,5.5574
530.50,5.5552
531.00,5.5621
531.50,5.5755
532.00,5.5917
532.50,5.6075
533.00,5.6210
533.50,5.6316
534.00,5.6382
534.50,5.6401
535.00,5.6377
535.50,5.6337
536.00,5.6309
536.50,5.6296
537.00,5.6287
537.50,5.6275
538.00,5.6265
538.50,5.6270
539.00,5.6294
539.50,5.6331
540.00,5.6371
540.50,5.6400
541.00,5.6415
541.50,5.6426
542.00,5.6442
542.50,5.6454
543.00,5.6430
543.50,5.6350
544.00,5.6230
544.50,5.6124
545.00,5.6112
545.50,5.6250
546.00,5.6539
546.50,5.6905
547.00,5.7243
547.50,5.7483
548.00,5.7628
548.50,5.7719
549.00,5.7792
549.50,5.7860
550.00,5.7936
550.50,5.8030
551.00,5.8135
551.50,5.8215
552.00,5.8235
552.50,5.8195
553.00,5.8133
553.50,5.8083
554.00,5.8045
554.50,5.7991
555.00,5.7913
555.50,5.7840
556.00,5.7818
556.50,5.7854
557.00,5.7914
557.50,5.7951
558.00,5.7941
558.50,5.7890
559.00,5.7801
559.50,5.7674
560.00,5.7519
560.50,5.7371
561.00,5.7244
561.50,5.7109
562.00,5.6931
562.50,5.6725
563.00,5.6572
563.50,5.6544
564.00,5.6653
564.50,5.6839
565.00,5.7030
565.50,5.7183
566.00,5.7294
566.50,5.7374
567.00,5.7432
567.50,5.7466
568.00,5.7472
568.50,5.7447
569.00,5.7386
569.50,5.7283
570.00,5.7138
570.50,5.6974
571.00,5.6826
571.50,5.6724
572.00,5.6673
572.50,5.6666
573.00,5.6706
573.50,5.6798
574.00,5.6925
574.50,5.7043
575.00,5.7125
575.50,5.7179
576.00,5.7241
576.50,5.7317
577.00,5.7369
577.50,5.7346
578.00,5.7250
578.50,5.7150
579.00,5.7125
579.50,5.7208
580.00,5.7362
580.50,5.7535
581.00,5.7702
581.50,5.7869
582.00,5.8036
582.50,5.8170
583.00,5.8217
583.50,5.8147
584.00,5.7983
584.50,5.7795
585.00,5.7669
585.50,5.7668
586.00,5.7811
586.50,5.8061
587.00,5.8342
587.50,5.8567
588.00,5.8683
588.50,5.8700
589.00,5.8703
589.50,5.8794
590.00,5.9018
590.50,5.9327
591.00,5.9608
591.50,5.9762
592.00,5.9762
592.50,5.9662
593.00,5.9560
593.50,5.9522
594.00,5.9546
594.50,5.9581
595.00,5.9580
595.50,5.9551
596.00,5.9541
596.50,5.9591
597.00,5.9691
597.50,5.9782
598.00,5.9802
598.50,5.9742
599.00,5.9655
599.50,5.9605
600.00,5.9613
600.50,5.9637
601.00,5.9627
601.50,5.9578
602.00,5.9544
602.50,5.9600
603.00,5.9792
603.50,6.0103
604.00,6.0451
604.50,6.0728
605.00,6.0868
605.50,6.0890
606.00,6.0875
606.50,6.0897
607.00,6.0976
607.50,6.1081
608.00,6.1178
608.50,6.1269
609.00,6.1375
609.50,6.1495
610.00,6.1593
610.50,6.1619
611.00,6.1560
611.50,6.1451
612.00,6.1345
612.50,6.1265
613.00,6.1194
613.50,6.1103
614.00,6.0990
614.50,6.0892
615.00,6.0868
615.50,6.0968
616.00,6.1204
616.50,6.1535
617.00,6.1889
617.50,6.2208
618.00,6.2476
618.50,6.2725
619.00,6.2992
619.50,6.3294
620.00,6.3630
620.50,6.4010
621.00,6.4459
621.50,6.4982
622.00,6.5515
622.50,6.5943
623.00,6.6176
623.50,6.6227
624.00,6.6205
624.50,6.6233
625.00,6.6359
625.50,6.6549
626.00,6.6729
626.50,6.6851
627.00,6.6900
627.50,6.6873
628.00,6.6762
628.50,6.6572
629.00,6.6339
629.50,6.6122
630.00,6.5961
630.50,6.5850
631.00,6.5752
631.50,6.5619
632.00,6.5417
632.50,6.5131
633.00,6.4775
633.50,6.4404
634.00,6.4091
634.50,6.3877
635.00,6.3741
635.50,6.3621
636.00,6.3464
636.50,6.3267
637.00,6.3060
637.50,6.2873
638.00,6.2722
638.50,6.2617
639.00,6.2561
639.50,6.2557
640.00,6.2612
640.50,6.2730
641.00,6.2906
641.50,6.3111
642.00,6.3311
642.50,6.3498
643.00,6.3701
643.50,6.3952
644.00,6.4249
644.50,6.4555
645.00,6.4822
645.50,6.5021
646.00,6.5149
646.50,6.5211
647.00,6.5226
647.50,6.5217
648.00,6.5212
648.50,6.5221
649.00,6.5234
649.50,6.5230
650.00,6.5194
650.50,6.5126
651.00,6.5040
651.50,6.4963
652.00,6.4927
652.50,6.4942
653.00,6.4990
653.50,6.5045
654.00,6.5110
654.50,6.5227
655.00,6.5441
655.50,6.5747
656.00,6.6076
656.50,6.6337
657.00,6.6479
657.50,6.6520
658.00,6.6529
658.50,6.6573
659.00,6.6668
659.50,6.6765
660.00,6.6794
660.50,6.6731
661.00,6.6635
661.50,6.6608
662.00,6.6724
662.50,6.6974
663.00,6.7276
663.50,6.7535
664.00,6.7695
664.50,6.7746
665.00,6.7702
665.50,6.7581
666.00,6.7412
666.50,6.7250
667.00,6.7151
667.50,6.7136
668.00,6.7175
668.50,6.7209
669.00,6.7190
669.50,6.7106
670.00,6.6963
670.50,6.6780
671.00,6.6583
671.50,6.6398
672.00,6.6252
672.50,6.6169
673.00,6.6173
673.50,6.6274
674.00,6.6443
674.50,6.6622
675.00,6.6756
675.50,6.6838
676.00,6.6895
676.50,6.6959
677.00,6.7034
677.50,6.7100
678.00,6.7117
678.50,6.7050
679.00,6.6898
679.50,6.6710
680.00,6.6576
680.50,6.6569
681.00,6.6697
681.50,6.6906
682.00,6.7119
682.50,6.7296
683.00,6.7430
683.50,6.7517
684.00,6.7533
684.50,6.7468
685.00,6.7357
685.50,6.7276
686.00,6.7288
686.50,6.7394
687.00,6.7542
687.50,6.7662
688.00,6.7710
688.50,6.7663
689.00,6.7523
689.50,6.7321
690.00,6.7128
690.50,6.7033
691.00,6.7078
691.50,6.7228
692.00,6.7390
692.50,6.7476
693.00,6.7435
693.50,6.7268
694.00,6.7018
694.50,6.6761
695.00,6.6578
695.50,6.6505
696.00,6.6523
696.50,6.6584
697.00,6.6657
697.50,6.6734
698.00,6.6801
698.50,6.6831
699.00,6.6795
699.50,6.6692
700.00,6.6547
700.50,6.6388
701.00,6.6222
701.50,6.6048
702.00,6.5875
702.50,6.5736
703.00,6.5665
703.50,6.5679
704.00,6.5751
704.50,6.5817
705.00,6.5808
705.50,6.5703
706.00,6.5559
706.50,6.5468
707.00,6.5471
707.50,6.5525
708.00,6.5552
708.50,6.5530
709.00,6.5522
709.50,6.5605
710.00,6.5795
710.50,6.6022
711.00,6.6193
711.50,6.6258
712.00,6.6242
712.50,6.6221
713.00,6.6260
713.50,6.6372
714.00,6.6507
714.50,6.6604
715.00,6.6638
715.50,6.6644
716.00,6.6687
716.50,6.6804
717.00,6.6963
717.50,6.7094
718.00,6.7147
718.50,6.7131
719.00,6.7092
719.50,6.7059
720.00,6.7036
720.50,6.7019
721.00,6.7025
721.50,6.7082
722.00,6.7202
722.50,6.7363
723.00,6.7520
723.50,6.7623
724.00,6.7638
724.50,6.7550
725.00,6.7377
725.50,6.7182
726.00,6.7053
726.50,6.7055
727.00,6.7190
727.50,6.7393
728.00,6.7575
728.50,6.7669
729.00,6.7658
729.50,6.7574
730.00,6.7471
730.50,6.7389
731.00,6.7355
731.50,6.7391
732.00,6.7500
732.50,6.7652
733.00,6.7784
733.50,6.7831
734.00,6.7768
734.50,6.7622
735.00,6.7441
735.50,6.7257
736.00,6.7067
736.50,6.6864
737.00,6.6659
737.50,6.6490
738.00,6.6395
738.50,6.6395
739.00,6.6490
739.50,6.6668
740.00,6.6911
740.50,6.7198
741.00,6.7511
741.50,6.7836
742.00,6.8161
742.50,6.8460
743.00,6.8694
743.50,6.8836
744.00,6.8887
744.50,6.8883
745.00,6.8874
745.50,6.8891
746.00,6.8935
746.50,6.8998
747.00,6.9078
747.50,6.9196
748.00,6.9372
748.50,6.9597
749.00,6.9841
749.50,7.0063
750.00,7.0239
750.50,7.0359
751.00,7.0431
751.50,7.0481
752.00,7.0547
752.50,7.0672
753.00,7.0873
753.50,7.1122
754.00,7.1344
754.50,7.1468
755.00,7.1468
755.50,7.1379
756.00,7.1253
756.50,7.1119
757.00,7.0981
757.50,7.0829
758.00,7.0666
758.50,7.0502
759.00,7.0365
759.50,7.0295
760.00,7.0316
760.50,7.0403
761.00,7.0490
761.50,7.0509
762.00,7.0440
762.50,7.0308
763.00,7.0153
763.50,7.0005
764.00,6.9890
764.50,6.9835
765.00,6.9853
765.50,6.9926
766.00,7.0014
766.50,7.0108
767.00,7.0235
767.50,7.0419
768.00,7.0621
768.50,7.0768
769.00,7.0827
769.50,7.0852
770.00,7.0929
770.50,7.1083
771.00,7.1259
771.50,7.1382
772.00,7.1418
772.50,7.1395
773.00,7.1359
773.50,7.1353
774.00,7.1393
774.50,7.1479
775.00,7.1598
775.50,7.1724
776.00,7.1827
776.50,7.1899
777.00,7.1969
777.50,7.2067
778.00,7.2200
778.50,7.2338
779.00,7.2458
779.50,7.2567
780.00,7.2687
780.50,7.2791
781.00,7.2804
781.50,7.2652
782.00,7.2329
782.50,7.1913
783.00,7.1516
783.50,7.1226
784.00,7.1064
784.50,7.0992
785.00,7.0957
785.50,7.0944
786.00,7.0972
786.50,7.1056
787.00,7.1167
787.50,7.1252
788.00,7.1282
788.50,7.1269
789.00,7.1248
789.50,7.1240
790.00,7.1235
790.50,7.1206
791.00,7.1137
791.50,7.1047
792.00,7.0980
792.50,7.0967
793.00,7.1007
793.50,7.1064
794.00,7.1099
794.50,7.1084
795.00,7.1024
795.50,7.0948
796.00,7.0891
796.50,7.0873
797.00,7.0885
797.50,7.0896
798.00,7.0866
798.50,7.0772
799.00,7.0634
799.50,7.0506
800.00,7.0445
800.50,7.0466
801.00,7.0540
801.50,7.0620
802.00,7.0685
802.50,7.0756
803.00,7.0887
803.50,7.1121
804.00,7.1467
804.50,7.1878
805.00,7.2266
805.50,7.2543
806.00,7.2653
806.50,7.2604
807.00,7.2463
807.50,7.2321
808.00,7.2228
808.50,7.2177
809.00,7.2132
809.50,7.2081
810.00,7.2031
810.50,7.1995
811.00,7.1973
811.50,7.1972
812.00,7.2007
812.50,7.2080
813.00,7.2180
813.50,7.2296
814.00,7.2433
814.50,7.2598
815.00,7.2773
815.50,7.2899
816.00,7.2904
816.50,7.2760
817.00,7.2511
817.50,7.2257
818.00,7.2092
818.50,7.2060
819.00,7.2155
819.50,7.2343
820.00,7.2584
820.50,7.2836
821.00,7.3052
821.50,7.3189
822.00,7.3222
822.50,7.3147
823.00,7.2987
823.50,7.2775
824.00,7.2554
824.50,7.2367
825.00,7.2253
825.50,7.2238
826.00,7.2329
826.50,7.2507
827.00,7.2730
827.50,7.2938
828.00,7.3069
828.50,7.3085
829.00,7.2988
829.50,7.2813
830.00,7.2615
830.50,7.2432
831.00,7.2284
831.50,7.2172
832.00,7.2100
832.50,7.2082
833.00,7.2146
833.50,7.2314
834.00,7.2586
834.50,7.2927
835.00,7.3301
835.50,7.3748
836.00,7.4438
836.50,7.5641
837.00,7.7585
837.50,8.0310
838.00,8.3614
838.50,8.7110
839.00,9.0367
839.50,9.3048
840.00,9.4996
840.50,9.6236
841.00,9.6928
841.50,9.7273
842.00,9.7441
842.50,9.7529
843.00,9.7564
843.50,9.7549
844.00,9.7509
844.50,9.7489
845.00,9.7508
845.50,9.7530
846.00,9.7489
846.50,9.7351
847.00,9.7149
847.50,9.6964
848.00,9.6872
848.50,9.6915
849.00,9.7079
849.50,9.7319
850.00,9.7570
850.50,9.7766
851.00,9.7845
851.50,9.7776
852.00,9.7604
852.50,9.7451
853.00,9.7449
853.50,9.7650
854.00,9.7986
854.50,9.8323
855.00,9.8550
855.50,9.8621
856.00,9.8550
856.50,9.8395
857.00,9.8235
857.50,9.8138
858.00,9.8123
858.50,9.8144
859.00,9.8115
859.50,9.7964
860.00,9.7683
860.50,9.7337
861.00,9.7024
861.50,9.6813
862.00,9.6713
862.50,9.6685
863.00,9.6675
863.50,9.6636
864.00,9.6543
864.50,9.6388
865.00,9.6191
865.50,9.5996
866.00,9.5851
866.50,9.5790
867.00,9.5813
867.50,9.5877
868.00,9.5909
868.50,9.5861
869.00,9.5751
869.50,9.5641
870.00,9.5583
870.50,9.5584
871.00,9.5607
871.50,9.5615
872.00,9.5601
872.50,9.5586
873.00,9.5587
873.50,9.5587
874.00,9.5544
874.50,9.5426
875.00,9.5246
875.50,9.5060
876.00,9.4924
876.50,9.4856
877.00,9.4826
877.50,9.4795
878.00,9.4748
878.50,9.4683
879.00,9.4579
879.50,9.4392
880.00,9.4097
880.50,9.3727
881.00,9.3362
881.50,9.3075
882.00,9.2888
882.50,9.2768
883.00,9.2665
883.50,9.2548
884.00,9.2414
884.50,9.2265
885.00,9.2095
885.50,9.1899
886.00,9.1693
886.50,9.1516
887.00,9.1412
887.50,9.1406
888.00,9.1482
888.50,9.1578
889.00,9.1612
889.50,9.1533
890.00,9.1354
890.50,9.1135
891.00,9.0946
891.50,9.0832
892.00,9.0799
892.50,9.0807
893.00,9.0786
893.50,9.0687
894.00,9.0525
894.50,9.0375
895.00,9.0305
895.50,9.0339
896.00,9.0451
896.50,9.0591
897.00,9.0714
897.50,9.0793
898.00,9.0815
898.50,9.0780
899.00,9.0690
899.50,9.0552
900.00,9.0386
900.50,9.0227
901.00,9.0108
901.50,9.0053
902.00,9.0066
902.50,9.0137
903.00,9.0240
903.50,9.0337
904.00,9.0385
904.50,9.0366
905.00,9.0304
905.50,9.0252
906.00,9.0251
906.50,9.0292
907.00,9.0327
907.50,9.0307
908.00,9.0223
908.50,9.0100
909.00,8.9971
909.50,8.9860
910.00,8.9771
910.50,8.9699
911.00,8.9642
911.50,8.9612
912.00,8.9632
912.50,8.9722
913.00,8.9876
913.50,9.0050
914.00,9.0183
914.50,9.0224
915.00,9.0166
915.50,9.0047
916.00,8.9930
916.50,8.9855
917.00,8.9818
917.50,8.9776
918.00,8.9694
918.50,8.9597
919.00,8.9563
919.50,8.9667
920.00,8.9914
920.50,9.0241
921.00,9.0553
921.50,9.0777
922.00,9.0876
922.50,9.0863
923.00,9.0783
923.50,9.0686
924.00,9.0593
924.50,9.0502
925.00,9.0414
925.50,9.0352
926.00,9.0332
926.50,9.0332
927.00,9.0303
927.50,9.0212
928.00,9.0082
928.50,8.9966
929.00,8.9902
929.50,8.9883
930.00,8.9872
930.50,8.9829
931.00,8.9716
931.50,8.9501
932.00,8.9163
932.50,8.8713
933.00,8.8207
933.50,8.7723
934.00,8.7322
934.50,8.7010
935.00,8.6743
935.50,8.6482
936.00,8.6228
936.50,8.5991
937.00,8.5758
937.50,8.5490
938.00,8.5160
938.50,8.4774
939.00,8.4364
939.50,8.3963
940.00,8.3598
940.50,8.3279
941.00,8.2990
941.50,8.2696
942.00,8.2375
942.50,8.2042
943.00,8.1733
943.50,8.1466
944.00,8.1236
944.50,8.1032
945.00,8.0842
945.50,8.0639
946.00,8.0385
946.50,8.0058
947.00,7.9684
947.50,7.9319
948.00,7.9001
948.50,7.8732
949.00,7.8500
949.50,7.8301
950.00,7.8144
950.50,7.8018
951.00,7.7885
951.50,7.7710
952.00,7.7502
952.50,7.7320
953.00,7.7214
953.50,7.7181
954.00,7.7165
954.50,7.7113
955.00,7.7018
955.50,7.6906
956.00,7.6803
956.50,7.6706
957.00,7.6589
957.50,7.6429
958.00,7.6217
958.50,7.5961
959.00,7.5686
959.50,7.5430
960.00,7.5223
960.50,7.5062
961.00,7.4908
961.50,7.4719
962.00,7.4484
962.50,7.4233
963.00,7.4002
963.50,7.3812
964.00,7.3660
964.50,7.3536
965.00,7.3441
965.50,7.3390
966.00,7.3394
966.50,7.3452
967.00,7.3553
967.50,7.3681
968.00,7.3815
968.50,7.3926
969.00,7.3987
969.50,7.3988
970.00,7.3956
970.50,7.3944
971.00,7.3998
971.50,7.4134
972.00,7.4338
972.50,7.4571
973.00,7.4775
973.50,7.4896
974.00,7.4924
974.50,7.4921
975.00,7.4980
975.50,7.5146
976.00,7.5382
976.50,7.5613
977.00,7.5795
977.50,7.5935
978.00,7.6045
978.50,7.6110
979.00,7.6096
979.50,7.5995
980.00,7.5840
980.50,7.5692
981.00,7.5597
981.50,7.5555
982.00,7.5527
982.50,7.5492
983.00,7.5493
983.50,7.5616
984.00,7.5903
984.50,7.6275
985.00,7.6569
985.50,7.6670
986.00,7.6589
986.50,7.6449
987.00,7.6368
987.50,7.6393
988.00,7.6503
988.50,7.6660
989.00,7.6841
989.50,7.7036
990.00,7.7233
990.50,7.7408
991.00,7.7546
991.50,7.7648
992.00,7.7745
992.50,7.7880
993.00,7.8072
993.50,7.8292
994.00,7.8471
994.50,7.8550
995.00,7.8529
995.50,7.8481
996.00,7.8502
996.50,7.8650
997.00,7.8906
997.50,7.9204
998.00,7.9473
998.50,7.9678
999.00,7.9829
999.50,7.9951
1000.00,8.0063
1000.50,8.0168
1001.00,8.0262
1001.50,8.0348
1002.00,8.0440
1002.50,8.0556
1003.00,8.0702
1003.50,8.0865
1004.00,8.1006
1004.50,8.1071
1005.00,8.1033
1005.50,8.0928
1006.00,8.0854
1006.50,8.0911
1007.00,8.1136
1007.50,8.1472
1008.00,8.1813
1008.50,8.2070
1009.00,8.2227
1009.50,8.2326
1010.00,8.2425
1010.50,8.2557
1011.00,8.2724
1011.50,8.2924
1012.00,8.3161
1012.50,8.3443
1013.00,8.3760
1013.50,8.4091
1014.00,8.4429
1014.50,8.4785
1015.00,8.5171
1015.50,8.5566
1016.00,8.5917
1016.50,8.6170
1017.00,8.6315
1017.50,8.6391
1018.00,8.6472
1018.50,8.6619
1019.00,8.6863
1019.50,8.7209
1020.00,8.7645
1020.50,8.8153
1021.00,8.8705
1021.50,8.9261
1022.00,8.9759
1022.50,9.0131
1023.00,9.0341
1023.50,9.0410
1024.00,9.0412
1024.50,9.0426
1025.00,9.0497
1025.50,9.0632
1026.00,9.0826
1026.50,9.1100
1027.00,9.1486
1027.50,9.1993
1028.00,9.2585
1028.50,9.3207
1029.00,9.3824
1029.50,9.4434
1030.00,9.5039
1030.50,9.5649
1031.00,9.6299
1031.50,9.7065
1032.00,9.8029
1032.50,9.9221
1033.00,10.0614
1033.50,10.2156
1034.00,10.3818
1034.50,10.5609
1035.00,10.7568
1035.50,10.9734
1036.00,11.2124
1036.50,11.4731
1037.00,11.7539
1037.50,12.0522
1038.00,12.3647
1038.50,12.6861
1039.00,13.0117
1039.50,13.3387
1040.00,13.6694
1040.50,14.0114
1041.00,14.3753
1041.50,14.7687
1042.00,15.1902
1042.50,15.6317
1043.00,16.0842
1043.50,16.5445
1044.00,17.0145
1044.50,17.4970
1045.00,17.9927
1045.50,18.4988
1046.00,19.0091
1046.50,19.5153
1047.00,20.0080
1047.50,20.4788
1048.00,20.9217
1048.50,21.3322
1049.00,21.7040
1049.50,22.0264
1050.00,22.2836
1050.50,22.4564
1051.00,22.5239
1051.50,22.4671
1052.00,22.2719
1052.50,21.9320
1053.00,21.4473
1053.50,20.8218
1054.00,20.0617
1054.50,19.1783
1055.00,18.1922
1055.50,17.1342
1056.00,16.0416
1056.50,14.9537
1057.00,13.9070
1057.50,12.9343
1058.00,12.0633
1058.50,11.3152
1059.00,10.7017
1059.50,10.2231
1060.00,9.8696
1060.50,9.6246
1061.00,9.4695
1061.50,9.3872
1062.00,9.3614
1062.50,9.3759
1063.00,9.4151
1063.50,9.4677
1064.00,9.5285
1064.50,9.5965
1065.00,9.6695
1065.50,9.7427
1066.00,9.8097
1066.50,9.8646
1067.00,9.9018
1067.50,9.9174
1068.00,9.9116
1068.50,9.8909
1069.00,9.8651
1069.50,9.8418
1070.00,9.8225
1070.50,9.8038
1071.00,9.7791
1071.50,9.7400
1072.00,9.6776
1072.50,9.5863
1073.00,9.4677
1073.50,9.3314
1074.00,9.1904
1074.50,9.0552
1075.00,8.9316
1075.50,8.8206
1076.00,8.7200
1076.50,8.6256
1077.00,8.5327
1077.50,8.4394
1078.00,8.3489
1078.50,8.2690
1079.00,8.2076
1079.50,8.1676
1080.00,8.1456
1080.50,8.1354
1081.00,8.1323
1081.50,8.1358
1082.00,8.1487
1082.50,8.1735
1083.00,8.2112
1083.50,8.2593
1084.00,8.3139
1084.50,8.3710
1085.00,8.4286
1085.50,8.4865
1086.00,8.5442
1086.50,8.5990
1087.00,8.6459
1087.50,8.6805
1088.00,8.7021
1088.50,8.7132
1089.00,8.7167
1089.50,8.7141
1090.00,8.7069
1090.50,8.6975
1091.00,8.6891
1091.50,8.6837
1092.00,8.6814
1092.50,8.6811
1093.00,8.6818
1093.50,8.6821
1094.00,8.6810
1094.50,8.6776
1095.00,8.6729
1095.50,8.6685
1096.00,8.6662
1096.50,8.6665
1097.00,8.6672
1097.50,8.6654
1098.00,8.6609
1098.50,8.6577
1099.00,8.6607
1099.50,8.6705
1100.00,8.6818
1100.50,8.6883
1101.00,8.6885
1101.50,8.6862
1102.00,8.6859
1102.50,8.6882
1103.00,8.6884
1103.50,8.6808
1104.00,8.6632
1104.50,8.6400
1105.00,8.6203
1105.50,8.6134
1106.00,8.6250
1106.50,8.6541
1107.00,8.6922
1107.50,8.7268
1108.00,8.7500
1108.50,8.7652
1109.00,8.7870
1109.50,8.8319
1110.00,8.9093
1110.50,9.0214
1111.00,9.1681
1111.50,9.3517
1112.00,9.5773
1112.50,9.8525
1113.00,10.1878
1113.50,10.5964
1114.00,11.0919
1114.50,11.6843
1115.00,12.3775
1115.50,13.1723
1116.00,14.0708
1116.50,15.0788
1117.00,16.2018
1117.50,17.4400
1118.00,18.7872
1118.50,20.2351
1119.00,21.7795
1119.50,23.4200
1120.00,25.1565
1120.50,26.9836
1121.00,28.8887
1121.50,30.8542
1122.00,32.8612
1122.50,34.8950
1123.00,36.9501
1123.50,39.0308
1124.00,41.1461
1124.50,43.3019
1125.00,45.4965
1125.50,47.7223
1126.00,49.9712
1126.50,52.2380
1127.00,54.5177
1127.50,56.8043
1128.00,59.0912
1128.50,61.3734
1129.00,63.6441
1129.50,65.8910
1130.00,68.0945
1130.50,70.2283
1131.00,72.2598
1131.50,74.1467
1132.00,75.8326
1132.50,77.2429
1133.00,78.2810
1133.50,78.8251
1134.00,78.7284
1134.50,77.8302
1135.00,75.9769
1135.50,73.0547
1136.00,69.0265
1136.50,63.9623
1137.00,58.0494
1137.50,51.5744
1138.00,44.8812
1138.50,38.3200
1139.00,32.2018
1139.50,26.7651
1140.00,22.1580
1140.50,18.4338
1141.00,15.5602
1141.50,13.4391
1142.00,11.9352
1142.50,10.9048
1143.00,10.2198
1143.50,9.7781
1144.00,9.5018
1144.50,9.3316
1145.00,9.2244
1145.50,9.1537
1146.00,9.1065
1146.50,9.0760
1147.00,9.0556
1147.50,9.0384
1148.00,9.0206
1148.50,9.0053
1149.00,8.9984
1149.50,9.0022
1150.00,9.0116
1150.50,9.0177
1151.00,9.0144
1151.50,9.0024
1152.00,8.9862
1152.50,8.9700
1153.00,8.9556
1153.50,8.9446
1154.00,8.9397
1154.50,8.9443
1155.00,8.9595
1155.50,8.9819
1156.00,9.0036
1156.50,9.0160
1157.00,9.0149
1157.50,9.0027
1158.00,8.9854
1158.50,8.9683
1159.00,8.9551
1159.50,8.9486
1160.00,8.9514
1160.50,8.9632
1161.00,8.9778
1161.50,8.9851
1162.00,8.9777
1162.50,8.9569
1163.00,8.9336
1163.50,8.9202
1164.00,8.9212
1164.50,8.9290
1165.00,8.9321
1165.50,8.9245
1166.00,8.9088
1166.50,8.8909
1167.00,8.8741
1167.50,8.8581
1168.00,8.8428
1168.50,8.8297
1169.00,8.8206
1169.50,8.8147
1170.00,8.8080
1170.50,8.7945
1171.00,8.7701
1171.50,8.7367
1172.00,8.7028
1172.50,8.6781
1173.00,8.6687
1173.50,8.6732
1174.00,8.6852
1174.50,8.6979
1175.00,8.7074
1175.50,8.7142
1176.00,8.7216
1176.50,8.7319
1177.00,8.7441
1177.50,8.7528
1178.00,8.7519
1178.50,8.7386
1179.00,8.7152
1179.50,8.6880
1180.00,8.6634
1180.50,8.6439
1181.00,8.6270
1181.50,8.6086
1182.00,8.5874
1182.50,8.5660
1183.00,8.5488
1183.50,8.5390
1184.00,8.5374
1184.50,8.5418
1185.00,8.5486
1185.50,8.5538
1186.00,8.5556
1186.50,8.5547
1187.00,8.5538
1187.50,8.5546
1188.00,8.5559
1188.50,8.5538
1189.00,8.5448
1189.50,8.5288
1190.00,8.5087
1190.50,8.4876
1191.00,8.4667
1191.50,8.4459
1192.00,8.4250
1192.50,8.4040
1193.00,8.3833
1193.50,8.3635
1194.00,8.3458
1194.50,8.3323
1195.00,8.3249
1195.50,8.3245
1196.00,8.3291
1196.50,8.3338
1197.00,8.3326
1197.50,8.3217
1198.00,8.3024
1198.50,8.2808
1199.00,8.2639
1199.50,8.2548
1200.00,8.2517
1200.50,8.2512
1201.00,8.2519
1201.50,8.2550
1202.00,8.2624
1202.50,8.2739
1203.00,8.2862
1203.50,8.2943
1204.00,8.2956
1204.50,8.2919
1205.00,8.2886
1205.50,8.2905
1206.00,8.2976
1206.50,8.3048
1207.00,8.3055
1207.50,8.2953
1208.00,8.2739
1208.50,8.2463
1209.00,8.2220
1209.50,8.2101
1210.00,8.2154
1210.50,8.2349
1211.00,8.2601
1211.50,8.2820
1212.00,8.2947
1212.50,8.2970
1213.00,8.2916
1213.50,8.2831
1214.00,8.2753
1214.50,8.2697
1215.00,8.2650
1215.50,8.2598
1216.00,8.2547
1216.50,8.2529
1217.00,8.2581
1217.50,8.2723
1218.00,8.2949
1218.50,8.3224
1219.00,8.3500
1219.50,8.3732
1220.00,8.3895
1220.50,8.4004
1221.00,8.4104
1221.50,8.4234
1222.00,8.4385
1222.50,8.4499
1223.00,8.4507
1223.50,8.4398
1224.00,8.4231
1224.50,8.4094
1225.00,8.4048
1225.50,8.4088
1226.00,8.4152
1226.50,8.4162
1227.00,8.4077
1227.50,8.3912
1228.00,8.3725
1228.50,8.3569
1229.00,8.3459
1229.50,8.3386
1230.00,8.3346
1230.50,8.3351
1231.00,8.3421
1231.50,8.3542
1232.00,8.3667
1232.50,8.3750
1233.00,8.3788
1233.50,8.3821
1234.00,8.3886
1234.50,8.3978
1235.00,8.4054
1235.50,8.4075
1236.00,8.4033
1236.50,8.3966
1237.00,8.3930
1237.50,8.3968
1238.00,8.4085
1238.50,8.4246
1239.00,8.4391
1239.50,8.4473
1240.00,8.4480
1240.50,8.4416
1241.00,8.4285
1241.50,8.4088
1242.00,8.3853
1242.50,8.3646
1243.00,8.3530
1243.50,8.3520
1244.00,8.3582
1244.50,8.3673
1245.00,8.3774
1245.50,8.3876
1246.00,8.3960
1246.50,8.4007
1247.00,8.4033
1247.50,8.4087
1248.00,8.4208
1248.50,8.4381
1249.00,8.4539
1249.50,8.4622
1250.00,8.4627
1250.50,8.4601
1251.00,8.4595
1251.50,8.4619
1252.00,8.4641
1252.50,8.4623
1253.00,8.4564
1253.50,8.4514
1254.00,8.4536
1254.50,8.4647
1255.00,8.4800
1255.50,8.4931
1256.00,8.5008
1256.50,8.5041
1257.00,8.5033
1257.50,8.4952
1258.00,8.4752
1258.50,8.4423
1259.00,8.4021
1259.50,8.3643
1260.00,8.3382
1260.50,8.3284
1261.00,8.3341
1261.50,8.3502
1262.00,8.3695
1262.50,8.3843
1263.00,8.3877
1263.50,8.3764
1264.00,8.3533
1264.50,8.3279
1265.00,8.3117
1265.50,8.3106
1266.00,8.3209
1266.50,8.3316
1267.00,8.3323
1267.50,8.3208
1268.00,8.3021
1268.50,8.2832
1269.00,8.2674
1269.50,8.2533
1270.00,8.2382
1270.50,8.2214
1271.00,8.2051
1271.50,8.1920
1272.00,8.1824
1272.50,8.1735
1273.00,8.1629
1273.50,8.1510
1274.00,8.1398
1274.50,8.1305
1275.00,8.1232
1275.50,8.1187
1276.00,8.1207
1276.50,8.1328
1277.00,8.1553
1277.50,8.1847
1278.00,8.2161
1278.50,8.2456
1279.00,8.2716
1279.50,8.2942
1280.00,8.3134
1280.50,8.3287
1281.00,8.3386
1281.50,8.3413
1282.00,8.3379
1282.50,8.3322
1283.00,8.3285
1283.50,8.3290
1284.00,8.3327
1284.50,8.3375
1285.00,8.3421
1285.50,8.3463
1286.00,8.3496
1286.50,8.3507
1287.00,8.3488
1287.50,8.3460
1288.00,8.3474
1288.50,8.3568
1289.00,8.3720
1289.50,8.3851
1290.00,8.3894
1290.50,8.3856
1291.00,8.3806
1291.50,8.3818
1292.00,8.3918
1292.50,8.4079
1293.00,8.4232
1293.50,8.4296
1294.00,8.4219
1294.50,8.4009
1295.00,8.3737
1295.50,8.3495
1296.00,8.3344
1296.50,8.3301
1297.00,8.3355
1297.50,8.3475
1298.00,8.3628
1298.50,8.3789
1299.00,8.3937
1299.50,8.4042
1300.00,8.4067
1300.50,8.3994
1301.00,8.3848
1301.50,8.3686
1302.00,8.3558
1302.50,8.3475
1303.00,8.3422
1303.50,8.3380
1304.00,8.3329
1304.50,8.3261
1305.00,8.3186
1305.50,8.3124
1306.00,8.3092
1306.50,8.3093
1307.00,8.3125
1307.50,8.3186
1308.00,8.3281
1308.50,8.3409
1309.00,8.3547
1309.50,8.3651
1310.00,8.3666
1310.50,8.3564
1311.00,8.3379
1311.50,8.3189
1312.00,8.3061
1312.50,8.3010
1313.00,8.3016
1313.50,8.3055
1314.00,8.3126
1314.50,8.3241
1315.00,8.3415
1315.50,8.3636
1316.00,8.3864
1316.50,8.4055
1317.00,8.4184
1317.50,8.4268
1318.00,8.4340
1318.50,8.4427
1319.00,8.4538
1319.50,8.4662
1320.00,8.4773
1320.50,8.4830
1321.00,8.4816
1321.50,8.4772
1322.00,8.4791
1322.50,8.4935
1323.00,8.5174
1323.50,8.5412
1324.00,8.5573
1324.50,8.5648
1325.00,8.5670
1325.50,8.5661
1326.00,8.5619
1326.50,8.5535
1327.00,8.5406
1327.50,8.5251
1328.00,8.5103
1328.50,8.5000
1329.00,8.4958
1329.50,8.4958
1330.00,8.4968
1330.50,8.4959
1331.00,8.4915
1331.50,8.4821
1332.00,8.4675
1332.50,8.4492
1333.00,8.4316
1333.50,8.4183
1334.00,8.4093
1334.50,8.3998
1335.00,8.3838
1335.50,8.3582
1336.00,8.3252
1336.50,8.2905
1337.00,8.2606
1337.50,8.2400
1338.00,8.2301
1338.50,8.2303
1339.00,8.2369
1339.50,8.2453
1340.00,8.2525
1340.50,8.2594
1341.00,8.2683
1341.50,8.2791
1342.00,8.2876
1342.50,8.2898
1343.00,8.2855
1343.50,8.2780
1344.00,8.2724
1344.50,8.2730
1345.00,8.2816
1345.50,8.2965
1346.00,8.3132
1346.50,8.3286
1347.00,8.3434
1347.50,8.3618
1348.00,8.3868
1348.50,8.4170
1349.00,8.4464
1349.50,8.4675
1350.00,8.4739
1350.50,8.4638
1351.00,8.4419
1351.50,8.4174
1352.00,8.3993
1352.50,8.3907
1353.00,8.3889
1353.50,8.3905
1354.00,8.3952
1354.50,8.4040
1355.00,8.4153
1355.50,8.4248
1356.00,8.4287
1356.50,8.4280
1357.00,8.4270
1357.50,8.4292
1358.00,8.4342
1358.50,8.4392
1359.00,8.4413
1359.50,8.4402
1360.00,8.4376
1360.50,8.4358
1361.00,8.4362
1361.50,8.4386
1362.00,8.4409
1362.50,8.4404
1363.00,8.4350
1363.50,8.4246
1364.00,8.4094
1364.50,8.3913
1365.00,8.3739
1365.50,8.3632
1366.00,8.3646
1366.50,8.3788
1367.00,8.3992
1367.50,8.4164
1368.00,8.4223
1368.50,8.4153
1369.00,8.3993
1369.50,8.3825
1370.00,8.3744
1370.50,8.3826
1371.00,8.4097
1371.50,8.4514
1372.00,8.4990
1372.50,8.5421
1373.00,8.5725
1373.50,8.5873
1374.00,8.5897
1374.50,8.5871
1375.00,8.5871
1375.50,8.5929
1376.00,8.6024
1376.50,8.6101
1377.00,8.6117
1377.50,8.6085
1378.00,8.6077
1378.50,8.6173
1379.00,8.6389
1379.50,8.6658
1380.00,8.6873
1380.50,8.6966
1381.00,8.6938
1381.50,8.6841
1382.00,8.6719
1382.50,8.6580
1383.00,8.6408
1383.50,8.6195
1384.00,8.5964
1384.50,8.5770
1385.00,8.5662
1385.50,8.5646
1386.00,8.5669
1386.50,8.5649
1387.00,8.5537
1387.50,8.5357
1388.00,8.5184
1388.50,8.5071
1389.00,8.5009
1389.50,8.4956
1390.00,8.4895
1390.50,8.4855
1391.00,8.4859
1391.50,8.4885
1392.00,8.4884
1392.50,8.4846
1393.00,8.4825
1393.50,8.4890
1394.00,8.5057
1394.50,8.5267
1395.00,8.5436
1395.50,8.5533
1396.00,8.5587
1396.50,8.5641
1397.00,8.5710
1397.50,8.5789
1398.00,8.5882
1398.50,8.5998
1399.00,8.6135
1399.50,8.6266
1400.00,8.6343
1400.50,8.6321
1401.00,8.6184
1401.50,8.5954
1402.00,8.5685
1402.50,8.5429
1403.00,8.5228
1403.50,8.5102
1404.00,8.5055
1404.50,8.5066
1405.00,8.5102
1405.50,8.5143
1406.00,8.5195
1406.50,8.5269
1407.00,8.5355
1407.50,8.5432
1408.00,8.5491
1408.50,8.5548
1409.00,8.5610
1409.50,8.5657
1410.00,8.5666
1410.50,8.5636
1411.00,8.5596
1411.50,8.5576
1412.00,8.5583
1412.50,8.5595
1413.00,8.5581
1413.50,8.5521
1414.00,8.5419
1414.50,8.5298
1415.00,8.5182
1415.50,8.5093
1416.00,8.5039
1416.50,8.5029
1417.00,8.5087
1417.50,8.5255
1418.00,8.5567
1418.50,8.5998
1419.00,8.6455
1419.50,8.6826
1420.00,8.7049
1420.50,8.7143
1421.00,8.7168
1421.50,8.7180
1422.00,8.7209
1422.50,8.7271
1423.00,8.7364
1423.50,8.7475
1424.00,8.7598
1424.50,8.7754
1425.00,8.7966
1425.50,8.8202
1426.00,8.8353
1426.50,8.8292
1427.00,8.7975
1427.50,8.7493
1428.00,8.7022
1428.50,8.6723
1429.00,8.6658
1429.50,8.6780
1430.00,8.6976
1430.50,8.7142
1431.00,8.7224
1431.50,8.7229
1432.00,8.7188
1432.50,8.7126
1433.00,8.7061
1433.50,8.7022
1434.00,8.7039
1434.50,8.7114
1435.00,8.7207
1435.50,8.7265
1436.00,8.7278
1436.50,8.7292
1437.00,8.7364
1437.50,8.7496
1438.00,8.7627
1438.50,8.7679
1439.00,8.7618
1439.50,8.7487
1440.00,8.7363
1440.50,8.7304
1441.00,8.7296
1441.50,8.7277
1442.00,8.7193
1442.50,8.7048
1443.00,8.6900
1443.50,8.6806
1444.00,8.6773
1444.50,8.6751
1445.00,8.6684
1445.50,8.6548
1446.00,8.6366
1446.50,8.6189
1447.00,8.6079
1447.50,8.6092
1448.00,8.6250
1448.50,8.6511
1449.00,8.6778
1449.50,8.6957
1450.00,8.7024
1450.50,8.7019
1451.00,8.7006
1451.50,8.7012
1452.00,8.7023
1452.50,8.7010
1453.00,8.6958
1453.50,8.6877
1454.00,8.6782
1454.50,8.6682
1455.00,8.6581
1455.50,8.6477
1456.00,8.6364
1456.50,8.6239
1457.00,8.6108
1457.50,8.5989
1458.00,8.5902
1458.50,8.5858
1459.00,8.5866
1459.50,8.5935
1460.00,8.6058
1460.50,8.6213
1461.00,8.6367
1461.50,8.6502
1462.00,8.6618
1462.50,8.6727
1463.00,8.6834
1463.50,8.6936
1464.00,8.7030
1464.50,8.7113
1465.00,8.7184
1465.50,8.7226
1466.00,8.7207
1466.50,8.7101
1467.00,8.6905
1467.50,8.6658
1468.00,8.6414
1468.50,8.6206
1469.00,8.6028
1469.50,8.5859
1470.00,8.5698
1470.50,8.5575
1471.00,8.5519
1471.50,8.5528
1472.00,8.5558
1472.50,8.5553
1473.00,8.5485
1473.50,8.5373
1474.00,8.5266
1474.50,8.5198
1475.00,8.5167
1475.50,8.5146
1476.00,8.5114
1476.50,8.5064
1477.00,8.4988
1477.50,8.4862
1478.00,8.4658
1478.50,8.4387
1479.00,8.4111
1479.50,8.3914
1480.00,8.3852
1480.50,8.3916
1481.00,8.4055
1481.50,8.4222
1482.00,8.4398
1482.50,8.4576
1483.00,8.4740
1483.50,8.4857
1484.00,8.4898
1484.50,8.4858
1485.00,8.4770
1485.50,8.4686
1486.00,8.4646
1486.50,8.4655
1487.00,8.4685
1487.50,8.4712
1488.00,8.4742
1488.50,8.4819
1489.00,8.4982
1489.50,8.5227
1490.00,8.5497
1490.50,8.5728
1491.00,8.5895
1491.50,8.6010
1492.00,8.6095
1492.50,8.6138
1493.00,8.6102
1493.50,8.5974
1494.00,8.5801
1494.50,8.5683
1495.00,8.5705
1495.50,8.5890
1496.00,8.6183
1496.50,8.6499
1497.00,8.6769
1497.50,8.6984
1498.00,8.7177
1498.50,8.7388
1499.00,8.7628
1499.50,8.7877
1500.00,8.8097
1500.50,8.8260
1501.00,8.8360
1501.50,8.8405
1502.00,8.8399
1502.50,8.8339
1503.00,8.8235
1503.50,8.8127
1504.00,8.8065
1504.50,8.8070
1505.00,8.8111
1505.50,8.8143
1506.00,8.8147
1506.50,8.8142
1507.00,8.8156
1507.50,8.8199
1508.00,8.8257
1508.50,8.8306
1509.00,8.8325
1509.50,8.8306
1510.00,8.8246
1510.50,8.8141
1511.00,8.7995
1511.50,8.7835
1512.00,8.7702
1512.50,8.7629
1513.00,8.7609
1513.50,8.7584
1514.00,8.7478
1514.50,8.7256
1515.00,8.6960
1515.50,8.6689
1516.00,8.6539
1516.50,8.6542
1517.00,8.6656
1517.50,8.6790
1518.00,8.6856
1518.50,8.6815
1519.00,8.6679
1519.50,8.6482
1520.00,8.6245
1520.50,8.5981
1521.00,8.5716
1521.50,8.5501
1522.00,8.5386
1522.50,8.5386
1523.00,8.5462
1523.50,8.5541
1524.00,8.5560
1524.50,8.5504
1525.00,8.5417
1525.50,8.5379
1526.00,8.5439
1526.50,8.5590
1527.00,8.5779
1527.50,8.5958
1528.00,8.6125
1528.50,8.6310
1529.00,8.6546
1529.50,8.6843
1530.00,8.7182
1530.50,8.7518
1531.00,8.7794
1531.50,8.7964
1532.00,8.8020
1532.50,8.8005
1533.00,8.7987
1533.50,8.8000
1534.00,8.8015
1534.50,8.7969
1535.00,8.7819
1535.50,8.7577
1536.00,8.7297
1536.50,8.7038
1537.00,8.6834
1537.50,8.6686
1538.00,8.6578
1538.50,8.6497
1539.00,8.6432
1539.50,8.6371
1540.00,8.6288
1540.50,8.6158
1541.00,8.5960
1541.50,8.5699
1542.00,8.5397
1542.50,8.5090
1543.00,8.4807
1543.50,8.4557
1544.00,8.4329
1544.50,8.4112
1545.00,8.3921
1545.50,8.3774
1546.00,8.3674
1546.50,8.3602
1547.00,8.3527
1547.50,8.3429
1548.00,8.3309
1548.50,8.3186
1549.00,8.3091
1549.50,8.3058
1550.00,8.3108
1550.50,8.3235
1551.00,8.3411
1551.50,8.3597
1552.00,8.3764
1552.50,8.3897
1553.00,8.3995
1553.50,8.4077
1554.00,8.4172
1554.50,8.4304
1555.00,8.4485
1555.50,8.4710
1556.00,8.4962
1556.50,8.5204
1557.00,8.5396
1557.50,8.5509
1558.00,8.5544
1558.50,8.5521
1559.00,8.5471
1559.50,8.5420
1560.00,8.5384
1560.50,8.5368
1561.00,8.5364
1561.50,8.5347
1562.00,8.5286
1562.50,8.5162
1563.00,8.4989
1563.50,8.4815
1564.00,8.4686
1564.50,8.4608
1565.00,8.4554
1565.50,8.4505
1566.00,8.4469
1566.50,8.4466
1567.00,8.4511
1567.50,8.4602
1568.00,8.4708
1568.50,8.4785
1569.00,8.4805
1569.50,8.4781
1570.00,8.4747
1570.50,8.4718
1571.00,8.4675
1571.50,8.4595
1572.00,8.4485
1572.50,8.4381
1573.00,8.4323
1573.50,8.4325
1574.00,8.4373
1574.50,8.4444
1575.00,8.4530
1575.50,8.4628
1576.00,8.4720
1576.50,8.4776
1577.00,8.4775
1577.50,8.4728
1578.00,8.4672
1578.50,8.4630
1579.00,8.4598
1579.50,8.4563
1580.00,8.4528
1580.50,8.4515
1581.00,8.4537
1581.50,8.4576
1582.00,8.4601
1582.50,8.4591
1583.00,8.4561
1583.50,8.4552
1584.00,8.4597
1584.50,8.4694
1585.00,8.4797
1585.50,8.4848
1586.00,8.4820
1586.50,8.4727
1587.00,8.4610
1587.50,8.4497
1588.00,8.4391
1588.50,8.4283
1589.00,8.4172
1589.50,8.4068
1590.00,8.3989
1590.50,8.3948
1591.00,8.3937
1591.50,8.3924
1592.00,8.3871
1592.50,8.3765
1593.00,8.3623
1593.50,8.3468
1594.00,8.3329
1594.50,8.3233
1595.00,8.3190
1595.50,8.3183
1596.00,8.3176
1596.50,8.3147
1597.00,8.3104
1597.50,8.3062
1598.00,8.3019
1598.50,8.2962
1599.00,8.2897
1599.50,8.2862
1600.00,8.2897
1600.50,8.3016
1601.00,8.3194
1601.50,8.3385
1602.00,8.3542
1602.50,8.3635
1603.00,8.3646
1603.50,8.3576
1604.00,8.3447
1604.50,8.3301
1605.00,8.3189
1605.50,8.3143
1606.00,8.3171
1606.50,8.3254
1607.00,8.3358
1607.50,8.3449
1608.00,8.3508
1608.50,8.3538
1609.00,8.3563
1609.50,8.3616
1610.00,8.3725
1610.50,8.3890
1611.00,8.4076
1611.50,8.4230
1612.00,8.4312
1612.50,8.4322
1613.00,8.4298
1613.50,8.4276
1614.00,8.4255
1614.50,8.4205
1615.00,8.4116
1615.50,8.4040
1616.00,8.4074
1616.50,8.4264
1617.00,8.4553
1617.50,8.4802
1618.00,8.4896
1618.50,8.4807
1619.00,8.4592
1619.50,8.4336
1620.00,8.4111
1620.50,8.3948
1621.00,8.3845
1621.50,8.3775
1622.00,8.3708
1622.50,8.3621
1623.00,8.3508
1623.50,8.3375
1624.00,8.3227
1624.50,8.3063
1625.00,8.2879
1625.50,8.2666
1626.00,8.2415
1626.50,8.2129
1627.00,8.1832
1627.50,8.1557
1628.00,8.1320
1628.50,8.1111
1629.00,8.0912
1629.50,8.0726
1630.00,8.0575
1630.50,8.0476
1631.00,8.0411
1631.50,8.0337
1632.00,8.0218
1632.50,8.0061
1633.00,7.9913
1633.50,7.9841
1634.00,7.9892
1634.50,8.0072
1635.00,8.0340
1635.50,8.0630
1636.00,8.0885
1636.50,8.1074
1637.00,8.1191
1637.50,8.1242
1638.00,8.1233
1638.50,8.1176
1639.00,8.1077
1639.50,8.0944
1640.00,8.0791
1640.50,8.0657
1641.00,8.0597
1641.50,8.0646
1642.00,8.0785
1642.50,8.0945
1643.00,8.1047
1643.50,8.1056
1644.00,8.0991
1644.50,8.0898
1645.00,8.0820
1645.50,8.0782
1646.00,8.0782
1646.50,8.0796
1647.00,8.0788
1647.50,8.0726
1648.00,8.0602
1648.50,8.0427
1649.00,8.0221
1649.50,8.0011
1650.00,7.9836
1650.50,7.9727
1651.00,7.9711
1651.50,7.9796
1652.00,7.9965
1652.50,8.0166
1653.00,8.0331
1653.50,8.0416
1654.00,8.0423
1654.50,8.0390
1655.00,8.0356
1655.50,8.0351
1656.00,8.0392
1656.50,8.0488
1657.00,8.0630
1657.50,8.0780
1658.00,8.0880
1658.50,8.0892
1659.00,8.0828
1659.50,8.0746
1660.00,8.0706
1660.50,8.0721
1661.00,8.0763
1661.50,8.0800
1662.00,8.0836
1662.50,8.0896
1663.00,8.1001
1663.50,8.1146
1664.00,8.1299
1664.50,8.1418
1665.00,8.1460
1665.50,8.1413
1666.00,8.1311
1666.50,8.1229
1667.00,8.1252
1667.50,8.1434
1668.00,8.1783
1668.50,8.2259
1669.00,8.2787
1669.50,8.3271
1670.00,8.3628
1670.50,8.3817
1671.00,8.3870
1671.50,8.3877
1672.00,8.3941
1672.50,8.4120
1673.00,8.4399
1673.50,8.4712
1674.00,8.4990
1674.50,8.5210
1675.00,8.5386
1675.50,8.5538
1676.00,8.5674
1676.50,8.5790
1677.00,8.5896
1677.50,8.6015
1678.00,8.6170
1678.50,8.6365
1679.00,8.6584
1679.50,8.6804
1680.00,8.7008
1680.50,8.7179
1681.00,8.7300
1681.50,8.7362
1682.00,8.7365
1682.50,8.7334
1683.00,8.7313
1683.50,8.7352
1684.00,8.7478
1684.50,8.7673
1685.00,8.7874
1685.50,8.8014
1686.00,8.8064
1686.50,8.8042
1687.00,8.7999
1687.50,8.7972
1688.00,8.7958
1688.50,8.7917
1689.00,8.7803
1689.50,8.7620
1690.00,8.7443
1690.50,8.7391
1691.00,8.7551
1691.50,8.7906
1692.00,8.8339
1692.50,8.8700
1693.00,8.8890
1693.50,8.8892
1694.00,8.8750
1694.50,8.8531
1695.00,8.8289
1695.50,8.8055
1696.00,8.7840
1696.50,8.7665
1697.00,8.7563
1697.50,8.7557
1698.00,8.7631
1698.50,8.7740
1699.00,8.7852
1699.50,8.7968
1700.00,8.8110
1700.50,8.8283
1701.00,8.8471
1701.50,8.8639
1702.00,8.8765
1702.50,8.8848
1703.00,8.8906
1703.50,8.8959
1704.00,8.9009
1704.50,8.9042
1705.00,8.9043
1705.50,8.9012
1706.00,8.8971
1706.50,8.8948
1707.00,8.8954
1707.50,8.8979
1708.00,8.9004
1708.50,8.9021
1709.00,8.9032
1709.50,8.9046
1710.00,8.9079
1710.50,8.9157
1711.00,8.9291
1711.50,8.9466
1712.00,8.9644
1712.50,8.9794
1713.00,8.9913
1713.50,9.0015
1714.00,9.0113
1714.50,9.0196
1715.00,9.0232
1715.50,9.0181
1716.00,9.0013
1716.50,8.9731
1717.00,8.9368
1717.50,8.8986
1718.00,8.8649
1718.50,8.8414
1719.00,8.8313
1719.50,8.8335
1720.00,8.8421
1720.50,8.8473
1721.00,8.8405
1721.50,8.8193
1722.00,8.7871
1722.50,8.7507
1723.00,8.7168
1723.50,8.6912
1724.00,8.6771
1724.50,8.6743
1725.00,8.6797
1725.50,8.6896
1726.00,8.7017
1726.50,8.7160
1727.00,8.7329
1727.50,8.7514
1728.00,8.7682
1728.50,8.7786
1729.00,8.7793
1729.50,8.7713
1730.00,8.7596
1730.50,8.7501
1731.00,8.7458
1731.50,8.7453
1732.00,8.7449
1732.50,8.7410
1733.00,8.7321
1733.50,8.7187
1734.00,8.7026
1734.50,8.6859
1735.00,8.6699
1735.50,8.6534
1736.00,8.6323
1736.50,8.6032
1737.00,8.5669
1737.50,8.5287
1738.00,8.4943
1738.50,8.4653
1739.00,8.4405
1739.50,8.4182
1740.00,8.3989
1740.50,8.3835
1741.00,8.3723
1741.50,8.3655
1742.00,8.3634
1742.50,8.3666
1743.00,8.3763
1743.50,8.3935
1744.00,8.4177
1744.50,8.4466
1745.00,8.4762
1745.50,8.5038
1746.00,8.5295
1746.50,8.5554
1747.00,8.5823
1747.50,8.6079
1748.00,8.6278
1748.50,8.6394
1749.00,8.6430
1749.50,8.6406
1750.00,8.6341
1750.50,8.6260
1751.00,8.6196
1751.50,8.6176
1752.00,8.6196
1752.50,8.6223
1753.00,8.6230
1753.50,8.6222
1754.00,8.6215
1754.50,8.6205
1755.00,8.6164
1755.50,8.6077
1756.00,8.5958
1756.50,8.5833
1757.00,8.5709
1757.50,8.5573
1758.00,8.5421
1758.50,8.5276
1759.00,8.5171
1759.50,8.5116
1760.00,8.5092
1760.50,8.5064
1761.00,8.5008
1761.50,8.4919
1762.00,8.4812
1762.50,8.4710
1763.00,8.4634
1763.50,8.4605
1764.00,8.4642
1764.50,8.4752
1765.00,8.4900
1765.50,8.5015
1766.00,8.5036
1766.50,8.4948
1767.00,8.4791
1767.50,8.4616
1768.00,8.4451
1768.50,8.4293
1769.00,8.4129
1769.50,8.3960
1770.00,8.3809
1770.50,8.3713
1771.00,8.3680
1771.50,8.3676
1772.00,8.3627
1772.50,8.3465
1773.00,8.3173
1773.50,8.2792
1774.00,8.2397
1774.50,8.2066
1775.00,8.1854
1775.50,8.1769
1776.00,8.1767
1776.50,8.1773
1777.00,8.1731
1777.50,8.1638
1778.00,8.1528
1778.50,8.1437
1779.00,8.1368
1779.50,8.1307
1780.00,8.1235
1780.50,8.1153
1781.00,8.1071
1781.50,8.1002
1782.00,8.0955
1782.50,8.0939
1783.00,8.0959
1783.50,8.1011
1784.00,8.1085
1784.50,8.1172
1785.00,8.1280
1785.50,8.1413
1786.00,8.1560
1786.50,8.1687
1787.00,8.1759
1787.50,8.1764
1788.00,8.1714
1788.50,8.1643
1789.00,8.1582
1789.50,8.1539
1790.00,8.1497
1790.50,8.1448
1791.00,8.1411
1791.50,8.1422
1792.00,8.1491
1792.50,8.1579
1793.00,8.1636
1793.50,8.1645
1794.00,8.1641
1794.50,8.1692
1795.00,8.1841
1795.50,8.2082
1796.00,8.2356
1796.50,8.2587
1797.00,8.2728
1797.50,8.2779
1798.00,8.2779
1798.50,8.2776
1799.00,8.2794
1799.50,8.2819
1800.00,8.2829
1800.50,8.2820
1801.00,8.2823
1801.50,8.2871
1802.00,8.2963
1802.50,8.3053
1803.00,8.3075
1803.50,8.2978
1804.00,8.2759
1804.50,8.2475
1805.00,8.2214
1805.50,8.2059
1806.00,8.2042
1806.50,8.2141
1807.00,8.2300
1807.50,8.2461
1808.00,8.2571
1808.50,8.2601
1809.00,8.2562
1809.50,8.2508
1810.00,8.2506
1810.50,8.2592
1811.00,8.2749
1811.50,8.2929
1812.00,8.3081
1812.50,8.3180
1813.00,8.3230
1813.50,8.3248
1814.00,8.3233
1814.50,8.3162
1815.00,8.3009
1815.50,8.2790
1816.00,8.2571
1816.50,8.2412
1817.00,8.2329
1817.50,8.2294
1818.00,8.2282
1818.50,8.2281
1819.00,8.2276
1819.50,8.2238
1820.00,8.2142
1820.50,8.1987
1821.00,8.1791
1821.50,8.1582
1822.00,8.1396
1822.50,8.1275
1823.00,8.1244
1823.50,8.1301
1824.00,8.1418
1824.50,8.1561
1825.00,8.1703
1825.50,8.1829
1826.00,8.1946
1826.50,8.2080
1827.00,8.2251
1827.50,8.2452
1828.00,8.2665
1828.50,8.2886
1829.00,8.3138
1829.50,8.3449
1830.00,8.3825
1830.50,8.4231
1831.00,8.4600
1831.50,8.4861
1832.00,8.4971
1832.50,8.4934
1833.00,8.4805
1833.50,8.4666
1834.00,8.4598
1834.50,8.4640
1835.00,8.4778
1835.50,8.4948
1836.00,8.5075
1836.50,8.5128
1837.00,8.5129
1837.50,8.5137
1838.00,8.5191
1838.50,8.5295
1839.00,8.5429
1839.50,8.5578
1840.00,8.5734
1840.50,8.5880
1841.00,8.5988
1841.50,8.6025
1842.00,8.5979
1842.50,8.5877
1843.00,8.5780
1843.50,8.5745
1844.00,8.5794
1844.50,8.5901
1845.00,8.6010
1845.50,8.6074
1846.00,8.6084
1846.50,8.6076
1847.00,8.6088
1847.50,8.6134
1848.00,8.6196
1848.50,8.6244
1849.00,8.6255
1849.50,8.6226
1850.00,8.6169
1850.50,8.6102
1851.00,8.6033
1851.50,8.5948
1852.00,8.5828
1852.50,8.5663
1853.00,8.5466
1853.50,8.5253
1854.00,8.5036
1854.50,8.4828
1855.00,8.4655
1855.50,8.4543
1856.00,8.4504
1856.50,8.4517
1857.00,8.4546
1857.50,8.4553
1858.00,8.4523
1858.50,8.4471
1859.00,8.4431
1859.50,8.4433
1860.00,8.4471
1860.50,8.4511
1861.00,8.4513
1861.50,8.4474
1862.00,8.4421
1862.50,8.4384
1863.00,8.4378
1863.50,8.4412
1864.00,8.4495
1864.50,8.4635
1865.00,8.4832
1865.50,8.5068
1866.00,8.5307
1866.50,8.5507
1867.00,8.5631
1867.50,8.5662
1868.00,8.5608
1868.50,8.5501
1869.00,8.5384
1869.50,8.5283
1870.00,8.5192
1870.50,8.5085
1871.00,8.4956
1871.50,8.4836
1872.00,8.4771
1872.50,8.4769
1873.00,8.4798
1873.50,8.4821
1874.00,8.4826
1874.50,8.4814
1875.00,8.4776
1875.50,8.4697
1876.00,8.4585
1876.50,8.4482
1877.00,8.4430
1877.50,8.4440
1878.00,8.4485
1878.50,8.4539
1879.00,8.4593
1879.50,8.4656
1880.00,8.4721
1880.50,8.4771
1881.00,8.4787
1881.50,8.4766
1882.00,8.4720
1882.50,8.4665
1883.00,8.4622
1883.50,8.4617
1884.00,8.4675
1884.50,8.4805
1885.00,8.4987
1885.50,8.5169
1886.00,8.5287
1886.50,8.5296
1887.00,8.5196
1887.50,8.5030
1888.00,8.4856
1888.50,8.4707
1889.00,8.4583
1889.50,8.4474
1890.00,8.4377
1890.50,8.4293
1891.00,8.4219
1891.50,8.4151
1892.00,8.4101
1892.50,8.4073
1893.00,8.4048
1893.50,8.3992
1894.00,8.3880
1894.50,8.3732
1895.00,8.3599
1895.50,8.3532
1896.00,8.3543
1896.50,8.3592
1897.00,8.3620
1897.50,8.3595
1898.00,8.3541
1898.50,8.3508
1899.00,8.3539
1899.50,8.3637
1900.00,8.3771
1900.50,8.3902
1901.00,8.4013
1901.50,8.4114
1902.00,8.4222
1902.50,8.4338
1903.00,8.4439
1903.50,8.4495
1904.00,8.4504
1904.50,8.4488
1905.00,8.4473
1905.50,8.4471
1906.00,8.4475
1906.50,8.4467
1907.00,8.4437
1907.50,8.4396
1908.00,8.4368
1908.50,8.4372
1909.00,8.4401
1909.50,8.4436
1910.00,8.4457
1910.50,8.4457
1911.00,8.4440
1911.50,8.4429
1912.00,8.4457
1912.50,8.4545
1913.00,8.4679
1913.50,8.4804
1914.00,8.4872
1914.50,8.4875
1915.00,8.4848
1915.50,8.4840
1916.00,8.4888
1916.50,8.5000
1917.00,8.5154
1917.50,8.5306
1918.00,8.5412
1918.50,8.5459
1919.00,8.5465
1919.50,8.5470
1920.00,8.5506
1920.50,8.5578
1921.00,8.5669
1921.50,8.5752
1922.00,8.5812
1922.50,8.5846
1923.00,8.5864
1923.50,8.5890
1924.00,8.5957
1924.50,8.6086
1925.00,8.6265
1925.50,8.6444
1926.00,8.6558
1926.50,8.6577
1927.00,8.6515
1927.50,8.6422
1928.00,8.6342
1928.50,8.6301
1929.00,8.6314
1929.50,8.6388
1930.00,8.6511
1930.50,8.6634
1931.00,8.6695
1931.50,8.6665
1932.00,8.6573
1932.50,8.6485
1933.00,8.6460
1933.50,8.6521
1934.00,8.6651
1934.50,8.6801
1935.00,8.6924
1935.50,8.6984
1936.00,8.6966
1936.50,8.6867
1937.00,8.6701
1937.50,8.6498
1938.00,8.6293
1938.50,8.6109
1939.00,8.5934
1939.50,8.5735
1940.00,8.5510
1940.50,8.5314
1941.00,8.5242
1941.50,8.5345
1942.00,8.5584
1942.50,8.5858
1943.00,8.6087
1943.50,8.6266
1944.00,8.6435
1944.50,8.6619
1945.00,8.6790
1945.50,8.6893
1946.00,8.6896
1946.50,8.6809
1947.00,8.6685
1947.50,8.6582
1948.00,8.6537
1948.50,8.6551
1949.00,8.6586
1949.50,8.6593
1950.00,8.6544
1950.50,8.6443
1951.00,8.6327
1951.50,8.6227
1952.00,8.6154
1952.50,8.6097
1953.00,8.6043
1953.50,8.5989
1954.00,8.5956
1954.50,8.5969
1955.00,8.6044
1955.50,8.6173
1956.00,8.6328
1956.50,8.6470
1957.00,8.6564
1957.50,8.6595
1958.00,8.6586
1958.50,8.6584
1959.00,8.6628
1959.50,8.6713
1960.00,8.6804
1960.50,8.6879
1961.00,8.6961
1961.50,8.7080
1962.00,8.7236
1962.50,8.7387
1963.00,8.7492
1963.50,8.7542
1964.00,8.7551
1964.50,8.7537
1965.00,8.7500
1965.50,8.7434
1966.00,8.7331
1966.50,8.7195
1967.00,8.7039
1967.50,8.6883
1968.00,8.6726
1968.50,8.6544
1969.00,8.6289
1969.50,8.5936
1970.00,8.5527
1970.50,8.5156
1971.00,8.4905
1971.50,8.4788
1972.00,8.4755
1972.50,8.4759
1973.00,8.4771
1973.50,8.4773
1974.00,8.4750
1974.50,8.4707
1975.00,8.4680
1975.50,8.4708
1976.00,8.4801
1976.50,8.4929
1977.00,8.5042
1977.50,8.5099
1978.00,8.5081
1978.50,8.4993
1979.00,8.4850
1979.50,8.4679
1980.00,8.4520
1980.50,8.4408
1981.00,8.4345
1981.50,8.4302
1982.00,8.4254
1982.50,8.4217
1983.00,8.4250
1983.50,8.4400
1984.00,8.4658
1984.50,8.4955
1985.00,8.5193
1985.50,8.5291
1986.00,8.5226
1986.50,8.5043
1987.00,8.4848
1987.50,8.4759
1988.00,8.4842
1988.50,8.5074
1989.00,8.5364
1989.50,8.5630
1990.00,8.5851
1990.50,8.6056
1991.00,8.6272
1991.50,8.6483
1992.00,8.6642
1992.50,8.6713
1993.00,8.6697
1993.50,8.6627
1994.00,8.6536
1994.50,8.6440
1995.00,8.6339
1995.50,8.6238
1996.00,8.6153
1996.50,8.6094
1997.00,8.6060
1997.50,8.6041
1998.00,8.6038
1998.50,8.6061
1999.00,8.6113
1999.50,8.6159
2000.00,8.6133
2000.50,8.5981
2001.00,8.5705
2001.50,8.5358
2002.00,8.4998
2002.50,8.4657
2003.00,8.4331
2003.50,8.4013
2004.00,8.3715
2004.50,8.3477
2005.00,8.3352
2005.50,8.3373
2006.00,8.3534
2006.50,8.3783
2007.00,8.4051
2007.50,8.4284
2008.00,8.4460
2008.50,8.4579
2009.00,8.4642
2009.50,8.4646
2010.00,8.4599
2010.50,8.4538
2011.00,8.4516
2011.50,8.4568
2012.00,8.4679
2012.50,8.4797
2013.00,8.4881
2013.50,8.4924
2014.00,8.4927
2014.50,8.4874
2015.00,8.4753
2015.50,8.4597
2016.00,8.4480
2016.50,8.4470
2017.00,8.4581
2017.50,8.4771
2018.00,8.4973
2018.50,8.5124
2019.00,8.5174
2019.50,8.5094
2020.00,8.4898
2020.50,8.4637
2021.00,8.4373
2021.50,8.4143
2022.00,8.3955
2022.50,8.3812
2023.00,8.3719
2023.50,8.3681
2024.00,8.3683
2024.50,8.3707
2025.00,8.3744
2025.50,8.3803
2026.00,8.3899
2026.50,8.4047
2027.00,8.4236
2027.50,8.4424
2028.00,8.4549
2028.50,8.4566
2029.00,8.4484
2029.50,8.4360
2030.00,8.4255
2030.50,8.4194
2031.00,8.4150
2031.50,8.4071
2032.00,8.3916
2032.50,8.3685
2033.00,8.3418
2033.50,8.3171
2034.00,8.2977
2034.50,8.2819
2035.00,8.2655
2035.50,8.2465
2036.00,8.2283
2036.50,8.2163
2037.00,8.2132
2037.50,8.2175
2038.00,8.2259
2038.50,8.2370
2039.00,8.2503
2039.50,8.2641
2040.00,8.2752
2040.50,8.2812
2041.00,8.2830
2041.50,8.2830
2042.00,8.2822
2042.50,8.2792
2043.00,8.2729
2043.50,8.2650
2044.00,8.2602
2044.50,8.2637
2045.00,8.2778
2045.50,8.3000
2046.00,8.3261
2046.50,8.3524
2047.00,8.3784
2047.50,8.4050
2048.00,8.4316
2048.50,8.4561
2049.00,8.4769
2049.50,8.4933
2050.00,8.5051
2050.50,8.5126
2051.00,8.5179
2051.50,8.5257
2052.00,8.5405
2052.50,8.5634
2053.00,8.5918
2053.50,8.6222
2054.00,8.6528
2054.50,8.6827
2055.00,8.7098
2055.50,8.7308
2056.00,8.7425
2056.50,8.7438
2057.00,8.7359
2057.50,8.7207
2058.00,8.6999
2058.50,8.6751
2059.00,8.6478
2059.50,8.6204
2060.00,8.5958
2060.50,8.5756
2061.00,8.5585
2061.50,8.5401
2062.00,8.5174
2062.50,8.4907
2063.00,8.4632
2063.50,8.4365
2064.00,8.4098
2064.50,8.3816
2065.00,8.3536
2065.50,8.3303
2066.00,8.3154
2066.50,8.3080
2067.00,8.3044
2067.50,8.3032
2068.00,8.3065
2068.50,8.3166
2069.00,8.3319
2069.50,8.3476
2070.00,8.3598
2070.50,8.3683
2071.00,8.3755
2071.50,8.3824
2072.00,8.3870
2072.50,8.3865
2073.00,8.3805
2073.50,8.3722
2074.00,8.3650
2074.50,8.3611
2075.00,8.3596
2075.50,8.3583
2076.00,8.3547
2076.50,8.3490
2077.00,8.3463
2077.50,8.3544
2078.00,8.3779
2078.50,8.4134
2079.00,8.4509
2079.50,8.4810
2080.00,8.5010
2080.50,8.5150
2081.00,8.5284
2081.50,8.5441
2082.00,8.5612
2082.50,8.5773
2083.00,8.5897
2083.50,8.5982
2084.00,8.6059
2084.50,8.6187
2085.00,8.6406
2085.50,8.6697
2086.00,8.6990
2086.50,8.7215
2087.00,8.7347
2087.50,8.7405
2088.00,8.7435
2088.50,8.7482
2089.00,8.7574
2089.50,8.7710
2090.00,8.7871
2090.50,8.8034
2091.00,8.8176
2091.50,8.8269
2092.00,8.8284
2092.50,8.8208
2093.00,8.8057
2093.50,8.7870
2094.00,8.7689
2094.50,8.7548
2095.00,8.7465
2095.50,8.7434
2096.00,8.7413
2096.50,8.7348
2097.00,8.7213
2097.50,8.7042
2098.00,8.6912
2098.50,8.6878
2099.00,8.6952
2099.50,8.7101
2100.00,8.7278
2100.50,8.7428
2101.00,8.7497
2101.50,8.7455
2102.00,8.7317
2102.50,8.7135
2103.00,8.6969
2103.50,8.6857
2104.00,8.6797
2104.50,8.6765
2105.00,8.6726
2105.50,8.6667
2106.00,8.6610
2106.50,8.6613
2107.00,8.6727
2107.50,8.6942
2108.00,8.7171
2108.50,8.7297
2109.00,8.7258
2109.50,8.7095
2110.00,8.6913
2110.50,8.6803
2111.00,8.6804
2111.50,8.6905
2112.00,8.7070
2112.50,8.7251
2113.00,8.7388
2113.50,8.7432
2114.00,8.7369
2114.50,8.7229
2115.00,8.7069
2115.50,8.6941
2116.00,8.6869
2116.50,8.6852
2117.00,8.6866
2117.50,8.6882
2118.00,8.6891
2118.50,8.6918
2119.00,8.7005
2119.50,8.7170
2120.00,8.7383
2120.50,8.7570
2121.00,8.7667
2121.50,8.7658
2122.00,8.7577
2122.50,8.7464
2123.00,8.7341
2123.50,8.7210
2124.00,8.7081
2124.50,8.6971
2125.00,8.6887
2125.50,8.6812
2126.00,8.6725
2126.50,8.6622
2127.00,8.6516
2127.50,8.6413
2128.00,8.6305
2128.50,8.6183
2129.00,8.6046
2129.50,8.5892
2130.00,8.5705
2130.50,8.5463
2131.00,8.5172
2131.50,8.4875
2132.00,8.4629
2132.50,8.4466
2133.00,8.4368
2133.50,8.4278
2134.00,8.4153
2134.50,8.4001
2135.00,8.3875
2135.50,8.3820
2136.00,8.3839
2136.50,8.3895
2137.00,8.3939
2137.50,8.3943
2138.00,8.3915
2138.50,8.3886
2139.00,8.3889
2139.50,8.3925
2140.00,8.3976
2140.50,8.4026
2141.00,8.4097
2141.50,8.4226
2142.00,8.4420
2142.50,8.4626
2143.00,8.4755
2143.50,8.4752
2144.00,8.4639
2144.50,8.4495
2145.00,8.4397
2145.50,8.4374
2146.00,8.4406
2146.50,8.4466
2147.00,8.4536
2147.50,8.4620
2148.00,8.4721
2148.50,8.4827
2149.00,8.4902
2149.50,8.4894
2150.00,8.4769
2150.50,8.4539
2151.00,8.4273
2151.50,8.4065
2152.00,8.3976
2152.50,8.3997
2153.00,8.4075
2153.50,8.4160
2154.00,8.4244
2154.50,8.4346
2155.00,8.4471
2155.50,8.4599
2156.00,8.4699
2156.50,8.4766
2157.00,8.4810
2157.50,8.4831
2158.00,8.4813
2158.50,8.4738
2159.00,8.4605
2159.50,8.4431
2160.00,8.4237
2160.50,8.4049
2161.00,8.3884
2161.50,8.3752
2162.00,8.3652
2162.50,8.3576
2163.00,8.3516
2163.50,8.3470
2164.00,8.3439
2164.50,8.3422
2165.00,8.3405
2165.50,8.3366
2166.00,8.3280
2166.50,8.3144
2167.00,8.2978
2167.50,8.2809
2168.00,8.2654
2168.50,8.2525
2169.00,8.2446
2169.50,8.2444
2170.00,8.2534
2170.50,8.2701
2171.00,8.2903
2171.50,8.3096
2172.00,8.3249
2172.50,8.3343
2173.00,8.3363
2173.50,8.3302
2174.00,8.3171
2174.50,8.3000
2175.00,8.2828
2175.50,8.2687
2176.00,8.2601
2176.50,8.2581
2177.00,8.2616
2177.50,8.2672
2178.00,8.2704
2178.50,8.2680
2179.00,8.2592
2179.50,8.2448
2180.00,8.2257
2180.50,8.2034
2181.00,8.1797
2181.50,8.1571
2182.00,8.1384
2182.50,8.1246
2183.00,8.1146
2183.50,8.1045
2184.00,8.0901
2184.50,8.0709
2185.00,8.0512
2185.50,8.0388
2186.00,8.0395
2186.50,8.0522
2187.00,8.0697
2187.50,8.0839
2188.00,8.0929
2188.50,8.1009
2189.00,8.1142
2189.50,8.1350
2190.00,8.1609
2190.50,8.1877
2191.00,8.2133
2191.50,8.2394
2192.00,8.2695
2192.50,8.3063
2193.00,8.3487
2193.50,8.3920
2194.00,8.4308
2194.50,8.4620
2195.00,8.4854
2195.50,8.5024
2196.00,8.5144
2196.50,8.5227
2197.00,8.5292
2197.50,8.5369
2198.00,8.5482
2198.50,8.5624
2199.00,8.5757
2199.50,8.5840
2200.00,8.5858
2200.50,8.5840
2201.00,8.5839
2201.50,8.5895
2202.00,8.6011
2202.50,8.6157
2203.00,8.6293
2203.50,8.6387
2204.00,8.6427
2204.50,8.6424
2205.00,8.6393
2205.50,8.6348
2206.00,8.6293
2206.50,8.6235
2207.00,8.6180
2207.50,8.6117
2208.00,8.6028
2208.50,8.5910
2209.00,8.5802
2209.50,8.5766
2210.00,8.5839
2210.50,8.6020
2211.00,8.6270
2211.50,8.6530
2212.00,8.6726
2212.50,8.6792
2213.00,8.6700
2213.50,8.6483
2214.00,8.6221
2214.50,8.6011
2215.00,8.5936
2215.50,8.6046
2216.00,8.6332
2216.50,8.6734
2217.00,8.7163
2217.50,8.7552
2218.00,8.7880
2218.50,8.8171
2219.00,8.8452
2219.50,8.8721
2220.00,8.8945
2220.50,8.9090
2221.00,8.9156
2221.50,8.9177
2222.00,8.9194
2222.50,8.9232
2223.00,8.9281
2223.50,8.9321
2224.00,8.9342
2224.50,8.9357
2225.00,8.9390
2225.50,8.9441
2226.00,8.9483
2226.50,8.9477
2227.00,8.9409
2227.50,8.9294
2228.00,8.9171
2228.50,8.9083
2229.00,8.9060
2229.50,8.9098
2230.00,8.9158
2230.50,8.9186
2231.00,8.9130
2231.50,8.8957
2232.00,8.8656
2232.50,8.8258
2233.00,8.7832
2233.50,8.7469
2234.00,8.7245
2234.50,8.7183
2235.00,8.7240
2235.50,8.7341
2236.00,8.7432
2236.50,8.7517
2237.00,8.7628
2237.50,8.7781
2238.00,8.7943
2238.50,8.8071
2239.00,8.8149
2239.50,8.8194
2240.00,8.8227
2240.50,8.8236
2241.00,8.8192
2241.50,8.8090
2242.00,8.7954
2242.50,8.7810
2243.00,8.7659
2243.50,8.7490
2244.00,8.7322
2244.50,8.7204
2245.00,8.7164
2245.50,8.7168
2246.00,8.7132
2246.50,8.6990
2247.00,8.6736
2247.50,8.6423
2248.00,8.6122
2248.50,8.5891
2249.00,8.5760
2249.50,8.5721
2250.00,8.5737
2250.50,8.5757
2251.00,8.5738
2251.50,8.5668
2252.00,8.5573
2252.50,8.5501
2253.00,8.5483
2253.50,8.5515
2254.00,8.5560
2254.50,8.5576
2255.00,8.5547
2255.50,8.5502
2256.00,8.5498
2256.50,8.5588
2257.00,8.5785
2257.50,8.6046
2258.00,8.6287
2258.50,8.6439
2259.00,8.6493
2259.50,8.6500
2260.00,8.6529
2260.50,8.6615
2261.00,8.6755
2261.50,8.6928
2262.00,8.7123
2262.50,8.7329
2263.00,8.7525
2263.50,8.7680
2264.00,8.7764
2264.50,8.7760
2265.00,8.7677
2265.50,8.7546
2266.00,8.7420
2266.50,8.7342
2267.00,8.7320
2267.50,8.7312
2268.00,8.7266
2268.50,8.7152
2269.00,8.6974
2269.50,8.6763
2270.00,8.6558
2270.50,8.6398
2271.00,8.6308
2271.50,8.6286
2272.00,8.6290
2272.50,8.6263
2273.00,8.6165
2273.50,8.5992
2274.00,8.5767
2274.50,8.5528
2275.00,8.5313
2275.50,8.5143
2276.00,8.5016
2276.50,8.4907
2277.00,8.4790
2277.50,8.4649
2278.00,8.4478
2278.50,8.4281
2279.00,8.4073
2279.50,8.3874
2280.00,8.3707
2280.50,8.3583
2281.00,8.3504
2281.50,8.3463
2282.00,8.3456
2282.50,8.3495
2283.00,8.3605
2283.50,8.3812
2284.00,8.4105
2284.50,8.4426
2285.00,8.4702
2285.50,8.4896
2286.00,8.5041
2286.50,8.5201
2287.00,8.5415
2287.50,8.5669
2288.00,8.5914
2288.50,8.6104
2289.00,8.6217
2289.50,8.6258
2290.00,8.6261
2290.50,8.6265
2291.00,8.6293
2291.50,8.6347
2292.00,8.6416
2292.50,8.6495
2293.00,8.6593
2293.50,8.6710
2294.00,8.6818
2294.50,8.6867
2295.00,8.6816
2295.50,8.6670
2296.00,8.6490
2296.50,8.6358
2297.00,8.6325
2297.50,8.6384
2298.00,8.6477
2298.50,8.6537
2299.00,8.6522
2299.50,8.6431
2300.00,8.6299
2300.50,8.6173
2301.00,8.6084
2301.50,8.6038
2302.00,8.6021
2302.50,8.6009
2303.00,8.5973
2303.50,8.5892
2304.00,8.5752
2304.50,8.5545
2305.00,8.5270
2305.50,8.4949
2306.00,8.4641
2306.50,8.4423
2307.00,8.4355
2307.50,8.4445
2308.00,8.4640
2308.50,8.4853
2309.00,8.5010
2309.50,8.5089
2310.00,8.5127
2310.50,8.5180
2311.00,8.5283
2311.50,8.5437
2312.00,8.5623
2312.50,8.5801
2313.00,8.5920
2313.50,8.5935
2314.00,8.5860
2314.50,8.5775
2315.00,8.5784
2315.50,8.5934
2316.00,8.6181
2316.50,8.6426
2317.00,8.6591
2317.50,8.6661
2318.00,8.6677
2318.50,8.6679
2319.00,8.6673
2319.50,8.6638
2320.00,8.6570
2320.50,8.6511
2321.00,8.6515
2321.50,8.6601
2322.00,8.6722
2322.50,8.6798
2323.00,8.6773
2323.50,8.6645
2324.00,8.6465
2324.50,8.6282
2325.00,8.6117
2325.50,8.5948
2326.00,8.5741
2326.50,8.5475
2327.00,8.5164
2327.50,8.4849
2328.00,8.4573
2328.50,8.4373
2329.00,8.4263
2329.50,8.4231
2330.00,8.4245
2330.50,8.4263
2331.00,8.4266
2331.50,8.4265
2332.00,8.4287
2332.50,8.4339
2333.00,8.4405
2333.50,8.4457
2334.00,8.4479
2334.50,8.4478
2335.00,8.4480
2335.50,8.4516
2336.00,8.4608
2336.50,8.4764
2337.00,8.4985
2337.50,8.5260
2338.00,8.5562
2338.50,8.5849
2339.00,8.6079
2339.50,8.6231
2340.00,8.6309
2340.50,8.6333
2341.00,8.6324
2341.50,8.6296
2342.00,8.6256
2342.50,8.6204
2343.00,8.6142
2343.50,8.6074
2344.00,8.6009
2344.50,8.5952
2345.00,8.5896
2345.50,8.5840
2346.00,8.5801
2346.50,8.5817
2347.00,8.5920
2347.50,8.6100
2348.00,8.6311
2348.50,8.6492
2349.00,8.6620
2349.50,8.6719
2350.00,8.6826
2350.50,8.6958
2351.00,8.7095
2351.50,8.7215
2352.00,8.7314
2352.50,8.7404
2353.00,8.7484
2353.50,8.7525
2354.00,8.7503
2354.50,8.7427
2355.00,8.7327
2355.50,8.7216
2356.00,8.7076
2356.50,8.6884
2357.00,8.6650
2357.50,8.6423
2358.00,8.6244
2358.50,8.6105
2359.00,8.5964
2359.50,8.5782
2360.00,8.5557
2360.50,8.5308
2361.00,8.5064
2361.50,8.4850
2362.00,8.4695
2362.50,8.4614
2363.00,8.4599
2363.50,8.4607
2364.00,8.4581
2364.50,8.4471
2365.00,8.4263
2365.50,8.3986
2366.00,8.3685
2366.50,8.3392
2367.00,8.3123
2367.50,8.2898
2368.00,8.2749
2368.50,8.2686
2369.00,8.2668
2369.50,8.2629
2370.00,8.2542
2370.50,8.2453
2371.00,8.2442
2371.50,8.2553
2372.00,8.2758
2372.50,8.2981
2373.00,8.3151
2373.50,8.3244
2374.00,8.3272
2374.50,8.3267
2375.00,8.3259
2375.50,8.3287
2376.00,8.3393
2376.50,8.3584
2377.00,8.3814
2377.50,8.4006
2378.00,8.4106
2378.50,8.4118
2379.00,8.4077
2379.50,8.4020
2380.00,8.3961
2380.50,8.3899
2381.00,8.3827
2381.50,8.3742
2382.00,8.3662
2382.50,8.3622
2383.00,8.3665
2383.50,8.3808
2384.00,8.4024
2384.50,8.4263
2385.00,8.4491
2385.50,8.4713
2386.00,8.4950
2386.50,8.5211
2387.00,8.5479
2387.50,8.5726
2388.00,8.5923
2388.50,8.6039
2389.00,8.6050
2389.50,8.5953
2390.00,8.5787
2390.50,8.5612
2391.00,8.5485
2391.50,8.5435
2392.00,8.5460
2392.50,8.5524
2393.00,8.5574
2393.50,8.5567
2394.00,8.5487
2394.50,8.5356
2395.00,8.5209
2395.50,8.5083
2396.00,8.4996
2396.50,8.4949
2397.00,8.4925
2397.50,8.4907
2398.00,8.4896
2398.50,8.4921
2399.00,8.5011
2399.50,8.5164
2400.00,8.5335
2400.50,8.5455
2401.00,8.5479
2401.50,8.5407
2402.00,8.5284
2402.50,8.5174
2403.00,8.5119
2403.50,8.5117
2404.00,8.5122
2404.50,8.5089
2405.00,8.5015
2405.50,8.4949
2406.00,8.4948
2406.50,8.5031
2407.00,8.5166
2407.50,8.5307
2408.00,8.5418
2408.50,8.5484
2409.00,8.5498
2409.50,8.5456
2410.00,8.5375
2410.50,8.5281
2411.00,8.5206
2411.50,8.5188
2412.00,8.5268
2412.50,8.5473
2413.00,8.5780
2413.50,8.6105
2414.00,8.6347
2414.50,8.6433
2415.00,8.6356
2415.50,8.6159
2416.00,8.5903
2416.50,8.5647
2417.00,8.5435
2417.50,8.5292
2418.00,8.5229
2418.50,8.5244
2419.00,8.5331
2419.50,8.5479
2420.00,8.5665
2420.50,8.5853
2421.00,8.6003
2421.50,8.6094
2422.00,8.6133
2422.50,8.6152
2423.00,8.6186
2423.50,8.6246
2424.00,8.6325
2424.50,8.6408
2425.00,8.6485
2425.50,8.6556
2426.00,8.6623
2426.50,8.6695
2427.00,8.6792
2427.50,8.6933
2428.00,8.7119
2428.50,8.7333
2429.00,8.7548
2429.50,8.7750
2430.00,8.7931
2430.50,8.8078
2431.00,8.8167
2431.50,8.8180
2432.00,8.8130
2432.50,8.8047
2433.00,8.7959
2433.50,8.7866
2434.00,8.7762
2434.50,8.7654
2435.00,8.7575
2435.50,8.7546
2436.00,8.7555
2436.50,8.7555
2437.00,8.7508
2437.50,8.7428
2438.00,8.7375
2438.50,8.7403
2439.00,8.7516
2439.50,8.7660
2440.00,8.7766
2440.50,8.7790
2441.00,8.7730
2441.50,8.7598
2442.00,8.7400
2442.50,8.7138
2443.00,8.6831
2443.50,8.6512
2444.00,8.6215
2444.50,8.5976
2445.00,8.5835
2445.50,8.5821
2446.00,8.5919
2446.50,8.6047
2447.00,8.6105
2447.50,8.6032
2448.00,8.5845
2448.50,8.5619
2449.00,8.5442
2449.50,8.5358
2450.00,8.5358
2450.50,8.5396
2451.00,8.5443
2451.50,8.5512
2452.00,8.5633
2452.50,8.5802
2453.00,8.5963
2453.50,8.6046
2454.00,8.6026
2454.50,8.5946
2455.00,8.5878
2455.50,8.5863
2456.00,8.5895
2456.50,8.5940
2457.00,8.5968
2457.50,8.5982
2458.00,8.6007
2458.50,8.6061
2459.00,8.6141
2459.50,8.6224
2460.00,8.6294
2460.50,8.6354
2461.00,8.6414
2461.50,8.6467
2462.00,8.6485
2462.50,8.6445
2463.00,8.6366
2463.50,8.6287
2464.00,8.6235
2464.50,8.6189
2465.00,8.6119
2465.50,8.6040
2466.00,8.6028
2466.50,8.6167
2467.00,8.6475
2467.50,8.6885
2468.00,8.7285
2468.50,8.7590
2469.00,8.7767
2469.50,8.7839
2470.00,8.7854
2470.50,8.7865
2471.00,8.7899
2471.50,8.7953
2472.00,8.8008
2472.50,8.8036
2473.00,8.7997
2473.50,8.7858
2474.00,8.7624
2474.50,8.7357
2475.00,8.7145
2475.50,8.7040
2476.00,8.7041
2476.50,8.7114
2477.00,8.7230
2477.50,8.7368
2478.00,8.7507
2478.50,8.7616
2479.00,8.7668
2479.50,8.7666
2480.00,8.7645
2480.50,8.7645
2481.00,8.7670
2481.50,8.7688
2482.00,8.7673
2482.50,8.7644
2483.00,8.7665
2483.50,8.7787
2484.00,8.8000
2484.50,8.8232
2485.00,8.8399
2485.50,8.8458
2486.00,8.8425
2486.50,8.8346
2487.00,8.8247
2487.50,8.8133
2488.00,8.8020
2488.50,8.7966
2489.00,8.8046
2489.50,8.8285
2490.00,8.8623
2490.50,8.8936
2491.00,8.9118
2491.50,8.9137
2492.00,8.9032
2492.50,8.8864
2493.00,8.8678
2493.50,8.8485
2494.00,8.8278
2494.50,8.8038
2495.00,8.7751
2495.50,8.7424
2496.00,8.7091
2496.50,8.6802
2497.00,8.6601
2497.50,8.6505
2498.00,8.6500
2498.50,8.6550
2499.00,8.6603
2499.50,8.6605
2500.00,8.6520
2500.50,8.6349
2501.00,8.6123
2501.50,8.5880
2502.00,8.5665
2502.50,8.5520
2503.00,8.5478
2503.50,8.5532
2504.00,8.5621
2504.50,8.5675
2505.00,8.5666
2505.50,8.5622
2506.00,8.5589
2506.50,8.5595
2507.00,8.5643
2507.50,8.5722
2508.00,8.5807
2508.50,8.5868
2509.00,8.5884
2509.50,8.5865
2510.00,8.5858
2510.50,8.5916
2511.00,8.6053
2511.50,8.6241
2512.00,8.6440
2512.50,8.6627
2513.00,8.6803
2513.50,8.6959
2514.00,8.7071
2514.50,8.7123
2515.00,8.7131
2515.50,8.7140
2516.00,8.7188
2516.50,8.7290
2517.00,8.7437
2517.50,8.7616
2518.00,8.7796
2518.50,8.7933
2519.00,8.7970
2519.50,8.7890
2520.00,8.7730
2520.50,8.7560
2521.00,8.7433
2521.50,8.7355
2522.00,8.7293
2522.50,8.7206
2523.00,8.7068
2523.50,8.6867
2524.00,8.6607
2524.50,8.6320
2525.00,8.6052
2525.50,8.5841
2526.00,8.5694
2526.50,8.5582
2527.00,8.5471
2527.50,8.5348
2528.00,8.5226
2528.50,8.5128
2529.00,8.5070
2529.50,8.5048
2530.00,8.5039
2530.50,8.5007
2531.00,8.4919
2531.50,8.4771
2532.00,8.4603
2532.50,8.4485
2533.00,8.4477
2533.50,8.4595
2534.00,8.4809
2534.50,8.5062
2535.00,8.5301
2535.50,8.5498
2536.00,8.5652
2536.50,8.5771
2537.00,8.5858
2537.50,8.5903
2538.00,8.5915
2538.50,8.5942
2539.00,8.6049
2539.50,8.6264
2540.00,8.6527
2540.50,8.6732
2541.00,8.6804
2541.50,8.6739
2542.00,8.6585
2542.50,8.6386
2543.00,8.6160
2543.50,8.5921
2544.00,8.5692
2544.50,8.5506
2545.00,8.5375
2545.50,8.5301
2546.00,8.5279
2546.50,8.5307
2547.00,8.5379
2547.50,8.5473
2548.00,8.5555
2548.50,8.5596
2549.00,8.5597
2549.50,8.5600
2550.00,8.5663
2550.50,8.5827
2551.00,8.6065
2551.50,8.6300
2552.00,8.6443
2552.50,8.6455
2553.00,8.6360
2553.50,8.6226
2554.00,8.6120
2554.50,8.6075
2555.00,8.6094
2555.50,8.6160
2556.00,8.6243
2556.50,8.6313
2557.00,8.6348
2557.50,8.6342
2558.00,8.6310
2558.50,8.6272
2559.00,8.6240
2559.50,8.6218
2560.00,8.6205
2560.50,8.6204
2561.00,8.6225
2561.50,8.6273
2562.00,8.6340
2562.50,8.6412
2563.00,8.6476
2563.50,8.6519
2564.00,8.6522
2564.50,8.6479
2565.00,8.6400
2565.50,8.6307
2566.00,8.6212
2566.50,8.6108
2567.00,8.5979
2567.50,8.5833
2568.00,8.5699
2568.50,8.5608
2569.00,8.5562
2569.50,8.5536
2570.00,8.5499
2570.50,8.5446
2571.00,8.5406
2571.50,8.5418
2572.00,8.5497
2572.50,8.5627
2573.00,8.5766
2573.50,8.5872
2574.00,8.5931
2574.50,8.5962
2575.00,8.6002
2575.50,8.6067
2576.00,8.6137
2576.50,8.6167
2577.00,8.6128
2577.50,8.6037
2578.00,8.5950
2578.50,8.5922
2579.00,8.5959
2579.50,8.6017
2580.00,8.6038
2580.50,8.5988
2581.00,8.5867
2581.50,8.5696
2582.00,8.5517
2582.50,8.5385
2583.00,8.5348
2583.50,8.5417
2584.00,8.5556
2584.50,8.5710
2585.00,8.5837
2585.50,8.5922
2586.00,8.5964
2586.50,8.5965
2587.00,8.5929
2587.50,8.5865
2588.00,8.5796
2588.50,8.5743
2589.00,8.5727
2589.50,8.5764
2590.00,8.5869
2590.50,8.6054
2591.00,8.6312
2591.50,8.6607
2592.00,8.6889
2592.50,8.7119
2593.00,8.7282
2593.50,8.7389
2594.00,8.7458
2594.50,8.7491
2595.00,8.7483
2595.50,8.7434
2596.00,8.7362
2596.50,8.7287
2597.00,8.7213
2597.50,8.7132
2598.00,8.7040
2598.50,8.6942
2599.00,8.6857
2599.50,8.6803
2600.00,8.6782
2600.50,8.6770
2601.00,8.6733
2601.50,8.6642
2602.00,8.6502
2602.50,8.6348
2603.00,8.6222
2603.50,8.6153
2604.00,8.6138
2604.50,8.6157
2605.00,8.6193
2605.50,8.6251
2606.00,8.6349
2606.50,8.6496
2607.00,8.6669
2607.50,8.6823
2608.00,8.6925
2608.50,8.6977
2609.00,8.7021
2609.50,8.7098
2610.00,8.7219
2610.50,8.7363
2611.00,8.7504
2611.50,8.7628
2612.00,8.7737
2612.50,8.7842
2613.00,8.7945
2613.50,8.8040
2614.00,8.8108
2614.50,8.8134
2615.00,8.8108
2615.50,8.8037
2616.00,8.7942
2616.50,8.7850
2617.00,8.7787
2617.50,8.7767
2618.00,8.7793
2618.50,8.7850
2619.00,8.7911
2619.50,8.7956
2620.00,8.7992
2620.50,8.8058
2621.00,8.8180
2621.50,8.8337
2622.00,8.8466
2622.50,8.8510
2623.00,8.8474
2623.50,8.8426
2624.00,8.8434
2624.50,8.8518
2625.00,8.8653
2625.50,8.8804
2626.00,8.8941
2626.50,8.9029
2627.00,8.9034
2627.50,8.8946
2628.00,8.8795
2628.50,8.8634
2629.00,8.8496
2629.50,8.8378
2630.00,8.8258
2630.50,8.8132
2631.00,8.8024
2631.50,8.7967
2632.00,8.7970
2632.50,8.8000
2633.00,8.8014
2633.50,8.7980
2634.00,8.7885
2634.50,8.7729
2635.00,8.7525
2635.50,8.7314
2636.00,8.7149
2636.50,8.7067
2637.00,8.7060
2637.50,8.7079
2638.00,8.7078
2638.50,8.7041
2639.00,8.6987
2639.50,8.6952
2640.00,8.6967
2640.50,8.7035
2641.00,8.7119
2641.50,8.7164
2642.00,8.7143
2642.50,8.7082
2643.00,8.7048
2643.50,8.7089
2644.00,8.7197
2644.50,8.7325
2645.00,8.7434
2645.50,8.7511
2646.00,8.7552
2646.50,8.7528
2647.00,8.7401
2647.50,8.7170
2648.00,8.6893
2648.50,8.6660
2649.00,8.6544
2649.50,8.6568
2650.00,8.6715
2650.50,8.6948
2651.00,8.7230
2651.50,8.7521
2652.00,8.7789
2652.50,8.8009
2653.00,8.8174
2653.50,8.8292
2654.00,8.8373
2654.50,8.8414
2655.00,8.8395
2655.50,8.8299
2656.00,8.8134
2656.50,8.7922
2657.00,8.7701
2657.50,8.7508
2658.00,8.7380
2658.50,8.7344
2659.00,8.7393
2659.50,8.7490
2660.00,8.7583
2660.50,8.7637
2661.00,8.7650
2661.50,8.7633
2662.00,8.7592
2662.50,8.7516
2663.00,8.7401
2663.50,8.7270
2664.00,8.7171
2664.50,8.7146
2665.00,8.7197
2665.50,8.7284
2666.00,8.7346
2666.50,8.7337
2667.00,8.7254
2667.50,8.7129
2668.00,8.6989
2668.50,8.6837
2669.00,8.6654
2669.50,8.6426
2670.00,8.6160
2670.50,8.5885
2671.00,8.5637
2671.50,8.5444
2672.00,8.5326
2672.50,8.5292
2673.00,8.5341
2673.50,8.5454
2674.00,8.5609
2674.50,8.5783
2675.00,8.5956
2675.50,8.6108
2676.00,8.6226
2676.50,8.6307
2677.00,8.6362
2677.50,8.6413
2678.00,8.6487
2678.50,8.6603
2679.00,8.6742
2679.50,8.6849
2680.00,8.6866
2680.50,8.6778
2681.00,8.6634
2681.50,8.6515
2682.00,8.6474
2682.50,8.6512
2683.00,8.6582
2683.50,8.6644
2684.00,8.6698
2684.50,8.6768
2685.00,8.6859
2685.50,8.6927
2686.00,8.6912
2686.50,8.6800
2687.00,8.6647
2687.50,8.6539
2688.00,8.6530
2688.50,8.6603
2689.00,8.6700
2689.50,8.6752
2690.00,8.6717
2690.50,8.6592
2691.00,8.6414
2691.50,8.6253
2692.00,8.6164
2692.50,8.6157
2693.00,8.6187
2693.50,8.6197
2694.00,8.6170
2694.50,8.6137
2695.00,8.6138
2695.50,8.6171
2696.00,8.6176
2696.50,8.6076
2697.00,8.5840
2697.50,8.5507
2698.00,8.5176
2698.50,8.4936
2699.00,8.4808
2699.50,8.4727
2700.00,8.4600
2700.50,8.4390
2701.00,8.4147
2701.50,8.3964
2702.00,8.3890
2702.50,8.3904
2703.00,8.3945
2703.50,8.3969
2704.00,8.3979
2704.50,8.4010
2705.00,8.4097
2705.50,8.4231
2706.00,8.4359
2706.50,8.4420
2707.00,8.4397
2707.50,8.4330
2708.00,8.4287
2708.50,8.4308
2709.00,8.4383
2709.50,8.4472
2710.00,8.4548
2710.50,8.4612
2711.00,8.4685
2711.50,8.4793
2712.00,8.4943
2712.50,8.5116
2713.00,8.5275
2713.50,8.5382
2714.00,8.5414
2714.50,8.5381
2715.00,8.5322
2715.50,8.5292
2716.00,8.5331
2716.50,8.5445
2717.00,8.5599
2717.50,8.5732
2718.00,8.5799
2718.50,8.5789
2719.00,8.5731
2719.50,8.5672
2720.00,8.5646
2720.50,8.5670
2721.00,8.5753
2721.50,8.5898
2722.00,8.6087
2722.50,8.6263
2723.00,8.6342
2723.50,8.6267
2724.00,8.6039
2724.50,8.5728
2725.00,8.5429
2725.50,8.5201
2726.00,8.5055
2726.50,8.4967
2727.00,8.4920
2727.50,8.4920
2728.00,8.4972
2728.50,8.5045
2729.00,8.5071
2729.50,8.4991
2730.00,8.4805
2730.50,8.4587
2731.00,8.4436
2731.50,8.4414
2732.00,8.4509
2732.50,8.4653
2733.00,8.4776
2733.50,8.4850
2734.00,8.4900
2734.50,8.4967
2735.00,8.5066
2735.50,8.5176
2736.00,8.5257
2736.50,8.5295
2737.00,8.5303
2737.50,8.5313
2738.00,8.5364
2738.50,8.5478
2739.00,8.5647
2739.50,8.5825
2740.00,8.5962
2740.50,8.6037
2741.00,8.6073
2741.50,8.6110
2742.00,8.6169
2742.50,8.6227
2743.00,8.6238
2743.50,8.6184
2744.00,8.6092
2744.50,8.6016
2745.00,8.6001
2745.50,8.6057
2746.00,8.6166
2746.50,8.6298
2747.00,8.6424
2747.50,8.6521
2748.00,8.6569
2748.50,8.6549
2749.00,8.6446
2749.50,8.6270
2750.00,8.6058
2750.50,8.5875
2751.00,8.5788
2751.50,8.5826
2752.00,8.5962
2752.50,8.6113
2753.00,8.6186
2753.50,8.6129
2754.00,8.5956
2754.50,8.5732
2755.00,8.5529
2755.50,8.5390
2756.00,8.5325
2756.50,8.5329
2757.00,8.5385
2757.50,8.5467
2758.00,8.5537
2758.50,8.5569
2759.00,8.5571
2759.50,8.5576
2760.00,8.5614
2760.50,8.5677
2761.00,8.5709
2761.50,8.5658
2762.00,8.5509
2762.50,8.5303
2763.00,8.5111
2763.50,8.4992
2764.00,8.4954
2764.50,8.4956
2765.00,8.4934
2765.50,8.4843
2766.00,8.4680
2766.50,8.4476
2767.00,8.4278
2767.50,8.4119
2768.00,8.4000
2768.50,8.3899
2769.00,8.3810
2769.50,8.3764
2770.00,8.3803
2770.50,8.3933
2771.00,8.4107
2771.50,8.4268
2772.00,8.4394
2772.50,8.4502
2773.00,8.4621
2773.50,8.4766
2774.00,8.4949
2774.50,8.5171
2775.00,8.5436
2775.50,8.5732
2776.00,8.6039
2776.50,8.6328
2777.00,8.6578
2777.50,8.6783
2778.00,8.6943
2778.50,8.7058
2779.00,8.7145
2779.50,8.7260
2780.00,8.7462
2780.50,8.7751
2781.00,8.8047
2781.50,8.8238
2782.00,8.8266
2782.50,8.8149
2783.00,8.7949
2783.50,8.7722
2784.00,8.7495
2784.50,8.7263
2785.00,8.7009
2785.50,8.6726
2786.00,8.6438
2786.50,8.6192
2787.00,8.6028
2787.50,8.5956
2788.00,8.5952
2788.50,8.5975
2789.00,8.5993
2789.50,8.5994
2790.00,8.5976
2790.50,8.5934
2791.00,8.5860
2791.50,8.5743
2792.00,8.5575
2792.50,8.5356
2793.00,8.5111
2793.50,8.4882
2794.00,8.4723
2794.50,8.4676
2795.00,8.4742
2795.50,8.4864
2796.00,8.4955
2796.50,8.4950
2797.00,8.4853
2797.50,8.4713
2798.00,8.4576
2798.50,8.4446
2799.00,8.4301
2799.50,8.4133
2800.00,8.3972
2800.50,8.3874
2801.00,8.3866
2801.50,8.3904
2802.00,8.3885
2802.50,8.3737
2803.00,8.3499
2803.50,8.3311
2804.00,8.3303
2804.50,8.3486
2805.00,8.3758
2805.50,8.3994
2806.00,8.4139
2806.50,8.4213
2807.00,8.4266
2807.50,8.4330
2808.00,8.4406
2808.50,8.4481
2809.00,8.4544
2809.50,8.4602
2810.00,8.4671
2810.50,8.4756
2811.00,8.4841
2811.50,8.4896
2812.00,8.4894
2812.50,8.4832
2813.00,8.4744
2813.50,8.4689
2814.00,8.4719
2814.50,8.4848
2815.00,8.5043
2815.50,8.5250
2816.00,8.5427
2816.50,8.5555
2817.00,8.5620
2817.50,8.5610
2818.00,8.5517
2818.50,8.5359
2819.00,8.5177
2819.50,8.5013
2820.00,8.4876
2820.50,8.4750
2821.00,8.4617
2821.50,8.4487
2822.00,8.4384
2822.50,8.4330
2823.00,8.4321
2823.50,8.4326
2824.00,8.4302
2824.50,8.4218
2825.00,8.4082
2825.50,8.3940
2826.00,8.3846
2826.50,8.3828
2827.00,8.3876
2827.50,8.3968
2828.00,8.4090
2828.50,8.4234
2829.00,8.4391
2829.50,8.4558
2830.00,8.4742
2830.50,8.4946
2831.00,8.5151
2831.50,8.5313
2832.00,8.5398
2832.50,8.5409
2833.00,8.5399
2833.50,8.5433
2834.00,8.5553
2834.50,8.5770
2835.00,8.6062
2835.50,8.6379
2836.00,8.6640
2836.50,8.6773
2837.00,8.6756
2837.50,8.6639
2838.00,8.6502
2838.50,8.6398
2839.00,8.6330
2839.50,8.6268
2840.00,8.6195
2840.50,8.6124
2841.00,8.6078
2841.50,8.6051
2842.00,8.6001
2842.50,8.5889
2843.00,8.5715
2843.50,8.5525
2844.00,8.5373
2844.50,8.5272
2845.00,8.5189
2845.50,8.5078
2846.00,8.4922
2846.50,8.4750
2847.00,8.4622
2847.50,8.4589
2848.00,8.4657
2848.50,8.4794
2849.00,8.4953
2849.50,8.5095
2850.00,8.5206
2850.50,8.5302
2851.00,8.5417
2851.50,8.5581
2852.00,8.5782
2852.50,8.5971
2853.00,8.6098
2853.50,8.6153
2854.00,8.6184
2854.50,8.6260
2855.00,8.6415
2855.50,8.6610
2856.00,8.6755
2856.50,8.6778
2857.00,8.6682
2857.50,8.6534
2858.00,8.6401
2858.50,8.6310
