0.00,0.0000
0.50,0.2630
1.00,0.6081
1.50,0.9987
2.00,1.3987
2.50,1.7883
3.00,2.1608
3.50,2.5103
4.00,2.8270
4.50,3.1011
5.00,3.3298
5.50,3.5212
6.00,3.6912
6.50,3.8547
7.00,4.0172
7.50,4.1744
8.00,4.3211
8.50,4.4595
9.00,4.5974
9.50,4.7387
10.00,4.8793
10.50,5.0101
11.00,5.1226
11.50,5.2133
12.00,5.2865
12.50,5.3560
13.00,5.4385
13.50,5.5404
14.00,5.6517
14.50,5.7556
15.00,5.8419
15.50,5.9130
16.00,5.9765
16.50,6.0405
17.00,6.1120
17.50,6.1955
18.00,6.2874
18.50,6.3734
19.00,6.4361
19.50,6.4670
20.00,6.4719
20.50,6.4654
21.00,6.4623
21.50,6.4727
22.00,6.5005
22.50,6.5420
23.00,6.5843
23.50,6.6094
24.00,6.6075
24.50,6.5864
25.00,6.5667
25.50,6.5660
26.00,6.5869
26.50,6.6190
27.00,6.6500
27.50,6.6749
28.00,6.6943
28.50,6.7097
29.00,6.7195
29.50,6.7230
30.00,6.7242
30.50,6.7331
31.00,6.7604
31.50,6.8084
32.00,6.8687
32.50,6.9278
33.00,6.9780
33.50,7.0210
34.00,7.0610
34.50,7.0975
35.00,7.1280
35.50,7.1538
36.00,7.1804
36.50,7.2119
37.00,7.2467
37.50,7.2811
38.00,7.3152
38.50,7.3533
39.00,7.3983
39.50,7.4448
40.00,7.4823
40.50,7.5043
41.00,7.5141
41.50,7.5219
42.00,7.5393
42.50,7.5743
43.00,7.6276
43.50,7.6920
44.00,7.7575
44.50,7.8184
45.00,7.8751
45.50,7.9295
46.00,7.9792
46.50,8.0173
47.00,8.0378
47.50,8.0408
48.00,8.0335
48.50,8.0266
49.00,8.0287
49.50,8.0445
50.00,8.0731
50.50,8.1066
51.00,8.1316
51.50,8.1355
52.00,8.1176
52.50,8.0935
53.00,8.0852
53.50,8.1059
54.00,8.1529
54.50,8.2145
55.00,8.2782
55.50,8.3350
56.00,8.3798
56.50,8.4122
57.00,8.4367
57.50,8.4612
58.00,8.4936
58.50,8.5378
59.00,8.5882
59.50,8.6278
60.00,8.6352
60.50,8.5985
61.00,8.5260
61.50,8.4447
62.00,8.3878
62.50,8.3778
63.00,8.4182
63.50,8.4966
64.00,8.5932
64.50,8.6889
65.00,8.7702
65.50,8.8321
66.00,8.8769
66.50,8.9105
67.00,8.9360
67.50,8.9509
68.00,8.9500
68.50,8.9313
69.00,8.8996
69.50,8.8647
70.00,8.8373
70.50,8.8262
71.00,8.8379
71.50,8.8744
72.00,8.9287
72.50,8.9859
73.00,9.0300
73.50,9.0519
74.00,9.0522
74.50,9.0373
75.00,9.0163
75.50,9.0005
76.00,9.0020
76.50,9.0280
77.00,9.0740
77.50,9.1254
78.00,9.1667
78.50,9.1898
79.00,9.1964
79.50,9.1935
80.00,9.1895
80.50,9.1895
81.00,9.1919
81.50,9.1903
82.00,9.1817
82.50,9.1739
83.00,9.1828
83.50,9.2197
84.00,9.2798
84.50,9.3460
85.00,9.4019
85.50,9.4401
86.00,9.4591
86.50,9.4584
87.00,9.4385
87.50,9.4057
88.00,9.3721
88.50,9.3506
89.00,9.3477
89.50,9.3622
90.00,9.3878
90.50,9.4205
91.00,9.4636
91.50,9.5232
92.00,9.5965
92.50,9.6632
93.00,9.6955
93.50,9.6810
94.00,9.6345
94.50,9.5866
95.00,9.5596
95.50,9.5564
96.00,9.5676
96.50,9.5847
97.00,9.6051
97.50,9.6284
98.00,9.6523
98.50,9.6737
99.00,9.6925
99.50,9.7132
100.00,9.7414
100.50,9.7761
101.00,9.8082
101.50,9.8264
102.00,9.8266
102.50,9.8148
103.00,9.8014
103.50,9.7940
104.00,9.7939
104.50,9.7986
105.00,9.8038
105.50,9.8050
106.00,9.7988
106.50,9.7857
107.00,9.7729
107.50,9.7702
108.00,9.7802
108.50,9.7923
109.00,9.7911
109.50,9.7715
110.00,9.7461
110.50,9.7376
111.00,9.7628
111.50,9.8231
112.00,9.9042
112.50,9.9840
113.00,10.0418
113.50,10.0658
114.00,10.0567
114.50,10.0255
115.00,9.9871
115.50,9.9502
116.00,9.9141
116.50,9.8736
117.00,9.8275
117.50,9.7820
118.00,9.7475
118.50,9.7320
119.00,9.7372
119.50,9.7582
120.00,9.7861
120.50,9.8126
121.00,9.8341
121.50,9.8534
122.00,9.8762
122.50,9.9067
123.00,9.9449
123.50,9.9873
124.00,10.0275
124.50,10.0570
125.00,10.0690
125.50,10.0639
126.00,10.0500
126.50,10.0379
127.00,10.0349
127.50,10.0430
128.00,10.0605
128.50,10.0850
129.00,10.1151
129.50,10.1516
130.00,10.1980
130.50,10.2595
131.00,10.3352
131.50,10.4106
132.00,10.4599
132.50,10.4626
133.00,10.4182
133.50,10.3469
134.00,10.2727
134.50,10.2091
135.00,10.1574
135.50,10.1160
136.00,10.0866
136.50,10.0708
137.00,10.0653
137.50,10.0641
138.00,10.0652
138.50,10.0746
139.00,10.1010
139.50,10.1486
140.00,10.2119
140.50,10.2756
141.00,10.3220
141.50,10.3416
142.00,10.3394
142.50,10.3320
143.00,10.3357
143.50,10.3554
144.00,10.3828
144.50,10.4058
145.00,10.4203
145.50,10.4305
146.00,10.4416
146.50,10.4556
147.00,10.4745
147.50,10.5037
148.00,10.5457
148.50,10.5916
149.00,10.6258
149.50,10.6400
150.00,10.6427
150.50,10.6490
151.00,10.6655
151.50,10.6846
152.00,10.6939
152.50,10.6885
153.00,10.6745
153.50,10.6629
154.00,10.6625
154.50,10.6757
155.00,10.6988
155.50,10.7261
156.00,10.7511
156.50,10.7673
157.00,10.7698
157.50,10.7584
158.00,10.7398
158.50,10.7252
159.00,10.7238
159.50,10.7371
160.00,10.7561
160.50,10.7676
161.00,10.7656
161.50,10.7569
162.00,10.7543
162.50,10.7628
163.00,10.7753
163.50,10.7818
164.00,10.7818
164.50,10.7839
165.00,10.7939
165.50,10.8057
166.00,10.8074
166.50,10.7960
167.00,10.7839
167.50,10.7917
168.00,10.8336
168.50,10.9078
169.00,10.9965
169.50,11.0722
170.00,11.1103
170.50,11.1013
171.00,11.0539
171.50,10.9878
172.00,10.9241
172.50,10.8781
173.00,10.8562
173.50,10.8542
174.00,10.8597
174.50,10.8631
175.00,10.8663
175.50,10.8826
176.00,10.9249
176.50,10.9941
177.00,11.0758
177.50,11.1484
178.00,11.1959
178.50,11.2149
179.00,11.2114
179.50,11.1910
180.00,11.1548
180.50,11.1054
181.00,11.0533
181.50,11.0159
182.00,11.0075
182.50,11.0302
183.00,11.0724
183.50,11.1151
184.00,11.1434
184.50,11.1561
185.00,11.1668
185.50,11.1918
186.00,11.2335
186.50,11.2771
187.00,11.3044
187.50,11.3120
188.00,11.3154
188.50,11.3338
189.00,11.3703
189.50,11.4079
190.00,11.4228
190.50,11.4032
191.00,11.3553
191.50,11.2960
192.00,11.2411
192.50,11.2005
193.00,11.1794
193.50,11.1792
194.00,11.1967
194.50,11.2243
195.00,11.2529
195.50,11.2763
196.00,11.2915
196.50,11.2968
197.00,11.2879
197.50,11.2596
198.00,11.2129
198.50,11.1597
199.00,11.1207
199.50,11.1140
200.00,11.1433
200.50,11.1945
201.00,11.2428
201.50,11.2673
202.00,11.2615
202.50,11.2354
203.00,11.2093
203.50,11.2028
204.00,11.2246
204.50,11.2678
205.00,11.3142
205.50,11.3443
206.00,11.3474
206.50,11.3245
207.00,11.2854
207.50,11.2410
208.00,11.1986
208.50,11.1626
209.00,11.1365
209.50,11.1229
210.00,11.1201
210.50,11.1227
211.00,11.1261
211.50,11.1335
212.00,11.1546
212.50,11.1985
213.00,11.2645
213.50,11.3401
214.00,11.4074
214.50,11.4529
215.00,11.4718
215.50,11.4657
216.00,11.4394
216.50,11.4001
217.00,11.3572
217.50,11.3199
218.00,11.2944
218.50,11.2827
219.00,11.2846
219.50,11.2997
220.00,11.3241
220.50,11.3466
221.00,11.3509
221.50,11.3271
222.00,11.2812
222.50,11.2319
223.00,11.1949
223.50,11.1723
224.00,11.1582
224.50,11.1509
225.00,11.1558
225.50,11.1772
226.00,11.2097
226.50,11.2417
227.00,11.2655
227.50,11.2826
228.00,11.2994
228.50,11.3193
229.00,11.3411
229.50,11.3635
230.00,11.3888
230.50,11.4183
231.00,11.4477
231.50,11.4698
232.00,11.4836
232.50,11.4949
233.00,11.5105
233.50,11.5294
234.00,11.5444
234.50,11.5475
235.00,11.5360
235.50,11.5141
236.00,11.4893
236.50,11.4654
237.00,11.4384
237.50,11.4019
238.00,11.3564
238.50,11.3133
239.00,11.2871
239.50,11.2846
240.00,11.3021
240.50,11.3290
241.00,11.3560
241.50,11.3798
242.00,11.4012
242.50,11.4196
243.00,11.4295
243.50,11.4255
244.00,11.4094
244.50,11.3907
245.00,11.3788
245.50,11.3769
246.00,11.3845
246.50,11.4027
247.00,11.4326
247.50,11.4695
248.00,11.5023
248.50,11.5205
249.00,11.5229
249.50,11.5175
250.00,11.5130
250.50,11.5099
251.00,11.5021
251.50,11.4848
252.00,11.4610
252.50,11.4377
253.00,11.4193
253.50,11.4052
254.00,11.3924
254.50,11.3808
255.00,11.3736
255.50,11.3745
256.00,11.3837
256.50,11.3956
257.00,11.4034
257.50,11.4036
258.00,11.3992
258.50,11.3958
259.00,11.3953
259.50,11.3930
260.00,11.3817
260.50,11.3576
261.00,11.3232
261.50,11.2839
262.00,11.2462
262.50,11.2179
263.00,11.2077
263.50,11.2220
264.00,11.2598
264.50,11.3111
265.00,11.3618
265.50,11.4005
266.00,11.4235
266.50,11.4330
267.00,11.4322
267.50,11.4222
268.00,11.4040
268.50,11.3844
269.00,11.3757
269.50,11.3858
270.00,11.4088
270.50,11.4256
271.00,11.4183
271.50,11.3835
272.00,11.3336
272.50,11.2865
273.00,11.2544
273.50,11.2412
274.00,11.2456
274.50,11.2615
275.00,11.2767
275.50,11.2760
276.00,11.2512
276.50,11.2100
277.00,11.1751
277.50,11.1711
278.00,11.2088
278.50,11.2795
279.00,11.3627
279.50,11.4381
280.00,11.4918
280.50,11.5175
281.00,11.5169
281.50,11.4995
282.00,11.4765
282.50,11.4548
283.00,11.4364
283.50,11.4221
284.00,11.4110
284.50,11.3970
285.00,11.3723
285.50,11.3380
286.00,11.3076
286.50,11.2978
287.00,11.3153
287.50,11.3527
288.00,11.3939
288.50,11.4226
289.00,11.4297
289.50,11.4173
290.00,11.3979
290.50,11.3871
291.00,11.3954
291.50,11.4249
292.00,11.4713
292.50,11.5254
293.00,11.5745
293.50,11.6050
294.00,11.6071
294.50,11.5786
295.00,11.5252
295.50,11.4593
296.00,11.3966
296.50,11.3503
297.00,11.3254
297.50,11.3188
298.00,11.3252
298.50,11.3423
299.00,11.3691
299.50,11.4002
300.00,11.4247
300.50,11.4335
301.00,11.4263
301.50,11.4118
302.00,11.3975
302.50,11.3832
303.00,11.3636
303.50,11.3367
304.00,11.3075
304.50,11.2834
305.00,11.2672
305.50,11.2553
306.00,11.2406
306.50,11.2191
307.00,11.1941
307.50,11.1767
308.00,11.1787
308.50,11.2041
309.00,11.2457
309.50,11.2919
310.00,11.3350
310.50,11.3716
311.00,11.3973
311.50,11.4038
312.00,11.3871
312.50,11.3553
313.00,11.3279
313.50,11.3249
314.00,11.3537
314.50,11.4040
315.00,11.4533
315.50,11.4813
316.00,11.4813
316.50,11.4628
317.00,11.4437
317.50,11.4382
318.00,11.4501
318.50,11.4723
319.00,11.4943
319.50,11.5097
320.00,11.5185
320.50,11.5231
321.00,11.5241
321.50,11.5184
322.00,11.5026
322.50,11.4761
323.00,11.4417
323.50,11.4021
324.00,11.3568
324.50,11.3028
325.00,11.2424
325.50,11.1876
326.00,11.1568
326.50,11.1639
327.00,11.2092
327.50,11.2801
328.00,11.3576
328.50,11.4214
329.00,11.4557
329.50,11.4569
330.00,11.4383
330.50,11.4240
331.00,11.4353
331.50,11.4791
332.00,11.5454
332.50,11.6127
333.00,11.6582
333.50,11.6670
334.00,11.6377
334.50,11.5792
335.00,11.5073
335.50,11.4391
336.00,11.3895
336.50,11.3655
337.00,11.3633
337.50,11.3730
338.00,11.3862
338.50,11.3996
339.00,11.4117
339.50,11.4189
340.00,11.4166
340.50,11.4040
341.00,11.3868
341.50,11.3728
342.00,11.3650
342.50,11.3603
343.00,11.3555
343.50,11.3547
344.00,11.3667
344.50,11.3959
345.00,11.4351
345.50,11.4683
346.00,11.4811
346.50,11.4704
347.00,11.4450
347.50,11.4183
348.00,11.4000
348.50,11.3921
349.00,11.3920
349.50,11.3976
350.00,11.4084
350.50,11.4231
351.00,11.4375
351.50,11.4464
352.00,11.4482
352.50,11.4456
353.00,11.4436
353.50,11.4452
354.00,11.4512
354.50,11.4613
355.00,11.4750
355.50,11.4895
356.00,11.4992
356.50,11.4991
357.00,11.4894
357.50,11.4763
358.00,11.4682
358.50,11.4721
359.00,11.4919
359.50,11.5258
360.00,11.5638
360.50,11.5907
361.00,11.5946
361.50,11.5746
362.00,11.5397
362.50,11.5001
363.00,11.4600
363.50,11.4210
364.00,11.3894
364.50,11.3768
365.00,11.3905
365.50,11.4242
366.00,11.4605
366.50,11.4843
367.00,11.4912
367.50,11.4859
368.00,11.4746
368.50,11.4603
369.00,11.4428
369.50,11.4211
370.00,11.3986
370.50,11.3860
371.00,11.3953
371.50,11.4288
372.00,11.4732
372.50,11.5067
373.00,11.5133
373.50,11.4945
374.00,11.4669
374.50,11.4490
375.00,11.4470
375.50,11.4513
376.00,11.4463
376.50,11.4234
377.00,11.3854
377.50,11.3417
378.00,11.3046
378.50,11.2858
379.00,11.2945
379.50,11.3322
380.00,11.3928
380.50,11.4639
381.00,11.5293
381.50,11.5699
382.00,11.5705
382.50,11.5300
383.00,11.4672
383.50,11.4100
384.00,11.3783
384.50,11.3736
385.00,11.3845
385.50,11.3978
386.00,11.4050
386.50,11.4027
387.00,11.3918
387.50,11.3778
388.00,11.3697
388.50,11.3754
389.00,11.3970
389.50,11.4284
390.00,11.4584
390.50,11.4776
391.00,11.4833
391.50,11.4807
392.00,11.4788
392.50,11.4842
393.00,11.4965
393.50,11.5095
394.00,11.5164
394.50,11.5140
395.00,11.5031
395.50,11.4859
396.00,11.4653
396.50,11.4460
397.00,11.4332
397.50,11.4289
398.00,11.4287
398.50,11.4248
399.00,11.4116
399.50,11.3909
400.00,11.3723
400.50,11.3671
401.00,11.3806
401.50,11.4082
402.00,11.4406
402.50,11.4723
403.00,11.5046
403.50,11.5403
404.00,11.5769
404.50,11.6044
405.00,11.6109
405.50,11.5910
406.00,11.5515
406.50,11.5086
407.00,11.4795
407.50,11.4744
408.00,11.4929
408.50,11.5252
409.00,11.5568
409.50,11.5752
410.00,11.5754
410.50,11.5593
411.00,11.5317
411.50,11.4975
412.00,11.4620
412.50,11.4315
413.00,11.4104
413.50,11.3991
414.00,11.3944
414.50,11.3934
415.00,11.3942
415.50,11.3934
416.00,11.3839
416.50,11.3593
417.00,11.3213
417.50,11.2822
418.00,11.2562
418.50,11.2513
419.00,11.2652
419.50,11.2901
420.00,11.3169
420.50,11.3381
421.00,11.3479
421.50,11.3444
422.00,11.3296
422.50,11.3068
423.00,11.2786
423.50,11.2483
424.00,11.2233
424.50,11.2132
425.00,11.2216
425.50,11.2414
426.00,11.2594
426.50,11.2662
427.00,11.2620
427.50,11.2547
428.00,11.2531
428.50,11.2623
429.00,11.2832
429.50,11.3127
430.00,11.3441
430.50,11.3681
431.00,11.3780
431.50,11.3735
432.00,11.3619
432.50,11.3547
433.00,11.3614
433.50,11.3848
434.00,11.4199
434.50,11.4571
435.00,11.4891
435.50,11.5134
436.00,11.5281
436.50,11.5274
437.00,11.5033
437.50,11.4559
438.00,11.3990
438.50,11.3526
439.00,11.3280
439.50,11.3202
440.00,11.3126
440.50,11.2918
441.00,11.2586
441.50,11.2273
442.00,11.2136
442.50,11.2214
443.00,11.2427
443.50,11.2657
444.00,11.2836
444.50,11.2938
445.00,11.2952
445.50,11.2867
446.00,11.2699
446.50,11.2486
447.00,11.2271
447.50,11.2067
448.00,11.1850
448.50,11.1592
449.00,11.1303
449.50,11.1050
450.00,11.0911
450.50,11.0920
451.00,11.1040
451.50,11.1195
452.00,11.1319
452.50,11.1402
453.00,11.1488
453.50,11.1645
454.00,11.1906
454.50,11.2239
455.00,11.2570
455.50,11.2838
456.00,11.3022
456.50,11.3117
457.00,11.3109
457.50,11.2990
458.00,11.2780
458.50,11.2519
459.00,11.2240
459.50,11.1946
460.00,11.1639
460.50,11.1343
461.00,11.1090
461.50,11.0901
462.00,11.0759
462.50,11.0629
463.00,11.0457
463.50,11.0180
464.00,10.9764
464.50,10.9254
465.00,10.8788
465.50,10.8520
466.00,10.8514
466.50,10.8690
467.00,10.8887
467.50,10.8973
468.00,10.8931
468.50,10.8865
469.00,10.8925
469.50,10.9210
470.00,10.9686
470.50,11.0206
471.00,11.0620
471.50,11.0884
472.00,11.1069
472.50,11.1281
473.00,11.1579
473.50,11.1960
474.00,11.2380
474.50,11.2782
475.00,11.3129
475.50,11.3437
476.00,11.3787
476.50,11.4261
477.00,11.4858
477.50,11.5466
478.00,11.5943
478.50,11.6207
479.00,11.6277
479.50,11.6213
480.00,11.6056
480.50,11.5809
481.00,11.5460
481.50,11.5012
482.00,11.4478
482.50,11.3873
483.00,11.3210
483.50,11.2538
484.00,11.1947
484.50,11.1520
485.00,11.1253
485.50,11.1043
486.00,11.0774
486.50,11.0411
487.00,11.0011
487.50,10.9655
488.00,10.9373
488.50,10.9124
489.00,10.8839
489.50,10.8493
490.00,10.8142
490.50,10.7881
491.00,10.7780
491.50,10.7829
492.00,10.7941
492.50,10.7991
493.00,10.7883
493.50,10.7607
494.00,10.7255
494.50,10.6953
495.00,10.6761
495.50,10.6646
496.00,10.6522
496.50,10.6344
497.00,10.6157
497.50,10.6051
498.00,10.6082
498.50,10.6218
499.00,10.6364
499.50,10.6434
500.00,10.6416
500.50,10.6358
501.00,10.6315
501.50,10.6290
502.00,10.6249
502.50,10.6155
503.00,10.6000
503.50,10.5795
504.00,10.5548
504.50,10.5274
505.00,10.5008
505.50,10.4791
506.00,10.4631
506.50,10.4479
507.00,10.4283
507.50,10.4070
508.00,10.3965
508.50,10.4096
509.00,10.4456
509.50,10.4884
510.00,10.5185
510.50,10.5273
511.00,10.5184
511.50,10.4962
512.00,10.4582
512.50,10.4005
513.00,10.3272
513.50,10.2525
514.00,10.1929
514.50,10.1590
515.00,10.1547
515.50,10.1780
516.00,10.2217
516.50,10.2743
517.00,10.3228
517.50,10.3571
518.00,10.3738
518.50,10.3766
519.00,10.3716
519.50,10.3623
520.00,10.3484
520.50,10.3304
521.00,10.3138
521.50,10.3102
522.00,10.3315
522.50,10.3811
523.00,10.4470
523.50,10.5052
524.00,10.5348
524.50,10.5302
525.00,10.5007
525.50,10.4603
526.00,10.4213
526.50,10.3934
527.00,10.3836
527.50,10.3926
528.00,10.4109
528.50,10.4225
529.00,10.4155
529.50,10.3893
530.00,10.3549
530.50,10.3265
531.00,10.3127
531.50,10.3128
532.00,10.3203
532.50,10.3299
533.00,10.3405
533.50,10.3522
534.00,10.3622
534.50,10.3676
535.00,10.3702
535.50,10.3755
536.00,10.3853
536.50,10.3925
537.00,10.3860
537.50,10.3600
538.00,10.3196
538.50,10.2788
539.00,10.2521
539.50,10.2458
540.00,10.2546
540.50,10.2682
541.00,10.2807
541.50,10.2944
542.00,10.3129
542.50,10.3316
543.00,10.3384
543.50,10.3226
544.00,10.2851
544.50,10.2397
545.00,10.2071
545.50,10.2045
546.00,10.2357
546.50,10.2878
547.00,10.3392
547.50,10.3733
548.00,10.3877
548.50,10.3908
549.00,10.3941
549.50,10.4075
550.00,10.4365
550.50,10.4798
551.00,10.5264
551.50,10.5593
552.00,10.5659
552.50,10.5450
553.00,10.5051
553.50,10.4560
554.00,10.4045
554.50,10.3556
555.00,10.3169
555.50,10.2979
556.00,10.3046
556.50,10.3340
557.00,10.3734
557.50,10.4065
558.00,10.4218
558.50,10.4180
559.00,10.4038
559.50,10.3920
560.00,10.3925
560.50,10.4061
561.00,10.4238
561.50,10.4315
562.00,10.4186
562.50,10.3842
563.00,10.3380
563.50,10.2938
564.00,10.2624
564.50,10.2499
565.00,10.2574
565.50,10.2821
566.00,10.3155
566.50,10.3444
567.00,10.3572
567.50,10.3491
568.00,10.3243
568.50,10.2926
569.00,10.2647
569.50,10.2466
570.00,10.2375
570.50,10.2321
571.00,10.2253
571.50,10.2159
572.00,10.2058
572.50,10.1998
573.00,10.2048
573.50,10.2252
574.00,10.2573
574.50,10.2899
575.00,10.3139
575.50,10.3314
576.00,10.3532
576.50,10.3845
577.00,10.4152
577.50,10.4260
578.00,10.4064
578.50,10.3650
579.00,10.3224
579.50,10.2962
580.00,10.2944
580.50,10.3175
581.00,10.3615
581.50,10.4177
582.00,10.4729
582.50,10.5125
583.00,10.5280
583.50,10.5210
584.00,10.5020
584.50,10.4846
585.00,10.4792
585.50,10.4914
586.00,10.5209
586.50,10.5627
587.00,10.6068
587.50,10.6409
588.00,10.6559
588.50,10.6532
589.00,10.6462
589.50,10.6534
590.00,10.6856
590.50,10.7385
591.00,10.7944
591.50,10.8336
592.00,10.8443
592.50,10.8294
593.00,10.8019
593.50,10.7757
594.00,10.7563
594.50,10.7402
595.00,10.7215
595.50,10.6992
596.00,10.6770
596.50,10.6584
597.00,10.6413
597.50,10.6190
598.00,10.5880
598.50,10.5543
599.00,10.5310
599.50,10.5282
600.00,10.5429
600.50,10.5586
601.00,10.5564
601.50,10.5275
602.00,10.4803
602.50,10.4350
603.00,10.4114
603.50,10.4176
604.00,10.4457
604.50,10.4787
605.00,10.5028
605.50,10.5179
606.00,10.5356
606.50,10.5673
607.00,10.6149
607.50,10.6708
608.00,10.7262
608.50,10.7768
609.00,10.8234
609.50,10.8678
610.00,10.9113
610.50,10.9554
611.00,11.0018
611.50,11.0504
612.00,11.0964
612.50,11.1312
613.00,11.1458
613.50,11.1356
614.00,11.1033
614.50,11.0600
615.00,11.0215
615.50,11.0004
616.00,10.9989
616.50,11.0086
617.00,11.0169
617.50,11.0164
618.00,11.0079
618.50,10.9957
619.00,10.9806
619.50,10.9590
620.00,10.9295
620.50,10.9004
621.00,10.8866
621.50,10.8951
622.00,10.9134
622.50,10.9158
623.00,10.8831
623.50,10.8179
624.00,10.7416
624.50,10.6769
625.00,10.6338
625.50,10.6074
626.00,10.5868
626.50,10.5644
627.00,10.5400
627.50,10.5161
628.00,10.4922
628.50,10.4651
629.00,10.4342
629.50,10.4042
630.00,10.3819
630.50,10.3699
631.00,10.3665
631.50,10.3699
632.00,10.3795
632.50,10.3939
633.00,10.4103
633.50,10.4274
634.00,10.4479
634.50,10.4745
635.00,10.5051
635.50,10.5322
636.00,10.5490
636.50,10.5534
637.00,10.5482
637.50,10.5368
638.00,10.5219
638.50,10.5055
639.00,10.4914
639.50,10.4843
640.00,10.4872
640.50,10.4978
641.00,10.5089
641.50,10.5146
642.00,10.5189
642.50,10.5356
643.00,10.5792
643.50,10.6513
644.00,10.7373
644.50,10.8147
645.00,10.8663
645.50,10.8875
646.00,10.8837
646.50,10.8643
647.00,10.8381
647.50,10.8117
648.00,10.7874
648.50,10.7630
649.00,10.7338
649.50,10.6960
650.00,10.6501
650.50,10.6014
651.00,10.5588
651.50,10.5309
652.00,10.5209
652.50,10.5226
653.00,10.5257
653.50,10.5246
654.00,10.5244
654.50,10.5347
655.00,10.5592
655.50,10.5914
656.00,10.6197
656.50,10.6361
657.00,10.6405
657.50,10.6389
658.00,10.6388
658.50,10.6442
659.00,10.6515
659.50,10.6519
660.00,10.6394
660.50,10.6195
661.00,10.6081
661.50,10.6209
662.00,10.6610
662.50,10.7169
663.00,10.7696
663.50,10.8044
664.00,10.8179
664.50,10.8164
665.00,10.8090
665.50,10.8014
666.00,10.7959
666.50,10.7943
667.00,10.7997
667.50,10.8143
668.00,10.8354
668.50,10.8546
669.00,10.8617
669.50,10.8500
670.00,10.8176
670.50,10.7669
671.00,10.7052
671.50,10.6430
672.00,10.5907
672.50,10.5550
673.00,10.5399
673.50,10.5477
674.00,10.5777
674.50,10.6230
675.00,10.6714
675.50,10.7121
676.00,10.7400
676.50,10.7561
677.00,10.7645
677.50,10.7687
678.00,10.7702
678.50,10.7697
679.00,10.7688
679.50,10.7728
680.00,10.7887
680.50,10.8194
681.00,10.8590
681.50,10.8953
682.00,10.9203
682.50,10.9352
683.00,10.9472
683.50,10.9578
684.00,10.9593
684.50,10.9427
685.00,10.9103
685.50,10.8779
686.00,10.8637
686.50,10.8743
687.00,10.9013
687.50,10.9290
688.00,10.9438
688.50,10.9378
689.00,10.9083
689.50,10.8596
690.00,10.8051
690.50,10.7636
691.00,10.7494
691.50,10.7634
692.00,10.7926
692.50,10.8168
693.00,10.8194
693.50,10.7954
694.00,10.7548
694.50,10.7166
695.00,10.6958
695.50,10.6938
696.00,10.7007
696.50,10.7068
697.00,10.7120
697.50,10.7205
698.00,10.7313
698.50,10.7364
699.00,10.7282
699.50,10.7058
700.00,10.6732
700.50,10.6334
701.00,10.5890
701.50,10.5471
702.00,10.5208
702.50,10.5210
703.00,10.5469
703.50,10.5847
704.00,10.6156
704.50,10.6264
705.00,10.6161
705.50,10.5949
706.00,10.5772
706.50,10.5732
707.00,10.5832
707.50,10.5982
708.00,10.6089
708.50,10.6140
709.00,10.6206
709.50,10.6356
710.00,10.6580
710.50,10.6794
711.00,10.6918
711.50,10.6934
712.00,10.6912
712.50,10.6967
713.00,10.7179
713.50,10.7508
714.00,10.7801
714.50,10.7899
715.00,10.7758
715.50,10.7482
716.00,10.7247
716.50,10.7187
717.00,10.7312
717.50,10.7521
718.00,10.7694
718.50,10.7773
719.00,10.7771
719.50,10.7698
720.00,10.7522
720.50,10.7212
721.00,10.6806
721.50,10.6426
722.00,10.6198
722.50,10.6147
723.00,10.6182
723.50,10.6176
724.00,10.6055
724.50,10.5823
725.00,10.5525
725.50,10.5228
726.00,10.5015
726.50,10.4955
727.00,10.5071
727.50,10.5313
728.00,10.5596
728.50,10.5838
729.00,10.5982
729.50,10.6002
730.00,10.5893
730.50,10.5673
731.00,10.5394
731.50,10.5145
732.00,10.5025
732.50,10.5089
733.00,10.5279
733.50,10.5444
734.00,10.5430
734.50,10.5190
735.00,10.4798
735.50,10.4374
736.00,10.3994
736.50,10.3668
737.00,10.3390
737.50,10.3175
738.00,10.3053
738.50,10.3045
739.00,10.3154
739.50,10.3374
740.00,10.3688
740.50,10.4065
741.00,10.4455
741.50,10.4804
742.00,10.5082
742.50,10.5296
743.00,10.5486
743.50,10.5695
744.00,10.5937
744.50,10.6177
745.00,10.6352
745.50,10.6402
746.00,10.6315
746.50,10.6158
747.00,10.6060
747.50,10.6130
748.00,10.6372
748.50,10.6677
749.00,10.6905
749.50,10.6982
750.00,10.6941
750.50,10.6889
751.00,10.6918
751.50,10.7038
752.00,10.7178
752.50,10.7269
753.00,10.7303
753.50,10.7312
754.00,10.7300
754.50,10.7243
755.00,10.7128
755.50,10.6973
756.00,10.6776
756.50,10.6500
757.00,10.6128
757.50,10.5716
758.00,10.5354
758.50,10.5102
759.00,10.4965
759.50,10.4921
760.00,10.4926
760.50,10.4913
761.00,10.4827
761.50,10.4666
762.00,10.4486
762.50,10.4344
763.00,10.4251
763.50,10.4197
764.00,10.4212
764.50,10.4374
765.00,10.4711
765.50,10.5111
766.00,10.5385
766.50,10.5443
767.00,10.5387
767.50,10.5405
768.00,10.5592
768.50,10.5894
769.00,10.6203
769.50,10.6461
770.00,10.6668
770.50,10.6822
771.00,10.6892
771.50,10.6826
772.00,10.6583
772.50,10.6174
773.00,10.5697
773.50,10.5309
774.00,10.5151
774.50,10.5264
775.00,10.5573
775.50,10.5942
776.00,10.6262
776.50,10.6498
777.00,10.6673
777.50,10.6814
778.00,10.6902
778.50,10.6904
779.00,10.6851
779.50,10.6866
780.00,10.7042
780.50,10.7314
781.00,10.7457
781.50,10.7261
782.00,10.6691
782.50,10.5897
783.00,10.5111
783.50,10.4536
784.00,10.4263
784.50,10.4253
785.00,10.4385
785.50,10.4549
786.00,10.4711
786.50,10.4875
787.00,10.5024
787.50,10.5104
788.00,10.5079
788.50,10.4958
789.00,10.4783
789.50,10.4577
790.00,10.4336
790.50,10.4057
791.00,10.3779
791.50,10.3586
792.00,10.3570
792.50,10.3757
793.00,10.4081
793.50,10.4425
794.00,10.4684
794.50,10.4805
795.00,10.4797
795.50,10.4718
796.00,10.4640
796.50,10.4610
797.00,10.4610
797.50,10.4560
798.00,10.4357
798.50,10.3954
799.00,10.3419
799.50,10.2924
800.00,10.2642
800.50,10.2626
801.00,10.2785
801.50,10.2981
802.00,10.3152
802.50,10.3345
803.00,10.3641
803.50,10.4064
804.00,10.4552
804.50,10.5011
805.00,10.5357
805.50,10.5544
806.00,10.5568
806.50,10.5491
807.00,10.5428
807.50,10.5485
808.00,10.5668
808.50,10.5870
809.00,10.5945
809.50,10.5807
810.00,10.5464
810.50,10.4988
811.00,10.4480
811.50,10.4043
812.00,10.3751
812.50,10.3605
813.00,10.3531
813.50,10.3445
814.00,10.3322
814.50,10.3216
815.00,10.3202
815.50,10.3285
816.00,10.3386
816.50,10.3419
817.00,10.3367
817.50,10.3270
818.00,10.3180
818.50,10.3123
819.00,10.3113
819.50,10.3162
820.00,10.3273
820.50,10.3424
821.00,10.3568
821.50,10.3669
822.00,10.3722
822.50,10.3761
823.00,10.3873
823.50,10.4229
824.00,10.5093
824.50,10.6733
825.00,10.9253
825.50,11.2480
826.00,11.6001
826.50,11.9322
827.00,12.2023
827.50,12.3862
828.00,12.4826
828.50,12.5129
829.00,12.5104
829.50,12.5029
830.00,12.5014
830.50,12.5013
831.00,12.4941
831.50,12.4764
832.00,12.4524
832.50,12.4299
833.00,12.4173
833.50,12.4203
834.00,12.4409
834.50,12.4750
835.00,12.5133
835.50,12.5454
836.00,12.5668
836.50,12.5827
837.00,12.6030
837.50,12.6350
838.00,12.6778
838.50,12.7242
839.00,12.7665
839.50,12.8016
840.00,12.8318
840.50,12.8598
841.00,12.8845
841.50,12.9016
842.00,12.9071
842.50,12.8999
843.00,12.8817
843.50,12.8573
844.00,12.8338
844.50,12.8187
845.00,12.8148
845.50,12.8184
846.00,12.8227
846.50,12.8232
847.00,12.8188
847.50,12.8106
848.00,12.8000
848.50,12.7884
849.00,12.7783
849.50,12.7732
850.00,12.7748
850.50,12.7792
851.00,12.7758
851.50,12.7527
852.00,12.7068
852.50,12.6515
853.00,12.6113
853.50,12.6047
854.00,12.6294
854.50,12.6644
855.00,12.6852
855.50,12.6810
856.00,12.6587
856.50,12.6358
857.00,12.6264
857.50,12.6336
858.00,12.6495
858.50,12.6621
859.00,12.6623
859.50,12.6476
860.00,12.6224
860.50,12.5955
861.00,12.5742
861.50,12.5607
862.00,12.5528
862.50,12.5484
863.00,12.5475
863.50,12.5516
864.00,12.5603
864.50,12.5712
865.00,12.5833
865.50,12.5977
866.00,12.6159
866.50,12.6365
867.00,12.6548
867.50,12.6638
868.00,12.6564
868.50,12.6296
869.00,12.5878
869.50,12.5422
870.00,12.5055
870.50,12.4840
871.00,12.4747
871.50,12.4703
872.00,12.4653
872.50,12.4591
873.00,12.4518
873.50,12.4396
874.00,12.4159
874.50,12.3773
875.00,12.3295
875.50,12.2854
876.00,12.2570
876.50,12.2488
877.00,12.2567
877.50,12.2720
878.00,12.2840
878.50,12.2828
879.00,12.2613
879.50,12.2199
880.00,12.1673
880.50,12.1161
881.00,12.0749
881.50,12.0443
882.00,12.0197
882.50,11.9984
883.00,11.9833
883.50,11.9792
884.00,11.9839
884.50,11.9869
885.00,11.9754
885.50,11.9436
886.00,11.8966
886.50,11.8475
887.00,11.8109
887.50,11.7960
888.00,11.8020
888.50,11.8182
889.00,11.8286
889.50,11.8219
890.00,11.7973
890.50,11.7639
891.00,11.7334
891.50,11.7121
892.00,11.6984
892.50,11.6854
893.00,11.6682
893.50,11.6494
894.00,11.6369
894.50,11.6368
895.00,11.6496
895.50,11.6739
896.00,11.7099
896.50,11.7563
897.00,11.8060
897.50,11.8464
898.00,11.8669
898.50,11.8646
899.00,11.8426
899.50,11.8072
900.00,11.7665
900.50,11.7318
901.00,11.7149
901.50,11.7222
902.00,11.7503
902.50,11.7874
903.00,11.8202
903.50,11.8396
904.00,11.8439
904.50,11.8394
905.00,11.8361
905.50,11.8420
906.00,11.8557
906.50,11.8672
907.00,11.8658
907.50,11.8485
908.00,11.8209
908.50,11.7908
909.00,11.7615
909.50,11.7330
910.00,11.7059
910.50,11.6845
911.00,11.6744
911.50,11.6798
912.00,11.6999
912.50,11.7282
913.00,11.7544
913.50,11.7681
914.00,11.7635
914.50,11.7416
915.00,11.7082
915.50,11.6691
916.00,11.6268
916.50,11.5787
917.00,11.5194
917.50,11.4447
918.00,11.3591
918.50,11.2785
919.00,11.2237
919.50,11.2060
920.00,11.2172
920.50,11.2337
921.00,11.2320
921.50,11.2034
922.00,11.1561
922.50,11.1066
923.00,11.0669
923.50,11.0389
924.00,11.0174
924.50,10.9962
925.00,10.9734
925.50,10.9500
926.00,10.9280
926.50,10.9086
927.00,10.8914
927.50,10.8754
928.00,10.8581
928.50,10.8365
929.00,10.8090
929.50,10.7784
930.00,10.7515
930.50,10.7335
931.00,10.7226
931.50,10.7078
932.00,10.6754
932.50,10.6185
933.00,10.5431
933.50,10.4645
934.00,10.3973
934.50,10.3464
935.00,10.3064
935.50,10.2697
936.00,10.2331
936.50,10.1975
937.00,10.1638
937.50,10.1316
938.00,10.1006
938.50,10.0712
939.00,10.0447
939.50,10.0221
940.00,10.0038
940.50,9.9877
941.00,9.9684
941.50,9.9403
942.00,9.9036
942.50,9.8665
943.00,9.8403
943.50,9.8318
944.00,9.8414
944.50,9.8657
945.00,9.8976
945.50,9.9249
946.00,9.9340
946.50,9.9189
947.00,9.8874
947.50,9.8555
948.00,9.8348
948.50,9.8266
949.00,9.8258
949.50,9.8283
950.00,9.8322
950.50,9.8339
951.00,9.8287
951.50,9.8164
952.00,9.8042
952.50,9.8034
953.00,9.8183
953.50,9.8409
954.00,9.8565
954.50,9.8569
955.00,9.8484
955.50,9.8463
956.00,9.8612
956.50,9.8909
957.00,9.9229
957.50,9.9436
958.00,9.9450
958.50,9.9289
959.00,9.9053
959.50,9.8869
960.00,9.8813
960.50,9.8877
961.00,9.8992
961.50,9.9089
962.00,9.9147
962.50,9.9190
963.00,9.9248
963.50,9.9320
964.00,9.9381
964.50,9.9428
965.00,9.9499
965.50,9.9641
966.00,9.9854
966.50,10.0096
967.00,10.0335
967.50,10.0594
968.00,10.0914
968.50,10.1276
969.00,10.1596
969.50,10.1807
970.00,10.1924
970.50,10.2036
971.00,10.2233
971.50,10.2534
972.00,10.2891
972.50,10.3217
973.00,10.3438
973.50,10.3531
974.00,10.3543
974.50,10.3569
975.00,10.3681
975.50,10.3877
976.00,10.4080
976.50,10.4216
977.00,10.4262
977.50,10.4225
978.00,10.4096
978.50,10.3857
979.00,10.3520
979.50,10.3163
980.00,10.2884
980.50,10.2733
981.00,10.2672
981.50,10.2591
982.00,10.2411
982.50,10.2189
983.00,10.2126
983.50,10.2419
984.00,10.3057
984.50,10.3770
985.00,10.4189
985.50,10.4102
986.00,10.3572
986.50,10.2851
987.00,10.2201
987.50,10.1772
988.00,10.1613
988.50,10.1719
989.00,10.2049
989.50,10.2515
990.00,10.3000
990.50,10.3422
991.00,10.3785
991.50,10.4168
992.00,10.4663
992.50,10.5304
993.00,10.6030
993.50,10.6714
994.00,10.7229
994.50,10.7529
995.00,10.7677
995.50,10.7809
996.00,10.8036
996.50,10.8378
997.00,10.8760
997.50,10.9089
998.00,10.9329
998.50,10.9533
999.00,10.9789
999.50,11.0151
1000.00,11.0583
1000.50,11.0995
1001.00,11.1311
1001.50,11.1532
1002.00,11.1727
1002.50,11.1992
1003.00,11.2382
1003.50,11.2882
1004.00,11.3415
1004.50,11.3895
1005.00,11.4291
1005.50,11.4664
1006.00,11.5119
1006.50,11.5740
1007.00,11.6548
1007.50,11.7516
1008.00,11.8604
1008.50,11.9785
1009.00,12.1055
1009.50,12.2429
1010.00,12.3931
1010.50,12.5569
1011.00,12.7339
1011.50,12.9241
1012.00,13.1290
1012.50,13.3484
1013.00,13.5778
1013.50,13.8125
1014.00,14.0553
1014.50,14.3189
1015.00,14.6172
1015.50,14.9541
1016.00,15.3200
1016.50,15.6996
1017.00,16.0822
1017.50,16.4662
1018.00,16.8575
1018.50,17.2642
1019.00,17.6941
1019.50,18.1528
1020.00,18.6432
1020.50,19.1633
1021.00,19.7049
1021.50,20.2549
1022.00,20.7979
1022.50,21.3198
1023.00,21.8087
1023.50,22.2560
1024.00,22.6588
1024.50,23.0191
1025.00,23.3391
1025.50,23.6134
1026.00,23.8265
1026.50,23.9561
1027.00,23.9793
1027.50,23.8751
1028.00,23.6253
1028.50,23.2163
1029.00,22.6432
1029.50,21.9124
1030.00,21.0400
1030.50,20.0503
1031.00,18.9750
1031.50,17.8539
1032.00,16.7342
1032.50,15.6667
1033.00,14.6971
1033.50,13.8574
1034.00,13.1606
1034.50,12.6035
1035.00,12.1765
1035.50,11.8700
1036.00,11.6732
1036.50,11.5703
1037.00,11.5391
1037.50,11.5551
1038.00,11.5966
1038.50,11.6453
1039.00,11.6871
1039.50,11.7130
1040.00,11.7206
1040.50,11.7123
1041.00,11.6916
1041.50,11.6592
1042.00,11.6139
1042.50,11.5579
1043.00,11.4980
1043.50,11.4423
1044.00,11.3942
1044.50,11.3496
1045.00,11.3002
1045.50,11.2392
1046.00,11.1641
1046.50,11.0756
1047.00,10.9751
1047.50,10.8617
1048.00,10.7330
1048.50,10.5891
1049.00,10.4368
1049.50,10.2891
1050.00,10.1597
1050.50,10.0545
1051.00,9.9669
1051.50,9.8815
1052.00,9.7833
1052.50,9.6681
1053.00,9.5452
1053.50,9.4306
1054.00,9.3362
1054.50,9.2632
1055.00,9.2052
1055.50,9.1562
1056.00,9.1160
1056.50,9.0885
1057.00,9.0759
1057.50,9.0774
1058.00,9.0918
1058.50,9.1204
1059.00,9.1649
1059.50,9.2226
1060.00,9.2857
1060.50,9.3472
1061.00,9.4056
1061.50,9.4649
1062.00,9.5271
1062.50,9.5859
1063.00,9.6305
1063.50,9.6560
1064.00,9.6702
1064.50,9.6884
1065.00,9.7218
1065.50,9.7707
1066.00,9.8262
1066.50,9.8758
1067.00,9.9076
1067.50,9.9158
1068.00,9.9040
1068.50,9.8845
1069.00,9.8715
1069.50,9.8722
1070.00,9.8850
1070.50,9.9025
1071.00,9.9166
1071.50,9.9204
1072.00,9.9091
1072.50,9.8811
1073.00,9.8383
1073.50,9.7858
1074.00,9.7286
1074.50,9.6712
1075.00,9.6166
1075.50,9.5664
1076.00,9.5194
1076.50,9.4719
1077.00,9.4199
1077.50,9.3641
1078.00,9.3124
1078.50,9.2769
1079.00,9.2668
1079.50,9.2827
1080.00,9.3159
1080.50,9.3538
1081.00,9.3868
1081.50,9.4115
1082.00,9.4290
1082.50,9.4427
1083.00,9.4574
1083.50,9.4772
1084.00,9.5026
1084.50,9.5300
1085.00,9.5573
1085.50,9.5882
1086.00,9.6309
1086.50,9.6905
1087.00,9.7646
1087.50,9.8486
1088.00,9.9450
1088.50,10.0664
1089.00,10.2269
1089.50,10.4318
1090.00,10.6793
1090.50,10.9707
1091.00,11.3170
1091.50,11.7355
1092.00,12.2421
1092.50,12.8479
1093.00,13.5597
1093.50,14.3775
1094.00,15.2914
1094.50,16.2831
1095.00,17.3360
1095.50,18.4445
1096.00,19.6145
1096.50,20.8526
1097.00,22.1583
1097.50,23.5261
1098.00,24.9544
1098.50,26.4479
1099.00,28.0129
1099.50,29.6487
1100.00,31.3462
1100.50,33.0910
1101.00,34.8685
1101.50,36.6672
1102.00,38.4814
1102.50,40.3098
1103.00,42.1512
1103.50,44.0018
1104.00,45.8583
1104.50,47.7243
1105.00,49.6140
1105.50,51.5459
1106.00,53.5303
1106.50,55.5591
1107.00,57.6064
1107.50,59.6402
1108.00,61.6382
1108.50,63.5965
1109.00,65.5243
1109.50,67.4286
1110.00,69.2983
1110.50,71.0994
1111.00,72.7782
1111.50,74.2654
1112.00,75.4741
1112.50,76.2936
1113.00,76.5836
1113.50,76.1771
1114.00,74.8909
1114.50,72.5513
1115.00,69.0373
1115.50,64.3375
1116.00,58.5966
1116.50,52.1166
1117.00,45.3029
1117.50,38.5766
1118.00,32.2993
1118.50,26.7335
1119.00,22.0366
1119.50,18.2679
1120.00,15.4001
1120.50,13.3353
1121.00,11.9285
1121.50,11.0161
1122.00,10.4468
1122.50,10.1018
1123.00,9.8995
1123.50,9.7866
1124.00,9.7253
1124.50,9.6882
1125.00,9.6590
1125.50,9.6348
1126.00,9.6208
1126.50,9.6196
1127.00,9.6245
1127.50,9.6247
1128.00,9.6154
1128.50,9.6030
1129.00,9.5984
1129.50,9.6076
1130.00,9.6290
1130.50,9.6573
1131.00,9.6845
1131.50,9.7014
1132.00,9.6999
1132.50,9.6780
1133.00,9.6410
1133.50,9.5953
1134.00,9.5450
1134.50,9.4948
1135.00,9.4537
1135.50,9.4313
1136.00,9.4278
1136.50,9.4311
1137.00,9.4229
1137.50,9.3927
1138.00,9.3448
1138.50,9.2945
1139.00,9.2560
1139.50,9.2351
1140.00,9.2290
1140.50,9.2310
1141.00,9.2341
1141.50,9.2311
1142.00,9.2159
1142.50,9.1861
1143.00,9.1478
1143.50,9.1135
1144.00,9.0918
1144.50,9.0788
1145.00,9.0612
1145.50,9.0295
1146.00,8.9868
1146.50,8.9458
1147.00,8.9172
1147.50,8.9026
1148.00,8.8964
1148.50,8.8938
1149.00,8.8946
1149.50,8.9012
1150.00,8.9153
1150.50,8.9351
1151.00,8.9568
1151.50,8.9767
1152.00,8.9927
1152.50,9.0056
1153.00,9.0178
1153.50,9.0331
1154.00,9.0565
1154.50,9.0943
1155.00,9.1495
1155.50,9.2157
1156.00,9.2758
1156.50,9.3113
1157.00,9.3141
1157.50,9.2911
1158.00,9.2576
1158.50,9.2285
1159.00,9.2148
1159.50,9.2240
1160.00,9.2586
1160.50,9.3125
1161.00,9.3707
1161.50,9.4160
1162.00,9.4397
1162.50,9.4462
1163.00,9.4476
1163.50,9.4519
1164.00,9.4540
1164.50,9.4402
1165.00,9.4014
1165.50,9.3434
1166.00,9.2822
1166.50,9.2302
1167.00,9.1895
1167.50,9.1573
1168.00,9.1333
1168.50,9.1204
1169.00,9.1183
1169.50,9.1203
1170.00,9.1156
1170.50,9.0959
1171.00,9.0603
1171.50,9.0155
1172.00,8.9734
1172.50,8.9474
1173.00,8.9456
1173.50,8.9655
1174.00,8.9943
1174.50,9.0159
1175.00,9.0210
1175.50,9.0111
1176.00,8.9950
1176.50,8.9817
1177.00,8.9756
1177.50,8.9752
1178.00,8.9743
1178.50,8.9656
1179.00,8.9465
1179.50,8.9226
1180.00,8.9054
1180.50,8.9039
1181.00,8.9172
1181.50,8.9358
1182.00,8.9498
1182.50,8.9553
1183.00,8.9548
1183.50,8.9525
1184.00,8.9517
1184.50,8.9544
1185.00,8.9623
1185.50,8.9744
1186.00,8.9862
1186.50,8.9928
1187.00,8.9939
1187.50,8.9943
1188.00,8.9985
1188.50,9.0057
1189.00,9.0100
1189.50,9.0051
1190.00,8.9881
1190.50,8.9615
1191.00,8.9314
1191.50,8.9062
1192.00,8.8931
1192.50,8.8949
1193.00,8.9095
1193.50,8.9298
1194.00,8.9466
1194.50,8.9514
1195.00,8.9420
1195.50,8.9249
1196.00,8.9116
1196.50,8.9084
1197.00,8.9102
1197.50,8.9050
1198.00,8.8849
1198.50,8.8541
1199.00,8.8239
1199.50,8.8031
1200.00,8.7917
1200.50,8.7861
1201.00,8.7866
1201.50,8.7985
1202.00,8.8249
1202.50,8.8607
1203.00,8.8944
1203.50,8.9164
1204.00,8.9265
1204.50,8.9317
1205.00,8.9387
1205.50,8.9469
1206.00,8.9485
1206.50,8.9355
1207.00,8.9063
1207.50,8.8665
1208.00,8.8243
1208.50,8.7878
1209.00,8.7649
1209.50,8.7622
1210.00,8.7800
1210.50,8.8094
1211.00,8.8371
1211.50,8.8540
1212.00,8.8580
1212.50,8.8508
1213.00,8.8336
1213.50,8.8085
1214.00,8.7798
1214.50,8.7514
1215.00,8.7242
1215.50,8.6969
1216.00,8.6714
1216.50,8.6547
1217.00,8.6550
1217.50,8.6754
1218.00,8.7113
1218.50,8.7534
1219.00,8.7914
1219.50,8.8196
1220.00,8.8397
1220.50,8.8598
1221.00,8.8897
1221.50,8.9330
1222.00,8.9835
1222.50,9.0262
1223.00,9.0456
1223.50,9.0370
1224.00,9.0123
1224.50,8.9926
1225.00,8.9924
1225.50,9.0103
1226.00,9.0329
1226.50,9.0461
1227.00,9.0441
1227.50,9.0302
1228.00,9.0123
1228.50,8.9967
1229.00,8.9858
1229.50,8.9799
1230.00,8.9814
1230.50,8.9949
1231.00,9.0217
1231.50,9.0552
1232.00,9.0837
1232.50,9.0974
1233.00,9.0951
1233.50,9.0830
1234.00,9.0694
1234.50,9.0590
1235.00,9.0517
1235.50,9.0458
1236.00,9.0428
1236.50,9.0479
1237.00,9.0655
1237.50,9.0930
1238.00,9.1213
1238.50,9.1414
1239.00,9.1504
1239.50,9.1511
1240.00,9.1461
1240.50,9.1334
1241.00,9.1070
1241.50,9.0638
1242.00,9.0105
1242.50,8.9613
1243.00,8.9292
1243.50,8.9172
1244.00,8.9181
1244.50,8.9211
1245.00,8.9187
1245.50,8.9093
1246.00,8.8950
1246.50,8.8784
1247.00,8.8623
1247.50,8.8491
1248.00,8.8395
1248.50,8.8330
1249.00,8.8298
1249.50,8.8347
1250.00,8.8546
1250.50,8.8915
1251.00,8.9372
1251.50,8.9760
1252.00,8.9947
1252.50,8.9902
1253.00,8.9692
1253.50,8.9428
1254.00,8.9222
1254.50,8.9146
1255.00,8.9213
1255.50,8.9378
1256.00,8.9570
1256.50,8.9705
1257.00,8.9689
1257.50,8.9427
1258.00,8.8876
1258.50,8.8103
1259.00,8.7275
1259.50,8.6585
1260.00,8.6178
1260.50,8.6112
1261.00,8.6345
1261.50,8.6756
1262.00,8.7183
1262.50,8.7497
1263.00,8.7639
1263.50,8.7616
1264.00,8.7477
1264.50,8.7271
1265.00,8.7038
1265.50,8.6803
1266.00,8.6585
1266.50,8.6401
1267.00,8.6262
1267.50,8.6160
1268.00,8.6071
1268.50,8.5977
1269.00,8.5880
1269.50,8.5797
1270.00,8.5734
1270.50,8.5685
1271.00,8.5659
1271.50,8.5685
1272.00,8.5790
1272.50,8.5969
1273.00,8.6173
1273.50,8.6342
1274.00,8.6428
1274.50,8.6418
1275.00,8.6344
1275.50,8.6283
1276.00,8.6324
1276.50,8.6513
1277.00,8.6846
1277.50,8.7284
1278.00,8.7779
1278.50,8.8283
1279.00,8.8744
1279.50,8.9121
1280.00,8.9399
1280.50,8.9579
1281.00,8.9655
1281.50,8.9626
1282.00,8.9518
1282.50,8.9384
1283.00,8.9255
1283.50,8.9101
1284.00,8.8868
1284.50,8.8539
1285.00,8.8144
1285.50,8.7739
1286.00,8.7368
1286.50,8.7057
1287.00,8.6826
1287.50,8.6692
1288.00,8.6659
1288.50,8.6704
1289.00,8.6778
1289.50,8.6821
1290.00,8.6790
1290.50,8.6676
1291.00,8.6517
1291.50,8.6398
1292.00,8.6403
1292.50,8.6556
1293.00,8.6780
1293.50,8.6926
1294.00,8.6847
1294.50,8.6477
1295.00,8.5859
1295.50,8.5128
1296.00,8.4479
1296.50,8.4108
1297.00,8.4135
1297.50,8.4526
1298.00,8.5107
1298.50,8.5673
1299.00,8.6098
1299.50,8.6365
1300.00,8.6517
1300.50,8.6601
1301.00,8.6653
1301.50,8.6684
1302.00,8.6682
1302.50,8.6624
1303.00,8.6489
1303.50,8.6287
1304.00,8.6057
1304.50,8.5874
1305.00,8.5813
1305.50,8.5901
1306.00,8.6072
1306.50,8.6214
1307.00,8.6254
1307.50,8.6214
1308.00,8.6199
1308.50,8.6306
1309.00,8.6534
1309.50,8.6770
1310.00,8.6863
1310.50,8.6731
1311.00,8.6410
1311.50,8.6010
1312.00,8.5642
1312.50,8.5389
1313.00,8.5319
1313.50,8.5485
1314.00,8.5898
1314.50,8.6509
1315.00,8.7211
1315.50,8.7856
1316.00,8.8288
1316.50,8.8405
1317.00,8.8227
1317.50,8.7893
1318.00,8.7595
1318.50,8.7464
1319.00,8.7514
1319.50,8.7651
1320.00,8.7741
1320.50,8.7689
1321.00,8.7494
1321.50,8.7259
1322.00,8.7113
1322.50,8.7109
1323.00,8.7180
1323.50,8.7206
1324.00,8.7105
1324.50,8.6868
1325.00,8.6525
1325.50,8.6131
1326.00,8.5771
1326.50,8.5542
1327.00,8.5490
1327.50,8.5583
1328.00,8.5736
1328.50,8.5870
1329.00,8.5941
1329.50,8.5952
1330.00,8.5945
1330.50,8.5968
1331.00,8.6030
1331.50,8.6098
1332.00,8.6132
1332.50,8.6142
1333.00,8.6162
1333.50,8.6186
1334.00,8.6131
1334.50,8.5892
1335.00,8.5435
1335.50,8.4842
1336.00,8.4257
1336.50,8.3804
1337.00,8.3543
1337.50,8.3484
1338.00,8.3612
1338.50,8.3871
1339.00,8.4149
1339.50,8.4328
1340.00,8.4360
1340.50,8.4317
1341.00,8.4320
1341.50,8.4435
1342.00,8.4639
1342.50,8.4862
1343.00,8.5039
1343.50,8.5116
1344.00,8.5081
1344.50,8.4980
1345.00,8.4900
1345.50,8.4887
1346.00,8.4898
1346.50,8.4859
1347.00,8.4761
1347.50,8.4691
1348.00,8.4748
1348.50,8.4952
1349.00,8.5219
1349.50,8.5428
1350.00,8.5482
1350.50,8.5350
1351.00,8.5063
1351.50,8.4687
1352.00,8.4303
1352.50,8.3988
1353.00,8.3814
1353.50,8.3833
1354.00,8.4045
1354.50,8.4377
1355.00,8.4689
1355.50,8.4843
1356.00,8.4789
1356.50,8.4608
1357.00,8.4467
1357.50,8.4497
1358.00,8.4699
1358.50,8.4959
1359.00,8.5143
1359.50,8.5186
1360.00,8.5119
1360.50,8.5023
1361.00,8.4975
1361.50,8.5010
1362.00,8.5105
1362.50,8.5195
1363.00,8.5192
1363.50,8.5029
1364.00,8.4701
1364.50,8.4281
1365.00,8.3888
1365.50,8.3631
1366.00,8.3571
1366.50,8.3707
1367.00,8.3987
1367.50,8.4329
1368.00,8.4639
1368.50,8.4834
1369.00,8.4865
1369.50,8.4738
1370.00,8.4549
1370.50,8.4460
1371.00,8.4647
1371.50,8.5191
1372.00,8.6032
1372.50,8.6977
1373.00,8.7795
1373.50,8.8320
1374.00,8.8522
1374.50,8.8504
1375.00,8.8424
1375.50,8.8389
1376.00,8.8391
1376.50,8.8344
1377.00,8.8185
1377.50,8.7964
1378.00,8.7826
1378.50,8.7875
1379.00,8.8062
1379.50,8.8205
1380.00,8.8154
1380.50,8.7909
1381.00,8.7613
1381.50,8.7419
1382.00,8.7370
1382.50,8.7398
1383.00,8.7403
1383.50,8.7346
1384.00,8.7262
1384.50,8.7207
1385.00,8.7193
1385.50,8.7165
1386.00,8.7024
1386.50,8.6693
1387.00,8.6184
1387.50,8.5636
1388.00,8.5239
1388.50,8.5086
1389.00,8.5091
1389.50,8.5072
1390.00,8.4926
1390.50,8.4704
1391.00,8.4530
1391.50,8.4472
1392.00,8.4508
1392.50,8.4587
1393.00,8.4690
1393.50,8.4825
1394.00,8.4983
1394.50,8.5119
1395.00,8.5176
1395.50,8.5137
1396.00,8.5033
1396.50,8.4917
1397.00,8.4833
1397.50,8.4799
1398.00,8.4815
1398.50,8.4870
1399.00,8.4940
1399.50,8.4990
1400.00,8.4972
1400.50,8.4845
1401.00,8.4590
1401.50,8.4232
1402.00,8.3844
1402.50,8.3535
1403.00,8.3402
1403.50,8.3471
1404.00,8.3669
1404.50,8.3855
1405.00,8.3931
1405.50,8.3922
1406.00,8.3952
1406.50,8.4125
1407.00,8.4444
1407.50,8.4826
1408.00,8.5193
1408.50,8.5515
1409.00,8.5793
1409.50,8.6028
1410.00,8.6220
1410.50,8.6385
1411.00,8.6548
1411.50,8.6724
1412.00,8.6902
1412.50,8.7042
1413.00,8.7085
1413.50,8.6992
1414.00,8.6795
1414.50,8.6585
1415.00,8.6465
1415.50,8.6467
1416.00,8.6554
1416.50,8.6669
1417.00,8.6812
1417.50,8.7061
1418.00,8.7501
1418.50,8.8118
1419.00,8.8748
1419.50,8.9163
1420.00,8.9232
1420.50,8.9007
1421.00,8.8661
1421.50,8.8363
1422.00,8.8207
1422.50,8.8196
1423.00,8.8259
1423.50,8.8287
1424.00,8.8195
1424.50,8.7995
1425.00,8.7773
1425.50,8.7593
1426.00,8.7407
1426.50,8.7099
1427.00,8.6610
1427.50,8.6021
1428.00,8.5514
1428.50,8.5252
1429.00,8.5293
1429.50,8.5553
1430.00,8.5863
1430.50,8.6062
1431.00,8.6075
1431.50,8.5922
1432.00,8.5662
1432.50,8.5339
1433.00,8.4986
1433.50,8.4650
1434.00,8.4393
1434.50,8.4253
1435.00,8.4220
1435.50,8.4254
1436.00,8.4316
1436.50,8.4392
1437.00,8.4479
1437.50,8.4554
1438.00,8.4566
1438.50,8.4459
1439.00,8.4235
1439.50,8.3980
1440.00,8.3822
1440.50,8.3847
1441.00,8.4033
1441.50,8.4267
1442.00,8.4425
1442.50,8.4448
1443.00,8.4360
1443.50,8.4233
1444.00,8.4122
1444.50,8.4027
1445.00,8.3912
1445.50,8.3758
1446.00,8.3603
1446.50,8.3541
1447.00,8.3668
1447.50,8.4033
1448.00,8.4600
1448.50,8.5242
1449.00,8.5787
1449.50,8.6109
1450.00,8.6193
1450.50,8.6132
1451.00,8.6038
1451.50,8.5980
1452.00,8.5952
1452.50,8.5907
1453.00,8.5791
1453.50,8.5589
1454.00,8.5339
1454.50,8.5106
1455.00,8.4930
1455.50,8.4773
1456.00,8.4548
1456.50,8.4184
1457.00,8.3695
1457.50,8.3170
1458.00,8.2722
1458.50,8.2433
1459.00,8.2341
1459.50,8.2446
1460.00,8.2699
1460.50,8.2993
1461.00,8.3211
1461.50,8.3306
1462.00,8.3353
1462.50,8.3492
1463.00,8.3800
1463.50,8.4208
1464.00,8.4569
1464.50,8.4785
1465.00,8.4875
1465.50,8.4931
1466.00,8.5032
1466.50,8.5196
1467.00,8.5383
1467.50,8.5518
1468.00,8.5534
1468.50,8.5408
1469.00,8.5187
1469.50,8.4969
1470.00,8.4836
1470.50,8.4789
1471.00,8.4752
1471.50,8.4630
1472.00,8.4395
1472.50,8.4114
1473.00,8.3927
1473.50,8.3952
1474.00,8.4206
1474.50,8.4588
1475.00,8.4961
1475.50,8.5251
1476.00,8.5470
1476.50,8.5667
1477.00,8.5863
1477.50,8.6037
1478.00,8.6155
1478.50,8.6199
1479.00,8.6170
1479.50,8.6083
1480.00,8.5955
1480.50,8.5821
1481.00,8.5724
1481.50,8.5685
1482.00,8.5697
1482.50,8.5738
1483.00,8.5806
1483.50,8.5912
1484.00,8.6067
1484.50,8.6280
1485.00,8.6562
1485.50,8.6911
1486.00,8.7296
1486.50,8.7656
1487.00,8.7912
1487.50,8.7999
1488.00,8.7921
1488.50,8.7782
1489.00,8.7729
1489.50,8.7837
1490.00,8.8045
1490.50,8.8224
1491.00,8.8300
1491.50,8.8302
1492.00,8.8309
1492.50,8.8349
1493.00,8.8365
1493.50,8.8266
1494.00,8.8000
1494.50,8.7614
1495.00,8.7235
1495.50,8.7004
1496.00,8.7002
1496.50,8.7212
1497.00,8.7547
1497.50,8.7895
1498.00,8.8179
1498.50,8.8368
1499.00,8.8470
1499.50,8.8497
1500.00,8.8462
1500.50,8.8391
1501.00,8.8330
1501.50,8.8320
1502.00,8.8351
1502.50,8.8361
1503.00,8.8268
1503.50,8.8049
1504.00,8.7771
1504.50,8.7563
1505.00,8.7526
1505.50,8.7680
1506.00,8.7956
1506.50,8.8263
1507.00,8.8533
1507.50,8.8741
1508.00,8.8887
1508.50,8.8969
1509.00,8.8980
1509.50,8.8914
1510.00,8.8777
1510.50,8.8590
1511.00,8.8381
1511.50,8.8192
1512.00,8.8057
1512.50,8.7978
1513.00,8.7915
1513.50,8.7791
1514.00,8.7544
1514.50,8.7166
1515.00,8.6721
1515.50,8.6329
1516.00,8.6120
1516.50,8.6171
1517.00,8.6461
1517.50,8.6863
1518.00,8.7195
1518.50,8.7321
1519.00,8.7201
1519.50,8.6882
1520.00,8.6445
1520.50,8.5972
1521.00,8.5540
1521.50,8.5213
1522.00,8.5027
1522.50,8.4991
1523.00,8.5096
1523.50,8.5298
1524.00,8.5523
1524.50,8.5695
1525.00,8.5778
1525.50,8.5782
1526.00,8.5722
1526.50,8.5591
1527.00,8.5380
1527.50,8.5120
1528.00,8.4867
1528.50,8.4676
1529.00,8.4582
1529.50,8.4622
1530.00,8.4842
1530.50,8.5254
1531.00,8.5788
1531.50,8.6287
1532.00,8.6588
1532.50,8.6614
1533.00,8.6412
1533.50,8.6096
1534.00,8.5768
1534.50,8.5472
1535.00,8.5203
1535.50,8.4937
1536.00,8.4670
1536.50,8.4418
1537.00,8.4200
1537.50,8.4031
1538.00,8.3919
1538.50,8.3885
1539.00,8.3959
1539.50,8.4144
1540.00,8.4382
1540.50,8.4578
1541.00,8.4657
1541.50,8.4614
1542.00,8.4490
1542.50,8.4323
1543.00,8.4128
1543.50,8.3913
1544.00,8.3700
1544.50,8.3522
1545.00,8.3411
1545.50,8.3386
1546.00,8.3436
1546.50,8.3519
1547.00,8.3593
1547.50,8.3660
1548.00,8.3768
1548.50,8.3961
1549.00,8.4234
1549.50,8.4528
1550.00,8.4772
1550.50,8.4917
1551.00,8.4952
1551.50,8.4919
1552.00,8.4894
1552.50,8.4928
1553.00,8.5008
1553.50,8.5065
1554.00,8.5048
1554.50,8.4974
1555.00,8.4913
1555.50,8.4913
1556.00,8.4954
1556.50,8.4968
1557.00,8.4902
1557.50,8.4763
1558.00,8.4605
1558.50,8.4489
1559.00,8.4445
1559.50,8.4453
1560.00,8.4466
1560.50,8.4455
1561.00,8.4456
1561.50,8.4572
1562.00,8.4884
1562.50,8.5350
1563.00,8.5779
1563.50,8.5959
1564.00,8.5820
1564.50,8.5485
1565.00,8.5139
1565.50,8.4892
1566.00,8.4753
1566.50,8.4695
1567.00,8.4687
1567.50,8.4671
1568.00,8.4583
1568.50,8.4411
1569.00,8.4224
1569.50,8.4120
1570.00,8.4140
1570.50,8.4260
1571.00,8.4422
1571.50,8.4577
1572.00,8.4698
1572.50,8.4785
1573.00,8.4880
1573.50,8.5048
1574.00,8.5312
1574.50,8.5606
1575.00,8.5807
1575.50,8.5847
1576.00,8.5766
1576.50,8.5646
1577.00,8.5518
1577.50,8.5342
1578.00,8.5068
1578.50,8.4693
1579.00,8.4270
1579.50,8.3890
1580.00,8.3647
1580.50,8.3612
1581.00,8.3798
1581.50,8.4155
1582.00,8.4584
1582.50,8.4976
1583.00,8.5247
1583.50,8.5366
1584.00,8.5344
1584.50,8.5212
1585.00,8.5007
1585.50,8.4769
1586.00,8.4548
1586.50,8.4404
1587.00,8.4379
1587.50,8.4472
1588.00,8.4646
1588.50,8.4856
1589.00,8.5079
1589.50,8.5299
1590.00,8.5478
1590.50,8.5559
1591.00,8.5524
1591.50,8.5427
1592.00,8.5371
1592.50,8.5437
1593.00,8.5652
1593.50,8.5984
1594.00,8.6359
1594.50,8.6677
1595.00,8.6841
1595.50,8.6805
1596.00,8.6590
1596.50,8.6264
1597.00,8.5885
1597.50,8.5482
1598.00,8.5078
1598.50,8.4717
1599.00,8.4475
1599.50,8.4435
1600.00,8.4639
1600.50,8.5042
1601.00,8.5516
1601.50,8.5905
1602.00,8.6099
1602.50,8.6080
1603.00,8.5918
1603.50,8.5718
1604.00,8.5568
1604.50,8.5505
1605.00,8.5518
1605.50,8.5571
1606.00,8.5625
1606.50,8.5663
1607.00,8.5689
1607.50,8.5735
1608.00,8.5846
1608.50,8.6059
1609.00,8.6373
1609.50,8.6717
1610.00,8.6982
1610.50,8.7087
1611.00,8.7031
1611.50,8.6883
1612.00,8.6715
1612.50,8.6548
1613.00,8.6371
1613.50,8.6196
1614.00,8.6080
1614.50,8.6094
1615.00,8.6271
1615.50,8.6568
1616.00,8.6880
1616.50,8.7099
1617.00,8.7169
1617.50,8.7098
1618.00,8.6936
1618.50,8.6747
1619.00,8.6590
1619.50,8.6500
1620.00,8.6479
1620.50,8.6510
1621.00,8.6577
1621.50,8.6655
1622.00,8.6692
1622.50,8.6639
1623.00,8.6494
1623.50,8.6320
1624.00,8.6192
1624.50,8.6122
1625.00,8.6055
1625.50,8.5931
1626.00,8.5771
1626.50,8.5671
1627.00,8.5724
1627.50,8.5936
1628.00,8.6210
1628.50,8.6429
1629.00,8.6528
1629.50,8.6525
1630.00,8.6484
1630.50,8.6464
1631.00,8.6493
1631.50,8.6558
1632.00,8.6626
1632.50,8.6649
1633.00,8.6593
1633.50,8.6442
1634.00,8.6212
1634.50,8.5933
1635.00,8.5669
1635.50,8.5510
1636.00,8.5529
1636.50,8.5724
1637.00,8.6006
1637.50,8.6245
1638.00,8.6361
1638.50,8.6358
1639.00,8.6305
1639.50,8.6283
1640.00,8.6336
1640.50,8.6444
1641.00,8.6543
1641.50,8.6572
1642.00,8.6513
1642.50,8.6389
1643.00,8.6231
1643.50,8.6075
1644.00,8.5962
1644.50,8.5925
1645.00,8.5970
1645.50,8.6091
1646.00,8.6301
1646.50,8.6604
1647.00,8.6935
1647.50,8.7141
1648.00,8.7072
1648.50,8.6704
1649.00,8.6171
1649.50,8.5676
1650.00,8.5382
1650.50,8.5337
1651.00,8.5486
1651.50,8.5709
1652.00,8.5897
1652.50,8.5994
1653.00,8.5991
1653.50,8.5903
1654.00,8.5746
1654.50,8.5539
1655.00,8.5308
1655.50,8.5094
1656.00,8.4966
1656.50,8.5009
1657.00,8.5265
1657.50,8.5667
1658.00,8.6058
1658.50,8.6277
1659.00,8.6270
1659.50,8.6103
1660.00,8.5894
1660.50,8.5742
1661.00,8.5686
1661.50,8.5710
1662.00,8.5768
1662.50,8.5811
1663.00,8.5816
1663.50,8.5785
1664.00,8.5741
1664.50,8.5703
1665.00,8.5671
1665.50,8.5630
1666.00,8.5575
1666.50,8.5535
1667.00,8.5574
1667.50,8.5761
1668.00,8.6121
1668.50,8.6611
1669.00,8.7128
1669.50,8.7539
1670.00,8.7728
1670.50,8.7657
1671.00,8.7409
1671.50,8.7158
1672.00,8.7055
1672.50,8.7120
1673.00,8.7246
1673.50,8.7310
1674.00,8.7256
1674.50,8.7115
1675.00,8.6948
1675.50,8.6814
1676.00,8.6767
1676.50,8.6849
1677.00,8.7070
1677.50,8.7368
1678.00,8.7605
1678.50,8.7646
1679.00,8.7458
1679.50,8.7136
1680.00,8.6829
1680.50,8.6627
1681.00,8.6535
1681.50,8.6515
1682.00,8.6523
1682.50,8.6513
1683.00,8.6424
1683.50,8.6213
1684.00,8.5886
1684.50,8.5514
1685.00,8.5196
1685.50,8.5011
1686.00,8.4992
1686.50,8.5108
1687.00,8.5289
1687.50,8.5476
1688.00,8.5682
1688.50,8.5954
1689.00,8.6288
1689.50,8.6596
1690.00,8.6766
1690.50,8.6776
1691.00,8.6700
1691.50,8.6645
1692.00,8.6676
1692.50,8.6795
1693.00,8.6956
1693.50,8.7077
1694.00,8.7081
1694.50,8.6957
1695.00,8.6797
1695.50,8.6737
1696.00,8.6820
1696.50,8.6937
1697.00,8.6931
1697.50,8.6761
1698.00,8.6563
1698.50,8.6516
1699.00,8.6683
1699.50,8.6966
1700.00,8.7197
1700.50,8.7264
1701.00,8.7158
1701.50,8.6947
1702.00,8.6707
1702.50,8.6481
1703.00,8.6296
1703.50,8.6178
1704.00,8.6137
1704.50,8.6146
1705.00,8.6149
1705.50,8.6115
1706.00,8.6071
1706.50,8.6076
1707.00,8.6165
1707.50,8.6325
1708.00,8.6514
1708.50,8.6704
1709.00,8.6907
1709.50,8.7174
1710.00,8.7552
1710.50,8.8017
1711.00,8.8455
1711.50,8.8726
1712.00,8.8761
1712.50,8.8594
1713.00,8.8307
1713.50,8.7966
1714.00,8.7609
1714.50,8.7267
1715.00,8.6974
1715.50,8.6726
1716.00,8.6482
1716.50,8.6214
1717.00,8.5964
1717.50,8.5817
1718.00,8.5824
1718.50,8.5952
1719.00,8.6116
1719.50,8.6243
1720.00,8.6301
1720.50,8.6292
1721.00,8.6243
1721.50,8.6215
1722.00,8.6292
1722.50,8.6524
1723.00,8.6859
1723.50,8.7149
1724.00,8.7241
1724.50,8.7088
1725.00,8.6793
1725.50,8.6551
1726.00,8.6523
1726.50,8.6732
1727.00,8.7065
1727.50,8.7371
1728.00,8.7570
1728.50,8.7649
1729.00,8.7610
1729.50,8.7445
1730.00,8.7168
1730.50,8.6848
1731.00,8.6566
1731.50,8.6362
1732.00,8.6218
1732.50,8.6101
1733.00,8.6003
1733.50,8.5926
1734.00,8.5847
1734.50,8.5713
1735.00,8.5506
1735.50,8.5301
1736.00,8.5233
1736.50,8.5388
1737.00,8.5726
1737.50,8.6128
1738.00,8.6503
1738.50,8.6821
1739.00,8.7066
1739.50,8.7187
1740.00,8.7127
1740.50,8.6889
1741.00,8.6563
1741.50,8.6288
1742.00,8.6182
1742.50,8.6273
1743.00,8.6487
1743.50,8.6685
1744.00,8.6753
1744.50,8.6657
1745.00,8.6457
1745.50,8.6249
1746.00,8.6099
1746.50,8.5999
1747.00,8.5907
1747.50,8.5817
1748.00,8.5773
1748.50,8.5806
1749.00,8.5869
1749.50,8.5867
1750.00,8.5727
1750.50,8.5441
1751.00,8.5069
1751.50,8.4714
1752.00,8.4506
1752.50,8.4552
1753.00,8.4858
1753.50,8.5312
1754.00,8.5729
1754.50,8.5958
1755.00,8.5952
1755.50,8.5775
1756.00,8.5528
1756.50,8.5283
1757.00,8.5056
1757.50,8.4840
1758.00,8.4629
1758.50,8.4443
1759.00,8.4321
1759.50,8.4335
1760.00,8.4544
1760.50,8.4940
1761.00,8.5377
1761.50,8.5623
1762.00,8.5518
1762.50,8.5145
1763.00,8.4808
1763.50,8.4801
1764.00,8.5172
1764.50,8.5696
1765.00,8.6074
1765.50,8.6140
1766.00,8.5923
1766.50,8.5570
1767.00,8.5245
1767.50,8.5047
1768.00,8.4974
1768.50,8.4948
1769.00,8.4896
1769.50,8.4816
1770.00,8.4757
1770.50,8.4750
1771.00,8.4780
1771.50,8.4816
1772.00,8.4850
1772.50,8.4912
1773.00,8.5042
1773.50,8.5236
1774.00,8.5427
1774.50,8.5526
1775.00,8.5494
1775.50,8.5382
1776.00,8.5298
1776.50,8.5340
1777.00,8.5536
1777.50,8.5843
1778.00,8.6164
1778.50,8.6406
1779.00,8.6520
1779.50,8.6521
1780.00,8.6466
1780.50,8.6408
1781.00,8.6351
1781.50,8.6261
1782.00,8.6112
1782.50,8.5933
1783.00,8.5800
1783.50,8.5788
1784.00,8.5925
1784.50,8.6192
1785.00,8.6549
1785.50,8.6944
1786.00,8.7300
1786.50,8.7524
1787.00,8.7571
1787.50,8.7478
1788.00,8.7331
1788.50,8.7185
1789.00,8.7041
1789.50,8.6881
1790.00,8.6708
1790.50,8.6535
1791.00,8.6365
1791.50,8.6188
1792.00,8.6008
1792.50,8.5860
1793.00,8.5790
1793.50,8.5820
1794.00,8.5905
1794.50,8.5949
1795.00,8.5867
1795.50,8.5641
1796.00,8.5328
1796.50,8.5017
1797.00,8.4773
1797.50,8.4630
1798.00,8.4620
1798.50,8.4772
1799.00,8.5089
1799.50,8.5514
1800.00,8.5947
1800.50,8.6285
1801.00,8.6474
1801.50,8.6528
1802.00,8.6495
1802.50,8.6418
1803.00,8.6294
1803.50,8.6102
1804.00,8.5842
1804.50,8.5568
1805.00,8.5357
1805.50,8.5253
1806.00,8.5220
1806.50,8.5161
1807.00,8.5015
1807.50,8.4836
1808.00,8.4759
1808.50,8.4867
1809.00,8.5090
1809.50,8.5260
1810.00,8.5255
1810.50,8.5090
1811.00,8.4897
1811.50,8.4841
1812.00,8.5028
1812.50,8.5436
1813.00,8.5915
1813.50,8.6281
1814.00,8.6450
1814.50,8.6489
1815.00,8.6520
1815.50,8.6587
1816.00,8.6642
1816.50,8.6642
1817.00,8.6621
1817.50,8.6641
1818.00,8.6719
1818.50,8.6820
1819.00,8.6926
1819.50,8.7067
1820.00,8.7274
1820.50,8.7527
1821.00,8.7747
1821.50,8.7842
1822.00,8.7742
1822.50,8.7436
1823.00,8.6981
1823.50,8.6490
1824.00,8.6078
1824.50,8.5791
1825.00,8.5599
1825.50,8.5453
1826.00,8.5349
1826.50,8.5324
1827.00,8.5416
1827.50,8.5644
1828.00,8.6006
1828.50,8.6475
1829.00,8.6973
1829.50,8.7371
1830.00,8.7555
1830.50,8.7503
1831.00,8.7308
1831.50,8.7115
1832.00,8.7040
1832.50,8.7116
1833.00,8.7285
1833.50,8.7422
1834.00,8.7394
1834.50,8.7117
1835.00,8.6616
1835.50,8.6038
1836.00,8.5611
1836.50,8.5534
1837.00,8.5849
1837.50,8.6393
1838.00,8.6893
1838.50,8.7135
1839.00,8.7086
1839.50,8.6866
1840.00,8.6641
1840.50,8.6523
1841.00,8.6555
1841.50,8.6714
1842.00,8.6921
1842.50,8.7074
1843.00,8.7112
1843.50,8.7083
1844.00,8.7098
1844.50,8.7207
1845.00,8.7340
1845.50,8.7380
1846.00,8.7298
1846.50,8.7191
1847.00,8.7188
1847.50,8.7324
1848.00,8.7500
1848.50,8.7567
1849.00,8.7436
1849.50,8.7117
1850.00,8.6676
1850.50,8.6186
1851.00,8.5711
1851.50,8.5319
1852.00,8.5066
1852.50,8.4969
1853.00,8.5009
1853.50,8.5168
1854.00,8.5457
1854.50,8.5893
1855.00,8.6440
1855.50,8.6978
1856.00,8.7346
1856.50,8.7437
1857.00,8.7275
1857.50,8.6998
1858.00,8.6763
1858.50,8.6663
1859.00,8.6706
1859.50,8.6853
1860.00,8.7076
1860.50,8.7377
1861.00,8.7750
1861.50,8.8126
1862.00,8.8380
1862.50,8.8400
1863.00,8.8176
1863.50,8.7835
1864.00,8.7573
1864.50,8.7520
1865.00,8.7653
1865.50,8.7814
1866.00,8.7840
1866.50,8.7678
1867.00,8.7405
1867.50,8.7146
1868.00,8.6989
1868.50,8.6954
1869.00,8.7004
1869.50,8.7085
1870.00,8.7159
1870.50,8.7206
1871.00,8.7207
1871.50,8.7138
1872.00,8.6985
1872.50,8.6770
1873.00,8.6554
1873.50,8.6404
1874.00,8.6360
1874.50,8.6410
1875.00,8.6499
1875.50,8.6548
1876.00,8.6508
1876.50,8.6412
1877.00,8.6353
1877.50,8.6419
1878.00,8.6622
1878.50,8.6905
1879.00,8.7194
1879.50,8.7438
1880.00,8.7609
1880.50,8.7701
1881.00,8.7724
1881.50,8.7696
1882.00,8.7638
1882.50,8.7587
1883.00,8.7606
1883.50,8.7755
1884.00,8.8027
1884.50,8.8303
1885.00,8.8412
1885.50,8.8242
1886.00,8.7824
1886.50,8.7288
1887.00,8.6771
1887.50,8.6379
1888.00,8.6207
1888.50,8.6328
1889.00,8.6708
1889.50,8.7169
1890.00,8.7491
1890.50,8.7579
1891.00,8.7511
1891.50,8.7435
1892.00,8.7430
1892.50,8.7483
1893.00,8.7534
1893.50,8.7540
1894.00,8.7486
1894.50,8.7375
1895.00,8.7217
1895.50,8.7023
1896.00,8.6812
1896.50,8.6614
1897.00,8.6471
1897.50,8.6417
1898.00,8.6459
1898.50,8.6564
1899.00,8.6656
1899.50,8.6649
1900.00,8.6516
1900.50,8.6318
1901.00,8.6155
1901.50,8.6077
1902.00,8.6058
1902.50,8.6056
1903.00,8.6067
1903.50,8.6128
1904.00,8.6285
1904.50,8.6556
1905.00,8.6920
1905.50,8.7296
1906.00,8.7548
1906.50,8.7535
1907.00,8.7204
1907.50,8.6639
1908.00,8.6037
1908.50,8.5608
1909.00,8.5486
1909.50,8.5673
1910.00,8.6062
1910.50,8.6501
1911.00,8.6865
1911.50,8.7099
1912.00,8.7202
1912.50,8.7204
1913.00,8.7136
1913.50,8.7017
1914.00,8.6855
1914.50,8.6666
1915.00,8.6488
1915.50,8.6379
1916.00,8.6382
1916.50,8.6504
1917.00,8.6714
1917.50,8.6972
1918.00,8.7265
1918.50,8.7597
1919.00,8.7959
1919.50,8.8312
1920.00,8.8609
1920.50,8.8838
1921.00,8.9018
1921.50,8.9143
1922.00,8.9177
1922.50,8.9070
1923.00,8.8792
1923.50,8.8330
1924.00,8.7712
1924.50,8.7037
1925.00,8.6477
1925.50,8.6184
1926.00,8.6198
1926.50,8.6432
1927.00,8.6743
1927.50,8.7025
1928.00,8.7240
1928.50,8.7397
1929.00,8.7530
1929.50,8.7675
1930.00,8.7859
1930.50,8.8092
1931.00,8.8348
1931.50,8.8571
1932.00,8.8693
1932.50,8.8669
1933.00,8.8498
1933.50,8.8229
1934.00,8.7940
1934.50,8.7706
1935.00,8.7577
1935.50,8.7561
1936.00,8.7629
1936.50,8.7723
1937.00,8.7796
1937.50,8.7825
1938.00,8.7805
1938.50,8.7731
1939.00,8.7606
1939.50,8.7449
1940.00,8.7303
1940.50,8.7223
1941.00,8.7254
1941.50,8.7422
1942.00,8.7734
1942.50,8.8156
1943.00,8.8591
1943.50,8.8894
1944.00,8.8938
1944.50,8.8694
1945.00,8.8264
1945.50,8.7831
1946.00,8.7570
1946.50,8.7560
1947.00,8.7738
1947.50,8.7947
1948.00,8.8051
1948.50,8.8049
1949.00,8.8053
1949.50,8.8155
1950.00,8.8322
1950.50,8.8426
1951.00,8.8391
1951.50,8.8276
1952.00,8.8206
1952.50,8.8228
1953.00,8.8263
1953.50,8.8191
1954.00,8.7983
1954.50,8.7741
1955.00,8.7616
1955.50,8.7682
1956.00,8.7866
1956.50,8.8000
1957.00,8.7947
1957.50,8.7720
1958.00,8.7462
1958.50,8.7327
1959.00,8.7360
1959.50,8.7490
1960.00,8.7616
1960.50,8.7686
1961.00,8.7700
1961.50,8.7666
1962.00,8.7567
1962.50,8.7393
1963.00,8.7182
1963.50,8.7020
1964.00,8.6960
1964.50,8.6962
1965.00,8.6917
1965.50,8.6756
1966.00,8.6513
1966.50,8.6276
1967.00,8.6094
1967.50,8.5954
1968.00,8.5847
1968.50,8.5815
1969.00,8.5922
1969.50,8.6185
1970.00,8.6536
1970.50,8.6868
1971.00,8.7112
1971.50,8.7285
1972.00,8.7428
1972.50,8.7519
1973.00,8.7464
1973.50,8.7184
1974.00,8.6714
1974.50,8.6213
1975.00,8.5873
1975.50,8.5807
1976.00,8.5992
1976.50,8.6297
1977.00,8.6560
1977.50,8.6677
1978.00,8.6641
1978.50,8.6512
1979.00,8.6356
1979.50,8.6199
1980.00,8.6032
1980.50,8.5862
1981.00,8.5754
1981.50,8.5810
1982.00,8.6058
1982.50,8.6376
1983.00,8.6555
1983.50,8.6458
1984.00,8.6138
1984.50,8.5778
1985.00,8.5560
1985.50,8.5565
1986.00,8.5778
1986.50,8.6134
1987.00,8.6557
1987.50,8.6971
1988.00,8.7293
1988.50,8.7435
1989.00,8.7331
1989.50,8.6974
1990.00,8.6443
1990.50,8.5898
1991.00,8.5517
1991.50,8.5409
1992.00,8.5559
1992.50,8.5861
1993.00,8.6187
1993.50,8.6442
1994.00,8.6566
1994.50,8.6544
1995.00,8.6415
1995.50,8.6266
1996.00,8.6172
1996.50,8.6134
1997.00,8.6099
1997.50,8.6040
1998.00,8.6002
1998.50,8.6060
1999.00,8.6236
1999.50,8.6474
2000.00,8.6697
2000.50,8.6866
2001.00,8.6975
2001.50,8.7018
2002.00,8.6973
2002.50,8.6839
2003.00,8.6661
2003.50,8.6510
2004.00,8.6426
2004.50,8.6375
2005.00,8.6280
2005.50,8.6107
2006.00,8.5917
2006.50,8.5827
2007.00,8.5918
2007.50,8.6164
2008.00,8.6445
2008.50,8.6612
2009.00,8.6571
2009.50,8.6329
2010.00,8.5990
2010.50,8.5708
2011.00,8.5627
2011.50,8.5817
2012.00,8.6249
2012.50,8.6787
2013.00,8.7244
2013.50,8.7481
2014.00,8.7493
2014.50,8.7418
2015.00,8.7422
2015.50,8.7558
2016.00,8.7735
2016.50,8.7819
2017.00,8.7741
2017.50,8.7546
2018.00,8.7359
2018.50,8.7304
2019.00,8.7431
2019.50,8.7677
2020.00,8.7914
2020.50,8.8036
2021.00,8.8012
2021.50,8.7878
2022.00,8.7715
2022.50,8.7617
2023.00,8.7655
2023.50,8.7833
2024.00,8.8091
2024.50,8.8362
2025.00,8.8623
2025.50,8.8881
2026.00,8.9145
2026.50,8.9380
2027.00,8.9519
2027.50,8.9505
2028.00,8.9351
2028.50,8.9132
2029.00,8.8920
2029.50,8.8715
2030.00,8.8477
2030.50,8.8230
2031.00,8.8101
2031.50,8.8232
2032.00,8.8643
2032.50,8.9170
2033.00,8.9549
2033.50,8.9584
2034.00,8.9267
2034.50,8.8786
2035.00,8.8398
2035.50,8.8275
2036.00,8.8419
2036.50,8.8722
2037.00,8.9061
2037.50,8.9329
2038.00,8.9392
2038.50,8.9119
2039.00,8.8504
2039.50,8.7748
2040.00,8.7158
2040.50,8.6925
2041.00,8.7013
2041.50,8.7242
2042.00,8.7469
2042.50,8.7660
2043.00,8.7836
2043.50,8.8015
2044.00,8.8187
2044.50,8.8327
2045.00,8.8397
2045.50,8.8359
2046.00,8.8213
2046.50,8.8031
2047.00,8.7932
2047.50,8.8006
2048.00,8.8230
2048.50,8.8479
2049.00,8.8638
2049.50,8.8712
2050.00,8.8826
2050.50,8.9085
2051.00,8.9431
2051.50,8.9653
2052.00,8.9563
2052.50,8.9179
2053.00,8.8698
2053.50,8.8317
2054.00,8.8075
2054.50,8.7885
2055.00,8.7684
2055.50,8.7526
2056.00,8.7537
2056.50,8.7790
2057.00,8.8243
2057.50,8.8782
2058.00,8.9293
2058.50,8.9695
2059.00,8.9928
2059.50,8.9967
2060.00,8.9866
2060.50,8.9755
2061.00,8.9754
2061.50,8.9881
2062.00,9.0031
2062.50,9.0041
2063.00,8.9811
2063.50,8.9391
2064.00,8.8974
2064.50,8.8761
2065.00,8.8809
2065.50,8.8991
2066.00,8.9115
2066.50,8.9081
2067.00,8.8942
2067.50,8.8810
2068.00,8.8730
2068.50,8.8634
2069.00,8.8401
2069.50,8.7964
2070.00,8.7401
2070.50,8.6906
2071.00,8.6689
2071.50,8.6844
2072.00,8.7294
2072.50,8.7853
2073.00,8.8350
2073.50,8.8713
2074.00,8.8948
2074.50,8.9088
2075.00,8.9158
2075.50,8.9186
2076.00,8.9218
2076.50,8.9292
2077.00,8.9420
2077.50,8.9577
2078.00,8.9726
2078.50,8.9829
2079.00,8.9845
2079.50,8.9752
2080.00,8.9571
2080.50,8.9380
2081.00,8.9272
2081.50,8.9292
2082.00,8.9417
2082.50,8.9586
2083.00,8.9752
2083.50,8.9897
2084.00,9.0019
2084.50,9.0101
2085.00,9.0122
2085.50,9.0084
2086.00,9.0039
2086.50,9.0057
2087.00,9.0160
2087.50,9.0310
2088.00,9.0443
2088.50,9.0523
2089.00,9.0552
2089.50,9.0542
2090.00,9.0503
2090.50,9.0443
2091.00,9.0365
2091.50,9.0252
2092.00,9.0067
2092.50,8.9772
2093.00,8.9373
2093.50,8.8920
2094.00,8.8488
2094.50,8.8143
2095.00,8.7935
2095.50,8.7900
2096.00,8.8035
2096.50,8.8278
2097.00,8.8514
2097.50,8.8629
2098.00,8.8594
2098.50,8.8495
2099.00,8.8480
2099.50,8.8644
2100.00,8.8951
2100.50,8.9273
2101.00,8.9496
2101.50,8.9597
2102.00,8.9598
2102.50,8.9509
2103.00,8.9315
2103.50,8.9025
2104.00,8.8717
2104.50,8.8522
2105.00,8.8556
2105.50,8.8844
2106.00,8.9301
2106.50,8.9781
2107.00,9.0151
2107.50,9.0335
2108.00,9.0317
2108.50,9.0121
2109.00,8.9800
2109.50,8.9432
2110.00,8.9111
2110.50,8.8908
2111.00,8.8846
2111.50,8.8897
2112.00,8.9029
2112.50,8.9244
2113.00,8.9550
2113.50,8.9895
2114.00,9.0130
2114.50,9.0110
2115.00,8.9827
2115.50,8.9443
2116.00,8.9171
2116.50,8.9129
2117.00,8.9299
2117.50,8.9562
2118.00,8.9755
2118.50,8.9752
2119.00,8.9551
2119.50,8.9272
2120.00,8.9038
2120.50,8.8858
2121.00,8.8643
2121.50,8.8330
2122.00,8.7964
2122.50,8.7674
2123.00,8.7565
2123.50,8.7634
2124.00,8.7783
2124.50,8.7899
2125.00,8.7945
2125.50,8.7969
2126.00,8.8041
2126.50,8.8166
2127.00,8.8257
2127.50,8.8191
2128.00,8.7904
2128.50,8.7464
2129.00,8.7075
2129.50,8.6954
2130.00,8.7183
2130.50,8.7635
2131.00,8.8053
2131.50,8.8228
2132.00,8.8117
2132.50,8.7819
2133.00,8.7477
2133.50,8.7198
2134.00,8.7044
2134.50,8.7063
2135.00,8.7280
2135.50,8.7661
2136.00,8.8098
2136.50,8.8470
2137.00,8.8728
2137.50,8.8906
2138.00,8.9048
2138.50,8.9147
2139.00,8.9148
2139.50,8.9015
2140.00,8.8764
2140.50,8.8447
2141.00,8.8114
2141.50,8.7803
2142.00,8.7546
2142.50,8.7373
2143.00,8.7309
2143.50,8.7374
2144.00,8.7597
2144.50,8.7988
2145.00,8.8502
2145.50,8.9043
2146.00,8.9525
2146.50,8.9912
2147.00,9.0174
2147.50,9.0242
2148.00,9.0052
2148.50,8.9659
2149.00,8.9258
2149.50,8.9057
2150.00,8.9112
2150.50,8.9298
2151.00,8.9428
2151.50,8.9400
2152.00,8.9246
2152.50,8.9071
2153.00,8.8953
2153.50,8.8902
2154.00,8.8887
2154.50,8.8876
2155.00,8.8857
2155.50,8.8829
2156.00,8.8795
2156.50,8.8749
2157.00,8.8676
2157.50,8.8558
2158.00,8.8391
2158.50,8.8199
2159.00,8.8029
2159.50,8.7933
2160.00,8.7929
2160.50,8.7992
2161.00,8.8075
2161.50,8.8146
2162.00,8.8212
2162.50,8.8303
2163.00,8.8439
2163.50,8.8620
2164.00,8.8821
2164.50,8.9011
2165.00,8.9155
2165.50,8.9208
2166.00,8.9127
2166.50,8.8926
2167.00,8.8702
2167.50,8.8606
2168.00,8.8717
2168.50,8.8964
2169.00,8.9185
2169.50,8.9271
2170.00,8.9258
2170.50,8.9253
2171.00,8.9319
2171.50,8.9425
2172.00,8.9492
2172.50,8.9448
2173.00,8.9271
2173.50,8.9004
2174.00,8.8745
2174.50,8.8610
2175.00,8.8666
2175.50,8.8902
2176.00,8.9246
2176.50,8.9614
2177.00,8.9933
2177.50,9.0141
2178.00,9.0183
2178.50,9.0039
2179.00,8.9743
2179.50,8.9393
2180.00,8.9113
2180.50,8.9006
2181.00,8.9113
2181.50,8.9388
2182.00,8.9702
2182.50,8.9898
2183.00,8.9891
2183.50,8.9743
2184.00,8.9617
2184.50,8.9651
2185.00,8.9844
2185.50,9.0079
2186.00,9.0242
2186.50,9.0319
2187.00,9.0373
2187.50,9.0448
2188.00,9.0513
2188.50,9.0492
2189.00,9.0355
2189.50,9.0154
2190.00,8.9973
2190.50,8.9872
2191.00,8.9871
2191.50,8.9962
2192.00,9.0149
2192.50,9.0440
2193.00,9.0822
2193.50,9.1221
2194.00,9.1508
2194.50,9.1552
2195.00,9.1305
2195.50,9.0838
2196.00,9.0311
2196.50,8.9883
2197.00,8.9628
2197.50,8.9508
2198.00,8.9435
2198.50,8.9375
2199.00,8.9393
2199.50,8.9595
2200.00,9.0013
2200.50,9.0551
2201.00,9.1041
2201.50,9.1355
2202.00,9.1468
2202.50,9.1423
2203.00,9.1266
2203.50,9.1006
2204.00,9.0660
2204.50,9.0280
2205.00,8.9927
2205.50,8.9612
2206.00,8.9274
2206.50,8.8854
2207.00,8.8381
2207.50,8.7995
2208.00,8.7848
2208.50,8.8007
2209.00,8.8421
2209.50,8.8977
2210.00,8.9566
2210.50,9.0114
2211.00,9.0581
2211.50,9.0948
2212.00,9.1228
2212.50,9.1446
2213.00,9.1620
2213.50,9.1710
2214.00,9.1629
2214.50,9.1307
2215.00,9.0772
2215.50,9.0172
2216.00,8.9714
2216.50,8.9571
2217.00,8.9806
2217.50,9.0345
2218.00,9.1006
2218.50,9.1578
2219.00,9.1924
2219.50,9.2019
2220.00,9.1923
2220.50,9.1714
2221.00,9.1452
2221.50,9.1170
2222.00,9.0917
2222.50,9.0784
2223.00,9.0874
2223.50,9.1198
2224.00,9.1591
2224.50,9.1785
2225.00,9.1604
2225.50,9.1125
2226.00,9.0615
2226.50,9.0314
2227.00,9.0280
2227.50,9.0401
2228.00,9.0512
2228.50,9.0495
2229.00,9.0319
2229.50,9.0027
2230.00,8.9709
2230.50,8.9446
2231.00,8.9286
2231.50,8.9257
2232.00,8.9401
2232.50,8.9754
2233.00,9.0279
2233.50,9.0828
2234.00,9.1212
2234.50,9.1328
2235.00,9.1212
2235.50,9.0969
2236.00,9.0690
2236.50,9.0443
2237.00,9.0307
2237.50,9.0345
2238.00,9.0536
2238.50,9.0758
2239.00,9.0892
2239.50,9.0941
2240.00,9.1035
2240.50,9.1297
2241.00,9.1706
2241.50,9.2080
2242.00,9.2197
2242.50,9.1963
2243.00,9.1484
2243.50,9.0992
2244.00,9.0692
2244.50,9.0642
2245.00,9.0773
2245.50,9.0975
2246.00,9.1185
2246.50,9.1377
2247.00,9.1526
2247.50,9.1596
2248.00,9.1558
2248.50,9.1407
2249.00,9.1153
2249.50,9.0831
2250.00,9.0527
2250.50,9.0357
2251.00,9.0398
2251.50,9.0622
2252.00,9.0898
2252.50,9.1061
2253.00,9.1021
2253.50,9.0810
2254.00,9.0550
2254.50,9.0361
2255.00,9.0278
2255.50,9.0251
2256.00,9.0214
2256.50,9.0162
2257.00,9.0146
2257.50,9.0194
2258.00,9.0271
2258.50,9.0320
2259.00,9.0342
2259.50,9.0399
2260.00,9.0544
2260.50,9.0755
2261.00,9.0941
2261.50,9.0995
2262.00,9.0857
2262.50,9.0546
2263.00,9.0162
2263.50,8.9862
2264.00,8.9792
2264.50,8.9979
2265.00,9.0294
2265.50,9.0523
2266.00,9.0516
2266.50,9.0288
2267.00,8.9992
2267.50,8.9808
2268.00,8.9833
2268.50,9.0048
2269.00,9.0362
2269.50,9.0680
2270.00,9.0925
2270.50,9.1046
2271.00,9.1025
2271.50,9.0892
2272.00,9.0729
2272.50,9.0619
2273.00,9.0590
2273.50,9.0600
2274.00,9.0574
2274.50,9.0469
2275.00,9.0306
2275.50,9.0148
2276.00,9.0063
2276.50,9.0090
2277.00,9.0222
2277.50,9.0409
2278.00,9.0584
2278.50,9.0701
2279.00,9.0753
2279.50,9.0770
2280.00,9.0800
2280.50,9.0866
2281.00,9.0955
2281.50,9.1041
2282.00,9.1113
2282.50,9.1160
2283.00,9.1135
2283.50,9.0981
2284.00,9.0696
2284.50,9.0358
2285.00,9.0069
2285.50,8.9907
2286.00,8.9920
2286.50,9.0139
2287.00,9.0555
2287.50,9.1078
2288.00,9.1555
2288.50,9.1849
2289.00,9.1924
2289.50,9.1859
2290.00,9.1775
2290.50,9.1748
2291.00,9.1757
2291.50,9.1711
2292.00,9.1535
2292.50,9.1238
2293.00,9.0909
2293.50,9.0647
2294.00,9.0481
2294.50,9.0382
2295.00,9.0318
2295.50,9.0302
2296.00,9.0383
2296.50,9.0594
2297.00,9.0911
2297.50,9.1236
2298.00,9.1457
2298.50,9.1519
2299.00,9.1447
2299.50,9.1311
2300.00,9.1145
2300.50,9.0940
2301.00,9.0684
2301.50,9.0412
2302.00,9.0183
2302.50,9.0051
2303.00,9.0039
2303.50,9.0132
2304.00,9.0280
2304.50,9.0404
2305.00,9.0460
2305.50,9.0468
2306.00,9.0480
2306.50,9.0508
2307.00,9.0507
2307.50,9.0470
2308.00,9.0473
2308.50,9.0608
2309.00,9.0860
2309.50,9.1087
2310.00,9.1144
2310.50,9.0994
2311.00,9.0708
2311.50,9.0378
2312.00,9.0067
2312.50,8.9825
2313.00,8.9709
2313.50,8.9758
2314.00,8.9948
2314.50,9.0212
2315.00,9.0484
2315.50,9.0744
2316.00,9.0999
2316.50,9.1257
2317.00,9.1481
2317.50,9.1612
2318.00,9.1629
2318.50,9.1592
2319.00,9.1613
2319.50,9.1760
2320.00,9.1992
2320.50,9.2175
2321.00,9.2163
2321.50,9.1887
2322.00,9.1394
2322.50,9.0829
2323.00,9.0338
2323.50,8.9983
2324.00,8.9743
2324.50,8.9598
2325.00,8.9590
2325.50,8.9798
2326.00,9.0255
2326.50,9.0898
2327.00,9.1599
2327.50,9.2224
2328.00,9.2663
2328.50,9.2848
2329.00,9.2781
2329.50,9.2548
2330.00,9.2291
2330.50,9.2136
2331.00,9.2141
2331.50,9.2291
2332.00,9.2499
2332.50,9.2626
2333.00,9.2532
2333.50,9.2145
2334.00,9.1523
2334.50,9.0833
2335.00,9.0258
2335.50,8.9897
2336.00,8.9752
2336.50,8.9796
2337.00,9.0026
2337.50,9.0442
2338.00,9.0977
2338.50,9.1489
2339.00,9.1815
2339.50,9.1863
2340.00,9.1672
2340.50,9.1406
2341.00,9.1256
2341.50,9.1308
2342.00,9.1493
2342.50,9.1662
2343.00,9.1716
2343.50,9.1659
2344.00,9.1554
2344.50,9.1443
2345.00,9.1335
2345.50,9.1249
2346.00,9.1220
2346.50,9.1267
2347.00,9.1361
2347.50,9.1459
2348.00,9.1546
2348.50,9.1623
2349.00,9.1656
2349.50,9.1560
2350.00,9.1279
2350.50,9.0873
2351.00,9.0506
2351.50,9.0322
2352.00,9.0344
2352.50,9.0479
2353.00,9.0605
2353.50,9.0666
2354.00,9.0673
2354.50,9.0645
2355.00,9.0565
2355.50,9.0417
2356.00,9.0258
2356.50,9.0194
2357.00,9.0293
2357.50,9.0506
2358.00,9.0686
2358.50,9.0685
2359.00,9.0455
2359.50,9.0102
2360.00,8.9831
2360.50,8.9805
2361.00,9.0029
2361.50,9.0361
2362.00,9.0644
2362.50,9.0830
2363.00,9.0973
2363.50,9.1132
2364.00,9.1303
2364.50,9.1435
2365.00,9.1507
2365.50,9.1571
2366.00,9.1698
2366.50,9.1883
2367.00,9.2016
2367.50,9.1956
2368.00,9.1663
2368.50,9.1265
2369.00,9.0984
2369.50,9.0978
2370.00,9.1213
2370.50,9.1500
2371.00,9.1653
2371.50,9.1631
2372.00,9.1531
2372.50,9.1464
2373.00,9.1460
2373.50,9.1474
2374.00,9.1456
2374.50,9.1386
2375.00,9.1254
2375.50,9.1054
2376.00,9.0815
2376.50,9.0607
2377.00,9.0516
2377.50,9.0595
2378.00,9.0847
2378.50,9.1241
2379.00,9.1712
2379.50,9.2148
2380.00,9.2411
2380.50,9.2396
2381.00,9.2093
2381.50,9.1604
2382.00,9.1111
2382.50,9.0798
2383.00,9.0755
2383.50,9.0913
2384.00,9.1082
2384.50,9.1093
2385.00,9.0926
2385.50,9.0697
2386.00,9.0540
2386.50,9.0491
2387.00,9.0500
2387.50,9.0507
2388.00,9.0526
2388.50,9.0641
2389.00,9.0926
2389.50,9.1360
2390.00,9.1797
2390.50,9.2054
2391.00,9.2028
2391.50,9.1766
2392.00,9.1428
2392.50,9.1179
2393.00,9.1102
2393.50,9.1178
2394.00,9.1333
2394.50,9.1502
2395.00,9.1655
2395.50,9.1776
2396.00,9.1838
2396.50,9.1827
2397.00,9.1782
2397.50,9.1778
2398.00,9.1854
2398.50,9.1950
2399.00,9.1948
2399.50,9.1771
2400.00,9.1453
2400.50,9.1124
2401.00,9.0943
2401.50,9.1043
2402.00,9.1474
2402.50,9.2164
2403.00,9.2931
2403.50,9.3573
2404.00,9.3973
2404.50,9.4097
2405.00,9.3953
2405.50,9.3567
2406.00,9.3028
2406.50,9.2479
2407.00,9.2049
2407.50,9.1777
2408.00,9.1621
2408.50,9.1511
2409.00,9.1404
2409.50,9.1321
2410.00,9.1345
2410.50,9.1570
2411.00,9.1998
2411.50,9.2486
2412.00,9.2814
2412.50,9.2846
2413.00,9.2642
2413.50,9.2411
2414.00,9.2350
2414.50,9.2484
2415.00,9.2679
2415.50,9.2782
2416.00,9.2767
2416.50,9.2720
2417.00,9.2721
2417.50,9.2763
2418.00,9.2769
2418.50,9.2669
2419.00,9.2435
2419.50,9.2093
2420.00,9.1713
2420.50,9.1401
2421.00,9.1261
2421.50,9.1338
2422.00,9.1587
2422.50,9.1886
2423.00,9.2104
2423.50,9.2175
2424.00,9.2126
2424.50,9.2035
2425.00,9.1969
2425.50,9.1959
2426.00,9.2020
2426.50,9.2155
2427.00,9.2342
2427.50,9.2535
2428.00,9.2690
2428.50,9.2799
2429.00,9.2877
2429.50,9.2946
2430.00,9.3035
2430.50,9.3172
2431.00,9.3359
2431.50,9.3549
2432.00,9.3661
2432.50,9.3645
2433.00,9.3527
2433.50,9.3382
2434.00,9.3277
2434.50,9.3238
2435.00,9.3272
2435.50,9.3362
2436.00,9.3452
2436.50,9.3445
2437.00,9.3265
2437.50,9.2919
2438.00,9.2516
2438.50,9.2199
2439.00,9.2056
2439.50,9.2077
2440.00,9.2173
2440.50,9.2260
2441.00,9.2320
2441.50,9.2397
2442.00,9.2544
2442.50,9.2787
2443.00,9.3121
2443.50,9.3517
2444.00,9.3916
2444.50,9.4216
2445.00,9.4319
2445.50,9.4208
2446.00,9.3974
2446.50,9.3759
2447.00,9.3649
2447.50,9.3618
2448.00,9.3568
2448.50,9.3417
2449.00,9.3152
2449.50,9.2833
2450.00,9.2555
2450.50,9.2417
2451.00,9.2482
2451.50,9.2729
2452.00,9.3051
2452.50,9.3322
2453.00,9.3476
2453.50,9.3533
2454.00,9.3549
2454.50,9.3577
2455.00,9.3646
2455.50,9.3758
2456.00,9.3875
2456.50,9.3910
2457.00,9.3764
2457.50,9.3378
2458.00,9.2784
2458.50,9.2111
2459.00,9.1532
2459.50,9.1175
2460.00,9.1074
2460.50,9.1168
2461.00,9.1364
2461.50,9.1589
2462.00,9.1813
2462.50,9.2033
2463.00,9.2243
2463.50,9.2431
2464.00,9.2598
2464.50,9.2760
2465.00,9.2919
2465.50,9.3045
2466.00,9.3091
2466.50,9.3025
2467.00,9.2857
2467.50,9.2630
2468.00,9.2428
2468.50,9.2347
2469.00,9.2430
2469.50,9.2618
2470.00,9.2782
2470.50,9.2823
2471.00,9.2752
2471.50,9.2678
2472.00,9.2712
2472.50,9.2894
2473.00,9.3186
2473.50,9.3522
2474.00,9.3825
2474.50,9.4007
2475.00,9.3988
2475.50,9.3736
2476.00,9.3280
2476.50,9.2698
2477.00,9.2097
2477.50,9.1604
2478.00,9.1350
2478.50,9.1413
2479.00,9.1763
2479.50,9.2262
2480.00,9.2723
2480.50,9.2986
2481.00,9.2985
2481.50,9.2761
2482.00,9.2440
2482.50,9.2163
2483.00,9.2017
2483.50,9.2024
2484.00,9.2172
2484.50,9.2446
2485.00,9.2814
2485.50,9.3220
2486.00,9.3607
2486.50,9.3956
2487.00,9.4278
2487.50,9.4564
2488.00,9.4746
2488.50,9.4717
2489.00,9.4413
2489.50,9.3901
2490.00,9.3360
2490.50,9.2968
2491.00,9.2787
2491.50,9.2744
2492.00,9.2703
2492.50,9.2572
2493.00,9.2359
2493.50,9.2170
2494.00,9.2113
2494.50,9.2205
2495.00,9.2342
2495.50,9.2396
2496.00,9.2339
2496.50,9.2269
2497.00,9.2294
2497.50,9.2410
2498.00,9.2506
2498.50,9.2498
2499.00,9.2437
2499.50,9.2477
2500.00,9.2756
2500.50,9.3301
2501.00,9.4018
2501.50,9.4732
2502.00,9.5235
2502.50,9.5351
2503.00,9.5014
2503.50,9.4334
2504.00,9.3569
2504.50,9.2996
2505.00,9.2743
2505.50,9.2728
2506.00,9.2771
2506.50,9.2757
2507.00,9.2720
2507.50,9.2785
2508.00,9.3056
2508.50,9.3549
2509.00,9.4195
2509.50,9.4872
2510.00,9.5443
2510.50,9.5786
2511.00,9.5841
2511.50,9.5639
2512.00,9.5297
2512.50,9.4948
2513.00,9.4671
2513.50,9.4461
2514.00,9.4264
2514.50,9.4031
2515.00,9.3759
2515.50,9.3485
2516.00,9.3250
2516.50,9.3061
2517.00,9.2881
2517.50,9.2677
2518.00,9.2461
2518.50,9.2276
2519.00,9.2136
2519.50,9.2014
2520.00,9.1890
2520.50,9.1802
2521.00,9.1808
2521.50,9.1916
2522.00,9.2065
2522.50,9.2179
2523.00,9.2212
2523.50,9.2143
2524.00,9.1961
2524.50,9.1677
2525.00,9.1356
2525.50,9.1107
2526.00,9.1031
2526.50,9.1171
2527.00,9.1511
2527.50,9.1997
2528.00,9.2562
2528.50,9.3145
2529.00,9.3679
2529.50,9.4107
2530.00,9.4404
2530.50,9.4586
2531.00,9.4679
2531.50,9.4675
2532.00,9.4550
2532.50,9.4317
2533.00,9.4063
2533.50,9.3885
2534.00,9.3811
2534.50,9.3793
2535.00,9.3780
2535.50,9.3774
2536.00,9.3818
2536.50,9.3933
2537.00,9.4093
2537.50,9.4251
2538.00,9.4365
2538.50,9.4406
2539.00,9.4379
2539.50,9.4326
2540.00,9.4295
2540.50,9.4303
2541.00,9.4320
2541.50,9.4300
2542.00,9.4218
2542.50,9.4098
2543.00,9.4000
2543.50,9.3959
2544.00,9.3944
2544.50,9.3875
2545.00,9.3682
2545.50,9.3360
2546.00,9.2967
2546.50,9.2612
2547.00,9.2402
2547.50,9.2381
2548.00,9.2499
2548.50,9.2668
2549.00,9.2835
2549.50,9.3001
2550.00,9.3186
2550.50,9.3405
2551.00,9.3658
2551.50,9.3926
2552.00,9.4162
2552.50,9.4294
2553.00,9.4266
2553.50,9.4072
2554.00,9.3775
2554.50,9.3472
2555.00,9.3225
2555.50,9.3034
2556.00,9.2883
2556.50,9.2799
2557.00,9.2867
2557.50,9.3146
2558.00,9.3598
2558.50,9.4080
2559.00,9.4420
2559.50,9.4525
2560.00,9.4420
2560.50,9.4209
2561.00,9.3999
2561.50,9.3847
2562.00,9.3758
2562.50,9.3705
2563.00,9.3655
2563.50,9.3575
2564.00,9.3435
2564.50,9.3227
2565.00,9.2976
2565.50,9.2736
2566.00,9.2551
2566.50,9.2446
2567.00,9.2429
2567.50,9.2502
2568.00,9.2650
2568.50,9.2828
2569.00,9.2972
2569.50,9.3042
2570.00,9.3022
2570.50,9.2908
2571.00,9.2700
2571.50,9.2427
2572.00,9.2166
2572.50,9.2013
2573.00,9.2042
2573.50,9.2282
2574.00,9.2715
2574.50,9.3246
2575.00,9.3709
2575.50,9.3944
2576.00,9.3909
2576.50,9.3720
2577.00,9.3544
2577.50,9.3480
2578.00,9.3491
2578.50,9.3464
2579.00,9.3308
2579.50,9.3030
2580.00,9.2756
2580.50,9.2662
2581.00,9.2862
2581.50,9.3316
2582.00,9.3845
2582.50,9.4262
2583.00,9.4499
2583.50,9.4638
2584.00,9.4802
2584.50,9.5022
2585.00,9.5191
2585.50,9.5166
2586.00,9.4918
2586.50,9.4586
2587.00,9.4371
2587.50,9.4362
2588.00,9.4478
2588.50,9.4555
2589.00,9.4486
2589.50,9.4294
2590.00,9.4109
2590.50,9.4075
2591.00,9.4248
2591.50,9.4558
2592.00,9.4860
2592.50,9.5044
2593.00,9.5098
2593.50,9.5056
2594.00,9.4912
2594.50,9.4610
2595.00,9.4123
2595.50,9.3520
2596.00,9.2940
2596.50,9.2506
2597.00,9.2260
2597.50,9.2170
2598.00,9.2175
2598.50,9.2237
2599.00,9.2341
2599.50,9.2463
2600.00,9.2554
2600.50,9.2568
2601.00,9.2512
2601.50,9.2434
2602.00,9.2377
2602.50,9.2337
2603.00,9.2291
2603.50,9.2251
2604.00,9.2260
2604.50,9.2358
2605.00,9.2552
2605.50,9.2838
2606.00,9.3208
2606.50,9.3638
2607.00,9.4069
2607.50,9.4419
2608.00,9.4637
2608.50,9.4722
2609.00,9.4701
2609.50,9.4613
2610.00,9.4491
2610.50,9.4361
2611.00,9.4218
2611.50,9.4028
2612.00,9.3747
2612.50,9.3376
2613.00,9.2983
2613.50,9.2701
2614.00,9.2648
2614.50,9.2836
2615.00,9.3138
2615.50,9.3355
2616.00,9.3348
2616.50,9.3144
2617.00,9.2904
2617.50,9.2804
2618.00,9.2896
2618.50,9.3074
2619.00,9.3165
2619.50,9.3069
2620.00,9.2849
2620.50,9.2685
2621.00,9.2749
2621.50,9.3102
2622.00,9.3665
2622.50,9.4253
2623.00,9.4642
2623.50,9.4667
2624.00,9.4315
2624.50,9.3756
2625.00,9.3253
2625.50,9.3016
2626.00,9.3114
2626.50,9.3473
2627.00,9.3939
2627.50,9.4346
2628.00,9.4561
2628.50,9.4520
2629.00,9.4258
2629.50,9.3898
2630.00,9.3592
2630.50,9.3449
2631.00,9.3488
2631.50,9.3644
2632.00,9.3815
2632.50,9.3918
2633.00,9.3931
2633.50,9.3907
2634.00,9.3923
2634.50,9.4000
2635.00,9.4060
2635.50,9.3978
2636.00,9.3688
2636.50,9.3261
2637.00,9.2859
2637.50,9.2624
2638.00,9.2601
2638.50,9.2736
2639.00,9.2937
2639.50,9.3118
2640.00,9.3216
2640.50,9.3211
2641.00,9.3147
2641.50,9.3109
2642.00,9.3148
2642.50,9.3225
2643.00,9.3250
2643.50,9.3160
2644.00,9.2962
2644.50,9.2705
2645.00,9.2434
2645.50,9.2193
2646.00,9.2031
2646.50,9.1989
2647.00,9.2069
2647.50,9.2235
2648.00,9.2437
2648.50,9.2638
2649.00,9.2826
2649.50,9.3019
2650.00,9.3238
2650.50,9.3483
2651.00,9.3705
2651.50,9.3839
2652.00,9.3845
2652.50,9.3749
2653.00,9.3611
2653.50,9.3491
2654.00,9.3416
2654.50,9.3391
2655.00,9.3385
2655.50,9.3328
2656.00,9.3145
2656.50,9.2821
2657.00,9.2460
2657.50,9.2254
2658.00,9.2361
2658.50,9.2775
2659.00,9.3300
2659.50,9.3686
2660.00,9.3796
2660.50,9.3678
2661.00,9.3487
2661.50,9.3373
2662.00,9.3402
2662.50,9.3550
2663.00,9.3717
2663.50,9.3780
2664.00,9.3652
2664.50,9.3343
2665.00,9.2956
2665.50,9.2623
2666.00,9.2427
2666.50,9.2355
2667.00,9.2336
2667.50,9.2306
2668.00,9.2252
2668.50,9.2205
2669.00,9.2213
2669.50,9.2319
2670.00,9.2541
2670.50,9.2874
2671.00,9.3280
2671.50,9.3689
2672.00,9.4007
2672.50,9.4156
2673.00,9.4118
2673.50,9.3950
2674.00,9.3730
2674.50,9.3511
2675.00,9.3320
2675.50,9.3189
2676.00,9.3138
2676.50,9.3139
2677.00,9.3130
2677.50,9.3055
2678.00,9.2892
2678.50,9.2648
2679.00,9.2348
2679.50,9.2052
2680.00,9.1840
2680.50,9.1756
2681.00,9.1769
2681.50,9.1800
2682.00,9.1808
2682.50,9.1833
2683.00,9.1948
2683.50,9.2172
2684.00,9.2474
2684.50,9.2833
2685.00,9.3274
2685.50,9.3800
2686.00,9.4318
2686.50,9.4669
2687.00,9.4750
2687.50,9.4591
2688.00,9.4292
2688.50,9.3920
2689.00,9.3504
2689.50,9.3087
2690.00,9.2751
2690.50,9.2548
2691.00,9.2465
2691.50,9.2446
2692.00,9.2448
2692.50,9.2473
2693.00,9.2561
2693.50,9.2758
2694.00,9.3069
2694.50,9.3432
2695.00,9.3729
2695.50,9.3853
2696.00,9.3779
2696.50,9.3591
2697.00,9.3427
2697.50,9.3390
2698.00,9.3486
2698.50,9.3645
2699.00,9.3793
2699.50,9.3899
2700.00,9.3978
2700.50,9.4056
2701.00,9.4130
2701.50,9.4146
2702.00,9.4016
2702.50,9.3678
2703.00,9.3160
2703.50,9.2616
2704.00,9.2266
2704.50,9.2277
2705.00,9.2651
2705.50,9.3214
2706.00,9.3725
2706.50,9.4018
2707.00,9.4086
2707.50,9.4052
2708.00,9.4047
2708.50,9.4110
2709.00,9.4172
2709.50,9.4149
2710.00,9.4048
2710.50,9.3994
2711.00,9.4126
2711.50,9.4462
2712.00,9.4855
2712.50,9.5107
2713.00,9.5129
2713.50,9.4992
2714.00,9.4835
2714.50,9.4744
2715.00,9.4719
2715.50,9.4714
2716.00,9.4685
2716.50,9.4607
2717.00,9.4485
2717.50,9.4344
2718.00,9.4209
2718.50,9.4104
2719.00,9.4055
2719.50,9.4077
2720.00,9.4140
2720.50,9.4156
2721.00,9.4038
2721.50,9.3785
2722.00,9.3527
2722.50,9.3441
2723.00,9.3604
2723.50,9.3921
2724.00,9.4200
2724.50,9.4305
2725.00,9.4254
2725.50,9.4171
2726.00,9.4176
2726.50,9.4285
2727.00,9.4400
2727.50,9.4405
2728.00,9.4271
2728.50,9.4095
2729.00,9.4033
2729.50,9.4170
2730.00,9.4468
2730.50,9.4806
2731.00,9.5077
2731.50,9.5263
2732.00,9.5409
2732.50,9.5542
2733.00,9.5623
2733.50,9.5572
2734.00,9.5347
2734.50,9.5004
2735.00,9.4687
2735.50,9.4546
2736.00,9.4637
2736.50,9.4874
2737.00,9.5099
2737.50,9.5200
2738.00,9.5165
2738.50,9.5041
2739.00,9.4872
2739.50,9.4694
2740.00,9.4565
2740.50,9.4545
2741.00,9.4626
2741.50,9.4705
2742.00,9.4660
2742.50,9.4474
2743.00,9.4256
2743.50,9.4156
2744.00,9.4252
2744.50,9.4511
2745.00,9.4823
2745.50,9.5065
2746.00,9.5180
2746.50,9.5187
2747.00,9.5144
2747.50,9.5080
2748.00,9.4995
2748.50,9.4891
2749.00,9.4802
2749.50,9.4769
2750.00,9.4799
2750.50,9.4820
2751.00,9.4708
2751.50,9.4368
2752.00,9.3826
2752.50,9.3237
2753.00,9.2800
2753.50,9.2640
2754.00,9.2754
2754.50,9.3035
2755.00,9.3351
2755.50,9.3599
2756.00,9.3732
2756.50,9.3751
2757.00,9.3686
2757.50,9.3581
2758.00,9.3482
2758.50,9.3430
2759.00,9.3459
2759.50,9.3591
2760.00,9.3829
2760.50,9.4136
2761.00,9.4424
2761.50,9.4596
2762.00,9.4604
2762.50,9.4504
2763.00,9.4424
2763.50,9.4484
2764.00,9.4700
2764.50,9.4978
2765.00,9.5185
2765.50,9.5248
2766.00,9.5176
2766.50,9.5028
2767.00,9.4855
2767.50,9.4680
2768.00,9.4524
2768.50,9.4428
2769.00,9.4438
2769.50,9.4581
2770.00,9.4845
2770.50,9.5194
2771.00,9.5585
2771.50,9.5940
2772.00,9.6140
2772.50,9.6069
2773.00,9.5697
2773.50,9.5118
2774.00,9.4494
2774.50,9.3971
2775.00,9.3632
2775.50,9.3509
2776.00,9.3581
2776.50,9.3776
2777.00,9.3998
2777.50,9.4195
2778.00,9.4385
2778.50,9.4610
2779.00,9.4873
2779.50,9.5131
2780.00,9.5331
2780.50,9.5453
2781.00,9.5488
2781.50,9.5423
2782.00,9.5249
2782.50,9.4983
2783.00,9.4666
2783.50,9.4334
2784.00,9.4012
2784.50,9.3730
2785.00,9.3532
2785.50,9.3442
2786.00,9.3434
2786.50,9.3443
2787.00,9.3405
2787.50,9.3308
2788.00,9.3179
2788.50,9.3045
2789.00,9.2918
2789.50,9.2824
2790.00,9.2821
2790.50,9.2964
2791.00,9.3256
2791.50,9.3620
2792.00,9.3947
2792.50,9.4151
2793.00,9.4217
2793.50,9.4199
2794.00,9.4186
2794.50,9.4233
2795.00,9.4333
2795.50,9.4432
2796.00,9.4472
2796.50,9.4436
2797.00,9.4360
2797.50,9.4308
2798.00,9.4337
2798.50,9.4481
2799.00,9.4727
2799.50,9.5003
2800.00,9.5174
2800.50,9.5117
2801.00,9.4838
2801.50,9.4513
2802.00,9.4365
2802.50,9.4496
2803.00,9.4816
2803.50,9.5145
2804.00,9.5357
2804.50,9.5440
2805.00,9.5437
2805.50,9.5383
2806.00,9.5279
2806.50,9.5120
2807.00,9.4922
2807.50,9.4733
2808.00,9.4634
2808.50,9.4677
2809.00,9.4839
2809.50,9.5034
2810.00,9.5205
2810.50,9.5388
2811.00,9.5657
2811.50,9.6027
2812.00,9.6416
2812.50,9.6703
2813.00,9.6829
2813.50,9.6812
2814.00,9.6695
2814.50,9.6481
2815.00,9.6164
2815.50,9.5809
2816.00,9.5551
2816.50,9.5496
2817.00,9.5605
2817.50,9.5705
2818.00,9.5608
2818.50,9.5243
2819.00,9.4696
2819.50,9.4145
2820.00,9.3778
2820.50,9.3709
2821.00,9.3918
2821.50,9.4239
2822.00,9.4452
2822.50,9.4440
2823.00,9.4268
2823.50,9.4115
2824.00,9.4126
2824.50,9.4327
2825.00,9.4653
2825.50,9.5028
2826.00,9.5414
2826.50,9.5789
2827.00,9.6102
2827.50,9.6261
2828.00,9.6191
2828.50,9.5891
2829.00,9.5453
2829.50,9.5020
2830.00,9.4710
2830.50,9.4567
2831.00,9.4549
2831.50,9.4573
2832.00,9.4581
2832.50,9.4557
2833.00,9.4502
2833.50,9.4403
2834.00,9.4256
2834.50,9.4097
2835.00,9.3985
2835.50,9.3948
2836.00,9.3952
2836.50,9.3944
2837.00,9.3905
2837.50,9.3868
2838.00,9.3875
2838.50,9.3962
2839.00,9.4146
2839.50,9.4431
2840.00,9.4766
2840.50,9.5032
2841.00,9.5088
2841.50,9.4880
2842.00,9.4488
2842.50,9.4088
2843.00,9.3826
2843.50,9.3744
2844.00,9.3800
2844.50,9.3954
2845.00,9.4189
2845.50,9.4467
2846.00,9.4689
2846.50,9.4755
2847.00,9.4647
2847.50,9.4446
2848.00,9.4256
2848.50,9.4129
2849.00,9.4032
2849.50,9.3894
2850.00,9.3670
2850.50,9.3387
2851.00,9.3126
2851.50,9.2980
2852.00,9.3018
2852.50,9.3268
2853.00,9.3698
2853.50,9.4200
2854.00,9.4623
2854.50,9.4848
2855.00,9.4854
2855.50,9.4720
2856.00,9.4565
2856.50,9.4480
2857.00,9.4499
2857.50,9.4609
2858.00,9.4786
2858.50,9.5019
