0.00,0.0000
0.50,0.6689
1.00,1.5190
1.50,2.4579
2.00,3.3884
2.50,4.2478
3.00,5.0138
3.50,5.6881
4.00,6.2787
4.50,6.7934
5.00,7.2396
5.50,7.6287
6.00,7.9764
6.50,8.2979
7.00,8.6004
7.50,8.8817
8.00,9.1376
8.50,9.3707
9.00,9.5901
9.50,9.8039
10.00,10.0130
10.50,10.2135
11.00,10.3987
11.50,10.5625
12.00,10.7045
12.50,10.8346
13.00,10.9692
13.50,11.1178
14.00,11.2752
14.50,11.4278
15.00,11.5657
15.50,11.6880
16.00,11.7979
16.50,11.9009
17.00,12.0056
17.50,12.1218
18.00,12.2502
18.50,12.3779
19.00,12.4861
19.50,12.5644
20.00,12.6166
20.50,12.6555
21.00,12.6939
21.50,12.7416
22.00,12.8060
22.50,12.8887
23.00,12.9807
23.50,13.0632
24.00,13.1189
24.50,13.1459
25.00,13.1596
25.50,13.1798
26.00,13.2167
26.50,13.2666
27.00,13.3211
27.50,13.3759
28.00,13.4315
28.50,13.4891
29.00,13.5470
29.50,13.6025
30.00,13.6563
30.50,13.7133
31.00,13.7795
31.50,13.8568
32.00,13.9398
32.50,14.0202
33.00,14.0937
33.50,14.1622
34.00,14.2287
34.50,14.2919
35.00,14.3493
35.50,14.4019
36.00,14.4539
36.50,14.5077
37.00,14.5619
37.50,14.6135
38.00,14.6631
38.50,14.7140
39.00,14.7677
39.50,14.8200
40.00,14.8644
40.50,14.8996
41.00,14.9312
41.50,14.9686
42.00,15.0201
42.50,15.0894
43.00,15.1733
43.50,15.2619
44.00,15.3440
44.50,15.4155
45.00,15.4810
45.50,15.5476
46.00,15.6173
46.50,15.6841
47.00,15.7385
47.50,15.7749
48.00,15.7958
48.50,15.8095
49.00,15.8249
49.50,15.8489
50.00,15.8848
50.50,15.9307
51.00,15.9774
51.50,16.0130
52.00,16.0325
52.50,16.0443
53.00,16.0645
53.50,16.1046
54.00,16.1633
54.50,16.2294
55.00,16.2887
55.50,16.3310
56.00,16.3549
56.50,16.3691
57.00,16.3854
57.50,16.4104
58.00,16.4433
58.50,16.4798
59.00,16.5154
59.50,16.5441
60.00,16.5595
60.50,16.5591
61.00,16.5505
61.50,16.5495
62.00,16.5728
62.50,16.6279
63.00,16.7081
63.50,16.7969
64.00,16.8771
64.50,16.9387
65.00,16.9792
65.50,17.0002
66.00,17.0043
66.50,16.9949
67.00,16.9787
67.50,16.9686
68.00,16.9813
68.50,17.0276
69.00,17.1025
69.50,17.1872
70.00,17.2600
70.50,17.3083
71.00,17.3311
71.50,17.3362
72.00,17.3376
72.50,17.3523
73.00,17.3923
73.50,17.4548
74.00,17.5219
74.50,17.5744
75.00,17.6055
75.50,17.6186
76.00,17.6140
76.50,17.5837
77.00,17.5226
77.50,17.4452
78.00,17.3856
78.50,17.3774
79.00,17.4292
79.50,17.5177
80.00,17.6056
80.50,17.6673
81.00,17.7002
81.50,17.7147
82.00,17.7159
82.50,17.6970
83.00,17.6495
83.50,17.5761
84.00,17.4917
84.50,17.4086
85.00,17.3253
85.50,17.2347
86.00,17.1463
86.50,17.0932
87.00,17.1094
87.50,17.1961
88.00,17.3128
88.50,17.4056
89.00,17.4471
89.50,17.4485
90.00,17.4387
90.50,17.4342
91.00,17.4293
91.50,17.4110
92.00,17.3802
92.50,17.3622
93.00,17.3937
93.50,17.4953
94.00,17.6510
94.50,17.8133
95.00,17.9331
95.50,17.9889
96.00,17.9960
96.50,17.9909
97.00,18.0057
97.50,18.0516
98.00,18.1170
98.50,18.1785
99.00,18.2121
99.50,18.2053
100.00,18.1658
100.50,18.1198
101.00,18.0940
101.50,18.0962
102.00,18.1130
102.50,18.1246
103.00,18.1160
103.50,18.0805
104.00,18.0198
104.50,17.9468
105.00,17.8833
105.50,17.8486
106.00,17.8491
106.50,17.8741
107.00,17.9032
107.50,17.9188
108.00,17.9168
108.50,17.9088
109.00,17.9090
109.50,17.9197
110.00,17.9310
110.50,17.9311
111.00,17.9146
111.50,17.8812
112.00,17.8342
112.50,17.7804
113.00,17.7292
113.50,17.6894
114.00,17.6699
114.50,17.6820
115.00,17.7349
115.50,17.8246
116.00,17.9299
116.50,18.0226
117.00,18.0825
117.50,18.1047
118.00,18.0962
118.50,18.0682
119.00,18.0340
119.50,18.0105
120.00,18.0181
120.50,18.0711
121.00,18.1630
121.50,18.2629
122.00,18.3290
122.50,18.3285
123.00,18.2554
123.50,18.1368
124.00,18.0240
124.50,17.9677
125.00,17.9895
125.50,18.0721
126.00,18.1775
126.50,18.2735
127.00,18.3440
127.50,18.3823
128.00,18.3830
128.50,18.3425
129.00,18.2620
129.50,18.1478
130.00,18.0085
130.50,17.8579
131.00,17.7187
131.50,17.6222
132.00,17.5957
132.50,17.6472
133.00,17.7604
133.50,17.9062
134.00,18.0600
134.50,18.2088
135.00,18.3405
135.50,18.4328
136.00,18.4613
136.50,18.4270
137.00,18.3710
137.50,18.3516
138.00,18.3988
138.50,18.4895
139.00,18.5664
139.50,18.5841
140.00,18.5390
140.50,18.4642
141.00,18.3988
141.50,18.3606
142.00,18.3396
142.50,18.3133
143.00,18.2724
143.50,18.2341
144.00,18.2327
144.50,18.2908
145.00,18.3988
145.50,18.5222
146.00,18.6259
146.50,18.6923
147.00,18.7193
147.50,18.7132
148.00,18.6842
148.50,18.6474
149.00,18.6178
149.50,18.6041
150.00,18.6079
150.50,18.6310
151.00,18.6802
151.50,18.7607
152.00,18.8645
152.50,18.9690
153.00,19.0480
153.50,19.0866
154.00,19.0856
154.50,19.0537
155.00,18.9976
155.50,18.9238
156.00,18.8458
156.50,18.7869
157.00,18.7668
157.50,18.7870
158.00,18.8282
158.50,18.8645
159.00,18.8816
159.50,18.8856
160.00,18.8975
160.50,18.9374
161.00,19.0071
161.50,19.0840
162.00,19.1364
162.50,19.1495
163.00,19.1374
163.50,19.1253
164.00,19.1222
164.50,19.1119
165.00,19.0749
165.50,19.0144
166.00,18.9578
166.50,18.9319
167.00,18.9392
167.50,18.9585
168.00,18.9631
168.50,18.9386
169.00,18.8920
169.50,18.8495
170.00,18.8430
170.50,18.8913
171.00,18.9883
171.50,19.1067
172.00,19.2114
172.50,19.2734
173.00,19.2844
173.50,19.2656
174.00,19.2553
174.50,19.2796
175.00,19.3290
175.50,19.3680
176.00,19.3650
176.50,19.3150
177.00,19.2377
177.50,19.1611
178.00,19.1065
178.50,19.0855
179.00,19.1053
179.50,19.1744
180.00,19.2977
180.50,19.4636
181.00,19.6360
181.50,19.7655
182.00,19.8161
182.50,19.7856
183.00,19.7042
183.50,19.6157
184.00,19.5561
184.50,19.5405
185.00,19.5605
185.50,19.5920
186.00,19.6090
186.50,19.6004
187.00,19.5764
187.50,19.5577
188.00,19.5549
188.50,19.5629
189.00,19.5743
189.50,19.5945
190.00,19.6356
190.50,19.6991
191.00,19.7719
191.50,19.8410
192.00,19.9049
192.50,19.9648
193.00,20.0089
193.50,20.0128
194.00,19.9588
194.50,19.8547
195.00,19.7344
195.50,19.6418
196.00,19.6111
196.50,19.6556
197.00,19.7657
197.50,19.9150
198.00,20.0683
198.50,20.1880
199.00,20.2434
199.50,20.2249
200.00,20.1557
200.50,20.0832
201.00,20.0494
201.50,20.0645
202.00,20.1074
202.50,20.1473
203.00,20.1630
203.50,20.1484
204.00,20.1101
204.50,20.0666
205.00,20.0426
205.50,20.0571
206.00,20.1128
206.50,20.1966
207.00,20.2903
207.50,20.3815
208.00,20.4643
208.50,20.5304
209.00,20.5664
209.50,20.5625
210.00,20.5251
210.50,20.4752
211.00,20.4318
211.50,20.3976
212.00,20.3594
212.50,20.3020
213.00,20.2231
213.50,20.1376
214.00,20.0690
214.50,20.0360
215.00,20.0443
215.50,20.0874
216.00,20.1528
216.50,20.2283
217.00,20.3068
217.50,20.3839
218.00,20.4530
218.50,20.5029
219.00,20.5247
219.50,20.5214
220.00,20.5115
220.50,20.5220
221.00,20.5721
221.50,20.6583
222.00,20.7520
222.50,20.8180
223.00,20.8400
223.50,20.8318
224.00,20.8241
224.50,20.8391
225.00,20.8780
225.50,20.9265
226.00,20.9665
226.50,20.9815
227.00,20.9596
227.50,20.9017
228.00,20.8290
228.50,20.7754
229.00,20.7656
229.50,20.7956
230.00,20.8395
230.50,20.8767
231.00,20.9082
231.50,20.9425
232.00,20.9708
232.50,20.9698
233.00,20.9286
233.50,20.8658
234.00,20.8151
234.50,20.7982
235.00,20.8139
235.50,20.8490
236.00,20.8935
236.50,20.9445
237.00,21.0007
237.50,21.0532
238.00,21.0822
238.50,21.0674
239.00,21.0033
239.50,20.9092
240.00,20.8200
240.50,20.7637
241.00,20.7433
241.50,20.7379
242.00,20.7231
242.50,20.6939
243.00,20.6683
243.50,20.6688
244.00,20.6990
244.50,20.7401
245.00,20.7689
245.50,20.7747
246.00,20.7614
246.50,20.7372
247.00,20.7103
247.50,20.6907
248.00,20.6874
248.50,20.6990
249.00,20.7116
249.50,20.7106
250.00,20.6966
250.50,20.6845
251.00,20.6872
251.50,20.7040
252.00,20.7267
252.50,20.7559
253.00,20.8053
253.50,20.8893
254.00,21.0063
254.50,21.1342
255.00,21.2439
255.50,21.3162
256.00,21.3506
256.50,21.3621
257.00,21.3715
257.50,21.3943
258.00,21.4308
258.50,21.4628
259.00,21.4664
259.50,21.4341
260.00,21.3854
260.50,21.3516
261.00,21.3501
261.50,21.3732
262.00,21.4001
262.50,21.4155
263.00,21.4172
263.50,21.4097
264.00,21.3947
264.50,21.3694
265.00,21.3330
265.50,21.2923
266.00,21.2626
266.50,21.2604
267.00,21.2931
267.50,21.3527
268.00,21.4156
268.50,21.4523
269.00,21.4434
269.50,21.3944
270.00,21.3369
270.50,21.3089
271.00,21.3268
271.50,21.3747
272.00,21.4193
272.50,21.4365
273.00,21.4232
273.50,21.3912
274.00,21.3577
274.50,21.3436
275.00,21.3735
275.50,21.4636
276.00,21.6036
276.50,21.7497
277.00,21.8446
277.50,21.8524
278.00,21.7837
278.50,21.6854
279.00,21.6030
279.50,21.5500
280.00,21.5141
280.50,21.4865
281.00,21.4772
281.50,21.4993
282.00,21.5480
282.50,21.6012
283.00,21.6371
283.50,21.6462
284.00,21.6328
284.50,21.6118
285.00,21.6014
285.50,21.6089
286.00,21.6178
286.50,21.5947
287.00,21.5165
287.50,21.3975
288.00,21.2900
288.50,21.2528
289.00,21.3122
289.50,21.4430
290.00,21.5857
290.50,21.6848
291.00,21.7158
291.50,21.6856
292.00,21.6145
292.50,21.5254
293.00,21.4444
293.50,21.4009
294.00,21.4188
294.50,21.5018
295.00,21.6301
295.50,21.7703
296.00,21.8939
296.50,21.9871
297.00,22.0495
297.50,22.0859
298.00,22.1002
298.50,22.0941
299.00,22.0715
299.50,22.0445
300.00,22.0326
300.50,22.0492
301.00,22.0891
301.50,22.1302
302.00,22.1534
302.50,22.1623
303.00,22.1813
303.50,22.2348
304.00,22.3259
304.50,22.4349
305.00,22.5351
305.50,22.6087
306.00,22.6533
306.50,22.6792
307.00,22.7006
307.50,22.7236
308.00,22.7407
308.50,22.7376
309.00,22.7059
309.50,22.6493
310.00,22.5806
310.50,22.5166
311.00,22.4767
311.50,22.4801
312.00,22.5347
312.50,22.6272
313.00,22.7229
313.50,22.7821
314.00,22.7827
314.50,22.7350
315.00,22.6762
315.50,22.6469
316.00,22.6670
316.50,22.7263
317.00,22.7951
317.50,22.8411
318.00,22.8466
318.50,22.8145
319.00,22.7617
319.50,22.7037
320.00,22.6467
320.50,22.5910
321.00,22.5422
321.50,22.5130
322.00,22.5150
322.50,22.5523
323.00,22.6223
323.50,22.7202
324.00,22.8366
324.50,22.9544
325.00,23.0524
325.50,23.1160
326.00,23.1417
326.50,23.1330
327.00,23.0905
327.50,23.0104
328.00,22.8958
328.50,22.7713
329.00,22.6820
329.50,22.6650
330.00,22.7177
330.50,22.7936
331.00,22.8331
331.50,22.8060
332.00,22.7307
332.50,22.6573
333.00,22.6309
333.50,22.6628
334.00,22.7341
334.50,22.8209
335.00,22.9113
335.50,22.9989
336.00,23.0730
336.50,23.1216
337.00,23.1440
337.50,23.1517
338.00,23.1589
338.50,23.1728
339.00,23.1920
339.50,23.2139
340.00,23.2431
340.50,23.2899
341.00,23.3574
341.50,23.4306
342.00,23.4819
342.50,23.4903
343.00,23.4538
343.50,23.3834
344.00,23.2934
344.50,23.2011
345.00,23.1319
345.50,23.1142
346.00,23.1593
346.50,23.2471
347.00,23.3346
347.50,23.3822
348.00,23.3764
348.50,23.3308
349.00,23.2725
349.50,23.2239
350.00,23.1948
350.50,23.1855
351.00,23.1989
351.50,23.2450
352.00,23.3308
352.50,23.4441
353.00,23.5514
353.50,23.6175
354.00,23.6312
354.50,23.6155
355.00,23.6090
355.50,23.6366
356.00,23.6930
356.50,23.7513
357.00,23.7816
357.50,23.7661
358.00,23.7010
358.50,23.5917
359.00,23.4481
359.50,23.2866
360.00,23.1369
360.50,23.0398
361.00,23.0286
361.50,23.1043
362.00,23.2287
362.50,23.3447
363.00,23.4108
363.50,23.4166
364.00,23.3719
364.50,23.2908
365.00,23.1924
365.50,23.1060
366.00,23.0592
366.50,23.0569
367.00,23.0780
367.50,23.0989
368.00,23.1140
368.50,23.1366
369.00,23.1847
369.50,23.2699
370.00,23.3896
370.50,23.5231
371.00,23.6383
371.50,23.7121
372.00,23.7457
372.50,23.7593
373.00,23.7698
373.50,23.7764
374.00,23.7689
374.50,23.7479
375.00,23.7309
375.50,23.7394
376.00,23.7798
376.50,23.8408
377.00,23.9067
377.50,23.9686
378.00,24.0226
378.50,24.0617
379.00,24.0730
379.50,24.0444
380.00,23.9743
380.50,23.8777
381.00,23.7856
381.50,23.7350
382.00,23.7494
382.50,23.8228
383.00,23.9214
383.50,24.0051
384.00,24.0541
384.50,24.0784
385.00,24.1032
385.50,24.1457
386.00,24.2030
386.50,24.2596
387.00,24.3004
387.50,24.3205
388.00,24.3247
388.50,24.3217
389.00,24.3180
389.50,24.3182
390.00,24.3274
390.50,24.3481
391.00,24.3751
391.50,24.3944
392.00,24.3920
392.50,24.3637
393.00,24.3194
393.50,24.2795
394.00,24.2663
394.50,24.2903
395.00,24.3439
395.50,24.4043
396.00,24.4485
396.50,24.4680
397.00,24.4731
397.50,24.4834
398.00,24.5146
398.50,24.5687
399.00,24.6356
399.50,24.7013
400.00,24.7546
400.50,24.7889
401.00,24.8009
401.50,24.7917
402.00,24.7654
402.50,24.7260
403.00,24.6723
403.50,24.5977
404.00,24.5004
404.50,24.3991
405.00,24.3362
405.50,24.3552
406.00,24.4667
406.50,24.6342
407.00,24.7948
407.50,24.8996
408.00,24.9393
408.50,24.9406
409.00,24.9423
409.50,24.9706
410.00,25.0288
410.50,25.1014
411.00,25.1670
411.50,25.2102
412.00,25.2267
412.50,25.2191
413.00,25.1902
413.50,25.1419
414.00,25.0802
414.50,25.0186
415.00,24.9794
415.50,24.9860
416.00,25.0495
416.50,25.1546
417.00,25.2605
417.50,25.3218
418.00,25.3179
418.50,25.2648
419.00,25.2018
419.50,25.1641
420.00,25.1623
420.50,25.1818
421.00,25.2011
421.50,25.2093
422.00,25.2110
422.50,25.2157
423.00,25.2254
423.50,25.2329
424.00,25.2290
424.50,25.2128
425.00,25.1938
425.50,25.1863
426.00,25.1985
426.50,25.2267
427.00,25.2590
427.50,25.2829
428.00,25.2923
428.50,25.2872
429.00,25.2730
429.50,25.2595
430.00,25.2595
430.50,25.2840
431.00,25.3351
431.50,25.4023
432.00,25.4648
432.50,25.5006
433.00,25.4976
433.50,25.4618
434.00,25.4169
434.50,25.3920
435.00,25.4039
435.50,25.4486
436.00,25.5088
436.50,25.5685
437.00,25.6192
437.50,25.6567
438.00,25.6773
438.50,25.6803
439.00,25.6714
439.50,25.6598
440.00,25.6523
440.50,25.6512
441.00,25.6569
441.50,25.6715
442.00,25.6968
442.50,25.7305
443.00,25.7641
443.50,25.7864
444.00,25.7919
444.50,25.7889
445.00,25.7961
445.50,25.8274
446.00,25.8778
446.50,25.9241
447.00,25.9422
447.50,25.9247
448.00,25.8857
448.50,25.8501
449.00,25.8367
449.50,25.8491
450.00,25.8780
450.50,25.9100
451.00,25.9340
451.50,25.9446
452.00,25.9424
452.50,25.9339
453.00,25.9280
453.50,25.9308
454.00,25.9419
454.50,25.9551
455.00,25.9636
455.50,25.9636
456.00,25.9542
456.50,25.9363
457.00,25.9136
457.50,25.8945
458.00,25.8881
458.50,25.8970
459.00,25.9129
459.50,25.9228
460.00,25.9204
460.50,25.9110
461.00,25.9047
461.50,25.9072
462.00,25.9166
462.50,25.9290
463.00,25.9422
463.50,25.9535
464.00,25.9571
464.50,25.9479
465.00,25.9275
465.50,25.9055
466.00,25.8909
466.50,25.8846
467.00,25.8799
467.50,25.8699
468.00,25.8545
468.50,25.8423
469.00,25.8453
469.50,25.8695
470.00,25.9083
470.50,25.9455
471.00,25.9679
471.50,25.9749
472.00,25.9761
472.50,25.9804
473.00,25.9891
473.50,25.9983
474.00,26.0042
474.50,26.0055
475.00,26.0043
475.50,26.0063
476.00,26.0211
476.50,26.0577
477.00,26.1172
477.50,26.1899
478.00,26.2599
478.50,26.3148
479.00,26.3510
479.50,26.3717
480.00,26.3807
480.50,26.3796
481.00,26.3682
481.50,26.3476
482.00,26.3208
482.50,26.2897
483.00,26.2537
483.50,26.2136
484.00,26.1746
484.50,26.1450
485.00,26.1277
485.50,26.1162
486.00,26.0994
486.50,26.0719
487.00,26.0380
487.50,26.0078
488.00,25.9878
488.50,25.9754
489.00,25.9615
489.50,25.9399
490.00,25.9129
490.50,25.8887
491.00,25.8721
491.50,25.8601
492.00,25.8462
492.50,25.8274
493.00,25.8060
493.50,25.7879
494.00,25.7785
494.50,25.7810
495.00,25.7945
495.50,25.8134
496.00,25.8293
496.50,25.8369
497.00,25.8371
497.50,25.8349
498.00,25.8347
498.50,25.8351
499.00,25.8318
499.50,25.8226
500.00,25.8116
500.50,25.8069
501.00,25.8127
501.50,25.8263
502.00,25.8393
502.50,25.8445
503.00,25.8386
503.50,25.8225
504.00,25.7987
504.50,25.7720
505.00,25.7491
505.50,25.7374
506.00,25.7397
506.50,25.7528
507.00,25.7710
507.50,25.7932
508.00,25.8256
508.50,25.8747
509.00,25.9367
509.50,25.9947
510.00,26.0297
510.50,26.0336
511.00,26.0133
511.50,25.9796
512.00,25.9374
512.50,25.8861
513.00,25.8283
513.50,25.7745
514.00,25.7383
514.50,25.7298
515.00,25.7512
515.50,25.7968
516.00,25.8544
516.50,25.9089
517.00,25.9489
517.50,25.9702
518.00,25.9773
518.50,25.9773
519.00,25.9732
519.50,25.9614
520.00,25.9375
520.50,25.9053
521.00,25.8791
521.50,25.8776
522.00,25.9134
522.50,25.9830
523.00,26.0639
523.50,26.1245
524.00,26.1422
524.50,26.1161
525.00,26.0624
525.50,26.0005
526.00,25.9436
526.50,25.8986
527.00,25.8681
527.50,25.8498
528.00,25.8377
528.50,25.8235
529.00,25.8023
529.50,25.7746
530.00,25.7447
530.50,25.7177
531.00,25.6973
531.50,25.6859
532.00,25.6857
532.50,25.6985
533.00,25.7229
533.50,25.7522
534.00,25.7758
534.50,25.7856
535.00,25.7806
535.50,25.7670
536.00,25.7534
536.50,25.7456
537.00,25.7441
537.50,25.7447
538.00,25.7431
538.50,25.7390
539.00,25.7371
539.50,25.7410
540.00,25.7481
540.50,25.7520
541.00,25.7505
541.50,25.7498
542.00,25.7573
542.50,25.7712
543.00,25.7788
543.50,25.7667
544.00,25.7325
544.50,25.6905
545.00,25.6655
545.50,25.6787
546.00,25.7334
546.50,25.8113
547.00,25.8839
547.50,25.9301
548.00,25.9463
548.50,25.9414
549.00,25.9279
549.50,25.9186
550.00,25.9247
550.50,25.9519
551.00,25.9944
551.50,26.0370
552.00,26.0639
552.50,26.0680
553.00,26.0520
553.50,26.0242
554.00,25.9923
554.50,25.9627
555.00,25.9422
555.50,25.9374
556.00,25.9519
556.50,25.9815
557.00,26.0151
557.50,26.0386
558.00,26.0429
558.50,26.0297
559.00,26.0119
559.50,26.0059
560.00,26.0210
560.50,26.0520
561.00,26.0821
561.50,26.0926
562.00,26.0749
562.50,26.0352
563.00,25.9897
563.50,25.9554
564.00,25.9416
564.50,25.9490
565.00,25.9723
565.50,26.0031
566.00,26.0301
566.50,26.0432
567.00,26.0387
567.50,26.0219
568.00,26.0039
568.50,25.9946
569.00,25.9973
569.50,26.0071
570.00,26.0146
570.50,26.0137
571.00,26.0067
571.50,26.0009
572.00,26.0016
572.50,26.0092
573.00,26.0237
573.50,26.0459
574.00,26.0748
574.50,26.1045
575.00,26.1280
575.50,26.1443
576.00,26.1594
576.50,26.1779
577.00,26.1930
577.50,26.1901
578.00,26.1605
578.50,26.1116
579.00,26.0620
579.50,26.0277
580.00,26.0153
580.50,26.0244
581.00,26.0529
581.50,26.0968
582.00,26.1473
582.50,26.1908
583.00,26.2143
583.50,26.2121
584.00,26.1896
584.50,26.1610
585.00,26.1435
585.50,26.1490
586.00,26.1806
586.50,26.2303
587.00,26.2823
587.50,26.3192
588.00,26.3304
588.50,26.3188
589.00,26.3011
589.50,26.2985
590.00,26.3231
590.50,26.3699
591.00,26.4204
591.50,26.4542
592.00,26.4596
592.50,26.4393
593.00,26.4072
593.50,26.3797
594.00,26.3660
594.50,26.3654
595.00,26.3715
595.50,26.3798
596.00,26.3889
596.50,26.3986
597.00,26.4055
597.50,26.4038
598.00,26.3899
598.50,26.3684
599.00,26.3522
599.50,26.3550
600.00,26.3793
600.50,26.4120
601.00,26.4318
601.50,26.4239
602.00,26.3912
602.50,26.3528
603.00,26.3316
603.50,26.3402
604.00,26.3726
604.50,26.4100
605.00,26.4332
605.50,26.4354
606.00,26.4240
606.50,26.4109
607.00,26.4035
607.50,26.4022
608.00,26.4058
608.50,26.4148
609.00,26.4298
609.50,26.4478
610.00,26.4647
610.50,26.4791
611.00,26.4950
611.50,26.5163
612.00,26.5416
612.50,26.5627
613.00,26.5691
613.50,26.5536
614.00,26.5184
614.50,26.4757
615.00,26.4433
615.50,26.4335
616.00,26.4469
616.50,26.4746
617.00,26.5057
617.50,26.5339
618.00,26.5582
618.50,26.5784
619.00,26.5930
619.50,26.5999
620.00,26.6004
620.50,26.6025
621.00,26.6167
621.50,26.6469
622.00,26.6826
622.50,26.7021
623.00,26.6878
623.50,26.6406
624.00,26.5814
624.50,26.5363
625.00,26.5201
625.50,26.5295
626.00,26.5497
626.50,26.5652
627.00,26.5672
627.50,26.5533
628.00,26.5258
628.50,26.4901
629.00,26.4556
629.50,26.4325
630.00,26.4257
630.50,26.4319
631.00,26.4431
631.50,26.4542
632.00,26.4640
632.50,26.4729
633.00,26.4818
633.50,26.4942
634.00,26.5169
634.50,26.5533
635.00,26.5975
635.50,26.6364
636.00,26.6587
636.50,26.6623
637.00,26.6524
637.50,26.6339
638.00,26.6089
638.50,26.5786
639.00,26.5482
639.50,26.5262
640.00,26.5196
640.50,26.5277
641.00,26.5407
641.50,26.5488
642.00,26.5516
642.50,26.5609
643.00,26.5914
643.50,26.6481
644.00,26.7213
644.50,26.7912
645.00,26.8390
645.50,26.8556
646.00,26.8435
646.50,26.8135
647.00,26.7788
647.50,26.7493
648.00,26.7272
648.50,26.7065
649.00,26.6779
649.50,26.6355
650.00,26.5807
650.50,26.5210
651.00,26.4685
651.50,26.4354
652.00,26.4281
652.50,26.4421
653.00,26.4652
653.50,26.4878
654.00,26.5097
654.50,26.5366
655.00,26.5696
655.50,26.6021
656.00,26.6236
656.50,26.6272
657.00,26.6145
657.50,26.5947
658.00,26.5801
658.50,26.5789
659.00,26.5879
659.50,26.5925
660.00,26.5779
660.50,26.5436
661.00,26.5076
661.50,26.4945
662.00,26.5181
662.50,26.5719
663.00,26.6351
663.50,26.6865
664.00,26.7168
664.50,26.7295
665.00,26.7333
665.50,26.7336
666.00,26.7314
666.50,26.7283
667.00,26.7295
667.50,26.7397
668.00,26.7558
668.50,26.7653
669.00,26.7530
669.50,26.7109
670.00,26.6412
670.50,26.5552
671.00,26.4689
671.50,26.3970
672.00,26.3472
672.50,26.3192
673.00,26.3105
673.50,26.3212
674.00,26.3520
674.50,26.3988
675.00,26.4505
675.50,26.4956
676.00,26.5276
676.50,26.5480
677.00,26.5622
677.50,26.5736
678.00,26.5800
678.50,26.5763
679.00,26.5623
679.50,26.5478
680.00,26.5483
680.50,26.5729
681.00,26.6163
681.50,26.6632
682.00,26.7024
682.50,26.7346
683.00,26.7667
683.50,26.7972
684.00,26.8117
684.50,26.7936
685.00,26.7427
685.50,26.6817
686.00,26.6423
686.50,26.6434
687.00,26.6799
687.50,26.7294
688.00,26.7670
688.50,26.7759
689.00,26.7505
689.50,26.6972
690.00,26.6321
690.50,26.5761
691.00,26.5453
691.50,26.5420
692.00,26.5548
692.50,26.5643
693.00,26.5548
693.50,26.5237
694.00,26.4831
694.50,26.4515
695.00,26.4397
695.50,26.4434
696.00,26.4496
696.50,26.4517
697.00,26.4556
697.50,26.4710
698.00,26.4970
698.50,26.5201
699.00,26.5254
699.50,26.5088
700.00,26.4782
700.50,26.4450
701.00,26.4184
701.50,26.4052
702.00,26.4131
702.50,26.4469
703.00,26.5019
703.50,26.5619
704.00,26.6048
704.50,26.6130
705.00,26.5833
705.50,26.5282
706.00,26.4695
706.50,26.4255
707.00,26.4017
707.50,26.3913
708.00,26.3847
708.50,26.3787
709.00,26.3777
709.50,26.3858
710.00,26.4003
710.50,26.4134
711.00,26.4197
711.50,26.4215
712.00,26.4284
712.50,26.4518
713.00,26.4961
713.50,26.5527
714.00,26.6012
714.50,26.6223
715.00,26.6116
715.50,26.5822
716.00,26.5558
716.50,26.5486
717.00,26.5636
717.50,26.5917
718.00,26.6209
718.50,26.6436
719.00,26.6573
719.50,26.6603
720.00,26.6507
720.50,26.6295
721.00,26.6054
721.50,26.5919
722.00,26.5965
722.50,26.6130
723.00,26.6243
723.50,26.6152
724.00,26.5821
724.50,26.5317
725.00,26.4751
725.50,26.4237
726.00,26.3892
726.50,26.3792
727.00,26.3926
727.50,26.4195
728.00,26.4474
728.50,26.4678
729.00,26.4782
729.50,26.4792
730.00,26.4721
730.50,26.4584
731.00,26.4433
731.50,26.4362
732.00,26.4461
732.50,26.4743
733.00,26.5098
733.50,26.5334
734.00,26.5300
734.50,26.4983
735.00,26.4499
735.50,26.3995
736.00,26.3559
736.50,26.3203
737.00,26.2922
737.50,26.2724
738.00,26.2624
738.50,26.2624
739.00,26.2719
739.50,26.2907
740.00,26.3195
740.50,26.3583
741.00,26.4056
741.50,26.4576
742.00,26.5079
742.50,26.5492
743.00,26.5780
743.50,26.5961
744.00,26.6086
744.50,26.6188
745.00,26.6246
745.50,26.6203
746.00,26.6031
746.50,26.5807
747.00,26.5704
747.50,26.5869
748.00,26.6291
748.50,26.6769
749.00,26.7055
749.50,26.7034
750.00,26.6791
750.50,26.6540
751.00,26.6461
751.50,26.6598
752.00,26.6877
752.50,26.7204
753.00,26.7520
753.50,26.7788
754.00,26.7961
754.50,26.8003
755.00,26.7931
755.50,26.7791
756.00,26.7592
756.50,26.7299
757.00,26.6916
757.50,26.6544
758.00,26.6314
758.50,26.6283
759.00,26.6392
759.50,26.6529
760.00,26.6585
760.50,26.6486
761.00,26.6209
761.50,26.5790
762.00,26.5314
762.50,26.4872
763.00,26.4523
763.50,26.4304
764.00,26.4261
764.50,26.4433
765.00,26.4782
765.50,26.5153
766.00,26.5353
766.50,26.5321
767.00,26.5187
767.50,26.5148
768.00,26.5280
768.50,26.5508
769.00,26.5738
769.50,26.5943
770.00,26.6141
770.50,26.6300
771.00,26.6343
771.50,26.6208
772.00,26.5905
772.50,26.5496
773.00,26.5076
773.50,26.4752
774.00,26.4621
774.50,26.4719
775.00,26.4991
775.50,26.5310
776.00,26.5566
776.50,26.5729
777.00,26.5857
777.50,26.6027
778.00,26.6262
778.50,26.6526
779.00,26.6803
779.50,26.7139
780.00,26.7570
780.50,26.8013
781.00,26.8264
781.50,26.8128
782.00,26.7563
782.50,26.6704
783.00,26.5792
783.50,26.5075
784.00,26.4712
784.50,26.4717
785.00,26.4976
785.50,26.5347
786.00,26.5737
786.50,26.6099
787.00,26.6381
787.50,26.6526
788.00,26.6517
788.50,26.6386
789.00,26.6169
789.50,26.5866
790.00,26.5460
790.50,26.4971
791.00,26.4494
791.50,26.4173
792.00,26.4127
792.50,26.4387
793.00,26.4887
793.50,26.5491
794.00,26.6047
794.50,26.6431
795.00,26.6595
795.50,26.6568
796.00,26.6438
796.50,26.6295
797.00,26.6176
797.50,26.6041
798.00,26.5803
798.50,26.5399
799.00,26.4868
799.50,26.4350
800.00,26.4009
800.50,26.3923
801.00,26.4037
801.50,26.4244
802.00,26.4487
802.50,26.4794
803.00,26.5210
803.50,26.5725
804.00,26.6261
804.50,26.6720
805.00,26.7021
805.50,26.7108
806.00,26.6976
806.50,26.6703
807.00,26.6432
807.50,26.6284
808.00,26.6270
808.50,26.6294
809.00,26.6232
809.50,26.6011
810.00,26.5637
810.50,26.5174
811.00,26.4721
811.50,26.4381
812.00,26.4212
812.50,26.4199
813.00,26.4283
813.50,26.4414
814.00,26.4589
814.50,26.4847
815.00,26.5193
815.50,26.5545
816.00,26.5766
816.50,26.5771
817.00,26.5594
817.50,26.5338
818.00,26.5089
818.50,26.4896
819.00,26.4798
819.50,26.4837
820.00,26.5026
820.50,26.5307
821.00,26.5572
821.50,26.5719
822.00,26.5712
822.50,26.5578
823.00,26.5385
823.50,26.5208
824.00,26.5131
824.50,26.5230
825.00,26.5537
825.50,26.6003
826.00,26.6501
826.50,26.6869
827.00,26.6974
827.50,26.6763
828.00,26.6305
828.50,26.5789
829.00,26.5478
829.50,26.5628
830.00,26.6421
830.50,26.7932
831.00,27.0129
831.50,27.2899
832.00,27.6065
832.50,27.9404
833.00,28.2663
833.50,28.5603
834.00,28.8047
834.50,28.9900
835.00,29.1151
835.50,29.1861
836.00,29.2165
836.50,29.2252
837.00,29.2305
837.50,29.2439
838.00,29.2667
838.50,29.2937
839.00,29.3202
839.50,29.3462
840.00,29.3753
840.50,29.4085
841.00,29.4418
841.50,29.4679
842.00,29.4823
842.50,29.4854
843.00,29.4805
843.50,29.4741
844.00,29.4750
844.50,29.4912
845.00,29.5229
845.50,29.5596
846.00,29.5875
846.50,29.5993
847.00,29.5976
847.50,29.5901
848.00,29.5832
848.50,29.5804
849.00,29.5825
849.50,29.5900
850.00,29.6029
850.50,29.6188
851.00,29.6296
851.50,29.6247
852.00,29.6005
852.50,29.5682
853.00,29.5488
853.50,29.5555
854.00,29.5805
854.50,29.5988
855.00,29.5875
855.50,29.5429
856.00,29.4829
856.50,29.4341
857.00,29.4134
857.50,29.4190
858.00,29.4346
858.50,29.4403
859.00,29.4231
859.50,29.3808
860.00,29.3224
860.50,29.2641
861.00,29.2217
861.50,29.2026
862.00,29.2034
862.50,29.2155
863.00,29.2322
863.50,29.2515
864.00,29.2742
864.50,29.3005
865.00,29.3298
865.50,29.3612
866.00,29.3926
866.50,29.4200
867.00,29.4375
867.50,29.4393
868.00,29.4212
868.50,29.3833
869.00,29.3313
869.50,29.2770
870.00,29.2335
870.50,29.2086
871.00,29.2012
871.50,29.2054
872.00,29.2160
872.50,29.2288
873.00,29.2362
873.50,29.2264
874.00,29.1907
874.50,29.1330
875.00,29.0695
875.50,29.0192
876.00,28.9922
876.50,28.9875
877.00,28.9980
877.50,29.0153
878.00,29.0303
878.50,29.0334
879.00,29.0181
879.50,28.9857
880.00,28.9455
880.50,28.9094
881.00,28.8861
881.50,28.8779
882.00,28.8820
882.50,28.8950
883.00,28.9156
883.50,28.9450
884.00,28.9827
884.50,29.0222
885.00,29.0533
885.50,29.0673
886.00,29.0628
886.50,29.0455
887.00,29.0254
887.50,29.0131
888.00,29.0142
888.50,29.0252
889.00,29.0355
889.50,29.0347
890.00,29.0215
890.50,29.0040
891.00,28.9944
891.50,28.9998
892.00,29.0173
892.50,29.0364
893.00,29.0482
893.50,29.0521
894.00,29.0550
894.50,29.0637
895.00,29.0792
895.50,29.1001
896.00,29.1260
896.50,29.1554
897.00,29.1812
897.50,29.1943
898.00,29.1903
898.50,29.1713
899.00,29.1405
899.50,29.0983
900.00,29.0463
900.50,28.9940
901.00,28.9575
901.50,28.9506
902.00,28.9747
902.50,29.0165
903.00,29.0556
903.50,29.0757
904.00,29.0728
904.50,29.0563
905.00,29.0424
905.50,29.0433
906.00,29.0598
906.50,29.0820
907.00,29.0979
907.50,29.1016
908.00,29.0932
908.50,29.0749
909.00,29.0469
909.50,29.0089
910.00,28.9629
910.50,28.9163
911.00,28.8804
911.50,28.8663
912.00,28.8794
912.50,28.9159
913.00,28.9641
913.50,29.0092
914.00,29.0414
914.50,29.0597
915.00,29.0701
915.50,29.0777
916.00,29.0805
916.50,29.0692
917.00,29.0334
917.50,28.9696
918.00,28.8885
918.50,28.8158
919.00,28.7812
919.50,28.7998
920.00,28.8605
920.50,28.9298
921.00,28.9730
921.50,28.9747
922.00,28.9434
922.50,28.8992
923.00,28.8563
923.50,28.8163
924.00,28.7740
924.50,28.7273
925.00,28.6808
925.50,28.6400
926.00,28.6055
926.50,28.5726
927.00,28.5358
927.50,28.4949
928.00,28.4548
928.50,28.4222
929.00,28.4022
929.50,28.3967
930.00,28.4044
930.50,28.4189
931.00,28.4281
931.50,28.4181
932.00,28.3817
932.50,28.3240
933.00,28.2603
933.50,28.2074
934.00,28.1722
934.50,28.1499
935.00,28.1301
935.50,28.1077
936.00,28.0864
936.50,28.0703
937.00,28.0573
937.50,28.0405
938.00,28.0165
938.50,27.9896
939.00,27.9677
939.50,27.9560
940.00,27.9532
940.50,27.9513
941.00,27.9384
941.50,27.9038
942.00,27.8464
942.50,27.7785
943.00,27.7190
943.50,27.6819
944.00,27.6701
944.50,27.6776
945.00,27.6935
945.50,27.7042
946.00,27.6984
946.50,27.6739
947.00,27.6405
947.50,27.6132
948.00,27.6004
948.50,27.5991
949.00,27.5998
949.50,27.5951
950.00,27.5817
950.50,27.5569
951.00,27.5195
951.50,27.4749
952.00,27.4365
952.50,27.4193
953.00,27.4290
953.50,27.4560
954.00,27.4819
954.50,27.4922
955.00,27.4867
955.50,27.4778
956.00,27.4783
956.50,27.4913
957.00,27.5095
957.50,27.5221
958.00,27.5216
958.50,27.5086
959.00,27.4917
959.50,27.4810
960.00,27.4794
960.50,27.4809
961.00,27.4768
961.50,27.4640
962.00,27.4472
962.50,27.4332
963.00,27.4250
963.50,27.4192
964.00,27.4098
964.50,27.3941
965.00,27.3763
965.50,27.3632
966.00,27.3578
966.50,27.3578
967.00,27.3604
967.50,27.3675
968.00,27.3823
968.50,27.4029
969.00,27.4207
969.50,27.4277
970.00,27.4231
970.50,27.4145
971.00,27.4133
971.50,27.4278
972.00,27.4589
972.50,27.4979
973.00,27.5303
973.50,27.5446
974.00,27.5400
974.50,27.5272
975.00,27.5191
975.50,27.5208
976.00,27.5275
976.50,27.5326
977.00,27.5354
977.50,27.5384
978.00,27.5407
978.50,27.5360
979.00,27.5192
979.50,27.4928
980.00,27.4663
980.50,27.4492
981.00,27.4435
981.50,27.4417
982.00,27.4329
982.50,27.4159
983.00,27.4067
983.50,27.4281
984.00,27.4867
984.50,27.5604
985.00,27.6108
985.50,27.6110
986.00,27.5626
986.50,27.4888
987.00,27.4146
987.50,27.3558
988.00,27.3195
988.50,27.3096
989.00,27.3261
989.50,27.3606
990.00,27.3995
990.50,27.4315
991.00,27.4537
991.50,27.4717
992.00,27.4933
992.50,27.5219
993.00,27.5534
993.50,27.5782
994.00,27.5862
994.50,27.5735
995.00,27.5451
995.50,27.5120
996.00,27.4835
996.50,27.4617
997.00,27.4422
997.50,27.4213
998.00,27.4020
998.50,27.3936
999.00,27.4057
999.50,27.4408
1000.00,27.4899
1000.50,27.5363
1001.00,27.5660
1001.50,27.5758
1002.00,27.5748
1002.50,27.5773
1003.00,27.5924
1003.50,27.6179
1004.00,27.6421
1004.50,27.6540
1005.00,27.6542
1005.50,27.6565
1006.00,27.6768
1006.50,27.7202
1007.00,27.7789
1007.50,27.8392
1008.00,27.8902
1008.50,27.9262
1009.00,27.9449
1009.50,27.9464
1010.00,27.9340
1010.50,27.9151
1011.00,27.9015
1011.50,27.9053
1012.00,27.9333
1012.50,27.9782
1013.00,28.0191
1013.50,28.0354
1014.00,28.0244
1014.50,28.0069
1015.00,28.0119
1015.50,28.0532
1016.00,28.1209
1016.50,28.1919
1017.00,28.2480
1017.50,28.2863
1018.00,28.3155
1018.50,28.3491
1019.00,28.4002
1019.50,28.4795
1020.00,28.5942
1020.50,28.7445
1021.00,28.9217
1021.50,29.1103
1022.00,29.2944
1022.50,29.4623
1023.00,29.6104
1023.50,29.7441
1024.00,29.8779
1024.50,30.0307
1025.00,30.2166
1025.50,30.4382
1026.00,30.6893
1026.50,30.9626
1027.00,31.2555
1027.50,31.5685
1028.00,31.9006
1028.50,32.2486
1029.00,32.6083
1029.50,32.9747
1030.00,33.3403
1030.50,33.6952
1031.00,34.0311
1031.50,34.3481
1032.00,34.6550
1032.50,34.9643
1033.00,35.2820
1033.50,35.6009
1034.00,35.9024
1034.50,36.1655
1035.00,36.3769
1035.50,36.5323
1036.00,36.6292
1036.50,36.6589
1037.00,36.6052
1037.50,36.4479
1038.00,36.1674
1038.50,35.7479
1039.00,35.1825
1039.50,34.4786
1040.00,33.6606
1040.50,32.7667
1041.00,31.8408
1041.50,30.9248
1042.00,30.0553
1042.50,29.2642
1043.00,28.5793
1043.50,28.0215
1044.00,27.6009
1044.50,27.3147
1045.00,27.1500
1045.50,27.0880
1046.00,27.1073
1046.50,27.1850
1047.00,27.2994
1047.50,27.4309
1048.00,27.5630
1048.50,27.6846
1049.00,27.7914
1049.50,27.8878
1050.00,27.9840
1050.50,28.0886
1051.00,28.2001
1051.50,28.3045
1052.00,28.3811
1052.50,28.4148
1053.00,28.4051
1053.50,28.3627
1054.00,28.3009
1054.50,28.2264
1055.00,28.1400
1055.50,28.0440
1056.00,27.9458
1056.50,27.8551
1057.00,27.7763
1057.50,27.7062
1058.00,27.6379
1058.50,27.5683
1059.00,27.4999
1059.50,27.4360
1060.00,27.3754
1060.50,27.3130
1061.00,27.2450
1061.50,27.1704
1062.00,27.0880
1062.50,26.9934
1063.00,26.8821
1063.50,26.7589
1064.00,26.6393
1064.50,26.5418
1065.00,26.4759
1065.50,26.4377
1066.00,26.4139
1066.50,26.3882
1067.00,26.3451
1067.50,26.2753
1068.00,26.1829
1068.50,26.0861
1069.00,26.0079
1069.50,25.9614
1070.00,25.9424
1070.50,25.9348
1071.00,25.9231
1071.50,25.8981
1072.00,25.8576
1072.50,25.8028
1073.00,25.7376
1073.50,25.6678
1074.00,25.5997
1074.50,25.5385
1075.00,25.4870
1075.50,25.4463
1076.00,25.4139
1076.50,25.3829
1077.00,25.3459
1077.50,25.3018
1078.00,25.2595
1078.50,25.2335
1079.00,25.2348
1079.50,25.2635
1080.00,25.3095
1080.50,25.3585
1081.00,25.4006
1081.50,25.4325
1082.00,25.4545
1082.50,25.4688
1083.00,25.4812
1083.50,25.4997
1084.00,25.5312
1084.50,25.5787
1085.00,25.6436
1085.50,25.7292
1086.00,25.8406
1086.50,25.9812
1087.00,26.1506
1087.50,26.3475
1088.00,26.5759
1088.50,26.8467
1089.00,27.1729
1089.50,27.5631
1090.00,28.0230
1090.50,28.5618
1091.00,29.1959
1091.50,29.9431
1092.00,30.8149
1092.50,31.8165
1093.00,32.9496
1093.50,34.2112
1094.00,35.5897
1094.50,37.0646
1095.00,38.6152
1095.50,40.2299
1096.00,41.9071
1096.50,43.6480
1097.00,45.4486
1097.50,47.3035
1098.00,49.2139
1098.50,51.1895
1099.00,53.2381
1099.50,55.3529
1100.00,57.5110
1100.50,59.6836
1101.00,61.8476
1101.50,63.9924
1102.00,66.1196
1102.50,68.2386
1103.00,70.3584
1103.50,72.4780
1104.00,74.5835
1104.50,76.6583
1105.00,78.6978
1105.50,80.7137
1106.00,82.7209
1106.50,84.7159
1107.00,86.6647
1107.50,88.5122
1108.00,90.1986
1108.50,91.6655
1109.00,92.8439
1109.50,93.6373
1110.00,93.9125
1110.50,93.5052
1111.00,92.2434
1111.50,89.9806
1112.00,86.6369
1112.50,82.2320
1113.00,76.8976
1113.50,70.8618
1114.00,64.4158
1114.50,57.8779
1115.00,51.5615
1115.50,45.7476
1116.00,40.6594
1116.50,36.4386
1117.00,33.1286
1117.50,30.6722
1118.00,28.9337
1118.50,27.7416
1119.00,26.9358
1119.50,26.3945
1120.00,26.0375
1120.50,25.8130
1121.00,25.6817
1121.50,25.6094
1122.00,25.5662
1122.50,25.5313
1123.00,25.4938
1123.50,25.4505
1124.00,25.4019
1124.50,25.3510
1125.00,25.3038
1125.50,25.2708
1126.00,25.2612
1126.50,25.2753
1127.00,25.3010
1127.50,25.3224
1128.00,25.3327
1128.50,25.3391
1129.00,25.3542
1129.50,25.3854
1130.00,25.4317
1130.50,25.4879
1131.00,25.5461
1131.50,25.5957
1132.00,25.6263
1132.50,25.6338
1133.00,25.6214
1133.50,25.5940
1134.00,25.5536
1134.50,25.5035
1135.00,25.4538
1135.50,25.4191
1136.00,25.4089
1136.50,25.4188
1137.00,25.4327
1137.50,25.4338
1138.00,25.4156
1138.50,25.3840
1139.00,25.3515
1139.50,25.3291
1140.00,25.3210
1140.50,25.3244
1141.00,25.3325
1141.50,25.3373
1142.00,25.3321
1142.50,25.3147
1143.00,25.2900
1143.50,25.2676
1144.00,25.2528
1144.50,25.2417
1145.00,25.2254
1145.50,25.2007
1146.00,25.1734
1146.50,25.1542
1147.00,25.1510
1147.50,25.1661
1148.00,25.1977
1148.50,25.2420
1149.00,25.2938
1149.50,25.3462
1150.00,25.3920
1150.50,25.4263
1151.00,25.4473
1151.50,25.4563
1152.00,25.4588
1152.50,25.4618
1153.00,25.4705
1153.50,25.4849
1154.00,25.5042
1154.50,25.5311
1155.00,25.5695
1155.50,25.6157
1156.00,25.6545
1156.50,25.6674
1157.00,25.6469
1157.50,25.6020
1158.00,25.5508
1158.50,25.5099
1159.00,25.4901
1159.50,25.4966
1160.00,25.5279
1160.50,25.5746
1161.00,25.6210
1161.50,25.6521
1162.00,25.6625
1162.50,25.6596
1163.00,25.6572
1163.50,25.6629
1164.00,25.6699
1164.50,25.6624
1165.00,25.6312
1165.50,25.5832
1166.00,25.5340
1166.50,25.4941
1167.00,25.4638
1167.50,25.4420
1168.00,25.4330
1168.50,25.4425
1169.00,25.4692
1169.50,25.5030
1170.00,25.5295
1170.50,25.5375
1171.00,25.5228
1171.50,25.4895
1172.00,25.4487
1172.50,25.4169
1173.00,25.4074
1173.50,25.4226
1174.00,25.4501
1174.50,25.4698
1175.00,25.4672
1175.50,25.4429
1176.00,25.4103
1176.50,25.3846
1177.00,25.3723
1177.50,25.3681
1178.00,25.3614
1178.50,25.3448
1179.00,25.3204
1179.50,25.2993
1180.00,25.2938
1180.50,25.3084
1181.00,25.3359
1181.50,25.3629
1182.00,25.3791
1182.50,25.3830
1183.00,25.3797
1183.50,25.3757
1184.00,25.3753
1184.50,25.3808
1185.00,25.3931
1185.50,25.4098
1186.00,25.4260
1186.50,25.4380
1187.00,25.4474
1187.50,25.4591
1188.00,25.4746
1188.50,25.4884
1189.00,25.4924
1189.50,25.4821
1190.00,25.4589
1190.50,25.4278
1191.00,25.3956
1191.50,25.3710
1192.00,25.3641
1192.50,25.3810
1193.00,25.4178
1193.50,25.4613
1194.00,25.4945
1194.50,25.5050
1195.00,25.4921
1195.50,25.4671
1196.00,25.4464
1196.50,25.4391
1197.00,25.4395
1197.50,25.4319
1198.00,25.4060
1198.50,25.3666
1199.00,25.3285
1199.50,25.3020
1200.00,25.2864
1200.50,25.2763
1201.00,25.2715
1201.50,25.2783
1202.00,25.3016
1202.50,25.3378
1203.00,25.3760
1203.50,25.4070
1204.00,25.4290
1204.50,25.4467
1205.00,25.4652
1205.50,25.4828
1206.00,25.4912
1206.50,25.4810
1207.00,25.4501
1207.50,25.4052
1208.00,25.3578
1208.50,25.3187
1209.00,25.2963
1209.50,25.2958
1210.00,25.3173
1210.50,25.3546
1211.00,25.3977
1211.50,25.4384
1212.00,25.4714
1212.50,25.4922
1213.00,25.4969
1213.50,25.4856
1214.00,25.4640
1214.50,25.4379
1215.00,25.4090
1215.50,25.3770
1216.00,25.3483
1216.50,25.3359
1217.00,25.3516
1217.50,25.3969
1218.00,25.4626
1218.50,25.5344
1219.00,25.6001
1219.50,25.6542
1220.00,25.7007
1220.50,25.7495
1221.00,25.8088
1221.50,25.8767
1222.00,25.9391
1222.50,25.9744
1223.00,25.9659
1223.50,25.9146
1224.00,25.8430
1224.50,25.7810
1225.00,25.7453
1225.50,25.7282
1226.00,25.7075
1226.50,25.6653
1227.00,25.5998
1227.50,25.5242
1228.00,25.4550
1228.50,25.4020
1229.00,25.3655
1229.50,25.3419
1230.00,25.3315
1230.50,25.3386
1231.00,25.3643
1231.50,25.4002
1232.00,25.4317
1232.50,25.4484
1233.00,25.4509
1233.50,25.4461
1234.00,25.4393
1234.50,25.4296
1235.00,25.4125
1235.50,25.3867
1236.00,25.3588
1236.50,25.3407
1237.00,25.3426
1237.50,25.3661
1238.00,25.4029
1238.50,25.4410
1239.00,25.4725
1239.50,25.4972
1240.00,25.5189
1240.50,25.5370
1241.00,25.5432
1241.50,25.5287
1242.00,25.4958
1242.50,25.4606
1243.00,25.4421
1243.50,25.4471
1244.00,25.4656
1244.50,25.4801
1245.00,25.4789
1245.50,25.4623
1246.00,25.4390
1246.50,25.4177
1247.00,25.4027
1247.50,25.3926
1248.00,25.3826
1248.50,25.3677
1249.00,25.3479
1249.50,25.3319
1250.00,25.3333
1250.50,25.3589
1251.00,25.4003
1251.50,25.4375
1252.00,25.4531
1252.50,25.4426
1253.00,25.4158
1253.50,25.3897
1254.00,25.3807
1254.50,25.3982
1255.00,25.4399
1255.50,25.4932
1256.00,25.5425
1256.50,25.5748
1257.00,25.5801
1257.50,25.5516
1258.00,25.4902
1258.50,25.4081
1259.00,25.3254
1259.50,25.2615
1260.00,25.2276
1260.50,25.2248
1261.00,25.2454
1261.50,25.2769
1262.00,25.3071
1262.50,25.3292
1263.00,25.3418
1263.50,25.3466
1264.00,25.3470
1264.50,25.3473
1265.00,25.3505
1265.50,25.3561
1266.00,25.3611
1266.50,25.3624
1267.00,25.3578
1267.50,25.3479
1268.00,25.3351
1268.50,25.3235
1269.00,25.3148
1269.50,25.3071
1270.00,25.2970
1270.50,25.2839
1271.00,25.2718
1271.50,25.2670
1272.00,25.2718
1272.50,25.2824
1273.00,25.2910
1273.50,25.2905
1274.00,25.2779
1274.50,25.2555
1275.00,25.2293
1275.50,25.2069
1276.00,25.1950
1276.50,25.1979
1277.00,25.2178
1277.50,25.2542
1278.00,25.3025
1278.50,25.3522
1279.00,25.3898
1279.50,25.4068
1280.00,25.4047
1280.50,25.3919
1281.00,25.3752
1281.50,25.3562
1282.00,25.3355
1282.50,25.3158
1283.00,25.2992
1283.50,25.2818
1284.00,25.2576
1284.50,25.2260
1285.00,25.1944
1285.50,25.1716
1286.00,25.1598
1286.50,25.1526
1287.00,25.1418
1287.50,25.1266
1288.00,25.1156
1288.50,25.1196
1289.00,25.1417
1289.50,25.1740
1290.00,25.2037
1290.50,25.2221
1291.00,25.2312
1291.50,25.2420
1292.00,25.2657
1292.50,25.3047
1293.00,25.3491
1293.50,25.3814
1294.00,25.3858
1294.50,25.3557
1295.00,25.2946
1295.50,25.2144
1296.00,25.1342
1296.50,25.0769
1297.00,25.0609
1297.50,25.0884
1298.00,25.1425
1298.50,25.1979
1299.00,25.2362
1299.50,25.2528
1300.00,25.2542
1300.50,25.2503
1301.00,25.2490
1301.50,25.2530
1302.00,25.2587
1302.50,25.2586
1303.00,25.2463
1303.50,25.2204
1304.00,25.1866
1304.50,25.1567
1305.00,25.1437
1305.50,25.1532
1306.00,25.1796
1306.50,25.2095
1307.00,25.2318
1307.50,25.2447
1308.00,25.2547
1308.50,25.2692
1309.00,25.2893
1309.50,25.3086
1310.00,25.3184
1310.50,25.3146
1311.00,25.2996
1311.50,25.2789
1312.00,25.2575
1312.50,25.2413
1313.00,25.2380
1313.50,25.2538
1314.00,25.2880
1314.50,25.3341
1315.00,25.3839
1315.50,25.4287
1316.00,25.4591
1316.50,25.4677
1317.00,25.4545
1317.50,25.4296
1318.00,25.4075
1318.50,25.3987
1319.00,25.4049
1319.50,25.4199
1320.00,25.4333
1320.50,25.4367
1321.00,25.4302
1321.50,25.4255
1322.00,25.4374
1322.50,25.4707
1323.00,25.5149
1323.50,25.5531
1324.00,25.5740
1324.50,25.5757
1325.00,25.5605
1325.50,25.5338
1326.00,25.5045
1326.50,25.4833
1327.00,25.4757
1327.50,25.4798
1328.00,25.4893
1328.50,25.4982
1329.00,25.5030
1329.50,25.5036
1330.00,25.5044
1330.50,25.5108
1331.00,25.5224
1331.50,25.5320
1332.00,25.5322
1332.50,25.5235
1333.00,25.5136
1333.50,25.5079
1334.00,25.5025
1334.50,25.4874
1335.00,25.4561
1335.50,25.4117
1336.00,25.3642
1336.50,25.3231
1337.00,25.2939
1337.50,25.2796
1338.00,25.2816
1338.50,25.2972
1339.00,25.3171
1339.50,25.3289
1340.00,25.3274
1340.50,25.3194
1341.00,25.3171
1341.50,25.3271
1342.00,25.3460
1342.50,25.3662
1343.00,25.3812
1343.50,25.3869
1344.00,25.3830
1344.50,25.3755
1345.00,25.3742
1345.50,25.3848
1346.00,25.4021
1346.50,25.4150
1347.00,25.4175
1347.50,25.4143
1348.00,25.4158
1348.50,25.4294
1349.00,25.4543
1349.50,25.4818
1350.00,25.4999
1350.50,25.4979
1351.00,25.4727
1351.50,25.4306
1352.00,25.3827
1352.50,25.3395
1353.00,25.3087
1353.50,25.2958
1354.00,25.3036
1354.50,25.3286
1355.00,25.3597
1355.50,25.3830
1356.00,25.3890
1356.50,25.3796
1357.00,25.3663
1357.50,25.3629
1358.00,25.3760
1358.50,25.4009
1359.00,25.4275
1359.50,25.4474
1360.00,25.4596
1360.50,25.4689
1361.00,25.4816
1361.50,25.5017
1362.00,25.5281
1362.50,25.5543
1363.00,25.5690
1363.50,25.5608
1364.00,25.5254
1364.50,25.4702
1365.00,25.4115
1365.50,25.3675
1366.00,25.3508
1366.50,25.3645
1367.00,25.4030
1367.50,25.4551
1368.00,25.5078
1368.50,25.5489
1369.00,25.5697
1369.50,25.5684
1370.00,25.5531
1370.50,25.5405
1371.00,25.5498
1371.50,25.5925
1372.00,25.6660
1372.50,25.7527
1373.00,25.8278
1373.50,25.8712
1374.00,25.8787
1374.50,25.8618
1375.00,25.8385
1375.50,25.8210
1376.00,25.8102
1376.50,25.7987
1377.00,25.7813
1377.50,25.7637
1378.00,25.7603
1378.50,25.7802
1379.00,25.8157
1379.50,25.8467
1380.00,25.8580
1380.50,25.8514
1381.00,25.8427
1381.50,25.8457
1382.00,25.8609
1382.50,25.8767
1383.00,25.8811
1383.50,25.8711
1384.00,25.8528
1384.50,25.8332
1385.00,25.8128
1385.50,25.7855
1386.00,25.7430
1386.50,25.6808
1387.00,25.6046
1387.50,25.5315
1388.00,25.4801
1388.50,25.4560
1389.00,25.4464
1389.50,25.4325
1390.00,25.4081
1390.50,25.3836
1391.00,25.3724
1391.50,25.3783
1392.00,25.3938
1392.50,25.4099
1393.00,25.4235
1393.50,25.4386
1394.00,25.4609
1394.50,25.4917
1395.00,25.5249
1395.50,25.5515
1396.00,25.5665
1396.50,25.5719
1397.00,25.5750
1397.50,25.5836
1398.00,25.6019
1398.50,25.6294
1399.00,25.6616
1399.50,25.6916
1400.00,25.7116
1400.50,25.7141
1401.00,25.6958
1401.50,25.6584
1402.00,25.6107
1402.50,25.5669
1403.00,25.5421
1403.50,25.5448
1404.00,25.5704
1404.50,25.6027
1405.00,25.6268
1405.50,25.6405
1406.00,25.6538
1406.50,25.6770
1407.00,25.7088
1407.50,25.7387
1408.00,25.7579
1408.50,25.7669
1409.00,25.7725
1409.50,25.7812
1410.00,25.7955
1410.50,25.8144
1411.00,25.8349
1411.50,25.8528
1412.00,25.8651
1412.50,25.8688
1413.00,25.8600
1413.50,25.8348
1414.00,25.7948
1414.50,25.7501
1415.00,25.7139
1415.50,25.6930
1416.00,25.6848
1416.50,25.6830
1417.00,25.6868
1417.50,25.7049
1418.00,25.7476
1418.50,25.8146
1419.00,25.8882
1419.50,25.9429
1420.00,25.9616
1420.50,25.9463
1421.00,25.9117
1421.50,25.8738
1422.00,25.8435
1422.50,25.8244
1423.00,25.8128
1423.50,25.7991
1424.00,25.7751
1424.50,25.7434
1425.00,25.7149
1425.50,25.6964
1426.00,25.6806
1426.50,25.6512
1427.00,25.6003
1427.50,25.5375
1428.00,25.4844
1428.50,25.4604
1429.00,25.4722
1429.50,25.5117
1430.00,25.5612
1430.50,25.6037
1431.00,25.6307
1431.50,25.6437
1432.00,25.6465
1432.50,25.6402
1433.00,25.6247
1433.50,25.6040
1434.00,25.5873
1434.50,25.5840
1435.00,25.5970
1435.50,25.6216
1436.00,25.6505
1436.50,25.6764
1437.00,25.6933
1437.50,25.6952
1438.00,25.6788
1438.50,25.6473
1439.00,25.6121
1439.50,25.5873
1440.00,25.5824
1440.50,25.5972
1441.00,25.6231
1441.50,25.6483
1442.00,25.6627
1442.50,25.6598
1443.00,25.6391
1443.50,25.6075
1444.00,25.5755
1444.50,25.5512
1445.00,25.5356
1445.50,25.5261
1446.00,25.5224
1446.50,25.5296
1447.00,25.5548
1447.50,25.6023
1448.00,25.6663
1448.50,25.7304
1449.00,25.7751
1449.50,25.7902
1450.00,25.7809
1450.50,25.7615
1451.00,25.7431
1451.50,25.7278
1452.00,25.7125
1452.50,25.6952
1453.00,25.6767
1453.50,25.6609
1454.00,25.6531
1454.50,25.6566
1455.00,25.6674
1455.50,25.6721
1456.00,25.6553
1456.50,25.6101
1457.00,25.5447
1457.50,25.4761
1458.00,25.4190
1458.50,25.3802
1459.00,25.3607
1459.50,25.3607
1460.00,25.3773
1460.50,25.4013
1461.00,25.4187
1461.50,25.4222
1462.00,25.4190
1462.50,25.4247
1463.00,25.4480
1463.50,25.4817
1464.00,25.5102
1464.50,25.5245
1465.00,25.5284
1465.50,25.5322
1466.00,25.5428
1466.50,25.5593
1467.00,25.5743
1467.50,25.5793
1468.00,25.5697
1468.50,25.5493
1469.00,25.5280
1469.50,25.5173
1470.00,25.5229
1470.50,25.5420
1471.00,25.5638
1471.50,25.5756
1472.00,25.5707
1472.50,25.5535
1473.00,25.5386
1473.50,25.5415
1474.00,25.5664
1474.50,25.6025
1475.00,25.6345
1475.50,25.6555
1476.00,25.6704
1476.50,25.6872
1477.00,25.7075
1477.50,25.7249
1478.00,25.7313
1478.50,25.7231
1479.00,25.7040
1479.50,25.6828
1480.00,25.6693
1480.50,25.6693
1481.00,25.6809
1481.50,25.6967
1482.00,25.7088
1482.50,25.7149
1483.00,25.7185
1483.50,25.7244
1484.00,25.7351
1484.50,25.7520
1485.00,25.7770
1485.50,25.8121
1486.00,25.8571
1486.50,25.9065
1487.00,25.9476
1487.50,25.9662
1488.00,25.9592
1488.50,25.9416
1489.00,25.9373
1489.50,25.9591
1490.00,25.9981
1490.50,26.0339
1491.00,26.0520
1491.50,26.0522
1492.00,26.0413
1492.50,26.0224
1493.00,25.9930
1493.50,25.9510
1494.00,25.9007
1494.50,25.8509
1495.00,25.8113
1495.50,25.7900
1496.00,25.7934
1496.50,25.8237
1497.00,25.8761
1497.50,25.9395
1498.00,26.0020
1498.50,26.0574
1499.00,26.1044
1499.50,26.1430
1500.00,26.1705
1500.50,26.1839
1501.00,26.1840
1501.50,26.1758
1502.00,26.1638
1502.50,26.1486
1503.00,26.1285
1503.50,26.1051
1504.00,26.0854
1504.50,26.0783
1505.00,26.0880
1505.50,26.1118
1506.00,26.1426
1506.50,26.1739
1507.00,26.2025
1507.50,26.2279
1508.00,26.2495
1508.50,26.2648
1509.00,26.2696
1509.50,26.2602
1510.00,26.2358
1510.50,26.1991
1511.00,26.1556
1511.50,26.1136
1512.00,26.0815
1512.50,26.0628
1513.00,26.0520
1513.50,26.0373
1514.00,26.0092
1514.50,25.9672
1515.00,25.9207
1515.50,25.8832
1516.00,25.8663
1516.50,25.8750
1517.00,25.9055
1517.50,25.9461
1518.00,25.9809
1518.50,25.9967
1519.00,25.9869
1519.50,25.9520
1520.00,25.8990
1520.50,25.8404
1521.00,25.7913
1521.50,25.7630
1522.00,25.7581
1522.50,25.7709
1523.00,25.7910
1523.50,25.8059
1524.00,25.8054
1524.50,25.7885
1525.00,25.7676
1525.50,25.7610
1526.00,25.7762
1526.50,25.8023
1527.00,25.8199
1527.50,25.8190
1528.00,25.8061
1528.50,25.7968
1529.00,25.8041
1529.50,25.8343
1530.00,25.8880
1530.50,25.9589
1531.00,26.0331
1531.50,26.0926
1532.00,26.1242
1532.50,26.1272
1533.00,26.1119
1533.50,26.0905
1534.00,26.0687
1534.50,26.0451
1535.00,26.0170
1535.50,25.9852
1536.00,25.9538
1536.50,25.9265
1537.00,25.9027
1537.50,25.8798
1538.00,25.8571
1538.50,25.8396
1539.00,25.8340
1539.50,25.8436
1540.00,25.8639
1540.50,25.8857
1541.00,25.9007
1541.50,25.9054
1542.00,25.8996
1542.50,25.8831
1543.00,25.8550
1543.50,25.8165
1544.00,25.7725
1544.50,25.7306
1545.00,25.6984
1545.50,25.6807
1546.00,25.6771
1546.50,25.6820
1547.00,25.6881
1547.50,25.6913
1548.00,25.6923
1548.50,25.6949
1549.00,25.7040
1549.50,25.7228
1550.00,25.7494
1550.50,25.7748
1551.00,25.7880
1551.50,25.7845
1552.00,25.7708
1552.50,25.7590
1553.00,25.7583
1553.50,25.7690
1554.00,25.7854
1554.50,25.8014
1555.00,25.8131
1555.50,25.8193
1556.00,25.8194
1556.50,25.8132
1557.00,25.8026
1557.50,25.7916
1558.00,25.7837
1558.50,25.7784
1559.00,25.7710
1559.50,25.7553
1560.00,25.7285
1560.50,25.6953
1561.00,25.6690
1561.50,25.6642
1562.00,25.6860
1562.50,25.7241
1563.00,25.7602
1563.50,25.7820
1564.00,25.7906
1564.50,25.7946
1565.00,25.8008
1565.50,25.8088
1566.00,25.8160
1566.50,25.8224
1567.00,25.8301
1567.50,25.8399
1568.00,25.8469
1568.50,25.8449
1569.00,25.8313
1569.50,25.8095
1570.00,25.7840
1570.50,25.7552
1571.00,25.7197
1571.50,25.6753
1572.00,25.6261
1572.50,25.5822
1573.00,25.5551
1573.50,25.5510
1574.00,25.5668
1574.50,25.5937
1575.00,25.6248
1575.50,25.6596
1576.00,25.6978
1576.50,25.7317
1577.00,25.7499
1577.50,25.7488
1578.00,25.7353
1578.50,25.7173
1579.00,25.6940
1579.50,25.6595
1580.00,25.6148
1580.50,25.5731
1581.00,25.5529
1581.50,25.5660
1582.00,25.6099
1582.50,25.6699
1583.00,25.7258
1583.50,25.7621
1584.00,25.7734
1584.50,25.7637
1585.00,25.7411
1585.50,25.7133
1586.00,25.6876
1586.50,25.6710
1587.00,25.6682
1587.50,25.6786
1588.00,25.6981
1588.50,25.7221
1589.00,25.7473
1589.50,25.7700
1590.00,25.7883
1590.50,25.8030
1591.00,25.8173
1591.50,25.8327
1592.00,25.8462
1592.50,25.8506
1593.00,25.8386
1593.50,25.8090
1594.00,25.7707
1594.50,25.7386
1595.00,25.7228
1595.50,25.7212
1596.00,25.7226
1596.50,25.7167
1597.00,25.7004
1597.50,25.6740
1598.00,25.6393
1598.50,25.6011
1599.00,25.5717
1599.50,25.5676
1600.00,25.5985
1600.50,25.6600
1601.00,25.7348
1601.50,25.8011
1602.00,25.8434
1602.50,25.8562
1603.00,25.8429
1603.50,25.8106
1604.00,25.7678
1604.50,25.7236
1605.00,25.6887
1605.50,25.6715
1606.00,25.6749
1606.50,25.6933
1607.00,25.7161
1607.50,25.7339
1608.00,25.7438
1608.50,25.7494
1609.00,25.7554
1609.50,25.7644
1610.00,25.7773
1610.50,25.7964
1611.00,25.8230
1611.50,25.8535
1612.00,25.8771
1612.50,25.8814
1613.00,25.8620
1613.50,25.8262
1614.00,25.7870
1614.50,25.7545
1615.00,25.7352
1615.50,25.7369
1616.00,25.7686
1616.50,25.8303
1617.00,25.9049
1617.50,25.9652
1618.00,25.9914
1618.50,25.9848
1619.00,25.9639
1619.50,25.9503
1620.00,25.9558
1620.50,25.9783
1621.00,26.0063
1621.50,26.0261
1622.00,26.0286
1622.50,26.0131
1623.00,25.9857
1623.50,25.9557
1624.00,25.9298
1624.50,25.9083
1625.00,25.8852
1625.50,25.8522
1626.00,25.8075
1626.50,25.7608
1627.00,25.7289
1627.50,25.7238
1628.00,25.7418
1628.50,25.7663
1629.00,25.7790
1629.50,25.7725
1630.00,25.7522
1630.50,25.7300
1631.00,25.7145
1631.50,25.7059
1632.00,25.6989
1632.50,25.6896
1633.00,25.6812
1633.50,25.6821
1634.00,25.6987
1634.50,25.7293
1635.00,25.7656
1635.50,25.8005
1636.00,25.8332
1636.50,25.8672
1637.00,25.9027
1637.50,25.9319
1638.00,25.9422
1638.50,25.9248
1639.00,25.8801
1639.50,25.8186
1640.00,25.7568
1640.50,25.7125
1641.00,25.6977
1641.50,25.7127
1642.00,25.7452
1642.50,25.7770
1643.00,25.7930
1643.50,25.7862
1644.00,25.7583
1644.50,25.7174
1645.00,25.6776
1645.50,25.6553
1646.00,25.6631
1646.50,25.7017
1647.00,25.7564
1647.50,25.8027
1648.00,25.8182
1648.50,25.7940
1649.00,25.7394
1649.50,25.6754
1650.00,25.6233
1650.50,25.5958
1651.00,25.5971
1651.50,25.6251
1652.00,25.6710
1652.50,25.7185
1653.00,25.7486
1653.50,25.7502
1654.00,25.7262
1654.50,25.6897
1655.00,25.6540
1655.50,25.6281
1656.00,25.6186
1656.50,25.6312
1657.00,25.6658
1657.50,25.7100
1658.00,25.7424
1658.50,25.7477
1659.00,25.7282
1659.50,25.7016
1660.00,25.6846
1660.50,25.6812
1661.00,25.6841
1661.50,25.6857
1662.00,25.6869
1662.50,25.6944
1663.00,25.7129
1663.50,25.7410
1664.00,25.7706
1664.50,25.7907
1665.00,25.7917
1665.50,25.7723
1666.00,25.7414
1666.50,25.7167
1667.00,25.7175
1667.50,25.7570
1668.00,25.8375
1668.50,25.9481
1669.00,26.0642
1669.50,26.1518
1670.00,26.1794
1670.50,26.1364
1671.00,26.0460
1671.50,25.9561
1672.00,25.9117
1672.50,25.9273
1673.00,25.9823
1673.50,26.0400
1674.00,26.0730
1674.50,26.0762
1675.00,26.0613
1675.50,26.0440
1676.00,26.0338
1676.50,26.0327
1677.00,26.0383
1677.50,26.0466
1678.00,26.0524
1678.50,26.0512
1679.00,26.0422
1679.50,26.0298
1680.00,26.0210
1680.50,26.0208
1681.00,26.0298
1681.50,26.0460
1682.00,26.0653
1682.50,26.0815
1683.00,26.0878
1683.50,26.0824
1684.00,26.0732
1684.50,26.0730
1685.00,26.0881
1685.50,26.1139
1686.00,26.1395
1686.50,26.1579
1687.00,26.1684
1687.50,26.1735
1688.00,26.1752
1688.50,26.1751
1689.00,26.1732
1689.50,26.1694
1690.00,26.1660
1690.50,26.1703
1691.00,26.1919
1691.50,26.2340
1692.00,26.2888
1692.50,26.3422
1693.00,26.3814
1693.50,26.3986
1694.00,26.3895
1694.50,26.3546
1695.00,26.3018
1695.50,26.2450
1696.00,26.1959
1696.50,26.1577
1697.00,26.1266
1697.50,26.0991
1698.00,26.0768
1698.50,26.0654
1699.00,26.0695
1699.50,26.0884
1700.00,26.1155
1700.50,26.1416
1701.00,26.1594
1701.50,26.1644
1702.00,26.1563
1702.50,26.1376
1703.00,26.1137
1703.50,26.0907
1704.00,26.0715
1704.50,26.0540
1705.00,26.0319
1705.50,26.0018
1706.00,25.9683
1706.50,25.9416
1707.00,25.9294
1707.50,25.9315
1708.00,25.9416
1708.50,25.9535
1709.00,25.9654
1709.50,25.9803
1710.00,26.0043
1710.50,26.0422
1711.00,26.0919
1711.50,26.1421
1712.00,26.1802
1712.50,26.2005
1713.00,26.2068
1713.50,26.2078
1714.00,26.2120
1714.50,26.2242
1715.00,26.2399
1715.50,26.2423
1716.00,26.2112
1716.50,26.1410
1717.00,26.0502
1717.50,25.9705
1718.00,25.9250
1718.50,25.9173
1719.00,25.9371
1719.50,25.9699
1720.00,26.0002
1720.50,26.0117
1721.00,25.9951
1721.50,25.9552
1722.00,25.9094
1722.50,25.8778
1723.00,25.8704
1723.50,25.8839
1724.00,25.9048
1724.50,25.9210
1725.00,25.9283
1725.50,25.9314
1726.00,25.9374
1726.50,25.9502
1727.00,25.9709
1727.50,25.9995
1728.00,26.0328
1728.50,26.0611
1729.00,26.0689
1729.50,26.0460
1730.00,25.9973
1730.50,25.9415
1731.00,25.8952
1731.50,25.8610
1732.00,25.8310
1732.50,25.7993
1733.00,25.7687
1733.50,25.7434
1734.00,25.7191
1734.50,25.6848
1735.00,25.6351
1735.50,25.5770
1736.00,25.5244
1736.50,25.4871
1737.00,25.4663
1737.50,25.4594
1738.00,25.4628
1738.50,25.4719
1739.00,25.4800
1739.50,25.4808
1740.00,25.4719
1740.50,25.4561
1741.00,25.4399
1741.50,25.4309
1742.00,25.4345
1742.50,25.4511
1743.00,25.4773
1743.50,25.5079
1744.00,25.5380
1744.50,25.5634
1745.00,25.5826
1745.50,25.5974
1746.00,25.6095
1746.50,25.6192
1747.00,25.6257
1747.50,25.6308
1748.00,25.6388
1748.50,25.6539
1749.00,25.6751
1749.50,25.6933
1750.00,25.6944
1750.50,25.6647
1751.00,25.6021
1751.50,25.5209
1752.00,25.4465
1752.50,25.4019
1753.00,25.3966
1753.50,25.4235
1754.00,25.4642
1754.50,25.4951
1755.00,25.4975
1755.50,25.4673
1756.00,25.4162
1756.50,25.3607
1757.00,25.3112
1757.50,25.2703
1758.00,25.2391
1758.50,25.2207
1759.00,25.2194
1759.50,25.2386
1760.00,25.2788
1760.50,25.3342
1761.00,25.3881
1761.50,25.4168
1762.00,25.4041
1762.50,25.3579
1763.00,25.3097
1763.50,25.2950
1764.00,25.3289
1764.50,25.3986
1765.00,25.4755
1765.50,25.5352
1766.00,25.5680
1766.50,25.5758
1767.00,25.5665
1767.50,25.5486
1768.00,25.5290
1768.50,25.5107
1769.00,25.4945
1769.50,25.4841
1770.00,25.4885
1770.50,25.5164
1771.00,25.5662
1771.50,25.6220
1772.00,25.6611
1772.50,25.6677
1773.00,25.6415
1773.50,25.5934
1774.00,25.5367
1774.50,25.4823
1775.00,25.4397
1775.50,25.4164
1776.00,25.4135
1776.50,25.4246
1777.00,25.4409
1777.50,25.4572
1778.00,25.4727
1778.50,25.4866
1779.00,25.4966
1779.50,25.5018
1780.00,25.5055
1780.50,25.5125
1781.00,25.5227
1781.50,25.5298
1782.00,25.5262
1782.50,25.5113
1783.00,25.4931
1783.50,25.4808
1784.00,25.4801
1784.50,25.4921
1785.00,25.5161
1785.50,25.5481
1786.00,25.5798
1786.50,25.5998
1787.00,25.5995
1787.50,25.5779
1788.00,25.5416
1788.50,25.4996
1789.00,25.4571
1789.50,25.4134
1790.00,25.3661
1790.50,25.3181
1791.00,25.2793
1791.50,25.2597
1792.00,25.2599
1792.50,25.2701
1793.00,25.2779
1793.50,25.2776
1794.00,25.2731
1794.50,25.2717
1795.00,25.2780
1795.50,25.2910
1796.00,25.3066
1796.50,25.3200
1797.00,25.3277
1797.50,25.3299
1798.00,25.3316
1798.50,25.3410
1799.00,25.3625
1799.50,25.3920
1800.00,25.4201
1800.50,25.4416
1801.00,25.4607
1801.50,25.4855
1802.00,25.5170
1802.50,25.5440
1803.00,25.5498
1803.50,25.5244
1804.00,25.4712
1804.50,25.4065
1805.00,25.3519
1805.50,25.3241
1806.00,25.3257
1806.50,25.3464
1807.00,25.3721
1807.50,25.3951
1808.00,25.4138
1808.50,25.4267
1809.00,25.4310
1809.50,25.4285
1810.00,25.4270
1810.50,25.4342
1811.00,25.4515
1811.50,25.4749
1812.00,25.5003
1812.50,25.5245
1813.00,25.5455
1813.50,25.5615
1814.00,25.5705
1814.50,25.5690
1815.00,25.5536
1815.50,25.5252
1816.00,25.4932
1816.50,25.4698
1817.00,25.4631
1817.50,25.4741
1818.00,25.5000
1818.50,25.5370
1819.00,25.5791
1819.50,25.6177
1820.00,25.6445
1820.50,25.6548
1821.00,25.6467
1821.50,25.6208
1822.00,25.5821
1822.50,25.5417
1823.00,25.5124
1823.50,25.5009
1824.00,25.5050
1824.50,25.5165
1825.00,25.5259
1825.50,25.5280
1826.00,25.5254
1826.50,25.5273
1827.00,25.5423
1827.50,25.5712
1828.00,25.6074
1828.50,25.6438
1829.00,25.6777
1829.50,25.7096
1830.00,25.7409
1830.50,25.7722
1831.00,25.8037
1831.50,25.8338
1832.00,25.8583
1832.50,25.8706
1833.00,25.8635
1833.50,25.8331
1834.00,25.7811
1834.50,25.7156
1835.00,25.6482
1835.50,25.5916
1836.00,25.5571
1836.50,25.5522
1837.00,25.5745
1837.50,25.6101
1838.00,25.6394
1838.50,25.6502
1839.00,25.6458
1839.50,25.6394
1840.00,25.6415
1840.50,25.6513
1841.00,25.6586
1841.50,25.6503
1842.00,25.6183
1842.50,25.5662
1843.00,25.5107
1843.50,25.4746
1844.00,25.4711
1844.50,25.4938
1845.00,25.5227
1845.50,25.5414
1846.00,25.5498
1846.50,25.5605
1847.00,25.5859
1847.50,25.6270
1848.00,25.6734
1848.50,25.7085
1849.00,25.7176
1849.50,25.6937
1850.00,25.6412
1850.50,25.5731
1851.00,25.5030
1851.50,25.4382
1852.00,25.3811
1852.50,25.3323
1853.00,25.2925
1853.50,25.2618
1854.00,25.2416
1854.50,25.2365
1855.00,25.2501
1855.50,25.2783
1856.00,25.3086
1856.50,25.3297
1857.00,25.3402
1857.50,25.3483
1858.00,25.3627
1858.50,25.3859
1859.00,25.4141
1859.50,25.4422
1860.00,25.4665
1860.50,25.4861
1861.00,25.5005
1861.50,25.5070
1862.00,25.5007
1862.50,25.4783
1863.00,25.4436
1863.50,25.4083
1864.00,25.3875
1864.50,25.3912
1865.00,25.4198
1865.50,25.4641
1866.00,25.5105
1866.50,25.5464
1867.00,25.5641
1867.50,25.5612
1868.00,25.5414
1868.50,25.5135
1869.00,25.4885
1869.50,25.4740
1870.00,25.4697
1870.50,25.4679
1871.00,25.4622
1871.50,25.4533
1872.00,25.4471
1872.50,25.4463
1873.00,25.4481
1873.50,25.4490
1874.00,25.4498
1874.50,25.4537
1875.00,25.4585
1875.50,25.4555
1876.00,25.4371
1876.50,25.4056
1877.00,25.3724
1877.50,25.3484
1878.00,25.3372
1878.50,25.3368
1879.00,25.3436
1879.50,25.3539
1880.00,25.3627
1880.50,25.3653
1881.00,25.3598
1881.50,25.3492
1882.00,25.3391
1882.50,25.3360
1883.00,25.3453
1883.50,25.3700
1884.00,25.4080
1884.50,25.4511
1885.00,25.4854
1885.50,25.4980
1886.00,25.4831
1886.50,25.4450
1887.00,25.3958
1887.50,25.3507
1888.00,25.3221
1888.50,25.3134
1889.00,25.3164
1889.50,25.3172
1890.00,25.3068
1890.50,25.2874
1891.00,25.2691
1891.50,25.2620
1892.00,25.2688
1892.50,25.2813
1893.00,25.2851
1893.50,25.2673
1894.00,25.2250
1894.50,25.1670
1895.00,25.1085
1895.50,25.0637
1896.00,25.0392
1896.50,25.0319
1897.00,25.0326
1897.50,25.0330
1898.00,25.0300
1898.50,25.0257
1899.00,25.0228
1899.50,25.0210
1900.00,25.0183
1900.50,25.0136
1901.00,25.0077
1901.50,25.0010
1902.00,24.9930
1902.50,24.9847
1903.00,24.9792
1903.50,24.9809
1904.00,24.9941
1904.50,25.0212
1905.00,25.0603
1905.50,25.1021
1906.00,25.1305
1906.50,25.1298
1907.00,25.0954
1907.50,25.0391
1908.00,24.9840
1908.50,24.9519
1909.00,24.9523
1909.50,24.9814
1910.00,25.0266
1910.50,25.0728
1911.00,25.1089
1911.50,25.1313
1912.00,25.1440
1912.50,25.1526
1913.00,25.1589
1913.50,25.1596
1914.00,25.1524
1914.50,25.1409
1915.00,25.1333
1915.50,25.1362
1916.00,25.1515
1916.50,25.1778
1917.00,25.2118
1917.50,25.2499
1918.00,25.2886
1918.50,25.3258
1919.00,25.3590
1919.50,25.3852
1920.00,25.4029
1920.50,25.4141
1921.00,25.4225
1921.50,25.4280
1922.00,25.4263
1922.50,25.4123
1923.00,25.3848
1923.50,25.3463
1924.00,25.3019
1924.50,25.2597
1925.00,25.2290
1925.50,25.2157
1926.00,25.2171
1926.50,25.2237
1927.00,25.2258
1927.50,25.2202
1928.00,25.2087
1928.50,25.1968
1929.00,25.1926
1929.50,25.2048
1930.00,25.2358
1930.50,25.2746
1931.00,25.3013
1931.50,25.3009
1932.00,25.2748
1932.50,25.2385
1933.00,25.2112
1933.50,25.2052
1934.00,25.2223
1934.50,25.2548
1935.00,25.2915
1935.50,25.3218
1936.00,25.3383
1936.50,25.3366
1937.00,25.3164
1937.50,25.2816
1938.00,25.2376
1938.50,25.1889
1939.00,25.1369
1939.50,25.0820
1940.00,25.0288
1940.50,24.9887
1941.00,24.9761
1941.50,24.9985
1942.00,25.0479
1942.50,25.1035
1943.00,25.1451
1943.50,25.1655
1944.00,25.1716
1944.50,25.1745
1945.00,25.1802
1945.50,25.1879
1946.00,25.1953
1946.50,25.2013
1947.00,25.2061
1947.50,25.2107
1948.00,25.2161
1948.50,25.2229
1949.00,25.2293
1949.50,25.2297
1950.00,25.2177
1950.50,25.1936
1951.00,25.1669
1951.50,25.1512
1952.00,25.1531
1952.50,25.1671
1953.00,25.1804
1953.50,25.1832
1954.00,25.1738
1954.50,25.1592
1955.00,25.1499
1955.50,25.1539
1956.00,25.1698
1956.50,25.1850
1957.00,25.1857
1957.50,25.1704
1958.00,25.1552
1958.50,25.1608
1959.00,25.1926
1959.50,25.2342
1960.00,25.2616
1960.50,25.2662
1961.00,25.2594
1961.50,25.2565
1962.00,25.2589
1962.50,25.2546
1963.00,25.2351
1963.50,25.2049
1964.00,25.1757
1964.50,25.1533
1965.00,25.1339
1965.50,25.1124
1966.00,25.0892
1966.50,25.0679
1967.00,25.0490
1967.50,25.0289
1968.00,25.0040
1968.50,24.9731
1969.00,24.9358
1969.50,24.8933
1970.00,24.8509
1970.50,24.8174
1971.00,24.7995
1971.50,24.7974
1972.00,24.8063
1972.50,24.8202
1973.00,24.8317
1973.50,24.8331
1974.00,24.8201
1974.50,24.7980
1975.00,24.7802
1975.50,24.7819
1976.00,24.8107
1976.50,24.8616
1977.00,24.9182
1977.50,24.9616
1978.00,24.9809
1978.50,24.9784
1979.00,24.9638
1979.50,24.9446
1980.00,24.9220
1980.50,24.8936
1981.00,24.8593
1981.50,24.8245
1982.00,24.7981
1982.50,24.7885
1983.00,24.7999
1983.50,24.8311
1984.00,24.8757
1984.50,24.9224
1985.00,24.9577
1985.50,24.9723
1986.00,24.9671
1986.50,24.9538
1987.00,24.9463
1987.50,24.9503
1988.00,24.9586
1988.50,24.9558
1989.00,24.9301
1989.50,24.8840
1990.00,24.8352
1990.50,24.8066
1991.00,24.8105
1991.50,24.8412
1992.00,24.8801
1992.50,24.9099
1993.00,24.9243
1993.50,24.9255
1994.00,24.9178
1994.50,24.9038
1995.00,24.8889
1995.50,24.8822
1996.00,24.8896
1996.50,24.9071
1997.00,24.9253
1997.50,24.9422
1998.00,24.9690
1998.50,25.0199
1999.00,25.0935
1999.50,25.1657
2000.00,25.2047
2000.50,25.1955
2001.00,25.1494
2001.50,25.0907
2002.00,25.0361
2002.50,24.9866
2003.00,24.9351
2003.50,24.8772
2004.00,24.8151
2004.50,24.7555
2005.00,24.7071
2005.50,24.6788
2006.00,24.6791
2006.50,24.7110
2007.00,24.7666
2007.50,24.8260
2008.00,24.8635
2008.50,24.8596
2009.00,24.8096
2009.50,24.7254
2010.00,24.6304
2010.50,24.5539
2011.00,24.5215
2011.50,24.5445
2012.00,24.6107
2012.50,24.6878
2013.00,24.7414
2013.50,24.7541
2014.00,24.7320
2014.50,24.6947
2015.00,24.6634
2015.50,24.6520
2016.00,24.6646
2016.50,24.6956
2017.00,24.7330
2017.50,24.7660
2018.00,24.7910
2018.50,24.8092
2019.00,24.8193
2019.50,24.8149
2020.00,24.7913
2020.50,24.7540
2021.00,24.7172
2021.50,24.6932
2022.00,24.6875
2022.50,24.7005
2023.00,24.7323
2023.50,24.7815
2024.00,24.8435
2024.50,24.9114
2025.00,24.9798
2025.50,25.0464
2026.00,25.1129
2026.50,25.1814
2027.00,25.2506
2027.50,25.3125
2028.00,25.3561
2028.50,25.3741
2029.00,25.3654
2029.50,25.3350
2030.00,25.2928
2030.50,25.2531
2031.00,25.2284
2031.50,25.2216
2032.00,25.2227
2032.50,25.2159
2033.00,25.1925
2033.50,25.1551
2034.00,25.1125
2034.50,25.0706
2035.00,25.0311
2035.50,24.9972
2036.00,24.9778
2036.50,24.9835
2037.00,25.0159
2037.50,25.0613
2038.00,25.0946
2038.50,25.0939
2039.00,25.0553
2039.50,24.9963
2040.00,24.9451
2040.50,24.9238
2041.00,24.9377
2041.50,24.9763
2042.00,25.0226
2042.50,25.0591
2043.00,25.0720
2043.50,25.0555
2044.00,25.0163
2044.50,24.9721
2045.00,24.9405
2045.50,24.9293
2046.00,24.9349
2046.50,24.9510
2047.00,24.9753
2047.50,25.0075
2048.00,25.0424
2048.50,25.0712
2049.00,25.0890
2049.50,25.0984
2050.00,25.1031
2050.50,25.0995
2051.00,25.0800
2051.50,25.0438
2052.00,25.0031
2052.50,24.9760
2053.00,24.9741
2053.50,24.9976
2054.00,25.0392
2054.50,25.0900
2055.00,25.1433
2055.50,25.1963
2056.00,25.2472
2056.50,25.2923
2057.00,25.3241
2057.50,25.3358
2058.00,25.3267
2058.50,25.3038
2059.00,25.2762
2059.50,25.2526
2060.00,25.2414
2060.50,25.2488
2061.00,25.2732
2061.50,25.3016
2062.00,25.3155
2062.50,25.3013
2063.00,25.2563
2063.50,25.1880
2064.00,25.1103
2064.50,25.0407
2065.00,24.9952
2065.50,24.9807
2066.00,24.9893
2066.50,25.0024
2067.00,25.0055
2067.50,24.9984
2068.00,24.9925
2068.50,24.9966
2069.00,25.0059
2069.50,25.0064
2070.00,24.9885
2070.50,24.9584
2071.00,24.9326
2071.50,24.9225
2072.00,24.9233
2072.50,24.9196
2073.00,24.9016
2073.50,24.8747
2074.00,24.8534
2074.50,24.8490
2075.00,24.8630
2075.50,24.8900
2076.00,24.9222
2076.50,24.9547
2077.00,24.9901
2077.50,25.0388
2078.00,25.1106
2078.50,25.2004
2079.00,25.2846
2079.50,25.3358
2080.00,25.3416
2080.50,25.3132
2081.00,25.2751
2081.50,25.2494
2082.00,25.2454
2082.50,25.2588
2083.00,25.2773
2083.50,25.2897
2084.00,25.2936
2084.50,25.2945
2085.00,25.2999
2085.50,25.3115
2086.00,25.3258
2086.50,25.3396
2087.00,25.3518
2087.50,25.3616
2088.00,25.3661
2088.50,25.3617
2089.00,25.3464
2089.50,25.3216
2090.00,25.2931
2090.50,25.2691
2091.00,25.2532
2091.50,25.2391
2092.00,25.2122
2092.50,25.1608
2093.00,25.0873
2093.50,25.0070
2094.00,24.9397
2094.50,24.9002
2095.00,24.8940
2095.50,24.9161
2096.00,24.9511
2096.50,24.9786
2097.00,24.9850
2097.50,24.9727
2098.00,24.9570
2098.50,24.9549
2099.00,24.9759
2099.50,25.0193
2100.00,25.0768
2100.50,25.1344
2101.00,25.1770
2101.50,25.1939
2102.00,25.1810
2102.50,25.1417
2103.00,25.0862
2103.50,25.0293
2104.00,24.9857
2104.50,24.9644
2105.00,24.9660
2105.50,24.9857
2106.00,25.0188
2106.50,25.0644
2107.00,25.1210
2107.50,25.1761
2108.00,25.2038
2108.50,25.1805
2109.00,25.1065
2109.50,25.0108
2110.00,24.9293
2110.50,24.8825
2111.00,24.8712
2111.50,24.8881
2112.00,24.9269
2112.50,24.9797
2113.00,25.0341
2113.50,25.0742
2114.00,25.0886
2114.50,25.0768
2115.00,25.0497
2115.50,25.0225
2116.00,25.0069
2116.50,25.0072
2117.00,25.0210
2117.50,25.0396
2118.00,25.0514
2118.50,25.0500
2119.00,25.0414
2119.50,25.0386
2120.00,25.0452
2120.50,25.0467
2121.00,25.0231
2121.50,24.9698
2122.00,24.9039
2122.50,24.8506
2123.00,24.8236
2123.50,24.8181
2124.00,24.8190
2124.50,24.8151
2125.00,24.8058
2125.50,24.7993
2126.00,24.8047
2126.50,24.8234
2127.00,24.8464
2127.50,24.8588
2128.00,24.8487
2128.50,24.8162
2129.00,24.7745
2129.50,24.7406
2130.00,24.7239
2130.50,24.7218
2131.00,24.7244
2131.50,24.7225
2132.00,24.7129
2132.50,24.6958
2133.00,24.6720
2133.50,24.6420
2134.00,24.6108
2134.50,24.5907
2135.00,24.5961
2135.50,24.6308
2136.00,24.6833
2136.50,24.7341
2137.00,24.7709
2137.50,24.7940
2138.00,24.8099
2138.50,24.8227
2139.00,24.8316
2139.50,24.8335
2140.00,24.8260
2140.50,24.8095
2141.00,24.7884
2141.50,24.7717
2142.00,24.7662
2142.50,24.7695
2143.00,24.7711
2143.50,24.7631
2144.00,24.7492
2144.50,24.7416
2145.00,24.7481
2145.50,24.7671
2146.00,24.7926
2146.50,24.8210
2147.00,24.8506
2147.50,24.8754
2148.00,24.8878
2148.50,24.8848
2149.00,24.8709
2149.50,24.8506
2150.00,24.8215
2150.50,24.7790
2151.00,24.7269
2151.50,24.6811
2152.00,24.6596
2152.50,24.6684
2153.00,24.6985
2153.50,24.7344
2154.00,24.7644
2154.50,24.7834
2155.00,24.7899
2155.50,24.7845
2156.00,24.7720
2156.50,24.7611
2157.00,24.7576
2157.50,24.7592
2158.00,24.7573
2158.50,24.7449
2159.00,24.7215
2159.50,24.6927
2160.00,24.6655
2160.50,24.6470
2161.00,24.6422
2161.50,24.6533
2162.00,24.6779
2162.50,24.7098
2163.00,24.7410
2163.50,24.7667
2164.00,24.7873
2164.50,24.8060
2165.00,24.8227
2165.50,24.8312
2166.00,24.8254
2166.50,24.8067
2167.00,24.7854
2167.50,24.7723
2168.00,24.7698
2168.50,24.7699
2169.00,24.7632
2169.50,24.7492
2170.00,24.7393
2170.50,24.7468
2171.00,24.7751
2171.50,24.8157
2172.00,24.8538
2172.50,24.8768
2173.00,24.8775
2173.50,24.8564
2174.00,24.8220
2174.50,24.7884
2175.00,24.7684
2175.50,24.7668
2176.00,24.7808
2176.50,24.8035
2177.00,24.8275
2177.50,24.8438
2178.00,24.8438
2178.50,24.8250
2179.00,24.7958
2179.50,24.7714
2180.00,24.7642
2180.50,24.7755
2181.00,24.7971
2181.50,24.8172
2182.00,24.8264
2182.50,24.8208
2183.00,24.8024
2183.50,24.7778
2184.00,24.7553
2184.50,24.7412
2185.00,24.7384
2185.50,24.7479
2186.00,24.7690
2186.50,24.7991
2187.00,24.8331
2187.50,24.8656
2188.00,24.8915
2188.50,24.9074
2189.00,24.9132
2189.50,24.9130
2190.00,24.9144
2190.50,24.9241
2191.00,24.9447
2191.50,24.9764
2192.00,25.0204
2192.50,25.0788
2193.00,25.1492
2193.50,25.2201
2194.00,25.2732
2194.50,25.2931
2195.00,25.2745
2195.50,25.2256
2196.00,25.1631
2196.50,25.1049
2197.00,25.0632
2197.50,25.0407
2198.00,25.0330
2198.50,25.0342
2199.00,25.0418
2199.50,25.0560
2200.00,25.0767
2200.50,25.1012
2201.00,25.1250
2201.50,25.1447
2202.00,25.1593
2202.50,25.1680
2203.00,25.1678
2203.50,25.1537
2204.00,25.1242
2204.50,25.0850
2205.00,25.0451
2205.50,25.0101
2206.00,24.9787
2206.50,24.9489
2207.00,24.9239
2207.50,24.9102
2208.00,24.9099
2208.50,24.9179
2209.00,24.9286
2209.50,24.9432
2210.00,24.9673
2210.50,25.0024
2211.00,25.0408
2211.50,25.0695
2212.00,25.0790
2212.50,25.0682
2213.00,25.0412
2213.50,25.0016
2214.00,24.9513
2214.50,24.8952
2215.00,24.8456
2215.50,24.8190
2216.00,24.8271
2216.50,24.8693
2217.00,24.9334
2217.50,25.0019
2218.00,25.0614
2218.50,25.1090
2219.00,25.1495
2219.50,25.1860
2220.00,25.2146
2220.50,25.2274
2221.00,25.2225
2221.50,25.2072
2222.00,25.1928
2222.50,25.1855
2223.00,25.1816
2223.50,25.1726
2224.00,25.1539
2224.50,25.1300
2225.00,25.1095
2225.50,25.0959
2226.00,25.0829
2226.50,25.0613
2227.00,25.0296
2227.50,24.9972
2228.00,24.9769
2228.50,24.9751
2229.00,24.9882
2229.50,25.0069
2230.00,25.0224
2230.50,25.0289
2231.00,25.0222
2231.50,25.0003
2232.00,24.9669
2232.50,24.9310
2233.00,24.9020
2233.50,24.8846
2234.00,24.8791
2234.50,24.8847
2235.00,24.9007
2235.50,24.9227
2236.00,24.9430
2236.50,24.9580
2237.00,24.9722
2237.50,24.9934
2238.00,25.0233
2238.50,25.0558
2239.00,25.0841
2239.50,25.1084
2240.00,25.1323
2240.50,25.1537
2241.00,25.1630
2241.50,25.1515
2242.00,25.1204
2242.50,25.0807
2243.00,25.0471
2243.50,25.0319
2244.00,25.0420
2244.50,25.0759
2245.00,25.1226
2245.50,25.1644
2246.00,25.1863
2246.50,25.1810
2247.00,25.1496
2247.50,25.0969
2248.00,25.0300
2248.50,24.9582
2249.00,24.8918
2249.50,24.8402
2250.00,24.8099
2250.50,24.8031
2251.00,24.8166
2251.50,24.8425
2252.00,24.8732
2252.50,24.9048
2253.00,24.9366
2253.50,24.9660
2254.00,24.9852
2254.50,24.9857
2255.00,24.9653
2255.50,24.9326
2256.00,24.9043
2256.50,24.8970
2257.00,24.9182
2257.50,24.9593
2258.00,24.9970
2258.50,25.0060
2259.00,24.9774
2259.50,24.9256
2260.00,24.8791
2260.50,24.8607
2261.00,24.8750
2261.50,24.9106
2262.00,24.9508
2262.50,24.9830
2263.00,25.0026
2263.50,25.0117
2264.00,25.0134
2264.50,25.0059
2265.00,24.9823
2265.50,24.9396
2266.00,24.8877
2266.50,24.8473
2267.00,24.8364
2267.50,24.8580
2268.00,24.9000
2268.50,24.9427
2269.00,24.9701
2269.50,24.9771
2270.00,24.9696
2270.50,24.9590
2271.00,24.9549
2271.50,24.9608
2272.00,24.9739
2272.50,24.9885
2273.00,24.9977
2273.50,24.9950
2274.00,24.9774
2274.50,24.9495
2275.00,24.9230
2275.50,24.9100
2276.00,24.9148
2276.50,24.9326
2277.00,24.9539
2277.50,24.9700
2278.00,24.9752
2278.50,24.9662
2279.00,24.9421
2279.50,24.9059
2280.00,24.8658
2280.50,24.8331
2281.00,24.8177
2281.50,24.8223
2282.00,24.8415
2282.50,24.8658
2283.00,24.8891
2283.50,24.9127
2284.00,24.9415
2284.50,24.9754
2285.00,25.0060
2285.50,25.0252
2286.00,25.0373
2286.50,25.0575
2287.00,25.0961
2287.50,25.1468
2288.00,25.1893
2288.50,25.2029
2289.00,25.1793
2289.50,25.1266
2290.00,25.0652
2290.50,25.0172
2291.00,24.9948
2291.50,24.9947
2292.00,25.0027
2292.50,25.0052
2293.00,24.9972
2293.50,24.9815
2294.00,24.9625
2294.50,24.9419
2295.00,24.9212
2295.50,24.9056
2296.00,24.9027
2296.50,24.9187
2297.00,24.9538
2297.50,25.0017
2298.00,25.0515
2298.50,25.0900
2299.00,25.1054
2299.50,25.0909
2300.00,25.0485
2300.50,24.9895
2301.00,24.9295
2301.50,24.8814
2302.00,24.8505
2302.50,24.8351
2303.00,24.8300
2303.50,24.8279
2304.00,24.8196
2304.50,24.7943
2305.00,24.7473
2305.50,24.6868
2306.00,24.6324
2306.50,24.6031
2307.00,24.6075
2307.50,24.6421
2308.00,24.6952
2308.50,24.7492
2309.00,24.7855
2309.50,24.7933
2310.00,24.7768
2310.50,24.7506
2311.00,24.7275
2311.50,24.7116
2312.00,24.7017
2312.50,24.6958
2313.00,24.6913
2313.50,24.6841
2314.00,24.6726
2314.50,24.6643
2315.00,24.6734
2315.50,24.7090
2316.00,24.7647
2316.50,24.8206
2317.00,24.8571
2317.50,24.8674
2318.00,24.8600
2318.50,24.8506
2319.00,24.8500
2319.50,24.8598
2320.00,24.8764
2320.50,24.8962
2321.00,24.9162
2321.50,24.9307
2322.00,24.9318
2322.50,24.9155
2323.00,24.8852
2323.50,24.8503
2324.00,24.8229
2324.50,24.8137
2325.00,24.8270
2325.50,24.8560
2326.00,24.8850
2326.50,24.9000
2327.00,24.8980
2327.50,24.8857
2328.00,24.8710
2328.50,24.8571
2329.00,24.8456
2329.50,24.8395
2330.00,24.8439
2330.50,24.8619
2331.00,24.8925
2331.50,24.9315
2332.00,24.9703
2332.50,24.9964
2333.00,24.9964
2333.50,24.9641
2334.00,24.9077
2334.50,24.8469
2335.00,24.7999
2335.50,24.7723
2336.00,24.7585
2336.50,24.7545
2337.00,24.7668
2337.50,24.8062
2338.00,24.8739
2338.50,24.9531
2339.00,25.0149
2339.50,25.0372
2340.00,25.0202
2340.50,24.9865
2341.00,24.9625
2341.50,24.9598
2342.00,24.9697
2342.50,24.9758
2343.00,24.9689
2343.50,24.9520
2344.00,24.9326
2344.50,24.9144
2345.00,24.8961
2345.50,24.8785
2346.00,24.8691
2346.50,24.8776
2347.00,24.9071
2347.50,24.9480
2348.00,24.9824
2348.50,24.9939
2349.00,24.9762
2349.50,24.9369
2350.00,24.8939
2350.50,24.8656
2351.00,24.8599
2351.50,24.8714
2352.00,24.8865
2352.50,24.8937
2353.00,24.8881
2353.50,24.8721
2354.00,24.8514
2354.50,24.8303
2355.00,24.8075
2355.50,24.7776
2356.00,24.7377
2356.50,24.6947
2357.00,24.6633
2357.50,24.6547
2358.00,24.6661
2358.50,24.6800
2359.00,24.6771
2359.50,24.6518
2360.00,24.6169
2360.50,24.5932
2361.00,24.5926
2361.50,24.6119
2362.00,24.6411
2362.50,24.6755
2363.00,24.7177
2363.50,24.7687
2364.00,24.8200
2364.50,24.8569
2365.00,24.8710
2365.50,24.8670
2366.00,24.8558
2366.50,24.8412
2367.00,24.8159
2367.50,24.7731
2368.00,24.7181
2368.50,24.6666
2369.00,24.6323
2369.50,24.6165
2370.00,24.6118
2370.50,24.6113
2371.00,24.6144
2371.50,24.6243
2372.00,24.6394
2372.50,24.6513
2373.00,24.6503
2373.50,24.6344
2374.00,24.6111
2374.50,24.5894
2375.00,24.5742
2375.50,24.5678
2376.00,24.5742
2376.50,24.5955
2377.00,24.6249
2377.50,24.6499
2378.00,24.6627
2378.50,24.6665
2379.00,24.6690
2379.50,24.6708
2380.00,24.6632
2380.50,24.6361
2381.00,24.5867
2381.50,24.5237
2382.00,24.4633
2382.50,24.4230
2383.00,24.4130
2383.50,24.4302
2384.00,24.4599
2384.50,24.4878
2385.00,24.5107
2385.50,24.5361
2386.00,24.5698
2386.50,24.6083
2387.00,24.6430
2387.50,24.6705
2388.00,24.6956
2388.50,24.7234
2389.00,24.7535
2389.50,24.7784
2390.00,24.7894
2390.50,24.7816
2391.00,24.7562
2391.50,24.7217
2392.00,24.6912
2392.50,24.6755
2393.00,24.6762
2393.50,24.6858
2394.00,24.6938
2394.50,24.6941
2395.00,24.6869
2395.50,24.6757
2396.00,24.6659
2396.50,24.6637
2397.00,24.6754
2397.50,24.7031
2398.00,24.7433
2398.50,24.7887
2399.00,24.8317
2399.50,24.8650
2400.00,24.8815
2400.50,24.8769
2401.00,24.8546
2401.50,24.8266
2402.00,24.8078
2402.50,24.8065
2403.00,24.8198
2403.50,24.8350
2404.00,24.8375
2404.50,24.8197
2405.00,24.7860
2405.50,24.7511
2406.00,24.7294
2406.50,24.7264
2407.00,24.7363
2407.50,24.7495
2408.00,24.7594
2408.50,24.7625
2409.00,24.7561
2409.50,24.7390
2410.00,24.7178
2410.50,24.7064
2411.00,24.7175
2411.50,24.7539
2412.00,24.8079
2412.50,24.8672
2413.00,24.9200
2413.50,24.9563
2414.00,24.9676
2414.50,24.9495
2415.00,24.9052
2415.50,24.8474
2416.00,24.7926
2416.50,24.7526
2417.00,24.7281
2417.50,24.7128
2418.00,24.7001
2418.50,24.6878
2419.00,24.6775
2419.50,24.6724
2420.00,24.6754
2420.50,24.6865
2421.00,24.7017
2421.50,24.7158
2422.00,24.7261
2422.50,24.7343
2423.00,24.7442
2423.50,24.7587
2424.00,24.7773
2424.50,24.7951
2425.00,24.8025
2425.50,24.7917
2426.00,24.7653
2426.50,24.7378
2427.00,24.7275
2427.50,24.7422
2428.00,24.7745
2428.50,24.8094
2429.00,24.8367
2429.50,24.8557
2430.00,24.8693
2430.50,24.8765
2431.00,24.8719
2431.50,24.8525
2432.00,24.8234
2432.50,24.7960
2433.00,24.7803
2433.50,24.7771
2434.00,24.7799
2434.50,24.7839
2435.00,24.7922
2435.50,24.8112
2436.00,24.8378
2436.50,24.8571
2437.00,24.8544
2437.50,24.8314
2438.00,24.8070
2438.50,24.8007
2439.00,24.8171
2439.50,24.8436
2440.00,24.8633
2440.50,24.8697
2441.00,24.8679
2441.50,24.8663
2442.00,24.8668
2442.50,24.8651
2443.00,24.8576
2443.50,24.8442
2444.00,24.8263
2444.50,24.8046
2445.00,24.7817
2445.50,24.7642
2446.00,24.7594
2446.50,24.7684
2447.00,24.7826
2447.50,24.7884
2448.00,24.7757
2448.50,24.7453
2449.00,24.7083
2449.50,24.6786
2450.00,24.6642
2450.50,24.6669
2451.00,24.6866
2451.50,24.7244
2452.00,24.7783
2452.50,24.8371
2453.00,24.8812
2453.50,24.8948
2454.00,24.8773
2454.50,24.8448
2455.00,24.8184
2455.50,24.8099
2456.00,24.8156
2456.50,24.8214
2457.00,24.8134
2457.50,24.7874
2458.00,24.7508
2458.50,24.7158
2459.00,24.6913
2459.50,24.6780
2460.00,24.6709
2460.50,24.6655
2461.00,24.6603
2461.50,24.6560
2462.00,24.6531
2462.50,24.6524
2463.00,24.6556
2463.50,24.6652
2464.00,24.6792
2464.50,24.6885
2465.00,24.6821
2465.50,24.6585
2466.00,24.6311
2466.50,24.6192
2467.00,24.6336
2467.50,24.6713
2468.00,24.7221
2468.50,24.7764
2469.00,24.8264
2469.50,24.8648
2470.00,24.8860
2470.50,24.8923
2471.00,24.8942
2471.50,24.9047
2472.00,24.9292
2472.50,24.9600
2473.00,24.9800
2473.50,24.9738
2474.00,24.9375
2474.50,24.8813
2475.00,24.8211
2475.50,24.7692
2476.00,24.7313
2476.50,24.7076
2477.00,24.6971
2477.50,24.6992
2478.00,24.7137
2478.50,24.7401
2479.00,24.7762
2479.50,24.8184
2480.00,24.8630
2480.50,24.9036
2481.00,24.9281
2481.50,24.9247
2482.00,24.8942
2482.50,24.8557
2483.00,24.8348
2483.50,24.8462
2484.00,24.8833
2484.50,24.9245
2485.00,24.9472
2485.50,24.9413
2486.00,24.9125
2486.50,24.8748
2487.00,24.8386
2487.50,24.8064
2488.00,24.7775
2488.50,24.7544
2489.00,24.7441
2489.50,24.7537
2490.00,24.7828
2490.50,24.8205
2491.00,24.8501
2491.50,24.8606
2492.00,24.8547
2492.50,24.8456
2493.00,24.8472
2493.50,24.8636
2494.00,24.8869
2494.50,24.9016
2495.00,24.8942
2495.50,24.8602
2496.00,24.8076
2496.50,24.7528
2497.00,24.7115
2497.50,24.6895
2498.00,24.6809
2498.50,24.6775
2499.00,24.6769
2499.50,24.6840
2500.00,24.7027
2500.50,24.7310
2501.00,24.7606
2501.50,24.7811
2502.00,24.7861
2502.50,24.7767
2503.00,24.7603
2503.50,24.7465
2504.00,24.7426
2504.50,24.7516
2505.00,24.7694
2505.50,24.7847
2506.00,24.7861
2506.50,24.7719
2507.00,24.7535
2507.50,24.7470
2508.00,24.7600
2508.50,24.7841
2509.00,24.8038
2509.50,24.8099
2510.00,24.8066
2510.50,24.8053
2511.00,24.8112
2511.50,24.8204
2512.00,24.8285
2512.50,24.8367
2513.00,24.8486
2513.50,24.8626
2514.00,24.8705
2514.50,24.8656
2515.00,24.8486
2515.50,24.8264
2516.00,24.8074
2516.50,24.7968
2517.00,24.7958
2517.50,24.8028
2518.00,24.8116
2518.50,24.8110
2519.00,24.7877
2519.50,24.7372
2520.00,24.6729
2520.50,24.6207
2521.00,24.6009
2521.50,24.6142
2522.00,24.6434
2522.50,24.6699
2523.00,24.6845
2523.50,24.6847
2524.00,24.6696
2524.50,24.6402
2525.00,24.6029
2525.50,24.5690
2526.00,24.5484
2526.50,24.5456
2527.00,24.5616
2527.50,24.5968
2528.00,24.6491
2528.50,24.7110
2529.00,24.7700
2529.50,24.8158
2530.00,24.8464
2530.50,24.8654
2531.00,24.8745
2531.50,24.8708
2532.00,24.8526
2532.50,24.8252
2533.00,24.8001
2533.50,24.7876
2534.00,24.7897
2534.50,24.8000
2535.00,24.8104
2535.50,24.8173
2536.00,24.8230
2536.50,24.8326
2537.00,24.8486
2537.50,24.8682
2538.00,24.8854
2538.50,24.8970
2539.00,24.9070
2539.50,24.9220
2540.00,24.9425
2540.50,24.9596
2541.00,24.9618
2541.50,24.9425
2542.00,24.9020
2542.50,24.8445
2543.00,24.7775
2543.50,24.7110
2544.00,24.6539
2544.50,24.6088
2545.00,24.5726
2545.50,24.5403
2546.00,24.5115
2546.50,24.4904
2547.00,24.4825
2547.50,24.4865
2548.00,24.4940
2548.50,24.4969
2549.00,24.4968
2549.50,24.5052
2550.00,24.5341
2550.50,24.5842
2551.00,24.6428
2551.50,24.6898
2552.00,24.7101
2552.50,24.7006
2553.00,24.6700
2553.50,24.6321
2554.00,24.5980
2554.50,24.5729
2555.00,24.5557
2555.50,24.5410
2556.00,24.5226
2556.50,24.4983
2557.00,24.4717
2557.50,24.4505
2558.00,24.4416
2558.50,24.4455
2559.00,24.4560
2559.50,24.4638
2560.00,24.4632
2560.50,24.4563
2561.00,24.4527
2561.50,24.4627
2562.00,24.4908
2562.50,24.5325
2563.00,24.5764
2563.50,24.6088
2564.00,24.6191
2564.50,24.6061
2565.00,24.5782
2565.50,24.5481
2566.00,24.5242
2566.50,24.5080
2567.00,24.4988
2567.50,24.4973
2568.00,24.5062
2568.50,24.5277
2569.00,24.5624
2569.50,24.6087
2570.00,24.6602
2570.50,24.7055
2571.00,24.7328
2571.50,24.7377
2572.00,24.7254
2572.50,24.7066
2573.00,24.6901
2573.50,24.6798
2574.00,24.6752
2574.50,24.6732
2575.00,24.6700
2575.50,24.6633
2576.00,24.6546
2576.50,24.6468
2577.00,24.6405
2577.50,24.6336
2578.00,24.6250
2578.50,24.6159
2579.00,24.6070
2579.50,24.5968
2580.00,24.5846
2580.50,24.5723
2581.00,24.5627
2581.50,24.5565
2582.00,24.5543
2582.50,24.5589
2583.00,24.5746
2583.50,24.6015
2584.00,24.6343
2584.50,24.6635
2585.00,24.6796
2585.50,24.6775
2586.00,24.6604
2586.50,24.6397
2587.00,24.6279
2587.50,24.6273
2588.00,24.6274
2588.50,24.6141
2589.00,24.5831
2589.50,24.5452
2590.00,24.5210
2590.50,24.5273
2591.00,24.5672
2591.50,24.6270
2592.00,24.6842
2592.50,24.7200
2593.00,24.7278
2593.50,24.7118
2594.00,24.6802
2594.50,24.6394
2595.00,24.5953
2595.50,24.5550
2596.00,24.5223
2596.50,24.4923
2597.00,24.4553
2597.50,24.4093
2598.00,24.3663
2598.50,24.3442
2599.00,24.3522
2599.50,24.3833
2600.00,24.4198
2600.50,24.4456
2601.00,24.4559
2601.50,24.4568
2602.00,24.4589
2602.50,24.4698
2603.00,24.4904
2603.50,24.5146
2604.00,24.5338
2604.50,24.5420
2605.00,24.5397
2605.50,24.5356
2606.00,24.5417
2606.50,24.5655
2607.00,24.6052
2607.50,24.6504
2608.00,24.6901
2608.50,24.7208
2609.00,24.7464
2609.50,24.7725
2610.00,24.7992
2610.50,24.8195
2611.00,24.8239
2611.50,24.8087
2612.00,24.7796
2612.50,24.7502
2613.00,24.7344
2613.50,24.7383
2614.00,24.7555
2614.50,24.7713
2615.00,24.7713
2615.50,24.7501
2616.00,24.7132
2616.50,24.6734
2617.00,24.6458
2617.50,24.6410
2618.00,24.6585
2618.50,24.6846
2619.00,24.6996
2619.50,24.6927
2620.00,24.6708
2620.50,24.6540
2621.00,24.6597
2621.50,24.6897
2622.00,24.7294
2622.50,24.7580
2623.00,24.7608
2623.50,24.7371
2624.00,24.6984
2624.50,24.6614
2625.00,24.6416
2625.50,24.6486
2626.00,24.6821
2626.50,24.7284
2627.00,24.7655
2627.50,24.7778
2628.00,24.7654
2628.50,24.7417
2629.00,24.7187
2629.50,24.6992
2630.00,24.6785
2630.50,24.6550
2631.00,24.6351
2631.50,24.6279
2632.00,24.6358
2632.50,24.6504
2633.00,24.6593
2633.50,24.6558
2634.00,24.6410
2634.50,24.6194
2635.00,24.5937
2635.50,24.5643
2636.00,24.5313
2636.50,24.4957
2637.00,24.4604
2637.50,24.4313
2638.00,24.4150
2638.50,24.4145
2639.00,24.4255
2639.50,24.4403
2640.00,24.4527
2640.50,24.4621
2641.00,24.4706
2641.50,24.4775
2642.00,24.4785
2642.50,24.4699
2643.00,24.4522
2643.50,24.4296
2644.00,24.4065
2644.50,24.3865
2645.00,24.3739
2645.50,24.3736
2646.00,24.3853
2646.50,24.4007
2647.00,24.4069
2647.50,24.3975
2648.00,24.3786
2648.50,24.3636
2649.00,24.3641
2649.50,24.3832
2650.00,24.4163
2650.50,24.4555
2651.00,24.4937
2651.50,24.5282
2652.00,24.5594
2652.50,24.5890
2653.00,24.6158
2653.50,24.6356
2654.00,24.6442
2654.50,24.6395
2655.00,24.6204
2655.50,24.5869
2656.00,24.5413
2656.50,24.4914
2657.00,24.4493
2657.50,24.4273
2658.00,24.4316
2658.50,24.4558
2659.00,24.4825
2659.50,24.4919
2660.00,24.4747
2660.50,24.4374
2661.00,24.3980
2661.50,24.3742
2662.00,24.3719
2662.50,24.3813
2663.00,24.3846
2663.50,24.3701
2664.00,24.3406
2664.50,24.3092
2665.00,24.2886
2665.50,24.2826
2666.00,24.2868
2666.50,24.2933
2667.00,24.2955
2667.50,24.2898
2668.00,24.2753
2668.50,24.2536
2669.00,24.2306
2669.50,24.2162
2670.00,24.2203
2670.50,24.2456
2671.00,24.2827
2671.50,24.3140
2672.00,24.3250
2672.50,24.3152
2673.00,24.2981
2673.50,24.2898
2674.00,24.2975
2674.50,24.3182
2675.00,24.3463
2675.50,24.3804
2676.00,24.4204
2676.50,24.4599
2677.00,24.4863
2677.50,24.4888
2678.00,24.4670
2678.50,24.4301
2679.00,24.3883
2679.50,24.3461
2680.00,24.3024
2680.50,24.2539
2681.00,24.2002
2681.50,24.1473
2682.00,24.1064
2682.50,24.0884
2683.00,24.0954
2683.50,24.1206
2684.00,24.1552
2684.50,24.1943
2685.00,24.2355
2685.50,24.2722
2686.00,24.2930
2686.50,24.2913
2687.00,24.2728
2687.50,24.2524
2688.00,24.2418
2688.50,24.2421
2689.00,24.2473
2689.50,24.2523
2690.00,24.2542
2690.50,24.2510
2691.00,24.2429
2691.50,24.2371
2692.00,24.2463
2692.50,24.2792
2693.00,24.3310
2693.50,24.3871
2694.00,24.4348
2694.50,24.4710
2695.00,24.4968
2695.50,24.5094
2696.00,24.5001
2696.50,24.4641
2697.00,24.4083
2697.50,24.3492
2698.00,24.3024
2698.50,24.2742
2699.00,24.2589
2699.50,24.2446
2700.00,24.2213
2700.50,24.1891
2701.00,24.1574
2701.50,24.1359
2702.00,24.1244
2702.50,24.1142
2703.00,24.0988
2703.50,24.0842
2704.00,24.0863
2704.50,24.1177
2705.00,24.1756
2705.50,24.2406
2706.00,24.2882
2706.50,24.3037
2707.00,24.2919
2707.50,24.2724
2708.00,24.2644
2708.50,24.2743
2709.00,24.2971
2709.50,24.3247
2710.00,24.3540
2710.50,24.3870
2711.00,24.4264
2711.50,24.4712
2712.00,24.5150
2712.50,24.5493
2713.00,24.5686
2713.50,24.5724
2714.00,24.5624
2714.50,24.5410
2715.00,24.5128
2715.50,24.4871
2716.00,24.4747
2716.50,24.4785
2717.00,24.4891
2717.50,24.4881
2718.00,24.4623
2718.50,24.4149
2719.00,24.3637
2719.50,24.3269
2720.00,24.3107
2720.50,24.3098
2721.00,24.3190
2721.50,24.3408
2722.00,24.3813
2722.50,24.4382
2723.00,24.4943
2723.50,24.5240
2724.00,24.5100
2724.50,24.4560
2725.00,24.3841
2725.50,24.3201
2726.00,24.2802
2726.50,24.2682
2727.00,24.2796
2727.50,24.3059
2728.00,24.3371
2728.50,24.3627
2729.00,24.3746
2729.50,24.3700
2730.00,24.3540
2730.50,24.3387
2731.00,24.3367
2731.50,24.3528
2732.00,24.3783
2732.50,24.3969
2733.00,24.3966
2733.50,24.3791
2734.00,24.3574
2734.50,24.3430
2735.00,24.3375
2735.50,24.3334
2736.00,24.3237
2736.50,24.3077
2737.00,24.2910
2737.50,24.2808
2738.00,24.2813
2738.50,24.2923
2739.00,24.3091
2739.50,24.3272
2740.00,24.3460
2740.50,24.3693
2741.00,24.3989
2741.50,24.4290
2742.00,24.4486
2742.50,24.4494
2743.00,24.4323
2743.50,24.4080
2744.00,24.3904
2744.50,24.3891
2745.00,24.4049
2745.50,24.4325
2746.00,24.4640
2746.50,24.4914
2747.00,24.5107
2747.50,24.5231
2748.00,24.5335
2748.50,24.5445
2749.00,24.5527
2749.50,24.5529
2750.00,24.5430
2750.50,24.5256
2751.00,24.5050
2751.50,24.4860
2752.00,24.4723
2752.50,24.4639
2753.00,24.4553
2753.50,24.4383
2754.00,24.4081
2754.50,24.3676
2755.00,24.3244
2755.50,24.2862
2756.00,24.2575
2756.50,24.2397
2757.00,24.2302
2757.50,24.2220
2758.00,24.2074
2758.50,24.1850
2759.00,24.1648
2759.50,24.1635
2760.00,24.1917
2760.50,24.2414
2761.00,24.2879
2761.50,24.3057
2762.00,24.2865
2762.50,24.2431
2763.00,24.2005
2763.50,24.1808
2764.00,24.1928
2764.50,24.2281
2765.00,24.2670
2765.50,24.2894
2766.00,24.2866
2766.50,24.2643
2767.00,24.2365
2767.50,24.2145
2768.00,24.2013
2768.50,24.1934
2769.00,24.1891
2769.50,24.1940
2770.00,24.2167
2770.50,24.2601
2771.00,24.3176
2771.50,24.3745
2772.00,24.4138
2772.50,24.4212
2773.00,24.3919
2773.50,24.3360
2774.00,24.2758
2774.50,24.2343
2775.00,24.2222
2775.50,24.2342
2776.00,24.2558
2776.50,24.2745
2777.00,24.2866
2777.50,24.2959
2778.00,24.3052
2778.50,24.3122
2779.00,24.3141
2779.50,24.3170
2780.00,24.3350
2780.50,24.3763
2781.00,24.4294
2781.50,24.4689
2782.00,24.4743
2782.50,24.4452
2783.00,24.3980
2783.50,24.3525
2784.00,24.3189
2784.50,24.2950
2785.00,24.2717
2785.50,24.2440
2786.00,24.2163
2786.50,24.1993
2787.00,24.1992
2787.50,24.2107
2788.00,24.2219
2788.50,24.2236
2789.00,24.2150
2789.50,24.2031
2790.00,24.1964
2790.50,24.2008
2791.00,24.2161
2791.50,24.2361
2792.00,24.2505
2792.50,24.2510
2793.00,24.2359
2793.50,24.2116
2794.00,24.1910
2794.50,24.1892
2795.00,24.2156
2795.50,24.2655
2796.00,24.3194
2796.50,24.3556
2797.00,24.3669
2797.50,24.3649
2798.00,24.3659
2798.50,24.3745
2799.00,24.3797
2799.50,24.3666
2800.00,24.3307
2800.50,24.2816
2801.00,24.2341
2801.50,24.1952
2802.00,24.1595
2802.50,24.1185
2803.00,24.0752
2803.50,24.0453
2804.00,24.0437
2804.50,24.0699
2805.00,24.1099
2805.50,24.1496
2806.00,24.1842
2806.50,24.2165
2807.00,24.2491
2807.50,24.2812
2808.00,24.3100
2808.50,24.3341
2809.00,24.3530
2809.50,24.3663
2810.00,24.3739
2810.50,24.3772
2811.00,24.3783
2811.50,24.3779
2812.00,24.3738
2812.50,24.3636
2813.00,24.3487
2813.50,24.3338
2814.00,24.3200
2814.50,24.3017
2815.00,24.2732
2815.50,24.2380
2816.00,24.2109
2816.50,24.2055
2817.00,24.2209
2817.50,24.2405
2818.00,24.2436
2818.50,24.2206
2819.00,24.1771
2819.50,24.1279
2820.00,24.0874
2820.50,24.0645
2821.00,24.0613
2821.50,24.0732
2822.00,24.0923
2822.50,24.1130
2823.00,24.1357
2823.50,24.1633
2824.00,24.1937
2824.50,24.2177
2825.00,24.2252
2825.50,24.2144
2826.00,24.1951
2826.50,24.1814
2827.00,24.1807
2827.50,24.1890
2828.00,24.1960
2828.50,24.1950
2829.00,24.1880
2829.50,24.1841
2830.00,24.1931
2830.50,24.2165
2831.00,24.2441
2831.50,24.2587
2832.00,24.2468
2832.50,24.2073
2833.00,24.1508
2833.50,24.0945
2834.00,24.0574
2834.50,24.0549
2835.00,24.0915
2835.50,24.1524
2836.00,24.2086
2836.50,24.2338
2837.00,24.2224
2837.50,24.1902
2838.00,24.1591
2838.50,24.1419
2839.00,24.1388
2839.50,24.1450
2840.00,24.1582
2840.50,24.1785
2841.00,24.2027
2841.50,24.2213
2842.00,24.2236
2842.50,24.2066
2843.00,24.1798
2843.50,24.1589
2844.00,24.1545
2844.50,24.1653
2845.00,24.1803
2845.50,24.1875
2846.00,24.1802
2846.50,24.1606
2847.00,24.1376
2847.50,24.1211
2848.00,24.1159
2848.50,24.1188
2849.00,24.1220
2849.50,24.1164
2850.00,24.0964
2850.50,24.0653
2851.00,24.0359
2851.50,24.0257
2852.00,24.0455
2852.50,24.0922
2853.00,24.1497
2853.50,24.2009
2854.00,24.2379
2854.50,24.2650
2855.00,24.2896
2855.50,24.3108
2856.00,24.3174
2856.50,24.2986
2857.00,24.2565
2857.50,24.2071
2858.00,24.1689
2858.50,24.1504
