0.00,0.0000
0.50,0.3652
1.00,0.7953
1.50,1.2286
2.00,1.6193
2.50,1.9558
3.00,2.2489
3.50,2.5100
4.00,2.7412
4.50,2.9399
5.00,3.1069
5.50,3.2492
6.00,3.3768
6.50,3.4975
7.00,3.6139
7.50,3.7243
8.00,3.8260
8.50,3.9192
9.00,4.0074
9.50,4.0944
10.00,4.1823
10.50,4.2693
11.00,4.3484
11.50,4.4086
12.00,4.4431
12.50,4.4578
13.00,4.4691
13.50,4.4917
14.00,4.5291
14.50,4.5774
15.00,4.6333
15.50,4.6955
16.00,4.7612
16.50,4.8269
17.00,4.8929
17.50,4.9620
18.00,5.0309
18.50,5.0870
19.00,5.1176
19.50,5.1226
20.00,5.1163
20.50,5.1160
21.00,5.1313
21.50,5.1635
22.00,5.2113
22.50,5.2748
23.00,5.3523
23.50,5.4348
24.00,5.5072
24.50,5.5545
25.00,5.5708
25.50,5.5630
26.00,5.5473
26.50,5.5422
27.00,5.5605
27.50,5.6030
28.00,5.6586
28.50,5.7103
29.00,5.7459
29.50,5.7667
30.00,5.7850
30.50,5.8128
31.00,5.8516
31.50,5.8911
32.00,5.9183
32.50,5.9277
33.00,5.9254
33.50,5.9233
34.00,5.9292
34.50,5.9409
35.00,5.9498
35.50,5.9479
36.00,5.9326
36.50,5.9062
37.00,5.8753
37.50,5.8508
38.00,5.8442
38.50,5.8609
39.00,5.8944
39.50,5.9286
40.00,5.9476
40.50,5.9467
41.00,5.9331
41.50,5.9189
42.00,5.9126
42.50,5.9173
43.00,5.9315
43.50,5.9505
44.00,5.9670
44.50,5.9753
45.00,5.9756
45.50,5.9757
46.00,5.9832
46.50,5.9981
47.00,6.0118
47.50,6.0146
48.00,6.0050
48.50,5.9908
49.00,5.9825
49.50,5.9861
50.00,6.0009
50.50,6.0225
51.00,6.0436
51.50,6.0564
52.00,6.0546
52.50,6.0394
53.00,6.0214
53.50,6.0150
54.00,6.0300
54.50,6.0656
55.00,6.1106
55.50,6.1504
56.00,6.1752
56.50,6.1848
57.00,6.1852
57.50,6.1836
58.00,6.1859
58.50,6.1966
59.00,6.2172
59.50,6.2432
60.00,6.2655
60.50,6.2769
61.00,6.2770
61.50,6.2715
62.00,6.2684
62.50,6.2751
63.00,6.2984
63.50,6.3427
64.00,6.4067
64.50,6.4802
65.00,6.5475
65.50,6.5968
66.00,6.6277
66.50,6.6491
67.00,6.6706
67.50,6.6971
68.00,6.7289
68.50,6.7644
69.00,6.8009
69.50,6.8333
70.00,6.8551
70.50,6.8623
71.00,6.8579
71.50,6.8522
72.00,6.8566
72.50,6.8778
73.00,6.9132
73.50,6.9526
74.00,6.9829
74.50,6.9954
75.00,6.9909
75.50,6.9801
76.00,6.9758
76.50,6.9835
77.00,6.9984
77.50,7.0119
78.00,7.0205
78.50,7.0272
79.00,7.0367
79.50,7.0496
80.00,7.0632
80.50,7.0742
81.00,7.0793
81.50,7.0753
82.00,7.0620
82.50,7.0455
83.00,7.0376
83.50,7.0494
84.00,7.0831
84.50,7.1310
85.00,7.1793
85.50,7.2152
86.00,7.2333
86.50,7.2367
87.00,7.2354
87.50,7.2393
88.00,7.2519
88.50,7.2702
89.00,7.2901
89.50,7.3101
90.00,7.3321
90.50,7.3598
91.00,7.3979
91.50,7.4492
92.00,7.5095
92.50,7.5667
93.00,7.6089
93.50,7.6337
94.00,7.6494
94.50,7.6650
95.00,7.6825
95.50,7.6974
96.00,7.7069
96.50,7.7144
97.00,7.7274
97.50,7.7502
98.00,7.7813
98.50,7.8167
99.00,7.8550
99.50,7.8982
100.00,7.9491
100.50,8.0048
101.00,8.0558
101.50,8.0910
102.00,8.1070
102.50,8.1087
103.00,8.1045
103.50,8.0995
104.00,8.0963
104.50,8.0978
105.00,8.1066
105.50,8.1218
106.00,8.1388
106.50,8.1558
107.00,8.1785
107.50,8.2150
108.00,8.2656
108.50,8.3179
109.00,8.3557
109.50,8.3726
110.00,8.3776
110.50,8.3881
111.00,8.4163
111.50,8.4627
112.00,8.5184
112.50,8.5704
113.00,8.6053
113.50,8.6133
114.00,8.5944
114.50,8.5623
115.00,8.5368
115.50,8.5274
116.00,8.5252
116.50,8.5118
117.00,8.4768
117.50,8.4276
118.00,8.3834
118.50,8.3607
119.00,8.3639
119.50,8.3852
120.00,8.4145
120.50,8.4473
121.00,8.4846
121.50,8.5264
122.00,8.5666
122.50,8.5963
123.00,8.6108
123.50,8.6140
124.00,8.6152
124.50,8.6206
125.00,8.6280
125.50,8.6314
126.00,8.6294
126.50,8.6283
127.00,8.6369
127.50,8.6590
128.00,8.6903
128.50,8.7222
129.00,8.7476
129.50,8.7637
130.00,8.7734
130.50,8.7840
131.00,8.8022
131.50,8.8284
132.00,8.8556
132.50,8.8742
133.00,8.8800
133.50,8.8780
134.00,8.8791
134.50,8.8911
135.00,8.9126
135.50,8.9338
136.00,8.9442
136.50,8.9421
137.00,8.9366
137.50,8.9424
138.00,8.9692
138.50,9.0148
139.00,9.0683
139.50,9.1192
140.00,9.1638
140.50,9.2021
141.00,9.2329
141.50,9.2515
142.00,9.2534
142.50,9.2399
143.00,9.2203
143.50,9.2065
144.00,9.2070
144.50,9.2244
145.00,9.2571
145.50,9.3006
146.00,9.3470
146.50,9.3872
147.00,9.4173
147.50,9.4405
148.00,9.4614
148.50,9.4786
149.00,9.4858
149.50,9.4826
150.00,9.4805
150.50,9.4945
151.00,9.5292
151.50,9.5738
152.00,9.6104
152.50,9.6260
153.00,9.6194
153.50,9.5997
154.00,9.5801
154.50,9.5693
155.00,9.5681
155.50,9.5709
156.00,9.5724
156.50,9.5716
157.00,9.5711
157.50,9.5724
158.00,9.5748
158.50,9.5785
159.00,9.5866
159.50,9.6022
160.00,9.6243
160.50,9.6479
161.00,9.6698
161.50,9.6919
162.00,9.7178
162.50,9.7463
163.00,9.7704
163.50,9.7849
164.00,9.7912
164.50,9.7960
165.00,9.8026
165.50,9.8084
166.00,9.8091
166.50,9.8064
167.00,9.8097
167.50,9.8295
168.00,9.8693
168.50,9.9221
169.00,9.9743
169.50,10.0126
170.00,10.0297
170.50,10.0262
171.00,10.0085
171.50,9.9838
172.00,9.9574
172.50,9.9316
173.00,9.9077
173.50,9.8864
174.00,9.8677
174.50,9.8530
175.00,9.8464
175.50,9.8536
176.00,9.8781
176.50,9.9156
177.00,9.9538
177.50,9.9794
178.00,9.9861
178.50,9.9778
179.00,9.9634
179.50,9.9490
180.00,9.9365
180.50,9.9288
181.00,9.9314
181.50,9.9493
182.00,9.9806
182.50,10.0164
183.00,10.0448
183.50,10.0576
184.00,10.0554
184.50,10.0487
185.00,10.0539
185.50,10.0816
186.00,10.1262
186.50,10.1679
187.00,10.1891
187.50,10.1894
188.00,10.1833
188.50,10.1861
189.00,10.2009
189.50,10.2188
190.00,10.2270
190.50,10.2168
191.00,10.1881
191.50,10.1498
192.00,10.1165
192.50,10.0991
193.00,10.0972
193.50,10.1006
194.00,10.0980
194.50,10.0863
195.00,10.0728
195.50,10.0691
196.00,10.0830
196.50,10.1135
197.00,10.1490
197.50,10.1733
198.00,10.1756
198.50,10.1574
199.00,10.1320
199.50,10.1171
200.00,10.1245
200.50,10.1534
201.00,10.1914
201.50,10.2197
202.00,10.2246
202.50,10.2053
203.00,10.1739
203.50,10.1475
204.00,10.1384
204.50,10.1507
205.00,10.1816
205.50,10.2242
206.00,10.2683
206.50,10.3024
207.00,10.3189
207.50,10.3184
208.00,10.3079
208.50,10.2953
209.00,10.2845
209.50,10.2773
210.00,10.2756
210.50,10.2817
211.00,10.2957
211.50,10.3161
212.00,10.3405
212.50,10.3681
213.00,10.3994
213.50,10.4349
214.00,10.4740
214.50,10.5143
215.00,10.5508
215.50,10.5753
216.00,10.5799
216.50,10.5627
217.00,10.5309
217.50,10.4971
218.00,10.4717
218.50,10.4589
219.00,10.4592
219.50,10.4726
220.00,10.4984
220.50,10.5320
221.00,10.5626
221.50,10.5790
222.00,10.5754
222.50,10.5536
223.00,10.5198
223.50,10.4803
224.00,10.4422
224.50,10.4146
225.00,10.4059
225.50,10.4175
226.00,10.4403
226.50,10.4597
227.00,10.4661
227.50,10.4612
228.00,10.4551
228.50,10.4576
229.00,10.4720
229.50,10.4967
230.00,10.5300
230.50,10.5703
231.00,10.6141
231.50,10.6535
232.00,10.6795
232.50,10.6880
233.00,10.6828
233.50,10.6731
234.00,10.6659
234.50,10.6612
235.00,10.6547
235.50,10.6443
236.00,10.6334
236.50,10.6262
237.00,10.6198
237.50,10.6035
238.00,10.5685
238.50,10.5164
239.00,10.4617
239.50,10.4235
240.00,10.4160
240.50,10.4400
241.00,10.4831
241.50,10.5273
242.00,10.5600
242.50,10.5779
243.00,10.5848
243.50,10.5856
244.00,10.5841
244.50,10.5831
245.00,10.5852
245.50,10.5926
246.00,10.6078
246.50,10.6320
247.00,10.6642
247.50,10.6989
248.00,10.7274
248.50,10.7418
249.00,10.7401
249.50,10.7282
250.00,10.7145
250.50,10.7033
251.00,10.6909
251.50,10.6710
252.00,10.6433
252.50,10.6163
253.00,10.6011
253.50,10.6028
254.00,10.6172
254.50,10.6351
255.00,10.6509
255.50,10.6658
256.00,10.6843
256.50,10.7088
257.00,10.7369
257.50,10.7635
258.00,10.7832
258.50,10.7911
259.00,10.7850
259.50,10.7667
260.00,10.7431
260.50,10.7231
261.00,10.7106
261.50,10.7026
262.00,10.6950
262.50,10.6899
263.00,10.6952
263.50,10.7172
264.00,10.7537
264.50,10.7930
265.00,10.8216
265.50,10.8322
266.00,10.8288
266.50,10.8232
267.00,10.8260
267.50,10.8394
268.00,10.8577
268.50,10.8751
269.00,10.8909
269.50,10.9077
270.00,10.9255
270.50,10.9390
271.00,10.9407
271.50,10.9267
272.00,10.8981
272.50,10.8612
273.00,10.8248
273.50,10.7975
274.00,10.7861
274.50,10.7926
275.00,10.8127
275.50,10.8353
276.00,10.8479
276.50,10.8442
277.00,10.8281
277.50,10.8121
278.00,10.8094
278.50,10.8261
279.00,10.8571
279.50,10.8872
280.00,10.8994
280.50,10.8857
281.00,10.8549
281.50,10.8256
282.00,10.8122
282.50,10.8155
283.00,10.8275
283.50,10.8394
284.00,10.8450
284.50,10.8394
285.00,10.8211
285.50,10.7953
286.00,10.7720
286.50,10.7586
287.00,10.7557
287.50,10.7598
288.00,10.7676
288.50,10.7761
289.00,10.7798
289.50,10.7728
290.00,10.7539
290.50,10.7305
291.00,10.7157
291.50,10.7216
292.00,10.7521
292.50,10.7995
293.00,10.8486
293.50,10.8851
294.00,10.9018
294.50,10.8990
295.00,10.8809
295.50,10.8549
296.00,10.8316
296.50,10.8217
297.00,10.8304
297.50,10.8547
298.00,10.8880
298.50,10.9245
299.00,10.9594
299.50,10.9857
300.00,10.9956
300.50,10.9859
301.00,10.9621
301.50,10.9340
302.00,10.9085
302.50,10.8857
303.00,10.8627
303.50,10.8395
304.00,10.8201
304.50,10.8075
305.00,10.8002
305.50,10.7923
306.00,10.7788
306.50,10.7594
307.00,10.7401
307.50,10.7312
308.00,10.7414
308.50,10.7716
309.00,10.8138
309.50,10.8566
310.00,10.8925
310.50,10.9198
311.00,10.9378
311.50,10.9430
312.00,10.9333
312.50,10.9124
313.00,10.8909
313.50,10.8797
314.00,10.8823
314.50,10.8938
315.00,10.9047
315.50,10.9087
316.00,10.9069
316.50,10.9069
317.00,10.9155
317.50,10.9330
318.00,10.9529
318.50,10.9681
319.00,10.9753
319.50,10.9745
320.00,10.9651
320.50,10.9456
321.00,10.9179
321.50,10.8886
322.00,10.8648
322.50,10.8496
323.00,10.8404
323.50,10.8325
324.00,10.8202
324.50,10.7985
325.00,10.7666
325.50,10.7329
326.00,10.7128
326.50,10.7188
327.00,10.7486
327.50,10.7862
328.00,10.8121
328.50,10.8165
329.00,10.8047
329.50,10.7917
330.00,10.7926
330.50,10.8149
331.00,10.8561
331.50,10.9094
332.00,10.9666
332.50,11.0186
333.00,11.0542
333.50,11.0625
334.00,11.0401
334.50,10.9952
335.00,10.9450
335.50,10.9065
336.00,10.8881
336.50,10.8872
337.00,10.8949
337.50,10.9030
338.00,10.9082
338.50,10.9120
339.00,10.9171
339.50,10.9248
340.00,10.9352
340.50,10.9507
341.00,10.9746
341.50,11.0060
342.00,11.0360
342.50,11.0511
343.00,11.0425
343.50,11.0128
344.00,10.9748
344.50,10.9439
345.00,10.9326
345.50,10.9443
346.00,10.9730
346.50,11.0049
347.00,11.0255
347.50,11.0268
348.00,11.0100
348.50,10.9834
349.00,10.9587
349.50,10.9460
350.00,10.9492
350.50,10.9647
351.00,10.9858
351.50,11.0088
352.00,11.0350
352.50,11.0674
353.00,11.1039
353.50,11.1389
354.00,11.1681
354.50,11.1929
355.00,11.2172
355.50,11.2396
356.00,11.2517
356.50,11.2449
357.00,11.2196
357.50,11.1865
358.00,11.1602
358.50,11.1514
359.00,11.1619
359.50,11.1839
360.00,11.2050
360.50,11.2166
361.00,11.2190
361.50,11.2181
362.00,11.2174
362.50,11.2123
363.00,11.1955
363.50,11.1651
364.00,11.1289
364.50,11.1009
365.00,11.0921
365.50,11.1053
366.00,11.1337
366.50,11.1655
367.00,11.1902
367.50,11.2027
368.00,11.2031
368.50,11.1947
369.00,11.1810
369.50,11.1666
370.00,11.1577
370.50,11.1622
371.00,11.1849
371.50,11.2229
372.00,11.2644
372.50,11.2934
373.00,11.2964
373.50,11.2713
374.00,11.2302
374.50,11.1932
375.00,11.1751
375.50,11.1753
376.00,11.1805
376.50,11.1778
377.00,11.1635
377.50,11.1433
378.00,11.1269
378.50,11.1221
379.00,11.1313
379.50,11.1510
380.00,11.1737
380.50,11.1925
381.00,11.2032
381.50,11.2033
382.00,11.1925
382.50,11.1744
383.00,11.1564
383.50,11.1454
384.00,11.1431
384.50,11.1472
385.00,11.1548
385.50,11.1638
386.00,11.1708
386.50,11.1712
387.00,11.1630
387.50,11.1499
388.00,11.1399
388.50,11.1399
389.00,11.1499
389.50,11.1635
390.00,11.1740
390.50,11.1789
391.00,11.1805
391.50,11.1801
392.00,11.1763
392.50,11.1660
393.00,11.1490
393.50,11.1302
394.00,11.1171
394.50,11.1152
395.00,11.1224
395.50,11.1306
396.00,11.1329
396.50,11.1299
397.00,11.1299
397.50,11.1409
398.00,11.1621
398.50,11.1830
399.00,11.1910
399.50,11.1814
400.00,11.1600
400.50,11.1375
401.00,11.1216
401.50,11.1136
402.00,11.1108
402.50,11.1088
403.00,11.1032
403.50,11.0898
404.00,11.0675
404.50,11.0401
405.00,11.0153
405.50,10.9999
406.00,10.9960
406.50,11.0002
407.00,11.0080
407.50,11.0176
408.00,11.0316
408.50,11.0535
409.00,11.0843
409.50,11.1201
410.00,11.1537
410.50,11.1764
411.00,11.1808
411.50,11.1651
412.00,11.1346
412.50,11.0996
413.00,11.0697
413.50,11.0493
414.00,11.0375
414.50,11.0314
415.00,11.0295
415.50,11.0325
416.00,11.0398
416.50,11.0465
417.00,11.0448
417.50,11.0306
418.00,11.0092
418.50,10.9939
419.00,10.9980
419.50,11.0251
420.00,11.0663
420.50,11.1047
421.00,11.1275
421.50,11.1325
422.00,11.1262
422.50,11.1147
423.00,11.0979
423.50,11.0733
424.00,11.0449
424.50,11.0241
425.00,11.0213
425.50,11.0375
426.00,11.0646
426.50,11.0908
427.00,11.1080
427.50,11.1127
428.00,11.1060
428.50,11.0935
429.00,11.0827
429.50,11.0808
430.00,11.0911
430.50,11.1111
431.00,11.1340
431.50,11.1530
432.00,11.1642
432.50,11.1688
433.00,11.1709
433.50,11.1751
434.00,11.1829
434.50,11.1939
435.00,11.2080
435.50,11.2255
436.00,11.2429
436.50,11.2504
437.00,11.2354
437.50,11.1942
438.00,11.1373
438.50,11.0836
439.00,11.0496
439.50,11.0388
440.00,11.0433
440.50,11.0502
441.00,11.0531
441.50,11.0547
442.00,11.0626
442.50,11.0805
443.00,11.1041
443.50,11.1245
444.00,11.1340
444.50,11.1317
445.00,11.1240
445.50,11.1188
446.00,11.1195
446.50,11.1227
447.00,11.1235
447.50,11.1196
448.00,11.1133
448.50,11.1087
449.00,11.1090
449.50,11.1150
450.00,11.1243
450.50,11.1336
451.00,11.1401
451.50,11.1439
452.00,11.1479
452.50,11.1557
453.00,11.1691
453.50,11.1863
454.00,11.2045
454.50,11.2203
455.00,11.2308
455.50,11.2336
456.00,11.2272
456.50,11.2122
457.00,11.1924
457.50,11.1750
458.00,11.1671
458.50,11.1709
459.00,11.1801
459.50,11.1842
460.00,11.1790
460.50,11.1717
461.00,11.1737
461.50,11.1889
462.00,11.2101
462.50,11.2273
463.00,11.2363
463.50,11.2373
464.00,11.2306
464.50,11.2169
465.00,11.2010
465.50,11.1909
466.00,11.1912
466.50,11.1987
467.00,11.2058
467.50,11.2063
468.00,11.2000
468.50,11.1915
469.00,11.1877
469.50,11.1928
470.00,11.2041
470.50,11.2110
471.00,11.2033
471.50,11.1785
472.00,11.1433
472.50,11.1077
473.00,11.0774
473.50,11.0520
474.00,11.0289
474.50,11.0079
475.00,10.9927
475.50,10.9884
476.00,10.9978
476.50,11.0200
477.00,11.0495
477.50,11.0789
478.00,11.1018
478.50,11.1145
479.00,11.1170
479.50,11.1104
480.00,11.0973
480.50,11.0821
481.00,11.0715
481.50,11.0711
482.00,11.0810
482.50,11.0935
483.00,11.0972
483.50,11.0851
484.00,11.0603
484.50,11.0323
485.00,11.0097
485.50,10.9948
486.00,10.9848
486.50,10.9765
487.00,10.9689
487.50,10.9635
488.00,10.9619
488.50,10.9643
489.00,10.9675
489.50,10.9685
490.00,10.9671
490.50,10.9653
491.00,10.9642
491.50,10.9629
492.00,10.9617
492.50,10.9617
493.00,10.9639
493.50,10.9662
494.00,10.9658
494.50,10.9621
495.00,10.9579
495.50,10.9569
496.00,10.9599
496.50,10.9642
497.00,10.9659
497.50,10.9634
498.00,10.9583
498.50,10.9529
499.00,10.9481
499.50,10.9441
500.00,10.9430
500.50,10.9477
501.00,10.9587
501.50,10.9718
502.00,10.9808
502.50,10.9819
503.00,10.9750
503.50,10.9619
504.00,10.9430
504.50,10.9187
505.00,10.8926
505.50,10.8731
506.00,10.8677
506.50,10.8766
507.00,10.8923
507.50,10.9081
508.00,10.9252
508.50,10.9506
509.00,10.9879
509.50,11.0297
510.00,11.0615
510.50,11.0719
511.00,11.0587
511.50,11.0280
512.00,10.9884
512.50,10.9488
513.00,10.9177
513.50,10.9013
514.00,10.9016
514.50,10.9158
515.00,10.9391
515.50,10.9665
516.00,10.9912
516.50,11.0049
517.00,11.0019
517.50,10.9830
518.00,10.9568
518.50,10.9347
519.00,10.9228
519.50,10.9183
520.00,10.9137
520.50,10.9053
521.00,10.8985
521.50,10.9041
522.00,10.9305
522.50,10.9753
523.00,11.0247
523.50,11.0601
524.00,11.0697
524.50,11.0558
525.00,11.0311
525.50,11.0086
526.00,10.9948
526.50,10.9886
527.00,10.9852
527.50,10.9790
528.00,10.9670
528.50,10.9499
529.00,10.9310
529.50,10.9132
530.00,10.8985
530.50,10.8887
531.00,10.8862
531.50,10.8922
532.00,10.9052
532.50,10.9200
533.00,10.9318
533.50,10.9379
534.00,10.9388
534.50,10.9363
535.00,10.9326
535.50,10.9288
536.00,10.9255
536.50,10.9219
537.00,10.9168
537.50,10.9095
538.00,10.9011
538.50,10.8936
539.00,10.8897
539.50,10.8894
540.00,10.8892
540.50,10.8846
541.00,10.8747
541.50,10.8640
542.00,10.8589
542.50,10.8608
543.00,10.8647
543.50,10.8629
544.00,10.8529
544.50,10.8395
545.00,10.8339
545.50,10.8458
546.00,10.8760
546.50,10.9133
547.00,10.9414
547.50,10.9504
548.00,10.9427
548.50,10.9285
549.00,10.9162
549.50,10.9087
550.00,10.9049
550.50,10.9030
551.00,10.9012
551.50,10.8974
552.00,10.8907
552.50,10.8814
553.00,10.8711
553.50,10.8606
554.00,10.8496
554.50,10.8377
555.00,10.8274
555.50,10.8258
556.00,10.8396
556.50,10.8688
557.00,10.9042
557.50,10.9337
558.00,10.9513
558.50,10.9587
559.00,10.9593
559.50,10.9530
560.00,10.9385
560.50,10.9192
561.00,10.9018
561.50,10.8901
562.00,10.8815
562.50,10.8723
563.00,10.8652
563.50,10.8683
564.00,10.8876
564.50,10.9204
565.00,10.9573
565.50,10.9886
566.00,11.0095
566.50,11.0202
567.00,11.0232
567.50,11.0214
568.00,11.0173
568.50,11.0123
569.00,11.0070
569.50,11.0006
570.00,10.9921
570.50,10.9826
571.00,10.9752
571.50,10.9717
572.00,10.9704
572.50,10.9670
573.00,10.9584
573.50,10.9442
574.00,10.9267
574.50,10.9098
575.00,10.8989
575.50,10.8986
576.00,10.9076
576.50,10.9173
577.00,10.9162
577.50,10.8988
578.00,10.8695
578.50,10.8396
579.00,10.8191
579.50,10.8107
580.00,10.8107
580.50,10.8149
581.00,10.8240
581.50,10.8420
582.00,10.8701
582.50,10.9017
583.00,10.9241
583.50,10.9265
584.00,10.9068
584.50,10.8741
585.00,10.8429
585.50,10.8259
586.00,10.8277
586.50,10.8431
587.00,10.8593
587.50,10.8624
588.00,10.8460
588.50,10.8156
589.00,10.7861
589.50,10.7719
590.00,10.7787
590.50,10.8001
591.00,10.8235
591.50,10.8367
592.00,10.8334
592.50,10.8144
593.00,10.7861
593.50,10.7579
594.00,10.7370
594.50,10.7261
595.00,10.7232
595.50,10.7258
596.00,10.7330
596.50,10.7456
597.00,10.7627
597.50,10.7806
598.00,10.7944
598.50,10.8020
599.00,10.8061
599.50,10.8117
600.00,10.8204
600.50,10.8281
601.00,10.8276
601.50,10.8149
602.00,10.7938
602.50,10.7751
603.00,10.7708
603.50,10.7855
604.00,10.8116
604.50,10.8333
605.00,10.8374
605.50,10.8229
606.00,10.8006
606.50,10.7827
607.00,10.7741
607.50,10.7718
608.00,10.7707
608.50,10.7699
609.00,10.7712
609.50,10.7746
610.00,10.7760
610.50,10.7715
611.00,10.7612
611.50,10.7492
612.00,10.7380
612.50,10.7251
613.00,10.7052
613.50,10.6750
614.00,10.6377
614.50,10.6031
615.00,10.5840
615.50,10.5900
616.00,10.6199
616.50,10.6604
617.00,10.6923
617.50,10.7020
618.00,10.6898
618.50,10.6680
619.00,10.6502
619.50,10.6425
620.00,10.6430
620.50,10.6482
621.00,10.6563
621.50,10.6646
622.00,10.6668
622.50,10.6547
623.00,10.6257
623.50,10.5870
624.00,10.5518
624.50,10.5311
625.00,10.5268
625.50,10.5341
626.00,10.5474
626.50,10.5637
627.00,10.5793
627.50,10.5864
628.00,10.5781
628.50,10.5551
629.00,10.5296
629.50,10.5178
630.00,10.5280
630.50,10.5564
631.00,10.5905
631.50,10.6172
632.00,10.6287
632.50,10.6245
633.00,10.6111
633.50,10.5987
634.00,10.5961
634.50,10.6042
635.00,10.6158
635.50,10.6210
636.00,10.6150
636.50,10.6007
637.00,10.5853
637.50,10.5745
638.00,10.5691
638.50,10.5660
639.00,10.5611
639.50,10.5526
640.00,10.5431
640.50,10.5372
641.00,10.5374
641.50,10.5421
642.00,10.5486
642.50,10.5581
643.00,10.5747
643.50,10.5998
644.00,10.6274
644.50,10.6467
645.00,10.6493
645.50,10.6348
646.00,10.6091
646.50,10.5786
647.00,10.5474
647.50,10.5175
648.00,10.4901
648.50,10.4655
649.00,10.4418
649.50,10.4167
650.00,10.3884
650.50,10.3577
651.00,10.3281
651.50,10.3058
652.00,10.2968
652.50,10.3023
653.00,10.3170
653.50,10.3341
654.00,10.3512
654.50,10.3709
655.00,10.3950
655.50,10.4197
656.00,10.4375
656.50,10.4439
657.00,10.4414
657.50,10.4367
658.00,10.4356
658.50,10.4394
659.00,10.4448
659.50,10.4461
660.00,10.4393
660.50,10.4265
661.00,10.4160
661.50,10.4175
662.00,10.4355
662.50,10.4659
663.00,10.4993
663.50,10.5284
664.00,10.5524
664.50,10.5720
665.00,10.5839
665.50,10.5813
666.00,10.5620
666.50,10.5344
667.00,10.5129
667.50,10.5056
668.00,10.5090
668.50,10.5113
669.00,10.5007
669.50,10.4705
670.00,10.4217
670.50,10.3637
671.00,10.3121
671.50,10.2806
672.00,10.2704
672.50,10.2705
673.00,10.2689
673.50,10.2629
674.00,10.2581
674.50,10.2594
675.00,10.2656
675.50,10.2712
676.00,10.2733
676.50,10.2735
677.00,10.2745
677.50,10.2746
678.00,10.2674
678.50,10.2470
679.00,10.2149
679.50,10.1809
680.00,10.1576
680.50,10.1516
681.00,10.1597
681.50,10.1708
682.00,10.1757
682.50,10.1730
683.00,10.1682
683.50,10.1644
684.00,10.1572
684.50,10.1402
685.00,10.1160
685.50,10.0978
686.00,10.0999
686.50,10.1249
687.00,10.1623
687.50,10.1973
688.00,10.2203
688.50,10.2285
689.00,10.2216
689.50,10.2014
690.00,10.1752
690.50,10.1563
691.00,10.1577
691.50,10.1836
692.00,10.2249
692.50,10.2647
693.00,10.2885
693.50,10.2920
694.00,10.2829
694.50,10.2735
695.00,10.2722
695.50,10.2778
696.00,10.2832
696.50,10.2835
697.00,10.2810
697.50,10.2819
698.00,10.2887
698.50,10.2957
699.00,10.2927
699.50,10.2738
700.00,10.2423
700.50,10.2071
701.00,10.1759
701.50,10.1511
702.00,10.1330
702.50,10.1235
703.00,10.1257
703.50,10.1401
704.00,10.1607
704.50,10.1762
705.00,10.1751
705.50,10.1527
706.00,10.1143
706.50,10.0708
707.00,10.0296
707.50,9.9911
708.00,9.9526
708.50,9.9168
709.00,9.8926
709.50,9.8865
710.00,9.8936
710.50,9.8987
711.00,9.8880
711.50,9.8586
712.00,9.8211
712.50,9.7912
713.00,9.7787
713.50,9.7813
714.00,9.7870
714.50,9.7840
715.00,9.7695
715.50,9.7500
716.00,9.7346
716.50,9.7278
717.00,9.7258
717.50,9.7222
718.00,9.7146
718.50,9.7058
719.00,9.6990
719.50,9.6928
720.00,9.6826
720.50,9.6653
721.00,9.6444
721.50,9.6288
722.00,9.6277
722.50,9.6436
723.00,9.6693
723.50,9.6918
724.00,9.6994
724.50,9.6882
725.00,9.6639
725.50,9.6402
726.00,9.6312
726.50,9.6443
727.00,9.6761
727.50,9.7152
728.00,9.7484
728.50,9.7671
729.00,9.7706
729.50,9.7652
730.00,9.7586
730.50,9.7553
731.00,9.7550
731.50,9.7568
732.00,9.7611
732.50,9.7670
733.00,9.7699
733.50,9.7624
734.00,9.7383
734.50,9.6972
735.00,9.6433
735.50,9.5829
736.00,9.5221
736.50,9.4656
737.00,9.4167
737.50,9.3747
738.00,9.3360
738.50,9.2977
739.00,9.2610
739.50,9.2296
740.00,9.2049
740.50,9.1824
741.00,9.1544
741.50,9.1156
742.00,9.0663
742.50,9.0098
743.00,8.9487
743.50,8.8837
744.00,8.8148
744.50,8.7425
745.00,8.6691
745.50,8.5977
746.00,8.5314
746.50,8.4738
747.00,8.4283
747.50,8.3968
748.00,8.3772
748.50,8.3639
749.00,8.3496
749.50,8.3300
750.00,8.3049
750.50,8.2771
751.00,8.2495
751.50,8.2238
752.00,8.2017
752.50,8.1863
753.00,8.1806
753.50,8.1828
754.00,8.1868
754.50,8.1854
755.00,8.1765
755.50,8.1646
756.00,8.1551
756.50,8.1507
757.00,8.1516
757.50,8.1581
758.00,8.1717
758.50,8.1940
759.00,8.2260
759.50,8.2672
760.00,8.3135
760.50,8.3578
761.00,8.3928
761.50,8.4163
762.00,8.4322
762.50,8.4457
763.00,8.4582
763.50,8.4689
764.00,8.4811
764.50,8.5038
765.00,8.5447
765.50,8.5998
766.00,8.6537
766.50,8.6916
767.00,8.7112
767.50,8.7220
768.00,8.7345
768.50,8.7530
769.00,8.7782
769.50,8.8119
770.00,8.8555
770.50,8.9052
771.00,8.9503
771.50,8.9791
772.00,8.9863
772.50,8.9754
773.00,8.9565
773.50,8.9399
774.00,8.9320
774.50,8.9333
775.00,8.9406
775.50,8.9500
776.00,8.9603
776.50,8.9738
777.00,8.9937
777.50,9.0198
778.00,9.0475
778.50,9.0712
779.00,9.0921
779.50,9.1191
780.00,9.1609
780.50,9.2147
781.00,9.2625
781.50,9.2824
782.00,9.2649
782.50,9.2197
783.00,9.1692
783.50,9.1352
784.00,9.1290
784.50,9.1478
785.00,9.1791
785.50,9.2096
786.00,9.2323
786.50,9.2470
787.00,9.2563
787.50,9.2620
788.00,9.2650
788.50,9.2662
789.00,9.2660
789.50,9.2642
790.00,9.2588
790.50,9.2476
791.00,9.2311
791.50,9.2149
792.00,9.2076
792.50,9.2155
793.00,9.2385
793.50,9.2700
794.00,9.3002
794.50,9.3207
795.00,9.3273
795.50,9.3221
796.00,9.3114
796.50,9.3020
797.00,9.2975
797.50,9.2972
798.00,9.2963
798.50,9.2897
799.00,9.2770
799.50,9.2643
800.00,9.2592
800.50,9.2638
801.00,9.2735
801.50,9.2821
802.00,9.2880
802.50,9.2956
803.00,9.3126
803.50,9.3433
804.00,9.3844
804.50,9.4261
805.00,9.4581
805.50,9.4741
806.00,9.4726
806.50,9.4561
807.00,9.4315
807.50,9.4088
808.00,9.3964
808.50,9.3968
809.00,9.4063
809.50,9.4190
810.00,9.4287
810.50,9.4306
811.00,9.4226
811.50,9.4071
812.00,9.3897
812.50,9.3756
813.00,9.3678
813.50,9.3675
814.00,9.3763
814.50,9.3948
815.00,9.4195
815.50,9.4398
816.00,9.4411
816.50,9.4147
817.00,9.3653
817.50,9.3099
818.00,9.2671
818.50,9.2483
819.00,9.2533
819.50,9.2731
820.00,9.2950
820.50,9.3093
821.00,9.3119
821.50,9.3045
822.00,9.2910
822.50,9.2735
823.00,9.2521
823.50,9.2268
824.00,9.2001
824.50,9.1774
825.00,9.1641
825.50,9.1618
826.00,9.1672
826.50,9.1742
827.00,9.1784
827.50,9.1790
828.00,9.1771
828.50,9.1730
829.00,9.1656
829.50,9.1536
830.00,9.1372
830.50,9.1174
831.00,9.0971
831.50,9.0804
832.00,9.0718
832.50,9.0745
833.00,9.0913
833.50,9.1248
834.00,9.1746
834.50,9.2335
835.00,9.2871
835.50,9.3209
836.00,9.3280
836.50,9.3129
837.00,9.2893
837.50,9.2741
838.00,9.2792
838.50,9.3054
839.00,9.3421
839.50,9.3755
840.00,9.3978
840.50,9.4099
841.00,9.4178
841.50,9.4278
842.00,9.4436
842.50,9.4642
843.00,9.4852
843.50,9.5026
844.00,9.5183
844.50,9.5399
845.00,9.5730
845.50,9.6141
846.00,9.6520
846.50,9.6767
847.00,9.6878
847.50,9.6941
848.00,9.7059
848.50,9.7258
849.00,9.7465
849.50,9.7560
850.00,9.7462
850.50,9.7166
851.00,9.6716
851.50,9.6184
852.00,9.5697
852.50,9.5434
853.00,9.5530
853.50,9.5962
854.00,9.6540
854.50,9.7026
855.00,9.7277
855.50,9.7290
856.00,9.7166
856.50,9.7040
857.00,9.7018
857.50,9.7136
858.00,9.7348
858.50,9.7551
859.00,9.7651
859.50,9.7612
860.00,9.7480
860.50,9.7346
861.00,9.7302
861.50,9.7387
862.00,9.7586
862.50,9.7844
863.00,9.8104
863.50,9.8324
864.00,9.8495
864.50,9.8653
865.00,9.8863
865.50,9.9156
866.00,9.9488
866.50,9.9768
867.00,9.9936
867.50,9.9996
868.00,9.9987
868.50,9.9948
869.00,9.9919
869.50,9.9956
870.00,10.0112
870.50,10.0391
871.00,10.0734
871.50,10.1044
872.00,10.1236
872.50,10.1265
873.00,10.1129
873.50,10.0855
874.00,10.0498
874.50,10.0119
875.00,9.9772
875.50,9.9489
876.00,9.9282
876.50,9.9141
877.00,9.9036
877.50,9.8948
878.00,9.8880
878.50,9.8850
879.00,9.8876
879.50,9.8954
880.00,9.9072
880.50,9.9219
881.00,9.9384
881.50,9.9545
882.00,9.9673
882.50,9.9761
883.00,9.9824
883.50,9.9895
884.00,10.0013
884.50,10.0181
885.00,10.0362
885.50,10.0481
886.00,10.0475
886.50,10.0341
887.00,10.0162
887.50,10.0069
888.00,10.0166
888.50,10.0458
889.00,10.0845
889.50,10.1199
890.00,10.1430
890.50,10.1534
891.00,10.1580
891.50,10.1663
892.00,10.1840
892.50,10.2078
893.00,10.2279
893.50,10.2363
894.00,10.2347
894.50,10.2315
895.00,10.2340
895.50,10.2434
896.00,10.2567
896.50,10.2709
897.00,10.2847
897.50,10.2974
898.00,10.3073
898.50,10.3099
899.00,10.3006
899.50,10.2793
900.00,10.2524
900.50,10.2303
901.00,10.2218
901.50,10.2306
902.00,10.2549
902.50,10.2890
903.00,10.3256
903.50,10.3571
904.00,10.3773
904.50,10.3840
905.00,10.3810
905.50,10.3764
906.00,10.3781
906.50,10.3891
907.00,10.4072
907.50,10.4274
908.00,10.4444
908.50,10.4535
909.00,10.4522
909.50,10.4418
910.00,10.4272
910.50,10.4141
911.00,10.4070
911.50,10.4096
912.00,10.4250
912.50,10.4539
913.00,10.4905
913.50,10.5235
914.00,10.5426
914.50,10.5464
915.00,10.5428
915.50,10.5412
916.00,10.5448
916.50,10.5488
917.00,10.5447
917.50,10.5261
918.00,10.4935
918.50,10.4569
919.00,10.4319
919.50,10.4302
920.00,10.4522
920.50,10.4877
921.00,10.5229
921.50,10.5469
922.00,10.5539
922.50,10.5445
923.00,10.5248
923.50,10.5028
924.00,10.4832
924.50,10.4675
925.00,10.4566
925.50,10.4529
926.00,10.4580
926.50,10.4694
927.00,10.4812
927.50,10.4886
928.00,10.4912
928.50,10.4930
929.00,10.4981
929.50,10.5081
930.00,10.5211
930.50,10.5327
931.00,10.5374
931.50,10.5299
932.00,10.5082
932.50,10.4763
933.00,10.4458
933.50,10.4316
934.00,10.4424
934.50,10.4744
935.00,10.5134
935.50,10.5469
936.00,10.5724
936.50,10.5938
937.00,10.6132
937.50,10.6280
938.00,10.6350
938.50,10.6351
939.00,10.6339
939.50,10.6385
940.00,10.6534
940.50,10.6777
941.00,10.7036
941.50,10.7201
942.00,10.7212
942.50,10.7104
943.00,10.6965
943.50,10.6867
944.00,10.6835
944.50,10.6853
945.00,10.6875
945.50,10.6841
946.00,10.6701
946.50,10.6469
947.00,10.6220
947.50,10.6047
948.00,10.6004
948.50,10.6075
949.00,10.6190
949.50,10.6270
950.00,10.6246
950.50,10.6089
951.00,10.5826
951.50,10.5559
952.00,10.5428
952.50,10.5527
953.00,10.5823
953.50,10.6150
954.00,10.6317
954.50,10.6252
955.00,10.6053
955.50,10.5916
956.00,10.5973
956.50,10.6201
957.00,10.6446
957.50,10.6520
958.00,10.6320
958.50,10.5881
959.00,10.5353
959.50,10.4931
960.00,10.4735
960.50,10.4758
961.00,10.4899
961.50,10.5055
962.00,10.5176
962.50,10.5258
963.00,10.5296
963.50,10.5277
964.00,10.5182
964.50,10.5017
965.00,10.4831
965.50,10.4707
966.00,10.4732
966.50,10.4922
967.00,10.5204
967.50,10.5450
968.00,10.5545
968.50,10.5451
969.00,10.5211
969.50,10.4923
970.00,10.4685
970.50,10.4550
971.00,10.4512
971.50,10.4551
972.00,10.4684
972.50,10.4939
973.00,10.5283
973.50,10.5598
974.00,10.5770
974.50,10.5803
975.00,10.5804
975.50,10.5878
976.00,10.6017
976.50,10.6145
977.00,10.6200
977.50,10.6185
978.00,10.6132
978.50,10.6054
979.00,10.5937
979.50,10.5779
980.00,10.5614
980.50,10.5496
981.00,10.5454
981.50,10.5446
982.00,10.5403
982.50,10.5300
983.00,10.5221
983.50,10.5297
984.00,10.5581
984.50,10.5961
985.00,10.6234
985.50,10.6263
986.00,10.6088
986.50,10.5873
987.00,10.5758
987.50,10.5757
988.00,10.5797
988.50,10.5807
989.00,10.5779
989.50,10.5753
990.00,10.5761
990.50,10.5792
991.00,10.5802
991.50,10.5752
992.00,10.5660
992.50,10.5590
993.00,10.5594
993.50,10.5634
994.00,10.5596
994.50,10.5389
995.00,10.5042
995.50,10.4702
996.00,10.4533
996.50,10.4599
997.00,10.4832
997.50,10.5084
998.00,10.5224
998.50,10.5213
999.00,10.5106
999.50,10.4988
1000.00,10.4900
1000.50,10.4814
1001.00,10.4669
1001.50,10.4426
1002.00,10.4121
1002.50,10.3844
1003.00,10.3691
1003.50,10.3691
1004.00,10.3786
1004.50,10.3874
1005.00,10.3909
1005.50,10.3942
1006.00,10.4078
1006.50,10.4371
1007.00,10.4767
1007.50,10.5144
1008.00,10.5386
1008.50,10.5447
1009.00,10.5352
1009.50,10.5164
1010.00,10.4947
1010.50,10.4763
1011.00,10.4674
1011.50,10.4724
1012.00,10.4916
1012.50,10.5185
1013.00,10.5415
1013.50,10.5515
1014.00,10.5484
1014.50,10.5408
1015.00,10.5377
1015.50,10.5409
1016.00,10.5440
1016.50,10.5381
1017.00,10.5198
1017.50,10.4915
1018.00,10.4592
1018.50,10.4282
1019.00,10.4035
1019.50,10.3918
1020.00,10.4012
1020.50,10.4347
1021.00,10.4855
1021.50,10.5384
1022.00,10.5769
1022.50,10.5904
1023.00,10.5774
1023.50,10.5452
1024.00,10.5061
1024.50,10.4729
1025.00,10.4544
1025.50,10.4533
1026.00,10.4662
1026.50,10.4880
1027.00,10.5140
1027.50,10.5411
1028.00,10.5657
1028.50,10.5848
1029.00,10.5963
1029.50,10.5990
1030.00,10.5920
1030.50,10.5755
1031.00,10.5548
1031.50,10.5384
1032.00,10.5325
1032.50,10.5377
1033.00,10.5508
1033.50,10.5680
1034.00,10.5829
1034.50,10.5868
1035.00,10.5739
1035.50,10.5480
1036.00,10.5212
1036.50,10.5073
1037.00,10.5134
1037.50,10.5372
1038.00,10.5688
1038.50,10.5949
1039.00,10.6036
1039.50,10.5894
1040.00,10.5566
1040.50,10.5188
1041.00,10.4912
1041.50,10.4799
1042.00,10.4776
1042.50,10.4706
1043.00,10.4501
1043.50,10.4193
1044.00,10.3889
1044.50,10.3693
1045.00,10.3649
1045.50,10.3732
1046.00,10.3882
1046.50,10.4039
1047.00,10.4171
1047.50,10.4279
1048.00,10.4382
1048.50,10.4504
1049.00,10.4661
1049.50,10.4850
1050.00,10.5059
1050.50,10.5248
1051.00,10.5357
1051.50,10.5318
1052.00,10.5091
1052.50,10.4713
1053.00,10.4284
1053.50,10.3914
1054.00,10.3660
1054.50,10.3517
1055.00,10.3459
1055.50,10.3461
1056.00,10.3505
1056.50,10.3564
1057.00,10.3611
1057.50,10.3638
1058.00,10.3660
1058.50,10.3702
1059.00,10.3781
1059.50,10.3888
1060.00,10.3998
1060.50,10.4085
1061.00,10.4155
1061.50,10.4236
1062.00,10.4339
1062.50,10.4425
1063.00,10.4433
1063.50,10.4334
1064.00,10.4173
1064.50,10.4023
1065.00,10.3913
1065.50,10.3821
1066.00,10.3715
1066.50,10.3597
1067.00,10.3469
1067.50,10.3311
1068.00,10.3095
1068.50,10.2832
1069.00,10.2599
1069.50,10.2508
1070.00,10.2637
1070.50,10.2970
1071.00,10.3397
1071.50,10.3743
1072.00,10.3850
1072.50,10.3651
1073.00,10.3199
1073.50,10.2639
1074.00,10.2141
1074.50,10.1831
1075.00,10.1749
1075.50,10.1846
1076.00,10.2005
1076.50,10.2078
1077.00,10.1952
1077.50,10.1614
1078.00,10.1177
1078.50,10.0820
1079.00,10.0677
1079.50,10.0755
1080.00,10.0954
1080.50,10.1150
1081.00,10.1266
1081.50,10.1281
1082.00,10.1205
1082.50,10.1064
1083.00,10.0909
1083.50,10.0796
1084.00,10.0764
1084.50,10.0815
1085.00,10.0912
1085.50,10.1001
1086.00,10.1045
1086.50,10.1065
1087.00,10.1124
1087.50,10.1275
1088.00,10.1487
1088.50,10.1653
1089.00,10.1662
1089.50,10.1486
1090.00,10.1206
1090.50,10.0958
1091.00,10.0849
1091.50,10.0905
1092.00,10.1074
1092.50,10.1279
1093.00,10.1466
1093.50,10.1618
1094.00,10.1743
1094.50,10.1845
1095.00,10.1933
1095.50,10.2015
1096.00,10.2107
1096.50,10.2201
1097.00,10.2273
1097.50,10.2307
1098.00,10.2340
1098.50,10.2451
1099.00,10.2695
1099.50,10.3047
1100.00,10.3416
1100.50,10.3716
1101.00,10.3924
1101.50,10.4079
1102.00,10.4235
1102.50,10.4427
1103.00,10.4645
1103.50,10.4842
1104.00,10.4961
1104.50,10.4991
1105.00,10.5010
1105.50,10.5167
1106.00,10.5580
1106.50,10.6226
1107.00,10.6919
1107.50,10.7416
1108.00,10.7585
1108.50,10.7492
1109.00,10.7327
1109.50,10.7252
1110.00,10.7304
1110.50,10.7423
1111.00,10.7529
1111.50,10.7571
1112.00,10.7521
1112.50,10.7357
1113.00,10.7094
1113.50,10.6787
1114.00,10.6496
1114.50,10.6222
1115.00,10.5896
1115.50,10.5455
1116.00,10.4931
1116.50,10.4470
1117.00,10.4247
1117.50,10.4312
1118.00,10.4530
1118.50,10.4684
1119.00,10.4636
1119.50,10.4415
1120.00,10.4163
1120.50,10.4012
1121.00,10.3994
1121.50,10.4045
1122.00,10.4079
1122.50,10.4046
1123.00,10.3945
1123.50,10.3784
1124.00,10.3562
1124.50,10.3270
1125.00,10.2917
1125.50,10.2542
1126.00,10.2216
1126.50,10.2003
1127.00,10.1909
1127.50,10.1872
1128.00,10.1807
1128.50,10.1665
1129.00,10.1453
1129.50,10.1208
1130.00,10.0974
1130.50,10.0798
1131.00,10.0692
1131.50,10.0625
1132.00,10.0540
1132.50,10.0391
1133.00,10.0168
1133.50,9.9878
1134.00,9.9537
1134.50,9.9177
1135.00,9.8847
1135.50,9.8586
1136.00,9.8404
1136.50,9.8281
1137.00,9.8190
1137.50,9.8117
1138.00,9.8052
1138.50,9.7978
1139.00,9.7871
1139.50,9.7718
1140.00,9.7532
1140.50,9.7362
1141.00,9.7275
1141.50,9.7320
1142.00,9.7496
1142.50,9.7737
1143.00,9.7945
1143.50,9.8049
1144.00,9.8033
1144.50,9.7919
1145.00,9.7759
1145.50,9.7624
1146.00,9.7582
1146.50,9.7656
1147.00,9.7806
1147.50,9.7968
1148.00,9.8114
1148.50,9.8285
1149.00,9.8546
1149.50,9.8903
1150.00,9.9271
1150.50,9.9514
1151.00,9.9560
1151.50,9.9452
1152.00,9.9316
1152.50,9.9263
1153.00,9.9327
1153.50,9.9473
1154.00,9.9664
1154.50,9.9899
1155.00,10.0203
1155.50,10.0570
1156.00,10.0934
1156.50,10.1201
1157.00,10.1312
1157.50,10.1267
1158.00,10.1108
1158.50,10.0900
1159.00,10.0723
1159.50,10.0653
1160.00,10.0724
1160.50,10.0899
1161.00,10.1083
1161.50,10.1186
1162.00,10.1183
1162.50,10.1130
1163.00,10.1121
1163.50,10.1209
1164.00,10.1355
1164.50,10.1434
1165.00,10.1334
1165.50,10.1042
1166.00,10.0651
1166.50,10.0264
1167.00,9.9919
1167.50,9.9608
1168.00,9.9326
1168.50,9.9098
1169.00,9.8952
1169.50,9.8896
1170.00,9.8901
1170.50,9.8906
1171.00,9.8833
1171.50,9.8638
1172.00,9.8346
1172.50,9.8055
1173.00,9.7868
1173.50,9.7829
1174.00,9.7889
1174.50,9.7948
1175.00,9.7922
1175.50,9.7799
1176.00,9.7637
1176.50,9.7511
1177.00,9.7440
1177.50,9.7385
1178.00,9.7290
1178.50,9.7136
1179.00,9.6962
1179.50,9.6833
1180.00,9.6795
1180.50,9.6841
1181.00,9.6910
1181.50,9.6918
1182.00,9.6794
1182.50,9.6511
1183.00,9.6109
1183.50,9.5698
1184.00,9.5402
1184.50,9.5285
1185.00,9.5332
1185.50,9.5477
1186.00,9.5657
1186.50,9.5836
1187.00,9.5997
1187.50,9.6136
1188.00,9.6248
1188.50,9.6315
1189.00,9.6318
1189.50,9.6262
1190.00,9.6176
1190.50,9.6106
1191.00,9.6074
1191.50,9.6076
1192.00,9.6087
1192.50,9.6087
1193.00,9.6073
1193.50,9.6071
1194.00,9.6113
1194.50,9.6226
1195.00,9.6417
1195.50,9.6674
1196.00,9.6972
1196.50,9.7266
1197.00,9.7502
1197.50,9.7631
1198.00,9.7633
1198.50,9.7535
1199.00,9.7404
1199.50,9.7312
1200.00,9.7310
1200.50,9.7421
1201.00,9.7656
1201.50,9.8015
1202.00,9.8473
1202.50,9.8961
1203.00,9.9378
1203.50,9.9644
1204.00,9.9751
1204.50,9.9761
1205.00,9.9748
1205.50,9.9719
1206.00,9.9628
1206.50,9.9434
1207.00,9.9165
1207.50,9.8889
1208.00,9.8676
1208.50,9.8553
1209.00,9.8515
1209.50,9.8546
1210.00,9.8629
1210.50,9.8750
1211.00,9.8882
1211.50,9.8991
1212.00,9.9050
1212.50,9.9043
1213.00,9.8974
1213.50,9.8861
1214.00,9.8735
1214.50,9.8623
1215.00,9.8536
1215.50,9.8469
1216.00,9.8426
1216.50,9.8430
1217.00,9.8516
1217.50,9.8699
1218.00,9.8951
1218.50,9.9206
1219.00,9.9405
1219.50,9.9540
1220.00,9.9675
1220.50,9.9905
1221.00,10.0280
1221.50,10.0752
1222.00,10.1173
1222.50,10.1375
1223.00,10.1281
1223.50,10.0971
1224.00,10.0633
1224.50,10.0437
1225.00,10.0420
1225.50,10.0478
1226.00,10.0452
1226.50,10.0226
1227.00,9.9779
1227.50,9.9187
1228.00,9.8577
1228.50,9.8077
1229.00,9.7756
1229.50,9.7605
1230.00,9.7564
1230.50,9.7594
1231.00,9.7697
1231.50,9.7899
1232.00,9.8190
1232.50,9.8502
1233.00,9.8744
1233.50,9.8845
1234.00,9.8777
1234.50,9.8556
1235.00,9.8216
1235.50,9.7814
1236.00,9.7429
1236.50,9.7151
1237.00,9.7036
1237.50,9.7063
1238.00,9.7149
1238.50,9.7202
1239.00,9.7187
1239.50,9.7128
1240.00,9.7064
1240.50,9.6987
1241.00,9.6826
1241.50,9.6517
1242.00,9.6089
1242.50,9.5682
1243.00,9.5449
1243.50,9.5435
1244.00,9.5555
1244.50,9.5674
1245.00,9.5706
1245.50,9.5636
1246.00,9.5482
1246.50,9.5276
1247.00,9.5080
1247.50,9.4985
1248.00,9.5048
1248.50,9.5237
1249.00,9.5443
1249.50,9.5566
1250.00,9.5575
1250.50,9.5503
1251.00,9.5390
1251.50,9.5253
1252.00,9.5088
1252.50,9.4896
1253.00,9.4722
1253.50,9.4656
1254.00,9.4785
1254.50,9.5116
1255.00,9.5552
1255.50,9.5958
1256.00,9.6256
1256.50,9.6448
1257.00,9.6547
1257.50,9.6516
1258.00,9.6310
1258.50,9.5951
1259.00,9.5558
1259.50,9.5283
1260.00,9.5218
1260.50,9.5352
1261.00,9.5592
1261.50,9.5834
1262.00,9.6023
1262.50,9.6155
1263.00,9.6246
1263.50,9.6298
1264.00,9.6299
1264.50,9.6255
1265.00,9.6206
1265.50,9.6212
1266.00,9.6299
1266.50,9.6434
1267.00,9.6541
1267.50,9.6558
1268.00,9.6479
1268.50,9.6342
1269.00,9.6200
1269.50,9.6077
1270.00,9.5962
1270.50,9.5825
1271.00,9.5659
1271.50,9.5484
1272.00,9.5336
1272.50,9.5244
1273.00,9.5231
1273.50,9.5297
1274.00,9.5400
1274.50,9.5471
1275.00,9.5453
1275.50,9.5368
1276.00,9.5307
1276.50,9.5359
1277.00,9.5544
1277.50,9.5809
1278.00,9.6071
1278.50,9.6271
1279.00,9.6390
1279.50,9.6448
1280.00,9.6490
1280.50,9.6552
1281.00,9.6631
1281.50,9.6675
1282.00,9.6634
1282.50,9.6505
1283.00,9.6333
1283.50,9.6182
1284.00,9.6107
1284.50,9.6132
1285.00,9.6234
1285.50,9.6341
1286.00,9.6360
1286.50,9.6239
1287.00,9.6011
1287.50,9.5794
1288.00,9.5719
1288.50,9.5840
1289.00,9.6088
1289.50,9.6319
1290.00,9.6432
1290.50,9.6434
1291.00,9.6426
1291.50,9.6516
1292.00,9.6763
1292.50,9.7144
1293.00,9.7575
1293.50,9.7937
1294.00,9.8144
1294.50,9.8184
1295.00,9.8098
1295.50,9.7922
1296.00,9.7661
1296.50,9.7337
1297.00,9.7036
1297.50,9.6877
1298.00,9.6927
1298.50,9.7146
1299.00,9.7414
1299.50,9.7603
1300.00,9.7647
1300.50,9.7557
1301.00,9.7391
1301.50,9.7201
1302.00,9.7012
1302.50,9.6825
1303.00,9.6652
1303.50,9.6523
1304.00,9.6472
1304.50,9.6514
1305.00,9.6630
1305.50,9.6771
1306.00,9.6866
1306.50,9.6849
1307.00,9.6721
1307.50,9.6558
1308.00,9.6466
1308.50,9.6499
1309.00,9.6609
1309.50,9.6682
1310.00,9.6606
1310.50,9.6333
1311.00,9.5903
1311.50,9.5410
1312.00,9.4960
1312.50,9.4633
1313.00,9.4476
1313.50,9.4488
1314.00,9.4627
1314.50,9.4827
1315.00,9.5027
1315.50,9.5188
1316.00,9.5288
1316.50,9.5317
1317.00,9.5290
1317.50,9.5242
1318.00,9.5204
1318.50,9.5188
1319.00,9.5181
1319.50,9.5162
1320.00,9.5097
1320.50,9.4939
1321.00,9.4680
1321.50,9.4393
1322.00,9.4208
1322.50,9.4207
1323.00,9.4347
1323.50,9.4504
1324.00,9.4586
1324.50,9.4599
1325.00,9.4607
1325.50,9.4661
1326.00,9.4759
1326.50,9.4863
1327.00,9.4929
1327.50,9.4931
1328.00,9.4880
1328.50,9.4820
1329.00,9.4808
1329.50,9.4885
1330.00,9.5056
1330.50,9.5292
1331.00,9.5542
1331.50,9.5748
1332.00,9.5883
1332.50,9.5961
1333.00,9.6033
1333.50,9.6139
1334.00,9.6273
1334.50,9.6389
1335.00,9.6445
1335.50,9.6434
1336.00,9.6374
1336.50,9.6291
1337.00,9.6210
1337.50,9.6157
1338.00,9.6168
1338.50,9.6277
1339.00,9.6495
1339.50,9.6801
1340.00,9.7168
1340.50,9.7566
1341.00,9.7940
1341.50,9.8185
1342.00,9.8195
1342.50,9.7960
1343.00,9.7588
1343.50,9.7221
1344.00,9.6959
1344.50,9.6835
1345.00,9.6848
1345.50,9.6972
1346.00,9.7145
1346.50,9.7309
1347.00,9.7442
1347.50,9.7569
1348.00,9.7728
1348.50,9.7921
1349.00,9.8107
1349.50,9.8215
1350.00,9.8178
1350.50,9.7971
1351.00,9.7638
1351.50,9.7287
1352.00,9.7022
1352.50,9.6889
1353.00,9.6867
1353.50,9.6929
1354.00,9.7069
1354.50,9.7286
1355.00,9.7534
1355.50,9.7724
1356.00,9.7782
1356.50,9.7707
1357.00,9.7568
1357.50,9.7443
1358.00,9.7361
1358.50,9.7299
1359.00,9.7220
1359.50,9.7106
1360.00,9.6974
1360.50,9.6850
1361.00,9.6749
1361.50,9.6669
1362.00,9.6612
1362.50,9.6585
1363.00,9.6579
1363.50,9.6549
1364.00,9.6429
1364.50,9.6185
1365.00,9.5853
1365.50,9.5542
1366.00,9.5382
1366.50,9.5438
1367.00,9.5663
1367.50,9.5927
1368.00,9.6092
1368.50,9.6081
1369.00,9.5897
1369.50,9.5606
1370.00,9.5305
1370.50,9.5095
1371.00,9.5026
1371.50,9.5082
1372.00,9.5197
1372.50,9.5300
1373.00,9.5334
1373.50,9.5270
1374.00,9.5131
1374.50,9.4978
1375.00,9.4860
1375.50,9.4777
1376.00,9.4681
1376.50,9.4529
1377.00,9.4323
1377.50,9.4127
1378.00,9.4036
1378.50,9.4112
1379.00,9.4336
1379.50,9.4608
1380.00,9.4808
1380.50,9.4879
1381.00,9.4858
1381.50,9.4833
1382.00,9.4867
1382.50,9.4945
1383.00,9.4998
1383.50,9.4981
1384.00,9.4920
1384.50,9.4886
1385.00,9.4938
1385.50,9.5061
1386.00,9.5179
1386.50,9.5204
1387.00,9.5105
1387.50,9.4937
1388.00,9.4804
1388.50,9.4770
1389.00,9.4803
1389.50,9.4822
1390.00,9.4782
1390.50,9.4713
1391.00,9.4648
1391.50,9.4567
1392.00,9.4415
1392.50,9.4192
1393.00,9.3986
1393.50,9.3908
1394.00,9.3986
1394.50,9.4138
1395.00,9.4257
1395.50,9.4300
1396.00,9.4305
1396.50,9.4318
1397.00,9.4346
1397.50,9.4380
1398.00,9.4428
1398.50,9.4521
1399.00,9.4680
1399.50,9.4883
1400.00,9.5060
1400.50,9.5127
1401.00,9.5037
1401.50,9.4802
1402.00,9.4485
1402.50,9.4157
1403.00,9.3875
1403.50,9.3673
1404.00,9.3571
1404.50,9.3571
1405.00,9.3658
1405.50,9.3826
1406.00,9.4084
1406.50,9.4428
1407.00,9.4801
1407.50,9.5121
1408.00,9.5341
1408.50,9.5494
1409.00,9.5643
1409.50,9.5821
1410.00,9.6021
1410.50,9.6226
1411.00,9.6425
1411.50,9.6610
1412.00,9.6768
1412.50,9.6894
1413.00,9.6984
1413.50,9.7025
1414.00,9.6991
1414.50,9.6864
1415.00,9.6663
1415.50,9.6442
1416.00,9.6235
1416.50,9.6039
1417.00,9.5850
1417.50,9.5723
1418.00,9.5755
1418.50,9.5994
1419.00,9.6375
1419.50,9.6753
1420.00,9.7006
1420.50,9.7100
1421.00,9.7081
1421.50,9.7016
1422.00,9.6952
1422.50,9.6898
1423.00,9.6830
1423.50,9.6721
1424.00,9.6584
1424.50,9.6490
1425.00,9.6516
1425.50,9.6658
1426.00,9.6792
1426.50,9.6746
1427.00,9.6424
1427.50,9.5888
1428.00,9.5322
1428.50,9.4906
1429.00,9.4726
1429.50,9.4750
1430.00,9.4881
1430.50,9.5002
1431.00,9.5029
1431.50,9.4932
1432.00,9.4731
1432.50,9.4464
1433.00,9.4174
1433.50,9.3919
1434.00,9.3769
1434.50,9.3756
1435.00,9.3841
1435.50,9.3954
1436.00,9.4076
1436.50,9.4251
1437.00,9.4508
1437.50,9.4777
1438.00,9.4915
1438.50,9.4827
1439.00,9.4546
1439.50,9.4206
1440.00,9.3942
1440.50,9.3809
1441.00,9.3773
1441.50,9.3770
1442.00,9.3752
1442.50,9.3708
1443.00,9.3656
1443.50,9.3638
1444.00,9.3697
1444.50,9.3832
1445.00,9.3976
1445.50,9.4044
1446.00,9.4001
1446.50,9.3910
1447.00,9.3878
1447.50,9.3983
1448.00,9.4216
1448.50,9.4493
1449.00,9.4712
1449.50,9.4807
1450.00,9.4788
1450.50,9.4728
1451.00,9.4715
1451.50,9.4793
1452.00,9.4936
1452.50,9.5070
1453.00,9.5130
1453.50,9.5106
1454.00,9.5029
1454.50,9.4926
1455.00,9.4792
1455.50,9.4600
1456.00,9.4326
1456.50,9.3972
1457.00,9.3585
1457.50,9.3232
1458.00,9.2978
1458.50,9.2866
1459.00,9.2928
1459.50,9.3191
1460.00,9.3648
1460.50,9.4213
1461.00,9.4737
1461.50,9.5074
1462.00,9.5166
1462.50,9.5067
1463.00,9.4894
1463.50,9.4770
1464.00,9.4797
1464.50,9.5076
1465.00,9.5716
1465.50,9.6802
1466.00,9.8311
1466.50,10.0087
1467.00,10.1891
1467.50,10.3531
1468.00,10.4938
1468.50,10.6155
1469.00,10.7262
1469.50,10.8312
1470.00,10.9317
1470.50,11.0243
1471.00,11.1028
1471.50,11.1607
1472.00,11.1959
1472.50,11.2122
1473.00,11.2187
1473.50,11.2259
1474.00,11.2403
1474.50,11.2623
1475.00,11.2864
1475.50,11.3068
1476.00,11.3207
1476.50,11.3274
1477.00,11.3252
1477.50,11.3125
1478.00,11.2903
1478.50,11.2642
1479.00,11.2415
1479.50,11.2283
1480.00,11.2264
1480.50,11.2318
1481.00,11.2360
1481.50,11.2309
1482.00,11.2144
1482.50,11.1914
1483.00,11.1693
1483.50,11.1517
1484.00,11.1346
1484.50,11.1118
1485.00,11.0828
1485.50,11.0552
1486.00,11.0393
1486.50,11.0366
1487.00,11.0374
1487.50,11.0289
1488.00,11.0081
1488.50,10.9864
1489.00,10.9799
1489.50,10.9967
1490.00,11.0308
1490.50,11.0679
1491.00,11.0950
1491.50,11.1044
1492.00,11.0930
1492.50,11.0609
1493.00,11.0128
1493.50,10.9603
1494.00,10.9170
1494.50,10.8910
1495.00,10.8819
1495.50,10.8843
1496.00,10.8929
1496.50,10.9018
1497.00,10.9042
1497.50,10.8964
1498.00,10.8837
1498.50,10.8792
1499.00,10.8933
1499.50,10.9236
1500.00,10.9546
1500.50,10.9682
1501.00,10.9554
1501.50,10.9211
1502.00,10.8777
1502.50,10.8364
1503.00,10.8036
1503.50,10.7806
1504.00,10.7662
1504.50,10.7565
1505.00,10.7464
1505.50,10.7329
1506.00,10.7190
1506.50,10.7103
1507.00,10.7098
1507.50,10.7149
1508.00,10.7188
1508.50,10.7172
1509.00,10.7106
1509.50,10.7028
1510.00,10.6964
1510.50,10.6885
1511.00,10.6743
1511.50,10.6531
1512.00,10.6309
1512.50,10.6158
1513.00,10.6105
1513.50,10.6096
1514.00,10.6038
1514.50,10.5872
1515.00,10.5614
1515.50,10.5352
1516.00,10.5199
1516.50,10.5222
1517.00,10.5407
1517.50,10.5658
1518.00,10.5857
1518.50,10.5921
1519.00,10.5817
1519.50,10.5543
1520.00,10.5128
1520.50,10.4656
1521.00,10.4256
1521.50,10.4033
1522.00,10.4021
1522.50,10.4179
1523.00,10.4429
1523.50,10.4664
1524.00,10.4766
1524.50,10.4663
1525.00,10.4408
1525.50,10.4156
1526.00,10.4051
1526.50,10.4122
1527.00,10.4289
1527.50,10.4445
1528.00,10.4540
1528.50,10.4582
1529.00,10.4620
1529.50,10.4711
1530.00,10.4893
1530.50,10.5152
1531.00,10.5416
1531.50,10.5595
1532.00,10.5651
1532.50,10.5632
1533.00,10.5624
1533.50,10.5680
1534.00,10.5776
1534.50,10.5842
1535.00,10.5819
1535.50,10.5696
1536.00,10.5516
1536.50,10.5343
1537.00,10.5223
1537.50,10.5162
1538.00,10.5121
1538.50,10.5058
1539.00,10.4955
1539.50,10.4839
1540.00,10.4767
1540.50,10.4777
1541.00,10.4850
1541.50,10.4923
1542.00,10.4935
1542.50,10.4886
1543.00,10.4833
1543.50,10.4839
1544.00,10.4928
1544.50,10.5062
1545.00,10.5179
1545.50,10.5228
1546.00,10.5194
1546.50,10.5097
1547.00,10.4967
1547.50,10.4824
1548.00,10.4680
1548.50,10.4562
1549.00,10.4510
1549.50,10.4554
1550.00,10.4669
1550.50,10.4766
1551.00,10.4751
1551.50,10.4585
1552.00,10.4312
1552.50,10.4024
1553.00,10.3803
1553.50,10.3689
1554.00,10.3675
1554.50,10.3720
1555.00,10.3778
1555.50,10.3821
1556.00,10.3835
1556.50,10.3817
1557.00,10.3765
1557.50,10.3686
1558.00,10.3586
1558.50,10.3467
1559.00,10.3321
1559.50,10.3152
1560.00,10.2989
1560.50,10.2875
1561.00,10.2821
1561.50,10.2792
1562.00,10.2728
1562.50,10.2606
1563.00,10.2467
1563.50,10.2393
1564.00,10.2434
1564.50,10.2571
1565.00,10.2749
1565.50,10.2923
1566.00,10.3075
1566.50,10.3195
1567.00,10.3276
1567.50,10.3321
1568.00,10.3342
1568.50,10.3339
1569.00,10.3324
1569.50,10.3334
1570.00,10.3391
1570.50,10.3455
1571.00,10.3421
1571.50,10.3204
1572.00,10.2817
1572.50,10.2352
1573.00,10.1906
1573.50,10.1523
1574.00,10.1199
1574.50,10.0947
1575.00,10.0825
1575.50,10.0894
1576.00,10.1130
1576.50,10.1408
1577.00,10.1591
1577.50,10.1631
1578.00,10.1577
1578.50,10.1495
1579.00,10.1399
1579.50,10.1259
1580.00,10.1070
1580.50,10.0877
1581.00,10.0742
1581.50,10.0696
1582.00,10.0729
1582.50,10.0798
1583.00,10.0848
1583.50,10.0838
1584.00,10.0765
1584.50,10.0671
1585.00,10.0616
1585.50,10.0634
1586.00,10.0712
1586.50,10.0814
1587.00,10.0909
1587.50,10.0986
1588.00,10.1055
1588.50,10.1123
1589.00,10.1188
1589.50,10.1238
1590.00,10.1283
1590.50,10.1359
1591.00,10.1489
1591.50,10.1647
1592.00,10.1763
1592.50,10.1773
1593.00,10.1657
1593.50,10.1448
1594.00,10.1222
1594.50,10.1073
1595.00,10.1058
1595.50,10.1150
1596.00,10.1247
1596.50,10.1266
1597.00,10.1208
1597.50,10.1139
1598.00,10.1114
1598.50,10.1139
1599.00,10.1199
1599.50,10.1284
1600.00,10.1390
1600.50,10.1489
1601.00,10.1536
1601.50,10.1499
1602.00,10.1369
1602.50,10.1162
1603.00,10.0892
1603.50,10.0558
1604.00,10.0158
1604.50,9.9722
1605.00,9.9327
1605.50,9.9064
1606.00,9.8971
1606.50,9.8984
1607.00,9.8965
1607.50,9.8785
1608.00,9.8407
1608.50,9.7902
1609.00,9.7406
1609.50,9.7045
1610.00,9.6884
1610.50,9.6917
1611.00,9.7088
1611.50,9.7313
1612.00,9.7512
1612.50,9.7623
1613.00,9.7614
1613.50,9.7478
1614.00,9.7225
1614.50,9.6879
1615.00,9.6508
1615.50,9.6232
1616.00,9.6183
1616.50,9.6399
1617.00,9.6767
1617.50,9.7079
1618.00,9.7185
1618.50,9.7079
1619.00,9.6871
1619.50,9.6688
1620.00,9.6594
1620.50,9.6565
1621.00,9.6533
1621.50,9.6440
1622.00,9.6287
1622.50,9.6111
1623.00,9.5943
1623.50,9.5783
1624.00,9.5611
1624.50,9.5425
1625.00,9.5229
1625.50,9.5022
1626.00,9.4785
1626.50,9.4514
1627.00,9.4251
1627.50,9.4069
1628.00,9.4008
1628.50,9.4037
1629.00,9.4076
1629.50,9.4066
1630.00,9.4007
1630.50,9.3942
1631.00,9.3892
1631.50,9.3831
1632.00,9.3711
1632.50,9.3531
1633.00,9.3365
1633.50,9.3326
1634.00,9.3477
1634.50,9.3780
1635.00,9.4107
1635.50,9.4328
1636.00,9.4384
1636.50,9.4319
1637.00,9.4235
1637.50,9.4217
1638.00,9.4275
1638.50,9.4332
1639.00,9.4276
1639.50,9.4039
1640.00,9.3672
1640.50,9.3329
1641.00,9.3158
1641.50,9.3202
1642.00,9.3381
1642.50,9.3577
1643.00,9.3714
1643.50,9.3777
1644.00,9.3776
1644.50,9.3712
1645.00,9.3607
1645.50,9.3507
1646.00,9.3465
1646.50,9.3498
1647.00,9.3573
1647.50,9.3641
1648.00,9.3660
1648.50,9.3612
1649.00,9.3500
1649.50,9.3354
1650.00,9.3214
1650.50,9.3124
1651.00,9.3131
1651.50,9.3286
1652.00,9.3609
1652.50,9.4034
1653.00,9.4413
1653.50,9.4614
1654.00,9.4623
1654.50,9.4540
1655.00,9.4481
1655.50,9.4486
1656.00,9.4527
1656.50,9.4569
1657.00,9.4603
1657.50,9.4613
1658.00,9.4554
1658.50,9.4388
1659.00,9.4149
1659.50,9.3939
1660.00,9.3849
1660.50,9.3879
1661.00,9.3948
1661.50,9.3983
1662.00,9.3994
1662.50,9.4044
1663.00,9.4177
1663.50,9.4377
1664.00,9.4582
1664.50,9.4720
1665.00,9.4736
1665.50,9.4606
1666.00,9.4359
1666.50,9.4081
1667.00,9.3883
1667.50,9.3862
1668.00,9.4054
1668.50,9.4427
1669.00,9.4876
1669.50,9.5251
1670.00,9.5403
1670.50,9.5260
1671.00,9.4891
1671.50,9.4488
1672.00,9.4269
1672.50,9.4349
1673.00,9.4674
1673.50,9.5066
1674.00,9.5353
1674.50,9.5474
1675.00,9.5484
1675.50,9.5473
1676.00,9.5509
1676.50,9.5611
1677.00,9.5764
1677.50,9.5936
1678.00,9.6089
1678.50,9.6190
1679.00,9.6231
1679.50,9.6225
1680.00,9.6192
1680.50,9.6150
1681.00,9.6096
1681.50,9.6024
1682.00,9.5940
1682.50,9.5862
1683.00,9.5808
1683.50,9.5779
1684.00,9.5770
1684.50,9.5771
1685.00,9.5755
1685.50,9.5675
1686.00,9.5499
1686.50,9.5235
1687.00,9.4926
1687.50,9.4613
1688.00,9.4297
1688.50,9.3951
1689.00,9.3548
1689.50,9.3105
1690.00,9.2703
1690.50,9.2463
1691.00,9.2472
1691.50,9.2709
1692.00,9.3043
1692.50,9.3306
1693.00,9.3376
1693.50,9.3199
1694.00,9.2788
1694.50,9.2210
1695.00,9.1569
1695.50,9.0971
1696.00,9.0494
1696.50,9.0181
1697.00,9.0054
1697.50,9.0097
1698.00,9.0247
1698.50,9.0421
1699.00,9.0574
1699.50,9.0719
1700.00,9.0896
1700.50,9.1117
1701.00,9.1330
1701.50,9.1458
1702.00,9.1470
1702.50,9.1411
1703.00,9.1353
1703.50,9.1327
1704.00,9.1308
1704.50,9.1249
1705.00,9.1136
1705.50,9.0989
1706.00,9.0844
1706.50,9.0729
1707.00,9.0643
1707.50,9.0560
1708.00,9.0450
1708.50,9.0309
1709.00,9.0165
1709.50,9.0061
1710.00,9.0022
1710.50,9.0058
1711.00,9.0159
1711.50,9.0302
1712.00,9.0465
1712.50,9.0638
1713.00,9.0825
1713.50,9.1037
1714.00,9.1282
1714.50,9.1551
1715.00,9.1798
1715.50,9.1937
1716.00,9.1883
1716.50,9.1611
1717.00,9.1199
1717.50,9.0787
1718.00,9.0496
1718.50,9.0376
1719.00,9.0426
1719.50,9.0628
1720.00,9.0951
1720.50,9.1320
1721.00,9.1616
1721.50,9.1715
1722.00,9.1561
1722.50,9.1207
1723.00,9.0789
1723.50,9.0446
1724.00,9.0247
1724.50,9.0174
1725.00,9.0169
1725.50,9.0182
1726.00,9.0191
1726.50,9.0196
1727.00,9.0230
1727.50,9.0323
1728.00,9.0460
1728.50,9.0570
1729.00,9.0566
1729.50,9.0420
1730.00,9.0175
1730.50,8.9911
1731.00,8.9676
1731.50,8.9485
1732.00,8.9358
1732.50,8.9335
1733.00,8.9441
1733.50,8.9641
1734.00,8.9853
1734.50,9.0021
1735.00,9.0137
1735.50,9.0202
1736.00,9.0181
1736.50,9.0042
1737.00,8.9813
1737.50,8.9606
1738.00,8.9529
1738.50,8.9617
1739.00,8.9826
1739.50,9.0079
1740.00,9.0309
1740.50,9.0462
1741.00,9.0518
1741.50,9.0498
1742.00,9.0450
1742.50,9.0423
1743.00,9.0456
1743.50,9.0586
1744.00,9.0835
1744.50,9.1184
1745.00,9.1566
1745.50,9.1885
1746.00,9.2071
1746.50,9.2123
1747.00,9.2099
1747.50,9.2069
1748.00,9.2084
1748.50,9.2179
1749.00,9.2381
1749.50,9.2683
1750.00,9.3025
1750.50,9.3303
1751.00,9.3431
1751.50,9.3374
1752.00,9.3148
1752.50,9.2804
1753.00,9.2432
1753.50,9.2140
1754.00,9.2002
1754.50,9.2008
1755.00,9.2068
1755.50,9.2080
1756.00,9.2000
1756.50,9.1850
1757.00,9.1691
1757.50,9.1585
1758.00,9.1565
1758.50,9.1627
1759.00,9.1749
1759.50,9.1920
1760.00,9.2124
1760.50,9.2315
1761.00,9.2399
1761.50,9.2290
1762.00,9.1983
1762.50,9.1580
1763.00,9.1238
1763.50,9.1094
1764.00,9.1207
1764.50,9.1538
1765.00,9.1977
1765.50,9.2391
1766.00,9.2691
1766.50,9.2856
1767.00,9.2920
1767.50,9.2933
1768.00,9.2942
1768.50,9.2978
1769.00,9.3057
1769.50,9.3187
1770.00,9.3393
1770.50,9.3710
1771.00,9.4128
1771.50,9.4553
1772.00,9.4827
1772.50,9.4822
1773.00,9.4513
1773.50,9.3989
1774.00,9.3412
1774.50,9.2960
1775.00,9.2758
1775.50,9.2832
1776.00,9.3080
1776.50,9.3331
1777.00,9.3446
1777.50,9.3397
1778.00,9.3254
1778.50,9.3117
1779.00,9.3038
1779.50,9.3004
1780.00,9.2965
1780.50,9.2879
1781.00,9.2728
1781.50,9.2528
1782.00,9.2312
1782.50,9.2130
1783.00,9.2043
1783.50,9.2099
1784.00,9.2301
1784.50,9.2598
1785.00,9.2911
1785.50,9.3174
1786.00,9.3351
1786.50,9.3424
1787.00,9.3378
1787.50,9.3211
1788.00,9.2958
1788.50,9.2693
1789.00,9.2489
1789.50,9.2361
1790.00,9.2275
1790.50,9.2210
1791.00,9.2201
1791.50,9.2284
1792.00,9.2430
1792.50,9.2538
1793.00,9.2506
1793.50,9.2307
1794.00,9.2006
1794.50,9.1713
1795.00,9.1526
1795.50,9.1486
1796.00,9.1565
1796.50,9.1690
1797.00,9.1778
1797.50,9.1782
1798.00,9.1721
1798.50,9.1669
1799.00,9.1692
1799.50,9.1772
1800.00,9.1817
1800.50,9.1748
1801.00,9.1589
1801.50,9.1440
1802.00,9.1365
1802.50,9.1320
1803.00,9.1201
1803.50,9.0948
1804.00,9.0585
1804.50,9.0183
1805.00,8.9824
1805.50,8.9583
1806.00,8.9515
1806.50,8.9624
1807.00,8.9849
1807.50,9.0076
1808.00,9.0191
1808.50,9.0144
1809.00,8.9990
1809.50,8.9859
1810.00,8.9856
1810.50,8.9983
1811.00,9.0156
1811.50,9.0292
1812.00,9.0364
1812.50,9.0401
1813.00,9.0444
1813.50,9.0523
1814.00,9.0627
1814.50,9.0694
1815.00,9.0649
1815.50,9.0485
1816.00,9.0283
1816.50,9.0148
1817.00,9.0124
1817.50,9.0197
1818.00,9.0353
1818.50,9.0590
1819.00,9.0873
1819.50,9.1116
1820.00,9.1225
1820.50,9.1157
1821.00,9.0933
1821.50,9.0626
1822.00,9.0354
1822.50,9.0240
1823.00,9.0345
1823.50,9.0625
1824.00,9.0967
1824.50,9.1267
1825.00,9.1492
1825.50,9.1661
1826.00,9.1809
1826.50,9.1966
1827.00,9.2140
1827.50,9.2308
1828.00,9.2428
1828.50,9.2483
1829.00,9.2513
1829.50,9.2601
1830.00,9.2826
1830.50,9.3203
1831.00,9.3664
1831.50,9.4096
1832.00,9.4419
1832.50,9.4618
1833.00,9.4724
1833.50,9.4765
1834.00,9.4749
1834.50,9.4691
1835.00,9.4638
1835.50,9.4628
1836.00,9.4660
1836.50,9.4692
1837.00,9.4695
1837.50,9.4679
1838.00,9.4690
1838.50,9.4779
1839.00,9.4981
1839.50,9.5296
1840.00,9.5675
1840.50,9.6039
1841.00,9.6305
1841.50,9.6427
1842.00,9.6420
1842.50,9.6349
1843.00,9.6298
1843.50,9.6327
1844.00,9.6442
1844.50,9.6602
1845.00,9.6749
1845.50,9.6857
1846.00,9.6957
1846.50,9.7110
1847.00,9.7348
1847.50,9.7656
1848.00,9.8000
1848.50,9.8345
1849.00,9.8658
1849.50,9.8908
1850.00,9.9070
1850.50,9.9128
1851.00,9.9058
1851.50,9.8835
1852.00,9.8469
1852.50,9.8026
1853.00,9.7590
1853.50,9.7219
1854.00,9.6939
1854.50,9.6770
1855.00,9.6747
1855.50,9.6898
1856.00,9.7228
1856.50,9.7713
1857.00,9.8306
1857.50,9.8942
1858.00,9.9556
1858.50,10.0108
1859.00,10.0597
1859.50,10.1032
1860.00,10.1409
1860.50,10.1731
1861.00,10.2046
1861.50,10.2445
1862.00,10.3002
1862.50,10.3731
1863.00,10.4574
1863.50,10.5458
1864.00,10.6343
1864.50,10.7260
1865.00,10.8282
1865.50,10.9466
1866.00,11.0789
1866.50,11.2164
1867.00,11.3481
1867.50,11.4666
1868.00,11.5702
1868.50,11.6646
1869.00,11.7608
1869.50,11.8709
1870.00,12.0006
1870.50,12.1474
1871.00,12.3043
1871.50,12.4664
1872.00,12.6333
1872.50,12.8053
1873.00,12.9809
1873.50,13.1579
1874.00,13.3361
1874.50,13.5174
1875.00,13.7025
1875.50,13.8882
1876.00,14.0696
1876.50,14.2453
1877.00,14.4186
1877.50,14.5948
1878.00,14.7787
1878.50,14.9739
1879.00,15.1818
1879.50,15.4002
1880.00,15.6230
1880.50,15.8438
1881.00,16.0595
1881.50,16.2726
1882.00,16.4877
1882.50,16.7087
1883.00,16.9364
1883.50,17.1704
1884.00,17.4123
1884.50,17.6659
1885.00,17.9343
1885.50,18.2147
1886.00,18.4972
1886.50,18.7713
1887.00,19.0322
1887.50,19.2832
1888.00,19.5302
1888.50,19.7762
1889.00,20.0212
1889.50,20.2657
1890.00,20.5115
1890.50,20.7584
1891.00,21.0026
1891.50,21.2419
1892.00,21.4774
1892.50,21.7099
1893.00,21.9335
1893.50,22.1359
1894.00,22.3080
1894.50,22.4509
1895.00,22.5752
1895.50,22.6925
1896.00,22.8058
1896.50,22.9070
1897.00,22.9806
1897.50,23.0117
1898.00,22.9929
1898.50,22.9241
1899.00,22.8093
1899.50,22.6499
1900.00,22.4429
1900.50,22.1820
1901.00,21.8618
1901.50,21.4812
1902.00,21.0430
1902.50,20.5517
1903.00,20.0117
1903.50,19.4284
1904.00,18.8080
1904.50,18.1574
1905.00,17.4826
1905.50,16.7877
1906.00,16.0763
1906.50,15.3551
1907.00,14.6377
1907.50,13.9447
1908.00,13.2980
1908.50,12.7123
1909.00,12.1904
1909.50,11.7262
1910.00,11.3120
1910.50,10.9434
1911.00,10.6204
1911.50,10.3440
1912.00,10.1135
1912.50,9.9262
1913.00,9.7780
1913.50,9.6641
1914.00,9.5789
1914.50,9.5170
1915.00,9.4746
1915.50,9.4510
1916.00,9.4477
1916.50,9.4643
1917.00,9.4960
1917.50,9.5333
1918.00,9.5674
1918.50,9.5957
1919.00,9.6227
1919.50,9.6549
1920.00,9.6940
1920.50,9.7362
1921.00,9.7757
1921.50,9.8098
1922.00,9.8400
1922.50,9.8697
1923.00,9.9025
1923.50,9.9401
1924.00,9.9817
1924.50,10.0235
1925.00,10.0587
1925.50,10.0798
1926.00,10.0821
1926.50,10.0681
1927.00,10.0462
1927.50,10.0264
1928.00,10.0141
1928.50,10.0110
1929.00,10.0197
1929.50,10.0449
1930.00,10.0870
1930.50,10.1365
1931.00,10.1792
1931.50,10.2074
1932.00,10.2262
1932.50,10.2485
1933.00,10.2850
1933.50,10.3383
1934.00,10.4026
1934.50,10.4679
1935.00,10.5247
1935.50,10.5667
1936.00,10.5922
1936.50,10.6035
1937.00,10.6051
1937.50,10.6037
1938.00,10.6049
1938.50,10.6121
1939.00,10.6240
1939.50,10.6364
1940.00,10.6458
1940.50,10.6532
1941.00,10.6635
1941.50,10.6805
1942.00,10.7029
1942.50,10.7258
1943.00,10.7459
1943.50,10.7650
1944.00,10.7883
1944.50,10.8189
1945.00,10.8542
1945.50,10.8867
1946.00,10.9086
1946.50,10.9158
1947.00,10.9114
1947.50,10.9050
1948.00,10.9069
1948.50,10.9209
1949.00,10.9426
1949.50,10.9626
1950.00,10.9734
1950.50,10.9725
1951.00,10.9607
1951.50,10.9401
1952.00,10.9130
1952.50,10.8835
1953.00,10.8566
1953.50,10.8364
1954.00,10.8215
1954.50,10.8066
1955.00,10.7869
1955.50,10.7618
1956.00,10.7349
1956.50,10.7106
1957.00,10.6910
1957.50,10.6764
1958.00,10.6659
1958.50,10.6578
1959.00,10.6476
1959.50,10.6281
1960.00,10.5944
1960.50,10.5502
1961.00,10.5065
1961.50,10.4719
1962.00,10.4440
1962.50,10.4137
1963.00,10.3747
1963.50,10.3287
1964.00,10.2825
1964.50,10.2417
1965.00,10.2080
1965.50,10.1795
1966.00,10.1529
1966.50,10.1240
1967.00,10.0895
1967.50,10.0481
1968.00,10.0001
1968.50,9.9465
1969.00,9.8871
1969.50,9.8231
1970.00,9.7600
1970.50,9.7072
1971.00,9.6717
1971.50,9.6533
1972.00,9.6466
1972.50,9.6466
1973.00,9.6516
1973.50,9.6603
1974.00,9.6715
1974.50,9.6850
1975.00,9.7015
1975.50,9.7204
1976.00,9.7378
1976.50,9.7473
1977.00,9.7438
1977.50,9.7260
1978.00,9.6969
1978.50,9.6620
1979.00,9.6264
1979.50,9.5940
1980.00,9.5672
1980.50,9.5454
1981.00,9.5247
1981.50,9.5007
1982.00,9.4740
1982.50,9.4539
1983.00,9.4533
1983.50,9.4789
1984.00,9.5227
1984.50,9.5648
1985.00,9.5840
1985.50,9.5700
1986.00,9.5279
1986.50,9.4745
1987.00,9.4277
1987.50,9.3981
1988.00,9.3866
1988.50,9.3865
1989.00,9.3895
1989.50,9.3906
1990.00,9.3907
1990.50,9.3942
1991.00,9.4031
1991.50,9.4144
1992.00,9.4223
1992.50,9.4231
1993.00,9.4181
1993.50,9.4112
1994.00,9.4048
1994.50,9.3992
1995.00,9.3942
1995.50,9.3905
1996.00,9.3892
1996.50,9.3902
1997.00,9.3927
1997.50,9.3983
1998.00,9.4121
1998.50,9.4381
1999.00,9.4743
1999.50,9.5092
2000.00,9.5288
2000.50,9.5278
2001.00,9.5142
2001.50,9.5004
2002.00,9.4914
2002.50,9.4815
2003.00,9.4622
2003.50,9.4306
2004.00,9.3919
2004.50,9.3572
2005.00,9.3394
2005.50,9.3484
2006.00,9.3851
2006.50,9.4394
2007.00,9.4947
2007.50,9.5353
2008.00,9.5516
2008.50,9.5427
2009.00,9.5144
2009.50,9.4766
2010.00,9.4399
2010.50,9.4134
2011.00,9.4031
2011.50,9.4093
2012.00,9.4247
2012.50,9.4353
2013.00,9.4290
2013.50,9.4041
2014.00,9.3689
2014.50,9.3334
2015.00,9.3047
2015.50,9.2872
2016.00,9.2845
2016.50,9.2964
2017.00,9.3170
2017.50,9.3371
2018.00,9.3485
2018.50,9.3457
2019.00,9.3262
2019.50,9.2919
2020.00,9.2508
2020.50,9.2144
2021.00,9.1895
2021.50,9.1720
2022.00,9.1506
2022.50,9.1178
2023.00,9.0779
2023.50,9.0435
2024.00,9.0264
2024.50,9.0284
2025.00,9.0417
2025.50,9.0556
2026.00,9.0662
2026.50,9.0781
2027.00,9.0987
2027.50,9.1300
2028.00,9.1657
2028.50,9.1950
2029.00,9.2087
2029.50,9.2041
2030.00,9.1854
2030.50,9.1601
2031.00,9.1333
2031.50,9.1059
2032.00,9.0764
2032.50,9.0463
2033.00,9.0213
2033.50,9.0092
2034.00,9.0130
2034.50,9.0269
2035.00,9.0398
2035.50,9.0447
2036.00,9.0441
2036.50,9.0459
2037.00,9.0549
2037.50,9.0690
2038.00,9.0831
2038.50,9.0943
2039.00,9.1023
2039.50,9.1064
2040.00,9.1063
2040.50,9.1040
2041.00,9.1054
2041.50,9.1160
2042.00,9.1363
2042.50,9.1601
2043.00,9.1772
2043.50,9.1803
2044.00,9.1688
2044.50,9.1507
2045.00,9.1375
2045.50,9.1381
2046.00,9.1551
2046.50,9.1842
2047.00,9.2168
2047.50,9.2443
2048.00,9.2629
2048.50,9.2738
2049.00,9.2807
2049.50,9.2843
2050.00,9.2802
2050.50,9.2624
2051.00,9.2311
2051.50,9.1968
2052.00,9.1751
2052.50,9.1767
2053.00,9.2013
2053.50,9.2415
2054.00,9.2905
2054.50,9.3427
2055.00,9.3911
2055.50,9.4267
2056.00,9.4424
2056.50,9.4366
2057.00,9.4126
2057.50,9.3758
2058.00,9.3326
2058.50,9.2889
2059.00,9.2500
2059.50,9.2208
2060.00,9.2049
2060.50,9.2027
2061.00,9.2092
2061.50,9.2155
2062.00,9.2144
2062.50,9.2030
2063.00,9.1818
2063.50,9.1518
2064.00,9.1142
2064.50,9.0736
2065.00,9.0391
2065.50,9.0210
2066.00,9.0223
2066.50,9.0359
2067.00,9.0509
2067.50,9.0620
2068.00,9.0716
2068.50,9.0848
2069.00,9.1021
2069.50,9.1199
2070.00,9.1357
2070.50,9.1499
2071.00,9.1638
2071.50,9.1747
2072.00,9.1752
2072.50,9.1586
2073.00,9.1259
2073.50,9.0869
2074.00,9.0537
2074.50,9.0337
2075.00,9.0269
2075.50,9.0293
2076.00,9.0359
2076.50,9.0441
2077.00,9.0562
2077.50,9.0790
2078.00,9.1158
2078.50,9.1597
2079.00,9.1948
2079.50,9.2088
2080.00,9.2020
2080.50,9.1868
2081.00,9.1770
2081.50,9.1798
2082.00,9.1938
2082.50,9.2124
2083.00,9.2281
2083.50,9.2366
2084.00,9.2396
2084.50,9.2431
2085.00,9.2522
2085.50,9.2664
2086.00,9.2802
2086.50,9.2893
2087.00,9.2941
2087.50,9.2985
2088.00,9.3064
2088.50,9.3197
2089.00,9.3380
2089.50,9.3583
2090.00,9.3780
2090.50,9.3968
2091.00,9.4169
2091.50,9.4380
2092.00,9.4545
2092.50,9.4607
2093.00,9.4585
2093.50,9.4590
2094.00,9.4751
2094.50,9.5132
2095.00,9.5708
2095.50,9.6396
2096.00,9.7107
2096.50,9.7780
2097.00,9.8409
2097.50,9.9054
2098.00,9.9805
2098.50,10.0725
2099.00,10.1816
2099.50,10.3032
2100.00,10.4309
2100.50,10.5581
2101.00,10.6801
2101.50,10.7960
2102.00,10.9099
2102.50,11.0298
2103.00,11.1634
2103.50,11.3159
2104.00,11.4880
2104.50,11.6769
2105.00,11.8787
2105.50,12.0898
2106.00,12.3095
2106.50,12.5401
2107.00,12.7858
2107.50,13.0473
2108.00,13.3175
2108.50,13.5841
2109.00,13.8395
2109.50,14.0862
2110.00,14.3336
2110.50,14.5910
2111.00,14.8650
2111.50,15.1609
2112.00,15.4820
2112.50,15.8256
2113.00,16.1837
2113.50,16.5469
2114.00,16.9118
2114.50,17.2804
2115.00,17.6552
2115.50,18.0335
2116.00,18.4087
2116.50,18.7763
2117.00,19.1389
2117.50,19.5061
2118.00,19.8892
2118.50,20.2963
2119.00,20.7281
2119.50,21.1777
2120.00,21.6330
2120.50,22.0809
2121.00,22.5134
2121.50,22.9320
2122.00,23.3443
2122.50,23.7562
2123.00,24.1677
2123.50,24.5762
2124.00,24.9825
2124.50,25.3899
2125.00,25.8018
2125.50,26.2199
2126.00,26.6453
2126.50,27.0774
2127.00,27.5119
2127.50,27.9416
2128.00,28.3623
2128.50,28.7768
2129.00,29.1902
2129.50,29.6041
2130.00,30.0139
2130.50,30.4153
2131.00,30.8091
2131.50,31.2027
2132.00,31.6052
2132.50,32.0211
2133.00,32.4456
2133.50,32.8676
2134.00,33.2772
2134.50,33.6730
2135.00,34.0620
2135.50,34.4534
2136.00,34.8520
2136.50,35.2551
2137.00,35.6566
2137.50,36.0522
2138.00,36.4436
2138.50,36.8375
2139.00,37.2409
2139.50,37.6554
2140.00,38.0743
2140.50,38.4874
2141.00,38.8898
2141.50,39.2878
2142.00,39.6929
2142.50,40.1105
2143.00,40.5348
2143.50,40.9561
2144.00,41.3705
2144.50,41.7821
2145.00,42.1969
2145.50,42.6171
2146.00,43.0390
2146.50,43.4567
2147.00,43.8673
2147.50,44.2740
2148.00,44.6838
2148.50,45.1019
2149.00,45.5261
2149.50,45.9474
2150.00,46.3565
2150.50,46.7509
2151.00,47.1370
2151.50,47.5258
2152.00,47.9255
2152.50,48.3369
2153.00,48.7553
2153.50,49.1760
2154.00,49.5971
2154.50,50.0182
2155.00,50.4382
2155.50,50.8557
2156.00,51.2719
2156.50,51.6906
2157.00,52.1149
2157.50,52.5429
2158.00,52.9677
2158.50,53.3816
2159.00,53.7794
2159.50,54.1580
2160.00,54.5157
2160.50,54.8510
2161.00,55.1621
2161.50,55.4419
2162.00,55.6744
2162.50,55.8358
2163.00,55.8992
2163.50,55.8383
2164.00,55.6276
2164.50,55.2405
2165.00,54.6490
2165.50,53.8248
2166.00,52.7439
2166.50,51.3904
2167.00,49.7579
2167.50,47.8484
2168.00,45.6760
2168.50,43.2738
2169.00,40.6966
2169.50,38.0123
2170.00,35.2874
2170.50,32.5786
2171.00,29.9330
2171.50,27.3909
2172.00,24.9836
2172.50,22.7311
2173.00,20.6452
2173.50,18.7366
2174.00,17.0194
2174.50,15.5062
2175.00,14.2021
2175.50,13.1015
2176.00,12.1909
2176.50,11.4533
2177.00,10.8687
2177.50,10.4146
2178.00,10.0670
2178.50,9.8052
2179.00,9.6137
2179.50,9.4803
2180.00,9.3928
2180.50,9.3388
2181.00,9.3056
2181.50,9.2818
2182.00,9.2593
2182.50,9.2346
2183.00,9.2090
2183.50,9.1863
2184.00,9.1692
2184.50,9.1582
2185.00,9.1542
2185.50,9.1588
2186.00,9.1727
2186.50,9.1911
2187.00,9.2054
2187.50,9.2089
2188.00,9.2022
2188.50,9.1924
2189.00,9.1865
2189.50,9.1868
2190.00,9.1900
2190.50,9.1905
2191.00,9.1852
2191.50,9.1766
2192.00,9.1718
2192.50,9.1761
2193.00,9.1876
2193.50,9.1982
2194.00,9.2001
2194.50,9.1916
2195.00,9.1763
2195.50,9.1574
2196.00,9.1349
2196.50,9.1083
2197.00,9.0813
2197.50,9.0628
2198.00,9.0600
2198.50,9.0715
2199.00,9.0872
2199.50,9.0952
2200.00,9.0901
2200.50,9.0753
2201.00,9.0576
2201.50,9.0418
2202.00,9.0280
2202.50,9.0153
2203.00,9.0048
2203.50,8.9991
2204.00,8.9994
2204.50,9.0038
2205.00,9.0082
2205.50,9.0086
2206.00,9.0032
2206.50,8.9938
2207.00,8.9839
2207.50,8.9749
2208.00,8.9652
2208.50,8.9517
2209.00,8.9343
2209.50,8.9161
2210.00,8.9006
2210.50,8.8883
2211.00,8.8769
2211.50,8.8632
2212.00,8.8440
2212.50,8.8182
2213.00,8.7878
2213.50,8.7577
2214.00,8.7332
2214.50,8.7181
2215.00,8.7154
2215.50,8.7271
2216.00,8.7541
2216.50,8.7930
2217.00,8.8351
2217.50,8.8701
2218.00,8.8924
2218.50,8.9051
2219.00,8.9156
2219.50,8.9272
2220.00,8.9359
2220.50,8.9352
2221.00,8.9249
2221.50,8.9129
2222.00,8.9075
2222.50,8.9089
2223.00,8.9065
2223.50,8.8889
2224.00,8.8578
2224.50,8.8303
2225.00,8.8249
2225.50,8.8435
2226.00,8.8691
2226.50,8.8802
2227.00,8.8688
2227.50,8.8436
2228.00,8.8210
2228.50,8.8134
2229.00,8.8238
2229.50,8.8471
2230.00,8.8741
2230.50,8.8958
2231.00,8.9054
2231.50,8.8997
2232.00,8.8802
2232.50,8.8522
2233.00,8.8229
2233.50,8.7990
2234.00,8.7865
2234.50,8.7900
2235.00,8.8101
2235.50,8.8413
2236.00,8.8744
2236.50,8.9014
2237.00,8.9205
2237.50,8.9345
2238.00,8.9468
2238.50,8.9597
2239.00,8.9749
2239.50,8.9929
2240.00,9.0103
2240.50,9.0193
2241.00,9.0126
2241.50,8.9901
2242.00,8.9597
2242.50,8.9319
2243.00,8.9130
2243.50,8.9042
2244.00,8.9060
2244.50,8.9195
2245.00,8.9421
2245.50,8.9640
2246.00,8.9714
2246.50,8.9552
2247.00,8.9170
2247.50,8.8674
2248.00,8.8189
2248.50,8.7805
2249.00,8.7561
2249.50,8.7466
2250.00,8.7502
2250.50,8.7636
2251.00,8.7809
2251.50,8.7966
2252.00,8.8078
2252.50,8.8181
2253.00,8.8344
2253.50,8.8596
2254.00,8.8863
2254.50,8.9002
2255.00,8.8912
2255.50,8.8628
2256.00,8.8304
2256.50,8.8110
2257.00,8.8128
2257.50,8.8318
2258.00,8.8535
2258.50,8.8620
2259.00,8.8490
2259.50,8.8186
2260.00,8.7834
2260.50,8.7564
2261.00,8.7448
2261.50,8.7497
2262.00,8.7681
2262.50,8.7943
2263.00,8.8200
2263.50,8.8360
2264.00,8.8351
2264.50,8.8154
2265.00,8.7819
2265.50,8.7452
2266.00,8.7181
2266.50,8.7101
2267.00,8.7233
2267.50,8.7511
2268.00,8.7820
2268.50,8.8033
2269.00,8.8061
2269.50,8.7896
2270.00,8.7626
2270.50,8.7396
2271.00,8.7331
2271.50,8.7453
2272.00,8.7679
2272.50,8.7887
2273.00,8.7999
2273.50,8.8018
2274.00,8.8003
2274.50,8.8026
2275.00,8.8147
2275.50,8.8373
2276.00,8.8648
2276.50,8.8886
2277.00,8.9032
2277.50,8.9086
2278.00,8.9078
2278.50,8.9015
2279.00,8.8887
2279.50,8.8699
2280.00,8.8490
2280.50,8.8314
2281.00,8.8193
2281.50,8.8106
2282.00,8.8016
2282.50,8.7934
2283.00,8.7932
2283.50,8.8095
2284.00,8.8428
2284.50,8.8808
2285.00,8.9061
2285.50,8.9107
2286.00,8.9025
2286.50,8.8976
2287.00,8.9060
2287.50,8.9251
2288.00,8.9455
2288.50,8.9584
2289.00,8.9585
2289.50,8.9439
2290.00,8.9175
2290.50,8.8885
2291.00,8.8681
2291.50,8.8633
2292.00,8.8734
2292.50,8.8929
2293.00,8.9160
2293.50,8.9380
2294.00,8.9538
2294.50,8.9578
2295.00,8.9475
2295.50,8.9279
2296.00,8.9106
2296.50,8.9081
2297.00,8.9269
2297.50,8.9641
2298.00,9.0084
2298.50,9.0450
2299.00,9.0621
2299.50,9.0562
2300.00,9.0330
2300.50,9.0039
2301.00,8.9804
2301.50,8.9696
2302.00,8.9727
2302.50,8.9846
2303.00,8.9968
2303.50,9.0015
2304.00,8.9940
2304.50,8.9728
2305.00,8.9392
2305.50,8.8988
2306.00,8.8620
2306.50,8.8396
2307.00,8.8372
2307.50,8.8518
2308.00,8.8735
2308.50,8.8911
2309.00,8.8978
2309.50,8.8946
2310.00,8.8881
2310.50,8.8842
2311.00,8.8844
2311.50,8.8853
2312.00,8.8833
2312.50,8.8758
2313.00,8.8605
2313.50,8.8363
2314.00,8.8059
2314.50,8.7773
2315.00,8.7603
2315.50,8.7599
2316.00,8.7724
2316.50,8.7880
2317.00,8.7977
2317.50,8.7985
2318.00,8.7937
2318.50,8.7878
2319.00,8.7818
2319.50,8.7739
2320.00,8.7630
2320.50,8.7519
2321.00,8.7460
2321.50,8.7492
2322.00,8.7600
2322.50,8.7715
2323.00,8.7766
2323.50,8.7723
2324.00,8.7620
2324.50,8.7523
2325.00,8.7485
2325.50,8.7508
2326.00,8.7543
2326.50,8.7531
2327.00,8.7445
2327.50,8.7299
2328.00,8.7136
2328.50,8.7017
2329.00,8.7003
2329.50,8.7121
2330.00,8.7332
2330.50,8.7541
2331.00,8.7664
2331.50,8.7686
2332.00,8.7656
2332.50,8.7627
2333.00,8.7606
2333.50,8.7566
2334.00,8.7491
2334.50,8.7396
2335.00,8.7319
2335.50,8.7281
2336.00,8.7277
2336.50,8.7287
2337.00,8.7316
2337.50,8.7399
2338.00,8.7561
2338.50,8.7769
2339.00,8.7924
2339.50,8.7931
2340.00,8.7779
2340.50,8.7543
2341.00,8.7320
2341.50,8.7158
2342.00,8.7054
2342.50,8.6992
2343.00,8.6962
2343.50,8.6959
2344.00,8.6966
2344.50,8.6943
2345.00,8.6859
2345.50,8.6719
2346.00,8.6587
2346.50,8.6546
2347.00,8.6650
2347.50,8.6875
2348.00,8.7127
2348.50,8.7298
2349.00,8.7354
2349.50,8.7369
2350.00,8.7455
2350.50,8.7663
2351.00,8.7953
2351.50,8.8251
2352.00,8.8509
2352.50,8.8703
2353.00,8.8815
2353.50,8.8833
2354.00,8.8792
2354.50,8.8768
2355.00,8.8819
2355.50,8.8930
2356.00,8.9014
2356.50,8.8999
2357.00,8.8893
2357.50,8.8778
2358.00,8.8734
2358.50,8.8772
2359.00,8.8835
2359.50,8.8847
2360.00,8.8765
2360.50,8.8613
2361.00,8.8460
2361.50,8.8370
2362.00,8.8366
2362.50,8.8431
2363.00,8.8548
2363.50,8.8714
2364.00,8.8922
2364.50,8.9129
2365.00,8.9261
2365.50,8.9256
2366.00,8.9091
2366.50,8.8783
2367.00,8.8383
2367.50,8.7978
2368.00,8.7663
2368.50,8.7482
2369.00,8.7393
2369.50,8.7306
2370.00,8.7170
2370.50,8.7020
2371.00,8.6945
2371.50,8.7004
2372.00,8.7152
2372.50,8.7264
2373.00,8.7227
2373.50,8.7022
2374.00,8.6722
2374.50,8.6429
2375.00,8.6216
2375.50,8.6128
2376.00,8.6197
2376.50,8.6406
2377.00,8.6652
2377.50,8.6804
2378.00,8.6797
2378.50,8.6675
2379.00,8.6531
2379.50,8.6409
2380.00,8.6277
2380.50,8.6085
2381.00,8.5824
2381.50,8.5559
2382.00,8.5383
2382.50,8.5363
2383.00,8.5507
2383.50,8.5776
2384.00,8.6116
2384.50,8.6483
2385.00,8.6853
2385.50,8.7209
2386.00,8.7537
2386.50,8.7827
2387.00,8.8085
2387.50,8.8323
2388.00,8.8539
2388.50,8.8701
2389.00,8.8769
2389.50,8.8737
2390.00,8.8662
2390.50,8.8621
2391.00,8.8658
2391.50,8.8760
2392.00,8.8883
2392.50,8.8989
2393.00,8.9056
2393.50,8.9069
2394.00,8.9017
2394.50,8.8890
2395.00,8.8682
2395.50,8.8407
2396.00,8.8128
2396.50,8.7931
2397.00,8.7876
2397.50,8.7947
2398.00,8.8087
2398.50,8.8254
2399.00,8.8443
2399.50,8.8640
2400.00,8.8782
2400.50,8.8780
2401.00,8.8581
2401.50,8.8203
2402.00,8.7731
2402.50,8.7279
2403.00,8.6935
2403.50,8.6705
2404.00,8.6495
2404.50,8.6205
2405.00,8.5830
2405.50,8.5479
2406.00,8.5282
2406.50,8.5281
2407.00,8.5425
2407.50,8.5629
2408.00,8.5837
2408.50,8.6016
2409.00,8.6133
2409.50,8.6158
2410.00,8.6103
2410.50,8.6032
2411.00,8.6028
2411.50,8.6140
2412.00,8.6366
2412.50,8.6653
2413.00,8.6906
2413.50,8.7019
2414.00,8.6935
2414.50,8.6685
2415.00,8.6372
2415.50,8.6100
2416.00,8.5927
2416.50,8.5855
2417.00,8.5855
2417.50,8.5884
2418.00,8.5898
2418.50,8.5874
2419.00,8.5831
2419.50,8.5831
2420.00,8.5929
2420.50,8.6103
2421.00,8.6250
2421.50,8.6268
2422.00,8.6138
2422.50,8.5956
2423.00,8.5857
2423.50,8.5933
2424.00,8.6188
2424.50,8.6539
2425.00,8.6850
2425.50,8.6991
2426.00,8.6910
2426.50,8.6669
2427.00,8.6419
2427.50,8.6291
2428.00,8.6323
2428.50,8.6459
2429.00,8.6628
2429.50,8.6802
2430.00,8.6985
2430.50,8.7159
2431.00,8.7262
2431.50,8.7224
2432.00,8.7033
2432.50,8.6759
2433.00,8.6508
2433.50,8.6352
2434.00,8.6293
2434.50,8.6305
2435.00,8.6370
2435.50,8.6483
2436.00,8.6614
2436.50,8.6707
2437.00,8.6727
2437.50,8.6724
2438.00,8.6803
2438.50,8.7040
2439.00,8.7409
2439.50,8.7802
2440.00,8.8112
2440.50,8.8290
2441.00,8.8336
2441.50,8.8244
2442.00,8.7980
2442.50,8.7540
2443.00,8.7004
2443.50,8.6515
2444.00,8.6191
2444.50,8.6078
2445.00,8.6170
2445.50,8.6455
2446.00,8.6905
2446.50,8.7438
2447.00,8.7915
2447.50,8.8208
2448.00,8.8277
2448.50,8.8190
2449.00,8.8064
2449.50,8.7983
2450.00,8.7952
2450.50,8.7932
2451.00,8.7907
2451.50,8.7916
2452.00,8.8012
2452.50,8.8192
2453.00,8.8364
2453.50,8.8409
2454.00,8.8272
2454.50,8.8019
2455.00,8.7790
2455.50,8.7707
2456.00,8.7798
2456.50,8.7994
2457.00,8.8172
2457.50,8.8237
2458.00,8.8169
2458.50,8.8017
2459.00,8.7846
2459.50,8.7682
2460.00,8.7513
2460.50,8.7318
2461.00,8.7097
2461.50,8.6873
2462.00,8.6675
2462.50,8.6521
2463.00,8.6424
2463.50,8.6383
2464.00,8.6366
2464.50,8.6312
2465.00,8.6168
2465.50,8.5950
2466.00,8.5741
2466.50,8.5629
2467.00,8.5625
2467.50,8.5675
2468.00,8.5704
2468.50,8.5677
2469.00,8.5588
2469.50,8.5444
2470.00,8.5261
2470.50,8.5078
2471.00,8.4954
2471.50,8.4945
2472.00,8.5064
2472.50,8.5260
2473.00,8.5416
2473.50,8.5417
2474.00,8.5220
2474.50,8.4890
2475.00,8.4552
2475.50,8.4324
2476.00,8.4287
2476.50,8.4474
2477.00,8.4856
2477.50,8.5342
2478.00,8.5803
2478.50,8.6129
2479.00,8.6289
2479.50,8.6347
2480.00,8.6429
2480.50,8.6648
2481.00,8.7010
2481.50,8.7409
2482.00,8.7711
2482.50,8.7870
2483.00,8.7965
2483.50,8.8134
2484.00,8.8476
2484.50,8.8990
2485.00,8.9568
2485.50,9.0061
2486.00,9.0345
2486.50,9.0372
2487.00,9.0167
2487.50,8.9803
2488.00,8.9405
2488.50,8.9129
2489.00,8.9100
2489.50,8.9334
2490.00,8.9716
2490.50,9.0087
2491.00,9.0338
2491.50,9.0442
2492.00,9.0421
2492.50,9.0294
2493.00,9.0068
2493.50,8.9744
2494.00,8.9334
2494.50,8.8874
2495.00,8.8417
2495.50,8.7999
2496.00,8.7611
2496.50,8.7231
2497.00,8.6882
2497.50,8.6637
2498.00,8.6569
2498.50,8.6685
2499.00,8.6910
2499.50,8.7118
2500.00,8.7186
2500.50,8.7048
2501.00,8.6723
2501.50,8.6289
2502.00,8.5852
2502.50,8.5518
2503.00,8.5366
2503.50,8.5415
2504.00,8.5603
2504.50,8.5825
2505.00,8.5990
2505.50,8.6066
2506.00,8.6065
2506.50,8.6004
2507.00,8.5891
2507.50,8.5729
2508.00,8.5516
2508.50,8.5230
2509.00,8.4850
2509.50,8.4397
2510.00,8.3965
2510.50,8.3671
2511.00,8.3568
2511.50,8.3613
2512.00,8.3725
2512.50,8.3855
2513.00,8.3998
2513.50,8.4141
2514.00,8.4241
2514.50,8.4249
2515.00,8.4145
2515.50,8.3954
2516.00,8.3734
2516.50,8.3555
2517.00,8.3476
2517.50,8.3515
2518.00,8.3618
2518.50,8.3669
2519.00,8.3574
2519.50,8.3341
2520.00,8.3103
2520.50,8.3016
2521.00,8.3136
2521.50,8.3383
2522.00,8.3623
2522.50,8.3776
2523.00,8.3857
2523.50,8.3922
2524.00,8.3993
2524.50,8.4042
2525.00,8.4014
2525.50,8.3872
2526.00,8.3620
2526.50,8.3312
2527.00,8.3043
2527.50,8.2913
2528.00,8.2978
2528.50,8.3199
2529.00,8.3460
2529.50,8.3648
2530.00,8.3727
2530.50,8.3729
2531.00,8.3707
2531.50,8.3678
2532.00,8.3641
2532.50,8.3593
2533.00,8.3541
2533.50,8.3489
2534.00,8.3427
2534.50,8.3352
2535.00,8.3277
2535.50,8.3241
2536.00,8.3273
2536.50,8.3372
2537.00,8.3501
2537.50,8.3610
2538.00,8.3688
2538.50,8.3783
2539.00,8.3964
2539.50,8.4227
2540.00,8.4461
2540.50,8.4520
2541.00,8.4356
2541.50,8.4048
2542.00,8.3721
2542.50,8.3434
2543.00,8.3174
2543.50,8.2930
2544.00,8.2748
2544.50,8.2691
2545.00,8.2778
2545.50,8.2968
2546.00,8.3215
2546.50,8.3487
2547.00,8.3760
2547.50,8.3982
2548.00,8.4102
2548.50,8.4111
2549.00,8.4062
2549.50,8.4053
2550.00,8.4178
2550.50,8.4470
2551.00,8.4867
2551.50,8.5225
2552.00,8.5400
2552.50,8.5341
2553.00,8.5130
2553.50,8.4918
2554.00,8.4817
2554.50,8.4828
2555.00,8.4866
2555.50,8.4840
2556.00,8.4712
2556.50,8.4506
2557.00,8.4283
2557.50,8.4088
2558.00,8.3939
2558.50,8.3817
2559.00,8.3698
2559.50,8.3569
2560.00,8.3437
2560.50,8.3325
2561.00,8.3266
2561.50,8.3279
2562.00,8.3352
2562.50,8.3447
2563.00,8.3511
2563.50,8.3509
2564.00,8.3437
2564.50,8.3323
2565.00,8.3211
2565.50,8.3139
2566.00,8.3118
2566.50,8.3121
2567.00,8.3100
2567.50,8.3016
2568.00,8.2879
2568.50,8.2741
2569.00,8.2675
2569.50,8.2725
2570.00,8.2885
2570.50,8.3100
2571.00,8.3303
2571.50,8.3446
2572.00,8.3512
2572.50,8.3508
2573.00,8.3441
2573.50,8.3313
2574.00,8.3148
2574.50,8.3002
2575.00,8.2944
2575.50,8.2995
2576.00,8.3100
2576.50,8.3151
2577.00,8.3073
2577.50,8.2884
2578.00,8.2685
2578.50,8.2581
2579.00,8.2596
2579.50,8.2662
2580.00,8.2691
2580.50,8.2625
2581.00,8.2446
2581.50,8.2174
2582.00,8.1880
2582.50,8.1671
2583.00,8.1630
2583.50,8.1760
2584.00,8.1987
2584.50,8.2236
2585.00,8.2474
2585.50,8.2694
2586.00,8.2872
2586.50,8.2969
2587.00,8.2958
2587.50,8.2846
2588.00,8.2653
2588.50,8.2402
2589.00,8.2131
2589.50,8.1910
2590.00,8.1824
2590.50,8.1937
2591.00,8.2249
2591.50,8.2695
2592.00,8.3163
2592.50,8.3517
2593.00,8.3661
2593.50,8.3576
2594.00,8.3341
2594.50,8.3078
2595.00,8.2902
2595.50,8.2873
2596.00,8.2983
2596.50,8.3143
2597.00,8.3227
2597.50,8.3155
2598.00,8.2949
2598.50,8.2706
2599.00,8.2524
2599.50,8.2440
2600.00,8.2422
2600.50,8.2413
2601.00,8.2373
2601.50,8.2308
2602.00,8.2257
2602.50,8.2265
2603.00,8.2340
2603.50,8.2438
2604.00,8.2470
2604.50,8.2356
2605.00,8.2088
2605.50,8.1748
2606.00,8.1478
2606.50,8.1381
2607.00,8.1456
2607.50,8.1603
2608.00,8.1706
2608.50,8.1721
2609.00,8.1704
2609.50,8.1749
2610.00,8.1898
2610.50,8.2099
2611.00,8.2251
2611.50,8.2293
2612.00,8.2252
2612.50,8.2221
2613.00,8.2269
2613.50,8.2382
2614.00,8.2474
2614.50,8.2461
2615.00,8.2331
2615.50,8.2150
2616.00,8.2008
2616.50,8.1971
2617.00,8.2063
2617.50,8.2271
2618.00,8.2552
2618.50,8.2833
2619.00,8.3028
2619.50,8.3092
2620.00,8.3066
2620.50,8.3057
2621.00,8.3158
2621.50,8.3357
2622.00,8.3547
2622.50,8.3609
2623.00,8.3505
2623.50,8.3296
2624.00,8.3076
2624.50,8.2918
2625.00,8.2867
2625.50,8.2949
2626.00,8.3146
2626.50,8.3365
2627.00,8.3469
2627.50,8.3380
2628.00,8.3135
2628.50,8.2858
2629.00,8.2651
2629.50,8.2532
2630.00,8.2458
2630.50,8.2386
2631.00,8.2317
2631.50,8.2282
2632.00,8.2290
2632.50,8.2315
2633.00,8.2315
2633.50,8.2271
2634.00,8.2175
2634.50,8.2018
2635.00,8.1804
2635.50,8.1569
2636.00,8.1383
2636.50,8.1291
2637.00,8.1285
2637.50,8.1311
2638.00,8.1319
2638.50,8.1289
2639.00,8.1231
2639.50,8.1179
2640.00,8.1173
2640.50,8.1230
2641.00,8.1325
2641.50,8.1407
2642.00,8.1443
2642.50,8.1443
2643.00,8.1454
2643.50,8.1518
2644.00,8.1649
2644.50,8.1844
2645.00,8.2095
2645.50,8.2386
2646.00,8.2661
2646.50,8.2810
2647.00,8.2731
2647.50,8.2408
2648.00,8.1950
2648.50,8.1536
2649.00,8.1299
2649.50,8.1261
2650.00,8.1340
2650.50,8.1423
2651.00,8.1448
2651.50,8.1433
2652.00,8.1435
2652.50,8.1490
2653.00,8.1590
2653.50,8.1699
2654.00,8.1780
2654.50,8.1797
2655.00,8.1724
2655.50,8.1572
2656.00,8.1398
2656.50,8.1285
2657.00,8.1279
2657.50,8.1374
2658.00,8.1531
2658.50,8.1715
2659.00,8.1902
2659.50,8.2062
2660.00,8.2151
2660.50,8.2149
2661.00,8.2088
2661.50,8.2039
2662.00,8.2049
2662.50,8.2101
2663.00,8.2145
2663.50,8.2170
2664.00,8.2219
2664.50,8.2341
2665.00,8.2528
2665.50,8.2727
2666.00,8.2896
2666.50,8.3035
2667.00,8.3163
2667.50,8.3274
2668.00,8.3337
2668.50,8.3333
2669.00,8.3293
2669.50,8.3277
2670.00,8.3330
2670.50,8.3446
2671.00,8.3554
2671.50,8.3579
2672.00,8.3502
2672.50,8.3380
2673.00,8.3294
2673.50,8.3281
2674.00,8.3313
2674.50,8.3341
2675.00,8.3348
2675.50,8.3360
2676.00,8.3411
2676.50,8.3505
2677.00,8.3592
2677.50,8.3602
2678.00,8.3498
2678.50,8.3305
2679.00,8.3090
2679.50,8.2899
2680.00,8.2713
2680.50,8.2479
2681.00,8.2175
2681.50,8.1856
2682.00,8.1620
2682.50,8.1521
2683.00,8.1526
2683.50,8.1556
2684.00,8.1558
2684.50,8.1529
2685.00,8.1471
2685.50,8.1343
2686.00,8.1111
2686.50,8.0817
2687.00,8.0583
2687.50,8.0534
2688.00,8.0696
2688.50,8.0978
2689.00,8.1242
2689.50,8.1381
2690.00,8.1363
2690.50,8.1227
2691.00,8.1053
2691.50,8.0932
2692.00,8.0929
2692.50,8.1045
2693.00,8.1221
2693.50,8.1377
2694.00,8.1493
2694.50,8.1616
2695.00,8.1793
2695.50,8.1985
2696.00,8.2056
2696.50,8.1865
2697.00,8.1396
2697.50,8.0783
2698.00,8.0238
2698.50,7.9902
2699.00,7.9761
2699.50,7.9673
2700.00,7.9500
2700.50,7.9220
2701.00,7.8933
2701.50,7.8772
2702.00,7.8815
2702.50,7.9051
2703.00,7.9399
2703.50,7.9741
2704.00,7.9970
2704.50,8.0048
2705.00,8.0016
2705.50,7.9962
2706.00,7.9951
2706.50,7.9994
2707.00,8.0067
2707.50,8.0127
2708.00,8.0139
2708.50,8.0089
2709.00,8.0012
2709.50,7.9983
2710.00,8.0065
2710.50,8.0262
2711.00,8.0517
2711.50,8.0758
2712.00,8.0949
2712.50,8.1088
2713.00,8.1164
2713.50,8.1132
2714.00,8.0939
2714.50,8.0587
2715.00,8.0168
2715.50,7.9833
2716.00,7.9714
2716.50,7.9835
2717.00,8.0081
2717.50,8.0242
2718.00,8.0143
2718.50,7.9764
2719.00,7.9250
2719.50,7.8806
2720.00,7.8573
2720.50,7.8574
2721.00,7.8762
2721.50,7.9077
2722.00,7.9454
2722.50,7.9803
2723.00,8.0006
2723.50,7.9975
2724.00,7.9704
2724.50,7.9284
2725.00,7.8854
2725.50,7.8521
2726.00,7.8336
2726.50,7.8302
2727.00,7.8432
2727.50,7.8734
2728.00,7.9160
2728.50,7.9586
2729.00,7.9852
2729.50,7.9861
2730.00,7.9647
2730.50,7.9360
2731.00,7.9169
2731.50,7.9138
2732.00,7.9196
2732.50,7.9212
2733.00,7.9121
2733.50,7.8971
2734.00,7.8877
2734.50,7.8909
2735.00,7.9042
2735.50,7.9187
2736.00,7.9268
2736.50,7.9284
2737.00,7.9290
2737.50,7.9341
2738.00,7.9449
2738.50,7.9590
2739.00,7.9727
2739.50,7.9840
2740.00,7.9947
2740.50,8.0103
2741.00,8.0349
2741.50,8.0661
2742.00,8.0918
2742.50,8.0965
2743.00,8.0726
2743.50,8.0272
2744.00,7.9790
2744.50,7.9472
2745.00,7.9422
2745.50,7.9631
2746.00,8.0002
2746.50,8.0381
2747.00,8.0641
2747.50,8.0743
2748.00,8.0743
2748.50,8.0714
2749.00,8.0688
2749.50,8.0653
2750.00,8.0602
2750.50,8.0566
2751.00,8.0596
2751.50,8.0730
2752.00,8.0954
2752.50,8.1190
2753.00,8.1317
2753.50,8.1241
2754.00,8.0965
2754.50,8.0584
2755.00,8.0216
2755.50,7.9931
2756.00,7.9755
2756.50,7.9703
2757.00,7.9771
2757.50,7.9906
2758.00,8.0011
2758.50,8.0006
2759.00,7.9910
2759.50,7.9837
2760.00,7.9884
2760.50,8.0039
2761.00,8.0171
2761.50,8.0151
2762.00,7.9956
2762.50,7.9681
2763.00,7.9454
2763.50,7.9356
2764.00,7.9393
2764.50,7.9515
2765.00,7.9635
2765.50,7.9657
2766.00,7.9525
2766.50,7.9267
2767.00,7.8984
2767.50,7.8776
2768.00,7.8670
2768.50,7.8609
2769.00,7.8534
2769.50,7.8448
2770.00,7.8402
2770.50,7.8435
2771.00,7.8526
2771.50,7.8616
2772.00,7.8643
2772.50,7.8574
2773.00,7.8420
2773.50,7.8236
2774.00,7.8109
2774.50,7.8104
2775.00,7.8222
2775.50,7.8400
2776.00,7.8546
2776.50,7.8590
2777.00,7.8500
2777.50,7.8291
2778.00,7.8016
2778.50,7.7749
2779.00,7.7589
2779.50,7.7645
2780.00,7.7976
2780.50,7.8515
2781.00,7.9059
2781.50,7.9390
2782.00,7.9403
2782.50,7.9150
2783.00,7.8783
2783.50,7.8460
2784.00,7.8273
2784.50,7.8202
2785.00,7.8148
2785.50,7.8025
2786.00,7.7845
2786.50,7.7694
2787.00,7.7639
2787.50,7.7674
2788.00,7.7741
2788.50,7.7792
2789.00,7.7820
2789.50,7.7836
2790.00,7.7834
2790.50,7.7780
2791.00,7.7656
2791.50,7.7487
2792.00,7.7339
2792.50,7.7268
2793.00,7.7279
2793.50,7.7346
2794.00,7.7460
2794.50,7.7668
2795.00,7.8022
2795.50,7.8502
2796.00,7.8990
2796.50,7.9339
2797.00,7.9483
2797.50,7.9472
2798.00,7.9409
2798.50,7.9352
2799.00,7.9286
2799.50,7.9172
2800.00,7.9019
2800.50,7.8891
2801.00,7.8841
2801.50,7.8833
2802.00,7.8744
2802.50,7.8477
2803.00,7.8079
2803.50,7.7718
2804.00,7.7536
2804.50,7.7547
2805.00,7.7671
2805.50,7.7838
2806.00,7.8038
2806.50,7.8297
2807.00,7.8633
2807.50,7.9030
2808.00,7.9431
2808.50,7.9750
2809.00,7.9914
2809.50,7.9895
2810.00,7.9715
2810.50,7.9441
2811.00,7.9154
2811.50,7.8923
2812.00,7.8782
2812.50,7.8733
2813.00,7.8774
2813.50,7.8905
2814.00,7.9113
2814.50,7.9343
2815.00,7.9518
2815.50,7.9590
2816.00,7.9578
2816.50,7.9544
2817.00,7.9531
2817.50,7.9538
2818.00,7.9533
2818.50,7.9495
2819.00,7.9437
2819.50,7.9387
2820.00,7.9357
2820.50,7.9332
2821.00,7.9313
2821.50,7.9344
2822.00,7.9485
2822.50,7.9747
2823.00,8.0057
2823.50,8.0284
2824.00,8.0307
2824.50,8.0076
2825.00,7.9631
2825.50,7.9086
2826.00,7.8587
2826.50,7.8269
2827.00,7.8213
2827.50,7.8421
2828.00,7.8809
2828.50,7.9233
2829.00,7.9539
2829.50,7.9651
2830.00,7.9603
2830.50,7.9492
2831.00,7.9392
2831.50,7.9303
2832.00,7.9171
2832.50,7.8968
2833.00,7.8722
2833.50,7.8505
2834.00,7.8385
2834.50,7.8394
2835.00,7.8514
2835.50,7.8677
2836.00,7.8777
2836.50,7.8712
2837.00,7.8456
2837.50,7.8082
2838.00,7.7709
2838.50,7.7425
2839.00,7.7226
2839.50,7.7056
2840.00,7.6889
2840.50,7.6765
2841.00,7.6744
2841.50,7.6823
2842.00,7.6923
2842.50,7.6963
2843.00,7.6935
2843.50,7.6906
2844.00,7.6937
2844.50,7.7014
2845.00,7.7057
2845.50,7.6986
2846.00,7.6789
2846.50,7.6538
2847.00,7.6341
2847.50,7.6272
2848.00,7.6327
2848.50,7.6446
2849.00,7.6558
2849.50,7.6616
2850.00,7.6598
2850.50,7.6508
2851.00,7.6392
2851.50,7.6328
2852.00,7.6377
2852.50,7.6527
2853.00,7.6706
2853.50,7.6860
2854.00,7.7004
2854.50,7.7210
2855.00,7.7516
2855.50,7.7869
2856.00,7.8148
2856.50,7.8252
2857.00,7.8185
2857.50,7.8037
2858.00,7.7903
2858.50,7.7809
