0.00,0.0000
0.50,0.6890
1.00,1.5266
1.50,2.4075
2.00,3.2378
2.50,3.9734
3.00,4.6142
3.50,5.1758
4.00,5.6695
4.50,6.1007
5.00,6.4777
5.50,6.8147
6.00,7.1279
6.50,7.4282
7.00,7.7155
7.50,7.9822
8.00,8.2208
8.50,8.4316
9.00,8.6229
9.50,8.8050
10.00,8.9841
10.50,9.1592
11.00,9.3223
11.50,9.4625
12.00,9.5755
12.50,9.6702
13.00,9.7648
13.50,9.8734
14.00,9.9990
14.50,10.1375
15.00,10.2843
15.50,10.4326
16.00,10.5720
16.50,10.6926
17.00,10.7945
17.50,10.8860
18.00,10.9717
18.50,11.0451
19.00,11.0976
19.50,11.1314
20.00,11.1607
20.50,11.1994
21.00,11.2510
21.50,11.3112
22.00,11.3787
22.50,11.4577
23.00,11.5517
23.50,11.6532
24.00,11.7437
24.50,11.8028
25.00,11.8216
25.50,11.8093
26.00,11.7884
26.50,11.7838
27.00,11.8102
27.50,11.8661
28.00,11.9367
28.50,12.0043
29.00,12.0601
29.50,12.1098
30.00,12.1660
30.50,12.2364
31.00,12.3161
31.50,12.3920
32.00,12.4525
32.50,12.4955
33.00,12.5286
33.50,12.5632
34.00,12.6066
34.50,12.6586
35.00,12.7137
35.50,12.7649
36.00,12.8053
36.50,12.8301
37.00,12.8410
37.50,12.8498
38.00,12.8750
38.50,12.9312
39.00,13.0184
39.50,13.1217
40.00,13.2212
40.50,13.3050
41.00,13.3733
41.50,13.4326
42.00,13.4891
42.50,13.5464
43.00,13.6053
43.50,13.6629
44.00,13.7133
44.50,13.7524
45.00,13.7852
45.50,13.8266
46.00,13.8894
46.50,13.9727
47.00,14.0601
47.50,14.1317
48.00,14.1783
48.50,14.2060
49.00,14.2277
49.50,14.2529
50.00,14.2852
50.50,14.3247
51.00,14.3696
51.50,14.4137
52.00,14.4479
52.50,14.4663
53.00,14.4728
53.50,14.4792
54.00,14.4971
54.50,14.5299
55.00,14.5723
55.50,14.6169
56.00,14.6606
56.50,14.7052
57.00,14.7510
57.50,14.7953
58.00,14.8369
58.50,14.8794
59.00,14.9265
59.50,14.9748
60.00,15.0178
60.50,15.0538
61.00,15.0885
61.50,15.1272
62.00,15.1686
62.50,15.2092
63.00,15.2517
63.50,15.3056
64.00,15.3776
64.50,15.4618
65.00,15.5406
65.50,15.5979
66.00,15.6298
66.50,15.6438
67.00,15.6508
67.50,15.6606
68.00,15.6818
68.50,15.7220
69.00,15.7838
69.50,15.8600
70.00,15.9345
70.50,15.9918
71.00,16.0271
71.50,16.0504
72.00,16.0793
72.50,16.1278
73.00,16.1973
73.50,16.2757
74.00,16.3439
74.50,16.3869
75.00,16.4031
75.50,16.4048
76.00,16.4086
76.50,16.4212
77.00,16.4378
77.50,16.4512
78.00,16.4628
78.50,16.4824
79.00,16.5171
79.50,16.5636
80.00,16.6112
80.50,16.6513
81.00,16.6804
81.50,16.6972
82.00,16.7000
82.50,16.6905
83.00,16.6797
83.50,16.6844
84.00,16.7156
84.50,16.7680
85.00,16.8225
85.50,16.8607
86.00,16.8787
86.50,16.8892
87.00,16.9102
87.50,16.9496
88.00,16.9999
88.50,17.0456
89.00,17.0770
89.50,17.0956
90.00,17.1104
90.50,17.1317
91.00,17.1671
91.50,17.2193
92.00,17.2814
92.50,17.3389
93.00,17.3785
93.50,17.3996
94.00,17.4136
94.50,17.4317
95.00,17.4532
95.50,17.4693
96.00,17.4746
96.50,17.4751
97.00,17.4821
97.50,17.5025
98.00,17.5349
98.50,17.5740
99.00,17.6158
99.50,17.6608
100.00,17.7128
100.50,17.7736
101.00,17.8364
101.50,17.8868
102.00,17.9119
102.50,17.9094
103.00,17.8881
103.50,17.8615
104.00,17.8412
104.50,17.8344
105.00,17.8428
105.50,17.8623
106.00,17.8860
106.50,17.9092
107.00,17.9347
107.50,17.9698
108.00,18.0177
108.50,18.0710
109.00,18.1166
109.50,18.1465
110.00,18.1657
110.50,18.1873
111.00,18.2221
111.50,18.2711
112.00,18.3261
112.50,18.3749
113.00,18.4055
113.50,18.4110
114.00,18.3958
114.50,18.3784
115.00,18.3798
115.50,18.4061
116.00,18.4411
116.50,18.4597
117.00,18.4480
117.50,18.4120
118.00,18.3708
118.50,18.3431
119.00,18.3374
119.50,18.3521
120.00,18.3821
120.50,18.4243
121.00,18.4770
121.50,18.5352
122.00,18.5887
122.50,18.6255
123.00,18.6391
123.50,18.6338
124.00,18.6247
124.50,18.6274
125.00,18.6478
125.50,18.6800
126.00,18.7143
126.50,18.7464
127.00,18.7783
127.50,18.8119
128.00,18.8446
128.50,18.8710
129.00,18.8862
129.50,18.8883
130.00,18.8800
130.50,18.8696
131.00,18.8680
131.50,18.8818
132.00,18.9076
132.50,18.9344
133.00,18.9537
133.50,18.9687
134.00,18.9913
134.50,19.0300
135.00,19.0791
135.50,19.1196
136.00,19.1332
136.50,19.1188
137.00,19.0967
137.50,19.0947
138.00,19.1272
138.50,19.1852
139.00,19.2471
139.50,19.2979
140.00,19.3372
140.50,19.3703
141.00,19.3972
141.50,19.4109
142.00,19.4055
142.50,19.3829
143.00,19.3533
143.50,19.3301
144.00,19.3241
144.50,19.3402
145.00,19.3788
145.50,19.4349
146.00,19.4974
146.50,19.5512
147.00,19.5873
147.50,19.6100
148.00,19.6307
148.50,19.6540
149.00,19.6732
149.50,19.6822
150.00,19.6872
150.50,19.7030
151.00,19.7381
151.50,19.7868
152.00,19.8347
152.50,19.8687
153.00,19.8838
153.50,19.8851
154.00,19.8834
154.50,19.8866
155.00,19.8945
155.50,19.9010
156.00,19.9039
156.50,19.9091
157.00,19.9260
157.50,19.9582
158.00,20.0001
158.50,20.0424
159.00,20.0797
159.50,20.1132
160.00,20.1472
160.50,20.1848
161.00,20.2269
161.50,20.2721
162.00,20.3158
162.50,20.3502
163.00,20.3682
163.50,20.3699
164.00,20.3634
164.50,20.3573
165.00,20.3539
165.50,20.3497
166.00,20.3436
166.50,20.3425
167.00,20.3580
167.50,20.3988
168.00,20.4627
168.50,20.5342
169.00,20.5925
169.50,20.6241
170.00,20.6319
170.50,20.6309
171.00,20.6351
171.50,20.6462
172.00,20.6546
172.50,20.6488
173.00,20.6269
173.50,20.5983
174.00,20.5767
174.50,20.5708
175.00,20.5807
175.50,20.6020
176.00,20.6316
176.50,20.6674
177.00,20.7034
177.50,20.7280
178.00,20.7325
178.50,20.7186
179.00,20.6978
179.50,20.6837
180.00,20.6854
180.50,20.7076
181.00,20.7507
181.50,20.8097
182.00,20.8735
182.50,20.9289
183.00,20.9664
183.50,20.9845
184.00,20.9899
184.50,20.9949
185.00,21.0126
185.50,21.0480
186.00,21.0928
186.50,21.1301
187.00,21.1484
187.50,21.1511
188.00,21.1515
188.50,21.1600
189.00,21.1774
189.50,21.1974
190.00,21.2121
190.50,21.2143
191.00,21.2016
191.50,21.1801
192.00,21.1633
192.50,21.1636
193.00,21.1817
193.50,21.2054
194.00,21.2199
194.50,21.2192
195.00,21.2113
195.50,21.2125
196.00,21.2354
196.50,21.2806
197.00,21.3344
197.50,21.3769
198.00,21.3939
198.50,21.3860
199.00,21.3673
199.50,21.3572
200.00,21.3702
200.50,21.4090
201.00,21.4630
201.50,21.5118
202.00,21.5376
202.50,21.5355
203.00,21.5171
203.50,21.5019
204.00,21.5055
204.50,21.5323
205.00,21.5755
205.50,21.6236
206.00,21.6668
206.50,21.6994
207.00,21.7197
207.50,21.7283
208.00,21.7265
208.50,21.7174
209.00,21.7055
209.50,21.6971
210.00,21.6972
210.50,21.7077
211.00,21.7276
211.50,21.7547
212.00,21.7865
212.50,21.8194
213.00,21.8485
213.50,21.8703
214.00,21.8864
214.50,21.9022
215.00,21.9213
215.50,21.9410
216.00,21.9544
216.50,21.9564
217.00,21.9495
217.50,21.9412
218.00,21.9365
218.50,21.9347
219.00,21.9341
219.50,21.9389
220.00,21.9577
220.50,21.9944
221.00,22.0406
221.50,22.0802
222.00,22.1000
222.50,22.0973
223.00,22.0786
223.50,22.0545
224.00,22.0373
224.50,22.0375
225.00,22.0601
225.50,22.1003
226.00,22.1438
226.50,22.1745
227.00,22.1844
227.50,22.1793
228.00,22.1746
228.50,22.1846
229.00,22.2139
229.50,22.2575
230.00,22.3087
230.50,22.3652
231.00,22.4271
231.50,22.4901
232.00,22.5429
232.50,22.5734
233.00,22.5795
233.50,22.5701
234.00,22.5582
234.50,22.5503
235.00,22.5475
235.50,22.5513
236.00,22.5657
236.50,22.5901
237.00,22.6114
237.50,22.6082
238.00,22.5672
238.50,22.4959
239.00,22.4192
239.50,22.3656
240.00,22.3514
240.50,22.3744
241.00,22.4172
241.50,22.4592
242.00,22.4886
242.50,22.5059
243.00,22.5178
243.50,22.5300
244.00,22.5438
244.50,22.5579
245.00,22.5704
245.50,22.5805
246.00,22.5896
246.50,22.6005
247.00,22.6164
247.50,22.6378
248.00,22.6600
248.50,22.6762
249.00,22.6828
249.50,22.6825
250.00,22.6811
250.50,22.6794
251.00,22.6702
251.50,22.6451
252.00,22.6038
252.50,22.5584
253.00,22.5272
253.50,22.5230
254.00,22.5458
254.50,22.5829
255.00,22.6182
255.50,22.6428
256.00,22.6586
256.50,22.6749
257.00,22.6997
257.50,22.7352
258.00,22.7754
258.50,22.8095
259.00,22.8277
259.50,22.8277
260.00,22.8169
260.50,22.8059
261.00,22.7996
261.50,22.7950
262.00,22.7871
262.50,22.7781
263.00,22.7790
263.50,22.8005
264.00,22.8430
264.50,22.8937
265.00,22.9360
265.50,22.9606
266.00,22.9727
266.50,22.9864
267.00,23.0122
267.50,23.0473
268.00,23.0786
268.50,23.0958
269.00,23.0997
269.50,23.1014
270.00,23.1121
270.50,23.1343
271.00,23.1593
271.50,23.1719
272.00,23.1599
272.50,23.1223
273.00,23.0702
273.50,23.0222
274.00,22.9960
274.50,23.0005
275.00,23.0307
275.50,23.0703
276.00,23.1004
276.50,23.1099
277.00,23.1002
277.50,23.0833
278.00,23.0763
278.50,23.0925
279.00,23.1321
279.50,23.1786
280.00,23.2082
280.50,23.2080
281.00,23.1856
281.50,23.1616
282.00,23.1514
282.50,23.1566
283.00,23.1698
283.50,23.1828
284.00,23.1873
284.50,23.1741
285.00,23.1395
285.50,23.0923
286.00,23.0499
286.50,23.0251
287.00,23.0178
287.50,23.0209
288.00,23.0299
288.50,23.0456
289.00,23.0687
289.50,23.0956
290.00,23.1202
290.50,23.1394
291.00,23.1557
291.50,23.1746
292.00,23.1982
292.50,23.2228
293.00,23.2428
293.50,23.2568
294.00,23.2685
294.50,23.2809
295.00,23.2926
295.50,23.3007
296.00,23.3073
296.50,23.3199
297.00,23.3442
297.50,23.3784
298.00,23.4156
298.50,23.4504
299.00,23.4810
299.50,23.5056
300.00,23.5198
300.50,23.5194
301.00,23.5044
301.50,23.4804
302.00,23.4532
302.50,23.4254
303.00,23.3984
303.50,23.3748
304.00,23.3586
304.50,23.3515
305.00,23.3509
305.50,23.3514
306.00,23.3484
306.50,23.3406
307.00,23.3320
307.50,23.3308
308.00,23.3450
308.50,23.3762
309.00,23.4170
309.50,23.4558
310.00,23.4847
310.50,23.5039
311.00,23.5173
311.50,23.5275
312.00,23.5346
312.50,23.5404
313.00,23.5504
313.50,23.5697
314.00,23.5983
314.50,23.6295
315.00,23.6541
315.50,23.6673
316.00,23.6737
316.50,23.6851
317.00,23.7119
317.50,23.7561
318.00,23.8090
318.50,23.8571
319.00,23.8895
319.50,23.9023
320.00,23.8972
320.50,23.8801
321.00,23.8572
321.50,23.8344
322.00,23.8151
322.50,23.8011
323.00,23.7934
323.50,23.7918
324.00,23.7916
324.50,23.7844
325.00,23.7652
325.50,23.7411
326.00,23.7275
326.50,23.7367
327.00,23.7654
327.50,23.7965
328.00,23.8121
328.50,23.8070
329.00,23.7917
329.50,23.7840
330.00,23.7971
330.50,23.8316
331.00,23.8792
331.50,23.9315
332.00,23.9849
332.50,24.0380
333.00,24.0851
333.50,24.1143
334.00,24.1161
334.50,24.0931
335.00,24.0615
335.50,24.0403
336.00,24.0395
336.50,24.0564
337.00,24.0810
337.50,24.1046
338.00,24.1231
338.50,24.1370
339.00,24.1474
339.50,24.1548
340.00,24.1616
340.50,24.1738
341.00,24.1973
341.50,24.2304
342.00,24.2609
342.50,24.2733
343.00,24.2604
343.50,24.2295
344.00,24.1969
344.50,24.1788
345.00,24.1839
345.50,24.2130
346.00,24.2586
346.50,24.3068
347.00,24.3421
347.50,24.3539
348.00,24.3400
348.50,24.3054
349.00,24.2603
349.50,24.2171
350.00,24.1866
350.50,24.1744
351.00,24.1816
351.50,24.2084
352.00,24.2536
352.50,24.3116
353.00,24.3702
353.50,24.4159
354.00,24.4442
354.50,24.4639
355.00,24.4881
355.50,24.5192
356.00,24.5433
356.50,24.5413
357.00,24.5063
357.50,24.4494
358.00,24.3918
358.50,24.3506
359.00,24.3291
359.50,24.3202
360.00,24.3140
360.50,24.3086
361.00,24.3107
361.50,24.3276
362.00,24.3561
362.50,24.3808
363.00,24.3835
363.50,24.3566
364.00,24.3080
364.50,24.2563
365.00,24.2212
365.50,24.2142
366.00,24.2348
366.50,24.2711
367.00,24.3076
367.50,24.3336
368.00,24.3471
368.50,24.3524
369.00,24.3560
369.50,24.3660
370.00,24.3920
370.50,24.4412
371.00,24.5111
371.50,24.5882
372.00,24.6534
372.50,24.6912
373.00,24.6949
373.50,24.6688
374.00,24.6290
374.50,24.5973
375.00,24.5888
375.50,24.6020
376.00,24.6220
376.50,24.6343
377.00,24.6357
377.50,24.6336
378.00,24.6393
378.50,24.6595
379.00,24.6926
379.50,24.7290
380.00,24.7569
380.50,24.7708
381.00,24.7739
381.50,24.7738
382.00,24.7748
382.50,24.7757
383.00,24.7735
383.50,24.7666
384.00,24.7577
384.50,24.7538
385.00,24.7632
385.50,24.7888
386.00,24.8233
386.50,24.8531
387.00,24.8682
387.50,24.8691
388.00,24.8665
388.50,24.8729
389.00,24.8936
389.50,24.9238
390.00,24.9531
390.50,24.9728
391.00,24.9799
391.50,24.9766
392.00,24.9672
392.50,24.9551
393.00,24.9432
393.50,24.9357
394.00,24.9380
394.50,24.9517
395.00,24.9720
395.50,24.9903
396.00,25.0020
396.50,25.0116
397.00,25.0296
397.50,25.0646
398.00,25.1145
398.50,25.1654
399.00,25.1994
399.50,25.2068
400.00,25.1924
400.50,25.1700
401.00,25.1531
401.50,25.1477
402.00,25.1536
402.50,25.1670
403.00,25.1821
403.50,25.1914
404.00,25.1880
404.50,25.1708
405.00,25.1489
405.50,25.1363
406.00,25.1421
406.50,25.1643
407.00,25.1942
407.50,25.2255
408.00,25.2581
408.50,25.2942
409.00,25.3342
409.50,25.3763
410.00,25.4186
410.50,25.4561
411.00,25.4794
411.50,25.4799
412.00,25.4588
412.50,25.4277
413.00,25.3997
413.50,25.3806
414.00,25.3697
414.50,25.3671
415.00,25.3778
415.50,25.4063
416.00,25.4489
416.50,25.4901
417.00,25.5113
417.50,25.5024
418.00,25.4702
418.50,25.4352
419.00,25.4200
419.50,25.4363
420.00,25.4770
420.50,25.5214
421.00,25.5496
421.50,25.5561
422.00,25.5496
422.50,25.5393
423.00,25.5252
423.50,25.5028
424.00,25.4756
424.50,25.4573
425.00,25.4612
425.50,25.4888
426.00,25.5292
426.50,25.5673
427.00,25.5920
427.50,25.5987
428.00,25.5889
428.50,25.5695
429.00,25.5519
429.50,25.5472
430.00,25.5604
430.50,25.5891
431.00,25.6262
431.50,25.6643
432.00,25.6983
432.50,25.7261
433.00,25.7489
433.50,25.7703
434.00,25.7934
434.50,25.8185
435.00,25.8453
435.50,25.8748
436.00,25.9078
436.50,25.9385
437.00,25.9544
437.50,25.9453
438.00,25.9135
438.50,25.8752
439.00,25.8508
439.50,25.8527
440.00,25.8783
440.50,25.9145
441.00,25.9472
441.50,25.9697
442.00,25.9833
442.50,25.9921
443.00,25.9979
443.50,25.9986
444.00,25.9906
444.50,25.9741
445.00,25.9556
445.50,25.9441
446.00,25.9439
446.50,25.9507
447.00,25.9538
447.50,25.9453
448.00,25.9271
448.50,25.9104
449.00,25.9083
449.50,25.9266
450.00,25.9595
450.50,25.9937
451.00,26.0156
451.50,26.0200
452.00,26.0134
452.50,26.0089
453.00,26.0184
453.50,26.0437
454.00,26.0772
454.50,26.1074
455.00,26.1263
455.50,26.1311
456.00,26.1226
456.50,26.1016
457.00,26.0721
457.50,26.0441
458.00,26.0318
458.50,26.0441
459.00,26.0758
459.50,26.1106
460.00,26.1327
460.50,26.1387
461.00,26.1369
461.50,26.1371
462.00,26.1436
462.50,26.1554
463.00,26.1711
463.50,26.1889
464.00,26.2042
464.50,26.2114
465.00,26.2095
465.50,26.2040
466.00,26.2020
466.50,26.2067
467.00,26.2162
467.50,26.2261
468.00,26.2325
468.50,26.2354
469.00,26.2399
469.50,26.2531
470.00,26.2770
470.50,26.3036
471.00,26.3183
471.50,26.3108
472.00,26.2821
472.50,26.2420
473.00,26.2011
473.50,26.1654
474.00,26.1371
474.50,26.1173
475.00,26.1078
475.50,26.1100
476.00,26.1227
476.50,26.1418
477.00,26.1621
477.50,26.1801
478.00,26.1965
478.50,26.2140
479.00,26.2336
479.50,26.2513
480.00,26.2594
480.50,26.2541
481.00,26.2403
481.50,26.2301
482.00,26.2333
482.50,26.2488
483.00,26.2643
483.50,26.2657
484.00,26.2483
484.50,26.2199
485.00,26.1941
485.50,26.1794
486.00,26.1744
486.50,26.1719
487.00,26.1682
487.50,26.1667
488.00,26.1733
488.50,26.1870
489.00,26.1981
489.50,26.1971
490.00,26.1842
490.50,26.1695
491.00,26.1624
491.50,26.1651
492.00,26.1742
492.50,26.1856
493.00,26.1971
493.50,26.2072
494.00,26.2159
494.50,26.2261
495.00,26.2413
495.50,26.2611
496.00,26.2786
496.50,26.2823
497.00,26.2658
497.50,26.2344
498.00,26.2021
498.50,26.1804
499.00,26.1709
499.50,26.1684
500.00,26.1703
500.50,26.1793
501.00,26.1971
501.50,26.2207
502.00,26.2442
502.50,26.2640
503.00,26.2794
503.50,26.2896
504.00,26.2922
504.50,26.2860
505.00,26.2758
505.50,26.2713
506.00,26.2795
506.50,26.2984
507.00,26.3194
507.50,26.3363
508.00,26.3523
508.50,26.3762
509.00,26.4125
509.50,26.4537
510.00,26.4824
510.50,26.4804
511.00,26.4390
511.50,26.3627
512.00,26.2665
512.50,26.1716
513.00,26.0986
513.50,26.0602
514.00,26.0562
514.50,26.0753
515.00,26.1020
515.50,26.1230
516.00,26.1294
516.50,26.1183
517.00,26.0916
517.50,26.0564
518.00,26.0235
518.50,26.0040
519.00,26.0039
519.50,26.0207
520.00,26.0461
520.50,26.0741
521.00,26.1082
521.50,26.1609
522.00,26.2432
522.50,26.3513
523.00,26.4633
523.50,26.5522
524.00,26.6059
524.50,26.6344
525.00,26.6571
525.50,26.6853
526.00,26.7154
526.50,26.7369
527.00,26.7413
527.50,26.7255
528.00,26.6935
528.50,26.6552
529.00,26.6231
529.50,26.6050
530.00,26.6014
530.50,26.6081
531.00,26.6204
531.50,26.6331
532.00,26.6388
532.50,26.6300
533.00,26.6042
533.50,26.5658
534.00,26.5222
534.50,26.4786
535.00,26.4372
535.50,26.4003
536.00,26.3716
536.50,26.3540
537.00,26.3455
537.50,26.3398
538.00,26.3318
538.50,26.3210
539.00,26.3107
539.50,26.3042
540.00,26.3016
540.50,26.3008
541.00,26.3000
541.50,26.2985
542.00,26.2940
542.50,26.2809
543.00,26.2552
543.50,26.2199
544.00,26.1859
544.50,26.1659
545.00,26.1689
545.50,26.1970
546.00,26.2434
546.50,26.2928
547.00,26.3271
547.50,26.3357
548.00,26.3214
548.50,26.2958
549.00,26.2699
549.50,26.2484
550.00,26.2314
550.50,26.2166
551.00,26.2018
551.50,26.1866
552.00,26.1744
552.50,26.1708
553.00,26.1782
553.50,26.1925
554.00,26.2051
554.50,26.2105
555.00,26.2108
555.50,26.2126
556.00,26.2204
556.50,26.2324
557.00,26.2437
557.50,26.2536
558.00,26.2673
558.50,26.2884
559.00,26.3092
559.50,26.3117
560.00,26.2834
560.50,26.2307
561.00,26.1739
561.50,26.1307
562.00,26.1065
562.50,26.0992
563.00,26.1064
563.50,26.1268
564.00,26.1559
564.50,26.1861
565.00,26.2110
565.50,26.2283
566.00,26.2393
566.50,26.2463
567.00,26.2517
567.50,26.2578
568.00,26.2661
568.50,26.2746
569.00,26.2770
569.50,26.2667
570.00,26.2434
570.50,26.2165
571.00,26.2005
571.50,26.2050
572.00,26.2283
572.50,26.2602
573.00,26.2878
573.50,26.3022
574.00,26.3014
574.50,26.2910
575.00,26.2794
575.50,26.2713
576.00,26.2630
576.50,26.2466
577.00,26.2184
577.50,26.1863
578.00,26.1661
578.50,26.1729
579.00,26.2104
579.50,26.2668
580.00,26.3203
580.50,26.3528
581.00,26.3619
581.50,26.3624
582.00,26.3736
582.50,26.4024
583.00,26.4375
583.50,26.4601
584.00,26.4593
584.50,26.4401
585.00,26.4186
585.50,26.4105
586.00,26.4208
586.50,26.4405
587.00,26.4520
587.50,26.4412
588.00,26.4075
588.50,26.3644
589.00,26.3305
589.50,26.3164
590.00,26.3216
590.50,26.3397
591.00,26.3649
591.50,26.3912
592.00,26.4101
592.50,26.4142
593.00,26.4040
593.50,26.3903
594.00,26.3855
594.50,26.3935
595.00,26.4096
595.50,26.4280
596.00,26.4483
596.50,26.4739
597.00,26.5055
597.50,26.5387
598.00,26.5652
598.50,26.5794
599.00,26.5809
599.50,26.5742
600.00,26.5635
600.50,26.5492
601.00,26.5290
601.50,26.5034
602.00,26.4788
602.50,26.4663
603.00,26.4755
603.50,26.5069
604.00,26.5478
604.50,26.5782
605.00,26.5828
605.50,26.5605
606.00,26.5237
606.50,26.4870
607.00,26.4566
607.50,26.4305
608.00,26.4063
608.50,26.3884
609.00,26.3856
609.50,26.4012
610.00,26.4277
610.50,26.4521
611.00,26.4657
611.50,26.4692
612.00,26.4681
612.50,26.4654
613.00,26.4578
613.50,26.4390
614.00,26.4058
614.50,26.3641
615.00,26.3294
615.50,26.3197
616.00,26.3434
616.50,26.3911
617.00,26.4395
617.50,26.4667
618.00,26.4664
618.50,26.4502
619.00,26.4364
619.50,26.4349
620.00,26.4422
620.50,26.4480
621.00,26.4463
621.50,26.4399
622.00,26.4359
622.50,26.4383
623.00,26.4442
623.50,26.4481
624.00,26.4480
624.50,26.4461
625.00,26.4447
625.50,26.4442
626.00,26.4459
626.50,26.4527
627.00,26.4662
627.50,26.4820
628.00,26.4923
628.50,26.4935
629.00,26.4910
629.50,26.4954
630.00,26.5122
630.50,26.5365
631.00,26.5569
631.50,26.5628
632.00,26.5513
632.50,26.5273
633.00,26.5003
633.50,26.4806
634.00,26.4750
634.50,26.4833
635.00,26.4973
635.50,26.5063
636.00,26.5040
636.50,26.4934
637.00,26.4828
637.50,26.4797
638.00,26.4857
638.50,26.4965
639.00,26.5056
639.50,26.5097
640.00,26.5120
640.50,26.5194
641.00,26.5358
641.50,26.5584
642.00,26.5822
642.50,26.6057
643.00,26.6314
643.50,26.6620
644.00,26.6937
644.50,26.7178
645.00,26.7273
645.50,26.7223
646.00,26.7079
646.50,26.6896
647.00,26.6712
647.50,26.6566
648.00,26.6499
648.50,26.6523
649.00,26.6605
649.50,26.6687
650.00,26.6719
650.50,26.6672
651.00,26.6553
651.50,26.6420
652.00,26.6368
652.50,26.6463
653.00,26.6686
653.50,26.6948
654.00,26.7180
654.50,26.7398
655.00,26.7668
655.50,26.8010
656.00,26.8361
656.50,26.8637
657.00,26.8809
657.50,26.8921
658.00,26.9041
658.50,26.9209
659.00,26.9402
659.50,26.9543
660.00,26.9551
660.50,26.9409
661.00,26.9198
661.50,26.9052
662.00,26.9070
662.50,26.9263
663.00,26.9570
663.50,26.9921
664.00,27.0287
664.50,27.0633
665.00,27.0869
665.50,27.0889
666.00,27.0675
666.50,27.0352
667.00,27.0111
667.50,27.0080
668.00,27.0252
668.50,27.0524
669.00,27.0766
669.50,27.0866
670.00,27.0767
670.50,27.0512
671.00,27.0246
671.50,27.0124
672.00,27.0193
672.50,27.0364
673.00,27.0527
673.50,27.0656
674.00,27.0804
674.50,27.1016
675.00,27.1272
675.50,27.1532
676.00,27.1795
676.50,27.2104
677.00,27.2487
677.50,27.2901
678.00,27.3247
678.50,27.3452
679.00,27.3533
679.50,27.3597
680.00,27.3769
680.50,27.4122
681.00,27.4638
681.50,27.5230
682.00,27.5796
682.50,27.6270
683.00,27.6620
683.50,27.6830
684.00,27.6885
684.50,27.6802
685.00,27.6660
685.50,27.6585
686.00,27.6677
686.50,27.6938
687.00,27.7283
687.50,27.7601
688.00,27.7827
688.50,27.7932
689.00,27.7895
689.50,27.7696
690.00,27.7367
690.50,27.7002
691.00,27.6714
691.50,27.6552
692.00,27.6482
692.50,27.6435
693.00,27.6365
693.50,27.6263
694.00,27.6145
694.50,27.6021
695.00,27.5893
695.50,27.5753
696.00,27.5604
696.50,27.5467
697.00,27.5381
697.50,27.5380
698.00,27.5446
698.50,27.5495
699.00,27.5414
699.50,27.5154
700.00,27.4790
700.50,27.4476
701.00,27.4326
701.50,27.4335
702.00,27.4411
702.50,27.4490
703.00,27.4587
703.50,27.4757
704.00,27.4995
704.50,27.5207
705.00,27.5280
705.50,27.5178
706.00,27.4978
706.50,27.4795
707.00,27.4671
707.50,27.4549
708.00,27.4353
708.50,27.4105
709.00,27.3937
709.50,27.3980
710.00,27.4234
710.50,27.4552
711.00,27.4758
711.50,27.4780
712.00,27.4689
712.50,27.4624
713.00,27.4677
713.50,27.4832
714.00,27.4999
714.50,27.5108
715.00,27.5164
715.50,27.5221
716.00,27.5318
716.50,27.5422
717.00,27.5451
717.50,27.5366
718.00,27.5229
718.50,27.5169
719.00,27.5260
719.50,27.5442
720.00,27.5565
720.50,27.5511
721.00,27.5286
721.50,27.5009
722.00,27.4823
722.50,27.4797
723.00,27.4891
723.50,27.4999
724.00,27.5007
724.50,27.4859
725.00,27.4585
725.50,27.4293
726.00,27.4115
726.50,27.4137
727.00,27.4354
727.50,27.4678
728.00,27.4985
728.50,27.5172
729.00,27.5226
729.50,27.5230
730.00,27.5284
730.50,27.5425
731.00,27.5617
731.50,27.5810
732.00,27.5975
732.50,27.6094
733.00,27.6133
733.50,27.6059
734.00,27.5869
734.50,27.5602
735.00,27.5318
735.50,27.5063
736.00,27.4857
736.50,27.4714
737.00,27.4642
737.50,27.4631
738.00,27.4630
738.50,27.4593
739.00,27.4540
739.50,27.4557
740.00,27.4722
740.50,27.5012
741.00,27.5318
741.50,27.5537
742.00,27.5646
742.50,27.5680
743.00,27.5668
743.50,27.5607
744.00,27.5488
744.50,27.5326
745.00,27.5162
745.50,27.5045
746.00,27.4998
746.50,27.5010
747.00,27.5047
747.50,27.5073
748.00,27.5075
748.50,27.5067
749.00,27.5070
749.50,27.5094
750.00,27.5113
750.50,27.5072
751.00,27.4928
751.50,27.4713
752.00,27.4548
752.50,27.4583
753.00,27.4878
753.50,27.5337
754.00,27.5763
754.50,27.5989
755.00,27.5977
755.50,27.5818
756.00,27.5645
756.50,27.5544
757.00,27.5524
757.50,27.5537
758.00,27.5538
758.50,27.5523
759.00,27.5543
759.50,27.5668
760.00,27.5920
760.50,27.6239
761.00,27.6512
761.50,27.6654
762.00,27.6667
762.50,27.6621
763.00,27.6596
763.50,27.6632
764.00,27.6724
764.50,27.6848
765.00,27.6982
765.50,27.7088
766.00,27.7123
766.50,27.7074
767.00,27.6974
767.50,27.6866
768.00,27.6748
768.50,27.6592
769.00,27.6419
769.50,27.6326
770.00,27.6408
770.50,27.6645
771.00,27.6888
771.50,27.6977
772.00,27.6863
772.50,27.6628
773.00,27.6401
773.50,27.6260
774.00,27.6206
774.50,27.6200
775.00,27.6206
775.50,27.6216
776.00,27.6237
776.50,27.6293
777.00,27.6402
777.50,27.6569
778.00,27.6786
778.50,27.7056
779.00,27.7427
779.50,27.7958
780.00,27.8642
780.50,27.9344
781.00,27.9837
781.50,27.9939
782.00,27.9642
782.50,27.9127
783.00,27.8645
783.50,27.8364
784.00,27.8285
784.50,27.8281
785.00,27.8225
785.50,27.8104
786.00,27.8001
786.50,27.7981
787.00,27.8007
787.50,27.7976
788.00,27.7823
788.50,27.7578
789.00,27.7331
789.50,27.7175
790.00,27.7148
790.50,27.7228
791.00,27.7358
791.50,27.7494
792.00,27.7636
792.50,27.7817
793.00,27.8063
793.50,27.8363
794.00,27.8650
794.50,27.8831
795.00,27.8835
795.50,27.8658
796.00,27.8373
796.50,27.8095
797.00,27.7928
797.50,27.7912
798.00,27.7981
798.50,27.8006
799.00,27.7898
799.50,27.7693
800.00,27.7516
800.50,27.7475
801.00,27.7562
801.50,27.7685
802.00,27.7759
802.50,27.7791
803.00,27.7881
803.50,27.8139
804.00,27.8584
804.50,27.9119
805.00,27.9599
805.50,27.9928
806.00,28.0090
806.50,28.0126
807.00,28.0101
807.50,28.0085
808.00,28.0119
808.50,28.0193
809.00,28.0285
809.50,28.0402
810.00,28.0565
810.50,28.0756
811.00,28.0906
811.50,28.0947
812.00,28.0871
812.50,28.0738
813.00,28.0642
813.50,28.0677
814.00,28.0905
814.50,28.1313
815.00,28.1772
815.50,28.2058
816.00,28.1957
816.50,28.1405
817.00,28.0563
817.50,27.9735
818.00,27.9212
818.50,27.9138
819.00,27.9482
819.50,28.0070
820.00,28.0663
820.50,28.1050
821.00,28.1139
821.50,28.0970
822.00,28.0660
822.50,28.0314
823.00,27.9972
823.50,27.9620
824.00,27.9247
824.50,27.8887
825.00,27.8620
825.50,27.8519
826.00,27.8602
826.50,27.8842
827.00,27.9201
827.50,27.9654
828.00,28.0145
828.50,28.0553
829.00,28.0742
829.50,28.0662
830.00,28.0384
830.50,28.0043
831.00,27.9749
831.50,27.9550
832.00,27.9454
832.50,27.9450
833.00,27.9542
833.50,27.9751
834.00,28.0096
834.50,28.0548
835.00,28.1012
835.50,28.1368
836.00,28.1529
836.50,28.1473
837.00,28.1272
837.50,28.1087
838.00,28.1099
838.50,28.1380
839.00,28.1824
839.50,28.2210
840.00,28.2358
840.50,28.2259
841.00,28.2063
841.50,28.1974
842.00,28.2117
842.50,28.2464
843.00,28.2869
843.50,28.3197
844.00,28.3431
844.50,28.3670
845.00,28.4015
845.50,28.4450
846.00,28.4832
846.50,28.5007
847.00,28.4937
847.50,28.4742
848.00,28.4614
848.50,28.4650
849.00,28.4762
849.50,28.4748
850.00,28.4464
850.50,28.3908
851.00,28.3164
851.50,28.2339
852.00,28.1589
852.50,28.1137
853.00,28.1161
853.50,28.1615
854.00,28.2220
854.50,28.2647
855.00,28.2724
855.50,28.2482
856.00,28.2059
856.50,28.1615
857.00,28.1290
857.50,28.1175
858.00,28.1274
858.50,28.1487
859.00,28.1660
859.50,28.1685
860.00,28.1565
860.50,28.1406
861.00,28.1332
861.50,28.1400
862.00,28.1587
862.50,28.1828
863.00,28.2062
863.50,28.2264
864.00,28.2445
864.50,28.2656
865.00,28.2956
865.50,28.3364
866.00,28.3833
866.50,28.4295
867.00,28.4701
867.50,28.5027
868.00,28.5264
868.50,28.5438
869.00,28.5634
869.50,28.5967
870.00,28.6497
870.50,28.7172
871.00,28.7857
871.50,28.8406
872.00,28.8727
872.50,28.8797
873.00,28.8639
873.50,28.8307
874.00,28.7882
874.50,28.7448
875.00,28.7069
875.50,28.6776
876.00,28.6581
876.50,28.6469
877.00,28.6401
877.50,28.6338
878.00,28.6280
878.50,28.6251
879.00,28.6260
879.50,28.6268
880.00,28.6238
880.50,28.6206
881.00,28.6263
881.50,28.6474
882.00,28.6805
882.50,28.7175
883.00,28.7537
883.50,28.7906
884.00,28.8307
884.50,28.8706
885.00,28.9006
885.50,28.9103
886.00,28.8974
886.50,28.8714
887.00,28.8493
887.50,28.8457
888.00,28.8645
888.50,28.8971
889.00,28.9295
889.50,28.9507
890.00,28.9572
890.50,28.9528
891.00,28.9455
891.50,28.9445
892.00,28.9545
892.50,28.9724
893.00,28.9875
893.50,28.9898
894.00,28.9767
894.50,28.9535
895.00,28.9264
895.50,28.8981
896.00,28.8688
896.50,28.8416
897.00,28.8241
897.50,28.8243
898.00,28.8421
898.50,28.8667
899.00,28.8818
899.50,28.8775
900.00,28.8565
900.50,28.8312
901.00,28.8142
901.50,28.8112
902.00,28.8205
902.50,28.8381
903.00,28.8602
903.50,28.8841
904.00,28.9080
904.50,28.9335
905.00,28.9709
905.50,29.0409
906.00,29.1677
906.50,29.3683
907.00,29.6411
907.50,29.9637
908.00,30.2988
908.50,30.6071
909.00,30.8605
909.50,31.0488
910.00,31.1773
910.50,31.2585
911.00,31.3063
911.50,31.3347
912.00,31.3573
912.50,31.3825
913.00,31.4101
913.50,31.4328
914.00,31.4430
914.50,31.4385
915.00,31.4217
915.50,31.3967
916.00,31.3674
916.50,31.3371
917.00,31.3073
917.50,31.2757
918.00,31.2378
918.50,31.1947
919.00,31.1575
919.50,31.1419
920.00,31.1554
920.50,31.1914
921.00,31.2341
921.50,31.2689
922.00,31.2883
922.50,31.2927
923.00,31.2882
923.50,31.2814
924.00,31.2748
924.50,31.2670
925.00,31.2580
925.50,31.2529
926.00,31.2570
926.50,31.2691
927.00,31.2815
927.50,31.2878
928.00,31.2893
928.50,31.2924
929.00,31.3013
929.50,31.3122
930.00,31.3166
930.50,31.3071
931.00,31.2816
931.50,31.2432
932.00,31.1979
932.50,31.1537
933.00,31.1203
933.50,31.1064
934.00,31.1132
934.50,31.1318
935.00,31.1492
935.50,31.1603
936.00,31.1695
936.50,31.1820
937.00,31.1960
937.50,31.2039
938.00,31.2003
938.50,31.1862
939.00,31.1666
939.50,31.1477
940.00,31.1339
940.50,31.1260
941.00,31.1195
941.50,31.1074
942.00,31.0881
942.50,31.0690
943.00,31.0597
943.50,31.0622
944.00,31.0679
944.50,31.0663
945.00,31.0541
945.50,31.0360
946.00,31.0182
946.50,31.0029
947.00,30.9893
947.50,30.9776
948.00,30.9709
948.50,30.9736
949.00,30.9879
949.50,31.0104
950.00,31.0316
950.50,31.0385
951.00,31.0228
951.50,30.9894
952.00,30.9583
952.50,30.9527
953.00,30.9807
953.50,31.0264
954.00,31.0623
954.50,31.0716
955.00,31.0620
955.50,31.0563
956.00,31.0724
956.50,31.1092
957.00,31.1484
957.50,31.1682
958.00,31.1569
958.50,31.1198
959.00,31.0752
959.50,31.0428
960.00,31.0317
960.50,31.0363
961.00,31.0442
961.50,31.0468
962.00,31.0452
962.50,31.0469
963.00,31.0575
963.50,31.0752
964.00,31.0904
964.50,31.0925
965.00,31.0795
965.50,31.0620
966.00,31.0567
966.50,31.0719
967.00,31.0986
967.50,31.1150
968.00,31.1028
968.50,31.0589
969.00,30.9975
969.50,30.9401
970.00,30.9034
970.50,30.8896
971.00,30.8890
971.50,30.8904
972.00,30.8911
972.50,30.8961
973.00,30.9066
973.50,30.9139
974.00,30.9072
974.50,30.8879
975.00,30.8700
975.50,30.8652
976.00,30.8705
976.50,30.8711
977.00,30.8556
977.50,30.8252
978.00,30.7893
978.50,30.7545
979.00,30.7186
979.50,30.6767
980.00,30.6299
980.50,30.5875
981.00,30.5596
981.50,30.5460
982.00,30.5369
982.50,30.5243
983.00,30.5140
983.50,30.5214
984.00,30.5548
984.50,30.6019
985.00,30.6355
985.50,30.6349
986.00,30.6022
986.50,30.5583
987.00,30.5248
987.50,30.5091
988.00,30.5051
988.50,30.5038
989.00,30.5026
989.50,30.5048
990.00,30.5119
990.50,30.5184
991.00,30.5143
991.50,30.4941
992.00,30.4645
992.50,30.4412
993.00,30.4365
993.50,30.4482
994.00,30.4594
994.50,30.4518
995.00,30.4209
995.50,30.3807
996.00,30.3552
996.50,30.3629
997.00,30.4042
997.50,30.4615
998.00,30.5090
998.50,30.5278
999.00,30.5162
999.50,30.4873
1000.00,30.4585
1000.50,30.4393
1001.00,30.4278
1001.50,30.4163
1002.00,30.4013
1002.50,30.3872
1003.00,30.3822
1003.50,30.3883
1004.00,30.3966
1004.50,30.3936
1005.00,30.3746
1005.50,30.3500
1006.00,30.3398
1006.50,30.3584
1007.00,30.4031
1007.50,30.4568
1008.00,30.4996
1008.50,30.5212
1009.00,30.5224
1009.50,30.5096
1010.00,30.4882
1010.50,30.4616
1011.00,30.4342
1011.50,30.4126
1012.00,30.4028
1012.50,30.4058
1013.00,30.4161
1013.50,30.4256
1014.00,30.4280
1014.50,30.4190
1015.00,30.3950
1015.50,30.3524
1016.00,30.2900
1016.50,30.2104
1017.00,30.1192
1017.50,30.0228
1018.00,29.9280
1018.50,29.8423
1019.00,29.7744
1019.50,29.7340
1020.00,29.7291
1020.50,29.7596
1021.00,29.8122
1021.50,29.8624
1022.00,29.8852
1022.50,29.8672
1023.00,29.8134
1023.50,29.7437
1024.00,29.6811
1024.50,29.6410
1025.00,29.6264
1025.50,29.6310
1026.00,29.6453
1026.50,29.6610
1027.00,29.6725
1027.50,29.6774
1028.00,29.6757
1028.50,29.6709
1029.00,29.6689
1029.50,29.6730
1030.00,29.6790
1030.50,29.6779
1031.00,29.6670
1031.50,29.6546
1032.00,29.6521
1032.50,29.6636
1033.00,29.6845
1033.50,29.7072
1034.00,29.7242
1034.50,29.7293
1035.00,29.7210
1035.50,29.7055
1036.00,29.6944
1036.50,29.6990
1037.00,29.7237
1037.50,29.7632
1038.00,29.8046
1038.50,29.8352
1039.00,29.8485
1039.50,29.8440
1040.00,29.8250
1040.50,29.7987
1041.00,29.7771
1041.50,29.7700
1042.00,29.7746
1042.50,29.7741
1043.00,29.7494
1043.50,29.6949
1044.00,29.6241
1044.50,29.5618
1045.00,29.5283
1045.50,29.5296
1046.00,29.5555
1046.50,29.5869
1047.00,29.6049
1047.50,29.6005
1048.00,29.5778
1048.50,29.5514
1049.00,29.5361
1049.50,29.5377
1050.00,29.5504
1050.50,29.5619
1051.00,29.5604
1051.50,29.5383
1052.00,29.4949
1052.50,29.4386
1053.00,29.3839
1053.50,29.3428
1054.00,29.3177
1054.50,29.3041
1055.00,29.2984
1055.50,29.3007
1056.00,29.3109
1056.50,29.3245
1057.00,29.3350
1057.50,29.3387
1058.00,29.3361
1058.50,29.3299
1059.00,29.3233
1059.50,29.3198
1060.00,29.3228
1060.50,29.3364
1061.00,29.3634
1061.50,29.4024
1062.00,29.4439
1062.50,29.4723
1063.00,29.4746
1063.50,29.4517
1064.00,29.4187
1064.50,29.3935
1065.00,29.3833
1065.50,29.3821
1066.00,29.3816
1066.50,29.3779
1067.00,29.3700
1067.50,29.3544
1068.00,29.3257
1068.50,29.2848
1069.00,29.2424
1069.50,29.2167
1070.00,29.2228
1070.50,29.2648
1071.00,29.3310
1071.50,29.3975
1072.00,29.4379
1072.50,29.4363
1073.00,29.3951
1073.50,29.3321
1074.00,29.2710
1074.50,29.2303
1075.00,29.2161
1075.50,29.2205
1076.00,29.2273
1076.50,29.2203
1077.00,29.1923
1077.50,29.1480
1078.00,29.1014
1078.50,29.0680
1079.00,29.0548
1079.50,29.0571
1080.00,29.0632
1080.50,29.0631
1081.00,29.0537
1081.50,29.0362
1082.00,29.0118
1082.50,28.9832
1083.00,28.9576
1083.50,28.9457
1084.00,28.9556
1084.50,28.9883
1085.00,29.0361
1085.50,29.0848
1086.00,29.1201
1086.50,29.1363
1087.00,29.1394
1087.50,29.1424
1088.00,29.1524
1088.50,29.1635
1089.00,29.1622
1089.50,29.1403
1090.00,29.1040
1090.50,29.0705
1091.00,29.0550
1091.50,29.0596
1092.00,29.0710
1092.50,29.0707
1093.00,29.0490
1093.50,29.0108
1094.00,28.9707
1094.50,28.9411
1095.00,28.9250
1095.50,28.9179
1096.00,28.9148
1096.50,28.9129
1097.00,28.9108
1097.50,28.9081
1098.00,28.9092
1098.50,28.9237
1099.00,28.9589
1099.50,29.0113
1100.00,29.0675
1100.50,29.1155
1101.00,29.1521
1101.50,29.1832
1102.00,29.2157
1102.50,29.2527
1103.00,29.2913
1103.50,29.3263
1104.00,29.3537
1104.50,29.3747
1105.00,29.3981
1105.50,29.4377
1106.00,29.5055
1106.50,29.6019
1107.00,29.7107
1107.50,29.8055
1108.00,29.8665
1108.50,29.8936
1109.00,29.9040
1109.50,29.9153
1110.00,29.9329
1110.50,29.9508
1111.00,29.9619
1111.50,29.9658
1112.00,29.9690
1112.50,29.9794
1113.00,30.0014
1113.50,30.0333
1114.00,30.0669
1114.50,30.0899
1115.00,30.0923
1115.50,30.0732
1116.00,30.0450
1116.50,30.0290
1117.00,30.0448
1117.50,30.0978
1118.00,30.1768
1118.50,30.2625
1119.00,30.3402
1119.50,30.4066
1120.00,30.4696
1120.50,30.5418
1121.00,30.6332
1121.50,30.7461
1122.00,30.8758
1122.50,31.0145
1123.00,31.1543
1123.50,31.2898
1124.00,31.4194
1124.50,31.5449
1125.00,31.6686
1125.50,31.7946
1126.00,31.9313
1126.50,32.0909
1127.00,32.2804
1127.50,32.4952
1128.00,32.7226
1128.50,32.9510
1129.00,33.1765
1129.50,33.4012
1130.00,33.6285
1130.50,33.8601
1131.00,34.0959
1131.50,34.3375
1132.00,34.5905
1132.50,34.8630
1133.00,35.1584
1133.50,35.4696
1134.00,35.7834
1134.50,36.0908
1135.00,36.3911
1135.50,36.6908
1136.00,36.9991
1136.50,37.3254
1137.00,37.6753
1137.50,38.0452
1138.00,38.4204
1138.50,38.7788
1139.00,39.0994
1139.50,39.3695
1140.00,39.5881
1140.50,39.7608
1141.00,39.8945
1141.50,39.9922
1142.00,40.0478
1142.50,40.0440
1143.00,39.9556
1143.50,39.7597
1144.00,39.4430
1144.50,39.0038
1145.00,38.4492
1145.50,37.7938
1146.00,37.0571
1146.50,36.2579
1147.00,35.4119
1147.50,34.5359
1148.00,33.6580
1148.50,32.8185
1149.00,32.0580
1149.50,31.4005
1150.00,30.8461
1150.50,30.3826
1151.00,30.0012
1151.50,29.7043
1152.00,29.4992
1152.50,29.3861
1153.00,29.3526
1153.50,29.3794
1154.00,29.4500
1154.50,29.5552
1155.00,29.6893
1155.50,29.8439
1156.00,30.0070
1156.50,30.1675
1157.00,30.3190
1157.50,30.4584
1158.00,30.5822
1158.50,30.6870
1159.00,30.7736
1159.50,30.8485
1160.00,30.9211
1160.50,30.9972
1161.00,31.0745
1161.50,31.1433
1162.00,31.1945
1162.50,31.2264
1163.00,31.2474
1163.50,31.2689
1164.00,31.2940
1164.50,31.3129
1165.00,31.3099
1165.50,31.2764
1166.00,31.2151
1166.50,31.1359
1167.00,31.0471
1167.50,30.9529
1168.00,30.8539
1168.50,30.7513
1169.00,30.6483
1169.50,30.5484
1170.00,30.4502
1170.50,30.3471
1171.00,30.2322
1171.50,30.1067
1172.00,29.9807
1172.50,29.8656
1173.00,29.7666
1173.50,29.6821
1174.00,29.6076
1174.50,29.5398
1175.00,29.4774
1175.50,29.4216
1176.00,29.3752
1176.50,29.3393
1177.00,29.3101
1177.50,29.2792
1178.00,29.2393
1178.50,29.1887
1179.00,29.1324
1179.50,29.0794
1180.00,29.0367
1180.50,29.0043
1181.00,28.9757
1181.50,28.9428
1182.00,28.9005
1182.50,28.8480
1183.00,28.7893
1183.50,28.7323
1184.00,28.6860
1184.50,28.6559
1185.00,28.6410
1185.50,28.6380
1186.00,28.6441
1186.50,28.6578
1187.00,28.6783
1187.50,28.7042
1188.00,28.7351
1188.50,28.7697
1189.00,28.8052
1189.50,28.8355
1190.00,28.8547
1190.50,28.8600
1191.00,28.8516
1191.50,28.8308
1192.00,28.7983
1192.50,28.7571
1193.00,28.7150
1193.50,28.6831
1194.00,28.6690
1194.50,28.6737
1195.00,28.6923
1195.50,28.7194
1196.00,28.7492
1196.50,28.7759
1197.00,28.7944
1197.50,28.8016
1198.00,28.7979
1198.50,28.7861
1199.00,28.7711
1199.50,28.7593
1200.00,28.7567
1200.50,28.7666
1201.00,28.7900
1201.50,28.8299
1202.00,28.8928
1202.50,28.9848
1203.00,29.1055
1203.50,29.2468
1204.00,29.4012
1204.50,29.5708
1205.00,29.7675
1205.50,30.0040
1206.00,30.2868
1206.50,30.6189
1207.00,31.0057
1207.50,31.4562
1208.00,31.9800
1208.50,32.5832
1209.00,33.2682
1209.50,34.0330
1210.00,34.8735
1210.50,35.7841
1211.00,36.7590
1211.50,37.7935
1212.00,38.8849
1212.50,40.0328
1213.00,41.2381
1213.50,42.5013
1214.00,43.8215
1214.50,45.1962
1215.00,46.6204
1215.50,48.0859
1216.00,49.5845
1216.50,51.1115
1217.00,52.6678
1217.50,54.2568
1218.00,55.8802
1218.50,57.5353
1219.00,59.2169
1219.50,60.9201
1220.00,62.6409
1220.50,64.3747
1221.00,66.1136
1221.50,67.8460
1222.00,69.5588
1222.50,71.2437
1223.00,72.9037
1223.50,74.5551
1224.00,76.2194
1224.50,77.9078
1225.00,79.6122
1225.50,81.3075
1226.00,82.9649
1226.50,84.5658
1227.00,86.1081
1227.50,87.6021
1228.00,89.0573
1228.50,90.4696
1229.00,91.8164
1229.50,93.0567
1230.00,94.1352
1230.50,94.9813
1231.00,95.5080
1231.50,95.6084
1232.00,95.1563
1232.50,94.0147
1233.00,92.0583
1233.50,89.2036
1234.00,85.4368
1234.50,80.8295
1235.00,75.5376
1235.50,69.7879
1236.00,63.8547
1236.50,58.0271
1237.00,52.5662
1237.50,47.6676
1238.00,43.4434
1238.50,39.9320
1239.00,37.1181
1239.50,34.9509
1240.00,33.3516
1240.50,32.2186
1241.00,31.4377
1241.50,30.9008
1242.00,30.5249
1242.50,30.2596
1243.00,30.0780
1243.50,29.9605
1244.00,29.8852
1244.50,29.8303
1245.00,29.7824
1245.50,29.7390
1246.00,29.7037
1246.50,29.6816
1247.00,29.6756
1247.50,29.6862
1248.00,29.7088
1248.50,29.7342
1249.00,29.7533
1249.50,29.7597
1250.00,29.7509
1250.50,29.7271
1251.00,29.6913
1251.50,29.6502
1252.00,29.6117
1252.50,29.5837
1253.00,29.5734
1253.50,29.5883
1254.00,29.6323
1254.50,29.6983
1255.00,29.7670
1255.50,29.8158
1256.00,29.8332
1256.50,29.8242
1257.00,29.8018
1257.50,29.7739
1258.00,29.7405
1258.50,29.7012
1259.00,29.6613
1259.50,29.6280
1260.00,29.6036
1260.50,29.5836
1261.00,29.5630
1261.50,29.5428
1262.00,29.5283
1262.50,29.5219
1263.00,29.5174
1263.50,29.5043
1264.00,29.4783
1264.50,29.4492
1265.00,29.4353
1265.50,29.4506
1266.00,29.4912
1266.50,29.5362
1267.00,29.5615
1267.50,29.5554
1268.00,29.5228
1268.50,29.4774
1269.00,29.4309
1269.50,29.3887
1270.00,29.3515
1270.50,29.3190
1271.00,29.2906
1271.50,29.2643
1272.00,29.2355
1272.50,29.2009
1273.00,29.1612
1273.50,29.1215
1274.00,29.0848
1274.50,29.0493
1275.00,29.0120
1275.50,28.9769
1276.00,28.9556
1276.50,28.9573
1277.00,28.9801
1277.50,29.0120
1278.00,29.0395
1278.50,29.0552
1279.00,29.0570
1279.50,29.0462
1280.00,29.0263
1280.50,29.0017
1281.00,28.9747
1281.50,28.9445
1282.00,28.9105
1282.50,28.8755
1283.00,28.8446
1283.50,28.8213
1284.00,28.8075
1284.50,28.8040
1285.00,28.8085
1285.50,28.8136
1286.00,28.8078
1286.50,28.7840
1287.00,28.7468
1287.50,28.7136
1288.00,28.7046
1288.50,28.7268
1289.00,28.7678
1289.50,28.8039
1290.00,28.8199
1290.50,28.8208
1291.00,28.8248
1291.50,28.8471
1292.00,28.8909
1292.50,28.9494
1293.00,29.0115
1293.50,29.0658
1294.00,29.1037
1294.50,29.1244
1295.00,29.1337
1295.50,29.1366
1296.00,29.1319
1296.50,29.1157
1297.00,29.0903
1297.50,29.0662
1298.00,29.0549
1298.50,29.0597
1299.00,29.0736
1299.50,29.0844
1300.00,29.0824
1300.50,29.0643
1301.00,29.0354
1301.50,29.0056
1302.00,28.9843
1302.50,28.9769
1303.00,28.9839
1303.50,29.0024
1304.00,29.0266
1304.50,29.0486
1305.00,29.0625
1305.50,29.0673
1306.00,29.0665
1306.50,29.0651
1307.00,29.0683
1307.50,29.0815
1308.00,29.1090
1308.50,29.1500
1309.00,29.1954
1309.50,29.2307
1310.00,29.2420
1310.50,29.2257
1311.00,29.1907
1311.50,29.1530
1312.00,29.1253
1312.50,29.1141
1313.00,29.1205
1313.50,29.1431
1314.00,29.1764
1314.50,29.2111
1315.00,29.2390
1315.50,29.2570
1316.00,29.2682
1316.50,29.2767
1317.00,29.2842
1317.50,29.2888
1318.00,29.2886
1318.50,29.2848
1319.00,29.2813
1319.50,29.2818
1320.00,29.2839
1320.50,29.2785
1321.00,29.2571
1321.50,29.2226
1322.00,29.1894
1322.50,29.1715
1323.00,29.1696
1323.50,29.1730
1324.00,29.1717
1324.50,29.1658
1325.00,29.1604
1325.50,29.1567
1326.00,29.1500
1326.50,29.1359
1327.00,29.1164
1327.50,29.0979
1328.00,29.0857
1328.50,29.0826
1329.00,29.0882
1329.50,29.0980
1330.00,29.1039
1330.50,29.0980
1331.00,29.0777
1331.50,29.0474
1332.00,29.0164
1332.50,28.9932
1333.00,28.9818
1333.50,28.9793
1334.00,28.9767
1334.50,28.9640
1335.00,28.9365
1335.50,28.8984
1336.00,28.8599
1336.50,28.8313
1337.00,28.8168
1337.50,28.8134
1338.00,28.8153
1338.50,28.8186
1339.00,28.8254
1339.50,28.8416
1340.00,28.8723
1340.50,28.9146
1341.00,28.9552
1341.50,28.9750
1342.00,28.9620
1342.50,28.9214
1343.00,28.8726
1343.50,28.8356
1344.00,28.8180
1344.50,28.8166
1345.00,28.8235
1345.50,28.8321
1346.00,28.8393
1346.50,28.8482
1347.00,28.8672
1347.50,28.9043
1348.00,28.9589
1348.50,29.0209
1349.00,29.0744
1349.50,29.1037
1350.00,29.0981
1350.50,29.0569
1351.00,28.9930
1351.50,28.9292
1352.00,28.8871
1352.50,28.8762
1353.00,28.8906
1353.50,28.9179
1354.00,28.9486
1354.50,28.9782
1355.00,29.0022
1355.50,29.0134
1356.00,29.0071
1356.50,28.9882
1357.00,28.9688
1357.50,28.9587
1358.00,28.9579
1358.50,28.9583
1359.00,28.9517
1359.50,28.9361
1360.00,28.9153
1360.50,28.8954
1361.00,28.8799
1361.50,28.8704
1362.00,28.8676
1362.50,28.8721
1363.00,28.8822
1363.50,28.8925
1364.00,28.8964
1364.50,28.8908
1365.00,28.8798
1365.50,28.8727
1366.00,28.8766
1366.50,28.8905
1367.00,28.9063
1367.50,28.9154
1368.00,28.9141
1368.50,28.9027
1369.00,28.8817
1369.50,28.8545
1370.00,28.8302
1370.50,28.8214
1371.00,28.8344
1371.50,28.8628
1372.00,28.8929
1372.50,28.9149
1373.00,28.9276
1373.50,28.9367
1374.00,28.9486
1374.50,28.9660
1375.00,28.9855
1375.50,29.0001
1376.00,29.0045
1376.50,28.9980
1377.00,28.9848
1377.50,28.9727
1378.00,28.9710
1378.50,28.9864
1379.00,29.0183
1379.50,29.0573
1380.00,29.0907
1380.50,29.1113
1381.00,29.1218
1381.50,29.1333
1382.00,29.1554
1382.50,29.1861
1383.00,29.2108
1383.50,29.2133
1384.00,29.1904
1384.50,29.1575
1385.00,29.1373
1385.50,29.1426
1386.00,29.1664
1386.50,29.1890
1387.00,29.1936
1387.50,29.1788
1388.00,29.1555
1388.50,29.1341
1389.00,29.1159
1389.50,29.0985
1390.00,29.0858
1390.50,29.0866
1391.00,29.1026
1391.50,29.1203
1392.00,29.1205
1392.50,29.0970
1393.00,29.0628
1393.50,29.0369
1394.00,29.0263
1394.50,29.0220
1395.00,29.0133
1395.50,29.0011
1396.00,28.9954
1396.50,29.0038
1397.00,29.0249
1397.50,29.0530
1398.00,29.0844
1398.50,29.1176
1399.00,29.1505
1399.50,29.1783
1400.00,29.1941
1400.50,29.1928
1401.00,29.1733
1401.50,29.1392
1402.00,29.0956
1402.50,29.0481
1403.00,29.0030
1403.50,28.9688
1404.00,28.9541
1404.50,28.9625
1405.00,28.9897
1405.50,29.0268
1406.00,29.0660
1406.50,29.1042
1407.00,29.1415
1407.50,29.1786
1408.00,29.2172
1408.50,29.2583
1409.00,29.2990
1409.50,29.3318
1410.00,29.3512
1410.50,29.3591
1411.00,29.3626
1411.50,29.3656
1412.00,29.3647
1412.50,29.3560
1413.00,29.3407
1413.50,29.3241
1414.00,29.3076
1414.50,29.2859
1415.00,29.2516
1415.50,29.2031
1416.00,29.1461
1416.50,29.0913
1417.00,29.0509
1417.50,29.0339
1418.00,29.0408
1418.50,29.0613
1419.00,29.0828
1419.50,29.0996
1420.00,29.1156
1420.50,29.1349
1421.00,29.1550
1421.50,29.1695
1422.00,29.1750
1422.50,29.1733
1423.00,29.1669
1423.50,29.1575
1424.00,29.1495
1424.50,29.1531
1425.00,29.1769
1425.50,29.2169
1426.00,29.2522
1426.50,29.2550
1427.00,29.2107
1427.50,29.1308
1428.00,29.0466
1428.50,28.9897
1429.00,28.9741
1429.50,28.9940
1430.00,29.0321
1430.50,29.0689
1431.00,29.0890
1431.50,29.0863
1432.00,29.0659
1432.50,29.0409
1433.00,29.0249
1433.50,29.0255
1434.00,29.0418
1434.50,29.0653
1435.00,29.0839
1435.50,29.0900
1436.00,29.0881
1436.50,29.0919
1437.00,29.1108
1437.50,29.1377
1438.00,29.1538
1438.50,29.1461
1439.00,29.1207
1439.50,29.0965
1440.00,29.0869
1440.50,29.0874
1441.00,29.0814
1441.50,29.0574
1442.00,29.0193
1442.50,28.9836
1443.00,28.9659
1443.50,28.9725
1444.00,28.9978
1444.50,29.0285
1445.00,29.0492
1445.50,29.0497
1446.00,29.0313
1446.50,29.0079
1447.00,28.9990
1447.50,29.0172
1448.00,29.0606
1448.50,29.1134
1449.00,29.1553
1449.50,29.1733
1450.00,29.1685
1450.50,29.1547
1451.00,29.1494
1451.50,29.1628
1452.00,29.1940
1452.50,29.2342
1453.00,29.2749
1453.50,29.3098
1454.00,29.3327
1454.50,29.3368
1455.00,29.3196
1455.50,29.2863
1456.00,29.2476
1456.50,29.2115
1457.00,29.1804
1457.50,29.1512
1458.00,29.1198
1458.50,29.0875
1459.00,29.0650
1459.50,29.0692
1460.00,29.1106
1460.50,29.1816
1461.00,29.2584
1461.50,29.3137
1462.00,29.3321
1462.50,29.3168
1463.00,29.2847
1463.50,29.2553
1464.00,29.2404
1464.50,29.2412
1465.00,29.2515
1465.50,29.2638
1466.00,29.2718
1466.50,29.2698
1467.00,29.2551
1467.50,29.2317
1468.00,29.2095
1468.50,29.1954
1469.00,29.1879
1469.50,29.1816
1470.00,29.1762
1470.50,29.1776
1471.00,29.1902
1471.50,29.2105
1472.00,29.2293
1472.50,29.2399
1473.00,29.2435
1473.50,29.2485
1474.00,29.2639
1474.50,29.2922
1475.00,29.3261
1475.50,29.3527
1476.00,29.3622
1476.50,29.3538
1477.00,29.3333
1477.50,29.3078
1478.00,29.2822
1478.50,29.2608
1479.00,29.2499
1479.50,29.2579
1480.00,29.2891
1480.50,29.3377
1481.00,29.3888
1481.50,29.4269
1482.00,29.4453
1482.50,29.4467
1483.00,29.4374
1483.50,29.4223
1484.00,29.4026
1484.50,29.3781
1485.00,29.3525
1485.50,29.3341
1486.00,29.3301
1486.50,29.3382
1487.00,29.3460
1487.50,29.3409
1488.00,29.3235
1488.50,29.3084
1489.00,29.3142
1489.50,29.3494
1490.00,29.4065
1490.50,29.4654
1491.00,29.5054
1491.50,29.5156
1492.00,29.4977
1492.50,29.4608
1493.00,29.4158
1493.50,29.3744
1494.00,29.3465
1494.50,29.3349
1495.00,29.3325
1495.50,29.3279
1496.00,29.3132
1496.50,29.2866
1497.00,29.2503
1497.50,29.2097
1498.00,29.1756
1498.50,29.1623
1499.00,29.1783
1499.50,29.2180
1500.00,29.2625
1500.50,29.2906
1501.00,29.2913
1501.50,29.2678
1502.00,29.2321
1502.50,29.1971
1503.00,29.1733
1503.50,29.1670
1504.00,29.1785
1504.50,29.2000
1505.00,29.2187
1505.50,29.2249
1506.00,29.2189
1506.50,29.2090
1507.00,29.2039
1507.50,29.2056
1508.00,29.2101
1508.50,29.2135
1509.00,29.2149
1509.50,29.2157
1510.00,29.2161
1510.50,29.2141
1511.00,29.2084
1511.50,29.2009
1512.00,29.1960
1512.50,29.1972
1513.00,29.2033
1513.50,29.2099
1514.00,29.2129
1514.50,29.2119
1515.00,29.2097
1515.50,29.2122
1516.00,29.2253
1516.50,29.2527
1517.00,29.2931
1517.50,29.3411
1518.00,29.3900
1518.50,29.4345
1519.00,29.4701
1519.50,29.4911
1520.00,29.4911
1520.50,29.4681
1521.00,29.4280
1521.50,29.3838
1522.00,29.3513
1522.50,29.3438
1523.00,29.3658
1523.50,29.4067
1524.00,29.4434
1524.50,29.4549
1525.00,29.4385
1525.50,29.4118
1526.00,29.3963
1526.50,29.3999
1527.00,29.4155
1527.50,29.4316
1528.00,29.4422
1528.50,29.4466
1529.00,29.4470
1529.50,29.4467
1530.00,29.4495
1530.50,29.4588
1531.00,29.4749
1531.50,29.4958
1532.00,29.5199
1532.50,29.5475
1533.00,29.5782
1533.50,29.6083
1534.00,29.6303
1534.50,29.6366
1535.00,29.6227
1535.50,29.5883
1536.00,29.5371
1536.50,29.4768
1537.00,29.4177
1537.50,29.3695
1538.00,29.3377
1538.50,29.3214
1539.00,29.3146
1539.50,29.3099
1540.00,29.3028
1540.50,29.2921
1541.00,29.2762
1541.50,29.2509
1542.00,29.2135
1542.50,29.1679
1543.00,29.1244
1543.50,29.0925
1544.00,29.0749
1544.50,29.0673
1545.00,29.0629
1545.50,29.0561
1546.00,29.0452
1546.50,29.0325
1547.00,29.0210
1547.50,29.0105
1548.00,28.9970
1548.50,28.9774
1549.00,28.9549
1549.50,28.9375
1550.00,28.9301
1550.50,28.9292
1551.00,28.9267
1551.50,28.9184
1552.00,28.9084
1552.50,28.9033
1553.00,28.9054
1553.50,28.9109
1554.00,28.9164
1554.50,28.9224
1555.00,28.9323
1555.50,28.9466
1556.00,28.9602
1556.50,28.9663
1557.00,28.9623
1557.50,28.9522
1558.00,28.9427
1558.50,28.9378
1559.00,28.9364
1559.50,28.9355
1560.00,28.9342
1560.50,28.9330
1561.00,28.9307
1561.50,28.9227
1562.00,28.9047
1562.50,28.8800
1563.00,28.8613
1563.50,28.8623
1564.00,28.8844
1564.50,28.9142
1565.00,28.9352
1565.50,28.9421
1566.00,28.9418
1566.50,28.9436
1567.00,28.9510
1567.50,28.9624
1568.00,28.9741
1568.50,28.9834
1569.00,28.9887
1569.50,28.9902
1570.00,28.9871
1570.50,28.9754
1571.00,28.9491
1571.50,28.9061
1572.00,28.8518
1572.50,28.7957
1573.00,28.7447
1573.50,28.6992
1574.00,28.6570
1574.50,28.6213
1575.00,28.6024
1575.50,28.6101
1576.00,28.6428
1576.50,28.6855
1577.00,28.7218
1577.50,28.7459
1578.00,28.7637
1578.50,28.7829
1579.00,28.8046
1579.50,28.8253
1580.00,28.8423
1580.50,28.8553
1581.00,28.8629
1581.50,28.8622
1582.00,28.8518
1582.50,28.8363
1583.00,28.8242
1583.50,28.8209
1584.00,28.8248
1584.50,28.8312
1585.00,28.8380
1585.50,28.8475
1586.00,28.8628
1586.50,28.8832
1587.00,28.9059
1587.50,28.9282
1588.00,28.9483
1588.50,28.9623
1589.00,28.9645
1589.50,28.9528
1590.00,28.9331
1590.50,28.9159
1591.00,28.9064
1591.50,28.8987
1592.00,28.8812
1592.50,28.8472
1593.00,28.7992
1593.50,28.7468
1594.00,28.7017
1594.50,28.6754
1595.00,28.6736
1595.50,28.6923
1596.00,28.7188
1596.50,28.7394
1597.00,28.7484
1597.50,28.7494
1598.00,28.7492
1598.50,28.7519
1599.00,28.7571
1599.50,28.7620
1600.00,28.7637
1600.50,28.7610
1601.00,28.7545
1601.50,28.7463
1602.00,28.7366
1602.50,28.7218
1603.00,28.6961
1603.50,28.6579
1604.00,28.6137
1604.50,28.5771
1605.00,28.5609
1605.50,28.5698
1606.00,28.5968
1606.50,28.6277
1607.00,28.6462
1607.50,28.6400
1608.00,28.6054
1608.50,28.5505
1609.00,28.4907
1609.50,28.4435
1610.00,28.4215
1610.50,28.4294
1611.00,28.4621
1611.50,28.5070
1612.00,28.5498
1612.50,28.5818
1613.00,28.6009
1613.50,28.6077
1614.00,28.6007
1614.50,28.5790
1615.00,28.5500
1615.50,28.5337
1616.00,28.5523
1616.50,28.6120
1617.00,28.6937
1617.50,28.7651
1618.00,28.8028
1618.50,28.8061
1619.00,28.7911
1619.50,28.7760
1620.00,28.7707
1620.50,28.7747
1621.00,28.7841
1621.50,28.7974
1622.00,28.8172
1622.50,28.8454
1623.00,28.8779
1623.50,28.9062
1624.00,28.9245
1624.50,28.9343
1625.00,28.9400
1625.50,28.9419
1626.00,28.9351
1626.50,28.9156
1627.00,28.8874
1627.50,28.8614
1628.00,28.8476
1628.50,28.8483
1629.00,28.8585
1629.50,28.8714
1630.00,28.8835
1630.50,28.8950
1631.00,28.9061
1631.50,28.9128
1632.00,28.9097
1632.50,28.8980
1633.00,28.8896
1633.50,28.9029
1634.00,28.9507
1634.50,29.0298
1635.00,29.1196
1635.50,29.1941
1636.00,29.2351
1636.50,29.2420
1637.00,29.2299
1637.50,29.2185
1638.00,29.2206
1638.50,29.2357
1639.00,29.2519
1639.50,29.2554
1640.00,29.2412
1640.50,29.2172
1641.00,29.1990
1641.50,29.1982
1642.00,29.2152
1642.50,29.2407
1643.00,29.2632
1643.50,29.2750
1644.00,29.2751
1644.50,29.2669
1645.00,29.2568
1645.50,29.2505
1646.00,29.2500
1646.50,29.2510
1647.00,29.2466
1647.50,29.2350
1648.00,29.2222
1648.50,29.2168
1649.00,29.2212
1649.50,29.2297
1650.00,29.2347
1650.50,29.2339
1651.00,29.2328
1651.50,29.2406
1652.00,29.2623
1652.50,29.2943
1653.00,29.3265
1653.50,29.3510
1654.00,29.3666
1654.50,29.3763
1655.00,29.3809
1655.50,29.3767
1656.00,29.3601
1656.50,29.3334
1657.00,29.3037
1657.50,29.2769
1658.00,29.2539
1658.50,29.2323
1659.00,29.2128
1659.50,29.2002
1660.00,29.1982
1660.50,29.2032
1661.00,29.2064
1661.50,29.2039
1662.00,29.2015
1662.50,29.2088
1663.00,29.2270
1663.50,29.2461
1664.00,29.2522
1664.50,29.2390
1665.00,29.2114
1665.50,29.1807
1666.00,29.1563
1666.50,29.1405
1667.00,29.1300
1667.50,29.1214
1668.00,29.1156
1668.50,29.1165
1669.00,29.1262
1669.50,29.1393
1670.00,29.1435
1670.50,29.1277
1671.00,29.0910
1671.50,29.0462
1672.00,29.0132
1672.50,29.0070
1673.00,29.0272
1673.50,29.0580
1674.00,29.0796
1674.50,29.0828
1675.00,29.0733
1675.50,29.0641
1676.00,29.0649
1676.50,29.0771
1677.00,29.0983
1677.50,29.1254
1678.00,29.1548
1678.50,29.1811
1679.00,29.1972
1679.50,29.1979
1680.00,29.1833
1680.50,29.1598
1681.00,29.1366
1681.50,29.1203
1682.00,29.1138
1682.50,29.1175
1683.00,29.1316
1683.50,29.1545
1684.00,29.1823
1684.50,29.2101
1685.00,29.2341
1685.50,29.2521
1686.00,29.2621
1686.50,29.2634
1687.00,29.2570
1687.50,29.2443
1688.00,29.2237
1688.50,29.1910
1689.00,29.1451
1689.50,29.0950
1690.00,29.0601
1690.50,29.0602
1691.00,29.1024
1691.50,29.1746
1692.00,29.2530
1692.50,29.3165
1693.00,29.3563
1693.50,29.3734
1694.00,29.3716
1694.50,29.3538
1695.00,29.3215
1695.50,29.2771
1696.00,29.2261
1696.50,29.1792
1697.00,29.1482
1697.50,29.1386
1698.00,29.1461
1698.50,29.1625
1699.00,29.1851
1699.50,29.2170
1700.00,29.2603
1700.50,29.3094
1701.00,29.3514
1701.50,29.3759
1702.00,29.3845
1702.50,29.3886
1703.00,29.3974
1703.50,29.4102
1704.00,29.4198
1704.50,29.4227
1705.00,29.4219
1705.50,29.4215
1706.00,29.4218
1706.50,29.4203
1707.00,29.4146
1707.50,29.4040
1708.00,29.3878
1708.50,29.3653
1709.00,29.3372
1709.50,29.3063
1710.00,29.2781
1710.50,29.2599
1711.00,29.2578
1711.50,29.2728
1712.00,29.3009
1712.50,29.3354
1713.00,29.3713
1713.50,29.4069
1714.00,29.4439
1714.50,29.4856
1715.00,29.5322
1715.50,29.5757
1716.00,29.6006
1716.50,29.5936
1717.00,29.5544
1717.50,29.4985
1718.00,29.4485
1718.50,29.4228
1719.00,29.4299
1719.50,29.4694
1720.00,29.5322
1720.50,29.6003
1721.00,29.6510
1721.50,29.6668
1722.00,29.6433
1722.50,29.5911
1723.00,29.5314
1723.50,29.4860
1724.00,29.4688
1724.50,29.4798
1725.00,29.5070
1725.50,29.5331
1726.00,29.5447
1726.50,29.5398
1727.00,29.5276
1727.50,29.5214
1728.00,29.5289
1728.50,29.5479
1729.00,29.5699
1729.50,29.5866
1730.00,29.5957
1730.50,29.6007
1731.00,29.6078
1731.50,29.6227
1732.00,29.6497
1732.50,29.6891
1733.00,29.7338
1733.50,29.7698
1734.00,29.7856
1734.50,29.7815
1735.00,29.7689
1735.50,29.7568
1736.00,29.7427
1736.50,29.7175
1737.00,29.6786
1737.50,29.6340
1738.00,29.5951
1738.50,29.5665
1739.00,29.5461
1739.50,29.5306
1740.00,29.5178
1740.50,29.5065
1741.00,29.4947
1741.50,29.4780
1742.00,29.4515
1742.50,29.4123
1743.00,29.3659
1743.50,29.3265
1744.00,29.3090
1744.50,29.3194
1745.00,29.3499
1745.50,29.3839
1746.00,29.4069
1746.50,29.4130
1747.00,29.4048
1747.50,29.3874
1748.00,29.3643
1748.50,29.3403
1749.00,29.3232
1749.50,29.3198
1750.00,29.3290
1750.50,29.3431
1751.00,29.3543
1751.50,29.3593
1752.00,29.3571
1752.50,29.3460
1753.00,29.3259
1753.50,29.3012
1754.00,29.2777
1754.50,29.2574
1755.00,29.2374
1755.50,29.2157
1756.00,29.1953
1756.50,29.1817
1757.00,29.1781
1757.50,29.1839
1758.00,29.1970
1758.50,29.2144
1759.00,29.2305
1759.50,29.2384
1760.00,29.2347
1760.50,29.2205
1761.00,29.1988
1761.50,29.1719
1762.00,29.1410
1762.50,29.1074
1763.00,29.0741
1763.50,29.0477
1764.00,29.0376
1764.50,29.0521
1765.00,29.0903
1765.50,29.1410
1766.00,29.1894
1766.50,29.2271
1767.00,29.2545
1767.50,29.2759
1768.00,29.2935
1768.50,29.3045
1769.00,29.3046
1769.50,29.2946
1770.00,29.2841
1770.50,29.2891
1771.00,29.3199
1771.50,29.3720
1772.00,29.4250
1772.50,29.4547
1773.00,29.4456
1773.50,29.3986
1774.00,29.3306
1774.50,29.2677
1775.00,29.2326
1775.50,29.2337
1776.00,29.2609
1776.50,29.2941
1777.00,29.3169
1777.50,29.3256
1778.00,29.3258
1778.50,29.3242
1779.00,29.3217
1779.50,29.3134
1780.00,29.2955
1780.50,29.2712
1781.00,29.2504
1781.50,29.2422
1782.00,29.2480
1782.50,29.2612
1783.00,29.2739
1783.50,29.2839
1784.00,29.2943
1784.50,29.3089
1785.00,29.3277
1785.50,29.3456
1786.00,29.3556
1786.50,29.3535
1787.00,29.3382
1787.50,29.3119
1788.00,29.2805
1788.50,29.2522
1789.00,29.2319
1789.50,29.2163
1790.00,29.1971
1790.50,29.1713
1791.00,29.1451
1791.50,29.1276
1792.00,29.1206
1792.50,29.1175
1793.00,29.1086
1793.50,29.0884
1794.00,29.0601
1794.50,29.0343
1795.00,29.0227
1795.50,29.0301
1796.00,29.0515
1796.50,29.0770
1797.00,29.0977
1797.50,29.1099
1798.00,29.1148
1798.50,29.1157
1799.00,29.1149
1799.50,29.1111
1800.00,29.1010
1800.50,29.0845
1801.00,29.0683
1801.50,29.0612
1802.00,29.0664
1802.50,29.0775
1803.00,29.0835
1803.50,29.0754
1804.00,29.0513
1804.50,29.0164
1805.00,28.9816
1805.50,28.9601
1806.00,28.9625
1806.50,28.9913
1807.00,29.0364
1807.50,29.0765
1808.00,29.0890
1808.50,29.0657
1809.00,29.0210
1809.50,28.9833
1810.00,28.9754
1810.50,29.0010
1811.00,29.0462
1811.50,29.0930
1812.00,29.1288
1812.50,29.1507
1813.00,29.1642
1813.50,29.1766
1814.00,29.1872
1814.50,29.1843
1815.00,29.1561
1815.50,29.1052
1816.00,29.0501
1816.50,29.0100
1817.00,28.9904
1817.50,28.9869
1818.00,28.9964
1818.50,29.0189
1819.00,29.0490
1819.50,29.0728
1820.00,29.0759
1820.50,29.0530
1821.00,29.0078
1821.50,28.9499
1822.00,28.8939
1822.50,28.8568
1823.00,28.8501
1823.50,28.8717
1824.00,28.9080
1824.50,28.9445
1825.00,28.9731
1825.50,28.9916
1826.00,29.0012
1826.50,29.0051
1827.00,29.0056
1827.50,29.0016
1828.00,28.9874
1828.50,28.9595
1829.00,28.9234
1829.50,28.8941
1830.00,28.8888
1830.50,28.9156
1831.00,28.9663
1831.50,29.0206
1832.00,29.0569
1832.50,29.0637
1833.00,29.0429
1833.50,29.0053
1834.00,28.9641
1834.50,28.9310
1835.00,28.9120
1835.50,28.9046
1836.00,28.8994
1836.50,28.8874
1837.00,28.8682
1837.50,28.8500
1838.00,28.8430
1838.50,28.8519
1839.00,28.8742
1839.50,28.9032
1840.00,28.9308
1840.50,28.9503
1841.00,28.9572
1841.50,28.9497
1842.00,28.9314
1842.50,28.9107
1843.00,28.8967
1843.50,28.8935
1844.00,28.8973
1844.50,28.8992
1845.00,28.8917
1845.50,28.8737
1846.00,28.8508
1846.50,28.8302
1847.00,28.8172
1847.50,28.8153
1848.00,28.8286
1848.50,28.8600
1849.00,28.9059
1849.50,28.9562
1850.00,28.9993
1850.50,29.0271
1851.00,29.0337
1851.50,29.0129
1852.00,28.9627
1852.50,28.8915
1853.00,28.8166
1853.50,28.7554
1854.00,28.7153
1854.50,28.6937
1855.00,28.6844
1855.50,28.6847
1856.00,28.6952
1856.50,28.7162
1857.00,28.7453
1857.50,28.7786
1858.00,28.8136
1858.50,28.8501
1859.00,28.8877
1859.50,28.9200
1860.00,28.9348
1860.50,28.9221
1861.00,28.8848
1861.50,28.8390
1862.00,28.8035
1862.50,28.7869
1863.00,28.7848
1863.50,28.7869
1864.00,28.7872
1864.50,28.7884
1865.00,28.7980
1865.50,28.8220
1866.00,28.8580
1866.50,28.8960
1867.00,28.9224
1867.50,28.9259
1868.00,28.9035
1868.50,28.8632
1869.00,28.8214
1869.50,28.7956
1870.00,28.7935
1870.50,28.8093
1871.00,28.8298
1871.50,28.8449
1872.00,28.8520
1872.50,28.8541
1873.00,28.8540
1873.50,28.8527
1874.00,28.8499
1874.50,28.8438
1875.00,28.8307
1875.50,28.8065
1876.00,28.7714
1876.50,28.7313
1877.00,28.6952
1877.50,28.6692
1878.00,28.6555
1878.50,28.6537
1879.00,28.6611
1879.50,28.6737
1880.00,28.6856
1880.50,28.6915
1881.00,28.6890
1881.50,28.6785
1882.00,28.6628
1882.50,28.6448
1883.00,28.6266
1883.50,28.6107
1884.00,28.6021
1884.50,28.6077
1885.00,28.6323
1885.50,28.6724
1886.00,28.7159
1886.50,28.7488
1887.00,28.7640
1887.50,28.7640
1888.00,28.7556
1888.50,28.7424
1889.00,28.7253
1889.50,28.7082
1890.00,28.6980
1890.50,28.6980
1891.00,28.7030
1891.50,28.7053
1892.00,28.7027
1892.50,28.6971
1893.00,28.6877
1893.50,28.6690
1894.00,28.6378
1894.50,28.6020
1895.00,28.5797
1895.50,28.5879
1896.00,28.6307
1896.50,28.6954
1897.00,28.7596
1897.50,28.8029
1898.00,28.8160
1898.50,28.8052
1899.00,28.7880
1899.50,28.7817
1900.00,28.7916
1900.50,28.8090
1901.00,28.8206
1901.50,28.8197
1902.00,28.8080
1902.50,28.7899
1903.00,28.7679
1903.50,28.7450
1904.00,28.7278
1904.50,28.7232
1905.00,28.7299
1905.50,28.7354
1906.00,28.7227
1906.50,28.6839
1907.00,28.6275
1907.50,28.5760
1908.00,28.5514
1908.50,28.5628
1909.00,28.6017
1909.50,28.6486
1910.00,28.6847
1910.50,28.6994
1911.00,28.6930
1911.50,28.6753
1912.00,28.6614
1912.50,28.6639
1913.00,28.6859
1913.50,28.7188
1914.00,28.7486
1914.50,28.7635
1915.00,28.7588
1915.50,28.7367
1916.00,28.7051
1916.50,28.6742
1917.00,28.6515
1917.50,28.6382
1918.00,28.6315
1918.50,28.6303
1919.00,28.6385
1919.50,28.6602
1920.00,28.6929
1920.50,28.7263
1921.00,28.7490
1921.50,28.7573
1922.00,28.7555
1922.50,28.7532
1923.00,28.7606
1923.50,28.7851
1924.00,28.8267
1924.50,28.8753
1925.00,28.9142
1925.50,28.9278
1926.00,28.9111
1926.50,28.8716
1927.00,28.8241
1927.50,28.7820
1928.00,28.7513
1928.50,28.7334
1929.00,28.7313
1929.50,28.7498
1930.00,28.7864
1930.50,28.8262
1931.00,28.8518
1931.50,28.8578
1932.00,28.8559
1932.50,28.8640
1933.00,28.8926
1933.50,28.9397
1934.00,28.9949
1934.50,29.0472
1935.00,29.0900
1935.50,29.1212
1936.00,29.1410
1936.50,29.1497
1937.00,29.1471
1937.50,29.1341
1938.00,29.1139
1938.50,29.0908
1939.00,29.0678
1939.50,29.0457
1940.00,29.0241
1940.50,29.0037
1941.00,28.9865
1941.50,28.9732
1942.00,28.9613
1942.50,28.9466
1943.00,28.9289
1943.50,28.9153
1944.00,28.9165
1944.50,28.9370
1945.00,28.9703
1945.50,29.0010
1946.00,29.0140
1946.50,29.0029
1947.00,28.9752
1947.50,28.9487
1948.00,28.9404
1948.50,28.9535
1949.00,28.9747
1949.50,28.9861
1950.00,28.9807
1950.50,28.9656
1951.00,28.9512
1951.50,28.9404
1952.00,28.9270
1952.50,28.9062
1953.00,28.8826
1953.50,28.8677
1954.00,28.8685
1954.50,28.8804
1955.00,28.8921
1955.50,28.8973
1956.00,28.8991
1956.50,28.9048
1957.00,28.9170
1957.50,28.9315
1958.00,28.9433
1958.50,28.9502
1959.00,28.9518
1959.50,28.9462
1960.00,28.9328
1960.50,28.9174
1961.00,28.9117
1961.50,28.9245
1962.00,28.9537
1962.50,28.9884
1963.00,29.0163
1963.50,29.0299
1964.00,29.0280
1964.50,29.0145
1965.00,28.9976
1965.50,28.9852
1966.00,28.9807
1966.50,28.9811
1967.00,28.9799
1967.50,28.9704
1968.00,28.9475
1968.50,28.9086
1969.00,28.8549
1969.50,28.7924
1970.00,28.7312
1970.50,28.6826
1971.00,28.6529
1971.50,28.6403
1972.00,28.6388
1972.50,28.6437
1973.00,28.6544
1973.50,28.6713
1974.00,28.6950
1974.50,28.7257
1975.00,28.7607
1975.50,28.7925
1976.00,28.8121
1976.50,28.8157
1977.00,28.8077
1977.50,28.7967
1978.00,28.7879
1978.50,28.7795
1979.00,28.7671
1979.50,28.7502
1980.00,28.7335
1980.50,28.7213
1981.00,28.7133
1981.50,28.7055
1982.00,28.6987
1982.50,28.7027
1983.00,28.7297
1983.50,28.7822
1984.00,28.8456
1984.50,28.8945
1985.00,28.9065
1985.50,28.8741
1986.00,28.8072
1986.50,28.7272
1987.00,28.6578
1987.50,28.6158
1988.00,28.6059
1988.50,28.6201
1989.00,28.6438
1989.50,28.6673
1990.00,28.6918
1990.50,28.7233
1991.00,28.7614
1991.50,28.7965
1992.00,28.8184
1992.50,28.8237
1993.00,28.8158
1993.50,28.7990
1994.00,28.7757
1994.50,28.7477
1995.00,28.7199
1995.50,28.6996
1996.00,28.6931
1996.50,28.7013
1997.00,28.7185
1997.50,28.7390
1998.00,28.7634
1998.50,28.7981
1999.00,28.8453
1999.50,28.8947
2000.00,28.9271
2000.50,28.9283
2001.00,28.9003
2001.50,28.8580
2002.00,28.8166
2002.50,28.7810
2003.00,28.7463
2003.50,28.7057
2004.00,28.6592
2004.50,28.6174
2005.00,28.5965
2005.50,28.6066
2006.00,28.6431
2006.50,28.6875
2007.00,28.7197
2007.50,28.7268
2008.00,28.7051
2008.50,28.6578
2009.00,28.5948
2009.50,28.5317
2010.00,28.4841
2010.50,28.4599
2011.00,28.4553
2011.50,28.4593
2012.00,28.4595
2012.50,28.4476
2013.00,28.4227
2013.50,28.3918
2014.00,28.3636
2014.50,28.3424
2015.00,28.3275
2015.50,28.3205
2016.00,28.3266
2016.50,28.3500
2017.00,28.3876
2017.50,28.4289
2018.00,28.4601
2018.50,28.4691
2019.00,28.4521
2019.50,28.4175
2020.00,28.3839
2020.50,28.3698
2021.00,28.3817
2021.50,28.4079
2022.00,28.4275
2022.50,28.4279
2023.00,28.4173
2023.50,28.4175
2024.00,28.4446
2024.50,28.4951
2025.00,28.5496
2025.50,28.5891
2026.00,28.6076
2026.50,28.6142
2027.00,28.6253
2027.50,28.6534
2028.00,28.6987
2028.50,28.7491
2029.00,28.7880
2029.50,28.8067
2030.00,28.8090
2030.50,28.8044
2031.00,28.7984
2031.50,28.7882
2032.00,28.7677
2032.50,28.7354
2033.00,28.6976
2033.50,28.6659
2034.00,28.6481
2034.50,28.6421
2035.00,28.6385
2035.50,28.6316
2036.00,28.6252
2036.50,28.6262
2037.00,28.6356
2037.50,28.6477
2038.00,28.6594
2038.50,28.6736
2039.00,28.6911
2039.50,28.7039
2040.00,28.6995
2040.50,28.6737
2041.00,28.6368
2041.50,28.6051
2042.00,28.5875
2042.50,28.5774
2043.00,28.5592
2043.50,28.5210
2044.00,28.4658
2044.50,28.4113
2045.00,28.3782
2045.50,28.3765
2046.00,28.4005
2046.50,28.4341
2047.00,28.4614
2047.50,28.4730
2048.00,28.4693
2048.50,28.4577
2049.00,28.4463
2049.50,28.4369
2050.00,28.4215
2050.50,28.3892
2051.00,28.3390
2051.50,28.2866
2052.00,28.2558
2052.50,28.2616
2053.00,28.3021
2053.50,28.3670
2054.00,28.4482
2054.50,28.5398
2055.00,28.6317
2055.50,28.7092
2056.00,28.7594
2056.50,28.7782
2057.00,28.7692
2057.50,28.7398
2058.00,28.6982
2058.50,28.6541
2059.00,28.6184
2059.50,28.5999
2060.00,28.6003
2060.50,28.6133
2061.00,28.6268
2061.50,28.6302
2062.00,28.6197
2062.50,28.5986
2063.00,28.5733
2063.50,28.5455
2064.00,28.5126
2064.50,28.4739
2065.00,28.4387
2065.50,28.4222
2066.00,28.4311
2066.50,28.4527
2067.00,28.4647
2067.50,28.4544
2068.00,28.4303
2068.50,28.4136
2069.00,28.4193
2069.50,28.4459
2070.00,28.4789
2070.50,28.5024
2071.00,28.5076
2071.50,28.4945
2072.00,28.4666
2072.50,28.4272
2073.00,28.3792
2073.50,28.3276
2074.00,28.2797
2074.50,28.2419
2075.00,28.2170
2075.50,28.2056
2076.00,28.2064
2076.50,28.2174
2077.00,28.2375
2077.50,28.2685
2078.00,28.3130
2078.50,28.3684
2079.00,28.4248
2079.50,28.4697
2080.00,28.4946
2080.50,28.4995
2081.00,28.4925
2081.50,28.4847
2082.00,28.4844
2082.50,28.4941
2083.00,28.5093
2083.50,28.5236
2084.00,28.5362
2084.50,28.5524
2085.00,28.5757
2085.50,28.5999
2086.00,28.6109
2086.50,28.5992
2087.00,28.5690
2087.50,28.5338
2088.00,28.5070
2088.50,28.4953
2089.00,28.4986
2089.50,28.5109
2090.00,28.5229
2090.50,28.5275
2091.00,28.5241
2091.50,28.5166
2092.00,28.5063
2092.50,28.4896
2093.00,28.4632
2093.50,28.4315
2094.00,28.4072
2094.50,28.4026
2095.00,28.4201
2095.50,28.4499
2096.00,28.4752
2096.50,28.4823
2097.00,28.4698
2097.50,28.4488
2098.00,28.4347
2098.50,28.4360
2099.00,28.4503
2099.50,28.4689
2100.00,28.4828
2100.50,28.4844
2101.00,28.4674
2101.50,28.4292
2102.00,28.3758
2102.50,28.3208
2103.00,28.2792
2103.50,28.2600
2104.00,28.2630
2104.50,28.2800
2105.00,28.2995
2105.50,28.3123
2106.00,28.3157
2106.50,28.3152
2107.00,28.3205
2107.50,28.3362
2108.00,28.3555
2108.50,28.3636
2109.00,28.3502
2109.50,28.3176
2110.00,28.2777
2110.50,28.2417
2111.00,28.2159
2111.50,28.2024
2112.00,28.2000
2112.50,28.2030
2113.00,28.2043
2113.50,28.2019
2114.00,28.2020
2114.50,28.2136
2115.00,28.2371
2115.50,28.2609
2116.00,28.2689
2116.50,28.2540
2117.00,28.2227
2117.50,28.1916
2118.00,28.1786
2118.50,28.1941
2119.00,28.2363
2119.50,28.2919
2120.00,28.3425
2120.50,28.3752
2121.00,28.3881
2121.50,28.3883
2122.00,28.3834
2122.50,28.3748
2123.00,28.3590
2123.50,28.3349
2124.00,28.3063
2124.50,28.2791
2125.00,28.2558
2125.50,28.2379
2126.00,28.2289
2126.50,28.2344
2127.00,28.2553
2127.50,28.2848
2128.00,28.3124
2128.50,28.3295
2129.00,28.3295
2129.50,28.3060
2130.00,28.2553
2130.50,28.1847
2131.00,28.1138
2131.50,28.0661
2132.00,28.0560
2132.50,28.0809
2133.00,28.1226
2133.50,28.1587
2134.00,28.1734
2134.50,28.1637
2135.00,28.1374
2135.50,28.1059
2136.00,28.0791
2136.50,28.0627
2137.00,28.0577
2137.50,28.0618
2138.00,28.0719
2138.50,28.0869
2139.00,28.1062
2139.50,28.1266
2140.00,28.1416
2140.50,28.1470
2141.00,28.1483
2141.50,28.1583
2142.00,28.1858
2142.50,28.2254
2143.00,28.2593
2143.50,28.2727
2144.00,28.2633
2144.50,28.2420
2145.00,28.2232
2145.50,28.2174
2146.00,28.2269
2146.50,28.2469
2147.00,28.2732
2147.50,28.3072
2148.00,28.3523
2148.50,28.4056
2149.00,28.4540
2149.50,28.4816
2150.00,28.4803
2150.50,28.4547
2151.00,28.4179
2151.50,28.3840
2152.00,28.3611
2152.50,28.3504
2153.00,28.3492
2153.50,28.3554
2154.00,28.3695
2154.50,28.3924
2155.00,28.4213
2155.50,28.4505
2156.00,28.4757
2156.50,28.4982
2157.00,28.5233
2157.50,28.5549
2158.00,28.5907
2158.50,28.6226
2159.00,28.6405
2159.50,28.6383
2160.00,28.6190
2160.50,28.5957
2161.00,28.5831
2161.50,28.5876
2162.00,28.6040
2162.50,28.6216
2163.00,28.6325
2163.50,28.6373
2164.00,28.6418
2164.50,28.6507
2165.00,28.6617
2165.50,28.6661
2166.00,28.6569
2166.50,28.6338
2167.00,28.6010
2167.50,28.5623
2168.00,28.5205
2168.50,28.4815
2169.00,28.4537
2169.50,28.4425
2170.00,28.4451
2170.50,28.4534
2171.00,28.4623
2171.50,28.4736
2172.00,28.4921
2172.50,28.5189
2173.00,28.5484
2173.50,28.5720
2174.00,28.5845
2174.50,28.5863
2175.00,28.5812
2175.50,28.5716
2176.00,28.5574
2176.50,28.5384
2177.00,28.5179
2177.50,28.5013
2178.00,28.4922
2178.50,28.4906
2179.00,28.4944
2179.50,28.5030
2180.00,28.5176
2180.50,28.5387
2181.00,28.5618
2181.50,28.5795
2182.00,28.5858
2182.50,28.5809
2183.00,28.5686
2183.50,28.5506
2184.00,28.5255
2184.50,28.4937
2185.00,28.4619
2185.50,28.4411
2186.00,28.4368
2186.50,28.4438
2187.00,28.4488
2187.50,28.4407
2188.00,28.4176
2188.50,28.3857
2189.00,28.3539
2189.50,28.3302
2190.00,28.3208
2190.50,28.3259
2191.00,28.3388
2191.50,28.3500
2192.00,28.3548
2192.50,28.3562
2193.00,28.3588
2193.50,28.3629
2194.00,28.3654
2194.50,28.3645
2195.00,28.3616
2195.50,28.3594
2196.00,28.3584
2196.50,28.3573
2197.00,28.3568
2197.50,28.3605
2198.00,28.3710
2198.50,28.3860
2199.00,28.3987
2199.50,28.4024
2200.00,28.3951
2200.50,28.3804
2201.00,28.3661
2201.50,28.3597
2202.00,28.3657
2202.50,28.3839
2203.00,28.4090
2203.50,28.4330
2204.00,28.4489
2204.50,28.4542
2205.00,28.4526
2205.50,28.4499
2206.00,28.4506
2206.50,28.4557
2207.00,28.4641
2207.50,28.4729
2208.00,28.4794
2208.50,28.4821
2209.00,28.4818
2209.50,28.4798
2210.00,28.4764
2210.50,28.4718
2211.00,28.4659
2211.50,28.4580
2212.00,28.4459
2212.50,28.4267
2213.00,28.3994
2213.50,28.3676
2214.00,28.3383
2214.50,28.3195
2215.00,28.3161
2215.50,28.3281
2216.00,28.3497
2216.50,28.3704
2217.00,28.3795
2217.50,28.3728
2218.00,28.3574
2218.50,28.3483
2219.00,28.3567
2219.50,28.3812
2220.00,28.4094
2220.50,28.4298
2221.00,28.4411
2221.50,28.4508
2222.00,28.4626
2222.50,28.4677
2223.00,28.4479
2223.50,28.3924
2224.00,28.3139
2224.50,28.2480
2225.00,28.2275
2225.50,28.2558
2226.00,28.3048
2226.50,28.3411
2227.00,28.3522
2227.50,28.3478
2228.00,28.3445
2228.50,28.3526
2229.00,28.3741
2229.50,28.4059
2230.00,28.4407
2230.50,28.4674
2231.00,28.4744
2231.50,28.4546
2232.00,28.4099
2232.50,28.3505
2233.00,28.2906
2233.50,28.2432
2234.00,28.2167
2234.50,28.2149
2235.00,28.2349
2235.50,28.2677
2236.00,28.2999
2236.50,28.3191
2237.00,28.3182
2237.50,28.2981
2238.00,28.2683
2238.50,28.2425
2239.00,28.2309
2239.50,28.2329
2240.00,28.2355
2240.50,28.2226
2241.00,28.1871
2241.50,28.1385
2242.00,28.0978
2242.50,28.0823
2243.00,28.0949
2243.50,28.1255
2244.00,28.1620
2244.50,28.1988
2245.00,28.2328
2245.50,28.2567
2246.00,28.2606
2246.50,28.2406
2247.00,28.2037
2247.50,28.1621
2248.00,28.1256
2248.50,28.0997
2249.00,28.0893
2249.50,28.0986
2250.00,28.1265
2250.50,28.1629
2251.00,28.1942
2251.50,28.2120
2252.00,28.2198
2252.50,28.2308
2253.00,28.2582
2253.50,28.3043
2254.00,28.3567
2254.50,28.3969
2255.00,28.4138
2255.50,28.4107
2256.00,28.4008
2256.50,28.3993
2257.00,28.4160
2257.50,28.4514
2258.00,28.4939
2258.50,28.5241
2259.00,28.5263
2259.50,28.5016
2260.00,28.4681
2260.50,28.4485
2261.00,28.4555
2261.50,28.4876
2262.00,28.5348
2262.50,28.5849
2263.00,28.6265
2263.50,28.6486
2264.00,28.6426
2264.50,28.6062
2265.00,28.5475
2265.50,28.4843
2266.00,28.4380
2266.50,28.4237
2267.00,28.4420
2267.50,28.4792
2268.00,28.5146
2268.50,28.5310
2269.00,28.5223
2269.50,28.4941
2270.00,28.4595
2270.50,28.4319
2271.00,28.4194
2271.50,28.4210
2272.00,28.4276
2272.50,28.4286
2273.00,28.4195
2273.50,28.4041
2274.00,28.3892
2274.50,28.3798
2275.00,28.3780
2275.50,28.3848
2276.00,28.3990
2276.50,28.4166
2277.00,28.4326
2277.50,28.4435
2278.00,28.4478
2278.50,28.4443
2279.00,28.4326
2279.50,28.4143
2280.00,28.3939
2280.50,28.3778
2281.00,28.3705
2281.50,28.3712
2282.00,28.3752
2282.50,28.3801
2283.00,28.3917
2283.50,28.4191
2284.00,28.4625
2284.50,28.5079
2285.00,28.5356
2285.50,28.5376
2286.00,28.5256
2286.50,28.5209
2287.00,28.5378
2287.50,28.5745
2288.00,28.6184
2288.50,28.6553
2289.00,28.6755
2289.50,28.6750
2290.00,28.6556
2290.50,28.6249
2291.00,28.5934
2291.50,28.5704
2292.00,28.5605
2292.50,28.5638
2293.00,28.5780
2293.50,28.5990
2294.00,28.6202
2294.50,28.6329
2295.00,28.6303
2295.50,28.6125
2296.00,28.5876
2296.50,28.5687
2297.00,28.5671
2297.50,28.5862
2298.00,28.6170
2298.50,28.6416
2299.00,28.6435
2299.50,28.6195
2300.00,28.5803
2300.50,28.5424
2301.00,28.5175
2301.50,28.5105
2302.00,28.5203
2302.50,28.5403
2303.00,28.5594
2303.50,28.5646
2304.00,28.5481
2304.50,28.5084
2305.00,28.4500
2305.50,28.3817
2306.00,28.3172
2306.50,28.2724
2307.00,28.2578
2307.50,28.2704
2308.00,28.2938
2308.50,28.3085
2309.00,28.3045
2309.50,28.2882
2310.00,28.2747
2310.50,28.2760
2311.00,28.2926
2311.50,28.3157
2312.00,28.3331
2312.50,28.3338
2313.00,28.3113
2313.50,28.2678
2314.00,28.2166
2314.50,28.1787
2315.00,28.1700
2315.50,28.1893
2316.00,28.2179
2316.50,28.2333
2317.00,28.2259
2317.50,28.2052
2318.00,28.1901
2318.50,28.1909
2319.00,28.2008
2319.50,28.2033
2320.00,28.1899
2320.50,28.1686
2321.00,28.1594
2321.50,28.1788
2322.00,28.2270
2322.50,28.2878
2323.00,28.3407
2323.50,28.3750
2324.00,28.3941
2324.50,28.4070
2325.00,28.4183
2325.50,28.4227
2326.00,28.4111
2326.50,28.3778
2327.00,28.3253
2327.50,28.2643
2328.00,28.2098
2328.50,28.1774
2329.00,28.1754
2329.50,28.2002
2330.00,28.2374
2330.50,28.2685
2331.00,28.2806
2331.50,28.2722
2332.00,28.2520
2332.50,28.2332
2333.00,28.2266
2333.50,28.2349
2334.00,28.2531
2334.50,28.2724
2335.00,28.2872
2335.50,28.2987
2336.00,28.3113
2336.50,28.3289
2337.00,28.3513
2337.50,28.3767
2338.00,28.4021
2338.50,28.4214
2339.00,28.4272
2339.50,28.4154
2340.00,28.3900
2340.50,28.3603
2341.00,28.3340
2341.50,28.3150
2342.00,28.3059
2342.50,28.3085
2343.00,28.3219
2343.50,28.3404
2344.00,28.3574
2344.50,28.3694
2345.00,28.3753
2345.50,28.3748
2346.00,28.3689
2346.50,28.3624
2347.00,28.3620
2347.50,28.3711
2348.00,28.3846
2348.50,28.3946
2349.00,28.4001
2349.50,28.4098
2350.00,28.4314
2350.50,28.4609
2351.00,28.4839
2351.50,28.4896
2352.00,28.4782
2352.50,28.4577
2353.00,28.4351
2353.50,28.4140
2354.00,28.3994
2354.50,28.3996
2355.00,28.4205
2355.50,28.4568
2356.00,28.4909
2356.50,28.5050
2357.00,28.4953
2357.50,28.4749
2358.00,28.4609
2358.50,28.4606
2359.00,28.4669
2359.50,28.4658
2360.00,28.4482
2360.50,28.4161
2361.00,28.3806
2361.50,28.3524
2362.00,28.3355
2362.50,28.3288
2363.00,28.3321
2363.50,28.3475
2364.00,28.3730
2364.50,28.3991
2365.00,28.4111
2365.50,28.3976
2366.00,28.3567
2366.50,28.2952
2367.00,28.2267
2367.50,28.1679
2368.00,28.1308
2368.50,28.1151
2369.00,28.1083
2369.50,28.0978
2370.00,28.0834
2370.50,28.0788
2371.00,28.0995
2371.50,28.1468
2372.00,28.2033
2372.50,28.2433
2373.00,28.2501
2373.50,28.2262
2374.00,28.1899
2374.50,28.1621
2375.00,28.1570
2375.50,28.1803
2376.00,28.2284
2376.50,28.2867
2377.00,28.3320
2377.50,28.3451
2378.00,28.3240
2378.50,28.2855
2379.00,28.2511
2379.50,28.2319
2380.00,28.2249
2380.50,28.2211
2381.00,28.2139
2381.50,28.2026
2382.00,28.1911
2382.50,28.1841
2383.00,28.1856
2383.50,28.1987
2384.00,28.2249
2384.50,28.2623
2385.00,28.3038
2385.50,28.3395
2386.00,28.3618
2386.50,28.3709
2387.00,28.3726
2387.50,28.3721
2388.00,28.3685
2388.50,28.3550
2389.00,28.3255
2389.50,28.2822
2390.00,28.2370
2390.50,28.2044
2391.00,28.1909
2391.50,28.1924
2392.00,28.1982
2392.50,28.1996
2393.00,28.1922
2393.50,28.1766
2394.00,28.1557
2394.50,28.1330
2395.00,28.1094
2395.50,28.0849
2396.00,28.0629
2396.50,28.0496
2397.00,28.0492
2397.50,28.0591
2398.00,28.0730
2398.50,28.0884
2399.00,28.1080
2399.50,28.1331
2400.00,28.1566
2400.50,28.1671
2401.00,28.1572
2401.50,28.1292
2402.00,28.0910
2402.50,28.0501
2403.00,28.0107
2403.50,27.9720
2404.00,27.9308
2404.50,27.8879
2405.00,27.8543
2405.50,27.8467
2406.00,27.8727
2406.50,27.9214
2407.00,27.9714
2407.50,28.0084
2408.00,28.0320
2408.50,28.0483
2409.00,28.0588
2409.50,28.0598
2410.00,28.0498
2410.50,28.0358
2411.00,28.0291
2411.50,28.0387
2412.00,28.0664
2412.50,28.1055
2413.00,28.1434
2413.50,28.1672
2414.00,28.1702
2414.50,28.1559
2415.00,28.1336
2415.50,28.1110
2416.00,28.0906
2416.50,28.0710
2417.00,28.0521
2417.50,28.0364
2418.00,28.0289
2418.50,28.0347
2419.00,28.0572
2419.50,28.0949
2420.00,28.1399
2420.50,28.1789
2421.00,28.1983
2421.50,28.1925
2422.00,28.1678
2422.50,28.1406
2423.00,28.1304
2423.50,28.1497
2424.00,28.1983
2424.50,28.2618
2425.00,28.3178
2425.50,28.3470
2426.00,28.3431
2426.50,28.3165
2427.00,28.2869
2427.50,28.2720
2428.00,28.2791
2428.50,28.3035
2429.00,28.3352
2429.50,28.3643
2430.00,28.3851
2430.50,28.3946
2431.00,28.3904
2431.50,28.3723
2432.00,28.3457
2432.50,28.3212
2433.00,28.3072
2433.50,28.3035
2434.00,28.3044
2434.50,28.3072
2435.00,28.3163
2435.50,28.3365
2436.00,28.3649
2436.50,28.3918
2437.00,28.4112
2437.50,28.4282
2438.00,28.4544
2438.50,28.4960
2439.00,28.5470
2439.50,28.5936
2440.00,28.6252
2440.50,28.6390
2441.00,28.6372
2441.50,28.6186
2442.00,28.5798
2442.50,28.5216
2443.00,28.4552
2443.50,28.3979
2444.00,28.3634
2444.50,28.3573
2445.00,28.3795
2445.50,28.4264
2446.00,28.4887
2446.50,28.5508
2447.00,28.5962
2447.50,28.6160
2448.00,28.6117
2448.50,28.5925
2449.00,28.5700
2449.50,28.5540
2450.00,28.5484
2450.50,28.5510
2451.00,28.5590
2451.50,28.5743
2452.00,28.6012
2452.50,28.6372
2453.00,28.6688
2453.50,28.6799
2454.00,28.6650
2454.50,28.6344
2455.00,28.6054
2455.50,28.5909
2456.00,28.5945
2456.50,28.6123
2457.00,28.6377
2457.50,28.6649
2458.00,28.6888
2458.50,28.7047
2459.00,28.7087
2459.50,28.6989
2460.00,28.6762
2460.50,28.6442
2461.00,28.6086
2461.50,28.5759
2462.00,28.5518
2462.50,28.5390
2463.00,28.5370
2463.50,28.5426
2464.00,28.5495
2464.50,28.5483
2465.00,28.5315
2465.50,28.5026
2466.00,28.4773
2466.50,28.4740
2467.00,28.4987
2467.50,28.5403
2468.00,28.5786
2468.50,28.5977
2469.00,28.5928
2469.50,28.5696
2470.00,28.5387
2470.50,28.5101
2471.00,28.4893
2471.50,28.4774
2472.00,28.4731
2472.50,28.4717
2473.00,28.4643
2473.50,28.4423
2474.00,28.4058
2474.50,28.3651
2475.00,28.3340
2475.50,28.3189
2476.00,28.3174
2476.50,28.3243
2477.00,28.3356
2477.50,28.3470
2478.00,28.3536
2478.50,28.3528
2479.00,28.3471
2479.50,28.3438
2480.00,28.3507
2480.50,28.3698
2481.00,28.3945
2481.50,28.4116
2482.00,28.4107
2482.50,28.3919
2483.00,28.3667
2483.50,28.3484
2484.00,28.3415
2484.50,28.3382
2485.00,28.3252
2485.50,28.2935
2486.00,28.2445
2486.50,28.1854
2487.00,28.1243
2487.50,28.0693
2488.00,28.0326
2488.50,28.0289
2489.00,28.0664
2489.50,28.1358
2490.00,28.2121
2490.50,28.2687
2491.00,28.2940
2491.50,28.2950
2492.00,28.2879
2492.50,28.2857
2493.00,28.2906
2493.50,28.2954
2494.00,28.2905
2494.50,28.2729
2495.00,28.2483
2495.50,28.2258
2496.00,28.2094
2496.50,28.1975
2497.00,28.1883
2497.50,28.1849
2498.00,28.1926
2498.50,28.2128
2499.00,28.2386
2499.50,28.2566
2500.00,28.2546
2500.50,28.2275
2501.00,28.1793
2501.50,28.1205
2502.00,28.0653
2502.50,28.0307
2503.00,28.0296
2503.50,28.0624
2504.00,28.1131
2504.50,28.1589
2505.00,28.1860
2505.50,28.1955
2506.00,28.1968
2506.50,28.1964
2507.00,28.1950
2507.50,28.1896
2508.00,28.1766
2508.50,28.1531
2509.00,28.1194
2509.50,28.0814
2510.00,28.0513
2510.50,28.0411
2511.00,28.0557
2511.50,28.0910
2512.00,28.1383
2512.50,28.1898
2513.00,28.2386
2513.50,28.2774
2514.00,28.2997
2514.50,28.3035
2515.00,28.2921
2515.50,28.2728
2516.00,28.2533
2516.50,28.2390
2517.00,28.2323
2517.50,28.2333
2518.00,28.2394
2518.50,28.2442
2519.00,28.2407
2519.50,28.2275
2520.00,28.2123
2520.50,28.2059
2521.00,28.2124
2521.50,28.2237
2522.00,28.2265
2522.50,28.2145
2523.00,28.1940
2523.50,28.1782
2524.00,28.1760
2524.50,28.1852
2525.00,28.1950
2525.50,28.1932
2526.00,28.1748
2526.50,28.1446
2527.00,28.1145
2527.50,28.0965
2528.00,28.0965
2528.50,28.1123
2529.00,28.1353
2529.50,28.1564
2530.00,28.1701
2530.50,28.1760
2531.00,28.1770
2531.50,28.1774
2532.00,28.1816
2532.50,28.1911
2533.00,28.2033
2533.50,28.2120
2534.00,28.2114
2534.50,28.2003
2535.00,28.1818
2535.50,28.1625
2536.00,28.1505
2536.50,28.1518
2537.00,28.1668
2537.50,28.1890
2538.00,28.2097
2538.50,28.2259
2539.00,28.2416
2539.50,28.2593
2540.00,28.2743
2540.50,28.2786
2541.00,28.2701
2541.50,28.2544
2542.00,28.2357
2542.50,28.2092
2543.00,28.1656
2543.50,28.1057
2544.00,28.0465
2544.50,28.0094
2545.00,28.0040
2545.50,28.0226
2546.00,28.0512
2546.50,28.0800
2547.00,28.1046
2547.50,28.1213
2548.00,28.1264
2548.50,28.1179
2549.00,28.0992
2549.50,28.0794
2550.00,28.0706
2550.50,28.0794
2551.00,28.1006
2551.50,28.1194
2552.00,28.1236
2552.50,28.1138
2553.00,28.1034
2553.50,28.1065
2554.00,28.1263
2554.50,28.1545
2555.00,28.1788
2555.50,28.1929
2556.00,28.1964
2556.50,28.1912
2557.00,28.1774
2557.50,28.1554
2558.00,28.1277
2558.50,28.0997
2559.00,28.0766
2559.50,28.0616
2560.00,28.0556
2560.50,28.0590
2561.00,28.0722
2561.50,28.0958
2562.00,28.1299
2562.50,28.1713
2563.00,28.2116
2563.50,28.2403
2564.00,28.2502
2564.50,28.2424
2565.00,28.2260
2565.50,28.2134
2566.00,28.2135
2566.50,28.2269
2567.00,28.2458
2567.50,28.2593
2568.00,28.2619
2568.50,28.2573
2569.00,28.2547
2569.50,28.2616
2570.00,28.2785
2570.50,28.3000
2571.00,28.3196
2571.50,28.3340
2572.00,28.3432
2572.50,28.3463
2573.00,28.3386
2573.50,28.3141
2574.00,28.2724
2574.50,28.2224
2575.00,28.1799
2575.50,28.1570
2576.00,28.1541
2576.50,28.1587
2577.00,28.1542
2577.50,28.1330
2578.00,28.1027
2578.50,28.0790
2579.00,28.0720
2579.50,28.0786
2580.00,28.0862
2580.50,28.0807
2581.00,28.0552
2581.50,28.0136
2582.00,27.9709
2582.50,27.9450
2583.00,27.9445
2583.50,27.9621
2584.00,27.9822
2584.50,27.9948
2585.00,28.0024
2585.50,28.0131
2586.00,28.0291
2586.50,28.0435
2587.00,28.0481
2587.50,28.0416
2588.00,28.0296
2588.50,28.0181
2589.00,28.0088
2589.50,28.0007
2590.00,27.9947
2590.50,27.9951
2591.00,28.0069
2591.50,28.0322
2592.00,28.0664
2592.50,28.0975
2593.00,28.1113
2593.50,28.1003
2594.00,28.0693
2594.50,28.0345
2595.00,28.0157
2595.50,28.0253
2596.00,28.0593
2596.50,28.0977
2597.00,28.1161
2597.50,28.1023
2598.00,28.0621
2598.50,28.0137
2599.00,27.9738
2599.50,27.9501
2600.00,27.9401
2600.50,27.9363
2601.00,27.9321
2601.50,27.9270
2602.00,27.9247
2602.50,27.9292
2603.00,27.9401
2603.50,27.9534
2604.00,27.9630
2604.50,27.9635
2605.00,27.9527
2605.50,27.9335
2606.00,27.9147
2606.50,27.9060
2607.00,27.9115
2607.50,27.9281
2608.00,27.9496
2608.50,27.9738
2609.00,28.0046
2609.50,28.0454
2610.00,28.0922
2610.50,28.1339
2611.00,28.1603
2611.50,28.1706
2612.00,28.1748
2612.50,28.1856
2613.00,28.2077
2613.50,28.2338
2614.00,28.2505
2614.50,28.2503
2615.00,28.2385
2615.50,28.2285
2616.00,28.2295
2616.50,28.2397
2617.00,28.2500
2617.50,28.2532
2618.00,28.2491
2618.50,28.2428
2619.00,28.2382
2619.50,28.2369
2620.00,28.2404
2620.50,28.2517
2621.00,28.2721
2621.50,28.2963
2622.00,28.3122
2622.50,28.3086
2623.00,28.2851
2623.50,28.2538
2624.00,28.2316
2624.50,28.2300
2625.00,28.2512
2625.50,28.2904
2626.00,28.3369
2626.50,28.3744
2627.00,28.3874
2627.50,28.3725
2628.00,28.3439
2628.50,28.3224
2629.00,28.3195
2629.50,28.3304
2630.00,28.3426
2630.50,28.3491
2631.00,28.3530
2631.50,28.3603
2632.00,28.3705
2632.50,28.3754
2633.00,28.3675
2633.50,28.3468
2634.00,28.3192
2634.50,28.2911
2635.00,28.2659
2635.50,28.2469
2636.00,28.2374
2636.50,28.2374
2637.00,28.2418
2637.50,28.2434
2638.00,28.2374
2638.50,28.2243
2639.00,28.2093
2639.50,28.1998
2640.00,28.2029
2640.50,28.2188
2641.00,28.2381
2641.50,28.2463
2642.00,28.2354
2642.50,28.2116
2643.00,28.1903
2643.50,28.1841
2644.00,28.1945
2644.50,28.2152
2645.00,28.2390
2645.50,28.2613
2646.00,28.2774
2646.50,28.2804
2647.00,28.2646
2647.50,28.2311
2648.00,28.1877
2648.50,28.1444
2649.00,28.1076
2649.50,28.0798
2650.00,28.0594
2650.50,28.0419
2651.00,28.0233
2651.50,28.0049
2652.00,27.9943
2652.50,28.0000
2653.00,28.0235
2653.50,28.0568
2654.00,28.0859
2654.50,28.0980
2655.00,28.0875
2655.50,28.0591
2656.00,28.0247
2656.50,27.9968
2657.00,27.9814
2657.50,27.9761
2658.00,27.9759
2658.50,27.9786
2659.00,27.9838
2659.50,27.9876
2660.00,27.9818
2660.50,27.9591
2661.00,27.9207
2661.50,27.8757
2662.00,27.8328
2662.50,27.7962
2663.00,27.7661
2663.50,27.7454
2664.00,27.7403
2664.50,27.7538
2665.00,27.7792
2665.50,27.8024
2666.00,27.8119
2666.50,27.8063
2667.00,27.7929
2667.50,27.7776
2668.00,27.7604
2668.50,27.7385
2669.00,27.7135
2669.50,27.6937
2670.00,27.6875
2670.50,27.6945
2671.00,27.7026
2671.50,27.6970
2672.00,27.6743
2672.50,27.6472
2673.00,27.6346
2673.50,27.6467
2674.00,27.6808
2674.50,27.7264
2675.00,27.7740
2675.50,27.8193
2676.00,27.8626
2676.50,27.9038
2677.00,27.9398
2677.50,27.9675
2678.00,27.9884
2678.50,28.0089
2679.00,28.0342
2679.50,28.0623
2680.00,28.0848
2680.50,28.0938
2681.00,28.0895
2681.50,28.0807
2682.00,28.0774
2682.50,28.0827
2683.00,28.0908
2683.50,28.0938
2684.00,28.0880
2684.50,28.0745
2685.00,28.0545
2685.50,28.0282
2686.00,27.9988
2686.50,27.9736
2687.00,27.9589
2687.50,27.9556
2688.00,27.9605
2688.50,27.9707
2689.00,27.9858
2689.50,28.0038
2690.00,28.0199
2690.50,28.0288
2691.00,28.0298
2691.50,28.0279
2692.00,28.0299
2692.50,28.0381
2693.00,28.0467
2693.50,28.0476
2694.00,28.0393
2694.50,28.0302
2695.00,28.0315
2695.50,28.0455
2696.00,28.0620
2696.50,28.0649
2697.00,28.0440
2697.50,28.0031
2698.00,27.9577
2698.50,27.9239
2699.00,27.9053
2699.50,27.8918
2700.00,27.8706
2700.50,27.8397
2701.00,27.8110
2701.50,27.7995
2702.00,27.8109
2702.50,27.8390
2703.00,27.8720
2703.50,27.8984
2704.00,27.9116
2704.50,27.9099
2705.00,27.8978
2705.50,27.8841
2706.00,27.8776
2706.50,27.8824
2707.00,27.8966
2707.50,27.9140
2708.00,27.9283
2708.50,27.9358
2709.00,27.9380
2709.50,27.9407
2710.00,27.9488
2710.50,27.9623
2711.00,27.9775
2711.50,27.9940
2712.00,28.0170
2712.50,28.0511
2713.00,28.0908
2713.50,28.1201
2714.00,28.1231
2714.50,28.0965
2715.00,28.0520
2715.50,28.0090
2716.00,27.9841
2716.50,27.9842
2717.00,28.0008
2717.50,28.0135
2718.00,28.0016
2718.50,27.9591
2719.00,27.8995
2719.50,27.8452
2720.00,27.8116
2720.50,27.8007
2721.00,27.8074
2721.50,27.8272
2722.00,27.8551
2722.50,27.8815
2723.00,27.8920
2723.50,27.8757
2724.00,27.8317
2724.50,27.7693
2725.00,27.7013
2725.50,27.6384
2726.00,27.5873
2726.50,27.5559
2727.00,27.5554
2727.50,27.5936
2728.00,27.6633
2728.50,27.7394
2729.00,27.7928
2729.50,27.8082
2730.00,27.7921
2730.50,27.7651
2731.00,27.7456
2731.50,27.7376
2732.00,27.7311
2732.50,27.7131
2733.00,27.6813
2733.50,27.6484
2734.00,27.6327
2734.50,27.6434
2735.00,27.6727
2735.50,27.7014
2736.00,27.7127
2736.50,27.7039
2737.00,27.6847
2737.50,27.6681
2738.00,27.6619
2738.50,27.6675
2739.00,27.6807
2739.50,27.6953
2740.00,27.7070
2740.50,27.7176
2741.00,27.7336
2741.50,27.7590
2742.00,27.7874
2742.50,27.8036
2743.00,27.7961
2743.50,27.7671
2744.00,27.7316
2744.50,27.7067
2745.00,27.7040
2745.50,27.7276
2746.00,27.7736
2746.50,27.8303
2747.00,27.8844
2747.50,27.9293
2748.00,27.9660
2748.50,27.9969
2749.00,28.0177
2749.50,28.0196
2750.00,27.9977
2750.50,27.9592
2751.00,27.9220
2751.50,27.9055
2752.00,27.9179
2752.50,27.9505
2753.00,27.9812
2753.50,27.9860
2754.00,27.9525
2754.50,27.8867
2755.00,27.8103
2755.50,27.7486
2756.00,27.7188
2756.50,27.7230
2757.00,27.7493
2757.50,27.7773
2758.00,27.7887
2758.50,27.7772
2759.00,27.7532
2759.50,27.7353
2760.00,27.7354
2760.50,27.7495
2761.00,27.7611
2761.50,27.7536
2762.00,27.7234
2762.50,27.6808
2763.00,27.6419
2763.50,27.6190
2764.00,27.6166
2764.50,27.6322
2765.00,27.6555
2765.50,27.6706
2766.00,27.6637
2766.50,27.6334
2767.00,27.5934
2767.50,27.5608
2768.00,27.5433
2768.50,27.5354
2769.00,27.5295
2769.50,27.5241
2770.00,27.5240
2770.50,27.5313
2771.00,27.5431
2771.50,27.5556
2772.00,27.5693
2772.50,27.5872
2773.00,27.6096
2773.50,27.6350
2774.00,27.6631
2774.50,27.6947
2775.00,27.7292
2775.50,27.7622
2776.00,27.7873
2776.50,27.7995
2777.00,27.7970
2777.50,27.7810
2778.00,27.7545
2778.50,27.7222
2779.00,27.6933
2779.50,27.6818
2780.00,27.7000
2780.50,27.7473
2781.00,27.8059
2781.50,27.8503
2782.00,27.8633
2782.50,27.8445
2783.00,27.8082
2783.50,27.7738
2784.00,27.7550
2784.50,27.7518
2785.00,27.7535
2785.50,27.7486
2786.00,27.7353
2786.50,27.7208
2787.00,27.7131
2787.50,27.7139
2788.00,27.7194
2788.50,27.7248
2789.00,27.7272
2789.50,27.7247
2790.00,27.7151
2790.50,27.6946
2791.00,27.6601
2791.50,27.6133
2792.00,27.5619
2792.50,27.5174
2793.00,27.4886
2793.50,27.4779
2794.00,27.4827
2794.50,27.4997
2795.00,27.5250
2795.50,27.5528
2796.00,27.5744
2796.50,27.5814
2797.00,27.5715
2797.50,27.5501
2798.00,27.5259
2798.50,27.5030
2799.00,27.4787
2799.50,27.4500
2800.00,27.4220
2800.50,27.4069
2801.00,27.4121
2801.50,27.4294
2802.00,27.4403
2802.50,27.4332
2803.00,27.4152
2803.50,27.4048
2804.00,27.4145
2804.50,27.4426
2805.00,27.4809
2805.50,27.5239
2806.00,27.5716
2806.50,27.6238
2807.00,27.6769
2807.50,27.7251
2808.00,27.7621
2808.50,27.7846
2809.00,27.7934
2809.50,27.7916
2810.00,27.7799
2810.50,27.7564
2811.00,27.7216
2811.50,27.6824
2812.00,27.6506
2812.50,27.6370
2813.00,27.6467
2813.50,27.6763
2814.00,27.7159
2814.50,27.7529
2815.00,27.7772
2815.50,27.7846
2816.00,27.7771
2816.50,27.7614
2817.00,27.7464
2817.50,27.7400
2818.00,27.7452
2818.50,27.7593
2819.00,27.7751
2819.50,27.7837
2820.00,27.7781
2820.50,27.7562
2821.00,27.7237
2821.50,27.6939
2822.00,27.6807
2822.50,27.6888
2823.00,27.7103
2823.50,27.7303
2824.00,27.7359
2824.50,27.7205
2825.00,27.6841
2825.50,27.6318
2826.00,27.5748
2826.50,27.5278
2827.00,27.5049
2827.50,27.5142
2828.00,27.5523
2828.50,27.6044
2829.00,27.6491
2829.50,27.6699
2830.00,27.6649
2830.50,27.6460
2831.00,27.6282
2831.50,27.6174
2832.00,27.6081
2832.50,27.5922
2833.00,27.5692
2833.50,27.5466
2834.00,27.5328
2834.50,27.5313
2835.00,27.5404
2835.50,27.5544
2836.00,27.5638
2836.50,27.5567
2837.00,27.5270
2837.50,27.4806
2838.00,27.4344
2838.50,27.4032
2839.00,27.3873
2839.50,27.3737
2840.00,27.3517
2840.50,27.3253
2841.00,27.3103
2841.50,27.3181
2842.00,27.3454
2842.50,27.3792
2843.00,27.4096
2843.50,27.4362
2844.00,27.4617
2844.50,27.4841
2845.00,27.4963
2845.50,27.4925
2846.00,27.4744
2846.50,27.4510
2847.00,27.4331
2847.50,27.4274
2848.00,27.4333
2848.50,27.4431
2849.00,27.4474
2849.50,27.4408
2850.00,27.4254
2850.50,27.4095
2851.00,27.4037
2851.50,27.4152
2852.00,27.4424
2852.50,27.4738
2853.00,27.4957
2853.50,27.5029
2854.00,27.5048
2854.50,27.5185
2855.00,27.5537
2855.50,27.6037
2856.00,27.6486
2856.50,27.6699
2857.00,27.6621
2857.50,27.6325
2858.00,27.5924
2858.50,27.5493
