0.00,0.0000
0.50,0.3821
1.00,0.8758
1.50,1.4245
2.00,1.9706
2.50,2.4798
3.00,2.9425
3.50,3.3605
4.00,3.7376
4.50,4.0756
5.00,4.3750
5.50,4.6381
6.00,4.8708
6.50,5.0821
7.00,5.2777
7.50,5.4555
8.00,5.6116
8.50,5.7484
9.00,5.8775
9.50,6.0119
10.00,6.1573
10.50,6.3098
11.00,6.4572
11.50,6.5855
12.00,6.6874
12.50,6.7700
13.00,6.8517
13.50,6.9471
14.00,7.0565
14.50,7.1684
15.00,7.2718
15.50,7.3620
16.00,7.4403
16.50,7.5128
17.00,7.5896
17.50,7.6803
18.00,7.7831
18.50,7.8821
19.00,7.9576
19.50,8.0001
20.00,8.0155
20.50,8.0177
21.00,8.0201
21.50,8.0335
22.00,8.0663
22.50,8.1220
23.00,8.1920
23.50,8.2560
24.00,8.2928
24.50,8.2961
25.00,8.2785
25.50,8.2610
26.00,8.2587
26.50,8.2752
27.00,8.3065
27.50,8.3473
28.00,8.3934
28.50,8.4404
29.00,8.4836
29.50,8.5196
30.00,8.5493
30.50,8.5793
31.00,8.6188
31.50,8.6735
32.00,8.7399
32.50,8.8081
33.00,8.8713
33.50,8.9303
34.00,8.9869
34.50,9.0354
35.00,9.0660
35.50,9.0763
36.00,9.0761
36.50,9.0798
37.00,9.0971
37.50,9.1301
38.00,9.1771
38.50,9.2346
39.00,9.2954
39.50,9.3465
40.00,9.3759
40.50,9.3812
41.00,9.3721
41.50,9.3645
42.00,9.3725
42.50,9.4030
43.00,9.4555
43.50,9.5223
44.00,9.5921
44.50,9.6559
45.00,9.7116
45.50,9.7627
46.00,9.8134
46.50,9.8631
47.00,9.9065
47.50,9.9384
48.00,9.9578
48.50,9.9697
49.00,9.9828
49.50,10.0070
50.00,10.0477
50.50,10.1008
51.00,10.1515
51.50,10.1826
52.00,10.1874
52.50,10.1765
53.00,10.1709
53.50,10.1875
54.00,10.2305
54.50,10.2924
55.00,10.3604
55.50,10.4238
56.00,10.4787
56.50,10.5289
57.00,10.5802
57.50,10.6349
58.00,10.6900
58.50,10.7408
59.00,10.7824
59.50,10.8073
60.00,10.8074
60.50,10.7798
61.00,10.7340
61.50,10.6910
62.00,10.6729
62.50,10.6928
63.00,10.7498
63.50,10.8317
64.00,10.9222
64.50,11.0055
65.00,11.0718
65.50,11.1197
66.00,11.1553
66.50,11.1848
67.00,11.2084
67.50,11.2213
68.00,11.2207
68.50,11.2113
69.00,11.2028
69.50,11.2040
70.00,11.2184
70.50,11.2466
71.00,11.2891
71.50,11.3463
72.00,11.4139
72.50,11.4818
73.00,11.5377
73.50,11.5735
74.00,11.5881
74.50,11.5876
75.00,11.5829
75.50,11.5874
76.00,11.6112
76.50,11.6551
77.00,11.7090
77.50,11.7572
78.00,11.7877
78.50,11.7971
79.00,11.7908
79.50,11.7791
80.00,11.7730
80.50,11.7786
81.00,11.7931
81.50,11.8077
82.00,11.8149
82.50,11.8177
83.00,11.8294
83.50,11.8649
84.00,11.9293
84.50,12.0133
85.00,12.1000
85.50,12.1731
86.00,12.2222
86.50,12.2433
87.00,12.2393
87.50,12.2189
88.00,12.1935
88.50,12.1726
89.00,12.1612
89.50,12.1606
90.00,12.1700
90.50,12.1908
91.00,12.2273
91.50,12.2827
92.00,12.3499
92.50,12.4086
93.00,12.4359
93.50,12.4247
94.00,12.3909
94.50,12.3615
95.00,12.3544
95.50,12.3692
96.00,12.3951
96.50,12.4241
97.00,12.4548
97.50,12.4875
98.00,12.5211
98.50,12.5545
99.00,12.5920
99.50,12.6418
100.00,12.7085
100.50,12.7847
101.00,12.8519
101.50,12.8922
102.00,12.8995
102.50,12.8825
103.00,12.8578
103.50,12.8401
104.00,12.8375
104.50,12.8492
105.00,12.8671
105.50,12.8810
106.00,12.8852
106.50,12.8843
107.00,12.8909
107.50,12.9163
108.00,12.9589
108.50,13.0029
109.00,13.0300
109.50,13.0345
110.00,13.0278
110.50,13.0289
111.00,13.0523
111.50,13.1015
112.00,13.1699
112.50,13.2438
113.00,13.3059
113.50,13.3406
114.00,13.3418
114.50,13.3181
115.00,13.2867
115.50,13.2604
116.00,13.2390
116.50,13.2136
117.00,13.1786
117.50,13.1391
118.00,13.1065
118.50,13.0894
119.00,13.0874
119.50,13.0927
120.00,13.0966
120.50,13.0969
121.00,13.0997
121.50,13.1149
122.00,13.1484
122.50,13.1982
123.00,13.2565
123.50,13.3141
124.00,13.3627
124.50,13.3945
125.00,13.4054
125.50,13.3983
126.00,13.3849
126.50,13.3798
127.00,13.3927
127.50,13.4242
128.00,13.4682
128.50,13.5177
129.00,13.5682
129.50,13.6179
130.00,13.6664
130.50,13.7144
131.00,13.7613
131.50,13.8025
132.00,13.8282
132.50,13.8301
133.00,13.8079
133.50,13.7708
134.00,13.7314
134.50,13.6979
135.00,13.6717
135.50,13.6525
136.00,13.6421
136.50,13.6436
137.00,13.6573
137.50,13.6792
138.00,13.7049
138.50,13.7332
139.00,13.7671
139.50,13.8097
140.00,13.8584
140.50,13.9031
141.00,13.9315
141.50,13.9392
142.00,13.9342
142.50,13.9312
143.00,13.9411
143.50,13.9622
144.00,13.9842
144.50,13.9992
145.00,14.0110
145.50,14.0296
146.00,14.0595
146.50,14.0957
147.00,14.1328
147.50,14.1721
148.00,14.2168
148.50,14.2605
149.00,14.2887
149.50,14.2948
150.00,14.2896
150.50,14.2929
151.00,14.3143
151.50,14.3458
152.00,14.3709
152.50,14.3806
153.00,14.3792
153.50,14.3794
154.00,14.3913
154.50,14.4165
155.00,14.4489
155.50,14.4811
156.00,14.5080
156.50,14.5267
157.00,14.5348
157.50,14.5317
158.00,14.5210
158.50,14.5112
159.00,14.5126
159.50,14.5301
160.00,14.5582
160.50,14.5849
161.00,14.6029
161.50,14.6156
162.00,14.6316
162.50,14.6538
163.00,14.6766
163.50,14.6935
164.00,14.7052
164.50,14.7185
165.00,14.7365
165.50,14.7542
166.00,14.7644
166.50,14.7696
167.00,14.7844
167.50,14.8263
168.00,14.9010
168.50,14.9959
169.00,15.0857
169.50,15.1449
170.00,15.1601
170.50,15.1343
171.00,15.0835
171.50,15.0264
172.00,14.9778
172.50,14.9457
173.00,14.9308
173.50,14.9264
174.00,14.9217
174.50,14.9115
175.00,14.9029
175.50,14.9113
176.00,14.9481
176.50,15.0102
177.00,15.0803
177.50,15.1364
178.00,15.1649
178.50,15.1651
179.00,15.1459
179.50,15.1170
180.00,15.0858
180.50,15.0596
181.00,15.0473
181.50,15.0565
182.00,15.0866
182.50,15.1280
183.00,15.1672
183.50,15.1951
184.00,15.2116
184.50,15.2256
185.00,15.2506
185.50,15.2947
186.00,15.3532
186.50,15.4086
187.00,15.4428
187.50,15.4506
188.00,15.4431
188.50,15.4379
189.00,15.4438
189.50,15.4552
190.00,15.4586
190.50,15.4443
191.00,15.4134
191.50,15.3758
192.00,15.3429
192.50,15.3232
193.00,15.3213
193.50,15.3380
194.00,15.3692
194.50,15.4071
195.00,15.4432
195.50,15.4731
196.00,15.4977
196.50,15.5179
197.00,15.5306
197.50,15.5294
198.00,15.5133
198.50,15.4920
199.00,15.4826
199.50,15.4980
200.00,15.5369
200.50,15.5846
201.00,15.6216
201.50,15.6360
202.00,15.6285
202.50,15.6112
203.00,15.6008
203.50,15.6109
204.00,15.6458
204.50,15.6981
205.00,15.7522
205.50,15.7914
206.00,15.8062
206.50,15.7984
207.00,15.7783
207.50,15.7575
208.00,15.7427
208.50,15.7348
209.00,15.7323
209.50,15.7352
210.00,15.7449
210.50,15.7620
211.00,15.7866
211.50,15.8191
212.00,15.8605
212.50,15.9091
213.00,15.9589
213.50,16.0002
214.00,16.0255
214.50,16.0347
215.00,16.0333
215.50,16.0254
216.00,16.0107
216.50,15.9873
217.00,15.9579
217.50,15.9310
218.00,15.9159
218.50,15.9172
219.00,15.9344
219.50,15.9649
220.00,16.0043
220.50,16.0425
221.00,16.0643
221.50,16.0566
222.00,16.0198
222.50,15.9683
223.00,15.9203
223.50,15.8868
224.00,15.8707
224.50,15.8735
225.00,15.8980
225.50,15.9428
226.00,15.9977
226.50,16.0474
227.00,16.0827
227.50,16.1055
228.00,16.1245
228.50,16.1458
229.00,16.1698
229.50,16.1965
230.00,16.2293
230.50,16.2712
231.00,16.3187
231.50,16.3618
232.00,16.3916
232.50,16.4067
233.00,16.4122
233.50,16.4130
234.00,16.4113
234.50,16.4060
235.00,16.3961
235.50,16.3833
236.00,16.3718
236.50,16.3619
237.00,16.3447
237.50,16.3076
238.00,16.2481
238.50,16.1820
239.00,16.1364
239.50,16.1324
240.00,16.1730
240.50,16.2423
241.00,16.3152
241.50,16.3714
242.00,16.4033
242.50,16.4159
243.00,16.4178
243.50,16.4150
244.00,16.4110
244.50,16.4083
245.00,16.4093
245.50,16.4154
246.00,16.4295
246.50,16.4559
247.00,16.4960
247.50,16.5442
248.00,16.5891
248.50,16.6211
249.00,16.6387
249.50,16.6484
250.00,16.6564
250.50,16.6616
251.00,16.6581
251.50,16.6428
252.00,16.6208
252.50,16.6017
253.00,16.5911
253.50,16.5857
254.00,16.5771
254.50,16.5596
255.00,16.5365
255.50,16.5185
256.00,16.5153
256.50,16.5279
257.00,16.5484
257.50,16.5660
258.00,16.5750
258.50,16.5778
259.00,16.5818
259.50,16.5923
260.00,16.6088
260.50,16.6253
261.00,16.6341
261.50,16.6302
262.00,16.6158
262.50,16.6013
263.00,16.6006
263.50,16.6236
264.00,16.6702
264.50,16.7295
265.00,16.7854
265.50,16.8241
266.00,16.8392
266.50,16.8329
267.00,16.8112
267.50,16.7804
268.00,16.7476
268.50,16.7233
269.00,16.7202
269.50,16.7446
270.00,16.7874
270.50,16.8259
271.00,16.8377
271.50,16.8146
272.00,16.7659
272.50,16.7085
273.00,16.6563
273.50,16.6183
274.00,16.5991
274.50,16.5978
275.00,16.6038
275.50,16.6010
276.00,16.5786
276.50,16.5421
277.00,16.5126
277.50,16.5139
278.00,16.5572
278.50,16.6334
279.00,16.7193
279.50,16.7896
280.00,16.8273
280.50,16.8287
281.00,16.8039
281.50,16.7704
282.00,16.7433
282.50,16.7282
283.00,16.7251
283.50,16.7334
284.00,16.7494
284.50,16.7625
285.00,16.7595
285.50,16.7384
286.00,16.7144
286.50,16.7093
287.00,16.7346
287.50,16.7829
288.00,16.8337
288.50,16.8664
289.00,16.8719
289.50,16.8560
290.00,16.8341
290.50,16.8220
291.00,16.8294
291.50,16.8588
292.00,16.9064
292.50,16.9626
293.00,17.0136
293.50,17.0458
294.00,17.0504
294.50,17.0265
295.00,16.9815
295.50,16.9299
296.00,16.8888
296.50,16.8689
297.00,16.8687
297.50,16.8780
298.00,16.8879
298.50,16.8983
299.00,16.9140
299.50,16.9347
300.00,16.9517
300.50,16.9553
301.00,16.9448
301.50,16.9286
302.00,16.9147
302.50,16.9018
303.00,16.8834
303.50,16.8559
304.00,16.8233
304.50,16.7919
305.00,16.7647
305.50,16.7402
306.00,16.7155
306.50,16.6896
307.00,16.6663
307.50,16.6562
308.00,16.6722
308.50,16.7202
309.00,16.7933
309.50,16.8751
310.00,16.9509
310.50,17.0119
311.00,17.0529
311.50,17.0693
312.00,17.0605
312.50,17.0357
313.00,17.0134
313.50,17.0110
314.00,17.0337
314.50,17.0709
315.00,17.1028
315.50,17.1148
316.00,17.1073
316.50,17.0955
317.00,17.0992
317.50,17.1299
318.00,17.1845
318.50,17.2469
319.00,17.2983
319.50,17.3278
320.00,17.3375
320.50,17.3370
321.00,17.3337
321.50,17.3274
322.00,17.3110
322.50,17.2781
323.00,17.2291
323.50,17.1710
324.00,17.1113
324.50,17.0532
325.00,16.9978
325.50,16.9500
326.00,16.9196
326.50,16.9155
327.00,16.9382
327.50,16.9793
328.00,17.0258
328.50,17.0654
329.00,17.0902
329.50,17.1007
330.00,17.1079
330.50,17.1291
331.00,17.1777
331.50,17.2558
332.00,17.3518
332.50,17.4453
333.00,17.5140
333.50,17.5413
334.00,17.5234
334.50,17.4700
335.00,17.4013
335.50,17.3399
336.00,17.3028
336.50,17.2931
337.00,17.3010
337.50,17.3124
338.00,17.3194
338.50,17.3229
339.00,17.3278
339.50,17.3363
340.00,17.3469
340.50,17.3591
341.00,17.3764
341.50,17.4021
342.00,17.4323
342.50,17.4545
343.00,17.4574
343.50,17.4432
344.00,17.4281
344.50,17.4301
345.00,17.4549
345.50,17.4929
346.00,17.5273
346.50,17.5445
347.00,17.5410
347.50,17.5216
348.00,17.4938
348.50,17.4641
349.00,17.4383
349.50,17.4224
350.00,17.4201
350.50,17.4297
351.00,17.4444
351.50,17.4581
352.00,17.4694
352.50,17.4811
353.00,17.4953
353.50,17.5118
354.00,17.5302
354.50,17.5526
355.00,17.5801
355.50,17.6073
356.00,17.6211
356.50,17.6101
357.00,17.5748
357.50,17.5307
358.00,17.4989
358.50,17.4950
359.00,17.5217
359.50,17.5690
360.00,17.6189
360.50,17.6542
361.00,17.6671
361.50,17.6605
362.00,17.6419
362.50,17.6158
363.00,17.5812
363.50,17.5391
364.00,17.4990
364.50,17.4776
365.00,17.4864
365.50,17.5225
366.00,17.5710
366.50,17.6165
367.00,17.6518
367.50,17.6767
368.00,17.6926
368.50,17.6983
369.00,17.6911
369.50,17.6718
370.00,17.6490
370.50,17.6370
371.00,17.6471
371.50,17.6778
372.00,17.7141
372.50,17.7358
373.00,17.7304
373.50,17.6997
374.00,17.6584
374.50,17.6244
375.00,17.6072
375.50,17.6029
376.00,17.6003
376.50,17.5912
377.00,17.5757
377.50,17.5604
378.00,17.5535
378.50,17.5613
379.00,17.5850
379.50,17.6192
380.00,17.6555
380.50,17.6874
381.00,17.7111
381.50,17.7234
382.00,17.7206
382.50,17.7040
383.00,17.6817
383.50,17.6643
384.00,17.6567
384.50,17.6564
385.00,17.6584
385.50,17.6609
386.00,17.6640
386.50,17.6678
387.00,17.6714
387.50,17.6745
388.00,17.6786
388.50,17.6859
389.00,17.6978
389.50,17.7125
390.00,17.7255
390.50,17.7325
391.00,17.7328
391.50,17.7307
392.00,17.7340
392.50,17.7493
393.00,17.7778
393.50,17.8127
394.00,17.8436
394.50,17.8613
395.00,17.8618
395.50,17.8474
396.00,17.8260
396.50,17.8080
397.00,17.8023
397.50,17.8109
398.00,17.8262
398.50,17.8355
399.00,17.8288
399.50,17.8067
400.00,17.7805
400.50,17.7645
401.00,17.7669
401.50,17.7852
402.00,17.8106
402.50,17.8349
403.00,17.8537
403.50,17.8653
404.00,17.8697
404.50,17.8674
405.00,17.8604
405.50,17.8517
406.00,17.8448
406.50,17.8429
407.00,17.8487
407.50,17.8646
408.00,17.8912
408.50,17.9258
409.00,17.9611
409.50,17.9886
410.00,18.0029
410.50,18.0025
411.00,17.9881
411.50,17.9616
412.00,17.9279
412.50,17.8952
413.00,17.8709
413.50,17.8578
414.00,17.8550
414.50,17.8615
415.00,17.8773
415.50,17.9005
416.00,17.9238
416.50,17.9378
417.00,17.9382
417.50,17.9306
418.00,17.9266
418.50,17.9350
419.00,17.9555
419.50,17.9806
420.00,18.0007
420.50,18.0089
421.00,18.0032
421.50,17.9863
422.00,17.9629
422.50,17.9373
423.00,17.9113
423.50,17.8882
424.00,17.8753
424.50,17.8810
425.00,17.9068
425.50,17.9430
426.00,17.9739
426.50,17.9876
427.00,17.9831
427.50,17.9677
428.00,17.9514
428.50,17.9416
429.00,17.9427
429.50,17.9551
430.00,17.9742
430.50,17.9914
431.00,17.9990
431.50,17.9970
432.00,17.9944
432.50,18.0036
433.00,18.0337
433.50,18.0838
434.00,18.1436
434.50,18.1998
435.00,18.2433
435.50,18.2724
436.00,18.2872
436.50,18.2837
437.00,18.2565
437.50,18.2080
438.00,18.1521
438.50,18.1084
439.00,18.0898
439.50,18.0953
440.00,18.1107
440.50,18.1193
441.00,18.1141
441.50,18.1027
442.00,18.0994
442.50,18.1110
443.00,18.1329
443.50,18.1567
444.00,18.1783
444.50,18.1969
445.00,18.2101
445.50,18.2125
446.00,18.2019
446.50,18.1830
447.00,18.1637
447.50,18.1474
448.00,18.1297
448.50,18.1048
449.00,18.0750
449.50,18.0519
450.00,18.0487
450.50,18.0696
451.00,18.1057
451.50,18.1416
452.00,18.1651
452.50,18.1743
453.00,18.1763
453.50,18.1808
454.00,18.1935
454.50,18.2131
455.00,18.2335
455.50,18.2469
456.00,18.2470
456.50,18.2319
457.00,18.2055
457.50,18.1771
458.00,18.1563
458.50,18.1462
459.00,18.1397
459.50,18.1253
460.00,18.0983
460.50,18.0676
461.00,18.0490
461.50,18.0533
462.00,18.0793
462.50,18.1169
463.00,18.1546
463.50,18.1819
464.00,18.1912
464.50,18.1811
465.00,18.1595
465.50,18.1407
466.00,18.1349
466.50,18.1414
467.00,18.1497
467.50,18.1496
468.00,18.1403
468.50,18.1314
469.00,18.1351
469.50,18.1563
470.00,18.1884
470.50,18.2184
471.00,18.2361
471.50,18.2401
472.00,18.2355
472.50,18.2263
473.00,18.2120
473.50,18.1881
474.00,18.1518
474.50,18.1052
475.00,18.0561
475.50,18.0176
476.00,18.0024
476.50,18.0177
477.00,18.0598
477.50,18.1154
478.00,18.1693
478.50,18.2129
479.00,18.2468
479.50,18.2755
480.00,18.3005
480.50,18.3186
481.00,18.3266
481.50,18.3248
482.00,18.3174
482.50,18.3077
483.00,18.2971
483.50,18.2877
484.00,18.2840
484.50,18.2899
485.00,18.3028
485.50,18.3126
486.00,18.3093
486.50,18.2902
487.00,18.2611
487.50,18.2300
488.00,18.2016
488.50,18.1751
489.00,18.1473
489.50,18.1168
490.00,18.0870
490.50,18.0643
491.00,18.0532
491.50,18.0534
492.00,18.0594
492.50,18.0642
493.00,18.0638
493.50,18.0593
494.00,18.0558
494.50,18.0592
495.00,18.0730
495.50,18.0959
496.00,18.1235
496.50,18.1514
497.00,18.1775
497.50,18.2015
498.00,18.2222
498.50,18.2370
499.00,18.2443
499.50,18.2486
500.00,18.2591
500.50,18.2827
501.00,18.3167
501.50,18.3492
502.00,18.3684
502.50,18.3702
503.00,18.3596
503.50,18.3439
504.00,18.3269
504.50,18.3097
505.00,18.2940
505.50,18.2829
506.00,18.2781
506.50,18.2764
507.00,18.2736
507.50,18.2707
508.00,18.2760
508.50,18.2978
509.00,18.3342
509.50,18.3717
510.00,18.3938
510.50,18.3929
511.00,18.3721
511.50,18.3374
512.00,18.2906
512.50,18.2305
513.00,18.1608
513.50,18.0936
514.00,18.0440
514.50,18.0234
515.00,18.0344
515.50,18.0709
516.00,18.1196
516.50,18.1656
517.00,18.1976
517.50,18.2117
518.00,18.2110
518.50,18.2017
519.00,18.1869
519.50,18.1653
520.00,18.1353
520.50,18.1027
521.00,18.0815
521.50,18.0885
522.00,18.1328
522.50,18.2069
523.00,18.2862
523.50,18.3412
524.00,18.3550
524.50,18.3321
525.00,18.2893
525.50,18.2402
526.00,18.1907
526.50,18.1434
527.00,18.1029
527.50,18.0732
528.00,18.0547
528.50,18.0432
529.00,18.0337
529.50,18.0227
530.00,18.0100
530.50,17.9978
531.00,17.9892
531.50,17.9858
532.00,17.9885
532.50,17.9980
533.00,18.0149
533.50,18.0358
534.00,18.0535
534.50,18.0614
535.00,18.0597
535.50,18.0563
536.00,18.0588
536.50,18.0669
537.00,18.0720
537.50,18.0653
538.00,18.0459
538.50,18.0229
539.00,18.0082
539.50,18.0074
540.00,18.0157
540.50,18.0234
541.00,18.0259
541.50,18.0279
542.00,18.0360
542.50,18.0491
543.00,18.0567
543.50,18.0477
544.00,18.0203
544.50,17.9853
545.00,17.9618
545.50,17.9668
546.00,18.0034
546.50,18.0568
547.00,18.1038
547.50,18.1289
548.00,18.1331
548.50,18.1264
549.00,18.1162
549.50,18.1064
550.00,18.1014
550.50,18.1061
551.00,18.1198
551.50,18.1341
552.00,18.1412
552.50,18.1400
553.00,18.1357
553.50,18.1309
554.00,18.1225
554.50,18.1062
555.00,18.0852
555.50,18.0718
556.00,18.0792
556.50,18.1091
557.00,18.1485
557.50,18.1782
558.00,18.1865
558.50,18.1765
559.00,18.1624
559.50,18.1584
560.00,18.1701
560.50,18.1912
561.00,18.2075
561.50,18.2049
562.00,18.1781
562.50,18.1340
563.00,18.0866
563.50,18.0489
564.00,18.0285
564.50,18.0275
565.00,18.0446
565.50,18.0732
566.00,18.1003
566.50,18.1112
567.00,18.0981
567.50,18.0649
568.00,18.0238
568.50,17.9881
569.00,17.9653
569.50,17.9559
570.00,17.9551
570.50,17.9587
571.00,17.9668
571.50,17.9825
572.00,18.0069
572.50,18.0369
573.00,18.0672
573.50,18.0925
574.00,18.1067
574.50,18.1044
575.00,18.0862
575.50,18.0625
576.00,18.0476
576.50,18.0477
577.00,18.0541
577.50,18.0511
578.00,18.0313
578.50,18.0017
579.00,17.9764
579.50,17.9639
580.00,17.9649
580.50,17.9764
581.00,17.9969
581.50,18.0253
582.00,18.0568
582.50,18.0819
583.00,18.0907
583.50,18.0798
584.00,18.0542
584.50,18.0252
585.00,18.0046
585.50,18.0020
586.00,18.0221
586.50,18.0611
587.00,18.1063
587.50,18.1405
588.00,18.1515
588.50,18.1405
589.00,18.1225
589.50,18.1176
590.00,18.1369
590.50,18.1763
591.00,18.2180
591.50,18.2431
592.00,18.2426
592.50,18.2213
593.00,18.1927
593.50,18.1676
594.00,18.1478
594.50,18.1283
595.00,18.1065
595.50,18.0887
596.00,18.0853
596.50,18.1007
597.00,18.1276
597.50,18.1505
598.00,18.1578
598.50,18.1508
599.00,18.1430
599.50,18.1490
600.00,18.1729
600.50,18.2035
601.00,18.2234
601.50,18.2228
602.00,18.2061
602.50,18.1885
603.00,18.1846
603.50,18.1991
604.00,18.2247
604.50,18.2461
605.00,18.2493
605.50,18.2304
606.00,18.1977
606.50,18.1648
607.00,18.1416
607.50,18.1310
608.00,18.1318
608.50,18.1420
609.00,18.1588
609.50,18.1771
610.00,18.1915
610.50,18.2015
611.00,18.2114
611.50,18.2250
612.00,18.2389
612.50,18.2441
613.00,18.2332
613.50,18.2067
614.00,18.1735
614.50,18.1470
615.00,18.1377
615.50,18.1492
616.00,18.1771
616.50,18.2128
617.00,18.2483
617.50,18.2788
618.00,18.3040
618.50,18.3259
619.00,18.3451
619.50,18.3599
620.00,18.3708
620.50,18.3854
621.00,18.4152
621.50,18.4642
622.00,18.5203
622.50,18.5590
623.00,18.5596
623.50,18.5204
624.00,18.4610
624.50,18.4090
625.00,18.3818
625.50,18.3787
626.00,18.3867
626.50,18.3927
627.00,18.3892
627.50,18.3727
628.00,18.3403
628.50,18.2932
629.00,18.2407
629.50,18.1958
630.00,18.1675
630.50,18.1549
631.00,18.1523
631.50,18.1548
632.00,18.1601
632.50,18.1650
633.00,18.1658
633.50,18.1621
634.00,18.1591
634.50,18.1637
635.00,18.1776
635.50,18.1957
636.00,18.2102
636.50,18.2169
637.00,18.2157
637.50,18.2090
638.00,18.1991
638.50,18.1885
639.00,18.1790
639.50,18.1722
640.00,18.1695
640.50,18.1721
641.00,18.1808
641.50,18.1969
642.00,18.2234
642.50,18.2637
643.00,18.3183
643.50,18.3816
644.00,18.4424
644.50,18.4891
645.00,18.5140
645.50,18.5159
646.00,18.4985
646.50,18.4692
647.00,18.4378
647.50,18.4127
648.00,18.3960
648.50,18.3808
649.00,18.3556
649.50,18.3131
650.00,18.2540
650.50,18.1866
651.00,18.1243
651.50,18.0822
652.00,18.0703
652.50,18.0867
653.00,18.1174
653.50,18.1473
654.00,18.1708
654.50,18.1918
655.00,18.2145
655.50,18.2364
656.00,18.2497
656.50,18.2492
657.00,18.2376
657.50,18.2249
658.00,18.2214
658.50,18.2307
659.00,18.2461
659.50,18.2535
660.00,18.2420
660.50,18.2148
661.00,18.1894
661.50,18.1878
662.00,18.2220
662.50,18.2872
663.00,18.3643
663.50,18.4319
664.00,18.4761
664.50,18.4946
665.00,18.4917
665.50,18.4743
666.00,18.4507
666.50,18.4315
667.00,18.4276
667.50,18.4424
668.00,18.4678
668.50,18.4866
669.00,18.4834
669.50,18.4528
670.00,18.4007
670.50,18.3390
671.00,18.2804
671.50,18.2328
672.00,18.1978
672.50,18.1739
673.00,18.1612
673.50,18.1632
674.00,18.1812
674.50,18.2104
675.00,18.2411
675.50,18.2661
676.00,18.2845
676.50,18.3012
677.00,18.3216
677.50,18.3465
678.00,18.3701
678.50,18.3849
679.00,18.3895
679.50,18.3921
680.00,18.4068
680.50,18.4404
681.00,18.4849
681.50,18.5225
682.00,18.5415
682.50,18.5450
683.00,18.5442
683.50,18.5432
684.00,18.5333
684.50,18.5041
685.00,18.4579
685.50,18.4117
686.00,18.3854
686.50,18.3877
687.00,18.4130
687.50,18.4482
688.00,18.4800
688.50,18.4976
689.00,18.4933
689.50,18.4661
690.00,18.4255
690.50,18.3887
691.00,18.3715
691.50,18.3795
692.00,18.4048
692.50,18.4321
693.00,18.4475
693.50,18.4462
694.00,18.4336
694.50,18.4195
695.00,18.4102
695.50,18.4035
696.00,18.3935
696.50,18.3798
697.00,18.3712
697.50,18.3777
698.00,18.3981
698.50,18.4171
699.00,18.4167
699.50,18.3899
700.00,18.3447
700.50,18.2973
701.00,18.2633
701.50,18.2528
702.00,18.2692
702.50,18.3089
703.00,18.3614
703.50,18.4108
704.00,18.4402
704.50,18.4388
705.00,18.4073
705.50,18.3585
706.00,18.3109
706.50,18.2783
707.00,18.2625
707.50,18.2555
708.00,18.2476
708.50,18.2360
709.00,18.2246
709.50,18.2178
710.00,18.2142
710.50,18.2080
711.00,18.1952
711.50,18.1782
712.00,18.1659
712.50,18.1695
713.00,18.1949
713.50,18.2351
714.00,18.2731
714.50,18.2930
715.00,18.2911
715.50,18.2784
716.00,18.2706
716.50,18.2780
717.00,18.3003
717.50,18.3294
718.00,18.3567
718.50,18.3770
719.00,18.3878
719.50,18.3864
720.00,18.3703
720.50,18.3403
721.00,18.3035
721.50,18.2725
722.00,18.2584
722.50,18.2627
723.00,18.2760
723.50,18.2845
724.00,18.2792
724.50,18.2577
725.00,18.2231
725.50,18.1834
726.00,18.1511
726.50,18.1374
727.00,18.1459
727.50,18.1712
728.00,18.2038
728.50,18.2346
729.00,18.2586
729.50,18.2738
730.00,18.2806
730.50,18.2808
731.00,18.2777
731.50,18.2760
732.00,18.2793
732.50,18.2876
733.00,18.2944
733.50,18.2900
734.00,18.2690
734.50,18.2361
735.00,18.2023
735.50,18.1750
736.00,18.1524
736.50,18.1283
737.00,18.1010
737.50,18.0751
738.00,18.0577
738.50,18.0529
739.00,18.0607
739.50,18.0779
740.00,18.1001
740.50,18.1227
741.00,18.1436
741.50,18.1630
742.00,18.1813
742.50,18.1981
743.00,18.2130
743.50,18.2264
744.00,18.2386
744.50,18.2478
745.00,18.2497
745.50,18.2403
746.00,18.2202
746.50,18.1984
747.00,18.1904
747.50,18.2090
748.00,18.2530
748.50,18.3047
749.00,18.3411
749.50,18.3487
750.00,18.3318
750.50,18.3070
751.00,18.2907
751.50,18.2907
752.00,18.3058
752.50,18.3310
753.00,18.3615
753.50,18.3908
754.00,18.4106
754.50,18.4141
755.00,18.4013
755.50,18.3783
756.00,18.3521
756.50,18.3267
757.00,18.3058
757.50,18.2944
758.00,18.2966
758.50,18.3120
759.00,18.3362
759.50,18.3638
760.00,18.3890
760.50,18.4040
761.00,18.4014
761.50,18.3795
762.00,18.3452
762.50,18.3100
763.00,18.2824
763.50,18.2659
764.00,18.2627
764.50,18.2754
765.00,18.3032
765.50,18.3348
766.00,18.3535
766.50,18.3504
767.00,18.3334
767.50,18.3201
768.00,18.3218
768.50,18.3378
769.00,18.3622
769.50,18.3918
770.00,18.4242
770.50,18.4520
771.00,18.4632
771.50,18.4487
772.00,18.4093
772.50,18.3556
773.00,18.3036
773.50,18.2673
774.00,18.2534
774.50,18.2595
775.00,18.2761
775.50,18.2933
776.00,18.3063
776.50,18.3169
777.00,18.3295
777.50,18.3464
778.00,18.3663
778.50,18.3881
779.00,18.4159
779.50,18.4572
780.00,18.5135
780.50,18.5718
781.00,18.6090
781.50,18.6065
782.00,18.5624
782.50,18.4915
783.00,18.4167
783.50,18.3596
784.00,18.3330
784.50,18.3362
785.00,18.3576
785.50,18.3839
786.00,18.4078
786.50,18.4286
787.00,18.4463
787.50,18.4589
788.00,18.4647
788.50,18.4635
789.00,18.4557
789.50,18.4406
790.00,18.4172
790.50,18.3877
791.00,18.3598
791.50,18.3452
792.00,18.3530
792.50,18.3837
793.00,18.4280
793.50,18.4713
794.00,18.5011
794.50,18.5109
795.00,18.5022
795.50,18.4827
796.00,18.4624
796.50,18.4489
797.00,18.4434
797.50,18.4388
798.00,18.4238
798.50,18.3905
799.00,18.3432
799.50,18.2982
800.00,18.2739
800.50,18.2779
801.00,18.3024
801.50,18.3337
802.00,18.3648
802.50,18.3984
803.00,18.4391
803.50,18.4855
804.00,18.5311
804.50,18.5695
805.00,18.5967
805.50,18.6106
806.00,18.6107
806.50,18.6011
807.00,18.5915
807.50,18.5910
808.00,18.6000
808.50,18.6098
809.00,18.6093
809.50,18.5927
810.00,18.5615
810.50,18.5215
811.00,18.4791
811.50,18.4406
812.00,18.4112
812.50,18.3931
813.00,18.3855
813.50,18.3862
814.00,18.3955
814.50,18.4157
815.00,18.4464
815.50,18.4785
816.00,18.4964
816.50,18.4890
817.00,18.4589
817.50,18.4204
818.00,18.3886
818.50,18.3715
819.00,18.3717
819.50,18.3898
820.00,18.4243
820.50,18.4683
821.00,18.5095
821.50,18.5359
822.00,18.5421
822.50,18.5295
823.00,18.5036
823.50,18.4725
824.00,18.4468
824.50,18.4380
825.00,18.4524
825.50,18.4867
826.00,18.5286
826.50,18.5618
827.00,18.5731
827.50,18.5575
828.00,18.5196
828.50,18.4711
829.00,18.4260
829.50,18.3936
830.00,18.3759
830.50,18.3691
831.00,18.3685
831.50,18.3728
832.00,18.3849
832.50,18.4098
833.00,18.4505
833.50,18.5055
834.00,18.5675
834.50,18.6256
835.00,18.6699
835.50,18.6966
836.00,18.7103
836.50,18.7195
837.00,18.7295
837.50,18.7388
838.00,18.7416
838.50,18.7336
839.00,18.7156
839.50,18.6944
840.00,18.6783
840.50,18.6720
841.00,18.6745
841.50,18.6803
842.00,18.6842
842.50,18.6821
843.00,18.6723
843.50,18.6575
844.00,18.6459
844.50,18.6472
845.00,18.6637
845.50,18.6865
846.00,18.7015
846.50,18.7003
847.00,18.6861
847.50,18.6702
848.00,18.6639
848.50,18.6725
849.00,18.6923
849.50,18.7158
850.00,18.7375
850.50,18.7552
851.00,18.7647
851.50,18.7592
852.00,18.7372
852.50,18.7114
853.00,18.7040
853.50,18.7284
854.00,18.7754
854.50,18.8184
855.00,18.8341
855.50,18.8190
856.00,18.7895
856.50,18.7703
857.00,18.7772
857.50,18.8089
858.00,18.8484
858.50,18.8740
859.00,18.8721
859.50,18.8437
860.00,18.8041
860.50,18.7744
861.00,18.7695
861.50,18.7895
862.00,18.8230
862.50,18.8582
863.00,18.8918
863.50,18.9289
864.00,18.9759
864.50,19.0344
865.00,19.1044
865.50,19.1893
866.00,19.3001
866.50,19.4514
867.00,19.6537
867.50,19.9054
868.00,20.1901
868.50,20.4830
869.00,20.7615
869.50,21.0120
870.00,21.2284
870.50,21.4074
871.00,21.5458
871.50,21.6438
872.00,21.7080
872.50,21.7479
873.00,21.7700
873.50,21.7751
874.00,21.7605
874.50,21.7281
875.00,21.6871
875.50,21.6519
876.00,21.6334
876.50,21.6350
877.00,21.6539
877.50,21.6856
878.00,21.7247
878.50,21.7637
879.00,21.7942
879.50,21.8121
880.00,21.8212
880.50,21.8322
881.00,21.8554
881.50,21.8946
882.00,21.9462
882.50,22.0045
883.00,22.0675
883.50,22.1354
884.00,22.2064
884.50,22.2713
885.00,22.3174
885.50,22.3361
886.00,22.3293
886.50,22.3074
887.00,22.2834
887.50,22.2674
888.00,22.2634
888.50,22.2691
889.00,22.2775
889.50,22.2810
890.00,22.2764
890.50,22.2659
891.00,22.2552
891.50,22.2488
892.00,22.2463
892.50,22.2420
893.00,22.2295
893.50,22.2072
894.00,22.1805
894.50,22.1563
895.00,22.1394
895.50,22.1327
896.00,22.1368
896.50,22.1461
897.00,22.1484
897.50,22.1315
898.00,22.0928
898.50,22.0402
899.00,21.9844
899.50,21.9320
900.00,21.8865
900.50,21.8523
901.00,21.8356
901.50,21.8390
902.00,21.8577
902.50,21.8805
903.00,21.8954
903.50,21.8959
904.00,21.8838
904.50,21.8684
905.00,21.8627
905.50,21.8757
906.00,21.9059
906.50,21.9422
907.00,21.9711
907.50,21.9867
908.00,21.9922
908.50,21.9937
909.00,21.9932
909.50,21.9878
910.00,21.9745
910.50,21.9542
911.00,21.9325
911.50,21.9170
912.00,21.9143
912.50,21.9265
913.00,21.9495
913.50,21.9748
914.00,21.9934
914.50,22.0024
915.00,22.0036
915.50,21.9992
916.00,21.9870
916.50,21.9610
917.00,21.9160
917.50,21.8528
918.00,21.7813
918.50,21.7203
919.00,21.6913
919.50,21.7068
920.00,21.7611
920.50,21.8316
921.00,21.8905
921.50,21.9202
922.00,21.9198
922.50,21.8998
923.00,21.8714
923.50,21.8400
924.00,21.8082
924.50,21.7803
925.00,21.7639
925.50,21.7641
926.00,21.7784
926.50,21.7965
927.00,21.8060
927.50,21.7992
928.00,21.7777
928.50,21.7516
929.00,21.7343
929.50,21.7358
930.00,21.7573
930.50,21.7901
931.00,21.8186
931.50,21.8286
932.00,21.8135
932.50,21.7777
933.00,21.7335
933.50,21.6951
934.00,21.6698
934.50,21.6553
935.00,21.6438
935.50,21.6301
936.00,21.6151
936.50,21.6011
937.00,21.5868
937.50,21.5688
938.00,21.5472
938.50,21.5262
939.00,21.5113
939.50,21.5052
940.00,21.5073
940.50,21.5126
941.00,21.5116
941.50,21.4933
942.00,21.4533
942.50,21.3992
943.00,21.3463
943.50,21.3076
944.00,21.2881
944.50,21.2839
945.00,21.2860
945.50,21.2841
946.00,21.2718
946.50,21.2516
947.00,21.2334
947.50,21.2261
948.00,21.2293
948.50,21.2333
949.00,21.2281
949.50,21.2107
950.00,21.1847
950.50,21.1531
951.00,21.1171
951.50,21.0805
952.00,21.0531
952.50,21.0445
953.00,21.0549
953.50,21.0722
954.00,21.0793
954.50,21.0680
955.00,21.0453
955.50,21.0286
956.00,21.0324
956.50,21.0580
957.00,21.0940
957.50,21.1242
958.00,21.1364
958.50,21.1289
959.00,21.1106
959.50,21.0944
960.00,21.0885
960.50,21.0911
961.00,21.0942
961.50,21.0919
962.00,21.0840
962.50,21.0732
963.00,21.0598
963.50,21.0405
964.00,21.0116
964.50,20.9746
965.00,20.9378
965.50,20.9120
966.00,20.9023
966.50,20.9035
967.00,20.9044
967.50,20.8958
968.00,20.8741
968.50,20.8387
969.00,20.7899
969.50,20.7311
970.00,20.6719
970.50,20.6250
971.00,20.6001
971.50,20.5997
972.00,20.6179
972.50,20.6436
973.00,20.6629
973.50,20.6652
974.00,20.6492
974.50,20.6244
975.00,20.6031
975.50,20.5898
976.00,20.5784
976.50,20.5606
977.00,20.5353
977.50,20.5077
978.00,20.4824
978.50,20.4567
979.00,20.4240
979.50,20.3800
980.00,20.3275
980.50,20.2740
981.00,20.2262
981.50,20.1842
982.00,20.1430
982.50,20.1024
983.00,20.0737
983.50,20.0734
984.00,20.1063
984.50,20.1549
985.00,20.1893
985.50,20.1878
986.00,20.1492
986.50,20.0888
987.00,20.0249
987.50,19.9697
988.00,19.9304
988.50,19.9122
989.00,19.9161
989.50,19.9351
990.00,19.9562
990.50,19.9685
991.00,19.9703
991.50,19.9682
992.00,19.9700
992.50,19.9788
993.00,19.9897
993.50,19.9938
994.00,19.9829
994.50,19.9548
995.00,19.9150
995.50,19.8736
996.00,19.8389
996.50,19.8132
997.00,19.7938
997.50,19.7778
998.00,19.7658
998.50,19.7622
999.00,19.7719
999.50,19.7953
1000.00,19.8243
1000.50,19.8439
1001.00,19.8406
1001.50,19.8115
1002.00,19.7672
1002.50,19.7258
1003.00,19.7010
1003.50,19.6944
1004.00,19.6967
1004.50,19.6977
1005.00,19.6962
1005.50,19.7004
1006.00,19.7205
1006.50,19.7593
1007.00,19.8100
1007.50,19.8595
1008.00,19.8953
1008.50,19.9106
1009.00,19.9058
1009.50,19.8867
1010.00,19.8602
1010.50,19.8335
1011.00,19.8148
1011.50,19.8115
1012.00,19.8248
1012.50,19.8434
1013.00,19.8465
1013.50,19.8189
1014.00,19.7667
1014.50,19.7161
1015.00,19.6950
1015.50,19.7114
1016.00,19.7478
1016.50,19.7745
1017.00,19.7705
1017.50,19.7350
1018.00,19.6844
1018.50,19.6403
1019.00,19.6191
1019.50,19.6291
1020.00,19.6728
1020.50,19.7468
1021.00,19.8408
1021.50,19.9378
1022.00,20.0191
1022.50,20.0710
1023.00,20.0905
1023.50,20.0856
1024.00,20.0721
1024.50,20.0662
1025.00,20.0768
1025.50,20.1038
1026.00,20.1419
1026.50,20.1873
1027.00,20.2397
1027.50,20.2977
1028.00,20.3570
1028.50,20.4118
1029.00,20.4597
1029.50,20.5018
1030.00,20.5368
1030.50,20.5568
1031.00,20.5511
1031.50,20.5164
1032.00,20.4619
1032.50,20.4050
1033.00,20.3609
1033.50,20.3344
1034.00,20.3195
1034.50,20.3068
1035.00,20.2932
1035.50,20.2841
1036.00,20.2873
1036.50,20.3043
1037.00,20.3292
1037.50,20.3536
1038.00,20.3713
1038.50,20.3788
1039.00,20.3731
1039.50,20.3516
1040.00,20.3141
1040.50,20.2660
1041.00,20.2164
1041.50,20.1732
1042.00,20.1389
1042.50,20.1122
1043.00,20.0927
1043.50,20.0825
1044.00,20.0851
1044.50,20.1032
1045.00,20.1387
1045.50,20.1900
1046.00,20.2484
1046.50,20.3001
1047.00,20.3331
1047.50,20.3438
1048.00,20.3363
1048.50,20.3181
1049.00,20.2966
1049.50,20.2799
1050.00,20.2772
1050.50,20.2946
1051.00,20.3295
1051.50,20.3682
1052.00,20.3931
1052.50,20.3939
1053.00,20.3753
1053.50,20.3529
1054.00,20.3396
1054.50,20.3364
1055.00,20.3357
1055.50,20.3323
1056.00,20.3294
1056.50,20.3341
1057.00,20.3490
1057.50,20.3703
1058.00,20.3937
1058.50,20.4185
1059.00,20.4469
1059.50,20.4788
1060.00,20.5096
1060.50,20.5336
1061.00,20.5500
1061.50,20.5647
1062.00,20.5828
1062.50,20.6027
1063.00,20.6176
1063.50,20.6252
1064.00,20.6340
1064.50,20.6576
1065.00,20.7039
1065.50,20.7695
1066.00,20.8429
1066.50,20.9116
1067.00,20.9667
1067.50,21.0060
1068.00,21.0361
1068.50,21.0716
1069.00,21.1297
1069.50,21.2210
1070.00,21.3452
1070.50,21.4924
1071.00,21.6481
1071.50,21.7983
1072.00,21.9338
1072.50,22.0523
1073.00,22.1593
1073.50,22.2645
1074.00,22.3763
1074.50,22.4993
1075.00,22.6344
1075.50,22.7814
1076.00,22.9396
1076.50,23.1083
1077.00,23.2880
1077.50,23.4834
1078.00,23.7048
1078.50,23.9630
1079.00,24.2617
1079.50,24.5934
1080.00,24.9434
1080.50,25.2992
1081.00,25.6564
1081.50,26.0156
1082.00,26.3750
1082.50,26.7284
1083.00,27.0688
1083.50,27.3909
1084.00,27.6889
1084.50,27.9537
1085.00,28.1734
1085.50,28.3352
1086.00,28.4264
1086.50,28.4350
1087.00,28.3491
1087.50,28.1579
1088.00,27.8516
1088.50,27.4239
1089.00,26.8747
1089.50,26.2138
1090.00,25.4641
1090.50,24.6602
1091.00,23.8432
1091.50,23.0525
1092.00,22.3211
1092.50,21.6744
1093.00,21.1297
1093.50,20.6939
1094.00,20.3607
1094.50,20.1137
1095.00,19.9345
1095.50,19.8096
1096.00,19.7311
1096.50,19.6914
1097.00,19.6802
1097.50,19.6888
1098.00,19.7160
1098.50,19.7672
1099.00,19.8465
1099.50,19.9486
1100.00,20.0583
1100.50,20.1566
1101.00,20.2302
1101.50,20.2774
1102.00,20.3069
1102.50,20.3311
1103.00,20.3560
1103.50,20.3759
1104.00,20.3780
1104.50,20.3556
1105.00,20.3192
1105.50,20.2945
1106.00,20.3046
1106.50,20.3516
1107.00,20.4122
1107.50,20.4535
1108.00,20.4555
1108.50,20.4230
1109.00,20.3783
1109.50,20.3428
1110.00,20.3234
1110.50,20.3130
1111.00,20.2996
1111.50,20.2737
1112.00,20.2314
1112.50,20.1725
1113.00,20.1014
1113.50,20.0272
1114.00,19.9605
1114.50,19.9060
1115.00,19.8581
1115.50,19.8043
1116.00,19.7370
1116.50,19.6622
1117.00,19.5945
1117.50,19.5433
1118.00,19.5034
1118.50,19.4605
1119.00,19.4043
1119.50,19.3378
1120.00,19.2760
1120.50,19.2355
1121.00,19.2238
1121.50,19.2353
1122.00,19.2566
1122.50,19.2754
1123.00,19.2858
1123.50,19.2861
1124.00,19.2757
1124.50,19.2552
1125.00,19.2281
1125.50,19.2020
1126.00,19.1846
1126.50,19.1771
1127.00,19.1715
1127.50,19.1567
1128.00,19.1293
1128.50,19.0964
1129.00,19.0691
1129.50,19.0535
1130.00,19.0481
1130.50,19.0471
1131.00,19.0442
1131.50,19.0339
1132.00,19.0141
1132.50,18.9882
1133.00,18.9617
1133.50,18.9354
1134.00,18.9042
1134.50,18.8639
1135.00,18.8184
1135.50,18.7786
1136.00,18.7544
1136.50,18.7470
1137.00,18.7472
1137.50,18.7409
1138.00,18.7190
1138.50,18.6827
1139.00,18.6410
1139.50,18.6035
1140.00,18.5750
1140.50,18.5557
1141.00,18.5437
1141.50,18.5374
1142.00,18.5354
1142.50,18.5370
1143.00,18.5436
1143.50,18.5578
1144.00,18.5792
1144.50,18.6027
1145.00,18.6230
1145.50,18.6434
1146.00,18.6783
1146.50,18.7455
1147.00,18.8574
1147.50,19.0174
1148.00,19.2250
1148.50,19.4799
1149.00,19.7841
1149.50,20.1396
1150.00,20.5474
1150.50,21.0091
1151.00,21.5282
1151.50,22.1117
1152.00,22.7681
1152.50,23.5049
1153.00,24.3255
1153.50,25.2294
1154.00,26.2149
1154.50,27.2820
1155.00,28.4306
1155.50,29.6550
1156.00,30.9422
1156.50,32.2784
1157.00,33.6566
1157.50,35.0781
1158.00,36.5488
1158.50,38.0742
1159.00,39.6586
1159.50,41.3029
1160.00,43.0023
1160.50,44.7431
1161.00,46.5054
1161.50,48.2706
1162.00,50.0302
1162.50,51.7896
1163.00,53.5602
1163.50,55.3463
1164.00,57.1384
1164.50,58.9184
1165.00,60.6743
1165.50,62.4082
1166.00,64.1304
1166.50,65.8475
1167.00,67.5586
1167.50,69.2622
1168.00,70.9604
1168.50,72.6523
1169.00,74.3260
1169.50,75.9580
1170.00,77.5196
1170.50,78.9806
1171.00,80.3047
1171.50,81.4437
1172.00,82.3344
1172.50,82.8962
1173.00,83.0244
1173.50,82.5847
1174.00,81.4241
1174.50,79.4026
1175.00,76.4360
1175.50,72.5285
1176.00,67.7806
1176.50,62.3765
1177.00,56.5619
1177.50,50.6177
1178.00,44.8295
1178.50,39.4554
1179.00,34.6969
1179.50,30.6797
1180.00,27.4464
1180.50,24.9629
1181.00,23.1373
1181.50,21.8455
1182.00,20.9582
1182.50,20.3615
1183.00,19.9678
1183.50,19.7157
1184.00,19.5622
1184.50,19.4744
1185.00,19.4263
1185.50,19.3989
1186.00,19.3804
1186.50,19.3652
1187.00,19.3534
1187.50,19.3464
1188.00,19.3428
1188.50,19.3353
1189.00,19.3147
1189.50,19.2766
1190.00,19.2259
1190.50,19.1743
1191.00,19.1338
1191.50,19.1123
1192.00,19.1101
1192.50,19.1205
1193.00,19.1325
1193.50,19.1362
1194.00,19.1254
1194.50,19.0992
1195.00,19.0614
1195.50,19.0210
1196.00,18.9898
1196.50,18.9739
1197.00,18.9682
1197.50,18.9588
1198.00,18.9343
1198.50,18.8939
1199.00,18.8463
1199.50,18.8011
1200.00,18.7650
1200.50,18.7422
1201.00,18.7362
1201.50,18.7480
1202.00,18.7721
1202.50,18.7969
1203.00,18.8106
1203.50,18.8087
1204.00,18.7968
1204.50,18.7860
1205.00,18.7833
1205.50,18.7850
1206.00,18.7795
1206.50,18.7555
1207.00,18.7109
1207.50,18.6541
1208.00,18.5983
1208.50,18.5553
1209.00,18.5324
1209.50,18.5323
1210.00,18.5533
1210.50,18.5904
1211.00,18.6368
1211.50,18.6851
1212.00,18.7277
1212.50,18.7564
1213.00,18.7650
1213.50,18.7551
1214.00,18.7365
1214.50,18.7195
1215.00,18.7071
1215.50,18.6949
1216.00,18.6807
1216.50,18.6696
1217.00,18.6707
1217.50,18.6892
1218.00,18.7222
1218.50,18.7609
1219.00,18.7955
1219.50,18.8215
1220.00,18.8438
1220.50,18.8752
1221.00,18.9274
1221.50,19.0015
1222.00,19.0825
1222.50,19.1446
1223.00,19.1652
1223.50,19.1411
1224.00,19.0945
1224.50,19.0577
1225.00,19.0503
1225.50,19.0661
1226.00,19.0816
1226.50,19.0754
1227.00,19.0433
1227.50,18.9970
1228.00,18.9541
1228.50,18.9257
1229.00,18.9121
1229.50,18.9072
1230.00,18.9070
1230.50,18.9135
1231.00,18.9310
1231.50,18.9589
1232.00,18.9907
1232.50,19.0172
1233.00,19.0326
1233.50,19.0360
1234.00,19.0290
1234.50,19.0114
1235.00,18.9804
1235.50,18.9349
1236.00,18.8821
1236.50,18.8370
1237.00,18.8143
1237.50,18.8175
1238.00,18.8389
1238.50,18.8669
1239.00,18.8949
1239.50,18.9219
1240.00,18.9473
1240.50,18.9653
1241.00,18.9654
1241.50,18.9409
1242.00,18.8981
1242.50,18.8558
1243.00,18.8341
1243.50,18.8401
1244.00,18.8650
1244.50,18.8923
1245.00,18.9097
1245.50,18.9148
1246.00,18.9135
1246.50,18.9135
1247.00,18.9194
1247.50,18.9305
1248.00,18.9424
1248.50,18.9498
1249.00,18.9523
1249.50,18.9569
1250.00,18.9729
1250.50,19.0025
1251.00,19.0350
1251.50,19.0544
1252.00,19.0500
1252.50,19.0247
1253.00,18.9927
1253.50,18.9718
1254.00,18.9765
1254.50,19.0120
1255.00,19.0712
1255.50,19.1374
1256.00,19.1928
1256.50,19.2243
1257.00,19.2246
1257.50,19.1901
1258.00,19.1229
1258.50,19.0339
1259.00,18.9408
1259.50,18.8622
1260.00,18.8100
1260.50,18.7875
1261.00,18.7897
1261.50,18.8054
1262.00,18.8223
1262.50,18.8325
1263.00,18.8349
1263.50,18.8332
1264.00,18.8314
1264.50,18.8316
1265.00,18.8338
1265.50,18.8369
1266.00,18.8396
1266.50,18.8413
1267.00,18.8419
1267.50,18.8424
1268.00,18.8434
1268.50,18.8454
1269.00,18.8478
1269.50,18.8471
1270.00,18.8383
1270.50,18.8190
1271.00,18.7922
1271.50,18.7652
1272.00,18.7449
1272.50,18.7327
1273.00,18.7250
1273.50,18.7149
1274.00,18.6959
1274.50,18.6644
1275.00,18.6217
1275.50,18.5730
1276.00,18.5273
1276.50,18.4948
1277.00,18.4850
1277.50,18.5028
1278.00,18.5436
1278.50,18.5925
1279.00,18.6299
1279.50,18.6413
1280.00,18.6248
1280.50,18.5897
1281.00,18.5489
1281.50,18.5122
1282.00,18.4858
1282.50,18.4735
1283.00,18.4733
1283.50,18.4759
1284.00,18.4704
1284.50,18.4530
1285.00,18.4296
1285.50,18.4090
1286.00,18.3942
1286.50,18.3819
1287.00,18.3691
1287.50,18.3588
1288.00,18.3590
1288.50,18.3743
1289.00,18.4006
1289.50,18.4271
1290.00,18.4443
1290.50,18.4504
1291.00,18.4528
1291.50,18.4632
1292.00,18.4924
1292.50,18.5437
1293.00,18.6095
1293.50,18.6735
1294.00,18.7176
1294.50,18.7306
1295.00,18.7112
1295.50,18.6670
1296.00,18.6124
1296.50,18.5682
1297.00,18.5560
1297.50,18.5880
1298.00,18.6576
1298.50,18.7429
1299.00,18.8198
1299.50,18.8752
1300.00,18.9100
1300.50,18.9329
1301.00,18.9521
1301.50,18.9695
1302.00,18.9805
1302.50,18.9795
1303.00,18.9640
1303.50,18.9371
1304.00,18.9066
1304.50,18.8837
1305.00,18.8788
1305.50,18.8949
1306.00,18.9236
1306.50,18.9505
1307.00,18.9661
1307.50,18.9723
1308.00,18.9785
1308.50,18.9931
1309.00,19.0166
1309.50,19.0425
1310.00,19.0617
1310.50,19.0674
1311.00,19.0576
1311.50,19.0352
1312.00,19.0061
1312.50,18.9779
1313.00,18.9586
1313.50,18.9549
1314.00,18.9698
1314.50,19.0031
1315.00,19.0508
1315.50,19.1027
1316.00,19.1431
1316.50,19.1571
1317.00,19.1411
1317.50,19.1064
1318.00,19.0729
1318.50,19.0567
1319.00,19.0617
1319.50,19.0802
1320.00,19.0984
1320.50,19.1047
1321.00,19.0980
1321.50,19.0890
1322.00,19.0918
1322.50,19.1102
1323.00,19.1343
1323.50,19.1501
1324.00,19.1519
1324.50,19.1437
1325.00,19.1307
1325.50,19.1145
1326.00,19.0954
1326.50,19.0759
1327.00,19.0594
1327.50,19.0481
1328.00,19.0419
1328.50,19.0406
1329.00,19.0444
1329.50,19.0540
1330.00,19.0698
1330.50,19.0910
1331.00,19.1134
1331.50,19.1299
1332.00,19.1350
1332.50,19.1297
1333.00,19.1196
1333.50,19.1093
1334.00,19.0968
1334.50,19.0760
1335.00,19.0431
1335.50,19.0018
1336.00,18.9614
1336.50,18.9313
1337.00,18.9159
1337.50,18.9157
1338.00,18.9282
1338.50,18.9493
1339.00,18.9707
1339.50,18.9824
1340.00,18.9803
1340.50,18.9705
1341.00,18.9642
1341.50,18.9687
1342.00,18.9824
1342.50,18.9978
1343.00,19.0060
1343.50,19.0000
1344.00,18.9792
1344.50,18.9527
1345.00,18.9348
1345.50,18.9339
1346.00,18.9461
1346.50,18.9603
1347.00,18.9687
1347.50,18.9725
1348.00,18.9795
1348.50,18.9969
1349.00,19.0264
1349.50,19.0603
1350.00,19.0846
1350.50,19.0859
1351.00,19.0618
1351.50,19.0233
1352.00,18.9875
1352.50,18.9671
1353.00,18.9670
1353.50,18.9856
1354.00,19.0178
1354.50,19.0539
1355.00,19.0813
1355.50,19.0899
1356.00,19.0782
1356.50,19.0545
1357.00,19.0319
1357.50,19.0208
1358.00,19.0245
1358.50,19.0382
1359.00,19.0528
1359.50,19.0610
1360.00,19.0620
1360.50,19.0607
1361.00,19.0629
1361.50,19.0700
1362.00,19.0780
1362.50,19.0806
1363.00,19.0718
1363.50,19.0486
1364.00,19.0133
1364.50,18.9742
1365.00,18.9427
1365.50,18.9292
1366.00,18.9394
1366.50,18.9733
1367.00,19.0248
1367.50,19.0818
1368.00,19.1291
1368.50,19.1525
1369.00,19.1450
1369.50,19.1122
1370.00,19.0719
1370.50,19.0471
1371.00,19.0542
1371.50,19.0959
1372.00,19.1617
1372.50,19.2336
1373.00,19.2934
1373.50,19.3296
1374.00,19.3425
1374.50,19.3414
1375.00,19.3374
1375.50,19.3353
1376.00,19.3311
1376.50,19.3181
1377.00,19.2953
1377.50,19.2729
1378.00,19.2656
1378.50,19.2796
1379.00,19.3058
1379.50,19.3283
1380.00,19.3381
1380.50,19.3394
1381.00,19.3440
1381.50,19.3594
1382.00,19.3833
1382.50,19.4058
1383.00,19.4181
1383.50,19.4175
1384.00,19.4078
1384.50,19.3925
1385.00,19.3708
1385.50,19.3388
1386.00,19.2938
1386.50,19.2376
1387.00,19.1789
1387.50,19.1312
1388.00,19.1054
1388.50,19.0998
1389.00,19.0993
1389.50,19.0875
1390.00,19.0620
1390.50,19.0361
1391.00,19.0261
1391.50,19.0377
1392.00,19.0644
1392.50,19.0960
1393.00,19.1256
1393.50,19.1522
1394.00,19.1767
1394.50,19.1992
1395.00,19.2183
1395.50,19.2329
1396.00,19.2446
1396.50,19.2573
1397.00,19.2747
1397.50,19.2986
1398.00,19.3288
1398.50,19.3635
1399.00,19.4001
1399.50,19.4346
1400.00,19.4616
1400.50,19.4752
1401.00,19.4709
1401.50,19.4479
1402.00,19.4108
1402.50,19.3709
1403.00,19.3424
1403.50,19.3351
1404.00,19.3470
1404.50,19.3668
1405.00,19.3832
1405.50,19.3937
1406.00,19.4031
1406.50,19.4152
1407.00,19.4270
1407.50,19.4330
1408.00,19.4332
1408.50,19.4340
1409.00,19.4410
1409.50,19.4529
1410.00,19.4643
1410.50,19.4722
1411.00,19.4778
1411.50,19.4828
1412.00,19.4867
1412.50,19.4872
1413.00,19.4807
1413.50,19.4628
1414.00,19.4316
1414.50,19.3909
1415.00,19.3497
1415.50,19.3163
1416.00,19.2922
1416.50,19.2739
1417.00,19.2610
1417.50,19.2619
1418.00,19.2870
1418.50,19.3352
1419.00,19.3879
1419.50,19.4200
1420.00,19.4193
1420.50,19.3928
1421.00,19.3576
1421.50,19.3276
1422.00,19.3103
1422.50,19.3075
1423.00,19.3138
1423.50,19.3165
1424.00,19.3049
1424.50,19.2803
1425.00,19.2551
1425.50,19.2384
1426.00,19.2253
1426.50,19.2034
1427.00,19.1681
1427.50,19.1295
1428.00,19.1049
1428.50,19.1063
1429.00,19.1339
1429.50,19.1774
1430.00,19.2210
1430.50,19.2513
1431.00,19.2625
1431.50,19.2568
1432.00,19.2398
1432.50,19.2175
1433.00,19.1960
1433.50,19.1830
1434.00,19.1848
1434.50,19.2013
1435.00,19.2253
1435.50,19.2491
1436.00,19.2709
1436.50,19.2927
1437.00,19.3126
1437.50,19.3211
1438.00,19.3071
1438.50,19.2690
1439.00,19.2189
1439.50,19.1755
1440.00,19.1523
1440.50,19.1515
1441.00,19.1665
1441.50,19.1866
1442.00,19.2001
1442.50,19.1973
1443.00,19.1749
1443.50,19.1402
1444.00,19.1081
1444.50,19.0916
1445.00,19.0941
1445.50,19.1104
1446.00,19.1341
1446.50,19.1640
1447.00,19.2036
1447.50,19.2557
1448.00,19.3143
1448.50,19.3647
1449.00,19.3919
1449.50,19.3923
1450.00,19.3771
1450.50,19.3637
1451.00,19.3624
1451.50,19.3708
1452.00,19.3785
1452.50,19.3758
1453.00,19.3607
1453.50,19.3385
1454.00,19.3181
1454.50,19.3057
1455.00,19.3004
1455.50,19.2941
1456.00,19.2754
1456.50,19.2393
1457.00,19.1910
1457.50,19.1419
1458.00,19.1005
1458.50,19.0694
1459.00,19.0496
1459.50,19.0451
1460.00,19.0601
1460.50,19.0914
1461.00,19.1270
1461.50,19.1545
1462.00,19.1713
1462.50,19.1858
1463.00,19.2086
1463.50,19.2408
1464.00,19.2730
1464.50,19.2940
1465.00,19.3010
1465.50,19.3001
1466.00,19.3011
1466.50,19.3090
1467.00,19.3210
1467.50,19.3289
1468.00,19.3257
1468.50,19.3107
1469.00,19.2896
1469.50,19.2707
1470.00,19.2593
1470.50,19.2552
1471.00,19.2534
1471.50,19.2479
1472.00,19.2350
1472.50,19.2173
1473.00,19.2035
1473.50,19.2040
1474.00,19.2231
1474.50,19.2548
1475.00,19.2878
1475.50,19.3144
1476.00,19.3336
1476.50,19.3463
1477.00,19.3499
1477.50,19.3400
1478.00,19.3170
1478.50,19.2902
1479.00,19.2729
1479.50,19.2744
1480.00,19.2950
1480.50,19.3261
1481.00,19.3555
1481.50,19.3743
1482.00,19.3803
1482.50,19.3772
1483.00,19.3703
1483.50,19.3628
1484.00,19.3564
1484.50,19.3547
1485.00,19.3634
1485.50,19.3880
1486.00,19.4292
1486.50,19.4802
1487.00,19.5266
1487.50,19.5526
1488.00,19.5520
1488.50,19.5355
1489.00,19.5251
1489.50,19.5374
1490.00,19.5704
1490.50,19.6067
1491.00,19.6280
1491.50,19.6272
1492.00,19.6076
1492.50,19.5759
1493.00,19.5362
1493.50,19.4922
1494.00,19.4486
1494.50,19.4115
1495.00,19.3876
1495.50,19.3844
1496.00,19.4082
1496.50,19.4592
1497.00,19.5269
1497.50,19.5943
1498.00,19.6475
1498.50,19.6844
1499.00,19.7114
1499.50,19.7348
1500.00,19.7539
1500.50,19.7638
1501.00,19.7624
1501.50,19.7537
1502.00,19.7423
1502.50,19.7290
1503.00,19.7123
1503.50,19.6954
1504.00,19.6878
1504.50,19.7001
1505.00,19.7338
1505.50,19.7787
1506.00,19.8190
1506.50,19.8439
1507.00,19.8540
1507.50,19.8579
1508.00,19.8632
1508.50,19.8704
1509.00,19.8735
1509.50,19.8664
1510.00,19.8470
1510.50,19.8169
1511.00,19.7806
1511.50,19.7457
1512.00,19.7215
1512.50,19.7114
1513.00,19.7079
1513.50,19.6967
1514.00,19.6685
1514.50,19.6272
1515.00,19.5867
1515.50,19.5625
1516.00,19.5646
1516.50,19.5952
1517.00,19.6477
1517.50,19.7086
1518.00,19.7613
1518.50,19.7920
1519.00,19.7941
1519.50,19.7685
1520.00,19.7226
1520.50,19.6697
1521.00,19.6241
1521.50,19.5956
1522.00,19.5869
1522.50,19.5947
1523.00,19.6127
1523.50,19.6304
1524.00,19.6355
1524.50,19.6219
1525.00,19.5967
1525.50,19.5760
1526.00,19.5714
1526.50,19.5805
1527.00,19.5918
1527.50,19.5974
1528.00,19.5988
1528.50,19.6019
1529.00,19.6116
1529.50,19.6310
1530.00,19.6633
1530.50,19.7097
1531.00,19.7650
1531.50,19.8176
1532.00,19.8558
1532.50,19.8750
1533.00,19.8776
1533.50,19.8691
1534.00,19.8540
1534.50,19.8341
1535.00,19.8108
1535.50,19.7859
1536.00,19.7600
1536.50,19.7330
1537.00,19.7034
1537.50,19.6712
1538.00,19.6401
1538.50,19.6165
1539.00,19.6059
1539.50,19.6081
1540.00,19.6165
1540.50,19.6233
1541.00,19.6241
1541.50,19.6183
1542.00,19.6061
1542.50,19.5852
1543.00,19.5530
1543.50,19.5102
1544.00,19.4620
1544.50,19.4143
1545.00,19.3720
1545.50,19.3376
1546.00,19.3117
1546.50,19.2930
1547.00,19.2796
1547.50,19.2708
1548.00,19.2672
1548.50,19.2693
1549.00,19.2773
1549.50,19.2896
1550.00,19.3024
1550.50,19.3079
1551.00,19.2995
1551.50,19.2769
1552.00,19.2488
1552.50,19.2266
1553.00,19.2175
1553.50,19.2218
1554.00,19.2356
1554.50,19.2548
1555.00,19.2748
1555.50,19.2901
1556.00,19.2949
1556.50,19.2867
1557.00,19.2688
1557.50,19.2486
1558.00,19.2342
1558.50,19.2296
1559.00,19.2335
1559.50,19.2409
1560.00,19.2464
1560.50,19.2481
1561.00,19.2504
1561.50,19.2603
1562.00,19.2813
1562.50,19.3089
1563.00,19.3340
1563.50,19.3514
1564.00,19.3639
1564.50,19.3782
1565.00,19.3976
1565.50,19.4193
1566.00,19.4374
1566.50,19.4492
1567.00,19.4564
1567.50,19.4615
1568.00,19.4629
1568.50,19.4552
1569.00,19.4356
1569.50,19.4079
1570.00,19.3787
1570.50,19.3494
1571.00,19.3143
1571.50,19.2668
1572.00,19.2083
1572.50,19.1499
1573.00,19.1065
1573.50,19.0871
1574.00,19.0901
1574.50,19.1077
1575.00,19.1344
1575.50,19.1713
1576.00,19.2175
1576.50,19.2621
1577.00,19.2898
1577.50,19.2934
1578.00,19.2799
1578.50,19.2606
1579.00,19.2391
1579.50,19.2119
1580.00,19.1782
1580.50,19.1473
1581.00,19.1346
1581.50,19.1510
1582.00,19.1949
1582.50,19.2527
1583.00,19.3056
1583.50,19.3391
1584.00,19.3484
1584.50,19.3374
1585.00,19.3133
1585.50,19.2816
1586.00,19.2472
1586.50,19.2170
1587.00,19.1985
1587.50,19.1942
1588.00,19.2000
1588.50,19.2095
1589.00,19.2201
1589.50,19.2346
1590.00,19.2594
1590.50,19.2985
1591.00,19.3489
1591.50,19.3989
1592.00,19.4320
1592.50,19.4350
1593.00,19.4051
1593.50,19.3517
1594.00,19.2934
1594.50,19.2490
1595.00,19.2286
1595.50,19.2283
1596.00,19.2345
1596.50,19.2332
1597.00,19.2165
1597.50,19.1823
1598.00,19.1319
1598.50,19.0707
1599.00,19.0108
1599.50,18.9696
1600.00,18.9614
1600.50,18.9887
1601.00,19.0405
1601.50,19.0980
1602.00,19.1446
1602.50,19.1707
1603.00,19.1729
1603.50,19.1514
1604.00,19.1108
1604.50,19.0625
1605.00,19.0219
1605.50,19.0015
1606.00,19.0047
1606.50,19.0248
1607.00,19.0504
1607.50,19.0719
1608.00,19.0874
1608.50,19.1012
1609.00,19.1167
1609.50,19.1328
1610.00,19.1461
1610.50,19.1565
1611.00,19.1683
1611.50,19.1833
1612.00,19.1960
1612.50,19.1963
1613.00,19.1783
1613.50,19.1449
1614.00,19.1060
1614.50,19.0724
1615.00,19.0544
1615.50,19.0619
1616.00,19.1013
1616.50,19.1676
1617.00,19.2415
1617.50,19.2978
1618.00,19.3216
1618.50,19.3165
1619.00,19.3001
1619.50,19.2917
1620.00,19.3016
1620.50,19.3282
1621.00,19.3606
1621.50,19.3844
1622.00,19.3894
1622.50,19.3746
1623.00,19.3479
1623.50,19.3198
1624.00,19.2977
1624.50,19.2823
1625.00,19.2678
1625.50,19.2461
1626.00,19.2141
1626.50,19.1788
1627.00,19.1539
1627.50,19.1496
1628.00,19.1642
1628.50,19.1862
1629.00,19.2040
1629.50,19.2132
1630.00,19.2161
1630.50,19.2162
1631.00,19.2139
1631.50,19.2074
1632.00,19.1957
1632.50,19.1819
1633.00,19.1731
1633.50,19.1769
1634.00,19.1970
1634.50,19.2314
1635.00,19.2744
1635.50,19.3213
1636.00,19.3713
1636.50,19.4259
1637.00,19.4847
1637.50,19.5415
1638.00,19.5855
1638.50,19.6067
1639.00,19.6002
1639.50,19.5704
1640.00,19.5301
1640.50,19.4969
1641.00,19.4830
1641.50,19.4881
1642.00,19.5005
1642.50,19.5077
1643.00,19.5040
1643.50,19.4906
1644.00,19.4709
1644.50,19.4475
1645.00,19.4241
1645.50,19.4089
1646.00,19.4119
1646.50,19.4356
1647.00,19.4685
1647.50,19.4896
1648.00,19.4815
1648.50,19.4422
1649.00,19.3856
1649.50,19.3318
1650.00,19.2963
1650.50,19.2849
1651.00,19.2968
1651.50,19.3283
1652.00,19.3722
1652.50,19.4155
1653.00,19.4429
1653.50,19.4444
1654.00,19.4220
1654.50,19.3870
1655.00,19.3525
1655.50,19.3282
1656.00,19.3207
1656.50,19.3354
1657.00,19.3700
1657.50,19.4107
1658.00,19.4366
1658.50,19.4353
1659.00,19.4122
1659.50,19.3849
1660.00,19.3656
1660.50,19.3511
1661.00,19.3293
1661.50,19.2942
1662.00,19.2541
1662.50,19.2254
1663.00,19.2204
1663.50,19.2393
1664.00,19.2713
1664.50,19.3017
1665.00,19.3189
1665.50,19.3196
1666.00,19.3096
1666.50,19.3006
1667.00,19.3051
1667.50,19.3309
1668.00,19.3798
1668.50,19.4462
1669.00,19.5169
1669.50,19.5708
1670.00,19.5850
1670.50,19.5491
1671.00,19.4770
1671.50,19.4037
1672.00,19.3656
1672.50,19.3778
1673.00,19.4272
1673.50,19.4848
1674.00,19.5250
1674.50,19.5380
1675.00,19.5291
1675.50,19.5119
1676.00,19.4999
1676.50,19.5011
1677.00,19.5157
1677.50,19.5368
1678.00,19.5548
1678.50,19.5629
1679.00,19.5599
1679.50,19.5502
1680.00,19.5400
1680.50,19.5338
1681.00,19.5338
1681.50,19.5407
1682.00,19.5532
1682.50,19.5677
1683.00,19.5783
1683.50,19.5818
1684.00,19.5819
1684.50,19.5857
1685.00,19.5977
1685.50,19.6149
1686.00,19.6308
1686.50,19.6407
1687.00,19.6448
1687.50,19.6450
1688.00,19.6425
1688.50,19.6363
1689.00,19.6239
1689.50,19.6049
1690.00,19.5846
1690.50,19.5752
1691.00,19.5889
1691.50,19.6272
1692.00,19.6793
1692.50,19.7297
1693.00,19.7659
1693.50,19.7804
1694.00,19.7680
1694.50,19.7286
1695.00,19.6723
1695.50,19.6169
1696.00,19.5771
1696.50,19.5546
1697.00,19.5407
1697.50,19.5254
1698.00,19.5069
1698.50,19.4918
1699.00,19.4901
1699.50,19.5077
1700.00,19.5426
1700.50,19.5856
1701.00,19.6253
1701.50,19.6527
1702.00,19.6644
1702.50,19.6628
1703.00,19.6546
1703.50,19.6468
1704.00,19.6432
1704.50,19.6423
1705.00,19.6390
1705.50,19.6302
1706.00,19.6182
1706.50,19.6096
1707.00,19.6085
1707.50,19.6119
1708.00,19.6133
1708.50,19.6093
1709.00,19.6032
1709.50,19.6033
1710.00,19.6174
1710.50,19.6474
1711.00,19.6865
1711.50,19.7238
1712.00,19.7530
1712.50,19.7765
1713.00,19.8002
1713.50,19.8267
1714.00,19.8542
1714.50,19.8800
1715.00,19.9006
1715.50,19.9070
1716.00,19.8857
1716.50,19.8309
1717.00,19.7550
1717.50,19.6843
1718.00,19.6429
1718.50,19.6407
1719.00,19.6722
1719.50,19.7225
1720.00,19.7732
1720.50,19.8076
1721.00,19.8156
1721.50,19.7983
1722.00,19.7663
1722.50,19.7335
1723.00,19.7093
1723.50,19.6944
1724.00,19.6841
1724.50,19.6742
1725.00,19.6664
1725.50,19.6663
1726.00,19.6777
1726.50,19.6985
1727.00,19.7239
1727.50,19.7508
1728.00,19.7781
1728.50,19.8016
1729.00,19.8120
1729.50,19.8008
1730.00,19.7698
1730.50,19.7300
1731.00,19.6925
1731.50,19.6600
1732.00,19.6295
1732.50,19.6007
1733.00,19.5779
1733.50,19.5641
1734.00,19.5546
1734.50,19.5403
1735.00,19.5165
1735.50,19.4858
1736.00,19.4530
1736.50,19.4208
1737.00,19.3907
1737.50,19.3673
1738.00,19.3561
1738.50,19.3576
1739.00,19.3653
1739.50,19.3699
1740.00,19.3645
1740.50,19.3479
1741.00,19.3257
1741.50,19.3093
1742.00,19.3089
1742.50,19.3265
1743.00,19.3554
1743.50,19.3865
1744.00,19.4150
1744.50,19.4404
1745.00,19.4634
1745.50,19.4826
1746.00,19.4944
1746.50,19.4962
1747.00,19.4897
1747.50,19.4808
1748.00,19.4762
1748.50,19.4802
1749.00,19.4906
1749.50,19.4999
1750.00,19.4976
1750.50,19.4751
1751.00,19.4314
1751.50,19.3764
1752.00,19.3271
1752.50,19.2991
1753.00,19.2999
1753.50,19.3266
1754.00,19.3665
1754.50,19.4009
1755.00,19.4135
1755.50,19.3990
1756.00,19.3657
1756.50,19.3263
1757.00,19.2881
1757.50,19.2515
1758.00,19.2165
1758.50,19.1878
1759.00,19.1730
1759.50,19.1787
1760.00,19.2044
1760.50,19.2407
1761.00,19.2695
1761.50,19.2706
1762.00,19.2348
1762.50,19.1740
1763.00,19.1182
1763.50,19.0982
1764.00,19.1251
1764.50,19.1838
1765.00,19.2455
1765.50,19.2863
1766.00,19.2973
1766.50,19.2841
1767.00,19.2590
1767.50,19.2341
1768.00,19.2159
1768.50,19.2033
1769.00,19.1923
1769.50,19.1841
1770.00,19.1881
1770.50,19.2152
1771.00,19.2660
1771.50,19.3258
1772.00,19.3720
1772.50,19.3872
1773.00,19.3666
1773.50,19.3180
1774.00,19.2563
1774.50,19.1990
1775.00,19.1621
1775.50,19.1530
1776.00,19.1652
1776.50,19.1831
1777.00,19.1939
1777.50,19.1952
1778.00,19.1935
1778.50,19.1945
1779.00,19.1985
1779.50,19.2024
1780.00,19.2036
1780.50,19.2015
1781.00,19.1955
1781.50,19.1839
1782.00,19.1664
1782.50,19.1458
1783.00,19.1278
1783.50,19.1169
1784.00,19.1154
1784.50,19.1245
1785.00,19.1450
1785.50,19.1753
1786.00,19.2091
1786.50,19.2357
1787.00,19.2446
1787.50,19.2307
1788.00,19.1980
1788.50,19.1564
1789.00,19.1147
1789.50,19.0759
1790.00,19.0388
1790.50,19.0045
1791.00,18.9779
1791.50,18.9635
1792.00,18.9595
1792.50,18.9587
1793.00,18.9547
1793.50,18.9463
1794.00,18.9364
1794.50,18.9292
1795.00,18.9271
1795.50,18.9304
1796.00,18.9378
1796.50,18.9469
1797.00,18.9545
1797.50,18.9599
1798.00,18.9683
1798.50,18.9896
1799.00,19.0304
1799.50,19.0855
1800.00,19.1382
1800.50,19.1723
1801.00,19.1853
1801.50,19.1874
1802.00,19.1900
1802.50,19.1932
1803.00,19.1867
1803.50,19.1610
1804.00,19.1167
1804.50,19.0653
1805.00,19.0223
1805.50,18.9990
1806.00,18.9974
1806.50,19.0106
1807.00,19.0293
1807.50,19.0466
1808.00,19.0592
1808.50,19.0645
1809.00,19.0616
1809.50,19.0540
1810.00,19.0493
1810.50,19.0533
1811.00,19.0672
1811.50,19.0890
1812.00,19.1162
1812.50,19.1451
1813.00,19.1702
1813.50,19.1862
1814.00,19.1906
1814.50,19.1827
1815.00,19.1625
1815.50,19.1325
1816.00,19.1004
1816.50,19.0773
1817.00,19.0715
1817.50,19.0838
1818.00,19.1095
1818.50,19.1418
1819.00,19.1736
1819.50,19.1973
1820.00,19.2059
1820.50,19.1951
1821.00,19.1654
1821.50,19.1232
1822.00,19.0800
1822.50,19.0490
1823.00,19.0394
1823.50,19.0525
1824.00,19.0836
1824.50,19.1249
1825.00,19.1667
1825.50,19.2002
1826.00,19.2210
1826.50,19.2310
1827.00,19.2353
1827.50,19.2371
1828.00,19.2375
1828.50,19.2389
1829.00,19.2461
1829.50,19.2620
1830.00,19.2863
1830.50,19.3176
1831.00,19.3542
1831.50,19.3935
1832.00,19.4298
1832.50,19.4545
1833.00,19.4601
1833.50,19.4431
1834.00,19.4056
1834.50,19.3549
1835.00,19.3004
1835.50,19.2509
1836.00,19.2134
1836.50,19.1935
1837.00,19.1930
1837.50,19.2070
1838.00,19.2236
1838.50,19.2322
1839.00,19.2299
1839.50,19.2233
1840.00,19.2197
1840.50,19.2203
1841.00,19.2194
1841.50,19.2097
1842.00,19.1886
1842.50,19.1613
1843.00,19.1394
1843.50,19.1359
1844.00,19.1561
1844.50,19.1931
1845.00,19.2313
1845.50,19.2593
1846.00,19.2785
1846.50,19.3001
1847.00,19.3354
1847.50,19.3868
1848.00,19.4468
1848.50,19.5016
1849.00,19.5367
1849.50,19.5433
1850.00,19.5219
1850.50,19.4817
1851.00,19.4341
1851.50,19.3866
1852.00,19.3419
1852.50,19.3002
1853.00,19.2612
1853.50,19.2256
1854.00,19.1968
1854.50,19.1817
1855.00,19.1854
1855.50,19.2056
1856.00,19.2319
1856.50,19.2532
1857.00,19.2656
1857.50,19.2722
1858.00,19.2773
1858.50,19.2819
1859.00,19.2842
1859.50,19.2836
1860.00,19.2807
1860.50,19.2778
1861.00,19.2770
1861.50,19.2783
1862.00,19.2775
1862.50,19.2681
1863.00,19.2478
1863.50,19.2235
1864.00,19.2096
1864.50,19.2184
1865.00,19.2522
1865.50,19.3018
1866.00,19.3524
1866.50,19.3904
1867.00,19.4072
1867.50,19.4006
1868.00,19.3767
1868.50,19.3483
1869.00,19.3294
1869.50,19.3270
1870.00,19.3379
1870.50,19.3519
1871.00,19.3608
1871.50,19.3640
1872.00,19.3649
1872.50,19.3656
1873.00,19.3654
1873.50,19.3645
1874.00,19.3656
1874.50,19.3707
1875.00,19.3756
1875.50,19.3714
1876.00,19.3528
1876.50,19.3244
1877.00,19.2967
1877.50,19.2764
1878.00,19.2625
1878.50,19.2505
1879.00,19.2381
1879.50,19.2259
1880.00,19.2132
1880.50,19.1983
1881.00,19.1805
1881.50,19.1611
1882.00,19.1424
1882.50,19.1273
1883.00,19.1200
1883.50,19.1256
1884.00,19.1471
1884.50,19.1811
1885.00,19.2160
1885.50,19.2377
1886.00,19.2381
1886.50,19.2198
1887.00,19.1926
1887.50,19.1669
1888.00,19.1491
1888.50,19.1408
1889.00,19.1392
1889.50,19.1384
1890.00,19.1333
1890.50,19.1228
1891.00,19.1123
1891.50,19.1094
1892.00,19.1177
1892.50,19.1323
1893.00,19.1410
1893.50,19.1333
1894.00,19.1077
1894.50,19.0730
1895.00,19.0416
1895.50,19.0219
1896.00,19.0138
1896.50,19.0107
1897.00,19.0052
1897.50,18.9928
1898.00,18.9739
1898.50,18.9528
1899.00,18.9356
1899.50,18.9269
1900.00,18.9277
1900.50,18.9340
1901.00,18.9390
1901.50,18.9357
1902.00,18.9209
1902.50,18.8973
1903.00,18.8730
1903.50,18.8574
1904.00,18.8584
1904.50,18.8799
1905.00,18.9183
1905.50,18.9613
1906.00,18.9903
1906.50,18.9885
1907.00,18.9512
1907.50,18.8896
1908.00,18.8258
1908.50,18.7817
1909.00,18.7688
1909.50,18.7856
1910.00,18.8198
1910.50,18.8546
1911.00,18.8766
1911.50,18.8826
1912.00,18.8802
1912.50,18.8819
1913.00,18.8941
1913.50,18.9134
1914.00,18.9300
1914.50,18.9379
1915.00,18.9397
1915.50,18.9438
1916.00,18.9594
1916.50,18.9899
1917.00,19.0319
1917.50,19.0766
1918.00,19.1171
1918.50,19.1517
1919.00,19.1821
1919.50,19.2092
1920.00,19.2329
1920.50,19.2536
1921.00,19.2719
1921.50,19.2862
1922.00,19.2919
1922.50,19.2857
1923.00,19.2682
1923.50,19.2419
1924.00,19.2105
1924.50,19.1783
1925.00,19.1506
1925.50,19.1307
1926.00,19.1170
1926.50,19.1050
1927.00,19.0925
1927.50,19.0812
1928.00,19.0733
1928.50,19.0710
1929.00,19.0791
1929.50,19.1049
1930.00,19.1500
1930.50,19.2027
1931.00,19.2437
1931.50,19.2606
1932.00,19.2562
1932.50,19.2437
1933.00,19.2355
1933.50,19.2376
1934.00,19.2500
1934.50,19.2705
1935.00,19.2956
1935.50,19.3196
1936.00,19.3350
1936.50,19.3346
1937.00,19.3161
1937.50,19.2834
1938.00,19.2449
1938.50,19.2082
1939.00,19.1771
1939.50,19.1504
1940.00,19.1252
1940.50,19.1019
1941.00,19.0879
1941.50,19.0932
1942.00,19.1219
1942.50,19.1669
1943.00,19.2144
1943.50,19.2528
1944.00,19.2770
1944.50,19.2871
1945.00,19.2865
1945.50,19.2815
1946.00,19.2787
1946.50,19.2811
1947.00,19.2861
1947.50,19.2893
1948.00,19.2906
1948.50,19.2949
1949.00,19.3064
1949.50,19.3222
1950.00,19.3328
1950.50,19.3300
1951.00,19.3144
1951.50,19.2958
1952.00,19.2859
1952.50,19.2895
1953.00,19.3017
1953.50,19.3111
1954.00,19.3067
1954.50,19.2860
1955.00,19.2583
1955.50,19.2390
1956.00,19.2369
1956.50,19.2463
1957.00,19.2530
1957.50,19.2491
1958.00,19.2413
1958.50,19.2432
1959.00,19.2597
1959.50,19.2793
1960.00,19.2863
1960.50,19.2793
1961.00,19.2725
1961.50,19.2799
1962.00,19.2974
1962.50,19.3073
1963.00,19.2965
1963.50,19.2683
1964.00,19.2360
1964.50,19.2105
1965.00,19.1943
1965.50,19.1859
1966.00,19.1846
1966.50,19.1887
1967.00,19.1935
1967.50,19.1915
1968.00,19.1775
1968.50,19.1494
1969.00,19.1078
1969.50,19.0571
1970.00,19.0076
1970.50,18.9725
1971.00,18.9605
1971.50,18.9702
1972.00,18.9920
1972.50,19.0137
1973.00,19.0250
1973.50,19.0193
1974.00,18.9976
1974.50,18.9689
1975.00,18.9464
1975.50,18.9407
1976.00,18.9556
1976.50,18.9868
1977.00,19.0238
1977.50,19.0539
1978.00,19.0680
1978.50,19.0639
1979.00,19.0454
1979.50,19.0192
1980.00,18.9909
1980.50,18.9641
1981.00,18.9403
1981.50,18.9202
1982.00,18.9066
1982.50,18.9052
1983.00,18.9231
1983.50,18.9633
1984.00,19.0189
1984.50,19.0730
1985.00,19.1067
1985.50,19.1105
1986.00,19.0917
1986.50,19.0691
1987.00,19.0605
1987.50,19.0713
1988.00,19.0917
1988.50,19.1044
1989.00,19.0966
1989.50,19.0685
1990.00,19.0353
1990.50,19.0167
1991.00,19.0236
1991.50,19.0507
1992.00,19.0831
1992.50,19.1083
1993.00,19.1234
1993.50,19.1305
1994.00,19.1298
1994.50,19.1188
1995.00,19.0984
1995.50,19.0760
1996.00,19.0614
1996.50,19.0597
1997.00,19.0709
1997.50,19.0962
1998.00,19.1399
1998.50,19.2043
1999.00,19.2808
1999.50,19.3487
2000.00,19.3862
2000.50,19.3859
2001.00,19.3599
2001.50,19.3282
2002.00,19.3014
2002.50,19.2759
2003.00,19.2413
2003.50,19.1928
2004.00,19.1351
2004.50,19.0787
2005.00,19.0345
2005.50,19.0114
2006.00,19.0154
2006.50,19.0470
2007.00,19.0975
2007.50,19.1481
2008.00,19.1746
2008.50,19.1582
2009.00,19.0953
2009.50,19.0014
2010.00,18.9053
2010.50,18.8373
2011.00,18.8174
2011.50,18.8480
2012.00,18.9122
2012.50,18.9799
2013.00,19.0218
2013.50,19.0246
2014.00,18.9967
2014.50,18.9592
2015.00,18.9321
2015.50,18.9253
2016.00,18.9379
2016.50,18.9614
2017.00,18.9853
2017.50,19.0020
2018.00,19.0094
2018.50,19.0083
2019.00,18.9976
2019.50,18.9746
2020.00,18.9405
2020.50,18.9034
2021.00,18.8730
2021.50,18.8522
2022.00,18.8378
2022.50,18.8286
2023.00,18.8312
2023.50,18.8540
2024.00,18.8990
2024.50,18.9599
2025.00,19.0274
2025.50,19.0961
2026.00,19.1671
2026.50,19.2422
2027.00,19.3173
2027.50,19.3809
2028.00,19.4207
2028.50,19.4330
2029.00,19.4230
2029.50,19.4000
2030.00,19.3707
2030.50,19.3401
2031.00,19.3122
2031.50,19.2893
2032.00,19.2687
2032.50,19.2444
2033.00,19.2123
2033.50,19.1741
2034.00,19.1359
2034.50,19.1029
2035.00,19.0763
2035.50,19.0558
2036.00,19.0430
2036.50,19.0415
2037.00,19.0531
2037.50,19.0726
2038.00,19.0882
2038.50,19.0869
2039.00,19.0629
2039.50,19.0232
2040.00,18.9841
2040.50,18.9611
2041.00,18.9589
2041.50,18.9711
2042.00,18.9876
2042.50,19.0005
2043.00,19.0042
2043.50,18.9945
2044.00,18.9713
2044.50,18.9409
2045.00,18.9141
2045.50,18.8991
2046.00,18.8989
2046.50,18.9132
2047.00,18.9407
2047.50,18.9779
2048.00,19.0165
2048.50,19.0459
2049.00,19.0599
2049.50,19.0604
2050.00,19.0527
2050.50,19.0377
2051.00,19.0130
2051.50,18.9798
2052.00,18.9484
2052.50,18.9330
2053.00,18.9420
2053.50,18.9751
2054.00,19.0261
2054.50,19.0878
2055.00,19.1536
2055.50,19.2175
2056.00,19.2748
2056.50,19.3208
2057.00,19.3508
2057.50,19.3626
2058.00,19.3601
2058.50,19.3509
2059.00,19.3403
2059.50,19.3287
2060.00,19.3167
2060.50,19.3094
2061.00,19.3124
2061.50,19.3244
2062.00,19.3351
2062.50,19.3313
2063.00,19.3047
2063.50,19.2566
2064.00,19.1971
2064.50,19.1413
2065.00,19.1028
2065.50,19.0865
2066.00,19.0858
2066.50,19.0873
2067.00,19.0820
2067.50,19.0723
2068.00,19.0685
2068.50,19.0762
2069.00,19.0899
2069.50,19.0971
2070.00,19.0915
2070.50,19.0797
2071.00,19.0746
2071.50,19.0815
2072.00,19.0906
2072.50,19.0865
2073.00,19.0650
2073.50,19.0386
2074.00,19.0252
2074.50,19.0333
2075.00,19.0581
2075.50,19.0892
2076.00,19.1193
2076.50,19.1471
2077.00,19.1770
2077.50,19.2170
2078.00,19.2716
2078.50,19.3349
2079.00,19.3892
2079.50,19.4164
2080.00,19.4110
2080.50,19.3837
2081.00,19.3528
2081.50,19.3311
2082.00,19.3195
2082.50,19.3113
2083.00,19.2998
2083.50,19.2851
2084.00,19.2738
2084.50,19.2741
2085.00,19.2878
2085.50,19.3091
2086.00,19.3302
2086.50,19.3469
2087.00,19.3581
2087.50,19.3622
2088.00,19.3570
2088.50,19.3434
2089.00,19.3269
2089.50,19.3131
2090.00,19.3055
2090.50,19.3035
2091.00,19.3036
2091.50,19.2973
2092.00,19.2729
2092.50,19.2226
2093.00,19.1502
2093.50,19.0711
2094.00,19.0036
2094.50,18.9609
2095.00,18.9483
2095.50,18.9627
2096.00,18.9931
2096.50,19.0226
2097.00,19.0369
2097.50,19.0342
2098.00,19.0256
2098.50,19.0270
2099.00,19.0494
2099.50,19.0943
2100.00,19.1531
2100.50,19.2097
2101.00,19.2478
2101.50,19.2580
2102.00,19.2410
2102.50,19.2054
2103.00,19.1616
2103.50,19.1206
2104.00,19.0921
2104.50,19.0830
2105.00,19.0949
2105.50,19.1249
2106.00,19.1690
2106.50,19.2247
2107.00,19.2878
2107.50,19.3465
2108.00,19.3825
2108.50,19.3807
2109.00,19.3423
2109.50,19.2847
2110.00,19.2291
2110.50,19.1900
2111.00,19.1737
2111.50,19.1824
2112.00,19.2150
2112.50,19.2650
2113.00,19.3200
2113.50,19.3658
2114.00,19.3921
2114.50,19.3969
2115.00,19.3862
2115.50,19.3699
2116.00,19.3569
2116.50,19.3521
2117.00,19.3564
2117.50,19.3651
2118.00,19.3698
2118.50,19.3642
2119.00,19.3521
2119.50,19.3436
2120.00,19.3412
2120.50,19.3321
2121.00,19.2987
2121.50,19.2378
2122.00,19.1666
2122.50,19.1087
2123.00,19.0759
2123.50,19.0630
2124.00,19.0569
2124.50,19.0481
2125.00,19.0362
2125.50,19.0281
2126.00,19.0312
2126.50,19.0466
2127.00,19.0657
2127.50,19.0742
2128.00,19.0616
2128.50,19.0312
2129.00,19.0001
2129.50,18.9871
2130.00,18.9967
2130.50,19.0162
2131.00,19.0263
2131.50,19.0183
2132.00,19.0007
2132.50,18.9890
2133.00,18.9903
2133.50,18.9982
2134.00,19.0028
2134.50,19.0043
2135.00,19.0138
2135.50,19.0406
2136.00,19.0806
2136.50,19.1191
2137.00,19.1436
2137.50,19.1538
2138.00,19.1580
2138.50,19.1640
2139.00,19.1737
2139.50,19.1831
2140.00,19.1868
2140.50,19.1817
2141.00,19.1700
2141.50,19.1584
2142.00,19.1515
2142.50,19.1477
2143.00,19.1411
2143.50,19.1300
2144.00,19.1206
2144.50,19.1214
2145.00,19.1342
2145.50,19.1527
2146.00,19.1700
2146.50,19.1848
2147.00,19.1983
2147.50,19.2093
2148.00,19.2131
2148.50,19.2077
2149.00,19.1959
2149.50,19.1810
2150.00,19.1632
2150.50,19.1399
2151.00,19.1105
2151.50,19.0798
2152.00,19.0551
2152.50,19.0409
2153.00,19.0371
2153.50,19.0400
2154.00,19.0461
2154.50,19.0532
2155.00,19.0595
2155.50,19.0640
2156.00,19.0686
2156.50,19.0776
2157.00,19.0926
2157.50,19.1094
2158.00,19.1197
2158.50,19.1182
2159.00,19.1060
2159.50,19.0901
2160.00,19.0792
2160.50,19.0809
2161.00,19.0996
2161.50,19.1345
2162.00,19.1794
2162.50,19.2247
2163.00,19.2615
2163.50,19.2860
2164.00,19.3011
2164.50,19.3130
2165.00,19.3233
2165.50,19.3263
2166.00,19.3140
2166.50,19.2847
2167.00,19.2455
2167.50,19.2068
2168.00,19.1757
2168.50,19.1540
2169.00,19.1405
2169.50,19.1354
2170.00,19.1410
2170.50,19.1583
2171.00,19.1844
2171.50,19.2124
2172.00,19.2344
2172.50,19.2438
2173.00,19.2361
2173.50,19.2106
2174.00,19.1723
2174.50,19.1319
2175.00,19.1004
2175.50,19.0832
2176.00,19.0787
2176.50,19.0814
2177.00,19.0850
2177.50,19.0839
2178.00,19.0740
2178.50,19.0560
2179.00,19.0362
2179.50,19.0232
2180.00,19.0224
2180.50,19.0325
2181.00,19.0479
2181.50,19.0606
2182.00,19.0625
2182.50,19.0480
2183.00,19.0169
2183.50,18.9754
2184.00,18.9325
2184.50,18.8963
2185.00,18.8717
2185.50,18.8608
2186.00,18.8634
2186.50,18.8772
2187.00,18.8972
2187.50,18.9164
2188.00,18.9284
2188.50,18.9297
2189.00,18.9227
2189.50,18.9157
2190.00,18.9183
2190.50,18.9353
2191.00,18.9655
2191.50,19.0060
2192.00,19.0567
2192.50,19.1181
2193.00,19.1842
2193.50,19.2398
2194.00,19.2675
2194.50,19.2598
2195.00,19.2247
2195.50,19.1816
2196.00,19.1487
2196.50,19.1342
2197.00,19.1358
2197.50,19.1467
2198.00,19.1612
2198.50,19.1762
2199.00,19.1904
2199.50,19.2035
2200.00,19.2150
2200.50,19.2244
2201.00,19.2312
2201.50,19.2358
2202.00,19.2407
2202.50,19.2480
2203.00,19.2558
2203.50,19.2571
2204.00,19.2445
2204.50,19.2185
2205.00,19.1877
2205.50,19.1610
2206.00,19.1423
2206.50,19.1307
2207.00,19.1265
2207.50,19.1316
2208.00,19.1456
2208.50,19.1649
2209.00,19.1858
2209.50,19.2077
2210.00,19.2305
2210.50,19.2526
2211.00,19.2697
2211.50,19.2780
2212.00,19.2750
2212.50,19.2608
2213.00,19.2365
2213.50,19.2031
2214.00,19.1611
2214.50,19.1136
2215.00,19.0697
2215.50,19.0432
2216.00,19.0454
2216.50,19.0779
2217.00,19.1309
2217.50,19.1897
2218.00,19.2448
2218.50,19.2951
2219.00,19.3425
2219.50,19.3837
2220.00,19.4090
2220.50,19.4105
2221.00,19.3907
2221.50,19.3626
2222.00,19.3403
2222.50,19.3306
2223.00,19.3286
2223.50,19.3235
2224.00,19.3075
2224.50,19.2822
2225.00,19.2559
2225.50,19.2343
2226.00,19.2153
2226.50,19.1943
2227.00,19.1723
2227.50,19.1577
2228.00,19.1596
2228.50,19.1801
2229.00,19.2119
2229.50,19.2429
2230.00,19.2628
2230.50,19.2665
2231.00,19.2546
2231.50,19.2319
2232.00,19.2049
2232.50,19.1801
2233.00,19.1611
2233.50,19.1484
2234.00,19.1414
2234.50,19.1420
2235.00,19.1516
2235.50,19.1682
2236.00,19.1864
2236.50,19.2021
2237.00,19.2165
2237.50,19.2324
2238.00,19.2500
2238.50,19.2666
2239.00,19.2825
2239.50,19.3021
2240.00,19.3277
2240.50,19.3520
2241.00,19.3613
2241.50,19.3463
2242.00,19.3105
2242.50,19.2676
2243.00,19.2318
2243.50,19.2126
2244.00,19.2148
2244.50,19.2400
2245.00,19.2831
2245.50,19.3313
2246.00,19.3668
2246.50,19.3758
2247.00,19.3537
2247.50,19.3065
2248.00,19.2472
2248.50,19.1901
2249.00,19.1463
2249.50,19.1224
2250.00,19.1205
2250.50,19.1380
2251.00,19.1685
2251.50,19.2038
2252.00,19.2365
2252.50,19.2630
2253.00,19.2825
2253.50,19.2945
2254.00,19.2958
2254.50,19.2832
2255.00,19.2574
2255.50,19.2269
2256.00,19.2064
2256.50,19.2104
2257.00,19.2443
2257.50,19.2963
2258.00,19.3409
2258.50,19.3531
2259.00,19.3263
2259.50,19.2769
2260.00,19.2315
2260.50,19.2090
2261.00,19.2119
2261.50,19.2317
2262.00,19.2580
2262.50,19.2839
2263.00,19.3062
2263.50,19.3230
2264.00,19.3334
2264.50,19.3338
2265.00,19.3191
2265.50,19.2870
2266.00,19.2455
2266.50,19.2120
2267.00,19.2041
2267.50,19.2278
2268.00,19.2748
2268.50,19.3266
2269.00,19.3652
2269.50,19.3825
2270.00,19.3834
2270.50,19.3808
2271.00,19.3864
2271.50,19.4038
2272.00,19.4277
2272.50,19.4481
2273.00,19.4548
2273.50,19.4413
2274.00,19.4086
2274.50,19.3652
2275.00,19.3244
2275.50,19.2962
2276.00,19.2830
2276.50,19.2807
2277.00,19.2836
2277.50,19.2868
2278.00,19.2841
2278.50,19.2686
2279.00,19.2363
2279.50,19.1901
2280.00,19.1409
2280.50,19.1012
2281.00,19.0785
2281.50,19.0724
2282.00,19.0783
2282.50,19.0922
2283.00,19.1139
2283.50,19.1445
2284.00,19.1818
2284.50,19.2165
2285.00,19.2366
2285.50,19.2387
2286.00,19.2362
2286.50,19.2500
2287.00,19.2911
2287.50,19.3501
2288.00,19.4042
2288.50,19.4326
2289.00,19.4270
2289.50,19.3929
2290.00,19.3462
2290.50,19.3047
2291.00,19.2790
2291.50,19.2677
2292.00,19.2611
2292.50,19.2513
2293.00,19.2383
2293.50,19.2266
2294.00,19.2176
2294.50,19.2071
2295.00,19.1914
2295.50,19.1736
2296.00,19.1631
2296.50,19.1701
2297.00,19.1972
2297.50,19.2364
2298.00,19.2729
2298.50,19.2925
2299.00,19.2889
2299.50,19.2648
2300.00,19.2284
2300.50,19.1895
2301.00,19.1565
2301.50,19.1346
2302.00,19.1242
2302.50,19.1222
2303.00,19.1238
2303.50,19.1242
2304.00,19.1163
2304.50,19.0912
2305.00,19.0442
2305.50,18.9828
2306.00,18.9256
2306.50,18.8922
2307.00,18.8921
2307.50,18.9225
2308.00,18.9711
2308.50,19.0190
2309.00,19.0462
2309.50,19.0421
2310.00,19.0138
2310.50,18.9817
2311.00,18.9638
2311.50,18.9643
2312.00,18.9744
2312.50,18.9821
2313.00,18.9796
2313.50,18.9663
2314.00,18.9491
2314.50,18.9403
2315.00,18.9512
2315.50,18.9850
2316.00,19.0331
2316.50,19.0809
2317.00,19.1161
2317.50,19.1343
2318.00,19.1403
2318.50,19.1427
2319.00,19.1478
2319.50,19.1570
2320.00,19.1693
2320.50,19.1845
2321.00,19.2011
2321.50,19.2140
2322.00,19.2158
2322.50,19.2021
2323.00,19.1750
2323.50,19.1435
2324.00,19.1194
2324.50,19.1126
2325.00,19.1240
2325.50,19.1432
2326.00,19.1554
2326.50,19.1527
2327.00,19.1391
2327.50,19.1240
2328.00,19.1125
2328.50,19.1051
2329.00,19.1028
2329.50,19.1091
2330.00,19.1258
2330.50,19.1493
2331.00,19.1736
2331.50,19.1952
2332.00,19.2121
2332.50,19.2199
2333.00,19.2111
2333.50,19.1824
2334.00,19.1403
2334.50,19.0994
2335.00,19.0737
2335.50,19.0668
2336.00,19.0734
2336.50,19.0884
2337.00,19.1133
2337.50,19.1535
2338.00,19.2078
2338.50,19.2627
2339.00,19.2970
2339.50,19.2962
2340.00,19.2647
2340.50,19.2243
2341.00,19.1984
2341.50,19.1966
2342.00,19.2113
2342.50,19.2261
2343.00,19.2286
2343.50,19.2152
2344.00,19.1897
2344.50,19.1592
2345.00,19.1315
2345.50,19.1144
2346.00,19.1136
2346.50,19.1308
2347.00,19.1615
2347.50,19.1962
2348.00,19.2238
2348.50,19.2361
2349.00,19.2311
2349.50,19.2141
2350.00,19.1961
2350.50,19.1877
2351.00,19.1925
2351.50,19.2047
2352.00,19.2131
2352.50,19.2094
2353.00,19.1924
2353.50,19.1686
2354.00,19.1483
2354.50,19.1395
2355.00,19.1422
2355.50,19.1481
2356.00,19.1484
2356.50,19.1422
2357.00,19.1363
2357.50,19.1378
2358.00,19.1457
2358.50,19.1505
2359.00,19.1429
2359.50,19.1224
2360.00,19.0975
2360.50,19.0791
2361.00,19.0720
2361.50,19.0746
2362.00,19.0844
2362.50,19.1027
2363.00,19.1326
2363.50,19.1732
2364.00,19.2155
2364.50,19.2472
2365.00,19.2604
2365.50,19.2562
2366.00,19.2397
2366.50,19.2123
2367.00,19.1715
2367.50,19.1182
2368.00,19.0628
2368.50,19.0198
2369.00,18.9976
2369.50,18.9937
2370.00,19.0007
2370.50,19.0131
2371.00,19.0300
2371.50,19.0516
2372.00,19.0744
2372.50,19.0900
2373.00,19.0897
2373.50,19.0714
2374.00,19.0424
2374.50,19.0126
2375.00,18.9893
2375.50,18.9768
2376.00,18.9791
2376.50,18.9977
2377.00,19.0258
2377.50,19.0505
2378.00,19.0620
2378.50,19.0607
2379.00,19.0532
2379.50,19.0441
2380.00,19.0318
2380.50,19.0118
2381.00,18.9823
2381.50,18.9474
2382.00,18.9176
2382.50,18.9046
2383.00,18.9142
2383.50,18.9406
2384.00,18.9701
2384.50,18.9920
2385.00,19.0058
2385.50,19.0184
2386.00,19.0353
2386.50,19.0549
2387.00,19.0731
2387.50,19.0902
2388.00,19.1106
2388.50,19.1364
2389.00,19.1629
2389.50,19.1807
2390.00,19.1821
2390.50,19.1658
2391.00,19.1374
2391.50,19.1075
2392.00,19.0867
2392.50,19.0805
2393.00,19.0850
2393.50,19.0902
2394.00,19.0878
2394.50,19.0753
2395.00,19.0564
2395.50,19.0383
2396.00,19.0296
2396.50,19.0383
2397.00,19.0674
2397.50,19.1119
2398.00,19.1596
2398.50,19.1981
2399.00,19.2207
2399.50,19.2266
2400.00,19.2165
2400.50,19.1905
2401.00,19.1511
2401.50,19.1079
2402.00,19.0759
2402.50,19.0672
2403.00,19.0825
2403.50,19.1086
2404.00,19.1267
2404.50,19.1238
2405.00,19.1008
2405.50,19.0695
2406.00,19.0437
2406.50,19.0298
2407.00,19.0259
2407.50,19.0266
2408.00,19.0288
2408.50,19.0319
2409.00,19.0345
2409.50,19.0351
2410.00,19.0364
2410.50,19.0464
2411.00,19.0740
2411.50,19.1205
2412.00,19.1785
2412.50,19.2368
2413.00,19.2862
2413.50,19.3209
2414.00,19.3372
2414.50,19.3327
2415.00,19.3086
2415.50,19.2734
2416.00,19.2411
2416.50,19.2238
2417.00,19.2241
2417.50,19.2351
2418.00,19.2481
2418.50,19.2586
2419.00,19.2676
2419.50,19.2772
2420.00,19.2871
2420.50,19.2929
2421.00,19.2894
2421.50,19.2760
2422.00,19.2591
2422.50,19.2472
2423.00,19.2457
2423.50,19.2560
2424.00,19.2765
2424.50,19.3027
2425.00,19.3256
2425.50,19.3351
2426.00,19.3273
2426.50,19.3083
2427.00,19.2907
2427.50,19.2844
2428.00,19.2928
2428.50,19.3132
2429.00,19.3414
2429.50,19.3741
2430.00,19.4081
2430.50,19.4375
2431.00,19.4541
2431.50,19.4518
2432.00,19.4325
2432.50,19.4071
2433.00,19.3873
2433.50,19.3776
2434.00,19.3741
2434.50,19.3730
2435.00,19.3777
2435.50,19.3938
2436.00,19.4186
2436.50,19.4379
2437.00,19.4376
2437.50,19.4176
2438.00,19.3935
2438.50,19.3837
2439.00,19.3945
2439.50,19.4175
2440.00,19.4399
2440.50,19.4561
2441.00,19.4690
2441.50,19.4814
2442.00,19.4902
2442.50,19.4906
2443.00,19.4827
2443.50,19.4711
2444.00,19.4579
2444.50,19.4423
2445.00,19.4265
2445.50,19.4197
2446.00,19.4310
2446.50,19.4589
2447.00,19.4890
2447.50,19.5027
2448.00,19.4893
2448.50,19.4515
2449.00,19.4025
2449.50,19.3583
2450.00,19.3293
2450.50,19.3194
2451.00,19.3296
2451.50,19.3611
2452.00,19.4104
2452.50,19.4643
2453.00,19.5010
2453.50,19.5031
2454.00,19.4708
2454.50,19.4236
2455.00,19.3878
2455.50,19.3800
2456.00,19.3997
2456.50,19.4326
2457.00,19.4605
2457.50,19.4702
2458.00,19.4572
2458.50,19.4254
2459.00,19.3837
2459.50,19.3415
2460.00,19.3058
2460.50,19.2785
2461.00,19.2575
2461.50,19.2391
2462.00,19.2216
2462.50,19.2064
2463.00,19.1982
2463.50,19.2005
2464.00,19.2112
2464.50,19.2193
2465.00,19.2117
2465.50,19.1853
2466.00,19.1533
2466.50,19.1359
2467.00,19.1442
2467.50,19.1743
2468.00,19.2146
2468.50,19.2538
2469.00,19.2830
2469.50,19.2959
2470.00,19.2908
2470.50,19.2747
2471.00,19.2609
2471.50,19.2621
2472.00,19.2812
2472.50,19.3096
2473.00,19.3311
2473.50,19.3311
2474.00,19.3044
2474.50,19.2567
2475.00,19.2001
2475.50,19.1472
2476.00,19.1075
2476.50,19.0846
2477.00,19.0769
2477.50,19.0798
2478.00,19.0903
2478.50,19.1074
2479.00,19.1290
2479.50,19.1518
2480.00,19.1736
2480.50,19.1932
2481.00,19.2073
2481.50,19.2111
2482.00,19.2033
2482.50,19.1918
2483.00,19.1897
2483.50,19.2051
2484.00,19.2333
2484.50,19.2601
2485.00,19.2701
2485.50,19.2573
2486.00,19.2264
2486.50,19.1876
2487.00,19.1497
2487.50,19.1181
2488.00,19.0975
2488.50,19.0938
2489.00,19.1115
2489.50,19.1491
2490.00,19.1965
2490.50,19.2371
2491.00,19.2568
2491.50,19.2531
2492.00,19.2369
2492.50,19.2239
2493.00,19.2235
2493.50,19.2347
2494.00,19.2470
2494.50,19.2480
2495.00,19.2298
2495.50,19.1932
2496.00,19.1470
2496.50,19.1053
2497.00,19.0799
2497.50,19.0740
2498.00,19.0831
2498.50,19.1006
2499.00,19.1226
2499.50,19.1463
2500.00,19.1686
2500.50,19.1867
2501.00,19.1990
2501.50,19.2038
2502.00,19.1993
2502.50,19.1873
2503.00,19.1750
2503.50,19.1720
2504.00,19.1836
2504.50,19.2077
2505.00,19.2354
2505.50,19.2567
2506.00,19.2654
2506.50,19.2637
2507.00,19.2604
2507.50,19.2629
2508.00,19.2705
2508.50,19.2741
2509.00,19.2645
2509.50,19.2417
2510.00,19.2168
2510.50,19.2031
2511.00,19.2056
2511.50,19.2186
2512.00,19.2329
2512.50,19.2437
2513.00,19.2508
2513.50,19.2536
2514.00,19.2485
2514.50,19.2324
2515.00,19.2075
2515.50,19.1828
2516.00,19.1680
2516.50,19.1680
2517.00,19.1816
2517.50,19.2039
2518.00,19.2286
2518.50,19.2472
2519.00,19.2497
2519.50,19.2313
2520.00,19.1984
2520.50,19.1672
2521.00,19.1521
2521.50,19.1570
2522.00,19.1741
2522.50,19.1929
2523.00,19.2056
2523.50,19.2082
2524.00,19.1983
2524.50,19.1765
2525.00,19.1489
2525.50,19.1250
2526.00,19.1122
2526.50,19.1123
2527.00,19.1245
2527.50,19.1483
2528.00,19.1826
2528.50,19.2228
2529.00,19.2601
2529.50,19.2874
2530.00,19.3043
2530.50,19.3148
2531.00,19.3205
2531.50,19.3175
2532.00,19.3027
2532.50,19.2800
2533.00,19.2585
2533.50,19.2444
2534.00,19.2357
2534.50,19.2251
2535.00,19.2064
2535.50,19.1808
2536.00,19.1574
2536.50,19.1479
2537.00,19.1578
2537.50,19.1820
2538.00,19.2088
2538.50,19.2302
2539.00,19.2468
2539.50,19.2636
2540.00,19.2816
2540.50,19.2966
2541.00,19.3050
2541.50,19.3063
2542.00,19.2993
2542.50,19.2798
2543.00,19.2454
2543.50,19.2009
2544.00,19.1578
2544.50,19.1267
2545.00,19.1109
2545.50,19.1062
2546.00,19.1054
2546.50,19.1038
2547.00,19.0999
2547.50,19.0932
2548.00,19.0825
2548.50,19.0689
2549.00,19.0598
2549.50,19.0690
2550.00,19.1089
2550.50,19.1794
2551.00,19.2633
2551.50,19.3345
2552.00,19.3735
2552.50,19.3785
2553.00,19.3626
2553.50,19.3423
2554.00,19.3276
2554.50,19.3199
2555.00,19.3141
2555.50,19.3026
2556.00,19.2798
2556.50,19.2467
2557.00,19.2117
2557.50,19.1865
2558.00,19.1775
2558.50,19.1808
2559.00,19.1836
2559.50,19.1733
2560.00,19.1471
2560.50,19.1152
2561.00,19.0946
2561.50,19.0965
2562.00,19.1199
2562.50,19.1531
2563.00,19.1816
2563.50,19.1941
2564.00,19.1847
2564.50,19.1548
2565.00,19.1128
2565.50,19.0709
2566.00,19.0397
2566.50,19.0231
2567.00,19.0195
2567.50,19.0251
2568.00,19.0368
2568.50,19.0535
2569.00,19.0760
2569.50,19.1054
2570.00,19.1391
2570.50,19.1695
2571.00,19.1866
2571.50,19.1850
2572.00,19.1680
2572.50,19.1438
2573.00,19.1195
2573.50,19.0975
2574.00,19.0780
2574.50,19.0615
2575.00,19.0488
2575.50,19.0403
2576.00,19.0357
2576.50,19.0332
2577.00,19.0297
2577.50,19.0222
2578.00,19.0109
2578.50,18.9978
2579.00,18.9838
2579.50,18.9678
2580.00,18.9494
2580.50,18.9315
2581.00,18.9179
2581.50,18.9098
2582.00,18.9062
2582.50,18.9079
2583.00,18.9180
2583.50,18.9380
2584.00,18.9645
2584.50,18.9898
2585.00,19.0063
2585.50,19.0103
2586.00,19.0038
2586.50,18.9944
2587.00,18.9903
2587.50,18.9931
2588.00,18.9962
2588.50,18.9904
2589.00,18.9744
2589.50,18.9578
2590.00,18.9552
2590.50,18.9764
2591.00,19.0197
2591.50,19.0736
2592.00,19.1231
2592.50,19.1566
2593.00,19.1697
2593.50,19.1645
2594.00,19.1453
2594.50,19.1164
2595.00,19.0832
2595.50,19.0530
2596.00,19.0304
2596.50,19.0121
2597.00,18.9900
2597.50,18.9618
2598.00,18.9363
2598.50,18.9274
2599.00,18.9413
2599.50,18.9728
2600.00,19.0092
2600.50,19.0400
2601.00,19.0615
2601.50,19.0760
2602.00,19.0871
2602.50,19.0965
2603.00,19.1035
2603.50,19.1056
2604.00,19.0999
2604.50,19.0849
2605.00,19.0630
2605.50,19.0427
2606.00,19.0351
2606.50,19.0466
2607.00,19.0724
2607.50,19.1005
2608.00,19.1206
2608.50,19.1318
2609.00,19.1407
2609.50,19.1534
2610.00,19.1688
2610.50,19.1793
2611.00,19.1769
2611.50,19.1607
2612.00,19.1383
2612.50,19.1211
2613.00,19.1171
2613.50,19.1264
2614.00,19.1414
2614.50,19.1521
2615.00,19.1514
2615.50,19.1379
2616.00,19.1151
2616.50,19.0902
2617.00,19.0732
2617.50,19.0742
2618.00,19.0960
2618.50,19.1292
2619.00,19.1563
2619.50,19.1651
2620.00,19.1591
2620.50,19.1557
2621.00,19.1715
2621.50,19.2086
2622.00,19.2512
2622.50,19.2765
2623.00,19.2699
2623.50,19.2331
2624.00,19.1810
2624.50,19.1336
2625.00,19.1089
2625.50,19.1182
2626.00,19.1603
2626.50,19.2186
2627.00,19.2677
2627.50,19.2892
2628.00,19.2814
2628.50,19.2563
2629.00,19.2285
2629.50,19.2071
2630.00,19.1947
2630.50,19.1905
2631.00,19.1942
2631.50,19.2052
2632.00,19.2203
2632.50,19.2317
2633.00,19.2314
2633.50,19.2164
2634.00,19.1909
2634.50,19.1614
2635.00,19.1306
2635.50,19.0978
2636.00,19.0629
2636.50,19.0291
2637.00,19.0023
2637.50,18.9874
2638.00,18.9860
2638.50,18.9947
2639.00,19.0070
2639.50,19.0184
2640.00,19.0287
2640.50,19.0400
2641.00,19.0514
2641.50,19.0575
2642.00,19.0524
2642.50,19.0358
2643.00,19.0145
2643.50,18.9968
2644.00,18.9864
2644.50,18.9810
2645.00,18.9764
2645.50,18.9708
2646.00,18.9645
2646.50,18.9570
2647.00,18.9455
2647.50,18.9282
2648.00,18.9090
2648.50,18.8957
2649.00,18.8959
2649.50,18.9128
2650.00,18.9443
2650.50,18.9846
2651.00,19.0268
2651.50,19.0670
2652.00,19.1053
2652.50,19.1439
2653.00,19.1817
2653.50,19.2127
2654.00,19.2293
2654.50,19.2274
2655.00,19.2087
2655.50,19.1786
2656.00,19.1435
2656.50,19.1095
2657.00,19.0828
2657.50,19.0687
2658.00,19.0697
2658.50,19.0830
2659.00,19.0998
2659.50,19.1097
2660.00,19.1066
2660.50,19.0921
2661.00,19.0741
2661.50,19.0610
2662.00,19.0543
2662.50,19.0466
2663.00,19.0276
2663.50,18.9940
2664.00,18.9544
2664.50,18.9221
2665.00,18.9051
2665.50,18.9013
2666.00,18.9030
2666.50,18.9042
2667.00,18.9019
2667.50,18.8934
2668.00,18.8736
2668.50,18.8392
2669.00,18.7958
2669.50,18.7583
2670.00,18.7436
2670.50,18.7579
2671.00,18.7908
2671.50,18.8227
2672.00,18.8402
2672.50,18.8442
2673.00,18.8461
2673.50,18.8553
2674.00,18.8721
2674.50,18.8912
2675.00,18.9109
2675.50,18.9373
2676.00,18.9775
2676.50,19.0294
2677.00,19.0775
2677.50,19.1027
2678.00,19.0960
2678.50,19.0637
2679.00,19.0207
2679.50,18.9791
2680.00,18.9425
2680.50,18.9074
2681.00,18.8712
2681.50,18.8382
2682.00,18.8189
2682.50,18.8223
2683.00,18.8475
2683.50,18.8834
2684.00,18.9174
2684.50,18.9427
2685.00,18.9594
2685.50,18.9686
2686.00,18.9685
2686.50,18.9569
2687.00,18.9375
2687.50,18.9199
2688.00,18.9126
2688.50,18.9172
2689.00,18.9289
2689.50,18.9424
2690.00,18.9552
2690.50,18.9664
2691.00,18.9762
2691.50,18.9886
2692.00,19.0107
2692.50,19.0476
2693.00,19.0963
2693.50,19.1467
2694.00,19.1886
2694.50,19.2182
2695.00,19.2373
2695.50,19.2471
2696.00,19.2441
2696.50,19.2223
2697.00,19.1802
2697.50,19.1250
2698.00,19.0706
2698.50,19.0286
2699.00,19.0006
2699.50,18.9775
2700.00,18.9489
2700.50,18.9134
2701.00,18.8817
2701.50,18.8651
2702.00,18.8638
2702.50,18.8664
2703.00,18.8621
2703.50,18.8520
2704.00,18.8484
2704.50,18.8639
2705.00,18.9009
2705.50,18.9493
2706.00,18.9934
2706.50,19.0217
2707.00,19.0338
2707.50,19.0389
2708.00,19.0471
2708.50,19.0605
2709.00,19.0748
2709.50,19.0860
2710.00,19.0964
2710.50,19.1126
2711.00,19.1394
2711.50,19.1741
2712.00,19.2061
2712.50,19.2232
2713.00,19.2191
2713.50,19.1955
2714.00,19.1590
2714.50,19.1169
2715.00,19.0762
2715.50,19.0450
2716.00,19.0302
2716.50,19.0322
2717.00,19.0407
2717.50,19.0382
2718.00,19.0118
2718.50,18.9651
2719.00,18.9168
2719.50,18.8879
2720.00,18.8859
2720.50,18.9034
2721.00,18.9291
2721.50,18.9598
2722.00,18.9985
2722.50,19.0452
2723.00,19.0898
2723.50,19.1159
2724.00,19.1124
2724.50,19.0818
2725.00,19.0405
2725.50,19.0081
2726.00,18.9968
2726.50,19.0066
2727.00,19.0313
2727.50,19.0644
2728.00,19.1007
2728.50,19.1349
2729.00,19.1605
2729.50,19.1721
2730.00,19.1684
2730.50,19.1537
2731.00,19.1367
2731.50,19.1258
2732.00,19.1226
2732.50,19.1199
2733.00,19.1083
2733.50,19.0848
2734.00,19.0575
2734.50,19.0378
2735.00,19.0311
2735.50,19.0337
2736.00,19.0377
2736.50,19.0387
2737.00,19.0389
2737.50,19.0430
2738.00,19.0547
2738.50,19.0731
2739.00,19.0936
2739.50,19.1129
2740.00,19.1320
2740.50,19.1552
2741.00,19.1835
2741.50,19.2112
2742.00,19.2277
2742.50,19.2243
2743.00,19.2007
2743.50,19.1673
2744.00,19.1384
2744.50,19.1242
2745.00,19.1262
2745.50,19.1399
2746.00,19.1600
2746.50,19.1825
2747.00,19.2043
2747.50,19.2231
2748.00,19.2374
2748.50,19.2458
2749.00,19.2464
2749.50,19.2384
2750.00,19.2225
2750.50,19.2007
2751.00,19.1768
2751.50,19.1561
2752.00,19.1447
2752.50,19.1434
2753.00,19.1456
2753.50,19.1412
2754.00,19.1257
2754.50,19.1030
2755.00,19.0796
2755.50,19.0584
2756.00,19.0390
2756.50,19.0216
2757.00,19.0072
2757.50,18.9942
2758.00,18.9780
2758.50,18.9572
2759.00,18.9401
2759.50,18.9417
2760.00,18.9706
2760.50,19.0184
2761.00,19.0608
2761.50,19.0745
2762.00,19.0542
2762.50,19.0157
2763.00,18.9851
2763.50,18.9823
2764.00,19.0107
2764.50,19.0569
2765.00,19.0992
2765.50,19.1190
2766.00,19.1110
2766.50,19.0846
2767.00,19.0562
2767.50,19.0380
2768.00,19.0313
2768.50,19.0290
2769.00,19.0251
2769.50,19.0211
2770.00,19.0238
2770.50,19.0373
2771.00,19.0589
2771.50,19.0800
2772.00,19.0910
2772.50,19.0849
2773.00,19.0623
2773.50,19.0328
2774.00,19.0115
2774.50,19.0110
2775.00,19.0338
2775.50,19.0707
2776.00,19.1072
2776.50,19.1316
2777.00,19.1414
2777.50,19.1416
2778.00,19.1381
2778.50,19.1324
2779.00,19.1255
2779.50,19.1247
2780.00,19.1435
2780.50,19.1893
2781.00,19.2509
2781.50,19.3040
2782.00,19.3295
2782.50,19.3254
2783.00,19.3041
2783.50,19.2787
2784.00,19.2538
2784.50,19.2260
2785.00,19.1910
2785.50,19.1509
2786.00,19.1150
2786.50,19.0934
2787.00,19.0887
2787.50,19.0946
2788.00,19.1008
2788.50,19.1009
2789.00,19.0948
2789.50,19.0869
2790.00,19.0809
2790.50,19.0779
2791.00,19.0763
2791.50,19.0731
2792.00,19.0654
2792.50,19.0502
2793.00,19.0261
2793.50,18.9953
2794.00,18.9662
2794.50,18.9525
2795.00,18.9653
2795.50,19.0042
2796.00,19.0545
2796.50,19.0976
2797.00,19.1240
2797.50,19.1390
2798.00,19.1533
2798.50,19.1699
2799.00,19.1797
2799.50,19.1702
2800.00,19.1377
2800.50,19.0932
2801.00,19.0534
2801.50,19.0265
2802.00,19.0060
2802.50,18.9797
2803.00,18.9454
2803.50,18.9144
2804.00,18.9019
2804.50,18.9148
2805.00,18.9484
2805.50,18.9913
2806.00,19.0324
2806.50,19.0653
2807.00,19.0897
2807.50,19.1093
2808.00,19.1286
2808.50,19.1485
2809.00,19.1660
2809.50,19.1755
2810.00,19.1723
2810.50,19.1572
2811.00,19.1360
2811.50,19.1163
2812.00,19.1022
2812.50,19.0942
2813.00,19.0926
2813.50,19.0981
2814.00,19.1091
2814.50,19.1188
2815.00,19.1196
2815.50,19.1100
2816.00,19.0956
2816.50,19.0829
2817.00,19.0722
2817.50,19.0574
2818.00,19.0325
2818.50,18.9981
2819.00,18.9617
2819.50,18.9322
2820.00,18.9142
2820.50,18.9069
2821.00,18.9075
2821.50,18.9137
2822.00,18.9251
2822.50,18.9427
2823.00,18.9660
2823.50,18.9909
2824.00,19.0101
2824.50,19.0172
2825.00,19.0108
2825.50,18.9966
2826.00,18.9842
2826.50,18.9823
2827.00,18.9927
2827.50,19.0095
2828.00,19.0229
2828.50,19.0254
2829.00,19.0172
2829.50,19.0062
2830.00,19.0027
2830.50,19.0112
2831.00,19.0261
2831.50,19.0347
2832.00,19.0264
2832.50,19.0000
2833.00,18.9636
2833.50,18.9293
2834.00,18.9078
2834.50,18.9066
2835.00,18.9267
2835.50,18.9587
2836.00,18.9841
2836.50,18.9860
2837.00,18.9619
2837.50,18.9250
2838.00,18.8928
2838.50,18.8752
2839.00,18.8705
2839.50,18.8729
2840.00,18.8789
2840.50,18.8884
2841.00,18.9010
2841.50,18.9118
2842.00,18.9150
2842.50,18.9098
2843.00,18.9029
2843.50,18.9037
2844.00,18.9168
2844.50,18.9382
2845.00,18.9578
2845.50,18.9646
2846.00,18.9522
2846.50,18.9229
2847.00,18.8885
2847.50,18.8638
2848.00,18.8582
2848.50,18.8706
2849.00,18.8911
2849.50,18.9061
2850.00,18.9052
2850.50,18.8857
2851.00,18.8563
2851.50,18.8334
2852.00,18.8321
2852.50,18.8560
2853.00,18.8945
2853.50,18.9313
2854.00,18.9566
2854.50,18.9739
2855.00,18.9929
2855.50,19.0171
2856.00,19.0386
2856.50,19.0443
2857.00,19.0277
2857.50,18.9950
2858.00,18.9600
2858.50,18.9364
