0.00,0.0000
0.50,0.6385
1.00,1.4335
1.50,2.2893
2.00,3.1075
2.50,3.8246
3.00,4.4187
3.50,4.8959
4.00,5.2775
4.50,5.5932
5.00,5.8740
5.50,6.1427
6.00,6.4086
6.50,6.6706
7.00,6.9235
7.50,7.1604
8.00,7.3725
8.50,7.5510
9.00,7.6921
9.50,7.8007
10.00,7.8904
10.50,7.9775
11.00,8.0727
11.50,8.1746
12.00,8.2728
12.50,8.3561
13.00,8.4219
13.50,8.4769
14.00,8.5323
14.50,8.5970
15.00,8.6725
15.50,8.7543
16.00,8.8363
16.50,8.9184
17.00,9.0062
17.50,9.1023
18.00,9.1979
18.50,9.2753
19.00,9.3213
19.50,9.3390
20.00,9.3454
20.50,9.3589
21.00,9.3880
21.50,9.4304
22.00,9.4803
22.50,9.5352
23.00,9.5975
23.50,9.6704
24.00,9.7523
24.50,9.8349
25.00,9.9073
25.50,9.9632
26.00,10.0059
26.50,10.0482
27.00,10.1037
27.50,10.1771
28.00,10.2597
28.50,10.3357
29.00,10.3944
29.50,10.4385
30.00,10.4811
30.50,10.5335
31.00,10.5966
31.50,10.6616
32.00,10.7180
32.50,10.7617
33.00,10.7962
33.50,10.8295
34.00,10.8681
34.50,10.9139
35.00,10.9644
35.50,11.0165
36.00,11.0667
36.50,11.1108
37.00,11.1437
37.50,11.1638
38.00,11.1767
38.50,11.1943
39.00,11.2283
39.50,11.2844
40.00,11.3595
40.50,11.4431
41.00,11.5209
41.50,11.5793
42.00,11.6117
42.50,11.6227
43.00,11.6267
43.50,11.6370
44.00,11.6564
44.50,11.6781
45.00,11.6964
45.50,11.7159
46.00,11.7460
46.50,11.7902
47.00,11.8397
47.50,11.8799
48.00,11.9017
48.50,11.9067
49.00,11.9034
49.50,11.9015
50.00,11.9086
50.50,11.9300
51.00,11.9664
51.50,12.0108
52.00,12.0497
52.50,12.0722
53.00,12.0791
53.50,12.0834
54.00,12.1007
54.50,12.1378
55.00,12.1897
55.50,12.2454
56.00,12.2954
56.50,12.3352
57.00,12.3651
57.50,12.3887
58.00,12.4113
58.50,12.4369
59.00,12.4653
59.50,12.4945
60.00,12.5265
60.50,12.5700
61.00,12.6328
61.50,12.7116
62.00,12.7907
62.50,12.8542
63.00,12.9012
63.50,12.9461
64.00,13.0025
64.50,13.0662
65.00,13.1162
65.50,13.1340
66.00,13.1199
66.50,13.0918
67.00,13.0711
67.50,13.0729
68.00,13.1042
68.50,13.1643
69.00,13.2452
69.50,13.3325
70.00,13.4101
70.50,13.4657
71.00,13.4953
71.50,13.5039
72.00,13.5026
72.50,13.5034
73.00,13.5157
73.50,13.5446
74.00,13.5911
74.50,13.6509
75.00,13.7165
75.50,13.7797
76.00,13.8344
76.50,13.8767
77.00,13.9048
77.50,13.9210
78.00,13.9332
78.50,13.9520
79.00,13.9841
79.50,14.0296
80.00,14.0830
80.50,14.1356
81.00,14.1773
81.50,14.1988
82.00,14.1970
82.50,14.1789
83.00,14.1611
83.50,14.1616
84.00,14.1907
84.50,14.2449
85.00,14.3104
85.50,14.3737
86.00,14.4299
86.50,14.4828
87.00,14.5382
87.50,14.5957
88.00,14.6471
88.50,14.6828
89.00,14.7011
89.50,14.7112
90.00,14.7272
90.50,14.7580
91.00,14.8026
91.50,14.8531
92.00,14.9004
92.50,14.9398
93.00,14.9734
93.50,15.0077
94.00,15.0489
94.50,15.0975
95.00,15.1469
95.50,15.1872
96.00,15.2136
96.50,15.2301
97.00,15.2456
97.50,15.2659
98.00,15.2914
98.50,15.3218
99.00,15.3594
99.50,15.4075
100.00,15.4662
100.50,15.5299
101.00,15.5888
101.50,15.6330
102.00,15.6584
102.50,15.6688
103.00,15.6726
103.50,15.6770
104.00,15.6855
104.50,15.7003
105.00,15.7239
105.50,15.7572
106.00,15.7969
106.50,15.8375
107.00,15.8758
107.50,15.9144
108.00,15.9578
108.50,16.0067
109.00,16.0555
109.50,16.0989
110.00,16.1367
110.50,16.1732
111.00,16.2114
111.50,16.2505
112.00,16.2884
112.50,16.3246
113.00,16.3586
113.50,16.3887
114.00,16.4149
114.50,16.4430
115.00,16.4807
115.50,16.5284
116.00,16.5750
116.50,16.6049
117.00,16.6110
117.50,16.5997
118.00,16.5853
118.50,16.5797
119.00,16.5868
119.50,16.6048
120.00,16.6337
120.50,16.6770
121.00,16.7385
121.50,16.8143
122.00,16.8909
122.50,16.9523
123.00,16.9897
123.50,17.0080
124.00,17.0225
124.50,17.0478
125.00,17.0882
125.50,17.1364
126.00,17.1821
126.50,17.2224
127.00,17.2626
127.50,17.3088
128.00,17.3594
128.50,17.4046
129.00,17.4321
129.50,17.4349
130.00,17.4141
130.50,17.3784
131.00,17.3407
131.50,17.3156
132.00,17.3146
132.50,17.3413
133.00,17.3889
133.50,17.4451
134.00,17.5004
134.50,17.5503
135.00,17.5912
135.50,17.6176
136.00,17.6266
136.50,17.6262
137.00,17.6355
137.50,17.6722
138.00,17.7376
138.50,17.8149
139.00,17.8817
139.50,17.9264
140.00,17.9529
140.50,17.9709
141.00,17.9850
141.50,17.9912
142.00,17.9823
142.50,17.9574
143.00,17.9259
143.50,17.9034
144.00,17.9033
144.50,17.9309
145.00,17.9835
145.50,18.0531
146.00,18.1291
146.50,18.1995
147.00,18.2565
147.50,18.2996
148.00,18.3324
148.50,18.3553
149.00,18.3638
149.50,18.3552
150.00,18.3368
150.50,18.3252
151.00,18.3364
151.50,18.3751
152.00,18.4330
152.50,18.4942
153.00,18.5447
153.50,18.5784
154.00,18.5971
154.50,18.6049
155.00,18.6023
155.50,18.5884
156.00,18.5673
156.50,18.5499
157.00,18.5464
157.50,18.5574
158.00,18.5748
158.50,18.5908
159.00,18.6068
159.50,18.6318
160.00,18.6748
160.50,18.7384
161.00,18.8186
161.50,18.9054
162.00,18.9854
162.50,19.0459
163.00,19.0815
163.50,19.0951
164.00,19.0952
164.50,19.0889
165.00,19.0798
165.50,19.0701
166.00,19.0641
166.50,19.0701
167.00,19.0967
167.50,19.1473
168.00,19.2137
168.50,19.2777
169.00,19.3199
169.50,19.3316
170.00,19.3193
170.50,19.2985
171.00,19.2840
171.50,19.2828
172.00,19.2938
172.50,19.3108
173.00,19.3266
173.50,19.3365
174.00,19.3400
174.50,19.3393
175.00,19.3377
175.50,19.3391
176.00,19.3471
176.50,19.3633
177.00,19.3838
177.50,19.3987
178.00,19.3999
178.50,19.3883
179.00,19.3738
179.50,19.3671
180.00,19.3743
180.50,19.3978
181.00,19.4382
181.50,19.4927
182.00,19.5516
182.50,19.6019
183.00,19.6340
183.50,19.6462
184.00,19.6459
184.50,19.6475
185.00,19.6666
185.50,19.7100
186.00,19.7675
186.50,19.8174
187.00,19.8419
187.50,19.8406
188.00,19.8283
188.50,19.8208
189.00,19.8245
189.50,19.8353
190.00,19.8450
190.50,19.8468
191.00,19.8405
191.50,19.8329
192.00,19.8351
192.50,19.8531
193.00,19.8817
193.50,19.9060
194.00,19.9140
194.50,19.9067
195.00,19.8982
195.50,19.9062
196.00,19.9395
196.50,19.9931
197.00,20.0521
197.50,20.1010
198.00,20.1324
198.50,20.1498
199.00,20.1613
199.50,20.1732
200.00,20.1881
200.50,20.2081
201.00,20.2356
201.50,20.2707
202.00,20.3078
202.50,20.3381
203.00,20.3547
203.50,20.3585
204.00,20.3589
204.50,20.3690
205.00,20.3967
205.50,20.4406
206.00,20.4928
206.50,20.5435
207.00,20.5844
207.50,20.6085
208.00,20.6118
208.50,20.5957
209.00,20.5680
209.50,20.5412
210.00,20.5269
210.50,20.5320
211.00,20.5563
211.50,20.5928
212.00,20.6314
212.50,20.6627
213.00,20.6839
213.50,20.7005
214.00,20.7221
214.50,20.7541
215.00,20.7930
215.50,20.8287
216.00,20.8519
216.50,20.8603
217.00,20.8604
217.50,20.8625
218.00,20.8732
218.50,20.8920
219.00,20.9144
219.50,20.9389
220.00,20.9696
220.50,21.0109
221.00,21.0605
221.50,21.1085
222.00,21.1431
222.50,21.1577
223.00,21.1536
223.50,21.1388
224.00,21.1240
224.50,21.1186
225.00,21.1278
225.50,21.1527
226.00,21.1907
226.50,21.2347
227.00,21.2746
227.50,21.3005
228.00,21.3092
228.50,21.3062
229.00,21.3033
229.50,21.3106
230.00,21.3329
230.50,21.3698
231.00,21.4153
231.50,21.4567
232.00,21.4783
232.50,21.4717
233.00,21.4442
233.50,21.4152
234.00,21.4023
234.50,21.4102
235.00,21.4320
235.50,21.4584
236.00,21.4851
236.50,21.5107
237.00,21.5305
237.50,21.5332
238.00,21.5072
238.50,21.4502
239.00,21.3754
239.50,21.3082
240.00,21.2736
240.50,21.2811
241.00,21.3181
241.50,21.3612
242.00,21.3934
242.50,21.4133
243.00,21.4298
243.50,21.4500
244.00,21.4730
244.50,21.4938
245.00,21.5099
245.50,21.5247
246.00,21.5453
246.50,21.5761
247.00,21.6150
247.50,21.6534
248.00,21.6824
248.50,21.6992
249.00,21.7074
249.50,21.7144
250.00,21.7254
250.50,21.7394
251.00,21.7498
251.50,21.7506
252.00,21.7432
252.50,21.7384
253.00,21.7498
253.50,21.7822
254.00,21.8264
254.50,21.8655
255.00,21.8877
255.50,21.8951
256.00,21.9000
256.50,21.9144
257.00,21.9418
257.50,21.9782
258.00,22.0145
258.50,22.0401
259.00,22.0471
259.50,22.0353
260.00,22.0151
260.50,22.0016
261.00,22.0041
261.50,22.0211
262.00,22.0457
262.50,22.0739
263.00,22.1073
263.50,22.1500
264.00,22.2022
264.50,22.2572
265.00,22.3051
265.50,22.3380
266.00,22.3553
266.50,22.3621
267.00,22.3637
267.50,22.3623
268.00,22.3582
268.50,22.3535
269.00,22.3531
269.50,22.3629
270.00,22.3863
270.50,22.4211
271.00,22.4582
271.50,22.4841
272.00,22.4884
272.50,22.4700
273.00,22.4367
273.50,22.4010
274.00,22.3749
274.50,22.3673
275.00,22.3824
275.50,22.4177
276.00,22.4633
276.50,22.5038
277.00,22.5241
277.50,22.5188
278.00,22.4979
278.50,22.4809
279.00,22.4814
279.50,22.4958
280.00,22.5080
280.50,22.5065
281.00,22.4965
281.50,22.4933
282.00,22.5056
282.50,22.5292
283.00,22.5534
283.50,22.5716
284.00,22.5818
284.50,22.5832
285.00,22.5767
285.50,22.5672
286.00,22.5600
286.50,22.5552
287.00,22.5474
287.50,22.5331
288.00,22.5173
288.50,22.5101
289.00,22.5180
289.50,22.5381
290.00,22.5616
290.50,22.5804
291.00,22.5909
291.50,22.5939
292.00,22.5918
292.50,22.5887
293.00,22.5896
293.50,22.5993
294.00,22.6184
294.50,22.6427
295.00,22.6672
295.50,22.6916
296.00,22.7206
296.50,22.7580
297.00,22.8016
297.50,22.8439
298.00,22.8780
298.50,22.9013
299.00,22.9148
299.50,22.9191
300.00,22.9149
300.50,22.9044
301.00,22.8919
301.50,22.8809
302.00,22.8707
302.50,22.8576
303.00,22.8394
303.50,22.8203
304.00,22.8089
304.50,22.8128
305.00,22.8312
305.50,22.8544
306.00,22.8702
306.50,22.8729
307.00,22.8685
307.50,22.8699
308.00,22.8858
308.50,22.9134
309.00,22.9417
309.50,22.9624
310.00,22.9756
310.50,22.9858
311.00,22.9941
311.50,22.9978
312.00,22.9955
312.50,22.9928
313.00,22.9990
313.50,23.0191
314.00,23.0484
314.50,23.0765
315.00,23.0961
315.50,23.1083
316.00,23.1219
316.50,23.1457
317.00,23.1835
317.50,23.2311
318.00,23.2787
318.50,23.3147
319.00,23.3322
319.50,23.3318
320.00,23.3214
320.50,23.3114
321.00,23.3088
321.50,23.3127
322.00,23.3157
322.50,23.3104
323.00,23.2972
323.50,23.2847
324.00,23.2810
324.50,23.2854
325.00,23.2904
325.50,23.2902
326.00,23.2864
326.50,23.2838
327.00,23.2826
327.50,23.2769
328.00,23.2605
328.50,23.2357
329.00,23.2157
329.50,23.2175
330.00,23.2491
330.50,23.3024
331.00,23.3605
331.50,23.4117
332.00,23.4567
332.50,23.5022
333.00,23.5490
333.50,23.5879
334.00,23.6075
334.50,23.6072
335.00,23.5994
335.50,23.6015
336.00,23.6227
336.50,23.6591
337.00,23.6965
337.50,23.7211
338.00,23.7283
338.50,23.7255
339.00,23.7247
339.50,23.7331
340.00,23.7496
340.50,23.7688
341.00,23.7852
341.50,23.7942
342.00,23.7917
342.50,23.7757
343.00,23.7504
343.50,23.7259
344.00,23.7118
344.50,23.7111
345.00,23.7212
345.50,23.7387
346.00,23.7621
346.50,23.7884
347.00,23.8099
347.50,23.8163
348.00,23.8011
348.50,23.7676
349.00,23.7296
349.50,23.7059
350.00,23.7105
350.50,23.7457
351.00,23.8043
351.50,23.8767
352.00,23.9542
352.50,24.0260
353.00,24.0782
353.50,24.0996
354.00,24.0925
354.50,24.0748
355.00,24.0685
355.50,24.0820
356.00,24.1034
356.50,24.1115
357.00,24.0947
357.50,24.0589
358.00,24.0216
358.50,23.9972
359.00,23.9883
359.50,23.9873
360.00,23.9858
360.50,23.9840
361.00,23.9895
361.50,24.0077
362.00,24.0332
362.50,24.0524
363.00,24.0552
363.50,24.0412
364.00,24.0165
364.50,23.9879
365.00,23.9633
365.50,23.9526
366.00,23.9652
366.50,24.0009
367.00,24.0469
367.50,24.0862
368.00,24.1083
368.50,24.1125
369.00,24.1042
369.50,24.0917
370.00,24.0854
370.50,24.0951
371.00,24.1240
371.50,24.1646
372.00,24.2026
372.50,24.2244
373.00,24.2247
373.50,24.2096
374.00,24.1946
374.50,24.1953
375.00,24.2165
375.50,24.2478
376.00,24.2713
376.50,24.2742
377.00,24.2571
377.50,24.2317
378.00,24.2126
378.50,24.2085
379.00,24.2190
379.50,24.2353
380.00,24.2470
380.50,24.2508
381.00,24.2529
381.50,24.2644
382.00,24.2912
382.50,24.3275
383.00,24.3597
383.50,24.3750
384.00,24.3709
384.50,24.3561
385.00,24.3447
385.50,24.3460
386.00,24.3598
386.50,24.3800
387.00,24.4021
387.50,24.4246
388.00,24.4474
388.50,24.4685
389.00,24.4844
389.50,24.4920
390.00,24.4896
390.50,24.4777
391.00,24.4599
391.50,24.4416
392.00,24.4281
392.50,24.4216
393.00,24.4224
393.50,24.4312
394.00,24.4493
394.50,24.4754
395.00,24.5027
395.50,24.5240
396.00,24.5369
396.50,24.5466
397.00,24.5607
397.50,24.5837
398.00,24.6135
398.50,24.6440
399.00,24.6683
399.50,24.6826
400.00,24.6870
400.50,24.6839
401.00,24.6762
401.50,24.6667
402.00,24.6585
402.50,24.6532
403.00,24.6483
403.50,24.6365
404.00,24.6126
404.50,24.5794
405.00,24.5489
405.50,24.5347
406.00,24.5425
406.50,24.5676
407.00,24.6004
407.50,24.6343
408.00,24.6676
408.50,24.7014
409.00,24.7368
409.50,24.7739
410.00,24.8113
410.50,24.8446
411.00,24.8667
411.50,24.8712
412.00,24.8565
412.50,24.8258
413.00,24.7851
413.50,24.7429
414.00,24.7102
414.50,24.6987
415.00,24.7163
415.50,24.7626
416.00,24.8275
416.50,24.8948
417.00,24.9485
417.50,24.9807
418.00,24.9946
418.50,25.0019
419.00,25.0143
419.50,25.0368
420.00,25.0646
420.50,25.0869
421.00,25.0956
421.50,25.0913
422.00,25.0823
422.50,25.0776
423.00,25.0812
423.50,25.0913
424.00,25.1046
424.50,25.1185
425.00,25.1310
425.50,25.1406
426.00,25.1470
426.50,25.1520
427.00,25.1590
427.50,25.1692
428.00,25.1797
428.50,25.1851
429.00,25.1819
429.50,25.1700
430.00,25.1513
430.50,25.1283
431.00,25.1055
431.50,25.0886
432.00,25.0824
432.50,25.0883
433.00,25.1050
433.50,25.1323
434.00,25.1735
434.50,25.2312
435.00,25.3022
435.50,25.3749
436.00,25.4335
436.50,25.4662
437.00,25.4706
437.50,25.4527
438.00,25.4220
438.50,25.3884
439.00,25.3621
439.50,25.3536
440.00,25.3687
440.50,25.4027
441.00,25.4411
441.50,25.4680
442.00,25.4749
442.50,25.4639
443.00,25.4431
443.50,25.4203
444.00,25.4010
444.50,25.3891
445.00,25.3878
445.50,25.3974
446.00,25.4138
446.50,25.4299
447.00,25.4405
447.50,25.4454
448.00,25.4495
448.50,25.4605
449.00,25.4850
449.50,25.5232
450.00,25.5670
450.50,25.6027
451.00,25.6187
451.50,25.6124
452.00,25.5919
452.50,25.5709
453.00,25.5610
453.50,25.5661
454.00,25.5815
454.50,25.5967
455.00,25.6017
455.50,25.5912
456.00,25.5654
456.50,25.5291
457.00,25.4916
457.50,25.4654
458.00,25.4622
458.50,25.4847
459.00,25.5223
459.50,25.5565
460.00,25.5734
460.50,25.5737
461.00,25.5711
461.50,25.5809
462.00,25.6079
462.50,25.6446
463.00,25.6772
463.50,25.6929
464.00,25.6856
464.50,25.6595
465.00,25.6291
465.50,25.6117
466.00,25.6163
466.50,25.6391
467.00,25.6680
467.50,25.6931
468.00,25.7111
468.50,25.7233
469.00,25.7320
469.50,25.7399
470.00,25.7504
470.50,25.7659
471.00,25.7837
471.50,25.7981
472.00,25.8052
472.50,25.8044
473.00,25.7953
473.50,25.7745
474.00,25.7401
474.50,25.6976
475.00,25.6604
475.50,25.6415
476.00,25.6443
476.50,25.6605
477.00,25.6769
477.50,25.6849
478.00,25.6846
478.50,25.6832
479.00,25.6883
479.50,25.7027
480.00,25.7224
480.50,25.7400
481.00,25.7513
481.50,25.7592
482.00,25.7713
482.50,25.7916
483.00,25.8153
483.50,25.8319
484.00,25.8330
484.50,25.8190
485.00,25.7979
485.50,25.7790
486.00,25.7682
486.50,25.7671
487.00,25.7753
487.50,25.7925
488.00,25.8180
488.50,25.8472
489.00,25.8712
489.50,25.8814
490.00,25.8746
490.50,25.8540
491.00,25.8253
491.50,25.7948
492.00,25.7703
492.50,25.7597
493.00,25.7656
493.50,25.7828
494.00,25.8034
494.50,25.8237
495.00,25.8471
495.50,25.8771
496.00,25.9107
496.50,25.9377
497.00,25.9480
497.50,25.9393
498.00,25.9178
498.50,25.8922
499.00,25.8676
499.50,25.8480
500.00,25.8394
500.50,25.8481
501.00,25.8746
501.50,25.9110
502.00,25.9468
502.50,25.9753
503.00,25.9951
503.50,26.0070
504.00,26.0112
504.50,26.0090
505.00,26.0068
505.50,26.0144
506.00,26.0383
506.50,26.0759
507.00,26.1158
507.50,26.1452
508.00,26.1598
508.50,26.1652
509.00,26.1714
509.50,26.1839
510.00,26.1991
510.50,26.2072
511.00,26.1998
511.50,26.1766
512.00,26.1454
512.50,26.1173
513.00,26.1019
513.50,26.1061
514.00,26.1338
514.50,26.1846
515.00,26.2501
515.50,26.3133
516.00,26.3549
516.50,26.3633
517.00,26.3424
517.50,26.3085
518.00,26.2809
518.50,26.2704
519.00,26.2743
519.50,26.2815
520.00,26.2822
520.50,26.2764
521.00,26.2748
521.50,26.2928
522.00,26.3401
522.50,26.4112
523.00,26.4835
523.50,26.5301
524.00,26.5381
524.50,26.5179
525.00,26.4938
525.50,26.4847
526.00,26.4925
526.50,26.5051
527.00,26.5070
527.50,26.4909
528.00,26.4632
528.50,26.4392
529.00,26.4307
529.50,26.4366
530.00,26.4450
530.50,26.4447
531.00,26.4333
531.50,26.4170
532.00,26.4049
532.50,26.4037
533.00,26.4140
533.50,26.4299
534.00,26.4410
534.50,26.4368
535.00,26.4128
535.50,26.3757
536.00,26.3429
536.50,26.3334
537.00,26.3545
537.50,26.3976
538.00,26.4452
538.50,26.4836
539.00,26.5093
539.50,26.5258
540.00,26.5368
540.50,26.5428
541.00,26.5436
541.50,26.5422
542.00,26.5424
542.50,26.5445
543.00,26.5449
543.50,26.5411
544.00,26.5374
544.50,26.5420
545.00,26.5612
545.50,26.5951
546.00,26.6369
546.50,26.6756
547.00,26.6997
547.50,26.7030
548.00,26.6886
548.50,26.6660
549.00,26.6447
549.50,26.6285
550.00,26.6154
550.50,26.6024
551.00,26.5902
551.50,26.5841
552.00,26.5903
552.50,26.6115
553.00,26.6442
553.50,26.6806
554.00,26.7129
554.50,26.7359
555.00,26.7496
555.50,26.7580
556.00,26.7647
556.50,26.7695
557.00,26.7687
557.50,26.7623
558.00,26.7575
558.50,26.7635
559.00,26.7796
559.50,26.7928
560.00,26.7884
560.50,26.7640
561.00,26.7318
561.50,26.7081
562.00,26.7023
562.50,26.7139
563.00,26.7378
563.50,26.7696
564.00,26.8062
564.50,26.8436
565.00,26.8759
565.50,26.8963
566.00,26.9017
566.50,26.8952
567.00,26.8836
567.50,26.8747
568.00,26.8740
568.50,26.8840
569.00,26.9025
569.50,26.9231
570.00,26.9390
570.50,26.9485
571.00,26.9561
571.50,26.9687
572.00,26.9893
572.50,27.0144
573.00,27.0358
573.50,27.0461
574.00,27.0420
574.50,27.0270
575.00,27.0082
575.50,26.9915
576.00,26.9775
576.50,26.9629
577.00,26.9476
577.50,26.9388
578.00,26.9460
578.50,26.9741
579.00,27.0190
579.50,27.0693
580.00,27.1112
580.50,27.1348
581.00,27.1386
581.50,27.1300
582.00,27.1190
582.50,27.1119
583.00,27.1080
583.50,27.1025
584.00,27.0917
584.50,27.0760
585.00,27.0591
585.50,27.0462
586.00,27.0401
586.50,27.0393
587.00,27.0392
587.50,27.0367
588.00,27.0331
588.50,27.0326
589.00,27.0385
589.50,27.0494
590.00,27.0608
590.50,27.0673
591.00,27.0660
591.50,27.0564
592.00,27.0396
592.50,27.0179
593.00,26.9974
593.50,26.9883
594.00,26.9991
594.50,27.0291
595.00,27.0671
595.50,27.0986
596.00,27.1171
596.50,27.1263
597.00,27.1335
597.50,27.1416
598.00,27.1464
598.50,27.1407
599.00,27.1218
599.50,27.0936
600.00,27.0650
600.50,27.0448
601.00,27.0381
601.50,27.0458
602.00,27.0668
602.50,27.1003
603.00,27.1463
603.50,27.2017
604.00,27.2570
604.50,27.2975
605.00,27.3118
605.50,27.3002
606.00,27.2746
606.50,27.2503
607.00,27.2368
607.50,27.2353
608.00,27.2431
608.50,27.2585
609.00,27.2802
609.50,27.3041
610.00,27.3229
610.50,27.3301
611.00,27.3257
611.50,27.3146
612.00,27.3012
612.50,27.2858
613.00,27.2675
613.50,27.2481
614.00,27.2324
614.50,27.2260
615.00,27.2318
615.50,27.2490
616.00,27.2738
616.50,27.2986
617.00,27.3144
617.50,27.3152
618.00,27.3043
618.50,27.2945
619.00,27.2995
619.50,27.3224
620.00,27.3530
620.50,27.3758
621.00,27.3833
621.50,27.3801
622.00,27.3778
622.50,27.3841
623.00,27.3965
623.50,27.4072
624.00,27.4119
624.50,27.4147
625.00,27.4225
625.50,27.4383
626.00,27.4586
626.50,27.4749
627.00,27.4765
627.50,27.4551
628.00,27.4113
628.50,27.3594
629.00,27.3222
629.50,27.3175
630.00,27.3459
630.50,27.3900
631.00,27.4263
631.50,27.4379
632.00,27.4212
632.50,27.3840
633.00,27.3394
633.50,27.3002
634.00,27.2749
634.50,27.2658
635.00,27.2713
635.50,27.2888
636.00,27.3158
636.50,27.3497
637.00,27.3863
637.50,27.4204
638.00,27.4476
638.50,27.4651
639.00,27.4722
639.50,27.4714
640.00,27.4706
640.50,27.4818
641.00,27.5143
641.50,27.5674
642.00,27.6272
642.50,27.6744
643.00,27.6959
643.50,27.6912
644.00,27.6684
644.50,27.6352
645.00,27.5957
645.50,27.5536
646.00,27.5146
646.50,27.4851
647.00,27.4684
647.50,27.4647
648.00,27.4718
648.50,27.4865
649.00,27.5045
649.50,27.5234
650.00,27.5420
650.50,27.5587
651.00,27.5694
651.50,27.5717
652.00,27.5697
652.50,27.5723
653.00,27.5847
653.50,27.6027
654.00,27.6175
654.50,27.6249
655.00,27.6283
655.50,27.6313
656.00,27.6312
656.50,27.6216
657.00,27.6015
657.50,27.5795
658.00,27.5680
658.50,27.5730
659.00,27.5901
659.50,27.6084
660.00,27.6203
660.50,27.6268
661.00,27.6356
661.50,27.6549
662.00,27.6877
662.50,27.7319
663.00,27.7830
663.50,27.8381
664.00,27.8950
664.50,27.9483
665.00,27.9858
665.50,27.9944
666.00,27.9717
666.50,27.9318
667.00,27.8973
667.50,27.8841
668.00,27.8915
668.50,27.9053
669.00,27.9082
669.50,27.8907
670.00,27.8568
670.50,27.8209
671.00,27.7988
671.50,27.7981
672.00,27.8131
672.50,27.8294
673.00,27.8325
673.50,27.8166
674.00,27.7860
674.50,27.7509
675.00,27.7189
675.50,27.6911
676.00,27.6656
676.50,27.6442
677.00,27.6337
677.50,27.6391
678.00,27.6583
678.50,27.6839
679.00,27.7102
679.50,27.7360
680.00,27.7625
680.50,27.7899
681.00,27.8158
681.50,27.8360
682.00,27.8473
682.50,27.8504
683.00,27.8498
683.50,27.8493
684.00,27.8488
684.50,27.8445
685.00,27.8336
685.50,27.8182
686.00,27.8060
686.50,27.8049
687.00,27.8178
687.50,27.8417
688.00,27.8711
688.50,27.9015
689.00,27.9284
689.50,27.9452
690.00,27.9454
690.50,27.9283
691.00,27.9032
691.50,27.8848
692.00,27.8838
692.50,27.9018
693.00,27.9328
693.50,27.9688
694.00,28.0024
694.50,28.0282
695.00,28.0454
695.50,28.0584
696.00,28.0746
696.50,28.0988
697.00,28.1301
697.50,28.1629
698.00,28.1903
698.50,28.2055
699.00,28.2040
699.50,28.1862
700.00,28.1601
700.50,28.1386
701.00,28.1320
701.50,28.1422
702.00,28.1631
702.50,28.1865
703.00,28.2056
703.50,28.2146
704.00,28.2090
704.50,28.1879
705.00,28.1573
705.50,28.1269
706.00,28.1041
706.50,28.0889
707.00,28.0752
707.50,28.0574
708.00,28.0361
708.50,28.0185
709.00,28.0148
709.50,28.0307
710.00,28.0635
710.50,28.1021
711.00,28.1330
711.50,28.1472
712.00,28.1463
712.50,28.1419
713.00,28.1469
713.50,28.1669
714.00,28.1969
714.50,28.2274
715.00,28.2509
715.50,28.2651
716.00,28.2693
716.50,28.2624
717.00,28.2442
717.50,28.2190
718.00,28.1953
718.50,28.1820
719.00,28.1830
719.50,28.1964
720.00,28.2167
720.50,28.2373
721.00,28.2517
721.50,28.2563
722.00,28.2525
722.50,28.2464
723.00,28.2447
723.50,28.2502
724.00,28.2601
724.50,28.2692
725.00,28.2738
725.50,28.2747
726.00,28.2766
726.50,28.2849
727.00,28.3004
727.50,28.3173
728.00,28.3255
728.50,28.3189
729.00,28.3017
729.50,28.2880
730.00,28.2908
730.50,28.3133
731.00,28.3478
731.50,28.3836
732.00,28.4125
732.50,28.4288
733.00,28.4285
733.50,28.4116
734.00,28.3837
734.50,28.3533
735.00,28.3251
735.50,28.2992
736.00,28.2752
736.50,28.2566
737.00,28.2484
737.50,28.2498
738.00,28.2537
738.50,28.2526
739.00,28.2456
739.50,28.2377
740.00,28.2341
740.50,28.2361
741.00,28.2428
741.50,28.2545
742.00,28.2722
742.50,28.2940
743.00,28.3137
743.50,28.3248
744.00,28.3249
744.50,28.3171
745.00,28.3082
745.50,28.3063
746.00,28.3170
746.50,28.3401
747.00,28.3690
747.50,28.3954
748.00,28.4155
748.50,28.4328
749.00,28.4529
749.50,28.4769
750.00,28.4993
750.50,28.5140
751.00,28.5204
751.50,28.5260
752.00,28.5425
752.50,28.5774
753.00,28.6283
753.50,28.6819
754.00,28.7218
754.50,28.7370
755.00,28.7268
755.50,28.6989
756.00,28.6651
756.50,28.6360
757.00,28.6175
757.50,28.6111
758.00,28.6154
758.50,28.6285
759.00,28.6495
759.50,28.6773
760.00,28.7086
760.50,28.7371
761.00,28.7545
761.50,28.7553
762.00,28.7409
762.50,28.7195
763.00,28.7013
763.50,28.6916
764.00,28.6892
764.50,28.6890
765.00,28.6885
765.50,28.6897
766.00,28.6963
766.50,28.7091
767.00,28.7249
767.50,28.7378
768.00,28.7408
768.50,28.7292
769.00,28.7052
769.50,28.6786
770.00,28.6619
770.50,28.6613
771.00,28.6728
771.50,28.6861
772.00,28.6931
772.50,28.6911
773.00,28.6800
773.50,28.6589
774.00,28.6266
774.50,28.5836
775.00,28.5344
775.50,28.4870
776.00,28.4518
776.50,28.4368
777.00,28.4426
777.50,28.4613
778.00,28.4817
778.50,28.4971
779.00,28.5093
779.50,28.5254
780.00,28.5501
780.50,28.5810
781.00,28.6087
781.50,28.6233
782.00,28.6214
782.50,28.6095
783.00,28.5989
783.50,28.5987
784.00,28.6104
784.50,28.6291
785.00,28.6494
785.50,28.6699
786.00,28.6933
786.50,28.7203
787.00,28.7461
787.50,28.7610
788.00,28.7552
788.50,28.7244
789.00,28.6739
789.50,28.6192
790.00,28.5786
790.50,28.5629
791.00,28.5683
791.50,28.5798
792.00,28.5841
792.50,28.5795
793.00,28.5755
793.50,28.5822
794.00,28.6005
794.50,28.6203
795.00,28.6291
795.50,28.6207
796.00,28.5992
796.50,28.5765
797.00,28.5643
797.50,28.5676
798.00,28.5821
798.50,28.5985
799.00,28.6102
799.50,28.6184
800.00,28.6290
800.50,28.6453
801.00,28.6636
801.50,28.6753
802.00,28.6740
802.50,28.6592
803.00,28.6355
803.50,28.6080
804.00,28.5782
804.50,28.5449
805.00,28.5089
805.50,28.4754
806.00,28.4504
806.50,28.4352
807.00,28.4255
807.50,28.4165
808.00,28.4077
808.50,28.4034
809.00,28.4069
809.50,28.4155
810.00,28.4190
810.50,28.4060
811.00,28.3728
811.50,28.3260
812.00,28.2771
812.50,28.2350
813.00,28.2027
813.50,28.1799
814.00,28.1661
814.50,28.1598
815.00,28.1556
815.50,28.1430
816.00,28.1117
816.50,28.0600
817.00,28.0001
817.50,27.9530
818.00,27.9369
818.50,27.9553
819.00,27.9955
819.50,28.0363
820.00,28.0603
820.50,28.0631
821.00,28.0541
821.50,28.0475
822.00,28.0514
822.50,28.0639
823.00,28.0769
823.50,28.0840
824.00,28.0836
824.50,28.0793
825.00,28.0764
825.50,28.0788
826.00,28.0877
826.50,28.1033
827.00,28.1271
827.50,28.1601
828.00,28.1992
828.50,28.2338
829.00,28.2516
829.50,28.2476
830.00,28.2286
830.50,28.2090
831.00,28.2012
831.50,28.2098
832.00,28.2308
832.50,28.2570
833.00,28.2839
833.50,28.3126
834.00,28.3475
834.50,28.3906
835.00,28.4379
835.50,28.4802
836.00,28.5077
836.50,28.5146
837.00,28.5033
837.50,28.4851
838.00,28.4752
838.50,28.4840
839.00,28.5110
839.50,28.5462
840.00,28.5794
840.50,28.6085
841.00,28.6398
841.50,28.6811
842.00,28.7336
842.50,28.7890
843.00,28.8347
843.50,28.8628
844.00,28.8769
844.50,28.8888
845.00,28.9083
845.50,28.9343
846.00,28.9563
846.50,28.9655
847.00,28.9652
847.50,28.9706
848.00,28.9967
848.50,29.0450
849.00,29.0997
849.50,29.1390
850.00,29.1487
850.50,29.1278
851.00,29.0835
851.50,29.0301
852.00,28.9892
852.50,28.9831
853.00,29.0190
853.50,29.0799
854.00,29.1345
854.50,29.1595
855.00,29.1510
855.50,29.1199
856.00,29.0804
856.50,29.0444
857.00,29.0230
857.50,29.0254
858.00,29.0531
858.50,29.0954
859.00,29.1339
859.50,29.1536
860.00,29.1531
860.50,29.1445
861.00,29.1442
861.50,29.1618
862.00,29.1948
862.50,29.2328
863.00,29.2645
863.50,29.2832
864.00,29.2880
864.50,29.2821
865.00,29.2716
865.50,29.2636
866.00,29.2641
866.50,29.2750
867.00,29.2929
867.50,29.3110
868.00,29.3227
868.50,29.3261
869.00,29.3240
869.50,29.3217
870.00,29.3250
870.50,29.3384
871.00,29.3626
871.50,29.3914
872.00,29.4128
872.50,29.4154
873.00,29.3966
873.50,29.3653
874.00,29.3351
874.50,29.3145
875.00,29.3026
875.50,29.2951
876.00,29.2904
876.50,29.2890
877.00,29.2892
877.50,29.2862
878.00,29.2784
878.50,29.2723
879.00,29.2768
879.50,29.2944
880.00,29.3186
880.50,29.3410
881.00,29.3600
881.50,29.3810
882.00,29.4092
882.50,29.4438
883.00,29.4788
883.50,29.5089
884.00,29.5328
884.50,29.5515
885.00,29.5650
885.50,29.5712
886.00,29.5677
886.50,29.5542
887.00,29.5337
887.50,29.5123
888.00,29.4956
888.50,29.4863
889.00,29.4835
889.50,29.4846
890.00,29.4878
890.50,29.4921
891.00,29.4981
891.50,29.5084
892.00,29.5272
892.50,29.5563
893.00,29.5911
893.50,29.6218
894.00,29.6390
894.50,29.6395
895.00,29.6261
895.50,29.6043
896.00,29.5796
896.50,29.5587
897.00,29.5489
897.50,29.5545
898.00,29.5721
898.50,29.5917
899.00,29.6029
899.50,29.6023
900.00,29.5943
900.50,29.5853
901.00,29.5794
901.50,29.5783
902.00,29.5832
902.50,29.5950
903.00,29.6120
903.50,29.6306
904.00,29.6479
904.50,29.6622
905.00,29.6745
905.50,29.6880
906.00,29.7078
906.50,29.7376
907.00,29.7754
907.50,29.8136
908.00,29.8440
908.50,29.8624
909.00,29.8698
909.50,29.8700
910.00,29.8664
910.50,29.8623
911.00,29.8615
911.50,29.8680
912.00,29.8838
912.50,29.9064
913.00,29.9306
913.50,29.9520
914.00,29.9684
914.50,29.9773
915.00,29.9754
915.50,29.9621
916.00,29.9434
916.50,29.9303
917.00,29.9298
917.50,29.9384
918.00,29.9438
918.50,29.9357
919.00,29.9152
919.50,29.8934
920.00,29.8823
920.50,29.8863
921.00,29.9000
921.50,29.9121
922.00,29.9116
922.50,29.8951
923.00,29.8694
923.50,29.8458
924.00,29.8317
924.50,29.8282
925.00,29.8331
925.50,29.8452
926.00,29.8630
926.50,29.8824
927.00,29.8984
927.50,29.9092
928.00,29.9181
928.50,29.9299
929.00,29.9461
929.50,29.9638
930.00,29.9772
930.50,29.9805
931.00,29.9701
931.50,29.9461
932.00,29.9132
932.50,29.8794
933.00,29.8533
933.50,29.8412
934.00,29.8454
934.50,29.8632
935.00,29.8889
935.50,29.9177
936.00,29.9464
936.50,29.9722
937.00,29.9933
937.50,30.0104
938.00,30.0270
938.50,30.0459
939.00,30.0655
939.50,30.0807
940.00,30.0890
940.50,30.0914
941.00,30.0901
941.50,30.0842
942.00,30.0720
942.50,30.0556
943.00,30.0424
943.50,30.0400
944.00,30.0495
944.50,30.0649
945.00,30.0774
945.50,30.0832
946.00,30.0847
946.50,30.0881
947.00,30.0981
947.50,30.1170
948.00,30.1443
948.50,30.1772
949.00,30.2092
949.50,30.2333
950.00,30.2450
950.50,30.2445
951.00,30.2364
951.50,30.2280
952.00,30.2268
952.50,30.2366
953.00,30.2531
953.50,30.2646
954.00,30.2597
954.50,30.2356
955.00,30.2008
955.50,30.1697
956.00,30.1544
956.50,30.1577
957.00,30.1720
957.50,30.1863
958.00,30.1939
958.50,30.1965
959.00,30.2009
959.50,30.2123
960.00,30.2298
960.50,30.2461
961.00,30.2528
961.50,30.2463
962.00,30.2304
962.50,30.2136
963.00,30.2034
963.50,30.2011
964.00,30.2005
964.50,30.1927
965.00,30.1731
965.50,30.1461
966.00,30.1223
966.50,30.1091
967.00,30.1037
967.50,30.0977
968.00,30.0880
968.50,30.0809
969.00,30.0856
969.50,30.1034
970.00,30.1266
970.50,30.1435
971.00,30.1468
971.50,30.1373
972.00,30.1252
972.50,30.1243
973.00,30.1427
973.50,30.1770
974.00,30.2143
974.50,30.2422
975.00,30.2554
975.50,30.2561
976.00,30.2489
976.50,30.2377
977.00,30.2271
977.50,30.2231
978.00,30.2304
978.50,30.2453
979.00,30.2554
979.50,30.2490
980.00,30.2279
980.50,30.2074
981.00,30.2033
981.50,30.2195
982.00,30.2457
982.50,30.2686
983.00,30.2830
983.50,30.2931
984.00,30.3043
984.50,30.3157
985.00,30.3204
985.50,30.3136
986.00,30.2999
986.50,30.2900
987.00,30.2920
987.50,30.3039
988.00,30.3167
988.50,30.3216
989.00,30.3173
989.50,30.3081
990.00,30.2988
990.50,30.2890
991.00,30.2740
991.50,30.2522
992.00,30.2290
992.50,30.2143
993.00,30.2123
993.50,30.2161
994.00,30.2124
994.50,30.1924
995.00,30.1597
995.50,30.1285
996.00,30.1159
996.50,30.1326
997.00,30.1772
997.50,30.2352
998.00,30.2851
998.50,30.3075
999.00,30.2958
999.50,30.2594
1000.00,30.2181
1000.50,30.1887
1001.00,30.1747
1001.50,30.1670
1002.00,30.1542
1002.50,30.1344
1003.00,30.1169
1003.50,30.1114
1004.00,30.1184
1004.50,30.1282
1005.00,30.1321
1005.50,30.1307
1006.00,30.1332
1006.50,30.1480
1007.00,30.1763
1007.50,30.2111
1008.00,30.2424
1008.50,30.2637
1009.00,30.2756
1009.50,30.2840
1010.00,30.2936
1010.50,30.3050
1011.00,30.3169
1011.50,30.3305
1012.00,30.3503
1012.50,30.3784
1013.00,30.4091
1013.50,30.4312
1014.00,30.4360
1014.50,30.4229
1015.00,30.3972
1015.50,30.3650
1016.00,30.3289
1016.50,30.2885
1017.00,30.2422
1017.50,30.1893
1018.00,30.1327
1018.50,30.0810
1019.00,30.0470
1019.50,30.0433
1020.00,30.0745
1020.50,30.1326
1021.00,30.1998
1021.50,30.2566
1022.00,30.2910
1022.50,30.3011
1023.00,30.2943
1023.50,30.2829
1024.00,30.2794
1024.50,30.2911
1025.00,30.3178
1025.50,30.3508
1026.00,30.3767
1026.50,30.3840
1027.00,30.3702
1027.50,30.3444
1028.00,30.3223
1028.50,30.3171
1029.00,30.3313
1029.50,30.3561
1030.00,30.3768
1030.50,30.3837
1031.00,30.3805
1031.50,30.3805
1032.00,30.3937
1032.50,30.4181
1033.00,30.4435
1033.50,30.4614
1034.00,30.4685
1034.50,30.4649
1035.00,30.4526
1035.50,30.4371
1036.00,30.4294
1036.50,30.4420
1037.00,30.4803
1037.50,30.5366
1038.00,30.5940
1038.50,30.6380
1039.00,30.6644
1039.50,30.6776
1040.00,30.6851
1040.50,30.6936
1041.00,30.7077
1041.50,30.7269
1042.00,30.7429
1042.50,30.7427
1043.00,30.7178
1043.50,30.6708
1044.00,30.6158
1044.50,30.5696
1045.00,30.5434
1045.50,30.5360
1046.00,30.5363
1046.50,30.5309
1047.00,30.5128
1047.50,30.4849
1048.00,30.4573
1048.50,30.4403
1049.00,30.4390
1049.50,30.4515
1050.00,30.4719
1050.50,30.4928
1051.00,30.5060
1051.50,30.5029
1052.00,30.4788
1052.50,30.4379
1053.00,30.3924
1053.50,30.3546
1054.00,30.3290
1054.50,30.3147
1055.00,30.3115
1055.50,30.3224
1056.00,30.3475
1056.50,30.3802
1057.00,30.4090
1057.50,30.4257
1058.00,30.4285
1058.50,30.4217
1059.00,30.4125
1059.50,30.4089
1060.00,30.4178
1060.50,30.4406
1061.00,30.4727
1061.50,30.5041
1062.00,30.5248
1062.50,30.5294
1063.00,30.5196
1063.50,30.5024
1064.00,30.4859
1064.50,30.4748
1065.00,30.4688
1065.50,30.4658
1066.00,30.4659
1066.50,30.4719
1067.00,30.4853
1067.50,30.5047
1068.00,30.5287
1068.50,30.5580
1069.00,30.5946
1069.50,30.6382
1070.00,30.6868
1070.50,30.7377
1071.00,30.7870
1071.50,30.8278
1072.00,30.8519
1072.50,30.8547
1073.00,30.8400
1073.50,30.8179
1074.00,30.7981
1074.50,30.7859
1075.00,30.7827
1075.50,30.7855
1076.00,30.7872
1076.50,30.7789
1077.00,30.7568
1077.50,30.7264
1078.00,30.7000
1078.50,30.6873
1079.00,30.6897
1079.50,30.6999
1080.00,30.7095
1080.50,30.7141
1081.00,30.7140
1081.50,30.7108
1082.00,30.7040
1082.50,30.6926
1083.00,30.6784
1083.50,30.6673
1084.00,30.6661
1084.50,30.6787
1085.00,30.7022
1085.50,30.7267
1086.00,30.7392
1086.50,30.7334
1087.00,30.7165
1087.50,30.7050
1088.00,30.7094
1088.50,30.7221
1089.00,30.7243
1089.50,30.7034
1090.00,30.6634
1090.50,30.6198
1091.00,30.5865
1091.50,30.5672
1092.00,30.5586
1092.50,30.5555
1093.00,30.5544
1093.50,30.5541
1094.00,30.5552
1094.50,30.5596
1095.00,30.5708
1095.50,30.5907
1096.00,30.6172
1096.50,30.6438
1097.00,30.6628
1097.50,30.6710
1098.00,30.6733
1098.50,30.6790
1099.00,30.6938
1099.50,30.7147
1100.00,30.7323
1100.50,30.7392
1101.00,30.7352
1101.50,30.7245
1102.00,30.7118
1102.50,30.6992
1103.00,30.6885
1103.50,30.6822
1104.00,30.6811
1104.50,30.6830
1105.00,30.6859
1105.50,30.6937
1106.00,30.7158
1106.50,30.7580
1107.00,30.8127
1107.50,30.8602
1108.00,30.8832
1108.50,30.8806
1109.00,30.8667
1109.50,30.8550
1110.00,30.8464
1110.50,30.8344
1111.00,30.8187
1111.50,30.8099
1112.00,30.8201
1112.50,30.8505
1113.00,30.8892
1113.50,30.9204
1114.00,30.9341
1114.50,30.9283
1115.00,30.9052
1115.50,30.8696
1116.00,30.8291
1116.50,30.7947
1117.00,30.7765
1117.50,30.7791
1118.00,30.7983
1118.50,30.8227
1119.00,30.8398
1119.50,30.8411
1120.00,30.8251
1120.50,30.7962
1121.00,30.7609
1121.50,30.7257
1122.00,30.6957
1122.50,30.6731
1123.00,30.6569
1123.50,30.6453
1124.00,30.6391
1124.50,30.6408
1125.00,30.6509
1125.50,30.6666
1126.00,30.6864
1126.50,30.7144
1127.00,30.7563
1127.50,30.8101
1128.00,30.8648
1128.50,30.9079
1129.00,30.9339
1129.50,30.9468
1130.00,30.9539
1130.50,30.9585
1131.00,30.9594
1131.50,30.9575
1132.00,30.9594
1132.50,30.9742
1133.00,31.0051
1133.50,31.0436
1134.00,31.0744
1134.50,31.0843
1135.00,31.0688
1135.50,31.0326
1136.00,30.9889
1136.50,30.9553
1137.00,30.9468
1137.50,30.9677
1138.00,31.0068
1138.50,31.0430
1139.00,31.0554
1139.50,31.0336
1140.00,30.9799
1140.50,30.9084
1141.00,30.8412
1141.50,30.8003
1142.00,30.7970
1142.50,30.8246
1143.00,30.8641
1143.50,30.8985
1144.00,30.9219
1144.50,30.9370
1145.00,30.9466
1145.50,30.9514
1146.00,30.9516
1146.50,30.9473
1147.00,30.9374
1147.50,30.9207
1148.00,30.9009
1148.50,30.8867
1149.00,30.8866
1149.50,30.9001
1150.00,30.9162
1150.50,30.9220
1151.00,30.9125
1151.50,30.8947
1152.00,30.8811
1152.50,30.8792
1153.00,30.8871
1153.50,30.8980
1154.00,30.9079
1154.50,30.9196
1155.00,30.9396
1155.50,30.9726
1156.00,31.0162
1156.50,31.0616
1157.00,31.0991
1157.50,31.1222
1158.00,31.1300
1158.50,31.1265
1159.00,31.1176
1159.50,31.1100
1160.00,31.1080
1160.50,31.1139
1161.00,31.1280
1161.50,31.1480
1162.00,31.1679
1162.50,31.1797
1163.00,31.1798
1163.50,31.1740
1164.00,31.1759
1164.50,31.1965
1165.00,31.2364
1165.50,31.2852
1166.00,31.3280
1166.50,31.3532
1167.00,31.3581
1167.50,31.3480
1168.00,31.3329
1168.50,31.3221
1169.00,31.3224
1169.50,31.3357
1170.00,31.3582
1170.50,31.3804
1171.00,31.3920
1171.50,31.3887
1172.00,31.3738
1172.50,31.3538
1173.00,31.3315
1173.50,31.3062
1174.00,31.2785
1174.50,31.2548
1175.00,31.2451
1175.50,31.2550
1176.00,31.2798
1176.50,31.3051
1177.00,31.3158
1177.50,31.3054
1178.00,31.2790
1178.50,31.2481
1179.00,31.2222
1179.50,31.2062
1180.00,31.2008
1180.50,31.2051
1181.00,31.2160
1181.50,31.2267
1182.00,31.2266
1182.50,31.2055
1183.00,31.1623
1183.50,31.1080
1184.00,31.0578
1184.50,31.0208
1185.00,30.9968
1185.50,30.9821
1186.00,30.9749
1186.50,30.9742
1187.00,30.9781
1187.50,30.9850
1188.00,30.9960
1188.50,31.0142
1189.00,31.0397
1189.50,31.0663
1190.00,31.0855
1190.50,31.0928
1191.00,31.0904
1191.50,31.0821
1192.00,31.0691
1192.50,31.0487
1193.00,31.0199
1193.50,30.9870
1194.00,30.9589
1194.50,30.9436
1195.00,30.9423
1195.50,30.9492
1196.00,30.9549
1196.50,30.9531
1197.00,30.9443
1197.50,30.9355
1198.00,30.9340
1198.50,30.9423
1199.00,30.9576
1199.50,30.9757
1200.00,30.9940
1200.50,31.0097
1201.00,31.0195
1201.50,31.0228
1202.00,31.0250
1202.50,31.0343
1203.00,31.0533
1203.50,31.0746
1204.00,31.0874
1204.50,31.0862
1205.00,31.0737
1205.50,31.0562
1206.00,31.0386
1206.50,31.0237
1207.00,31.0143
1207.50,31.0152
1208.00,31.0301
1208.50,31.0586
1209.00,31.0934
1209.50,31.1224
1210.00,31.1374
1210.50,31.1412
1211.00,31.1453
1211.50,31.1591
1212.00,31.1822
1212.50,31.2065
1213.00,31.2244
1213.50,31.2345
1214.00,31.2407
1214.50,31.2476
1215.00,31.2571
1215.50,31.2667
1216.00,31.2709
1216.50,31.2649
1217.00,31.2478
1217.50,31.2238
1218.00,31.1978
1218.50,31.1740
1219.00,31.1575
1219.50,31.1562
1220.00,31.1781
1220.50,31.2244
1221.00,31.2859
1221.50,31.3466
1222.00,31.3902
1222.50,31.4067
1223.00,31.3975
1223.50,31.3729
1224.00,31.3466
1224.50,31.3261
1225.00,31.3100
1225.50,31.2900
1226.00,31.2590
1226.50,31.2173
1227.00,31.1740
1227.50,31.1412
1228.00,31.1262
1228.50,31.1294
1229.00,31.1476
1229.50,31.1759
1230.00,31.2064
1230.50,31.2297
1231.00,31.2423
1231.50,31.2512
1232.00,31.2687
1232.50,31.2989
1233.00,31.3336
1233.50,31.3580
1234.00,31.3620
1234.50,31.3452
1235.00,31.3137
1235.50,31.2745
1236.00,31.2319
1236.50,31.1879
1237.00,31.1437
1237.50,31.1025
1238.00,31.0699
1238.50,31.0521
1239.00,31.0522
1239.50,31.0686
1240.00,31.0951
1240.50,31.1218
1241.00,31.1384
1241.50,31.1395
1242.00,31.1288
1242.50,31.1158
1243.00,31.1088
1243.50,31.1094
1244.00,31.1131
1244.50,31.1143
1245.00,31.1102
1245.50,31.1013
1246.00,31.0903
1246.50,31.0820
1247.00,31.0809
1247.50,31.0893
1248.00,31.1061
1248.50,31.1274
1249.00,31.1471
1249.50,31.1554
1250.00,31.1412
1250.50,31.1001
1251.00,31.0421
1251.50,30.9889
1252.00,30.9613
1252.50,30.9684
1253.00,31.0079
1253.50,31.0717
1254.00,31.1518
1254.50,31.2407
1255.00,31.3308
1255.50,31.4145
1256.00,31.4846
1256.50,31.5356
1257.00,31.5665
1257.50,31.5807
1258.00,31.5847
1258.50,31.5837
1259.00,31.5799
1259.50,31.5714
1260.00,31.5549
1260.50,31.5299
1261.00,31.5024
1261.50,31.4824
1262.00,31.4775
1262.50,31.4865
1263.00,31.5005
1263.50,31.5091
1264.00,31.5091
1264.50,31.5051
1265.00,31.5057
1265.50,31.5173
1266.00,31.5392
1266.50,31.5646
1267.00,31.5866
1267.50,31.6013
1268.00,31.6091
1268.50,31.6120
1269.00,31.6123
1269.50,31.6119
1270.00,31.6121
1270.50,31.6117
1271.00,31.6074
1271.50,31.5949
1272.00,31.5715
1272.50,31.5381
1273.00,31.5000
1273.50,31.4653
1274.00,31.4383
1274.50,31.4172
1275.00,31.3967
1275.50,31.3768
1276.00,31.3643
1276.50,31.3672
1277.00,31.3850
1277.50,31.4093
1278.00,31.4300
1278.50,31.4422
1279.00,31.4456
1279.50,31.4408
1280.00,31.4282
1280.50,31.4098
1281.00,31.3898
1281.50,31.3727
1282.00,31.3609
1282.50,31.3549
1283.00,31.3558
1283.50,31.3665
1284.00,31.3898
1284.50,31.4251
1285.00,31.4659
1285.50,31.5005
1286.00,31.5181
1286.50,31.5151
1287.00,31.4970
1287.50,31.4750
1288.00,31.4592
1288.50,31.4525
1289.00,31.4492
1289.50,31.4413
1290.00,31.4279
1290.50,31.4185
1291.00,31.4258
1291.50,31.4555
1292.00,31.5026
1292.50,31.5568
1293.00,31.6087
1293.50,31.6534
1294.00,31.6912
1294.50,31.7264
1295.00,31.7646
1295.50,31.8078
1296.00,31.8501
1296.50,31.8789
1297.00,31.8838
1297.50,31.8652
1298.00,31.8343
1298.50,31.8039
1299.00,31.7796
1299.50,31.7599
1300.00,31.7426
1300.50,31.7287
1301.00,31.7210
1301.50,31.7200
1302.00,31.7239
1302.50,31.7310
1303.00,31.7438
1303.50,31.7673
1304.00,31.8038
1304.50,31.8490
1305.00,31.8931
1305.50,31.9272
1306.00,31.9494
1306.50,31.9647
1307.00,31.9803
1307.50,32.0011
1308.00,32.0275
1308.50,32.0562
1309.00,32.0824
1309.50,32.1011
1310.00,32.1074
1310.50,32.0988
1311.00,32.0772
1311.50,32.0501
1312.00,32.0272
1312.50,32.0143
1313.00,32.0119
1313.50,32.0170
1314.00,32.0254
1314.50,32.0327
1315.00,32.0363
1315.50,32.0385
1316.00,32.0469
1316.50,32.0688
1317.00,32.1032
1317.50,32.1396
1318.00,32.1646
1318.50,32.1715
1319.00,32.1624
1319.50,32.1424
1320.00,32.1135
1320.50,32.0750
1321.00,32.0293
1321.50,31.9864
1322.00,31.9584
1322.50,31.9510
1323.00,31.9595
1323.50,31.9759
1324.00,31.9963
1324.50,32.0220
1325.00,32.0537
1325.50,32.0850
1326.00,32.1057
1326.50,32.1093
1327.00,32.0985
1327.50,32.0824
1328.00,32.0699
1328.50,32.0651
1329.00,32.0661
1329.50,32.0670
1330.00,32.0627
1330.50,32.0527
1331.00,32.0422
1331.50,32.0361
1332.00,32.0347
1332.50,32.0320
1333.00,32.0219
1333.50,32.0025
1334.00,31.9784
1334.50,31.9575
1335.00,31.9471
1335.50,31.9502
1336.00,31.9642
1336.50,31.9835
1337.00,32.0024
1337.50,32.0159
1338.00,32.0200
1338.50,32.0130
1339.00,31.9976
1339.50,31.9821
1340.00,31.9768
1340.50,31.9875
1341.00,32.0111
1341.50,32.0354
1342.00,32.0458
1342.50,32.0343
1343.00,32.0047
1343.50,31.9690
1344.00,31.9388
1344.50,31.9178
1345.00,31.9023
1345.50,31.8878
1346.00,31.8760
1346.50,31.8740
1347.00,31.8868
1347.50,31.9112
1348.00,31.9382
1348.50,31.9603
1349.00,31.9751
1349.50,31.9822
1350.00,31.9788
1350.50,31.9622
1351.00,31.9357
1351.50,31.9111
1352.00,31.9008
1352.50,31.9075
1353.00,31.9230
1353.50,31.9354
1354.00,31.9404
1354.50,31.9418
1355.00,31.9449
1355.50,31.9497
1356.00,31.9516
1356.50,31.9484
1357.00,31.9426
1357.50,31.9386
1358.00,31.9378
1358.50,31.9385
1359.00,31.9388
1359.50,31.9390
1360.00,31.9402
1360.50,31.9418
1361.00,31.9408
1361.50,31.9354
1362.00,31.9279
1362.50,31.9238
1363.00,31.9283
1363.50,31.9430
1364.00,31.9651
1364.50,31.9902
1365.00,32.0138
1365.50,32.0340
1366.00,32.0508
1366.50,32.0667
1367.00,32.0841
1367.50,32.1042
1368.00,32.1245
1368.50,32.1408
1369.00,32.1508
1369.50,32.1584
1370.00,32.1714
1370.50,32.1933
1371.00,32.2156
1371.50,32.2217
1372.00,32.2019
1372.50,32.1645
1373.00,32.1330
1373.50,32.1300
1374.00,32.1618
1374.50,32.2157
1375.00,32.2694
1375.50,32.3044
1376.00,32.3140
1376.50,32.3020
1377.00,32.2768
1377.50,32.2459
1378.00,32.2161
1378.50,32.1943
1379.00,32.1870
1379.50,32.1969
1380.00,32.2203
1380.50,32.2499
1381.00,32.2801
1381.50,32.3104
1382.00,32.3435
1382.50,32.3785
1383.00,32.4069
1383.50,32.4176
1384.00,32.4040
1384.50,32.3695
1385.00,32.3266
1385.50,32.2910
1386.00,32.2748
1386.50,32.2815
1387.00,32.3046
1387.50,32.3322
1388.00,32.3535
1388.50,32.3654
1389.00,32.3744
1389.50,32.3911
1390.00,32.4221
1390.50,32.4633
1391.00,32.5008
1391.50,32.5178
1392.00,32.5053
1392.50,32.4697
1393.00,32.4300
1393.50,32.4055
1394.00,32.4033
1394.50,32.4174
1395.00,32.4395
1395.50,32.4670
1396.00,32.5009
1396.50,32.5401
1397.00,32.5802
1397.50,32.6173
1398.00,32.6499
1398.50,32.6782
1399.00,32.7031
1399.50,32.7273
1400.00,32.7527
1400.50,32.7774
1401.00,32.7941
1401.50,32.7937
1402.00,32.7700
1402.50,32.7221
1403.00,32.6543
1403.50,32.5779
1404.00,32.5089
1404.50,32.4629
1405.00,32.4461
1405.50,32.4536
1406.00,32.4746
1406.50,32.4992
1407.00,32.5203
1407.50,32.5338
1408.00,32.5412
1408.50,32.5495
1409.00,32.5646
1409.50,32.5846
1410.00,32.6015
1410.50,32.6088
1411.00,32.6063
1411.50,32.5971
1412.00,32.5838
1412.50,32.5692
1413.00,32.5582
1413.50,32.5539
1414.00,32.5529
1414.50,32.5457
1415.00,32.5254
1415.50,32.4950
1416.00,32.4644
1416.50,32.4416
1417.00,32.4285
1417.50,32.4222
1418.00,32.4180
1418.50,32.4118
1419.00,32.4047
1419.50,32.4037
1420.00,32.4165
1420.50,32.4421
1421.00,32.4691
1421.50,32.4837
1422.00,32.4800
1422.50,32.4626
1423.00,32.4422
1423.50,32.4288
1424.00,32.4270
1424.50,32.4338
1425.00,32.4397
1425.50,32.4339
1426.00,32.4097
1426.50,32.3668
1427.00,32.3118
1427.50,32.2573
1428.00,32.2174
1428.50,32.2001
1429.00,32.2008
1429.50,32.2066
1430.00,32.2055
1430.50,32.1939
1431.00,32.1762
1431.50,32.1623
1432.00,32.1621
1432.50,32.1803
1433.00,32.2120
1433.50,32.2465
1434.00,32.2737
1434.50,32.2903
1435.00,32.3004
1435.50,32.3125
1436.00,32.3349
1436.50,32.3694
1437.00,32.4067
1437.50,32.4297
1438.00,32.4266
1438.50,32.4026
1439.00,32.3766
1439.50,32.3646
1440.00,32.3652
1440.50,32.3631
1441.00,32.3449
1441.50,32.3117
1442.00,32.2765
1442.50,32.2538
1443.00,32.2504
1443.50,32.2635
1444.00,32.2861
1444.50,32.3101
1445.00,32.3288
1445.50,32.3382
1446.00,32.3389
1446.50,32.3359
1447.00,32.3350
1447.50,32.3388
1448.00,32.3463
1448.50,32.3544
1449.00,32.3601
1449.50,32.3610
1450.00,32.3572
1450.50,32.3516
1451.00,32.3496
1451.50,32.3558
1452.00,32.3709
1452.50,32.3916
1453.00,32.4132
1453.50,32.4305
1454.00,32.4373
1454.50,32.4283
1455.00,32.4039
1455.50,32.3718
1456.00,32.3416
1456.50,32.3171
1457.00,32.2959
1457.50,32.2749
1458.00,32.2557
1458.50,32.2444
1459.00,32.2479
1459.50,32.2695
1460.00,32.3072
1460.50,32.3544
1461.00,32.4026
1461.50,32.4424
1462.00,32.4661
1462.50,32.4698
1463.00,32.4566
1463.50,32.4367
1464.00,32.4222
1464.50,32.4207
1465.00,32.4314
1465.50,32.4473
1466.00,32.4595
1466.50,32.4608
1467.00,32.4486
1467.50,32.4262
1468.00,32.4015
1468.50,32.3807
1469.00,32.3630
1469.50,32.3423
1470.00,32.3152
1470.50,32.2860
1471.00,32.2625
1471.50,32.2487
1472.00,32.2389
1472.50,32.2219
1473.00,32.1899
1473.50,32.1480
1474.00,32.1129
1474.50,32.1005
1475.00,32.1136
1475.50,32.1379
1476.00,32.1540
1476.50,32.1502
1477.00,32.1279
1477.50,32.0968
1478.00,32.0687
1478.50,32.0548
1479.00,32.0645
1479.50,32.1034
1480.00,32.1688
1480.50,32.2464
1481.00,32.3146
1481.50,32.3565
1482.00,32.3701
1482.50,32.3673
1483.00,32.3628
1483.50,32.3624
1484.00,32.3595
1484.50,32.3440
1485.00,32.3134
1485.50,32.2768
1486.00,32.2480
1486.50,32.2340
1487.00,32.2305
1487.50,32.2286
1488.00,32.2243
1488.50,32.2212
1489.00,32.2274
1489.50,32.2506
1490.00,32.2922
1490.50,32.3430
1491.00,32.3857
1491.50,32.4066
1492.00,32.4056
1492.50,32.3946
1493.00,32.3883
1493.50,32.3958
1494.00,32.4196
1494.50,32.4575
1495.00,32.5029
1495.50,32.5457
1496.00,32.5743
1496.50,32.5809
1497.00,32.5663
1497.50,32.5418
1498.00,32.5248
1498.50,32.5302
1499.00,32.5619
1499.50,32.6111
1500.00,32.6599
1500.50,32.6895
1501.00,32.6881
1501.50,32.6554
1502.00,32.6026
1502.50,32.5466
1503.00,32.5029
1503.50,32.4807
1504.00,32.4800
1504.50,32.4937
1505.00,32.5118
1505.50,32.5263
1506.00,32.5337
1506.50,32.5342
1507.00,32.5303
1507.50,32.5248
1508.00,32.5203
1508.50,32.5172
1509.00,32.5129
1509.50,32.5037
1510.00,32.4876
1510.50,32.4657
1511.00,32.4410
1511.50,32.4164
1512.00,32.3949
1512.50,32.3798
1513.00,32.3742
1513.50,32.3788
1514.00,32.3907
1514.50,32.4037
1515.00,32.4117
1515.50,32.4133
1516.00,32.4121
1516.50,32.4135
1517.00,32.4202
1517.50,32.4325
1518.00,32.4508
1518.50,32.4776
1519.00,32.5130
1519.50,32.5496
1520.00,32.5749
1520.50,32.5790
1521.00,32.5607
1521.50,32.5285
1522.00,32.4953
1522.50,32.4747
1523.00,32.4756
1523.50,32.4972
1524.00,32.5284
1524.50,32.5537
1525.00,32.5646
1525.50,32.5647
1526.00,32.5650
1526.50,32.5743
1527.00,32.5942
1527.50,32.6205
1528.00,32.6480
1528.50,32.6715
1529.00,32.6867
1529.50,32.6901
1530.00,32.6797
1530.50,32.6561
1531.00,32.6235
1531.50,32.5917
1532.00,32.5743
1532.50,32.5806
1533.00,32.6089
1533.50,32.6475
1534.00,32.6846
1534.50,32.7171
1535.00,32.7473
1535.50,32.7750
1536.00,32.7925
1536.50,32.7890
1537.00,32.7597
1537.50,32.7103
1538.00,32.6552
1538.50,32.6108
1539.00,32.5890
1539.50,32.5933
1540.00,32.6193
1540.50,32.6560
1541.00,32.6898
1541.50,32.7090
1542.00,32.7102
1542.50,32.7006
1543.00,32.6947
1543.50,32.7043
1544.00,32.7312
1544.50,32.7661
1545.00,32.7949
1545.50,32.8086
1546.00,32.8092
1546.50,32.8090
1547.00,32.8217
1547.50,32.8509
1548.00,32.8855
1548.50,32.9081
1549.00,32.9094
1549.50,32.8952
1550.00,32.8799
1550.50,32.8753
1551.00,32.8824
1551.50,32.8949
1552.00,32.9069
1552.50,32.9169
1553.00,32.9274
1553.50,32.9409
1554.00,32.9583
1554.50,32.9799
1555.00,33.0051
1555.50,33.0313
1556.00,33.0530
1556.50,33.0628
1557.00,33.0556
1557.50,33.0319
1558.00,32.9989
1558.50,32.9667
1559.00,32.9425
1559.50,32.9281
1560.00,32.9214
1560.50,32.9197
1561.00,32.9210
1561.50,32.9240
1562.00,32.9272
1562.50,32.9283
1563.00,32.9249
1563.50,32.9160
1564.00,32.9029
1564.50,32.8900
1565.00,32.8847
1565.50,32.8930
1566.00,32.9136
1566.50,32.9353
1567.00,32.9437
1567.50,32.9313
1568.00,32.9028
1568.50,32.8698
1569.00,32.8422
1569.50,32.8250
1570.00,32.8184
1570.50,32.8198
1571.00,32.8241
1571.50,32.8254
1572.00,32.8189
1572.50,32.8027
1573.00,32.7790
1573.50,32.7516
1574.00,32.7241
1574.50,32.6992
1575.00,32.6794
1575.50,32.6670
1576.00,32.6617
1576.50,32.6587
1577.00,32.6500
1577.50,32.6298
1578.00,32.5995
1578.50,32.5689
1579.00,32.5496
1579.50,32.5474
1580.00,32.5592
1580.50,32.5749
1581.00,32.5839
1581.50,32.5811
1582.00,32.5683
1582.50,32.5522
1583.00,32.5408
1583.50,32.5396
1584.00,32.5468
1584.50,32.5545
1585.00,32.5535
1585.50,32.5401
1586.00,32.5169
1586.50,32.4906
1587.00,32.4682
1587.50,32.4548
1588.00,32.4497
1588.50,32.4463
1589.00,32.4357
1589.50,32.4152
1590.00,32.3904
1590.50,32.3687
1591.00,32.3517
1591.50,32.3345
1592.00,32.3140
1592.50,32.2948
1593.00,32.2870
1593.50,32.2956
1594.00,32.3170
1594.50,32.3440
1595.00,32.3724
1595.50,32.4014
1596.00,32.4297
1596.50,32.4547
1597.00,32.4773
1597.50,32.5038
1598.00,32.5433
1598.50,32.6028
1599.00,32.6846
1599.50,32.7871
1600.00,32.9077
1600.50,33.0442
1601.00,33.1967
1601.50,33.3647
1602.00,33.5427
1602.50,33.7189
1603.00,33.8811
1603.50,34.0244
1604.00,34.1522
1604.50,34.2706
1605.00,34.3823
1605.50,34.4847
1606.00,34.5729
1606.50,34.6426
1607.00,34.6923
1607.50,34.7216
1608.00,34.7305
1608.50,34.7204
1609.00,34.6976
1609.50,34.6727
1610.00,34.6558
1610.50,34.6512
1611.00,34.6564
1611.50,34.6671
1612.00,34.6827
1612.50,34.7051
1613.00,34.7326
1613.50,34.7562
1614.00,34.7649
1614.50,34.7556
1615.00,34.7368
1615.50,34.7232
1616.00,34.7240
1616.50,34.7357
1617.00,34.7452
1617.50,34.7414
1618.00,34.7234
1618.50,34.6978
1619.00,34.6696
1619.50,34.6370
1620.00,34.5974
1620.50,34.5545
1621.00,34.5201
1621.50,34.5073
1622.00,34.5218
1622.50,34.5554
1623.00,34.5891
1623.50,34.6028
1624.00,34.5880
1624.50,34.5532
1625.00,34.5162
1625.50,34.4899
1626.00,34.4734
1626.50,34.4548
1627.00,34.4237
1627.50,34.3813
1628.00,34.3385
1628.50,34.3075
1629.00,34.2919
1629.50,34.2857
1630.00,34.2791
1630.50,34.2661
1631.00,34.2476
1631.50,34.2289
1632.00,34.2166
1632.50,34.2151
1633.00,34.2263
1633.50,34.2498
1634.00,34.2836
1634.50,34.3235
1635.00,34.3605
1635.50,34.3822
1636.00,34.3794
1636.50,34.3551
1637.00,34.3240
1637.50,34.3045
1638.00,34.3072
1638.50,34.3292
1639.00,34.3576
1639.50,34.3778
1640.00,34.3818
1640.50,34.3713
1641.00,34.3554
1641.50,34.3429
1642.00,34.3383
1642.50,34.3414
1643.00,34.3502
1643.50,34.3631
1644.00,34.3794
1644.50,34.3985
1645.00,34.4180
1645.50,34.4320
1646.00,34.4336
1646.50,34.4173
1647.00,34.3832
1647.50,34.3384
1648.00,34.2943
1648.50,34.2622
1649.00,34.2482
1649.50,34.2514
1650.00,34.2655
1650.50,34.2821
1651.00,34.2956
1651.50,34.3065
1652.00,34.3198
1652.50,34.3381
1653.00,34.3567
1653.50,34.3680
1654.00,34.3702
1654.50,34.3701
1655.00,34.3772
1655.50,34.3945
1656.00,34.4164
1656.50,34.4334
1657.00,34.4398
1657.50,34.4352
1658.00,34.4236
1658.50,34.4108
1659.00,34.4041
1659.50,34.4112
1660.00,34.4340
1660.50,34.4643
1661.00,34.4858
1661.50,34.4858
1662.00,34.4636
1662.50,34.4293
1663.00,34.3950
1663.50,34.3673
1664.00,34.3486
1664.50,34.3419
1665.00,34.3526
1665.50,34.3840
1666.00,34.4314
1666.50,34.4814
1667.00,34.5179
1667.50,34.5304
1668.00,34.5175
1668.50,34.4874
1669.00,34.4547
1669.50,34.4349
1670.00,34.4362
1670.50,34.4538
1671.00,34.4738
1671.50,34.4839
1672.00,34.4824
1672.50,34.4768
1673.00,34.4740
1673.50,34.4736
1674.00,34.4703
1674.50,34.4614
1675.00,34.4497
1675.50,34.4393
1676.00,34.4322
1676.50,34.4288
1677.00,34.4324
1677.50,34.4474
1678.00,34.4748
1678.50,34.5067
1679.00,34.5290
1679.50,34.5306
1680.00,34.5119
1680.50,34.4840
1681.00,34.4586
1681.50,34.4399
1682.00,34.4257
1682.50,34.4158
1683.00,34.4164
1683.50,34.4338
1684.00,34.4640
1684.50,34.4919
1685.00,34.5015
1685.50,34.4904
1686.00,34.4725
1686.50,34.4670
1687.00,34.4818
1687.50,34.5072
1688.00,34.5237
1688.50,34.5167
1689.00,34.4865
1689.50,34.4481
1690.00,34.4234
1690.50,34.4285
1691.00,34.4637
1691.50,34.5139
1692.00,34.5599
1692.50,34.5906
1693.00,34.6056
1693.50,34.6089
1694.00,34.6011
1694.50,34.5796
1695.00,34.5424
1695.50,34.4922
1696.00,34.4376
1696.50,34.3905
1697.00,34.3593
1697.50,34.3428
1698.00,34.3319
1698.50,34.3184
1699.00,34.3022
1699.50,34.2895
1700.00,34.2853
1700.50,34.2887
1701.00,34.2946
1701.50,34.3005
1702.00,34.3111
1702.50,34.3345
1703.00,34.3714
1703.50,34.4115
1704.00,34.4397
1704.50,34.4491
1705.00,34.4447
1705.50,34.4360
1706.00,34.4270
1706.50,34.4141
1707.00,34.3912
1707.50,34.3565
1708.00,34.3143
1708.50,34.2724
1709.00,34.2386
1709.50,34.2177
1710.00,34.2110
1710.50,34.2180
1711.00,34.2373
1711.50,34.2648
1712.00,34.2932
1712.50,34.3150
1713.00,34.3274
1713.50,34.3345
1714.00,34.3443
1714.50,34.3635
1715.00,34.3935
1715.50,34.4299
1716.00,34.4637
1716.50,34.4850
1717.00,34.4862
1717.50,34.4654
1718.00,34.4273
1718.50,34.3814
1719.00,34.3380
1719.50,34.3049
1720.00,34.2870
1720.50,34.2851
1721.00,34.2947
1721.50,34.3061
1722.00,34.3089
1722.50,34.2978
1723.00,34.2773
1723.50,34.2587
1724.00,34.2516
1724.50,34.2579
1725.00,34.2703
1725.50,34.2783
1726.00,34.2765
1726.50,34.2685
1727.00,34.2648
1727.50,34.2738
1728.00,34.2956
1728.50,34.3232
1729.00,34.3477
1729.50,34.3630
1730.00,34.3666
1730.50,34.3586
1731.00,34.3429
1731.50,34.3267
1732.00,34.3190
1732.50,34.3238
1733.00,34.3357
1733.50,34.3428
1734.00,34.3374
1734.50,34.3246
1735.00,34.3167
1735.50,34.3213
1736.00,34.3331
1736.50,34.3390
1737.00,34.3301
1737.50,34.3072
1738.00,34.2791
1738.50,34.2551
1739.00,34.2406
1739.50,34.2357
1740.00,34.2368
1740.50,34.2399
1741.00,34.2427
1741.50,34.2443
1742.00,34.2426
1742.50,34.2341
1743.00,34.2170
1743.50,34.1961
1744.00,34.1817
1744.50,34.1825
1745.00,34.1984
1745.50,34.2213
1746.00,34.2429
1746.50,34.2611
1747.00,34.2769
1747.50,34.2877
1748.00,34.2871
1748.50,34.2735
1749.00,34.2557
1749.50,34.2468
1750.00,34.2533
1750.50,34.2707
1751.00,34.2886
1751.50,34.2981
1752.00,34.2946
1752.50,34.2770
1753.00,34.2470
1753.50,34.2094
1754.00,34.1715
1754.50,34.1418
1755.00,34.1258
1755.50,34.1240
1756.00,34.1327
1756.50,34.1476
1757.00,34.1665
1757.50,34.1879
1758.00,34.2069
1758.50,34.2140
1759.00,34.1979
1759.50,34.1536
1760.00,34.0880
1760.50,34.0181
1761.00,33.9632
1761.50,33.9363
1762.00,33.9385
1762.50,33.9588
1763.00,33.9793
1763.50,33.9858
1764.00,33.9773
1764.50,33.9647
1765.00,33.9597
1765.50,33.9651
1766.00,33.9780
1766.50,33.9969
1767.00,34.0240
1767.50,34.0589
1768.00,34.0945
1768.50,34.1213
1769.00,34.1328
1769.50,34.1271
1770.00,34.1056
1770.50,34.0739
1771.00,34.0422
1771.50,34.0232
1772.00,34.0248
1772.50,34.0447
1773.00,34.0714
1773.50,34.0927
1774.00,34.1048
1774.50,34.1141
1775.00,34.1295
1775.50,34.1531
1776.00,34.1756
1776.50,34.1829
1777.00,34.1670
1777.50,34.1315
1778.00,34.0885
1778.50,34.0499
1779.00,34.0191
1779.50,33.9913
1780.00,33.9612
1780.50,33.9312
1781.00,33.9122
1781.50,33.9143
1782.00,33.9366
1782.50,33.9663
1783.00,33.9903
1783.50,34.0049
1784.00,34.0149
1784.50,34.0244
1785.00,34.0303
1785.50,34.0254
1786.00,34.0050
1786.50,33.9694
1787.00,33.9239
1787.50,33.8774
1788.00,33.8412
1788.50,33.8245
1789.00,33.8273
1789.50,33.8400
1790.00,33.8511
1790.50,33.8573
1791.00,33.8638
1791.50,33.8748
1792.00,33.8853
1792.50,33.8844
1793.00,33.8653
1793.50,33.8325
1794.00,33.8005
1794.50,33.7834
1795.00,33.7842
1795.50,33.7929
1796.00,33.7956
1796.50,33.7872
1797.00,33.7752
1797.50,33.7702
1798.00,33.7750
1798.50,33.7817
1799.00,33.7792
1799.50,33.7626
1800.00,33.7348
1800.50,33.7030
1801.00,33.6748
1801.50,33.6549
1802.00,33.6427
1802.50,33.6332
1803.00,33.6206
1803.50,33.6033
1804.00,33.5856
1804.50,33.5725
1805.00,33.5633
1805.50,33.5521
1806.00,33.5361
1806.50,33.5202
1807.00,33.5103
1807.50,33.5032
1808.00,33.4863
1808.50,33.4509
1809.00,33.4036
1809.50,33.3640
1810.00,33.3505
1810.50,33.3685
1811.00,33.4100
1811.50,33.4608
1812.00,33.5089
1812.50,33.5479
1813.00,33.5764
1813.50,33.5942
1814.00,33.5996
1814.50,33.5904
1815.00,33.5677
1815.50,33.5377
1816.00,33.5091
1816.50,33.4878
1817.00,33.4767
1817.50,33.4782
1818.00,33.4946
1818.50,33.5232
1819.00,33.5527
1819.50,33.5679
1820.00,33.5599
1820.50,33.5307
1821.00,33.4898
1821.50,33.4479
1822.00,33.4147
1822.50,33.3991
1823.00,33.4062
1823.50,33.4346
1824.00,33.4777
1824.50,33.5301
1825.00,33.5903
1825.50,33.6566
1826.00,33.7222
1826.50,33.7766
1827.00,33.8121
1827.50,33.8271
1828.00,33.8227
1828.50,33.8001
1829.00,33.7635
1829.50,33.7230
1830.00,33.6939
1830.50,33.6876
1831.00,33.7040
1831.50,33.7293
1832.00,33.7446
1832.50,33.7375
1833.00,33.7099
1833.50,33.6748
1834.00,33.6450
1834.50,33.6254
1835.00,33.6132
1835.50,33.6041
1836.00,33.5965
1836.50,33.5914
1837.00,33.5920
1837.50,33.6023
1838.00,33.6254
1838.50,33.6590
1839.00,33.6941
1839.50,33.7180
1840.00,33.7215
1840.50,33.7045
1841.00,33.6746
1841.50,33.6422
1842.00,33.6179
1842.50,33.6092
1843.00,33.6188
1843.50,33.6430
1844.00,33.6738
1844.50,33.7043
1845.00,33.7314
1845.50,33.7546
1846.00,33.7722
1846.50,33.7809
1847.00,33.7794
1847.50,33.7716
1848.00,33.7666
1848.50,33.7718
1849.00,33.7884
1849.50,33.8118
1850.00,33.8347
1850.50,33.8500
1851.00,33.8503
1851.50,33.8310
1852.00,33.7932
1852.50,33.7448
1853.00,33.6965
1853.50,33.6565
1854.00,33.6271
1854.50,33.6056
1855.00,33.5882
1855.50,33.5745
1856.00,33.5657
1856.50,33.5618
1857.00,33.5612
1857.50,33.5637
1858.00,33.5720
1858.50,33.5882
1859.00,33.6090
1859.50,33.6250
1860.00,33.6248
1860.50,33.6020
1861.00,33.5602
1861.50,33.5128
1862.00,33.4773
1862.50,33.4654
1863.00,33.4765
1863.50,33.4988
1864.00,33.5195
1864.50,33.5347
1865.00,33.5502
1865.50,33.5716
1866.00,33.5978
1866.50,33.6207
1867.00,33.6318
1867.50,33.6254
1868.00,33.6013
1868.50,33.5649
1869.00,33.5277
1869.50,33.5048
1870.00,33.5076
1870.50,33.5363
1871.00,33.5786
1871.50,33.6162
1872.00,33.6359
1872.50,33.6365
1873.00,33.6264
1873.50,33.6158
1874.00,33.6110
1874.50,33.6123
1875.00,33.6136
1875.50,33.6061
1876.00,33.5841
1876.50,33.5513
1877.00,33.5186
1877.50,33.4962
1878.00,33.4876
1878.50,33.4886
1879.00,33.4917
1879.50,33.4921
1880.00,33.4889
1880.50,33.4845
1881.00,33.4808
1881.50,33.4770
1882.00,33.4703
1882.50,33.4566
1883.00,33.4343
1883.50,33.4055
1884.00,33.3763
1884.50,33.3537
1885.00,33.3436
1885.50,33.3475
1886.00,33.3601
1886.50,33.3707
1887.00,33.3708
1887.50,33.3620
1888.00,33.3550
1888.50,33.3599
1889.00,33.3772
1889.50,33.3993
1890.00,33.4174
1890.50,33.4255
1891.00,33.4198
1891.50,33.3977
1892.00,33.3613
1892.50,33.3190
1893.00,33.2822
1893.50,33.2604
1894.00,33.2573
1894.50,33.2718
1895.00,33.2997
1895.50,33.3366
1896.00,33.3777
1896.50,33.4181
1897.00,33.4506
1897.50,33.4666
1898.00,33.4602
1898.50,33.4355
1899.00,33.4066
1899.50,33.3893
1900.00,33.3893
1900.50,33.3990
1901.00,33.4050
1901.50,33.3988
1902.00,33.3804
1902.50,33.3542
1903.00,33.3257
1903.50,33.3004
1904.00,33.2836
1904.50,33.2775
1905.00,33.2784
1905.50,33.2787
1906.00,33.2724
1906.50,33.2593
1907.00,33.2440
1907.50,33.2323
1908.00,33.2277
1908.50,33.2286
1909.00,33.2288
1909.50,33.2211
1910.00,33.2011
1910.50,33.1701
1911.00,33.1355
1911.50,33.1070
1912.00,33.0932
1912.50,33.0981
1913.00,33.1200
1913.50,33.1537
1914.00,33.1924
1914.50,33.2274
1915.00,33.2492
1915.50,33.2525
1916.00,33.2417
1916.50,33.2298
1917.00,33.2288
1917.50,33.2416
1918.00,33.2620
1918.50,33.2821
1919.00,33.3014
1919.50,33.3265
1920.00,33.3627
1920.50,33.4053
1921.00,33.4429
1921.50,33.4669
1922.00,33.4773
1922.50,33.4812
1923.00,33.4871
1923.50,33.5012
1924.00,33.5250
1924.50,33.5549
1925.00,33.5826
1925.50,33.5989
1926.00,33.5996
1926.50,33.5887
1927.00,33.5764
1927.50,33.5726
1928.00,33.5810
1928.50,33.5987
1929.00,33.6201
1929.50,33.6387
1930.00,33.6475
1930.50,33.6411
1931.00,33.6200
1931.50,33.5930
1932.00,33.5729
1932.50,33.5679
1933.00,33.5789
1933.50,33.6019
1934.00,33.6337
1934.50,33.6721
1935.00,33.7132
1935.50,33.7500
1936.00,33.7754
1936.50,33.7853
1937.00,33.7800
1937.50,33.7616
1938.00,33.7346
1938.50,33.7058
1939.00,33.6831
1939.50,33.6707
1940.00,33.6662
1940.50,33.6621
1941.00,33.6517
1941.50,33.6328
1942.00,33.6089
1942.50,33.5877
1943.00,33.5779
1943.50,33.5852
1944.00,33.6076
1944.50,33.6367
1945.00,33.6619
1945.50,33.6765
1946.00,33.6791
1946.50,33.6718
1947.00,33.6592
1947.50,33.6478
1948.00,33.6430
1948.50,33.6445
1949.00,33.6449
1949.50,33.6352
1950.00,33.6119
1950.50,33.5783
1951.00,33.5383
1951.50,33.4932
1952.00,33.4435
1952.50,33.3954
1953.00,33.3617
1953.50,33.3552
1954.00,33.3787
1954.50,33.4216
1955.00,33.4658
1955.50,33.4974
1956.00,33.5149
1956.50,33.5264
1957.00,33.5389
1957.50,33.5512
1958.00,33.5553
1958.50,33.5452
1959.00,33.5231
1959.50,33.4993
1960.00,33.4851
1960.50,33.4853
1961.00,33.4944
1961.50,33.5009
1962.00,33.4950
1962.50,33.4763
1963.00,33.4513
1963.50,33.4268
1964.00,33.4044
1964.50,33.3832
1965.00,33.3647
1965.50,33.3534
1966.00,33.3528
1966.50,33.3622
1967.00,33.3750
1967.50,33.3803
1968.00,33.3664
1968.50,33.3280
1969.00,33.2709
1969.50,33.2094
1970.00,33.1586
1970.50,33.1268
1971.00,33.1128
1971.50,33.1090
1972.00,33.1066
1972.50,33.1002
1973.00,33.0896
1973.50,33.0798
1974.00,33.0780
1974.50,33.0897
1975.00,33.1132
1975.50,33.1381
1976.00,33.1512
1976.50,33.1470
1977.00,33.1351
1977.50,33.1359
1978.00,33.1656
1978.50,33.2228
1979.00,33.2891
1979.50,33.3421
1980.00,33.3691
1980.50,33.3728
1981.00,33.3671
1981.50,33.3678
1982.00,33.3860
1982.50,33.4250
1983.00,33.4813
1983.50,33.5451
1984.00,33.6030
1984.50,33.6425
1985.00,33.6563
1985.50,33.6444
1986.00,33.6142
1986.50,33.5781
1987.00,33.5511
1987.50,33.5459
1988.00,33.5668
1988.50,33.6066
1989.00,33.6523
1989.50,33.6942
1990.00,33.7301
1990.50,33.7599
1991.00,33.7809
1991.50,33.7894
1992.00,33.7873
1992.50,33.7833
1993.00,33.7863
1993.50,33.7989
1994.00,33.8172
1994.50,33.8336
1995.00,33.8421
1995.50,33.8412
1996.00,33.8371
1996.50,33.8415
1997.00,33.8632
1997.50,33.9014
1998.00,33.9453
1998.50,33.9822
1999.00,34.0054
1999.50,34.0168
2000.00,34.0228
2000.50,34.0294
2001.00,34.0405
2001.50,34.0562
2002.00,34.0723
2002.50,34.0815
2003.00,34.0783
2003.50,34.0628
2004.00,34.0417
2004.50,34.0246
2005.00,34.0189
2005.50,34.0263
2006.00,34.0398
2006.50,34.0474
2007.00,34.0382
2007.50,34.0096
2008.00,33.9672
2008.50,33.9221
2009.00,33.8862
2009.50,33.8678
2010.00,33.8670
2010.50,33.8735
2011.00,33.8723
2011.50,33.8536
2012.00,33.8195
2012.50,33.7800
2013.00,33.7457
2013.50,33.7216
2014.00,33.7059
2014.50,33.6925
2015.00,33.6782
2015.50,33.6679
2016.00,33.6725
2016.50,33.6986
2017.00,33.7409
2017.50,33.7830
2018.00,33.8058
2018.50,33.7964
2019.00,33.7559
2019.50,33.7010
2020.00,33.6592
2020.50,33.6546
2021.00,33.6926
2021.50,33.7554
2022.00,33.8120
2022.50,33.8401
2023.00,33.8408
2023.50,33.8355
2024.00,33.8464
2024.50,33.8794
2025.00,33.9225
2025.50,33.9592
2026.00,33.9820
2026.50,33.9961
2027.00,34.0138
2027.50,34.0457
2028.00,34.0919
2028.50,34.1413
2029.00,34.1785
2029.50,34.1960
2030.00,34.2001
2030.50,34.2053
2031.00,34.2217
2031.50,34.2481
2032.00,34.2750
2032.50,34.2928
2033.00,34.2968
2033.50,34.2869
2034.00,34.2662
2034.50,34.2408
2035.00,34.2204
2035.50,34.2150
2036.00,34.2280
2036.50,34.2519
2037.00,34.2713
2037.50,34.2764
2038.00,34.2731
2038.50,34.2799
2039.00,34.3099
2039.50,34.3568
2040.00,34.3977
2040.50,34.4109
2041.00,34.3939
2041.50,34.3631
2042.00,34.3391
2042.50,34.3301
2043.00,34.3283
2043.50,34.3204
2044.00,34.3015
2044.50,34.2801
2045.00,34.2721
2045.50,34.2882
2046.00,34.3276
2046.50,34.3785
2047.00,34.4239
2047.50,34.4501
2048.00,34.4525
2048.50,34.4358
2049.00,34.4074
2049.50,34.3722
2050.00,34.3332
2050.50,34.2963
2051.00,34.2717
2051.50,34.2708
2052.00,34.3000
2052.50,34.3567
2053.00,34.4328
2053.50,34.5220
2054.00,34.6220
2054.50,34.7282
2055.00,34.8289
2055.50,34.9104
2056.00,34.9689
2056.50,35.0150
2057.00,35.0647
2057.50,35.1261
2058.00,35.1947
2058.50,35.2585
2059.00,35.3086
2059.50,35.3449
2060.00,35.3742
2060.50,35.4048
2061.00,35.4425
2061.50,35.4900
2062.00,35.5493
2062.50,35.6224
2063.00,35.7094
2063.50,35.8064
2064.00,35.9045
2064.50,35.9962
2065.00,36.0817
2065.50,36.1689
2066.00,36.2631
2066.50,36.3602
2067.00,36.4490
2067.50,36.5239
2068.00,36.5932
2068.50,36.6743
2069.00,36.7812
2069.50,36.9153
2070.00,37.0650
2070.50,37.2143
2071.00,37.3528
2071.50,37.4803
2072.00,37.6036
2072.50,37.7272
2073.00,37.8489
2073.50,37.9628
2074.00,38.0664
2074.50,38.1642
2075.00,38.2656
2075.50,38.3813
2076.00,38.5178
2076.50,38.6746
2077.00,38.8431
2077.50,39.0111
2078.00,39.1690
2078.50,39.3137
2079.00,39.4503
2079.50,39.5872
2080.00,39.7313
2080.50,39.8831
2081.00,40.0373
2081.50,40.1873
2082.00,40.3299
2082.50,40.4672
2083.00,40.6046
2083.50,40.7471
2084.00,40.8986
2084.50,41.0607
2085.00,41.2317
2085.50,41.4034
2086.00,41.5643
2086.50,41.7077
2087.00,41.8358
2087.50,41.9562
2088.00,42.0738
2088.50,42.1893
2089.00,42.3000
2089.50,42.4008
2090.00,42.4819
2090.50,42.5323
2091.00,42.5474
2091.50,42.5353
2092.00,42.5123
2092.50,42.4938
2093.00,42.4843
2093.50,42.4759
2094.00,42.4527
2094.50,42.3982
2095.00,42.3018
2095.50,42.1602
2096.00,41.9772
2096.50,41.7614
2097.00,41.5224
2097.50,41.2661
2098.00,40.9927
2098.50,40.6995
2099.00,40.3840
2099.50,40.0443
2100.00,39.6800
2100.50,39.2918
2101.00,38.8806
2101.50,38.4486
2102.00,38.0010
2102.50,37.5484
2103.00,37.1047
2103.50,36.6827
2104.00,36.2901
2104.50,35.9294
2105.00,35.5992
2105.50,35.2968
2106.00,35.0189
2106.50,34.7626
2107.00,34.5272
2107.50,34.3170
2108.00,34.1392
2108.50,33.9984
2109.00,33.8926
2109.50,33.8138
2110.00,33.7524
2110.50,33.7013
2111.00,33.6561
2111.50,33.6152
2112.00,33.5796
2112.50,33.5544
2113.00,33.5472
2113.50,33.5658
2114.00,33.6135
2114.50,33.6846
2115.00,33.7642
2115.50,33.8340
2116.00,33.8809
2116.50,33.9027
2117.00,33.9082
2117.50,33.9134
2118.00,33.9344
2118.50,33.9787
2119.00,34.0404
2119.50,34.1059
2120.00,34.1653
2120.50,34.2180
2121.00,34.2672
2121.50,34.3114
2122.00,34.3430
2122.50,34.3549
2123.00,34.3483
2123.50,34.3337
2124.00,34.3246
2124.50,34.3279
2125.00,34.3410
2125.50,34.3576
2126.00,34.3753
2126.50,34.3968
2127.00,34.4253
2127.50,34.4609
2128.00,34.5012
2128.50,34.5424
2129.00,34.5783
2129.50,34.6025
2130.00,34.6132
2130.50,34.6158
2131.00,34.6184
2131.50,34.6275
2132.00,34.6461
2132.50,34.6760
2133.00,34.7165
2133.50,34.7621
2134.00,34.8042
2134.50,34.8340
2135.00,34.8477
2135.50,34.8488
2136.00,34.8451
2136.50,34.8425
2137.00,34.8394
2137.50,34.8287
2138.00,34.8055
2138.50,34.7733
2139.00,34.7418
2139.50,34.7198
2140.00,34.7088
2140.50,34.7055
2141.00,34.7094
2141.50,34.7265
2142.00,34.7625
2142.50,34.8139
2143.00,34.8655
2143.50,34.8997
2144.00,34.9088
2144.50,34.8997
2145.00,34.8877
2145.50,34.8856
2146.00,34.8964
2146.50,34.9154
2147.00,34.9376
2147.50,34.9637
2148.00,34.9958
2148.50,35.0315
2149.00,35.0629
2149.50,35.0851
2150.00,35.1015
2150.50,35.1218
2151.00,35.1524
2151.50,35.1903
2152.00,35.2263
2152.50,35.2522
2153.00,35.2652
2153.50,35.2675
2154.00,35.2624
2154.50,35.2533
2155.00,35.2436
2155.50,35.2383
2156.00,35.2425
2156.50,35.2603
2157.00,35.2924
2157.50,35.3341
2158.00,35.3756
2158.50,35.4060
2159.00,35.4175
2159.50,35.4097
2160.00,35.3899
2160.50,35.3705
2161.00,35.3630
2161.50,35.3731
2162.00,35.3975
2162.50,35.4265
2163.00,35.4489
2163.50,35.4558
2164.00,35.4426
2164.50,35.4070
2165.00,35.3501
2165.50,35.2786
2166.00,35.2059
2166.50,35.1474
2167.00,35.1102
2167.50,35.0886
2168.00,35.0696
2168.50,35.0438
2169.00,35.0100
2169.50,34.9704
2170.00,34.9239
2170.50,34.8687
2171.00,34.8071
2171.50,34.7479
2172.00,34.7020
2172.50,34.6760
2173.00,34.6684
2173.50,34.6695
2174.00,34.6660
2174.50,34.6491
2175.00,34.6195
2175.50,34.5852
2176.00,34.5539
2176.50,34.5270
2177.00,34.5002
2177.50,34.4705
2178.00,34.4406
2178.50,34.4174
2179.00,34.4060
2179.50,34.4059
2180.00,34.4118
2180.50,34.4174
2181.00,34.4176
2181.50,34.4089
2182.00,34.3914
2182.50,34.3699
2183.00,34.3501
2183.50,34.3336
2184.00,34.3160
2184.50,34.2927
2185.00,34.2647
2185.50,34.2394
2186.00,34.2247
2186.50,34.2225
2187.00,34.2270
2187.50,34.2278
2188.00,34.2161
2188.50,34.1901
2189.00,34.1563
2189.50,34.1261
2190.00,34.1092
2190.50,34.1080
2191.00,34.1160
2191.50,34.1215
2192.00,34.1151
2192.50,34.0942
2193.00,34.0627
2193.50,34.0272
2194.00,33.9935
2194.50,33.9669
2195.00,33.9526
2195.50,33.9540
2196.00,33.9690
2196.50,33.9887
2197.00,34.0021
2197.50,34.0029
2198.00,33.9922
2198.50,33.9743
2199.00,33.9516
2199.50,33.9239
2200.00,33.8911
2200.50,33.8559
2201.00,33.8233
2201.50,33.7984
2202.00,33.7848
2202.50,33.7838
2203.00,33.7940
2203.50,33.8104
2204.00,33.8258
2204.50,33.8350
2205.00,33.8406
2205.50,33.8516
2206.00,33.8765
2206.50,33.9146
2207.00,33.9560
2207.50,33.9889
2208.00,34.0078
2208.50,34.0158
2209.00,34.0193
2209.50,34.0218
2210.00,34.0217
2210.50,34.0162
2211.00,34.0033
2211.50,33.9826
2212.00,33.9547
2212.50,33.9215
2213.00,33.8889
2213.50,33.8648
2214.00,33.8548
2214.50,33.8584
2215.00,33.8702
2215.50,33.8826
2216.00,33.8894
2216.50,33.8862
2217.00,33.8722
2217.50,33.8522
2218.00,33.8343
2218.50,33.8257
2219.00,33.8285
2219.50,33.8390
2220.00,33.8501
2220.50,33.8554
2221.00,33.8537
2221.50,33.8492
2222.00,33.8461
2222.50,33.8421
2223.00,33.8296
2223.50,33.8040
2224.00,33.7738
2224.50,33.7576
2225.00,33.7708
2225.50,33.8123
2226.00,33.8652
2226.50,33.9102
2227.00,33.9381
2227.50,33.9500
2228.00,33.9507
2228.50,33.9440
2229.00,33.9335
2229.50,33.9244
2230.00,33.9226
2230.50,33.9307
2231.00,33.9477
2231.50,33.9700
2232.00,33.9938
2232.50,34.0169
2233.00,34.0391
2233.50,34.0611
2234.00,34.0839
2234.50,34.1085
2235.00,34.1362
2235.50,34.1679
2236.00,34.2015
2236.50,34.2287
2237.00,34.2376
2237.50,34.2219
2238.00,34.1882
2238.50,34.1537
2239.00,34.1338
2239.50,34.1302
2240.00,34.1307
2240.50,34.1206
2241.00,34.0940
2241.50,34.0573
2242.00,34.0243
2242.50,34.0070
2243.00,34.0092
2243.50,34.0254
2244.00,34.0451
2244.50,34.0591
2245.00,34.0634
2245.50,34.0583
2246.00,34.0466
2246.50,34.0325
2247.00,34.0194
2247.50,34.0085
2248.00,34.0000
2248.50,33.9956
2249.00,33.9985
2249.50,34.0093
2250.00,34.0231
2250.50,34.0312
2251.00,34.0261
2251.50,34.0053
2252.00,33.9736
2252.50,33.9424
2253.00,33.9244
2253.50,33.9258
2254.00,33.9414
2254.50,33.9577
2255.00,33.9650
2255.50,33.9636
2256.00,33.9607
2256.50,33.9608
2257.00,33.9627
2257.50,33.9633
2258.00,33.9611
2258.50,33.9563
2259.00,33.9499
2259.50,33.9432
2260.00,33.9391
2260.50,33.9392
2261.00,33.9422
2261.50,33.9455
2262.00,33.9488
2262.50,33.9566
2263.00,33.9741
2263.50,34.0002
2264.00,34.0236
2264.50,34.0299
2265.00,34.0129
2265.50,33.9812
2266.00,33.9526
2266.50,33.9432
2267.00,33.9587
2267.50,33.9936
2268.00,34.0360
2268.50,34.0740
2269.00,34.1003
2269.50,34.1133
2270.00,34.1153
2270.50,34.1094
2271.00,34.0975
2271.50,34.0810
2272.00,34.0632
2272.50,34.0510
2273.00,34.0510
2273.50,34.0625
2274.00,34.0756
2274.50,34.0795
2275.00,34.0725
2275.50,34.0621
2276.00,34.0575
2276.50,34.0607
2277.00,34.0679
2277.50,34.0756
2278.00,34.0838
2278.50,34.0941
2279.00,34.1074
2279.50,34.1227
2280.00,34.1381
2280.50,34.1513
2281.00,34.1600
2281.50,34.1639
2282.00,34.1662
2282.50,34.1742
2283.00,34.1942
2283.50,34.2240
2284.00,34.2491
2284.50,34.2534
2285.00,34.2340
2285.50,34.2055
2286.00,34.1893
2286.50,34.1976
2287.00,34.2280
2287.50,34.2696
2288.00,34.3119
2288.50,34.3489
2289.00,34.3788
2289.50,34.4007
2290.00,34.4128
2290.50,34.4121
2291.00,34.3978
2291.50,34.3738
2292.00,34.3482
2292.50,34.3287
2293.00,34.3190
2293.50,34.3191
2294.00,34.3276
2294.50,34.3424
2295.00,34.3596
2295.50,34.3729
2296.00,34.3775
2296.50,34.3739
2297.00,34.3660
2297.50,34.3568
2298.00,34.3437
2298.50,34.3215
2299.00,34.2899
2299.50,34.2573
2300.00,34.2345
2300.50,34.2257
2301.00,34.2265
2301.50,34.2304
2302.00,34.2340
2302.50,34.2362
2303.00,34.2347
2303.50,34.2268
2304.00,34.2145
2304.50,34.2038
2305.00,34.1990
2305.50,34.1980
2306.00,34.1959
2306.50,34.1917
2307.00,34.1893
2307.50,34.1906
2308.00,34.1920
2308.50,34.1876
2309.00,34.1782
2309.50,34.1717
2310.00,34.1750
2310.50,34.1874
2311.00,34.2025
2311.50,34.2137
2312.00,34.2184
2312.50,34.2167
2313.00,34.2097
2313.50,34.2000
2314.00,34.1923
2314.50,34.1904
2315.00,34.1930
2315.50,34.1922
2316.00,34.1790
2316.50,34.1513
2317.00,34.1194
2317.50,34.1019
2318.00,34.1143
2318.50,34.1558
2319.00,34.2084
2319.50,34.2476
2320.00,34.2585
2320.50,34.2455
2321.00,34.2285
2321.50,34.2292
2322.00,34.2571
2322.50,34.3042
2323.00,34.3524
2323.50,34.3844
2324.00,34.3902
2324.50,34.3670
2325.00,34.3196
2325.50,34.2615
2326.00,34.2107
2326.50,34.1774
2327.00,34.1564
2327.50,34.1337
2328.00,34.1026
2328.50,34.0718
2329.00,34.0578
2329.50,34.0693
2330.00,34.0989
2330.50,34.1271
2331.00,34.1337
2331.50,34.1103
2332.00,34.0655
2332.50,34.0225
2333.00,34.0064
2333.50,34.0292
2334.00,34.0833
2334.50,34.1479
2335.00,34.2045
2335.50,34.2475
2336.00,34.2820
2336.50,34.3121
2337.00,34.3346
2337.50,34.3414
2338.00,34.3284
2338.50,34.3006
2339.00,34.2697
2339.50,34.2486
2340.00,34.2430
2340.50,34.2479
2341.00,34.2504
2341.50,34.2407
2342.00,34.2214
2342.50,34.2041
2343.00,34.1960
2343.50,34.1940
2344.00,34.1914
2344.50,34.1880
2345.00,34.1901
2345.50,34.2010
2346.00,34.2158
2346.50,34.2261
2347.00,34.2282
2347.50,34.2246
2348.00,34.2208
2348.50,34.2225
2349.00,34.2361
2349.50,34.2657
2350.00,34.3061
2350.50,34.3415
2351.00,34.3558
2351.50,34.3451
2352.00,34.3198
2352.50,34.2936
2353.00,34.2732
2353.50,34.2592
2354.00,34.2522
2354.50,34.2563
2355.00,34.2733
2355.50,34.2968
2356.00,34.3132
2356.50,34.3111
2357.00,34.2904
2357.50,34.2631
2358.00,34.2464
2358.50,34.2531
2359.00,34.2855
2359.50,34.3353
2360.00,34.3886
2360.50,34.4340
2361.00,34.4671
2361.50,34.4903
2362.00,34.5086
2362.50,34.5278
2363.00,34.5533
2363.50,34.5893
2364.00,34.6354
2364.50,34.6851
2365.00,34.7285
2365.50,34.7580
2366.00,34.7744
2366.50,34.7866
2367.00,34.8081
2367.50,34.8490
2368.00,34.9097
2368.50,34.9792
2369.00,35.0443
2369.50,35.1022
2370.00,35.1668
2370.50,35.2599
2371.00,35.3935
2371.50,35.5600
2372.00,35.7362
2372.50,35.8980
2373.00,36.0337
2373.50,36.1487
2374.00,36.2605
2374.50,36.3892
2375.00,36.5466
2375.50,36.7303
2376.00,36.9259
2376.50,37.1156
2377.00,37.2889
2377.50,37.4465
2378.00,37.5979
2378.50,37.7541
2379.00,37.9225
2379.50,38.1056
2380.00,38.3032
2380.50,38.5148
2381.00,38.7406
2381.50,38.9793
2382.00,39.2265
2382.50,39.4752
2383.00,39.7200
2383.50,39.9626
2384.00,40.2114
2384.50,40.4729
2385.00,40.7452
2385.50,41.0204
2386.00,41.2940
2386.50,41.5676
2387.00,41.8436
2387.50,42.1178
2388.00,42.3804
2388.50,42.6231
2389.00,42.8476
2389.50,43.0651
2390.00,43.2916
2390.50,43.5405
2391.00,43.8183
2391.50,44.1222
2392.00,44.4399
2392.50,44.7531
2393.00,45.0464
2393.50,45.3141
2394.00,45.5623
2394.50,45.8015
2395.00,46.0402
2395.50,46.2845
2396.00,46.5422
2396.50,46.8227
2397.00,47.1313
2397.50,47.4631
2398.00,47.8055
2398.50,48.1449
2399.00,48.4736
2399.50,48.7902
2400.00,49.0963
2400.50,49.3933
2401.00,49.6820
2401.50,49.9631
2402.00,50.2376
2402.50,50.5081
2403.00,50.7777
2403.50,51.0490
2404.00,51.3230
2404.50,51.6026
2405.00,51.8947
2405.50,52.2056
2406.00,52.5318
2406.50,52.8598
2407.00,53.1776
2407.50,53.4845
2408.00,53.7894
2408.50,54.1005
2409.00,54.4190
2409.50,54.7404
2410.00,55.0613
2410.50,55.3815
2411.00,55.7049
2411.50,56.0361
2412.00,56.3782
2412.50,56.7285
2413.00,57.0773
2413.50,57.4136
2414.00,57.7336
2414.50,58.0442
2415.00,58.3570
2415.50,58.6781
2416.00,59.0037
2416.50,59.3251
2417.00,59.6373
2417.50,59.9426
2418.00,60.2486
2418.50,60.5636
2419.00,60.8923
2419.50,61.2334
2420.00,61.5792
2420.50,61.9185
2421.00,62.2417
2421.50,62.5438
2422.00,62.8249
2422.50,63.0895
2423.00,63.3484
2423.50,63.6169
2424.00,63.9095
2424.50,64.2291
2425.00,64.5643
2425.50,64.8947
2426.00,65.2034
2426.50,65.4865
2427.00,65.7557
2427.50,66.0308
2428.00,66.3288
2428.50,66.6554
2429.00,67.0037
2429.50,67.3608
2430.00,67.7158
2430.50,68.0624
2431.00,68.3945
2431.50,68.7043
2432.00,68.9865
2432.50,69.2439
2433.00,69.4866
2433.50,69.7264
2434.00,69.9726
2434.50,70.2328
2435.00,70.5127
2435.50,70.8143
2436.00,71.1354
2436.50,71.4729
2437.00,71.8239
2437.50,72.1854
2438.00,72.5522
2438.50,72.9171
2439.00,73.2743
2439.50,73.6201
2440.00,73.9535
2440.50,74.2737
2441.00,74.5790
2441.50,74.8678
2442.00,75.1396
2442.50,75.3980
2443.00,75.6512
2443.50,75.9087
2444.00,76.1766
2444.50,76.4548
2445.00,76.7361
2445.50,77.0069
2446.00,77.2465
2446.50,77.4302
2447.00,77.5329
2447.50,77.5341
2448.00,77.4186
2448.50,77.1756
2449.00,76.7968
2449.50,76.2737
2450.00,75.5949
2450.50,74.7461
2451.00,73.7137
2451.50,72.4900
2452.00,71.0752
2452.50,69.4735
2453.00,67.6928
2453.50,65.7461
2454.00,63.6565
2454.50,61.4576
2455.00,59.1895
2455.50,56.8957
2456.00,54.6217
2456.50,52.4126
2457.00,50.3069
2457.50,48.3297
2458.00,46.4916
2458.50,44.7932
2459.00,43.2349
2459.50,41.8209
2460.00,40.5585
2460.50,39.4538
2461.00,38.5082
2461.50,37.7169
2462.00,37.0687
2462.50,36.5471
2463.00,36.1324
2463.50,35.8045
2464.00,35.5457
2464.50,35.3428
2465.00,35.1887
2465.50,35.0790
2466.00,35.0081
2466.50,34.9649
2467.00,34.9352
2467.50,34.9064
2468.00,34.8718
2468.50,34.8301
2469.00,34.7850
2469.50,34.7427
2470.00,34.7083
2470.50,34.6837
2471.00,34.6661
2471.50,34.6504
2472.00,34.6321
2472.50,34.6113
2473.00,34.5931
2473.50,34.5846
2474.00,34.5912
2474.50,34.6154
2475.00,34.6547
2475.50,34.7022
2476.00,34.7480
2476.50,34.7831
2477.00,34.8038
2477.50,34.8111
2478.00,34.8090
2478.50,34.8023
2479.00,34.7958
2479.50,34.7923
2480.00,34.7932
2480.50,34.8009
2481.00,34.8190
2481.50,34.8489
2482.00,34.8864
2482.50,34.9232
2483.00,34.9512
2483.50,34.9650
2484.00,34.9619
2484.50,34.9442
2485.00,34.9183
2485.50,34.8912
2486.00,34.8660
2486.50,34.8429
2487.00,34.8246
2487.50,34.8186
2488.00,34.8336
2488.50,34.8721
2489.00,34.9243
2489.50,34.9688
2490.00,34.9836
2490.50,34.9630
2491.00,34.9225
2491.50,34.8873
2492.00,34.8739
2492.50,34.8816
2493.00,34.8975
2493.50,34.9067
2494.00,34.9003
2494.50,34.8794
2495.00,34.8529
2495.50,34.8307
2496.00,34.8167
2496.50,34.8087
2497.00,34.8038
2497.50,34.8043
2498.00,34.8162
2498.50,34.8416
2499.00,34.8734
2499.50,34.8965
2500.00,34.8968
2500.50,34.8685
2501.00,34.8168
2501.50,34.7548
2502.00,34.6995
2502.50,34.6677
2503.00,34.6704
2503.50,34.7066
2504.00,34.7598
2504.50,34.8071
2505.00,34.8335
2505.50,34.8407
2506.00,34.8427
2506.50,34.8524
2507.00,34.8717
2507.50,34.8908
2508.00,34.8968
2508.50,34.8833
2509.00,34.8542
2509.50,34.8185
2510.00,34.7831
2510.50,34.7512
2511.00,34.7265
2511.50,34.7161
2512.00,34.7262
2512.50,34.7563
2513.00,34.7970
2513.50,34.8358
2514.00,34.8630
2514.50,34.8736
2515.00,34.8659
2515.50,34.8421
2516.00,34.8075
2516.50,34.7691
2517.00,34.7325
2517.50,34.7006
2518.00,34.6759
2518.50,34.6608
2519.00,34.6581
2519.50,34.6698
2520.00,34.6950
2520.50,34.7283
2521.00,34.7587
2521.50,34.7735
2522.00,34.7647
2522.50,34.7359
2523.00,34.7029
2523.50,34.6854
2524.00,34.6950
2524.50,34.7274
2525.00,34.7636
2525.50,34.7819
2526.00,34.7727
2526.50,34.7443
2527.00,34.7157
2527.50,34.7023
2528.00,34.7060
2528.50,34.7179
2529.00,34.7278
2529.50,34.7337
2530.00,34.7421
2530.50,34.7619
2531.00,34.7965
2531.50,34.8406
2532.00,34.8833
2532.50,34.9138
2533.00,34.9256
2533.50,34.9198
2534.00,34.9039
2534.50,34.8878
2535.00,34.8784
2535.50,34.8764
2536.00,34.8804
2536.50,34.8897
2537.00,34.9051
2537.50,34.9242
2538.00,34.9424
2538.50,34.9558
2539.00,34.9631
2539.50,34.9629
2540.00,34.9531
2540.50,34.9342
2541.00,34.9131
2541.50,34.9002
2542.00,34.9011
2542.50,34.9104
2543.00,34.9147
2543.50,34.9055
2544.00,34.8891
2544.50,34.8824
2545.00,34.8964
2545.50,34.9262
2546.00,34.9557
2546.50,34.9707
2547.00,34.9682
2547.50,34.9555
2548.00,34.9425
2548.50,34.9331
2549.00,34.9239
2549.50,34.9093
2550.00,34.8878
2550.50,34.8629
2551.00,34.8387
2551.50,34.8163
2552.00,34.7964
2552.50,34.7849
2553.00,34.7935
2553.50,34.8320
2554.00,34.8970
2554.50,34.9707
2555.00,35.0311
2555.50,35.0653
2556.00,35.0748
2556.50,35.0675
2557.00,35.0494
2557.50,35.0226
2558.00,34.9900
2558.50,34.9590
2559.00,34.9377
2559.50,34.9294
2560.00,34.9299
2560.50,34.9306
2561.00,34.9256
2561.50,34.9152
2562.00,34.9042
2562.50,34.8960
2563.00,34.8893
2563.50,34.8816
2564.00,34.8729
2564.50,34.8652
2565.00,34.8596
2565.50,34.8556
2566.00,34.8546
2566.50,34.8600
2567.00,34.8718
2567.50,34.8843
2568.00,34.8889
2568.50,34.8815
2569.00,34.8655
2569.50,34.8488
2570.00,34.8380
2570.50,34.8364
2571.00,34.8448
2571.50,34.8637
2572.00,34.8925
2572.50,34.9262
2573.00,34.9537
2573.50,34.9623
2574.00,34.9458
2574.50,34.9120
2575.00,34.8788
2575.50,34.8628
2576.00,34.8675
2576.50,34.8832
2577.00,34.8970
2577.50,34.9033
2578.00,34.9052
2578.50,34.9098
2579.00,34.9218
2579.50,34.9404
2580.00,34.9603
2580.50,34.9746
2581.00,34.9790
2581.50,34.9749
2582.00,34.9680
2582.50,34.9631
2583.00,34.9609
2583.50,34.9590
2584.00,34.9551
2584.50,34.9504
2585.00,34.9491
2585.50,34.9548
2586.00,34.9638
2586.50,34.9639
2587.00,34.9438
2587.50,34.9059
2588.00,34.8671
2588.50,34.8434
2589.00,34.8368
2589.50,34.8368
2590.00,34.8342
2590.50,34.8290
2591.00,34.8266
2591.50,34.8307
2592.00,34.8401
2592.50,34.8506
2593.00,34.8573
2593.50,34.8577
2594.00,34.8540
2594.50,34.8522
2595.00,34.8563
2595.50,34.8650
2596.00,34.8734
2596.50,34.8788
2597.00,34.8831
2597.50,34.8906
2598.00,34.9038
2598.50,34.9208
2599.00,34.9370
2599.50,34.9491
2600.00,34.9592
2600.50,34.9748
2601.00,35.0030
2601.50,35.0446
2602.00,35.0914
2602.50,35.1310
2603.00,35.1534
2603.50,35.1558
2604.00,35.1409
2604.50,35.1141
2605.00,35.0786
2605.50,35.0349
2606.00,34.9833
2606.50,34.9277
2607.00,34.8763
2607.50,34.8385
2608.00,34.8191
2608.50,34.8176
2609.00,34.8295
2609.50,34.8489
2610.00,34.8697
2610.50,34.8874
2611.00,34.9011
2611.50,34.9154
2612.00,34.9367
2612.50,34.9678
2613.00,35.0027
2613.50,35.0274
2614.00,35.0294
2614.50,35.0095
2615.00,34.9841
2615.50,34.9745
2616.00,34.9921
2616.50,35.0313
2617.00,35.0735
2617.50,35.1000
2618.00,35.1028
2618.50,35.0865
2619.00,35.0631
2619.50,35.0425
2620.00,35.0280
2620.50,35.0171
2621.00,35.0056
2621.50,34.9899
2622.00,34.9680
2622.50,34.9422
2623.00,34.9195
2623.50,34.9069
2624.00,34.9064
2624.50,34.9131
2625.00,34.9202
2625.50,34.9241
2626.00,34.9245
2626.50,34.9225
2627.00,34.9181
2627.50,34.9118
2628.00,34.9047
2628.50,34.8974
2629.00,34.8886
2629.50,34.8770
2630.00,34.8648
2630.50,34.8589
2631.00,34.8639
2631.50,34.8756
2632.00,34.8831
2632.50,34.8797
2633.00,34.8709
2633.50,34.8685
2634.00,34.8769
2634.50,34.8875
2635.00,34.8870
2635.50,34.8718
2636.00,34.8518
2636.50,34.8420
2637.00,34.8508
2637.50,34.8763
2638.00,34.9105
2638.50,34.9464
2639.00,34.9798
2639.50,35.0080
2640.00,35.0273
2640.50,35.0347
2641.00,35.0302
2641.50,35.0184
2642.00,35.0060
2642.50,34.9982
2643.00,34.9969
2643.50,35.0012
2644.00,35.0090
2644.50,35.0177
2645.00,35.0242
2645.50,35.0258
2646.00,35.0205
2646.50,35.0070
2647.00,34.9858
2647.50,34.9603
2648.00,34.9364
2648.50,34.9191
2649.00,34.9094
2649.50,34.9041
2650.00,34.8992
2650.50,34.8937
2651.00,34.8916
2651.50,34.9009
2652.00,34.9286
2652.50,34.9747
2653.00,35.0296
2653.50,35.0764
2654.00,35.0979
2654.50,35.0854
2655.00,35.0430
2655.50,34.9867
2656.00,34.9367
2656.50,34.9060
2657.00,34.8945
2657.50,34.8904
2658.00,34.8815
2658.50,34.8668
2659.00,34.8567
2659.50,34.8623
2660.00,34.8821
2660.50,34.9023
2661.00,34.9071
2661.50,34.8900
2662.00,34.8570
2662.50,34.8233
2663.00,34.8044
2663.50,34.8085
2664.00,34.8329
2664.50,34.8667
2665.00,34.8967
2665.50,34.9130
2666.00,34.9131
2666.50,34.9018
2667.00,34.8878
2667.50,34.8786
2668.00,34.8766
2668.50,34.8806
2669.00,34.8881
2669.50,34.8985
2670.00,34.9110
2670.50,34.9222
2671.00,34.9260
2671.50,34.9193
2672.00,34.9074
2672.50,34.9036
2673.00,34.9197
2673.50,34.9578
2674.00,35.0090
2674.50,35.0582
2675.00,35.0911
2675.50,35.1002
2676.00,35.0884
2676.50,35.0682
2677.00,35.0537
2677.50,35.0524
2678.00,35.0608
2678.50,35.0681
2679.00,35.0636
2679.50,35.0445
2680.00,35.0174
2680.50,34.9953
2681.00,34.9883
2681.50,34.9977
2682.00,35.0155
2682.50,35.0295
2683.00,35.0306
2683.50,35.0152
2684.00,34.9847
2684.50,34.9422
2685.00,34.8918
2685.50,34.8394
2686.00,34.7921
2686.50,34.7567
2687.00,34.7362
2687.50,34.7300
2688.00,34.7365
2688.50,34.7551
2689.00,34.7851
2689.50,34.8241
2690.00,34.8672
2690.50,34.9078
2691.00,34.9394
2691.50,34.9571
2692.00,34.9605
2692.50,34.9538
2693.00,34.9430
2693.50,34.9337
2694.00,34.9313
2694.50,34.9417
2695.00,34.9685
2695.50,35.0101
2696.00,35.0599
2696.50,35.1074
2697.00,35.1414
2697.50,35.1525
2698.00,35.1371
2698.50,35.0984
2699.00,35.0440
2699.50,34.9818
2700.00,34.9196
2700.50,34.8659
2701.00,34.8294
2701.50,34.8162
2702.00,34.8262
2702.50,34.8536
2703.00,34.8890
2703.50,34.9219
2704.00,34.9435
2704.50,34.9489
2705.00,34.9408
2705.50,34.9293
2706.00,34.9271
2706.50,34.9410
2707.00,34.9674
2707.50,34.9958
2708.00,35.0182
2708.50,35.0342
2709.00,35.0490
2709.50,35.0661
2710.00,35.0833
2710.50,35.0953
2711.00,35.1016
2711.50,35.1096
2712.00,35.1299
2712.50,35.1656
2713.00,35.2069
2713.50,35.2382
2714.00,35.2486
2714.50,35.2378
2715.00,35.2142
2715.50,35.1897
2716.00,35.1760
2716.50,35.1805
2717.00,35.2024
2717.50,35.2314
2718.00,35.2530
2718.50,35.2567
2719.00,35.2411
2719.50,35.2123
2720.00,35.1786
2720.50,35.1473
2721.00,35.1244
2721.50,35.1137
2722.00,35.1155
2722.50,35.1242
2723.00,35.1315
2723.50,35.1329
2724.00,35.1300
2724.50,35.1276
2725.00,35.1289
2725.50,35.1331
2726.00,35.1372
2726.50,35.1395
2727.00,35.1413
2727.50,35.1468
2728.00,35.1582
2728.50,35.1739
2729.00,35.1887
2729.50,35.1974
2730.00,35.1971
2730.50,35.1880
2731.00,35.1733
2731.50,35.1582
2732.00,35.1472
2732.50,35.1428
2733.00,35.1432
2733.50,35.1444
2734.00,35.1437
2734.50,35.1419
2735.00,35.1424
2735.50,35.1452
2736.00,35.1454
2736.50,35.1364
2737.00,35.1149
2737.50,35.0828
2738.00,35.0456
2738.50,35.0116
2739.00,34.9898
2739.50,34.9865
2740.00,35.0013
2740.50,35.0282
2741.00,35.0606
2741.50,35.0958
2742.00,35.1337
2742.50,35.1717
2743.00,35.2029
2743.50,35.2191
2744.00,35.2172
2744.50,35.2020
2745.00,35.1860
2745.50,35.1826
2746.00,35.1989
2746.50,35.2323
2747.00,35.2749
2747.50,35.3194
2748.00,35.3611
2748.50,35.3959
2749.00,35.4181
2749.50,35.4222
2750.00,35.4077
2750.50,35.3819
2751.00,35.3589
2751.50,35.3509
2752.00,35.3606
2752.50,35.3780
2753.00,35.3857
2753.50,35.3694
2754.00,35.3290
2754.50,35.2807
2755.00,35.2471
2755.50,35.2420
2756.00,35.2635
2756.50,35.2970
2757.00,35.3251
2757.50,35.3347
2758.00,35.3193
2758.50,35.2820
2759.00,35.2355
2759.50,35.1979
2760.00,35.1830
2760.50,35.1928
2761.00,35.2173
2761.50,35.2424
2762.00,35.2594
2762.50,35.2689
2763.00,35.2766
2763.50,35.2871
2764.00,35.3011
2764.50,35.3153
2765.00,35.3227
2765.50,35.3143
2766.00,35.2850
2766.50,35.2397
2767.00,35.1935
2767.50,35.1626
2768.00,35.1528
2768.50,35.1567
2769.00,35.1613
2769.50,35.1567
2770.00,35.1400
2770.50,35.1129
2771.00,35.0806
2771.50,35.0516
2772.00,35.0348
2772.50,35.0357
2773.00,35.0526
2773.50,35.0790
2774.00,35.1085
2774.50,35.1380
2775.00,35.1668
2775.50,35.1935
2776.00,35.2159
2776.50,35.2297
2777.00,35.2308
2777.50,35.2175
2778.00,35.1944
2778.50,35.1721
2779.00,35.1624
2779.50,35.1706
2780.00,35.1928
2780.50,35.2206
2781.00,35.2484
2781.50,35.2757
2782.00,35.3016
2782.50,35.3210
2783.00,35.3283
2783.50,35.3228
2784.00,35.3101
2784.50,35.2968
2785.00,35.2860
2785.50,35.2765
2786.00,35.2646
2786.50,35.2480
2787.00,35.2296
2787.50,35.2194
2788.00,35.2291
2788.50,35.2626
2789.00,35.3116
2789.50,35.3591
2790.00,35.3881
2790.50,35.3877
2791.00,35.3568
2791.50,35.3045
2792.00,35.2473
2792.50,35.2011
2793.00,35.1750
2793.50,35.1698
2794.00,35.1808
2794.50,35.2002
2795.00,35.2189
2795.50,35.2314
2796.00,35.2383
2796.50,35.2449
2797.00,35.2539
2797.50,35.2633
2798.00,35.2699
2798.50,35.2759
2799.00,35.2881
2799.50,35.3111
2800.00,35.3406
2800.50,35.3666
2801.00,35.3813
2801.50,35.3842
2802.00,35.3811
2802.50,35.3777
2803.00,35.3757
2803.50,35.3734
2804.00,35.3697
2804.50,35.3668
2805.00,35.3687
2805.50,35.3788
2806.00,35.3977
2806.50,35.4240
2807.00,35.4545
2807.50,35.4836
2808.00,35.5036
2808.50,35.5082
2809.00,35.4966
2809.50,35.4719
2810.00,35.4364
2810.50,35.3902
2811.00,35.3367
2811.50,35.2870
2812.00,35.2570
2812.50,35.2561
2813.00,35.2787
2813.50,35.3086
2814.00,35.3304
2814.50,35.3385
2815.00,35.3353
2815.50,35.3244
2816.00,35.3063
2816.50,35.2813
2817.00,35.2540
2817.50,35.2345
2818.00,35.2338
2818.50,35.2567
2819.00,35.2974
2819.50,35.3427
2820.00,35.3799
2820.50,35.4034
2821.00,35.4173
2821.50,35.4311
2822.00,35.4521
2822.50,35.4791
2823.00,35.5018
2823.50,35.5081
2824.00,35.4931
2824.50,35.4616
2825.00,35.4246
2825.50,35.3910
2826.00,35.3645
2826.50,35.3471
2827.00,35.3433
2827.50,35.3587
2828.00,35.3927
2828.50,35.4325
2829.00,35.4565
2829.50,35.4473
2830.00,35.4034
2830.50,35.3404
2831.00,35.2808
2831.50,35.2393
2832.00,35.2164
2832.50,35.2033
2833.00,35.1917
2833.50,35.1819
2834.00,35.1796
2834.50,35.1892
2835.00,35.2084
2835.50,35.2302
2836.00,35.2468
2836.50,35.2528
2837.00,35.2463
2837.50,35.2300
2838.00,35.2093
2838.50,35.1875
2839.00,35.1615
2839.50,35.1254
2840.00,35.0798
2840.50,35.0369
2841.00,35.0149
2841.50,35.0256
2842.00,35.0660
2842.50,35.1212
2843.00,35.1743
2843.50,35.2140
2844.00,35.2374
2844.50,35.2463
2845.00,35.2457
2845.50,35.2417
2846.00,35.2411
2846.50,35.2475
2847.00,35.2598
2847.50,35.2748
2848.00,35.2915
2848.50,35.3134
2849.00,35.3436
2849.50,35.3795
2850.00,35.4125
2850.50,35.4338
2851.00,35.4409
2851.50,35.4377
2852.00,35.4275
2852.50,35.4103
2853.00,35.3864
2853.50,35.3635
2854.00,35.3548
2854.50,35.3687
2855.00,35.4006
2855.50,35.4364
2856.00,35.4613
2856.50,35.4662
2857.00,35.4488
2857.50,35.4120
2858.00,35.3626
2858.50,35.3094
