0.00,0.0000
0.50,1.0240
1.00,2.2841
1.50,3.6156
2.00,4.8528
2.50,5.8965
3.00,6.7274
3.50,7.3770
4.00,7.8936
4.50,8.3234
5.00,8.7026
5.50,9.0542
6.00,9.3882
6.50,9.7049
7.00,9.9987
7.50,10.2609
8.00,10.4848
8.50,10.6691
9.00,10.8189
9.50,10.9418
10.00,11.0464
10.50,11.1410
11.00,11.2314
11.50,11.3170
12.00,11.3942
12.50,11.4639
13.00,11.5343
13.50,11.6141
14.00,11.7033
14.50,11.7931
15.00,11.8739
15.50,11.9433
16.00,12.0087
16.50,12.0863
17.00,12.1949
17.50,12.3407
18.00,12.5045
18.50,12.6462
19.00,12.7301
19.50,12.7489
20.00,12.7268
20.50,12.6988
21.00,12.6897
21.50,12.7070
22.00,12.7461
22.50,12.7989
23.00,12.8562
23.50,12.9098
24.00,12.9541
24.50,12.9898
25.00,13.0218
25.50,13.0563
26.00,13.0986
26.50,13.1540
27.00,13.2272
27.50,13.3172
28.00,13.4131
28.50,13.4971
29.00,13.5548
29.50,13.5855
30.00,13.6034
30.50,13.6298
31.00,13.6799
31.50,13.7541
32.00,13.8380
32.50,13.9134
33.00,13.9718
33.50,14.0171
34.00,14.0570
34.50,14.0943
35.00,14.1276
35.50,14.1575
36.00,14.1877
36.50,14.2187
37.00,14.2451
37.50,14.2607
38.00,14.2693
38.50,14.2871
39.00,14.3315
39.50,14.4081
40.00,14.5061
40.50,14.6056
41.00,14.6874
41.50,14.7391
42.00,14.7587
42.50,14.7560
43.00,14.7511
43.50,14.7624
44.00,14.7945
44.50,14.8372
45.00,14.8789
45.50,14.9160
46.00,14.9532
46.50,14.9938
47.00,15.0352
47.50,15.0737
48.00,15.1084
48.50,15.1412
49.00,15.1737
49.50,15.2068
50.00,15.2427
50.50,15.2837
51.00,15.3273
51.50,15.3640
52.00,15.3835
52.50,15.3852
53.00,15.3823
53.50,15.3954
54.00,15.4390
54.50,15.5121
55.00,15.5987
55.50,15.6792
56.00,15.7411
56.50,15.7845
57.00,15.8184
57.50,15.8534
58.00,15.8963
58.50,15.9467
59.00,15.9971
59.50,16.0366
60.00,16.0607
60.50,16.0776
61.00,16.1044
61.50,16.1548
62.00,16.2285
62.50,16.3129
63.00,16.3975
63.50,16.4836
64.00,16.5772
64.50,16.6711
65.00,16.7422
65.50,16.7700
66.00,16.7559
66.50,16.7207
67.00,16.6892
67.50,16.6776
68.00,16.6930
68.50,16.7344
69.00,16.7917
69.50,16.8470
70.00,16.8835
70.50,16.8937
71.00,16.8828
71.50,16.8642
72.00,16.8523
72.50,16.8555
73.00,16.8735
73.50,16.9018
74.00,16.9360
74.50,16.9747
75.00,17.0184
75.50,17.0683
76.00,17.1238
76.50,17.1807
77.00,17.2325
77.50,17.2764
78.00,17.3175
78.50,17.3642
79.00,17.4170
79.50,17.4666
80.00,17.5011
80.50,17.5144
81.00,17.5070
81.50,17.4819
82.00,17.4437
82.50,17.4030
83.00,17.3780
83.50,17.3874
84.00,17.4397
84.50,17.5270
85.00,17.6313
85.50,17.7362
86.00,17.8315
86.50,17.9130
87.00,17.9789
87.50,18.0294
88.00,18.0642
88.50,18.0820
89.00,18.0831
89.50,18.0737
90.00,18.0672
90.50,18.0794
91.00,18.1197
91.50,18.1861
92.00,18.2641
92.50,18.3326
93.00,18.3749
93.50,18.3895
94.00,18.3903
94.50,18.3946
95.00,18.4109
95.50,18.4348
96.00,18.4573
96.50,18.4733
97.00,18.4830
97.50,18.4890
98.00,18.4963
98.50,18.5137
99.00,18.5521
99.50,18.6180
100.00,18.7069
100.50,18.8025
101.00,18.8832
101.50,18.9323
102.00,18.9460
102.50,18.9340
103.00,18.9123
103.50,18.8942
104.00,18.8866
104.50,18.8921
105.00,18.9120
105.50,18.9470
106.00,18.9948
106.50,19.0497
107.00,19.1056
107.50,19.1582
108.00,19.2038
108.50,19.2372
109.00,19.2535
109.50,19.2554
110.00,19.2546
110.50,19.2654
111.00,19.2929
111.50,19.3308
112.00,19.3687
112.50,19.4002
113.00,19.4232
113.50,19.4385
114.00,19.4504
114.50,19.4684
115.00,19.5016
115.50,19.5491
116.00,19.5954
116.50,19.6212
117.00,19.6176
117.50,19.5922
118.00,19.5592
118.50,19.5291
119.00,19.5058
119.50,19.4899
120.00,19.4840
120.50,19.4941
121.00,19.5268
121.50,19.5849
122.00,19.6652
122.50,19.7594
123.00,19.8577
123.50,19.9507
124.00,20.0308
124.50,20.0913
125.00,20.1277
125.50,20.1400
126.00,20.1380
126.50,20.1402
127.00,20.1662
127.50,20.2247
128.00,20.3064
128.50,20.3904
129.00,20.4564
129.50,20.4956
130.00,20.5120
130.50,20.5147
131.00,20.5106
131.50,20.5030
132.00,20.4953
132.50,20.4911
133.00,20.4925
133.50,20.4991
134.00,20.5096
134.50,20.5223
135.00,20.5334
135.50,20.5371
136.00,20.5312
136.50,20.5219
137.00,20.5239
137.50,20.5509
138.00,20.6055
138.50,20.6765
139.00,20.7502
139.50,20.8218
140.00,20.8932
140.50,20.9615
141.00,21.0124
141.50,21.0288
142.00,21.0041
142.50,20.9507
143.00,20.8937
143.50,20.8571
144.00,20.8523
144.50,20.8781
145.00,20.9295
145.50,21.0014
146.00,21.0843
146.50,21.1627
147.00,21.2238
147.50,21.2682
148.00,21.3056
148.50,21.3388
149.00,21.3573
149.50,21.3492
150.00,21.3194
150.50,21.2904
151.00,21.2859
151.50,21.3137
152.00,21.3625
152.50,21.4113
153.00,21.4452
153.50,21.4641
154.00,21.4797
154.50,21.5025
155.00,21.5310
155.50,21.5542
156.00,21.5644
156.50,21.5646
157.00,21.5622
157.50,21.5586
158.00,21.5497
158.50,21.5352
159.00,21.5265
159.50,21.5403
160.00,21.5852
160.50,21.6548
161.00,21.7331
161.50,21.8052
162.00,21.8644
162.50,21.9114
163.00,21.9493
163.50,21.9804
164.00,22.0058
164.50,22.0262
165.00,22.0431
165.50,22.0587
166.00,22.0759
166.50,22.1008
167.00,22.1428
167.50,22.2090
168.00,22.2958
168.50,22.3857
169.00,22.4550
169.50,22.4864
170.00,22.4768
170.50,22.4363
171.00,22.3800
171.50,22.3208
172.00,22.2684
172.50,22.2307
173.00,22.2124
173.50,22.2113
174.00,22.2174
174.50,22.2216
175.00,22.2227
175.50,22.2290
176.00,22.2500
176.50,22.2857
177.00,22.3233
177.50,22.3419
178.00,22.3278
178.50,22.2834
179.00,22.2233
179.50,22.1630
180.00,22.1144
180.50,22.0892
181.00,22.0999
181.50,22.1499
182.00,22.2261
182.50,22.3043
183.00,22.3638
183.50,22.3976
184.00,22.4130
184.50,22.4271
185.00,22.4588
185.50,22.5174
186.00,22.5922
186.50,22.6559
187.00,22.6843
187.50,22.6749
188.00,22.6467
188.50,22.6235
189.00,22.6168
189.50,22.6230
190.00,22.6314
190.50,22.6349
191.00,22.6347
191.50,22.6387
192.00,22.6549
192.50,22.6847
193.00,22.7217
193.50,22.7565
194.00,22.7835
194.50,22.8050
195.00,22.8284
195.50,22.8604
196.00,22.9009
196.50,22.9417
197.00,22.9684
197.50,22.9706
198.00,22.9494
198.50,22.9183
199.00,22.8955
199.50,22.8936
200.00,22.9169
200.50,22.9636
201.00,23.0280
201.50,23.0992
202.00,23.1605
202.50,23.1958
203.00,23.1989
203.50,23.1796
204.00,23.1587
204.50,23.1555
205.00,23.1774
205.50,23.2193
206.00,23.2696
206.50,23.3157
207.00,23.3453
207.50,23.3492
208.00,23.3243
208.50,23.2772
209.00,23.2229
209.50,23.1797
210.00,23.1612
210.50,23.1703
211.00,23.1982
211.50,23.2305
212.00,23.2567
212.50,23.2762
213.00,23.2970
213.50,23.3280
214.00,23.3726
214.50,23.4259
215.00,23.4769
215.50,23.5131
216.00,23.5253
216.50,23.5121
217.00,23.4822
217.50,23.4510
218.00,23.4317
218.50,23.4287
219.00,23.4385
219.50,23.4586
220.00,23.4908
220.50,23.5350
221.00,23.5816
221.50,23.6152
222.00,23.6246
222.50,23.6097
223.00,23.5779
223.50,23.5375
224.00,23.4960
224.50,23.4633
225.00,23.4513
225.50,23.4699
226.00,23.5198
226.50,23.5891
227.00,23.6589
227.50,23.7115
228.00,23.7394
228.50,23.7475
229.00,23.7476
229.50,23.7518
230.00,23.7669
230.50,23.7921
231.00,23.8186
231.50,23.8329
232.00,23.8263
232.50,23.8035
233.00,23.7810
233.50,23.7762
234.00,23.7950
234.50,23.8289
235.00,23.8639
235.50,23.8915
236.00,23.9117
236.50,23.9260
237.00,23.9272
237.50,23.9021
238.00,23.8428
238.50,23.7577
239.00,23.6723
239.50,23.6180
240.00,23.6158
240.50,23.6629
241.00,23.7343
241.50,23.7995
242.00,23.8430
242.50,23.8684
243.00,23.8867
243.50,23.9048
244.00,23.9242
244.50,23.9451
245.00,23.9689
245.50,23.9988
246.00,24.0392
246.50,24.0912
247.00,24.1481
247.50,24.1963
248.00,24.2263
248.50,24.2415
249.00,24.2553
249.50,24.2768
250.00,24.3019
250.50,24.3161
251.00,24.3068
251.50,24.2740
252.00,24.2342
252.50,24.2112
253.00,24.2213
253.50,24.2602
254.00,24.3019
254.50,24.3156
255.00,24.2900
255.50,24.2429
256.00,24.2068
256.50,24.2019
257.00,24.2233
257.50,24.2503
258.00,24.2659
258.50,24.2671
259.00,24.2615
259.50,24.2589
260.00,24.2649
260.50,24.2803
261.00,24.3007
261.50,24.3199
262.00,24.3350
262.50,24.3520
263.00,24.3827
263.50,24.4360
264.00,24.5086
264.50,24.5860
265.00,24.6496
265.50,24.6872
266.00,24.6980
266.50,24.6904
267.00,24.6743
267.50,24.6569
268.00,24.6419
268.50,24.6348
269.00,24.6440
269.50,24.6769
270.00,24.7325
270.50,24.7971
271.00,24.8485
271.50,24.8672
272.00,24.8480
272.50,24.8009
273.00,24.7435
273.50,24.6921
274.00,24.6563
274.50,24.6381
275.00,24.6331
275.50,24.6334
276.00,24.6324
276.50,24.6265
277.00,24.6158
277.50,24.6049
278.00,24.6021
278.50,24.6163
279.00,24.6495
279.50,24.6924
280.00,24.7296
280.50,24.7527
281.00,24.7683
281.50,24.7917
282.00,24.8300
282.50,24.8755
283.00,24.9147
283.50,24.9394
284.00,24.9466
284.50,24.9338
285.00,24.9020
285.50,24.8642
286.00,24.8419
286.50,24.8505
287.00,24.8864
287.50,24.9304
288.00,24.9620
288.50,24.9708
289.00,24.9590
289.50,24.9374
290.00,24.9183
290.50,24.9112
291.00,24.9205
291.50,24.9459
292.00,24.9843
292.50,25.0303
293.00,25.0774
293.50,25.1189
294.00,25.1476
294.50,25.1589
295.00,25.1567
295.50,25.1554
296.00,25.1712
296.50,25.2076
297.00,25.2505
297.50,25.2810
298.00,25.2922
298.50,25.2935
299.00,25.2977
299.50,25.3058
300.00,25.3066
300.50,25.2897
301.00,25.2553
301.50,25.2132
302.00,25.1734
302.50,25.1401
303.00,25.1124
303.50,25.0892
304.00,25.0702
304.50,25.0545
305.00,25.0382
305.50,25.0147
306.00,24.9799
306.50,24.9374
307.00,24.9010
307.50,24.8878
308.00,24.9066
308.50,24.9505
309.00,25.0040
309.50,25.0572
310.00,25.1110
310.50,25.1694
311.00,25.2268
311.50,25.2689
312.00,25.2848
312.50,25.2786
313.00,25.2672
313.50,25.2681
314.00,25.2870
314.50,25.3142
315.00,25.3338
315.50,25.3355
316.00,25.3232
316.50,25.3126
317.00,25.3226
317.50,25.3641
318.00,25.4332
318.50,25.5115
319.00,25.5771
319.50,25.6172
320.00,25.6353
320.50,25.6459
321.00,25.6611
321.50,25.6803
322.00,25.6910
322.50,25.6813
323.00,25.6526
323.50,25.6202
324.00,25.5997
324.50,25.5946
325.00,25.5948
325.50,25.5876
326.00,25.5681
326.50,25.5404
327.00,25.5117
327.50,25.4867
328.00,25.4671
328.50,25.4552
329.00,25.4571
329.50,25.4809
330.00,25.5307
330.50,25.6019
331.00,25.6849
331.50,25.7744
332.00,25.8710
332.50,25.9730
333.00,26.0658
333.50,26.1249
334.00,26.1315
334.50,26.0898
335.00,26.0267
335.50,25.9763
336.00,25.9596
336.50,25.9764
337.00,26.0097
337.50,26.0399
338.00,26.0559
338.50,26.0589
339.00,26.0571
339.50,26.0573
340.00,26.0614
340.50,26.0657
341.00,26.0636
341.50,26.0490
342.00,26.0187
342.50,25.9766
343.00,25.9355
343.50,25.9144
344.00,25.9270
344.50,25.9719
345.00,26.0325
345.50,26.0875
346.00,26.1230
346.50,26.1359
347.00,26.1305
347.50,26.1112
348.00,26.0797
348.50,26.0374
349.00,25.9931
349.50,25.9622
350.00,25.9589
350.50,25.9868
351.00,26.0393
351.50,26.1070
352.00,26.1819
352.50,26.2531
353.00,26.3050
353.50,26.3247
354.00,26.3155
354.50,26.2985
355.00,26.2973
355.50,26.3154
356.00,26.3304
356.50,26.3128
357.00,26.2539
357.50,26.1770
358.00,26.1219
358.50,26.1177
359.00,26.1641
359.50,26.2350
360.00,26.2985
360.50,26.3363
361.00,26.3470
361.50,26.3365
362.00,26.3097
362.50,26.2704
363.00,26.2248
363.50,26.1807
364.00,26.1436
364.50,26.1162
365.00,26.1026
365.50,26.1088
366.00,26.1380
366.50,26.1838
367.00,26.2303
367.50,26.2613
368.00,26.2692
368.50,26.2559
369.00,26.2270
369.50,26.1904
370.00,26.1587
370.50,26.1486
371.00,26.1710
371.50,26.2206
372.00,26.2759
372.50,26.3118
373.00,26.3148
373.50,26.2915
374.00,26.2649
374.50,26.2607
375.00,26.2897
375.50,26.3395
376.00,26.3838
376.50,26.4006
377.00,26.3867
377.50,26.3579
378.00,26.3383
378.50,26.3448
379.00,26.3777
379.50,26.4212
380.00,26.4557
380.50,26.4715
381.00,26.4731
381.50,26.4717
382.00,26.4750
382.50,26.4840
383.00,26.4953
383.50,26.5046
384.00,26.5082
384.50,26.5043
385.00,26.4939
385.50,26.4814
386.00,26.4729
386.50,26.4739
387.00,26.4874
387.50,26.5103
388.00,26.5335
388.50,26.5475
389.00,26.5476
389.50,26.5349
390.00,26.5141
390.50,26.4917
391.00,26.4772
391.50,26.4810
392.00,26.5084
392.50,26.5547
393.00,26.6076
393.50,26.6560
394.00,26.6945
394.50,26.7209
395.00,26.7325
395.50,26.7280
396.00,26.7130
396.50,26.7001
397.00,26.7014
397.50,26.7190
398.00,26.7426
398.50,26.7562
399.00,26.7496
399.50,26.7247
400.00,26.6916
400.50,26.6608
401.00,26.6379
401.50,26.6258
402.00,26.6266
402.50,26.6396
403.00,26.6568
403.50,26.6663
404.00,26.6615
404.50,26.6477
405.00,26.6376
405.50,26.6397
406.00,26.6526
406.50,26.6687
407.00,26.6835
407.50,26.7008
408.00,26.7273
408.50,26.7637
409.00,26.8026
409.50,26.8337
410.00,26.8519
410.50,26.8554
411.00,26.8421
411.50,26.8088
412.00,26.7568
412.50,26.6944
413.00,26.6349
413.50,26.5914
414.00,26.5741
414.50,26.5881
415.00,26.6315
415.50,26.6956
416.00,26.7671
416.50,26.8324
417.00,26.8822
417.50,26.9157
418.00,26.9395
418.50,26.9636
419.00,26.9948
419.50,27.0332
420.00,27.0705
420.50,27.0939
421.00,27.0950
421.50,27.0757
422.00,27.0450
422.50,27.0107
423.00,26.9772
423.50,26.9500
424.00,26.9384
424.50,26.9496
425.00,26.9802
425.50,27.0168
426.00,27.0457
426.50,27.0624
427.00,27.0714
427.50,27.0783
428.00,27.0830
428.50,27.0796
429.00,27.0636
429.50,27.0345
430.00,26.9945
430.50,26.9457
431.00,26.8922
431.50,26.8442
432.00,26.8169
432.50,26.8237
433.00,26.8691
433.50,26.9463
434.00,27.0428
434.50,27.1456
435.00,27.2430
435.50,27.3230
436.00,27.3730
436.50,27.3833
437.00,27.3516
437.50,27.2849
438.00,27.1988
438.50,27.1138
439.00,27.0509
439.50,27.0253
440.00,27.0393
440.50,27.0800
441.00,27.1272
441.50,27.1650
442.00,27.1887
442.50,27.2011
443.00,27.2075
443.50,27.2134
444.00,27.2231
444.50,27.2360
445.00,27.2444
445.50,27.2380
446.00,27.2134
446.50,27.1794
447.00,27.1524
447.50,27.1436
448.00,27.1544
448.50,27.1790
449.00,27.2122
449.50,27.2507
450.00,27.2896
450.50,27.3209
451.00,27.3366
451.50,27.3329
452.00,27.3119
452.50,27.2806
453.00,27.2507
453.50,27.2364
454.00,27.2479
454.50,27.2821
455.00,27.3209
455.50,27.3399
456.00,27.3233
456.50,27.2726
457.00,27.2074
457.50,27.1550
458.00,27.1351
458.50,27.1473
459.00,27.1713
459.50,27.1824
460.00,27.1698
460.50,27.1442
461.00,27.1290
461.50,27.1446
462.00,27.1966
462.50,27.2737
463.00,27.3517
463.50,27.4021
464.00,27.4058
464.50,27.3657
465.00,27.3082
465.50,27.2656
466.00,27.2551
466.50,27.2707
467.00,27.2952
467.50,27.3167
468.00,27.3350
468.50,27.3547
469.00,27.3786
469.50,27.4043
470.00,27.4262
470.50,27.4386
471.00,27.4374
471.50,27.4254
472.00,27.4126
472.50,27.4095
473.00,27.4147
473.50,27.4118
474.00,27.3809
474.50,27.3165
475.00,27.2344
475.50,27.1618
476.00,27.1211
476.50,27.1206
477.00,27.1534
477.50,27.2046
478.00,27.2588
478.50,27.3064
479.00,27.3438
479.50,27.3694
480.00,27.3811
480.50,27.3800
481.00,27.3737
481.50,27.3719
482.00,27.3777
482.50,27.3847
483.00,27.3833
483.50,27.3691
484.00,27.3456
484.50,27.3209
485.00,27.3025
485.50,27.2944
486.00,27.2964
486.50,27.3046
487.00,27.3142
487.50,27.3229
488.00,27.3340
488.50,27.3509
489.00,27.3707
489.50,27.3843
490.00,27.3872
490.50,27.3855
491.00,27.3907
491.50,27.4100
492.00,27.4410
492.50,27.4749
493.00,27.5017
493.50,27.5161
494.00,27.5210
494.50,27.5265
495.00,27.5426
495.50,27.5709
496.00,27.6011
496.50,27.6178
497.00,27.6104
497.50,27.5800
498.00,27.5358
498.50,27.4874
499.00,27.4399
499.50,27.3983
500.00,27.3710
500.50,27.3659
501.00,27.3825
501.50,27.4118
502.00,27.4452
502.50,27.4803
503.00,27.5173
503.50,27.5515
504.00,27.5735
504.50,27.5781
505.00,27.5717
505.50,27.5701
506.00,27.5856
506.50,27.6153
507.00,27.6427
507.50,27.6539
508.00,27.6523
508.50,27.6557
509.00,27.6788
509.50,27.7196
510.00,27.7619
510.50,27.7879
511.00,27.7882
511.50,27.7611
512.00,27.7101
512.50,27.6435
513.00,27.5763
513.50,27.5290
514.00,27.5198
514.50,27.5558
515.00,27.6274
515.50,27.7104
516.00,27.7763
516.50,27.8043
517.00,27.7917
517.50,27.7521
518.00,27.7070
518.50,27.6714
519.00,27.6456
519.50,27.6189
520.00,27.5826
520.50,27.5419
521.00,27.5164
521.50,27.5292
522.00,27.5915
522.50,27.6896
523.00,27.7847
523.50,27.8341
524.00,27.8214
524.50,27.7693
525.00,27.7186
525.50,27.6974
526.00,27.7067
526.50,27.7310
527.00,27.7533
527.50,27.7649
528.00,27.7671
528.50,27.7675
529.00,27.7737
529.50,27.7858
530.00,27.7974
530.50,27.8013
531.00,27.7938
531.50,27.7756
532.00,27.7526
532.50,27.7369
533.00,27.7391
533.50,27.7585
534.00,27.7790
534.50,27.7819
535.00,27.7608
535.50,27.7279
536.00,27.7030
536.50,27.6975
537.00,27.7071
537.50,27.7190
538.00,27.7252
538.50,27.7295
539.00,27.7425
539.50,27.7693
540.00,27.8033
540.50,27.8296
541.00,27.8373
541.50,27.8258
542.00,27.8014
542.50,27.7695
543.00,27.7315
543.50,27.6889
544.00,27.6487
544.50,27.6227
545.00,27.6217
545.50,27.6495
546.00,27.6985
546.50,27.7512
547.00,27.7881
547.50,27.7978
548.00,27.7827
548.50,27.7546
549.00,27.7253
549.50,27.7003
550.00,27.6819
550.50,27.6724
551.00,27.6742
551.50,27.6863
552.00,27.7040
552.50,27.7239
553.00,27.7458
553.50,27.7701
554.00,27.7930
554.50,27.8071
555.00,27.8101
555.50,27.8089
556.00,27.8158
556.50,27.8363
557.00,27.8645
557.50,27.8885
558.00,27.9021
558.50,27.9078
559.00,27.9105
559.50,27.9111
560.00,27.9080
560.50,27.9021
561.00,27.8971
561.50,27.8953
562.00,27.8942
562.50,27.8897
563.00,27.8807
563.50,27.8715
564.00,27.8689
564.50,27.8771
565.00,27.8933
565.50,27.9083
566.00,27.9115
566.50,27.8969
567.00,27.8683
567.50,27.8369
568.00,27.8165
568.50,27.8162
569.00,27.8352
569.50,27.8615
570.00,27.8799
570.50,27.8844
571.00,27.8851
571.50,27.8988
572.00,27.9318
572.50,27.9737
573.00,28.0059
573.50,28.0145
574.00,27.9969
574.50,27.9597
575.00,27.9142
575.50,27.8717
576.00,27.8392
576.50,27.8186
577.00,27.8092
577.50,27.8135
578.00,27.8381
578.50,27.8875
579.00,27.9557
579.50,28.0246
580.00,28.0744
580.50,28.0976
581.00,28.1027
581.50,28.1051
582.00,28.1127
582.50,28.1203
583.00,28.1172
583.50,28.0976
584.00,28.0638
584.50,28.0246
585.00,27.9904
585.50,27.9710
586.00,27.9719
586.50,27.9896
587.00,28.0118
587.50,28.0243
588.00,28.0201
588.50,28.0042
589.00,27.9904
589.50,27.9910
590.00,28.0080
590.50,28.0298
591.00,28.0405
591.50,28.0308
592.00,28.0049
592.50,27.9759
593.00,27.9585
593.50,27.9612
594.00,27.9832
594.50,28.0140
595.00,28.0374
595.50,28.0425
596.00,28.0305
596.50,28.0129
597.00,28.0005
597.50,27.9932
598.00,27.9826
598.50,27.9628
599.00,27.9371
599.50,27.9164
600.00,27.9096
600.50,27.9176
601.00,27.9354
601.50,27.9592
602.00,27.9918
602.50,28.0399
603.00,28.1076
603.50,28.1901
604.00,28.2707
604.50,28.3274
605.00,28.3450
605.50,28.3245
606.00,28.2812
606.50,28.2334
607.00,28.1927
607.50,28.1622
608.00,28.1416
608.50,28.1307
609.00,28.1283
609.50,28.1300
610.00,28.1296
610.50,28.1236
611.00,28.1136
611.50,28.1040
612.00,28.0975
612.50,28.0940
613.00,28.0930
613.50,28.0953
614.00,28.1028
614.50,28.1176
615.00,28.1394
615.50,28.1653
616.00,28.1891
616.50,28.2020
617.00,28.1962
617.50,28.1714
618.00,28.1416
618.50,28.1299
619.00,28.1527
619.50,28.2053
620.00,28.2669
620.50,28.3193
621.00,28.3617
621.50,28.4057
622.00,28.4576
622.50,28.5053
623.00,28.5231
623.50,28.4936
624.00,28.4263
624.50,28.3571
625.00,28.3235
625.50,28.3389
626.00,28.3851
626.50,28.4265
627.00,28.4316
627.50,28.3880
628.00,28.3069
628.50,28.2165
629.00,28.1498
629.50,28.1275
630.00,28.1466
630.50,28.1832
631.00,28.2098
631.50,28.2111
632.00,28.1886
632.50,28.1526
633.00,28.1141
633.50,28.0817
634.00,28.0607
634.50,28.0507
635.00,28.0461
635.50,28.0414
636.00,28.0370
636.50,28.0374
637.00,28.0457
637.50,28.0587
638.00,28.0712
638.50,28.0793
639.00,28.0821
639.50,28.0814
640.00,28.0843
640.50,28.1028
641.00,28.1482
641.50,28.2216
642.00,28.3100
642.50,28.3929
643.00,28.4531
643.50,28.4848
644.00,28.4892
644.50,28.4672
645.00,28.4183
645.50,28.3479
646.00,28.2712
646.50,28.2085
647.00,28.1751
647.50,28.1742
648.00,28.1955
648.50,28.2196
649.00,28.2271
649.50,28.2087
650.00,28.1685
650.50,28.1190
651.00,28.0756
651.50,28.0530
652.00,28.0634
652.50,28.1096
653.00,28.1785
653.50,28.2449
654.00,28.2859
654.50,28.2967
655.00,28.2903
655.50,28.2822
656.00,28.2748
656.50,28.2573
657.00,28.2228
657.50,28.1803
658.00,28.1499
658.50,28.1458
659.00,28.1649
659.50,28.1909
660.00,28.2093
660.50,28.2197
661.00,28.2359
661.50,28.2757
662.00,28.3467
662.50,28.4391
663.00,28.5312
663.50,28.6054
664.00,28.6581
664.50,28.6927
665.00,28.7059
665.50,28.6866
666.00,28.6322
666.50,28.5630
667.00,28.5137
667.50,28.5082
668.00,28.5411
668.50,28.5814
669.00,28.5942
669.50,28.5615
670.00,28.4893
670.50,28.4003
671.00,28.3189
671.50,28.2595
672.00,28.2235
672.50,28.2044
673.00,28.1941
673.50,28.1866
674.00,28.1797
674.50,28.1744
675.00,28.1712
675.50,28.1679
676.00,28.1625
676.50,28.1598
677.00,28.1705
677.50,28.2016
678.00,28.2470
678.50,28.2929
679.00,28.3314
679.50,28.3681
680.00,28.4151
680.50,28.4758
681.00,28.5363
681.50,28.5753
682.00,28.5828
682.50,28.5698
683.00,28.5575
683.50,28.5575
684.00,28.5629
684.50,28.5570
685.00,28.5306
685.50,28.4914
686.00,28.4573
686.50,28.4426
687.00,28.4494
687.50,28.4714
688.00,28.5015
688.50,28.5350
689.00,28.5648
689.50,28.5790
690.00,28.5675
690.50,28.5323
691.00,28.4903
691.50,28.4634
692.00,28.4647
692.50,28.4914
693.00,28.5296
693.50,28.5647
694.00,28.5891
694.50,28.6020
695.00,28.6067
695.50,28.6072
696.00,28.6077
696.50,28.6134
697.00,28.6302
697.50,28.6594
698.00,28.6928
698.50,28.7133
699.00,28.7056
699.50,28.6692
700.00,28.6218
700.50,28.5897
701.00,28.5909
701.50,28.6251
702.00,28.6782
702.50,28.7327
703.00,28.7732
703.50,28.7867
704.00,28.7640
704.50,28.7066
705.00,28.6301
705.50,28.5578
706.00,28.5061
706.50,28.4770
707.00,28.4596
707.50,28.4420
708.00,28.4212
708.50,28.4055
709.00,28.4065
709.50,28.4303
710.00,28.4715
710.50,28.5153
711.00,28.5444
711.50,28.5495
712.00,28.5370
712.50,28.5277
713.00,28.5429
713.50,28.5869
714.00,28.6428
714.50,28.6860
715.00,28.7016
715.50,28.6906
716.00,28.6625
716.50,28.6273
717.00,28.5915
717.50,28.5608
718.00,28.5410
718.50,28.5369
719.00,28.5487
719.50,28.5720
720.00,28.6001
720.50,28.6259
721.00,28.6429
721.50,28.6473
722.00,28.6409
722.50,28.6297
723.00,28.6215
723.50,28.6218
724.00,28.6295
724.50,28.6349
725.00,28.6247
725.50,28.5958
726.00,28.5620
726.50,28.5459
727.00,28.5612
727.50,28.6020
728.00,28.6470
728.50,28.6745
729.00,28.6766
729.50,28.6639
730.00,28.6556
730.50,28.6660
731.00,28.6978
731.50,28.7451
732.00,28.7992
732.50,28.8498
733.00,28.8842
733.50,28.8922
734.00,28.8750
734.50,28.8469
735.00,28.8251
735.50,28.8181
736.00,28.8213
736.50,28.8251
737.00,28.8224
737.50,28.8109
738.00,28.7927
738.50,28.7734
739.00,28.7585
739.50,28.7502
740.00,28.7444
740.50,28.7351
741.00,28.7222
741.50,28.7153
742.00,28.7260
742.50,28.7566
743.00,28.7957
743.50,28.8249
744.00,28.8331
744.50,28.8243
745.00,28.8140
745.50,28.8176
746.00,28.8392
746.50,28.8721
747.00,28.9071
747.50,28.9408
748.00,28.9751
748.50,29.0112
749.00,29.0444
749.50,29.0651
750.00,29.0658
750.50,29.0491
751.00,29.0272
751.50,29.0165
752.00,29.0295
752.50,29.0701
753.00,29.1310
753.50,29.1955
754.00,29.2444
754.50,29.2647
755.00,29.2520
755.50,29.2084
756.00,29.1400
756.50,29.0583
757.00,28.9815
757.50,28.9287
758.00,28.9095
758.50,28.9188
759.00,28.9411
759.50,28.9608
760.00,28.9703
760.50,28.9699
761.00,28.9620
761.50,28.9476
762.00,28.9269
762.50,28.9016
763.00,28.8752
763.50,28.8513
764.00,28.8337
764.50,28.8272
765.00,28.8365
765.50,28.8635
766.00,28.9061
766.50,28.9582
767.00,29.0127
767.50,29.0617
768.00,29.0970
768.50,29.1128
769.00,29.1102
769.50,29.0969
770.00,29.0792
770.50,29.0567
771.00,29.0243
771.50,28.9819
772.00,28.9366
772.50,28.8982
773.00,28.8717
773.50,28.8548
774.00,28.8406
774.50,28.8229
775.00,28.7999
775.50,28.7773
776.00,28.7653
776.50,28.7728
777.00,28.8002
777.50,28.8386
778.00,28.8763
778.50,28.9102
779.00,28.9510
779.50,29.0161
780.00,29.1118
780.50,29.2230
781.00,29.3199
781.50,29.3769
782.00,29.3862
782.50,29.3573
783.00,29.3086
783.50,29.2581
784.00,29.2200
784.50,29.2028
785.00,29.2081
785.50,29.2327
786.00,29.2690
786.50,29.3066
787.00,29.3335
787.50,29.3380
788.00,29.3131
788.50,29.2592
789.00,29.1860
789.50,29.1096
790.00,29.0472
790.50,29.0087
791.00,28.9929
791.50,28.9902
792.00,28.9913
792.50,28.9947
793.00,29.0066
793.50,29.0310
794.00,29.0616
794.50,29.0834
795.00,29.0845
795.50,29.0638
796.00,29.0305
796.50,28.9967
797.00,28.9710
797.50,28.9569
798.00,28.9520
798.50,28.9508
799.00,28.9494
799.50,28.9505
800.00,28.9612
800.50,28.9848
801.00,29.0160
801.50,29.0453
802.00,29.0666
802.50,29.0810
803.00,29.0913
803.50,29.0973
804.00,29.0960
804.50,29.0870
805.00,29.0748
805.50,29.0649
806.00,29.0598
806.50,29.0617
807.00,29.0759
807.50,29.1100
808.00,29.1669
808.50,29.2394
809.00,29.3090
809.50,29.3521
810.00,29.3503
810.50,29.3014
811.00,29.2238
811.50,29.1464
812.00,29.0914
812.50,29.0642
813.00,29.0568
813.50,29.0607
814.00,29.0747
814.50,29.1037
815.00,29.1470
815.50,29.1889
816.00,29.2047
816.50,29.1789
817.00,29.1201
817.50,29.0570
818.00,29.0184
818.50,29.0167
819.00,29.0431
819.50,29.0787
820.00,29.1080
820.50,29.1273
821.00,29.1431
821.50,29.1634
822.00,29.1894
822.50,29.2144
823.00,29.2279
823.50,29.2242
824.00,29.2075
824.50,29.1897
825.00,29.1819
825.50,29.1875
826.00,29.2014
826.50,29.2156
827.00,29.2236
827.50,29.2198
828.00,29.1980
828.50,29.1545
829.00,29.0950
829.50,29.0371
830.00,29.0022
830.50,29.0024
831.00,29.0342
831.50,29.0828
832.00,29.1317
832.50,29.1697
833.00,29.1945
833.50,29.2117
834.00,29.2303
834.50,29.2562
835.00,29.2883
835.50,29.3214
836.00,29.3477
836.50,29.3576
837.00,29.3418
837.50,29.2997
838.00,29.2440
838.50,29.1938
839.00,29.1609
839.50,29.1448
840.00,29.1401
840.50,29.1456
841.00,29.1657
841.50,29.2012
842.00,29.2425
842.50,29.2702
843.00,29.2649
843.50,29.2215
844.00,29.1555
844.50,29.0962
845.00,29.0666
845.50,29.0679
846.00,29.0823
846.50,29.0908
847.00,29.0909
847.50,29.0991
848.00,29.1354
848.50,29.2043
849.00,29.2873
849.50,29.3543
850.00,29.3832
850.50,29.3700
851.00,29.3245
851.50,29.2637
852.00,29.2081
852.50,29.1790
853.00,29.1862
853.50,29.2178
854.00,29.2443
854.50,29.2382
855.00,29.1921
855.50,29.1225
856.00,29.0577
856.50,29.0229
857.00,29.0302
857.50,29.0754
858.00,29.1392
858.50,29.1949
859.00,29.2205
859.50,29.2112
860.00,29.1843
860.50,29.1680
861.00,29.1823
861.50,29.2244
862.00,29.2720
862.50,29.3013
863.00,29.3038
863.50,29.2908
864.00,29.2823
864.50,29.2902
865.00,29.3129
865.50,29.3398
866.00,29.3614
866.50,29.3741
867.00,29.3785
867.50,29.3750
868.00,29.3608
868.50,29.3326
869.00,29.2907
869.50,29.2434
870.00,29.2055
870.50,29.1901
871.00,29.1990
871.50,29.2181
872.00,29.2267
872.50,29.2119
873.00,29.1780
873.50,29.1401
874.00,29.1092
874.50,29.0835
875.00,29.0540
875.50,29.0158
876.00,28.9740
876.50,28.9377
877.00,28.9126
877.50,28.8995
878.00,28.8968
878.50,28.9025
879.00,28.9110
879.50,28.9138
880.00,28.9052
880.50,28.8888
881.00,28.8784
881.50,28.8904
882.00,28.9337
882.50,29.0059
883.00,29.0947
883.50,29.1844
884.00,29.2600
884.50,29.3102
885.00,29.3297
885.50,29.3204
886.00,29.2914
886.50,29.2544
887.00,29.2187
887.50,29.1897
888.00,29.1698
888.50,29.1600
889.00,29.1613
889.50,29.1753
890.00,29.2018
890.50,29.2346
891.00,29.2627
891.50,29.2763
892.00,29.2740
892.50,29.2649
893.00,29.2620
893.50,29.2742
894.00,29.3002
894.50,29.3298
895.00,29.3495
895.50,29.3515
896.00,29.3377
896.50,29.3166
897.00,29.2958
897.50,29.2783
898.00,29.2641
898.50,29.2517
899.00,29.2378
899.50,29.2181
900.00,29.1905
900.50,29.1587
901.00,29.1314
901.50,29.1191
902.00,29.1292
902.50,29.1610
903.00,29.2043
903.50,29.2437
904.00,29.2677
904.50,29.2744
905.00,29.2704
905.50,29.2649
906.00,29.2625
906.50,29.2599
907.00,29.2513
907.50,29.2371
908.00,29.2277
908.50,29.2362
909.00,29.2662
909.50,29.3067
910.00,29.3387
910.50,29.3477
911.00,29.3333
911.50,29.3094
912.00,29.2941
912.50,29.2982
913.00,29.3196
913.50,29.3472
914.00,29.3689
914.50,29.3766
915.00,29.3684
915.50,29.3469
916.00,29.3169
916.50,29.2821
917.00,29.2430
917.50,29.1978
918.00,29.1472
918.50,29.0995
919.00,29.0698
919.50,29.0721
920.00,29.1080
920.50,29.1634
921.00,29.2153
921.50,29.2436
922.00,29.2421
922.50,29.2206
923.00,29.1971
923.50,29.1869
924.00,29.1949
924.50,29.2171
925.00,29.2480
925.50,29.2836
926.00,29.3199
926.50,29.3502
927.00,29.3674
927.50,29.3693
928.00,29.3610
928.50,29.3519
929.00,29.3501
929.50,29.3595
930.00,29.3785
930.50,29.3990
931.00,29.4079
931.50,29.3941
932.00,29.3566
932.50,29.3068
933.00,29.2636
933.50,29.2436
934.00,29.2524
934.50,29.2828
935.00,29.3206
935.50,29.3540
936.00,29.3781
936.50,29.3920
937.00,29.3973
937.50,29.3983
938.00,29.4027
938.50,29.4180
939.00,29.4447
939.50,29.4750
940.00,29.4966
940.50,29.4972
941.00,29.4673
941.50,29.4038
942.00,29.3162
942.50,29.2264
943.00,29.1586
943.50,29.1255
944.00,29.1234
944.50,29.1381
945.00,29.1571
945.50,29.1755
946.00,29.1971
946.50,29.2288
947.00,29.2734
947.50,29.3254
948.00,29.3720
948.50,29.4003
949.00,29.4047
949.50,29.3899
950.00,29.3661
950.50,29.3430
951.00,29.3255
951.50,29.3152
952.00,29.3111
952.50,29.3098
953.00,29.3040
953.50,29.2850
954.00,29.2455
954.50,29.1869
955.00,29.1218
955.50,29.0710
956.00,29.0520
956.50,29.0674
957.00,29.1037
957.50,29.1414
958.00,29.1697
958.50,29.1926
959.00,29.2227
959.50,29.2688
960.00,29.3262
960.50,29.3784
961.00,29.4080
961.50,29.4094
962.00,29.3922
962.50,29.3736
963.00,29.3653
963.50,29.3660
964.00,29.3631
964.50,29.3444
965.00,29.3085
965.50,29.2661
966.00,29.2296
966.50,29.2029
967.00,29.1813
967.50,29.1622
968.00,29.1515
968.50,29.1586
969.00,29.1848
969.50,29.2212
970.00,29.2561
970.50,29.2841
971.00,29.3073
971.50,29.3310
972.00,29.3603
972.50,29.3974
973.00,29.4390
973.50,29.4774
974.00,29.5049
974.50,29.5184
975.00,29.5214
975.50,29.5184
976.00,29.5102
976.50,29.4945
977.00,29.4729
977.50,29.4544
978.00,29.4491
978.50,29.4554
979.00,29.4600
979.50,29.4497
980.00,29.4254
980.50,29.3998
981.00,29.3832
981.50,29.3736
982.00,29.3629
982.50,29.3507
983.00,29.3490
983.50,29.3694
984.00,29.4088
984.50,29.4465
985.00,29.4586
985.50,29.4346
986.00,29.3843
986.50,29.3296
987.00,29.2899
987.50,29.2744
988.00,29.2828
988.50,29.3106
989.00,29.3504
989.50,29.3911
990.00,29.4202
990.50,29.4289
991.00,29.4186
991.50,29.4011
992.00,29.3912
992.50,29.3966
993.00,29.4105
993.50,29.4142
994.00,29.3887
994.50,29.3289
995.00,29.2498
995.50,29.1800
996.00,29.1458
996.50,29.1566
997.00,29.2015
997.50,29.2578
998.00,29.3060
998.50,29.3372
999.00,29.3522
999.50,29.3550
1000.00,29.3469
1000.50,29.3253
1001.00,29.2869
1001.50,29.2320
1002.00,29.1681
1002.50,29.1091
1003.00,29.0703
1003.50,29.0604
1004.00,29.0774
1004.50,29.1124
1005.00,29.1573
1005.50,29.2089
1006.00,29.2664
1006.50,29.3276
1007.00,29.3880
1007.50,29.4429
1008.00,29.4865
1008.50,29.5132
1009.00,29.5207
1009.50,29.5134
1010.00,29.5014
1010.50,29.4965
1011.00,29.5080
1011.50,29.5407
1012.00,29.5914
1012.50,29.6454
1013.00,29.6785
1013.50,29.6705
1014.00,29.6198
1014.50,29.5462
1015.00,29.4778
1015.50,29.4319
1016.00,29.4064
1016.50,29.3839
1017.00,29.3457
1017.50,29.2842
1018.00,29.2069
1018.50,29.1314
1019.00,29.0766
1019.50,29.0561
1020.00,29.0740
1020.50,29.1236
1021.00,29.1892
1021.50,29.2523
1022.00,29.2984
1022.50,29.3206
1023.00,29.3202
1023.50,29.3055
1024.00,29.2886
1024.50,29.2798
1025.00,29.2829
1025.50,29.2936
1026.00,29.3025
1026.50,29.3016
1027.00,29.2902
1027.50,29.2763
1028.00,29.2704
1028.50,29.2792
1029.00,29.3014
1029.50,29.3287
1030.00,29.3482
1030.50,29.3491
1031.00,29.3293
1031.50,29.2963
1032.00,29.2614
1032.50,29.2320
1033.00,29.2087
1033.50,29.1867
1034.00,29.1592
1034.50,29.1230
1035.00,29.0842
1035.50,29.0583
1036.00,29.0623
1036.50,29.1046
1037.00,29.1798
1037.50,29.2702
1038.00,29.3524
1038.50,29.4082
1039.00,29.4318
1039.50,29.4284
1040.00,29.4083
1040.50,29.3823
1041.00,29.3595
1041.50,29.3445
1042.00,29.3339
1042.50,29.3178
1043.00,29.2873
1043.50,29.2442
1044.00,29.2025
1044.50,29.1798
1045.00,29.1842
1045.50,29.2090
1046.00,29.2371
1046.50,29.2543
1047.00,29.2571
1047.50,29.2509
1048.00,29.2417
1048.50,29.2305
1049.00,29.2158
1049.50,29.1997
1050.00,29.1913
1050.50,29.2017
1051.00,29.2327
1051.50,29.2697
1052.00,29.2887
1052.50,29.2741
1053.00,29.2313
1053.50,29.1804
1054.00,29.1374
1054.50,29.1040
1055.00,29.0756
1055.50,29.0536
1056.00,29.0461
1056.50,29.0576
1057.00,29.0815
1057.50,29.1054
1058.00,29.1201
1058.50,29.1253
1059.00,29.1278
1059.50,29.1360
1060.00,29.1558
1060.50,29.1882
1061.00,29.2297
1061.50,29.2747
1062.00,29.3153
1062.50,29.3407
1063.00,29.3409
1063.50,29.3145
1064.00,29.2726
1064.50,29.2332
1065.00,29.2115
1065.50,29.2130
1066.00,29.2339
1066.50,29.2640
1067.00,29.2914
1067.50,29.3094
1068.00,29.3238
1068.50,29.3499
1069.00,29.4017
1069.50,29.4816
1070.00,29.5786
1070.50,29.6740
1071.00,29.7486
1071.50,29.7878
1072.00,29.7868
1072.50,29.7543
1073.00,29.7103
1073.50,29.6754
1074.00,29.6584
1074.50,29.6511
1075.00,29.6363
1075.50,29.6000
1076.00,29.5389
1076.50,29.4615
1077.00,29.3828
1077.50,29.3196
1078.00,29.2854
1078.50,29.2852
1079.00,29.3131
1079.50,29.3562
1080.00,29.4036
1080.50,29.4532
1081.00,29.5069
1081.50,29.5610
1082.00,29.6008
1082.50,29.6094
1083.00,29.5822
1083.50,29.5312
1084.00,29.4764
1084.50,29.4338
1085.00,29.4087
1085.50,29.3975
1086.00,29.3913
1086.50,29.3836
1087.00,29.3764
1087.50,29.3790
1088.00,29.3965
1088.50,29.4195
1089.00,29.4261
1089.50,29.3972
1090.00,29.3319
1090.50,29.2483
1091.00,29.1716
1091.50,29.1197
1092.00,29.0985
1092.50,29.1044
1093.00,29.1297
1093.50,29.1652
1094.00,29.2024
1094.50,29.2365
1095.00,29.2692
1095.50,29.3058
1096.00,29.3467
1096.50,29.3817
1097.00,29.3957
1097.50,29.3846
1098.00,29.3642
1098.50,29.3608
1099.00,29.3894
1099.50,29.4423
1100.00,29.4961
1100.50,29.5304
1101.00,29.5386
1101.50,29.5258
1102.00,29.5017
1102.50,29.4762
1103.00,29.4573
1103.50,29.4485
1104.00,29.4454
1104.50,29.4407
1105.00,29.4369
1105.50,29.4516
1106.00,29.5054
1106.50,29.5989
1107.00,29.7010
1107.50,29.7657
1108.00,29.7659
1108.50,29.7122
1109.00,29.6415
1109.50,29.5866
1110.00,29.5571
1110.50,29.5454
1111.00,29.5442
1111.50,29.5537
1112.00,29.5764
1112.50,29.6078
1113.00,29.6391
1113.50,29.6649
1114.00,29.6852
1114.50,29.6979
1115.00,29.6920
1115.50,29.6539
1116.00,29.5828
1116.50,29.4968
1117.00,29.4232
1117.50,29.3787
1118.00,29.3593
1118.50,29.3454
1119.00,29.3175
1119.50,29.2693
1120.00,29.2097
1120.50,29.1552
1121.00,29.1200
1121.50,29.1091
1122.00,29.1200
1122.50,29.1472
1123.00,29.1853
1123.50,29.2294
1124.00,29.2742
1124.50,29.3136
1125.00,29.3413
1125.50,29.3551
1126.00,29.3625
1126.50,29.3789
1127.00,29.4156
1127.50,29.4685
1128.00,29.5197
1128.50,29.5534
1129.00,29.5683
1129.50,29.5768
1130.00,29.5913
1130.50,29.6129
1131.00,29.6318
1131.50,29.6383
1132.00,29.6360
1132.50,29.6418
1133.00,29.6707
1133.50,29.7189
1134.00,29.7634
1134.50,29.7797
1135.00,29.7620
1135.50,29.7285
1136.00,29.7070
1136.50,29.7149
1137.00,29.7476
1137.50,29.7831
1138.00,29.7978
1138.50,29.7790
1139.00,29.7281
1139.50,29.6538
1140.00,29.5667
1140.50,29.4792
1141.00,29.4081
1141.50,29.3720
1142.00,29.3779
1142.50,29.4132
1143.00,29.4533
1143.50,29.4812
1144.00,29.4962
1144.50,29.5062
1145.00,29.5155
1145.50,29.5232
1146.00,29.5268
1146.50,29.5243
1147.00,29.5139
1147.50,29.4956
1148.00,29.4758
1148.50,29.4640
1149.00,29.4657
1149.50,29.4774
1150.00,29.4889
1150.50,29.4919
1151.00,29.4847
1151.50,29.4713
1152.00,29.4570
1152.50,29.4450
1153.00,29.4359
1153.50,29.4309
1154.00,29.4336
1154.50,29.4503
1155.00,29.4852
1155.50,29.5365
1156.00,29.5941
1156.50,29.6426
1157.00,29.6661
1157.50,29.6546
1158.00,29.6095
1158.50,29.5451
1159.00,29.4853
1159.50,29.4533
1160.00,29.4600
1160.50,29.4988
1161.00,29.5510
1161.50,29.5971
1162.00,29.6253
1162.50,29.6337
1163.00,29.6279
1163.50,29.6185
1164.00,29.6164
1164.50,29.6267
1165.00,29.6469
1165.50,29.6677
1166.00,29.6779
1166.50,29.6679
1167.00,29.6348
1167.50,29.5872
1168.00,29.5446
1168.50,29.5264
1169.00,29.5402
1169.50,29.5767
1170.00,29.6156
1170.50,29.6372
1171.00,29.6299
1171.50,29.5959
1172.00,29.5499
1172.50,29.5124
1173.00,29.4967
1173.50,29.5007
1174.00,29.5107
1174.50,29.5156
1175.00,29.5170
1175.50,29.5260
1176.00,29.5510
1176.50,29.5876
1177.00,29.6215
1177.50,29.6390
1178.00,29.6348
1178.50,29.6128
1179.00,29.5828
1179.50,29.5577
1180.00,29.5498
1180.50,29.5641
1181.00,29.5940
1181.50,29.6225
1182.00,29.6303
1182.50,29.6073
1183.00,29.5605
1183.50,29.5112
1184.00,29.4808
1184.50,29.4772
1185.00,29.4928
1185.50,29.5147
1186.00,29.5365
1186.50,29.5608
1187.00,29.5939
1187.50,29.6388
1188.00,29.6906
1188.50,29.7365
1189.00,29.7609
1189.50,29.7530
1190.00,29.7150
1190.50,29.6640
1191.00,29.6224
1191.50,29.6043
1192.00,29.6061
1192.50,29.6123
1193.00,29.6083
1193.50,29.5930
1194.00,29.5761
1194.50,29.5674
1195.00,29.5681
1195.50,29.5727
1196.00,29.5754
1196.50,29.5739
1197.00,29.5674
1197.50,29.5547
1198.00,29.5342
1198.50,29.5067
1199.00,29.4771
1199.50,29.4532
1200.00,29.4413
1200.50,29.4423
1201.00,29.4525
1201.50,29.4693
1202.00,29.4936
1202.50,29.5270
1203.00,29.5648
1203.50,29.5978
1204.00,29.6201
1204.50,29.6332
1205.00,29.6385
1205.50,29.6281
1206.00,29.5879
1206.50,29.5110
1207.00,29.4096
1207.50,29.3109
1208.00,29.2413
1208.50,29.2115
1209.00,29.2134
1209.50,29.2306
1210.00,29.2531
1210.50,29.2828
1211.00,29.3275
1211.50,29.3884
1212.00,29.4540
1212.50,29.5066
1213.00,29.5348
1213.50,29.5436
1214.00,29.5494
1214.50,29.5652
1215.00,29.5890
1215.50,29.6090
1216.00,29.6164
1216.50,29.6124
1217.00,29.6033
1217.50,29.5926
1218.00,29.5786
1218.50,29.5578
1219.00,29.5323
1219.50,29.5124
1220.00,29.5150
1220.50,29.5550
1221.00,29.6340
1221.50,29.7338
1222.00,29.8215
1222.50,29.8637
1223.00,29.8449
1223.50,29.7777
1224.00,29.6975
1224.50,29.6425
1225.00,29.6282
1225.50,29.6388
1226.00,29.6411
1226.50,29.6112
1227.00,29.5499
1227.50,29.4777
1228.00,29.4190
1228.50,29.3896
1229.00,29.3942
1229.50,29.4271
1230.00,29.4743
1230.50,29.5206
1231.00,29.5584
1231.50,29.5909
1232.00,29.6247
1232.50,29.6586
1233.00,29.6811
1233.50,29.6795
1234.00,29.6499
1234.50,29.5973
1235.00,29.5303
1235.50,29.4578
1236.00,29.3902
1236.50,29.3407
1237.00,29.3206
1237.50,29.3328
1238.00,29.3704
1238.50,29.4233
1239.00,29.4862
1239.50,29.5583
1240.00,29.6368
1240.50,29.7082
1241.00,29.7506
1241.50,29.7481
1242.00,29.7053
1242.50,29.6458
1243.00,29.5968
1243.50,29.5711
1244.00,29.5637
1244.50,29.5600
1245.00,29.5484
1245.50,29.5273
1246.00,29.5051
1246.50,29.4939
1247.00,29.5024
1247.50,29.5301
1248.00,29.5674
1248.50,29.6007
1249.00,29.6199
1249.50,29.6230
1250.00,29.6142
1250.50,29.5989
1251.00,29.5816
1251.50,29.5644
1252.00,29.5479
1252.50,29.5333
1253.00,29.5266
1253.50,29.5394
1254.00,29.5822
1254.50,29.6569
1255.00,29.7525
1255.50,29.8516
1256.00,29.9382
1256.50,30.0023
1257.00,30.0372
1257.50,30.0367
1258.00,29.9983
1258.50,29.9287
1259.00,29.8446
1259.50,29.7659
1260.00,29.7072
1260.50,29.6742
1261.00,29.6663
1261.50,29.6788
1262.00,29.7057
1262.50,29.7411
1263.00,29.7795
1263.50,29.8153
1264.00,29.8425
1264.50,29.8586
1265.00,29.8677
1265.50,29.8772
1266.00,29.8927
1266.50,29.9140
1267.00,29.9369
1267.50,29.9585
1268.00,29.9809
1268.50,30.0096
1269.00,30.0474
1269.50,30.0885
1270.00,30.1201
1270.50,30.1315
1271.00,30.1208
1271.50,30.0940
1272.00,30.0577
1272.50,30.0146
1273.00,29.9661
1273.50,29.9157
1274.00,29.8691
1274.50,29.8279
1275.00,29.7899
1275.50,29.7530
1276.00,29.7200
1276.50,29.6970
1277.00,29.6889
1277.50,29.6967
1278.00,29.7168
1278.50,29.7417
1279.00,29.7604
1279.50,29.7624
1280.00,29.7441
1280.50,29.7131
1281.00,29.6835
1281.50,29.6677
1282.00,29.6703
1282.50,29.6880
1283.00,29.7143
1283.50,29.7424
1284.00,29.7688
1284.50,29.7950
1285.00,29.8260
1285.50,29.8636
1286.00,29.9020
1286.50,29.9299
1287.00,29.9389
1287.50,29.9312
1288.00,29.9178
1288.50,29.9083
1289.00,29.9015
1289.50,29.8873
1290.00,29.8606
1290.50,29.8305
1291.00,29.8159
1291.50,29.8318
1292.00,29.8794
1292.50,29.9484
1293.00,30.0245
1293.50,30.0930
1294.00,30.1411
1294.50,30.1596
1295.00,30.1476
1295.50,30.1122
1296.00,30.0636
1296.50,30.0078
1297.00,29.9487
1297.50,29.8936
1298.00,29.8522
1298.50,29.8280
1299.00,29.8129
1299.50,29.7947
1300.00,29.7704
1300.50,29.7494
1301.00,29.7424
1301.50,29.7483
1302.00,29.7538
1302.50,29.7446
1303.00,29.7178
1303.50,29.6827
1304.00,29.6523
1304.50,29.6352
1305.00,29.6354
1305.50,29.6536
1306.00,29.6883
1306.50,29.7350
1307.00,29.7885
1307.50,29.8465
1308.00,29.9087
1308.50,29.9712
1309.00,30.0224
1309.50,30.0472
1310.00,30.0372
1310.50,29.9989
1311.00,29.9522
1311.50,29.9170
1312.00,29.9010
1312.50,29.9008
1313.00,29.9101
1313.50,29.9273
1314.00,29.9530
1314.50,29.9847
1315.00,30.0168
1315.50,30.0449
1316.00,30.0672
1316.50,30.0828
1317.00,30.0898
1317.50,30.0862
1318.00,30.0719
1318.50,30.0511
1319.00,30.0309
1319.50,30.0152
1320.00,29.9997
1320.50,29.9750
1321.00,29.9388
1321.50,29.9040
1322.00,29.8898
1322.50,29.9038
1323.00,29.9347
1323.50,29.9647
1324.00,29.9864
1324.50,30.0040
1325.00,30.0206
1325.50,30.0304
1326.00,30.0245
1326.50,30.0018
1327.00,29.9730
1327.50,29.9560
1328.00,29.9655
1328.50,30.0049
1329.00,30.0623
1329.50,30.1170
1330.00,30.1530
1330.50,30.1682
1331.00,30.1722
1331.50,30.1754
1332.00,30.1799
1332.50,30.1805
1333.00,30.1709
1333.50,30.1496
1334.00,30.1216
1334.50,30.0953
1335.00,30.0787
1335.50,30.0761
1336.00,30.0879
1336.50,30.1119
1337.00,30.1454
1337.50,30.1856
1338.00,30.2296
1338.50,30.2727
1339.00,30.3081
1339.50,30.3292
1340.00,30.3358
1340.50,30.3363
1341.00,30.3407
1341.50,30.3523
1342.00,30.3644
1342.50,30.3685
1343.00,30.3603
1343.50,30.3412
1344.00,30.3153
1344.50,30.2874
1345.00,30.2620
1345.50,30.2419
1346.00,30.2295
1346.50,30.2268
1347.00,30.2359
1347.50,30.2569
1348.00,30.2883
1348.50,30.3284
1349.00,30.3749
1349.50,30.4205
1350.00,30.4529
1350.50,30.4623
1351.00,30.4500
1351.50,30.4304
1352.00,30.4205
1352.50,30.4299
1353.00,30.4583
1353.50,30.4995
1354.00,30.5467
1354.50,30.5935
1355.00,30.6340
1355.50,30.6631
1356.00,30.6789
1356.50,30.6822
1357.00,30.6762
1357.50,30.6651
1358.00,30.6545
1358.50,30.6505
1359.00,30.6580
1359.50,30.6771
1360.00,30.7020
1360.50,30.7232
1361.00,30.7332
1361.50,30.7312
1362.00,30.7212
1362.50,30.7071
1363.00,30.6891
1363.50,30.6675
1364.00,30.6453
1364.50,30.6265
1365.00,30.6120
1365.50,30.6003
1366.00,30.5939
1366.50,30.6015
1367.00,30.6315
1367.50,30.6809
1368.00,30.7324
1368.50,30.7638
1369.00,30.7627
1369.50,30.7363
1370.00,30.7061
1370.50,30.6932
1371.00,30.7046
1371.50,30.7301
1372.00,30.7536
1372.50,30.7673
1373.00,30.7772
1373.50,30.7964
1374.00,30.8325
1374.50,30.8801
1375.00,30.9239
1375.50,30.9480
1376.00,30.9426
1376.50,30.9051
1377.00,30.8419
1377.50,30.7698
1378.00,30.7132
1378.50,30.6915
1379.00,30.7081
1379.50,30.7504
1380.00,30.8022
1380.50,30.8543
1381.00,30.9076
1381.50,30.9648
1382.00,31.0215
1382.50,31.0635
1383.00,31.0737
1383.50,31.0444
1384.00,30.9825
1384.50,30.9042
1385.00,30.8253
1385.50,30.7561
1386.00,30.7001
1386.50,30.6568
1387.00,30.6244
1387.50,30.6026
1388.00,30.5915
1388.50,30.5883
1389.00,30.5853
1389.50,30.5748
1390.00,30.5543
1390.50,30.5274
1391.00,30.4990
1391.50,30.4713
1392.00,30.4463
1392.50,30.4299
1393.00,30.4311
1393.50,30.4546
1394.00,30.4939
1394.50,30.5340
1395.00,30.5623
1395.50,30.5770
1396.00,30.5860
1396.50,30.6007
1397.00,30.6290
1397.50,30.6735
1398.00,30.7302
1398.50,30.7916
1399.00,30.8504
1399.50,30.9025
1400.00,30.9452
1400.50,30.9734
1401.00,30.9780
1401.50,30.9501
1402.00,30.8864
1402.50,30.7946
1403.00,30.6930
1403.50,30.6044
1404.00,30.5473
1404.50,30.5280
1405.00,30.5412
1405.50,30.5773
1406.00,30.6266
1406.50,30.6792
1407.00,30.7234
1407.50,30.7533
1408.00,30.7748
1408.50,30.8027
1409.00,30.8452
1409.50,30.8954
1410.00,30.9384
1410.50,30.9651
1411.00,30.9778
1411.50,30.9834
1412.00,30.9858
1412.50,30.9844
1413.00,30.9763
1413.50,30.9574
1414.00,30.9227
1414.50,30.8692
1415.00,30.8016
1415.50,30.7323
1416.00,30.6751
1416.50,30.6381
1417.00,30.6223
1417.50,30.6249
1418.00,30.6408
1418.50,30.6615
1419.00,30.6783
1419.50,30.6881
1420.00,30.6941
1420.50,30.6995
1421.00,30.7015
1421.50,30.6953
1422.00,30.6820
1422.50,30.6699
1423.00,30.6668
1423.50,30.6727
1424.00,30.6822
1424.50,30.6904
1425.00,30.6944
1425.50,30.6900
1426.00,30.6699
1426.50,30.6299
1427.00,30.5773
1427.50,30.5311
1428.00,30.5116
1428.50,30.5256
1429.00,30.5618
1429.50,30.6002
1430.00,30.6247
1430.50,30.6297
1431.00,30.6185
1431.50,30.5993
1432.00,30.5833
1432.50,30.5795
1433.00,30.5902
1433.50,30.6109
1434.00,30.6356
1434.50,30.6621
1435.00,30.6945
1435.50,30.7400
1436.00,30.8035
1436.50,30.8807
1437.00,30.9528
1437.50,30.9921
1438.00,30.9796
1438.50,30.9210
1439.00,30.8437
1439.50,30.7732
1440.00,30.7143
1440.50,30.6557
1441.00,30.5904
1441.50,30.5269
1442.00,30.4813
1442.50,30.4627
1443.00,30.4685
1443.50,30.4906
1444.00,30.5230
1444.50,30.5623
1445.00,30.6040
1445.50,30.6417
1446.00,30.6688
1446.50,30.6826
1447.00,30.6852
1447.50,30.6827
1448.00,30.6807
1448.50,30.6801
1449.00,30.6756
1449.50,30.6610
1450.00,30.6362
1450.50,30.6094
1451.00,30.5916
1451.50,30.5892
1452.00,30.6003
1452.50,30.6161
1453.00,30.6256
1453.50,30.6203
1454.00,30.5982
1454.50,30.5645
1455.00,30.5287
1455.50,30.4958
1456.00,30.4610
1456.50,30.4142
1457.00,30.3533
1457.50,30.2920
1458.00,30.2519
1458.50,30.2479
1459.00,30.2811
1459.50,30.3406
1460.00,30.4107
1460.50,30.4755
1461.00,30.5207
1461.50,30.5376
1462.00,30.5271
1462.50,30.5011
1463.00,30.4786
1463.50,30.4780
1464.00,30.5088
1464.50,30.5678
1465.00,30.6397
1465.50,30.7064
1466.00,30.7581
1466.50,30.7967
1467.00,30.8288
1467.50,30.8567
1468.00,30.8758
1468.50,30.8776
1469.00,30.8568
1469.50,30.8153
1470.00,30.7638
1470.50,30.7178
1471.00,30.6885
1471.50,30.6768
1472.00,30.6735
1472.50,30.6669
1473.00,30.6522
1473.50,30.6334
1474.00,30.6179
1474.50,30.6097
1475.00,30.6072
1475.50,30.6064
1476.00,30.6029
1476.50,30.5910
1477.00,30.5653
1477.50,30.5264
1478.00,30.4861
1478.50,30.4648
1479.00,30.4801
1479.50,30.5370
1480.00,30.6239
1480.50,30.7183
1481.00,30.7979
1481.50,30.8514
1482.00,30.8810
1482.50,30.8944
1483.00,30.8939
1483.50,30.8743
1484.00,30.8305
1484.50,30.7676
1485.00,30.7016
1485.50,30.6507
1486.00,30.6229
1486.50,30.6122
1487.00,30.6036
1487.50,30.5865
1488.00,30.5649
1488.50,30.5567
1489.00,30.5818
1489.50,30.6471
1490.00,30.7378
1490.50,30.8242
1491.00,30.8784
1491.50,30.8907
1492.00,30.8714
1492.50,30.8389
1493.00,30.8062
1493.50,30.7780
1494.00,30.7561
1494.50,30.7430
1495.00,30.7405
1495.50,30.7471
1496.00,30.7587
1496.50,30.7719
1497.00,30.7855
1497.50,30.7990
1498.00,30.8107
1498.50,30.8187
1499.00,30.8238
1499.50,30.8282
1500.00,30.8305
1500.50,30.8241
1501.00,30.8011
1501.50,30.7590
1502.00,30.7030
1502.50,30.6439
1503.00,30.5962
1503.50,30.5753
1504.00,30.5920
1504.50,30.6454
1505.00,30.7186
1505.50,30.7852
1506.00,30.8230
1506.50,30.8256
1507.00,30.8037
1507.50,30.7772
1508.00,30.7614
1508.50,30.7594
1509.00,30.7614
1509.50,30.7542
1510.00,30.7283
1510.50,30.6823
1511.00,30.6227
1511.50,30.5627
1512.00,30.5178
1512.50,30.4994
1513.00,30.5074
1513.50,30.5299
1514.00,30.5494
1514.50,30.5509
1515.00,30.5297
1515.50,30.4942
1516.00,30.4637
1516.50,30.4559
1517.00,30.4755
1517.50,30.5121
1518.00,30.5503
1518.50,30.5825
1519.00,30.6081
1519.50,30.6244
1520.00,30.6238
1520.50,30.6008
1521.00,30.5601
1521.50,30.5141
1522.00,30.4767
1522.50,30.4586
1523.00,30.4657
1523.50,30.4941
1524.00,30.5304
1524.50,30.5600
1525.00,30.5790
1525.50,30.5953
1526.00,30.6173
1526.50,30.6440
1527.00,30.6698
1527.50,30.6957
1528.00,30.7292
1528.50,30.7723
1529.00,30.8141
1529.50,30.8387
1530.00,30.8389
1530.50,30.8206
1531.00,30.7974
1531.50,30.7833
1532.00,30.7874
1532.50,30.8104
1533.00,30.8407
1533.50,30.8590
1534.00,30.8529
1534.50,30.8284
1535.00,30.8069
1535.50,30.8071
1536.00,30.8280
1536.50,30.8451
1537.00,30.8264
1537.50,30.7547
1538.00,30.6432
1538.50,30.5303
1539.00,30.4574
1539.50,30.4453
1540.00,30.4856
1540.50,30.5526
1541.00,30.6186
1541.50,30.6641
1542.00,30.6804
1542.50,30.6710
1543.00,30.6500
1543.50,30.6358
1544.00,30.6388
1544.50,30.6558
1545.00,30.6756
1545.50,30.6896
1546.00,30.6989
1546.50,30.7112
1547.00,30.7335
1547.50,30.7640
1548.00,30.7898
1548.50,30.7940
1549.00,30.7689
1549.50,30.7253
1550.00,30.6823
1550.50,30.6510
1551.00,30.6266
1551.50,30.5973
1552.00,30.5583
1552.50,30.5174
1553.00,30.4897
1553.50,30.4890
1554.00,30.5210
1554.50,30.5808
1555.00,30.6551
1555.50,30.7259
1556.00,30.7763
1556.50,30.7948
1557.00,30.7783
1557.50,30.7345
1558.00,30.6804
1558.50,30.6345
1559.00,30.6084
1559.50,30.6027
1560.00,30.6101
1560.50,30.6248
1561.00,30.6483
1561.50,30.6876
1562.00,30.7441
1562.50,30.8067
1563.00,30.8565
1563.50,30.8806
1564.00,30.8811
1564.50,30.8719
1565.00,30.8687
1565.50,30.8794
1566.00,30.9022
1566.50,30.9268
1567.00,30.9416
1567.50,30.9399
1568.00,30.9218
1568.50,30.8924
1569.00,30.8595
1569.50,30.8323
1570.00,30.8174
1570.50,30.8151
1571.00,30.8162
1571.50,30.8075
1572.00,30.7813
1572.50,30.7410
1573.00,30.6995
1573.50,30.6702
1574.00,30.6581
1574.50,30.6610
1575.00,30.6756
1575.50,30.7033
1576.00,30.7447
1576.50,30.7907
1577.00,30.8244
1577.50,30.8333
1578.00,30.8198
1578.50,30.7972
1579.00,30.7788
1579.50,30.7711
1580.00,30.7751
1580.50,30.7898
1581.00,30.8140
1581.50,30.8449
1582.00,30.8765
1582.50,30.9005
1583.00,30.9116
1583.50,30.9109
1584.00,30.9042
1584.50,30.8954
1585.00,30.8839
1585.50,30.8691
1586.00,30.8563
1586.50,30.8588
1587.00,30.8926
1587.50,30.9693
1588.00,31.0904
1588.50,31.2459
1589.00,31.4207
1589.50,31.6048
1590.00,31.7969
1590.50,31.9977
1591.00,32.1984
1591.50,32.3793
1592.00,32.5185
1592.50,32.6052
1593.00,32.6431
1593.50,32.6462
1594.00,32.6324
1594.50,32.6189
1595.00,32.6169
1595.50,32.6282
1596.00,32.6459
1596.50,32.6603
1597.00,32.6649
1597.50,32.6573
1598.00,32.6387
1598.50,32.6131
1599.00,32.5903
1599.50,32.5850
1600.00,32.6089
1600.50,32.6629
1601.00,32.7351
1601.50,32.8043
1602.00,32.8484
1602.50,32.8507
1603.00,32.8069
1603.50,32.7267
1604.00,32.6314
1604.50,32.5444
1605.00,32.4834
1605.50,32.4560
1606.00,32.4595
1606.50,32.4832
1607.00,32.5115
1607.50,32.5287
1608.00,32.5245
1608.50,32.4987
1609.00,32.4595
1609.50,32.4177
1610.00,32.3821
1610.50,32.3604
1611.00,32.3589
1611.50,32.3792
1612.00,32.4140
1612.50,32.4487
1613.00,32.4685
1613.50,32.4676
1614.00,32.4524
1614.50,32.4405
1615.00,32.4533
1615.50,32.5059
1616.00,32.5970
1616.50,32.7054
1617.00,32.8006
1617.50,32.8612
1618.00,32.8878
1618.50,32.8953
1619.00,32.8951
1619.50,32.8856
1620.00,32.8607
1620.50,32.8247
1621.00,32.7925
1621.50,32.7774
1622.00,32.7795
1622.50,32.7866
1623.00,32.7844
1623.50,32.7660
1624.00,32.7346
1624.50,32.7015
1625.00,32.6793
1625.50,32.6742
1626.00,32.6829
1626.50,32.6966
1627.00,32.7098
1627.50,32.7240
1628.00,32.7434
1628.50,32.7674
1629.00,32.7896
1629.50,32.8022
1630.00,32.8033
1630.50,32.7973
1631.00,32.7912
1631.50,32.7907
1632.00,32.7980
1632.50,32.8126
1633.00,32.8321
1633.50,32.8532
1634.00,32.8733
1634.50,32.8920
1635.00,32.9091
1635.50,32.9231
1636.00,32.9333
1636.50,32.9417
1637.00,32.9528
1637.50,32.9693
1638.00,32.9873
1638.50,32.9979
1639.00,32.9911
1639.50,32.9613
1640.00,32.9114
1640.50,32.8507
1641.00,32.7896
1641.50,32.7329
1642.00,32.6812
1642.50,32.6349
1643.00,32.5978
1643.50,32.5747
1644.00,32.5665
1644.50,32.5697
1645.00,32.5797
1645.50,32.5935
1646.00,32.6081
1646.50,32.6171
1647.00,32.6125
1647.50,32.5901
1648.00,32.5538
1648.50,32.5148
1649.00,32.4879
1649.50,32.4848
1650.00,32.5063
1650.50,32.5407
1651.00,32.5731
1651.50,32.5976
1652.00,32.6190
1652.50,32.6407
1653.00,32.6563
1653.50,32.6563
1654.00,32.6414
1654.50,32.6264
1655.00,32.6287
1655.50,32.6541
1656.00,32.6965
1656.50,32.7448
1657.00,32.7882
1657.50,32.8154
1658.00,32.8158
1658.50,32.7892
1659.00,32.7532
1659.50,32.7364
1660.00,32.7571
1660.50,32.8055
1661.00,32.8489
1661.50,32.8547
1662.00,32.8143
1662.50,32.7449
1663.00,32.6758
1663.50,32.6301
1664.00,32.6177
1664.50,32.6369
1665.00,32.6793
1665.50,32.7329
1666.00,32.7842
1666.50,32.8231
1667.00,32.8467
1667.50,32.8598
1668.00,32.8713
1668.50,32.8883
1669.00,32.9118
1669.50,32.9333
1670.00,32.9365
1670.50,32.9052
1671.00,32.8380
1671.50,32.7563
1672.00,32.6954
1672.50,32.6814
1673.00,32.7117
1673.50,32.7566
1674.00,32.7823
1674.50,32.7737
1675.00,32.7395
1675.50,32.6998
1676.00,32.6708
1676.50,32.6593
1677.00,32.6639
1677.50,32.6763
1678.00,32.6842
1678.50,32.6750
1679.00,32.6412
1679.50,32.5850
1680.00,32.5177
1680.50,32.4530
1681.00,32.3996
1681.50,32.3585
1682.00,32.3262
1682.50,32.3020
1683.00,32.2890
1683.50,32.2907
1684.00,32.3042
1684.50,32.3182
1685.00,32.3192
1685.50,32.3013
1686.00,32.2745
1686.50,32.2582
1687.00,32.2673
1687.50,32.3005
1688.00,32.3428
1688.50,32.3761
1689.00,32.3897
1689.50,32.3849
1690.00,32.3756
1690.50,32.3813
1691.00,32.4132
1691.50,32.4655
1692.00,32.5200
1692.50,32.5620
1693.00,32.5872
1693.50,32.5956
1694.00,32.5831
1694.50,32.5433
1695.00,32.4767
1695.50,32.3939
1696.00,32.3096
1696.50,32.2345
1697.00,32.1715
1697.50,32.1187
1698.00,32.0735
1698.50,32.0350
1699.00,32.0039
1699.50,31.9831
1700.00,31.9764
1700.50,31.9856
1701.00,32.0059
1701.50,32.0281
1702.00,32.0447
1702.50,32.0561
1703.00,32.0684
1703.50,32.0875
1704.00,32.1131
1704.50,32.1375
1705.00,32.1480
1705.50,32.1325
1706.00,32.0869
1706.50,32.0176
1707.00,31.9379
1707.50,31.8600
1708.00,31.7911
1708.50,31.7352
1709.00,31.6954
1709.50,31.6759
1710.00,31.6791
1710.50,31.7012
1711.00,31.7306
1711.50,31.7518
1712.00,31.7555
1712.50,31.7432
1713.00,31.7215
1713.50,31.6963
1714.00,31.6718
1714.50,31.6540
1715.00,31.6479
1715.50,31.6497
1716.00,31.6451
1716.50,31.6179
1717.00,31.5621
1717.50,31.4868
1718.00,31.4114
1718.50,31.3558
1719.00,31.3318
1719.50,31.3386
1720.00,31.3631
1720.50,31.3873
1721.00,31.3964
1721.50,31.3855
1722.00,31.3608
1722.50,31.3340
1723.00,31.3138
1723.50,31.3010
1724.00,31.2920
1724.50,31.2866
1725.00,31.2892
1725.50,31.3029
1726.00,31.3241
1726.50,31.3463
1727.00,31.3669
1727.50,31.3884
1728.00,31.4110
1728.50,31.4262
1729.00,31.4190
1729.50,31.3805
1730.00,31.3182
1730.50,31.2549
1731.00,31.2132
1731.50,31.2017
1732.00,31.2131
1732.50,31.2335
1733.00,31.2511
1733.50,31.2602
1734.00,31.2622
1734.50,31.2653
1735.00,31.2792
1735.50,31.3078
1736.00,31.3429
1736.50,31.3693
1737.00,31.3761
1737.50,31.3649
1738.00,31.3478
1738.50,31.3382
1739.00,31.3431
1739.50,31.3607
1740.00,31.3831
1740.50,31.4044
1741.00,31.4251
1741.50,31.4498
1742.00,31.4774
1742.50,31.4964
1743.00,31.4947
1743.50,31.4743
1744.00,31.4533
1744.50,31.4506
1745.00,31.4696
1745.50,31.4982
1746.00,31.5227
1746.50,31.5391
1747.00,31.5518
1747.50,31.5644
1748.00,31.5746
1748.50,31.5795
1749.00,31.5822
1749.50,31.5898
1750.00,31.6038
1750.50,31.6166
1751.00,31.6171
1751.50,31.6011
1752.00,31.5737
1752.50,31.5449
1753.00,31.5225
1753.50,31.5084
1754.00,31.4987
1754.50,31.4844
1755.00,31.4569
1755.50,31.4160
1756.00,31.3726
1756.50,31.3423
1757.00,31.3315
1757.50,31.3318
1758.00,31.3256
1758.50,31.2987
1759.00,31.2488
1759.50,31.1861
1760.00,31.1281
1760.50,31.0898
1761.00,31.0752
1761.50,31.0759
1762.00,31.0791
1762.50,31.0779
1763.00,31.0756
1763.50,31.0818
1764.00,31.1038
1764.50,31.1396
1765.00,31.1761
1765.50,31.1968
1766.00,31.1944
1766.50,31.1771
1767.00,31.1633
1767.50,31.1677
1768.00,31.1925
1768.50,31.2274
1769.00,31.2590
1769.50,31.2808
1770.00,31.2965
1770.50,31.3156
1771.00,31.3461
1771.50,31.3909
1772.00,31.4467
1772.50,31.5042
1773.00,31.5498
1773.50,31.5708
1774.00,31.5657
1774.50,31.5491
1775.00,31.5453
1775.50,31.5713
1776.00,31.6229
1776.50,31.6761
1777.00,31.7067
1777.50,31.7089
1778.00,31.6977
1778.50,31.6924
1779.00,31.6992
1779.50,31.7087
1780.00,31.7071
1780.50,31.6900
1781.00,31.6642
1781.50,31.6382
1782.00,31.6153
1782.50,31.5944
1783.00,31.5773
1783.50,31.5697
1784.00,31.5770
1784.50,31.6009
1785.00,31.6397
1785.50,31.6880
1786.00,31.7343
1786.50,31.7618
1787.00,31.7543
1787.50,31.7075
1788.00,31.6330
1788.50,31.5523
1789.00,31.4827
1789.50,31.4284
1790.00,31.3857
1790.50,31.3546
1791.00,31.3414
1791.50,31.3504
1792.00,31.3729
1792.50,31.3911
1793.00,31.3923
1793.50,31.3791
1794.00,31.3655
1794.50,31.3620
1795.00,31.3660
1795.50,31.3661
1796.00,31.3545
1796.50,31.3340
1797.00,31.3144
1797.50,31.3047
1798.00,31.3098
1798.50,31.3323
1799.00,31.3726
1799.50,31.4242
1800.00,31.4717
1800.50,31.4954
1801.00,31.4835
1801.50,31.4386
1802.00,31.3749
1802.50,31.3081
1803.00,31.2476
1803.50,31.1974
1804.00,31.1590
1804.50,31.1330
1805.00,31.1165
1805.50,31.1053
1806.00,31.0973
1806.50,31.0952
1807.00,31.1027
1807.50,31.1160
1808.00,31.1215
1808.50,31.1038
1809.00,31.0581
1809.50,30.9981
1810.00,30.9494
1810.50,30.9353
1811.00,30.9658
1811.50,31.0343
1812.00,31.1205
1812.50,31.1983
1813.00,31.2460
1813.50,31.2559
1814.00,31.2351
1814.50,31.1966
1815.00,31.1511
1815.50,31.1040
1816.00,31.0596
1816.50,31.0238
1817.00,31.0043
1817.50,31.0075
1818.00,31.0332
1818.50,31.0714
1819.00,31.1029
1819.50,31.1091
1820.00,31.0813
1820.50,31.0235
1821.00,30.9477
1821.50,30.8688
1822.00,30.8017
1822.50,30.7598
1823.00,30.7527
1823.50,30.7833
1824.00,30.8475
1824.50,30.9364
1825.00,31.0369
1825.50,31.1316
1826.00,31.2026
1826.50,31.2383
1827.00,31.2395
1827.50,31.2164
1828.00,31.1812
1828.50,31.1413
1829.00,31.1002
1829.50,31.0616
1830.00,31.0339
1830.50,31.0292
1831.00,31.0550
1831.50,31.1054
1832.00,31.1608
1832.50,31.1967
1833.00,31.1982
1833.50,31.1659
1834.00,31.1105
1834.50,31.0437
1835.00,30.9751
1835.50,30.9158
1836.00,30.8783
1836.50,30.8705
1837.00,30.8889
1837.50,30.9200
1838.00,30.9504
1838.50,30.9738
1839.00,30.9900
1839.50,30.9988
1840.00,30.9969
1840.50,30.9806
1841.00,30.9495
1841.50,30.9079
1842.00,30.8644
1842.50,30.8307
1843.00,30.8199
1843.50,30.8423
1844.00,30.8983
1844.50,30.9739
1845.00,31.0445
1845.50,31.0884
1846.00,31.1002
1846.50,31.0941
1847.00,31.0926
1847.50,31.1118
1848.00,31.1507
1848.50,31.1918
1849.00,31.2142
1849.50,31.2093
1850.00,31.1858
1850.50,31.1579
1851.00,31.1312
1851.50,31.1004
1852.00,31.0582
1852.50,31.0036
1853.00,30.9406
1853.50,30.8764
1854.00,30.8211
1854.50,30.7863
1855.00,30.7790
1855.50,30.7958
1856.00,30.8224
1856.50,30.8421
1857.00,30.8456
1857.50,30.8347
1858.00,30.8167
1858.50,30.7977
1859.00,30.7793
1859.50,30.7626
1860.00,30.7479
1860.50,30.7337
1861.00,30.7145
1861.50,30.6842
1862.00,30.6426
1862.50,30.5978
1863.00,30.5602
1863.50,30.5378
1864.00,30.5353
1864.50,30.5557
1865.00,30.5988
1865.50,30.6591
1866.00,30.7270
1866.50,30.7925
1867.00,30.8450
1867.50,30.8738
1868.00,30.8720
1868.50,30.8441
1869.00,30.8065
1869.50,30.7791
1870.00,30.7728
1870.50,30.7841
1871.00,30.8016
1871.50,30.8161
1872.00,30.8248
1872.50,30.8271
1873.00,30.8220
1873.50,30.8123
1874.00,30.8074
1874.50,30.8169
1875.00,30.8379
1875.50,30.8524
1876.00,30.8405
1876.50,30.7995
1877.00,30.7461
1877.50,30.7014
1878.00,30.6730
1878.50,30.6532
1879.00,30.6317
1879.50,30.6078
1880.00,30.5900
1880.50,30.5859
1881.00,30.5942
1881.50,30.6047
1882.00,30.6078
1882.50,30.6011
1883.00,30.5908
1883.50,30.5859
1884.00,30.5927
1884.50,30.6123
1885.00,30.6414
1885.50,30.6727
1886.00,30.6964
1886.50,30.7033
1887.00,30.6910
1887.50,30.6695
1888.00,30.6570
1888.50,30.6685
1889.00,30.7041
1889.50,30.7497
1890.00,30.7843
1890.50,30.7903
1891.00,30.7591
1891.50,30.6932
1892.00,30.6055
1892.50,30.5143
1893.00,30.4366
1893.50,30.3827
1894.00,30.3564
1894.50,30.3566
1895.00,30.3796
1895.50,30.4191
1896.00,30.4658
1896.50,30.5082
1897.00,30.5352
1897.50,30.5409
1898.00,30.5265
1898.50,30.5020
1899.00,30.4822
1899.50,30.4803
1900.00,30.5006
1900.50,30.5359
1901.00,30.5715
1901.50,30.5930
1902.00,30.5942
1902.50,30.5783
1903.00,30.5537
1903.50,30.5304
1904.00,30.5179
1904.50,30.5227
1905.00,30.5435
1905.50,30.5686
1906.00,30.5808
1906.50,30.5698
1907.00,30.5393
1907.50,30.5045
1908.00,30.4793
1908.50,30.4673
1909.00,30.4623
1909.50,30.4561
1910.00,30.4430
1910.50,30.4226
1911.00,30.4010
1911.50,30.3899
1912.00,30.4007
1912.50,30.4359
1913.00,30.4849
1913.50,30.5291
1914.00,30.5529
1914.50,30.5515
1915.00,30.5308
1915.50,30.5011
1916.00,30.4730
1916.50,30.4554
1917.00,30.4521
1917.50,30.4601
1918.00,30.4718
1918.50,30.4806
1919.00,30.4870
1919.50,30.4978
1920.00,30.5205
1920.50,30.5563
1921.00,30.5969
1921.50,30.6279
1922.00,30.6369
1922.50,30.6218
1923.00,30.5907
1923.50,30.5562
1924.00,30.5287
1924.50,30.5133
1925.00,30.5103
1925.50,30.5154
1926.00,30.5200
1926.50,30.5156
1927.00,30.4995
1927.50,30.4770
1928.00,30.4576
1928.50,30.4494
1929.00,30.4569
1929.50,30.4785
1930.00,30.5064
1930.50,30.5287
1931.00,30.5363
1931.50,30.5289
1932.00,30.5149
1932.50,30.5045
1933.00,30.5043
1933.50,30.5177
1934.00,30.5467
1934.50,30.5923
1935.00,30.6501
1935.50,30.7099
1936.00,30.7574
1936.50,30.7793
1937.00,30.7684
1937.50,30.7260
1938.00,30.6640
1938.50,30.6001
1939.00,30.5491
1939.50,30.5147
1940.00,30.4881
1940.50,30.4583
1941.00,30.4233
1941.50,30.3940
1942.00,30.3849
1942.50,30.4013
1943.00,30.4361
1943.50,30.4760
1944.00,30.5099
1944.50,30.5322
1945.00,30.5438
1945.50,30.5495
1946.00,30.5549
1946.50,30.5612
1947.00,30.5649
1947.50,30.5626
1948.00,30.5574
1948.50,30.5560
1949.00,30.5604
1949.50,30.5626
1950.00,30.5515
1950.50,30.5232
1951.00,30.4855
1951.50,30.4508
1952.00,30.4269
1952.50,30.4142
1953.00,30.4096
1953.50,30.4105
1954.00,30.4166
1954.50,30.4294
1955.00,30.4510
1955.50,30.4826
1956.00,30.5207
1956.50,30.5547
1957.00,30.5711
1957.50,30.5644
1958.00,30.5431
1958.50,30.5234
1959.00,30.5140
1959.50,30.5101
1960.00,30.5021
1960.50,30.4894
1961.00,30.4809
1961.50,30.4822
1962.00,30.4865
1962.50,30.4800
1963.00,30.4555
1963.50,30.4174
1964.00,30.3753
1964.50,30.3360
1965.00,30.3029
1965.50,30.2821
1966.00,30.2842
1966.50,30.3152
1967.00,30.3664
1967.50,30.4134
1968.00,30.4281
1968.50,30.3937
1969.00,30.3129
1969.50,30.2067
1970.00,30.1072
1970.50,30.0452
1971.00,30.0353
1971.50,30.0690
1972.00,30.1218
1972.50,30.1684
1973.00,30.1949
1973.50,30.2006
1974.00,30.1936
1974.50,30.1855
1975.00,30.1842
1975.50,30.1912
1976.00,30.2039
1976.50,30.2218
1977.00,30.2483
1977.50,30.2864
1978.00,30.3327
1978.50,30.3777
1979.00,30.4116
1979.50,30.4271
1980.00,30.4190
1980.50,30.3852
1981.00,30.3313
1981.50,30.2722
1982.00,30.2289
1982.50,30.2195
1983.00,30.2521
1983.50,30.3208
1984.00,30.4057
1984.50,30.4798
1985.00,30.5197
1985.50,30.5169
1986.00,30.4823
1986.50,30.4409
1987.00,30.4179
1987.50,30.4258
1988.00,30.4587
1988.50,30.4975
1989.00,30.5222
1989.50,30.5237
1990.00,30.5076
1990.50,30.4885
1991.00,30.4790
1991.50,30.4828
1992.00,30.4961
1992.50,30.5131
1993.00,30.5301
1993.50,30.5436
1994.00,30.5473
1994.50,30.5331
1995.00,30.4987
1995.50,30.4528
1996.00,30.4126
1996.50,30.3946
1997.00,30.4075
1997.50,30.4514
1998.00,30.5200
1998.50,30.6024
1999.00,30.6842
1999.50,30.7514
2000.00,30.7980
2000.50,30.8295
2001.00,30.8591
2001.50,30.8951
2002.00,30.9316
2002.50,30.9509
2003.00,30.9382
2003.50,30.8925
2004.00,30.8252
2004.50,30.7515
2005.00,30.6852
2005.50,30.6394
2006.00,30.6255
2006.50,30.6454
2007.00,30.6865
2007.50,30.7256
2008.00,30.7412
2008.50,30.7245
2009.00,30.6822
2009.50,30.6316
2010.00,30.5909
2010.50,30.5715
2011.00,30.5766
2011.50,30.6023
2012.00,30.6378
2012.50,30.6651
2013.00,30.6688
2013.50,30.6481
2014.00,30.6194
2014.50,30.6043
2015.00,30.6163
2015.50,30.6579
2016.00,30.7246
2016.50,30.8061
2017.00,30.8852
2017.50,30.9414
2018.00,30.9593
2018.50,30.9352
2019.00,30.8779
2019.50,30.8050
2020.00,30.7373
2020.50,30.6935
2021.00,30.6813
2021.50,30.6921
2022.00,30.7063
2022.50,30.7092
2023.00,30.7039
2023.50,30.7085
2024.00,30.7404
2024.50,30.8020
2025.00,30.8812
2025.50,30.9614
2026.00,31.0336
2026.50,31.0986
2027.00,31.1622
2027.50,31.2271
2028.00,31.2881
2028.50,31.3339
2029.00,31.3537
2029.50,31.3473
2030.00,31.3282
2030.50,31.3165
2031.00,31.3251
2031.50,31.3522
2032.00,31.3868
2032.50,31.4193
2033.00,31.4467
2033.50,31.4698
2034.00,31.4911
2034.50,31.5138
2035.00,31.5430
2035.50,31.5836
2036.00,31.6363
2036.50,31.6976
2037.00,31.7623
2037.50,31.8277
2038.00,31.8955
2038.50,31.9677
2039.00,32.0428
2039.50,32.1155
2040.00,32.1811
2040.50,32.2387
2041.00,32.2917
2041.50,32.3454
2042.00,32.4030
2042.50,32.4629
2043.00,32.5175
2043.50,32.5587
2044.00,32.5852
2044.50,32.6071
2045.00,32.6409
2045.50,32.6998
2046.00,32.7863
2046.50,32.8939
2047.00,33.0138
2047.50,33.1401
2048.00,33.2670
2048.50,33.3843
2049.00,33.4776
2049.50,33.5359
2050.00,33.5603
2050.50,33.5650
2051.00,33.5702
2051.50,33.5932
2052.00,33.6434
2052.50,33.7212
2053.00,33.8223
2053.50,33.9427
2054.00,34.0807
2054.50,34.2317
2055.00,34.3851
2055.50,34.5291
2056.00,34.6585
2056.50,34.7775
2057.00,34.8932
2057.50,35.0091
2058.00,35.1221
2058.50,35.2241
2059.00,35.3053
2059.50,35.3615
2060.00,35.4010
2060.50,35.4413
2061.00,35.4975
2061.50,35.5717
2062.00,35.6533
2062.50,35.7281
2063.00,35.7865
2063.50,35.8278
2064.00,35.8584
2064.50,35.8897
2065.00,35.9318
2065.50,35.9866
2066.00,36.0430
2066.50,36.0829
2067.00,36.0943
2067.50,36.0802
2068.00,36.0529
2068.50,36.0206
2069.00,35.9802
2069.50,35.9221
2070.00,35.8412
2070.50,35.7419
2071.00,35.6331
2071.50,35.5175
2072.00,35.3876
2072.50,35.2300
2073.00,35.0364
2073.50,34.8088
2074.00,34.5567
2074.50,34.2915
2075.00,34.0243
2075.50,33.7660
2076.00,33.5260
2076.50,33.3094
2077.00,33.1153
2077.50,32.9376
2078.00,32.7669
2078.50,32.5945
2079.00,32.4158
2079.50,32.2321
2080.00,32.0475
2080.50,31.8646
2081.00,31.6849
2081.50,31.5128
2082.00,31.3578
2082.50,31.2316
2083.00,31.1428
2083.50,31.0913
2084.00,31.0685
2084.50,31.0604
2085.00,31.0516
2085.50,31.0320
2086.00,31.0028
2086.50,30.9773
2087.00,30.9700
2087.50,30.9832
2088.00,31.0041
2088.50,31.0159
2089.00,31.0098
2089.50,30.9863
2090.00,30.9487
2090.50,30.8989
2091.00,30.8390
2091.50,30.7723
2092.00,30.7025
2092.50,30.6344
2093.00,30.5746
2093.50,30.5296
2094.00,30.5026
2094.50,30.4935
2095.00,30.5008
2095.50,30.5214
2096.00,30.5486
2096.50,30.5741
2097.00,30.5931
2097.50,30.6075
2098.00,30.6229
2098.50,30.6439
2099.00,30.6717
2099.50,30.7047
2100.00,30.7367
2100.50,30.7564
2101.00,30.7519
2101.50,30.7175
2102.00,30.6581
2102.50,30.5867
2103.00,30.5192
2103.50,30.4695
2104.00,30.4473
2104.50,30.4562
2105.00,30.4912
2105.50,30.5408
2106.00,30.5928
2106.50,30.6404
2107.00,30.6840
2107.50,30.7257
2108.00,30.7623
2108.50,30.7848
2109.00,30.7859
2109.50,30.7681
2110.00,30.7430
2110.50,30.7238
2111.00,30.7181
2111.50,30.7263
2112.00,30.7463
2112.50,30.7769
2113.00,30.8184
2113.50,30.8698
2114.00,30.9263
2114.50,30.9820
2115.00,31.0331
2115.50,31.0806
2116.00,31.1292
2116.50,31.1828
2117.00,31.2427
2117.50,31.3067
2118.00,31.3707
2118.50,31.4318
2119.00,31.4925
2119.50,31.5595
2120.00,31.6337
2120.50,31.7030
2121.00,31.7471
2121.50,31.7529
2122.00,31.7239
2122.50,31.6766
2123.00,31.6319
2123.50,31.6073
2124.00,31.6116
2124.50,31.6406
2125.00,31.6800
2125.50,31.7160
2126.00,31.7433
2126.50,31.7632
2127.00,31.7752
2127.50,31.7747
2128.00,31.7602
2128.50,31.7380
2129.00,31.7203
2129.50,31.7161
2130.00,31.7256
2130.50,31.7405
2131.00,31.7500
2131.50,31.7473
2132.00,31.7344
2132.50,31.7193
2133.00,31.7086
2133.50,31.7014
2134.00,31.6913
2134.50,31.6768
2135.00,31.6647
2135.50,31.6643
2136.00,31.6767
2136.50,31.6906
2137.00,31.6896
2137.50,31.6625
2138.00,31.6085
2138.50,31.5351
2139.00,31.4523
2139.50,31.3684
2140.00,31.2888
2140.50,31.2187
2141.00,31.1663
2141.50,31.1404
2142.00,31.1412
2142.50,31.1530
2143.00,31.1505
2143.50,31.1172
2144.00,31.0580
2144.50,30.9931
2145.00,30.9416
2145.50,30.9085
2146.00,30.8873
2146.50,30.8685
2147.00,30.8449
2147.50,30.8126
2148.00,30.7714
2148.50,30.7252
2149.00,30.6825
2149.50,30.6516
2150.00,30.6340
2150.50,30.6225
2151.00,30.6055
2151.50,30.5746
2152.00,30.5304
2152.50,30.4812
2153.00,30.4368
2153.50,30.4009
2154.00,30.3701
2154.50,30.3385
2155.00,30.3046
2155.50,30.2732
2156.00,30.2525
2156.50,30.2479
2157.00,30.2571
2157.50,30.2697
2158.00,30.2740
2158.50,30.2661
2159.00,30.2501
2159.50,30.2327
2160.00,30.2192
2160.50,30.2151
2161.00,30.2278
2161.50,30.2620
2162.00,30.3148
2162.50,30.3764
2163.00,30.4347
2163.50,30.4795
2164.00,30.5037
2164.50,30.5026
2165.00,30.4741
2165.50,30.4226
2166.00,30.3607
2166.50,30.3077
2167.00,30.2794
2167.50,30.2771
2168.00,30.2882
2168.50,30.2976
2169.00,30.3002
2169.50,30.3022
2170.00,30.3109
2170.50,30.3270
2171.00,30.3464
2171.50,30.3667
2172.00,30.3913
2172.50,30.4234
2173.00,30.4595
2173.50,30.4891
2174.00,30.5014
2174.50,30.4938
2175.00,30.4740
2175.50,30.4532
2176.00,30.4370
2176.50,30.4208
2177.00,30.3953
2177.50,30.3572
2178.00,30.3150
2178.50,30.2850
2179.00,30.2794
2179.50,30.2979
2180.00,30.3294
2180.50,30.3625
2181.00,30.3925
2181.50,30.4198
2182.00,30.4412
2182.50,30.4465
2183.00,30.4229
2183.50,30.3653
2184.00,30.2825
2184.50,30.1959
2185.00,30.1291
2185.50,30.0978
2186.00,30.1034
2186.50,30.1363
2187.00,30.1802
2187.50,30.2165
2188.00,30.2277
2188.50,30.2052
2189.00,30.1565
2189.50,30.1041
2190.00,30.0722
2190.50,30.0712
2191.00,30.0933
2191.50,30.1234
2192.00,30.1526
2192.50,30.1800
2193.00,30.2032
2193.50,30.2130
2194.00,30.1995
2194.50,30.1626
2195.00,30.1166
2195.50,30.0809
2196.00,30.0669
2196.50,30.0714
2197.00,30.0809
2197.50,30.0827
2198.00,30.0734
2198.50,30.0588
2199.00,30.0482
2199.50,30.0475
2200.00,30.0562
2200.50,30.0690
2201.00,30.0805
2201.50,30.0903
2202.00,30.1053
2202.50,30.1355
2203.00,30.1843
2203.50,30.2397
2204.00,30.2805
2204.50,30.2922
2205.00,30.2804
2205.50,30.2657
2206.00,30.2661
2206.50,30.2863
2207.00,30.3187
2207.50,30.3532
2208.00,30.3842
2208.50,30.4135
2209.00,30.4473
2209.50,30.4904
2210.00,30.5382
2210.50,30.5756
2211.00,30.5834
2211.50,30.5509
2212.00,30.4833
2212.50,30.4008
2213.00,30.3276
2213.50,30.2792
2214.00,30.2552
2214.50,30.2450
2215.00,30.2392
2215.50,30.2376
2216.00,30.2461
2216.50,30.2700
2217.00,30.3079
2217.50,30.3521
2218.00,30.3946
2218.50,30.4303
2219.00,30.4567
2219.50,30.4682
2220.00,30.4566
2220.50,30.4188
2221.00,30.3647
2221.50,30.3142
2222.00,30.2836
2222.50,30.2725
2223.00,30.2652
2223.50,30.2452
2224.00,30.2092
2224.50,30.1695
2225.00,30.1428
2225.50,30.1353
2226.00,30.1390
2226.50,30.1409
2227.00,30.1344
2227.50,30.1221
2228.00,30.1086
2228.50,30.0945
2229.00,30.0774
2229.50,30.0567
2230.00,30.0362
2230.50,30.0202
2231.00,30.0099
2231.50,30.0043
2232.00,30.0040
2232.50,30.0108
2233.00,30.0241
2233.50,30.0404
2234.00,30.0583
2234.50,30.0826
2235.00,30.1196
2235.50,30.1673
2236.00,30.2128
2236.50,30.2402
2237.00,30.2419
2237.50,30.2233
2238.00,30.1992
2238.50,30.1849
2239.00,30.1889
2239.50,30.2101
2240.00,30.2375
2240.50,30.2543
2241.00,30.2450
2241.50,30.2059
2242.00,30.1508
2242.50,30.1043
2243.00,30.0871
2243.50,30.1035
2244.00,30.1431
2244.50,30.1906
2245.00,30.2334
2245.50,30.2663
2246.00,30.2898
2246.50,30.3054
2247.00,30.3100
2247.50,30.2957
2248.00,30.2585
2248.50,30.2063
2249.00,30.1574
2249.50,30.1302
2250.00,30.1321
2250.50,30.1549
2251.00,30.1796
2251.50,30.1885
2252.00,30.1776
2252.50,30.1606
2253.00,30.1574
2253.50,30.1779
2254.00,30.2116
2254.50,30.2362
2255.00,30.2367
2255.50,30.2174
2256.00,30.1971
2256.50,30.1923
2257.00,30.2061
2257.50,30.2281
2258.00,30.2434
2258.50,30.2407
2259.00,30.2200
2259.50,30.1924
2260.00,30.1728
2260.50,30.1676
2261.00,30.1704
2261.50,30.1688
2262.00,30.1575
2262.50,30.1441
2263.00,30.1430
2263.50,30.1617
2264.00,30.1925
2264.50,30.2152
2265.00,30.2105
2265.50,30.1743
2266.00,30.1226
2266.50,30.0824
2267.00,30.0752
2267.50,30.1052
2268.00,30.1589
2268.50,30.2150
2269.00,30.2550
2269.50,30.2710
2270.00,30.2667
2270.50,30.2535
2271.00,30.2424
2271.50,30.2401
2272.00,30.2489
2272.50,30.2685
2273.00,30.2944
2273.50,30.3164
2274.00,30.3225
2274.50,30.3072
2275.00,30.2779
2275.50,30.2493
2276.00,30.2318
2276.50,30.2260
2277.00,30.2277
2277.50,30.2345
2278.00,30.2483
2278.50,30.2714
2279.00,30.3012
2279.50,30.3303
2280.00,30.3503
2280.50,30.3578
2281.00,30.3555
2281.50,30.3507
2282.00,30.3538
2282.50,30.3770
2283.00,30.4278
2283.50,30.4999
2284.00,30.5697
2284.50,30.6065
2285.00,30.5951
2285.50,30.5502
2286.00,30.5103
2286.50,30.5118
2287.00,30.5646
2287.50,30.6486
2288.00,30.7301
2288.50,30.7818
2289.00,30.7947
2289.50,30.7783
2290.00,30.7534
2290.50,30.7404
2291.00,30.7456
2291.50,30.7566
2292.00,30.7514
2292.50,30.7171
2293.00,30.6593
2293.50,30.5973
2294.00,30.5491
2294.50,30.5204
2295.00,30.5074
2295.50,30.5057
2296.00,30.5173
2296.50,30.5492
2297.00,30.6034
2297.50,30.6693
2298.00,30.7257
2298.50,30.7542
2299.00,30.7520
2299.50,30.7322
2300.00,30.7109
2300.50,30.6957
2301.00,30.6852
2301.50,30.6768
2302.00,30.6731
2302.50,30.6802
2303.00,30.7043
2303.50,30.7477
2304.00,30.8052
2304.50,30.8631
2305.00,30.9058
2305.50,30.9295
2306.00,30.9484
2306.50,30.9855
2307.00,31.0545
2307.50,31.1498
2308.00,31.2531
2308.50,31.3473
2309.00,31.4277
2309.50,31.5034
2310.00,31.5906
2310.50,31.7015
2311.00,31.8367
2311.50,31.9855
2312.00,32.1336
2312.50,32.2735
2313.00,32.4078
2313.50,32.5469
2314.00,32.7023
2314.50,32.8791
2315.00,33.0722
2315.50,33.2700
2316.00,33.4648
2316.50,33.6605
2317.00,33.8709
2317.50,34.1099
2318.00,34.3805
2318.50,34.6704
2319.00,34.9554
2319.50,35.2130
2320.00,35.4374
2320.50,35.6442
2321.00,35.8597
2321.50,36.1033
2322.00,36.3769
2322.50,36.6693
2323.00,36.9670
2323.50,37.2622
2324.00,37.5506
2324.50,37.8272
2325.00,38.0887
2325.50,38.3387
2326.00,38.5885
2326.50,38.8479
2327.00,39.1164
2327.50,39.3846
2328.00,39.6469
2328.50,39.9134
2329.00,40.2070
2329.50,40.5448
2330.00,40.9210
2330.50,41.3072
2331.00,41.6728
2331.50,42.0053
2332.00,42.3152
2332.50,42.6222
2333.00,42.9405
2333.50,43.2713
2334.00,43.6068
2334.50,43.9385
2335.00,44.2635
2335.50,44.5850
2336.00,44.9094
2336.50,45.2438
2337.00,45.5935
2337.50,45.9589
2338.00,46.3315
2338.50,46.6950
2339.00,47.0348
2339.50,47.3491
2340.00,47.6507
2340.50,47.9572
2341.00,48.2773
2341.50,48.6094
2342.00,48.9496
2342.50,49.2960
2343.00,49.6457
2343.50,49.9898
2344.00,50.3187
2344.50,50.6329
2345.00,50.9476
2345.50,51.2829
2346.00,51.6493
2346.50,52.0420
2347.00,52.4469
2347.50,52.8491
2348.00,53.2388
2348.50,53.6132
2349.00,53.9778
2349.50,54.3425
2350.00,54.7125
2350.50,55.0813
2351.00,55.4356
2351.50,55.7672
2352.00,56.0811
2352.50,56.3897
2353.00,56.7029
2353.50,57.0250
2354.00,57.3576
2354.50,57.7011
2355.00,58.0509
2355.50,58.3952
2356.00,58.7219
2356.50,59.0322
2357.00,59.3428
2357.50,59.6733
2358.00,60.0293
2358.50,60.3985
2359.00,60.7626
2359.50,61.1103
2360.00,61.4407
2360.50,61.7588
2361.00,62.0714
2361.50,62.3881
2362.00,62.7210
2362.50,63.0792
2363.00,63.4626
2363.50,63.8603
2364.00,64.2557
2364.50,64.6346
2365.00,64.9905
2365.50,65.3255
2366.00,65.6461
2366.50,65.9572
2367.00,66.2605
2367.50,66.5566
2368.00,66.8494
2368.50,67.1469
2369.00,67.4572
2369.50,67.7860
2370.00,68.1356
2370.50,68.5066
2371.00,68.8980
2371.50,69.3047
2372.00,69.7141
2372.50,70.1062
2373.00,70.4633
2373.50,70.7811
2374.00,71.0721
2374.50,71.3572
2375.00,71.6528
2375.50,71.9625
2376.00,72.2781
2376.50,72.5824
2377.00,72.8544
2377.50,73.0782
2378.00,73.2512
2378.50,73.3819
2379.00,73.4778
2379.50,73.5340
2380.00,73.5328
2380.50,73.4518
2381.00,73.2723
2381.50,72.9837
2382.00,72.5817
2382.50,72.0642
2383.00,71.4244
2383.50,70.6481
2384.00,69.7200
2384.50,68.6324
2385.00,67.3900
2385.50,66.0075
2386.00,64.5034
2386.50,62.8956
2387.00,61.1968
2387.50,59.4131
2388.00,57.5478
2388.50,55.6117
2389.00,53.6309
2389.50,51.6438
2390.00,49.6897
2390.50,47.7964
2391.00,45.9790
2391.50,44.2459
2392.00,42.6058
2392.50,41.0691
2393.00,39.6473
2393.50,38.3519
2394.00,37.1909
2394.50,36.1646
2395.00,35.2646
2395.50,34.4810
2396.00,33.8123
2396.50,33.2661
2397.00,32.8475
2397.50,32.5454
2398.00,32.3276
2398.50,32.1553
2399.00,32.0002
2399.50,31.8529
2400.00,31.7138
2400.50,31.5818
2401.00,31.4535
2401.50,31.3320
2402.00,31.2309
2402.50,31.1667
2403.00,31.1450
2403.50,31.1531
2404.00,31.1664
2404.50,31.1644
2405.00,31.1435
2405.50,31.1138
2406.00,31.0838
2406.50,31.0528
2407.00,31.0190
2407.50,30.9909
2408.00,30.9832
2408.50,31.0018
2409.00,31.0336
2409.50,31.0559
2410.00,31.0555
2410.50,31.0386
2411.00,31.0233
2411.50,31.0247
2412.00,31.0454
2412.50,31.0780
2413.00,31.1117
2413.50,31.1361
2414.00,31.1420
2414.50,31.1244
2415.00,31.0860
2415.50,31.0378
2416.00,30.9940
2416.50,30.9648
2417.00,30.9514
2417.50,30.9472
2418.00,30.9441
2418.50,30.9382
2419.00,30.9316
2419.50,30.9269
2420.00,30.9208
2420.50,30.9035
2421.00,30.8668
2421.50,30.8115
2422.00,30.7475
2422.50,30.6883
2423.00,30.6486
2423.50,30.6447
2424.00,30.6887
2424.50,30.7754
2425.00,30.8754
2425.50,30.9484
2426.00,30.9679
2426.50,30.9376
2427.00,30.8869
2427.50,30.8502
2428.00,30.8487
2428.50,30.8830
2429.00,30.9401
2429.50,31.0049
2430.00,31.0673
2430.50,31.1210
2431.00,31.1579
2431.50,31.1676
2432.00,31.1442
2432.50,31.0949
2433.00,31.0368
2433.50,30.9862
2434.00,30.9522
2434.50,30.9380
2435.00,30.9446
2435.50,30.9703
2436.00,31.0072
2436.50,31.0437
2437.00,31.0730
2437.50,31.0974
2438.00,31.1251
2438.50,31.1604
2439.00,31.1980
2439.50,31.2252
2440.00,31.2301
2440.50,31.2094
2441.00,31.1696
2441.50,31.1237
2442.00,31.0848
2442.50,31.0619
2443.00,31.0579
2443.50,31.0676
2444.00,31.0786
2444.50,31.0798
2445.00,31.0709
2445.50,31.0652
2446.00,31.0772
2446.50,31.1076
2447.00,31.1389
2447.50,31.1452
2448.00,31.1087
2448.50,31.0309
2449.00,30.9326
2449.50,30.8431
2450.00,30.7875
2450.50,30.7778
2451.00,30.8122
2451.50,30.8783
2452.00,30.9549
2452.50,31.0163
2453.00,31.0415
2453.50,31.0259
2454.00,30.9842
2454.50,30.9425
2455.00,30.9232
2455.50,30.9352
2456.00,30.9741
2456.50,31.0294
2457.00,31.0893
2457.50,31.1413
2458.00,31.1741
2458.50,31.1813
2459.00,31.1653
2459.50,31.1346
2460.00,31.0969
2460.50,31.0552
2461.00,31.0099
2461.50,30.9613
2462.00,30.9118
2462.50,30.8661
2463.00,30.8297
2463.50,30.8057
2464.00,30.7922
2464.50,30.7823
2465.00,30.7719
2465.50,30.7646
2466.00,30.7699
2466.50,30.7930
2467.00,30.8268
2467.50,30.8567
2468.00,30.8702
2468.50,30.8649
2469.00,30.8466
2469.50,30.8240
2470.00,30.8039
2470.50,30.7898
2471.00,30.7833
2471.50,30.7850
2472.00,30.7944
2472.50,30.8098
2473.00,30.8273
2473.50,30.8427
2474.00,30.8535
2474.50,30.8602
2475.00,30.8649
2475.50,30.8686
2476.00,30.8703
2476.50,30.8689
2477.00,30.8652
2477.50,30.8617
2478.00,30.8609
2478.50,30.8641
2479.00,30.8720
2479.50,30.8884
2480.00,30.9204
2480.50,30.9723
2481.00,31.0391
2481.50,31.1079
2482.00,31.1676
2482.50,31.2165
2483.00,31.2584
2483.50,31.2930
2484.00,31.3128
2484.50,31.3093
2485.00,31.2801
2485.50,31.2293
2486.00,31.1660
2486.50,31.1029
2487.00,31.0566
2487.50,31.0443
2488.00,31.0756
2488.50,31.1455
2489.00,31.2329
2489.50,31.3067
2490.00,31.3386
2490.50,31.3173
2491.00,31.2564
2491.50,31.1862
2492.00,31.1358
2492.50,31.1161
2493.00,31.1181
2493.50,31.1225
2494.00,31.1141
2494.50,31.0893
2495.00,31.0555
2495.50,31.0241
2496.00,31.0033
2496.50,30.9960
2497.00,31.0025
2497.50,31.0232
2498.00,31.0576
2498.50,31.1012
2499.00,31.1431
2499.50,31.1686
2500.00,31.1672
2500.50,31.1386
2501.00,31.0918
2501.50,31.0389
2502.00,30.9922
2502.50,30.9640
2503.00,30.9667
2503.50,31.0069
2504.00,31.0781
2504.50,31.1605
2505.00,31.2313
2505.50,31.2764
2506.00,31.2985
2506.50,31.3122
2507.00,31.3325
2507.50,31.3611
2508.00,31.3831
2508.50,31.3802
2509.00,31.3459
2509.50,31.2915
2510.00,31.2362
2510.50,31.1948
2511.00,31.1726
2511.50,31.1690
2512.00,31.1823
2512.50,31.2115
2513.00,31.2539
2513.50,31.3030
2514.00,31.3489
2514.50,31.3815
2515.00,31.3943
2515.50,31.3873
2516.00,31.3675
2516.50,31.3438
2517.00,31.3231
2517.50,31.3069
2518.00,31.2927
2518.50,31.2755
2519.00,31.2530
2519.50,31.2317
2520.00,31.2273
2520.50,31.2552
2521.00,31.3153
2521.50,31.3856
2522.00,31.4349
2522.50,31.4461
2523.00,31.4269
2523.50,31.4002
2524.00,31.3837
2524.50,31.3799
2525.00,31.3794
2525.50,31.3722
2526.00,31.3568
2526.50,31.3418
2527.00,31.3401
2527.50,31.3572
2528.00,31.3857
2528.50,31.4107
2529.00,31.4222
2529.50,31.4252
2530.00,31.4363
2530.50,31.4695
2531.00,31.5219
2531.50,31.5735
2532.00,31.6014
2532.50,31.5961
2533.00,31.5630
2533.50,31.5147
2534.00,31.4629
2534.50,31.4176
2535.00,31.3883
2535.50,31.3819
2536.00,31.3992
2536.50,31.4339
2537.00,31.4752
2537.50,31.5103
2538.00,31.5302
2538.50,31.5328
2539.00,31.5211
2539.50,31.4976
2540.00,31.4625
2540.50,31.4187
2541.00,31.3745
2541.50,31.3383
2542.00,31.3071
2542.50,31.2656
2543.00,31.1987
2543.50,31.1087
2544.00,31.0177
2544.50,30.9536
2545.00,30.9288
2545.50,30.9328
2546.00,30.9439
2546.50,30.9478
2547.00,30.9453
2547.50,30.9452
2548.00,30.9513
2548.50,30.9587
2549.00,30.9611
2549.50,30.9606
2550.00,30.9686
2550.50,30.9966
2551.00,31.0433
2551.50,31.0920
2552.00,31.1218
2552.50,31.1243
2553.00,31.1105
2553.50,31.1001
2554.00,31.1047
2554.50,31.1171
2555.00,31.1187
2555.50,31.0940
2556.00,31.0439
2556.50,30.9854
2557.00,30.9410
2557.50,30.9244
2558.00,30.9338
2558.50,30.9540
2559.00,30.9650
2559.50,30.9522
2560.00,30.9139
2560.50,30.8620
2561.00,30.8161
2561.50,30.7937
2562.00,30.8012
2562.50,30.8307
2563.00,30.8661
2563.50,30.8910
2564.00,30.8942
2564.50,30.8711
2565.00,30.8251
2565.50,30.7691
2566.00,30.7231
2566.50,30.7040
2567.00,30.7154
2567.50,30.7451
2568.00,30.7743
2568.50,30.7890
2569.00,30.7863
2569.50,30.7719
2570.00,30.7537
2570.50,30.7384
2571.00,30.7312
2571.50,30.7374
2572.00,30.7611
2572.50,30.7995
2573.00,30.8404
2573.50,30.8685
2574.00,30.8755
2574.50,30.8655
2575.00,30.8502
2575.50,30.8393
2576.00,30.8346
2576.50,30.8315
2577.00,30.8241
2577.50,30.8120
2578.00,30.8020
2578.50,30.8022
2579.00,30.8140
2579.50,30.8298
2580.00,30.8383
2580.50,30.8331
2581.00,30.8169
2581.50,30.7981
2582.00,30.7856
2582.50,30.7857
2583.00,30.8007
2583.50,30.8287
2584.00,30.8612
2584.50,30.8840
2585.00,30.8827
2585.50,30.8515
2586.00,30.7978
2586.50,30.7394
2587.00,30.6963
2587.50,30.6808
2588.00,30.6916
2588.50,30.7144
2589.00,30.7315
2589.50,30.7352
2590.00,30.7339
2590.50,30.7450
2591.00,30.7792
2591.50,30.8305
2592.00,30.8788
2592.50,30.9031
2593.00,30.8953
2593.50,30.8618
2594.00,30.8169
2594.50,30.7724
2595.00,30.7358
2595.50,30.7114
2596.00,30.7022
2596.50,30.7069
2597.00,30.7200
2597.50,30.7366
2598.00,30.7570
2598.50,30.7845
2599.00,30.8192
2599.50,30.8573
2600.00,30.8979
2600.50,30.9480
2601.00,31.0155
2601.50,31.0967
2602.00,31.1732
2602.50,31.2239
2603.00,31.2393
2603.50,31.2236
2604.00,31.1846
2604.50,31.1280
2605.00,31.0587
2605.50,30.9846
2606.00,30.9152
2606.50,30.8578
2607.00,30.8168
2607.50,30.7940
2608.00,30.7901
2608.50,30.8034
2609.00,30.8300
2609.50,30.8644
2610.00,30.9002
2610.50,30.9306
2611.00,30.9513
2611.50,30.9625
2612.00,30.9710
2612.50,30.9852
2613.00,31.0073
2613.50,31.0284
2614.00,31.0342
2614.50,31.0173
2615.00,30.9850
2615.50,30.9536
2616.00,30.9358
2616.50,30.9342
2617.00,30.9433
2617.50,30.9565
2618.00,30.9683
2618.50,30.9742
2619.00,30.9694
2619.50,30.9522
2620.00,30.9268
2620.50,30.9024
2621.00,30.8870
2621.50,30.8818
2622.00,30.8799
2622.50,30.8724
2623.00,30.8560
2623.50,30.8345
2624.00,30.8146
2624.50,30.8017
2625.00,30.7983
2625.50,30.8062
2626.00,30.8240
2626.50,30.8441
2627.00,30.8556
2627.50,30.8522
2628.00,30.8364
2628.50,30.8149
2629.00,30.7912
2629.50,30.7651
2630.00,30.7384
2630.50,30.7188
2631.00,30.7152
2631.50,30.7291
2632.00,30.7511
2632.50,30.7676
2633.00,30.7711
2633.50,30.7636
2634.00,30.7491
2634.50,30.7261
2635.00,30.6897
2635.50,30.6399
2636.00,30.5878
2636.50,30.5519
2637.00,30.5483
2637.50,30.5830
2638.00,30.6497
2638.50,30.7339
2639.00,30.8178
2639.50,30.8862
2640.00,30.9298
2640.50,30.9463
2641.00,30.9402
2641.50,30.9184
2642.00,30.8866
2642.50,30.8481
2643.00,30.8063
2643.50,30.7674
2644.00,30.7399
2644.50,30.7298
2645.00,30.7375
2645.50,30.7580
2646.00,30.7835
2646.50,30.8045
2647.00,30.8119
2647.50,30.8005
2648.00,30.7754
2648.50,30.7500
2649.00,30.7394
2649.50,30.7510
2650.00,30.7835
2650.50,30.8312
2651.00,30.8898
2651.50,30.9575
2652.00,31.0346
2652.50,31.1192
2653.00,31.2022
2653.50,31.2647
2654.00,31.2838
2654.50,31.2451
2655.00,31.1524
2655.50,31.0272
2656.00,30.8978
2656.50,30.7875
2657.00,30.7087
2657.50,30.6650
2658.00,30.6565
2658.50,30.6817
2659.00,30.7335
2659.50,30.7967
2660.00,30.8505
2660.50,30.8782
2661.00,30.8750
2661.50,30.8478
2662.00,30.8072
2662.50,30.7612
2663.00,30.7155
2663.50,30.6770
2664.00,30.6543
2664.50,30.6522
2665.00,30.6677
2665.50,30.6893
2666.00,30.7048
2666.50,30.7086
2667.00,30.7053
2667.50,30.7016
2668.00,30.6953
2668.50,30.6760
2669.00,30.6364
2669.50,30.5845
2670.00,30.5416
2670.50,30.5257
2671.00,30.5380
2671.50,30.5652
2672.00,30.5950
2672.50,30.6293
2673.00,30.6780
2673.50,30.7438
2674.00,30.8120
2674.50,30.8596
2675.00,30.8735
2675.50,30.8621
2676.00,30.8472
2676.50,30.8467
2677.00,30.8616
2677.50,30.8781
2678.00,30.8801
2678.50,30.8590
2679.00,30.8170
2679.50,30.7658
2680.00,30.7214
2680.50,30.6972
2681.00,30.6986
2681.50,30.7233
2682.00,30.7647
2682.50,30.8129
2683.00,30.8554
2683.50,30.8793
2684.00,30.8777
2684.50,30.8538
2685.00,30.8194
2685.50,30.7863
2686.00,30.7603
2686.50,30.7406
2687.00,30.7262
2687.50,30.7178
2688.00,30.7142
2688.50,30.7111
2689.00,30.7066
2689.50,30.7073
2690.00,30.7234
2690.50,30.7559
2691.00,30.7937
2691.50,30.8248
2692.00,30.8485
2692.50,30.8738
2693.00,30.9054
2693.50,30.9375
2694.00,30.9628
2694.50,30.9840
2695.00,31.0128
2695.50,31.0563
2696.00,31.1073
2696.50,31.1491
2697.00,31.1666
2697.50,31.1527
2698.00,31.1082
2698.50,31.0385
2699.00,30.9515
2699.50,30.8571
2700.00,30.7674
2700.50,30.6979
2701.00,30.6635
2701.50,30.6700
2702.00,30.7066
2702.50,30.7506
2703.00,30.7823
2703.50,30.7990
2704.00,30.8149
2704.50,30.8471
2705.00,30.9012
2705.50,30.9667
2706.00,31.0252
2706.50,31.0605
2707.00,31.0667
2707.50,31.0496
2708.00,31.0219
2708.50,30.9964
2709.00,30.9812
2709.50,30.9803
2710.00,30.9956
2710.50,31.0281
2711.00,31.0777
2711.50,31.1394
2712.00,31.2024
2712.50,31.2523
2713.00,31.2761
2713.50,31.2676
2714.00,31.2281
2714.50,31.1656
2715.00,31.0914
2715.50,31.0207
2716.00,30.9710
2716.50,30.9552
2717.00,30.9711
2717.50,30.9974
2718.00,31.0069
2718.50,30.9864
2719.00,30.9465
2719.50,30.9101
2720.00,30.8926
2720.50,30.8930
2721.00,30.9011
2721.50,30.9114
2722.00,30.9249
2722.50,30.9429
2723.00,30.9604
2723.50,30.9683
2724.00,30.9611
2724.50,30.9422
2725.00,30.9232
2725.50,30.9160
2726.00,30.9256
2726.50,30.9492
2727.00,30.9827
2727.50,31.0246
2728.00,31.0742
2728.50,31.1261
2729.00,31.1706
2729.50,31.1993
2730.00,31.2099
2730.50,31.2063
2731.00,31.1947
2731.50,31.1800
2732.00,31.1657
2732.50,31.1532
2733.00,31.1430
2733.50,31.1339
2734.00,31.1238
2734.50,31.1113
2735.00,31.0949
2735.50,31.0721
2736.00,31.0396
2736.50,30.9972
2737.00,30.9488
2737.50,30.9006
2738.00,30.8588
2738.50,30.8304
2739.00,30.8223
2739.50,30.8381
2740.00,30.8743
2740.50,30.9220
2741.00,30.9707
2741.50,31.0126
2742.00,31.0455
2742.50,31.0709
2743.00,31.0900
2743.50,31.1004
2744.00,31.0976
2744.50,31.0804
2745.00,31.0563
2745.50,31.0391
2746.00,31.0408
2746.50,31.0631
2747.00,31.0981
2747.50,31.1364
2748.00,31.1721
2748.50,31.2011
2749.00,31.2177
2749.50,31.2158
2750.00,31.1947
2750.50,31.1608
2751.00,31.1251
2751.50,31.0987
2752.00,31.0874
2752.50,31.0859
2753.00,31.0776
2753.50,31.0462
2754.00,30.9925
2754.50,30.9391
2755.00,30.9137
2755.50,30.9265
2756.00,30.9641
2756.50,31.0027
2757.00,31.0238
2757.50,31.0192
2758.00,30.9887
2758.50,30.9398
2759.00,30.8921
2759.50,30.8719
2760.00,30.8965
2760.50,30.9599
2761.00,31.0343
2761.50,31.0897
2762.00,31.1138
2762.50,31.1154
2763.00,31.1115
2763.50,31.1138
2764.00,31.1235
2764.50,31.1337
2765.00,31.1330
2765.50,31.1104
2766.00,31.0616
2766.50,30.9936
2767.00,30.9213
2767.50,30.8560
2768.00,30.7988
2768.50,30.7449
2769.00,30.6934
2769.50,30.6521
2770.00,30.6301
2770.50,30.6281
2771.00,30.6375
2771.50,30.6473
2772.00,30.6521
2772.50,30.6542
2773.00,30.6598
2773.50,30.6733
2774.00,30.6974
2774.50,30.7332
2775.00,30.7806
2775.50,30.8345
2776.00,30.8826
2776.50,30.9101
2777.00,30.9096
2777.50,30.8878
2778.00,30.8608
2778.50,30.8443
2779.00,30.8465
2779.50,30.8687
2780.00,30.9089
2780.50,30.9640
2781.00,31.0289
2781.50,31.0961
2782.00,31.1550
2782.50,31.1938
2783.00,31.2029
2783.50,31.1812
2784.00,31.1366
2784.50,31.0818
2785.00,31.0282
2785.50,30.9834
2786.00,30.9513
2786.50,30.9330
2787.00,30.9287
2787.50,30.9404
2788.00,30.9705
2788.50,31.0158
2789.00,31.0653
2789.50,31.1032
2790.00,31.1166
2790.50,31.0988
2791.00,31.0510
2791.50,30.9830
2792.00,30.9114
2792.50,30.8518
2793.00,30.8118
2793.50,30.7906
2794.00,30.7864
2794.50,30.8022
2795.00,30.8432
2795.50,30.9095
2796.00,30.9900
2796.50,31.0663
2797.00,31.1211
2797.50,31.1477
2798.00,31.1516
2798.50,31.1451
2799.00,31.1374
2799.50,31.1287
2800.00,31.1124
2800.50,31.0859
2801.00,31.0572
2801.50,31.0416
2802.00,31.0483
2802.50,31.0703
2803.00,31.0894
2803.50,31.0905
2804.00,31.0737
2804.50,31.0526
2805.00,31.0431
2805.50,31.0505
2806.00,31.0685
2806.50,31.0868
2807.00,31.1006
2807.50,31.1116
2808.00,31.1223
2808.50,31.1314
2809.00,31.1344
2809.50,31.1263
2810.00,31.1021
2810.50,31.0592
2811.00,31.0007
2811.50,30.9378
2812.00,30.8873
2812.50,30.8643
2813.00,30.8739
2813.50,30.9070
2814.00,30.9431
2814.50,30.9595
2815.00,30.9445
2815.50,30.9043
2816.00,30.8586
2816.50,30.8251
2817.00,30.8092
2817.50,30.8048
2818.00,30.8057
2818.50,30.8122
2819.00,30.8283
2819.50,30.8563
2820.00,30.8946
2820.50,30.9396
2821.00,30.9876
2821.50,31.0346
2822.00,31.0763
2822.50,31.1093
2823.00,31.1314
2823.50,31.1406
2824.00,31.1344
2824.50,31.1109
2825.00,31.0708
2825.50,31.0197
2826.00,30.9697
2826.50,30.9386
2827.00,30.9442
2827.50,30.9931
2828.00,31.0729
2828.50,31.1527
2829.00,31.1991
2829.50,31.1952
2830.00,31.1508
2830.50,31.0921
2831.00,31.0422
2831.50,31.0090
2832.00,30.9875
2832.50,30.9713
2833.00,30.9602
2833.50,30.9633
2834.00,30.9922
2834.50,31.0510
2835.00,31.1288
2835.50,31.2024
2836.00,31.2476
2836.50,31.2514
2837.00,31.2183
2837.50,31.1658
2838.00,31.1125
2838.50,31.0671
2839.00,31.0250
2839.50,30.9773
2840.00,30.9228
2840.50,30.8725
2841.00,30.8426
2841.50,30.8422
2842.00,30.8671
2842.50,30.9041
2843.00,30.9396
2843.50,30.9653
2844.00,30.9796
2844.50,30.9858
2845.00,30.9883
2845.50,30.9901
2846.00,30.9909
2846.50,30.9894
2847.00,30.9885
2847.50,30.9955
2848.00,31.0197
2848.50,31.0657
2849.00,31.1276
2849.50,31.1863
2850.00,31.2164
2850.50,31.2015
2851.00,31.1469
2851.50,31.0773
2852.00,31.0177
2852.50,30.9770
2853.00,30.9483
2853.50,30.9238
2854.00,30.9072
2854.50,30.9104
2855.00,30.9419
2855.50,30.9977
2856.00,31.0620
2856.50,31.1138
2857.00,31.1373
2857.50,31.1292
2858.00,31.1000
2858.50,31.0684
