0.00,0.0000
0.50,1.0665
1.00,2.3895
1.50,3.8066
2.00,5.1443
2.50,6.2891
3.00,7.2083
3.50,7.9259
4.00,8.4872
4.50,8.9377
5.00,9.3176
5.50,9.6576
6.00,9.9757
6.50,10.2777
7.00,10.5633
7.50,10.8288
8.00,11.0673
8.50,11.2689
9.00,11.4256
9.50,11.5399
10.00,11.6271
10.50,11.7075
11.00,11.7963
11.50,11.8988
12.00,12.0122
12.50,12.1288
13.00,12.2394
13.50,12.3376
14.00,12.4241
14.50,12.5056
15.00,12.5893
15.50,12.6780
16.00,12.7709
16.50,12.8669
17.00,12.9661
17.50,13.0664
18.00,13.1609
18.50,13.2388
19.00,13.2928
19.50,13.3260
20.00,13.3496
20.50,13.3758
21.00,13.4107
21.50,13.4545
22.00,13.5036
22.50,13.5542
23.00,13.6050
23.50,13.6579
24.00,13.7169
24.50,13.7824
25.00,13.8500
25.50,13.9133
26.00,13.9693
26.50,14.0219
27.00,14.0790
27.50,14.1446
28.00,14.2137
28.50,14.2734
29.00,14.3135
29.50,14.3360
30.00,14.3552
30.50,14.3872
31.00,14.4382
31.50,14.5012
32.00,14.5627
32.50,14.6135
33.00,14.6529
33.50,14.6866
34.00,14.7214
34.50,14.7613
35.00,14.8072
35.50,14.8562
36.00,14.9037
36.50,14.9428
37.00,14.9666
37.50,14.9713
38.00,14.9627
38.50,14.9589
39.00,14.9832
39.50,15.0518
40.00,15.1624
40.50,15.2948
41.00,15.4184
41.50,15.5048
42.00,15.5386
42.50,15.5244
43.00,15.4859
43.50,15.4534
44.00,15.4482
44.50,15.4747
45.00,15.5263
45.50,15.5942
46.00,15.6720
46.50,15.7530
47.00,15.8269
47.50,15.8818
48.00,15.9101
48.50,15.9141
49.00,15.9060
49.50,15.9038
50.00,15.9233
50.50,15.9713
51.00,16.0414
51.50,16.1169
52.00,16.1792
52.50,16.2187
53.00,16.2398
53.50,16.2560
54.00,16.2813
54.50,16.3223
55.00,16.3765
55.50,16.4352
56.00,16.4884
56.50,16.5282
57.00,16.5539
57.50,16.5732
58.00,16.5988
58.50,16.6382
59.00,16.6885
59.50,16.7417
60.00,16.7955
60.50,16.8589
61.00,16.9446
61.50,17.0535
62.00,17.1681
62.50,17.2635
63.00,17.3268
63.50,17.3673
64.00,17.4030
64.50,17.4399
65.00,17.4664
65.50,17.4685
66.00,17.4466
66.50,17.4170
67.00,17.4000
67.50,17.4076
68.00,17.4404
68.50,17.4913
69.00,17.5514
69.50,17.6140
70.00,17.6743
70.50,17.7265
71.00,17.7619
71.50,17.7737
72.00,17.7627
72.50,17.7382
73.00,17.7134
73.50,17.6998
74.00,17.7051
74.50,17.7321
75.00,17.7787
75.50,17.8385
76.00,17.9031
76.50,17.9636
77.00,18.0146
77.50,18.0576
78.00,18.1012
78.50,18.1537
79.00,18.2155
79.50,18.2782
80.00,18.3312
80.50,18.3668
81.00,18.3821
81.50,18.3795
82.00,18.3661
82.50,18.3514
83.00,18.3438
83.50,18.3495
84.00,18.3722
84.50,18.4123
85.00,18.4665
85.50,18.5292
86.00,18.5959
86.50,18.6643
87.00,18.7318
87.50,18.7936
88.00,18.8430
88.50,18.8757
89.00,18.8929
89.50,18.9023
90.00,18.9148
90.50,18.9374
91.00,18.9701
91.50,19.0060
92.00,19.0380
92.50,19.0638
93.00,19.0879
93.50,19.1175
94.00,19.1567
94.50,19.2023
95.00,19.2454
95.50,19.2763
96.00,19.2924
96.50,19.3009
97.00,19.3155
97.50,19.3460
98.00,19.3922
98.50,19.4448
99.00,19.4931
99.50,19.5326
100.00,19.5678
100.50,19.6067
101.00,19.6532
101.50,19.7029
102.00,19.7479
102.50,19.7830
103.00,19.8079
103.50,19.8233
104.00,19.8312
104.50,19.8377
105.00,19.8526
105.50,19.8827
106.00,19.9242
106.50,19.9662
107.00,20.0005
107.50,20.0294
108.00,20.0612
108.50,20.0995
109.00,20.1382
109.50,20.1671
110.00,20.1836
110.50,20.1960
111.00,20.2141
111.50,20.2394
112.00,20.2644
112.50,20.2802
113.00,20.2840
113.50,20.2816
114.00,20.2845
114.50,20.3052
115.00,20.3492
115.50,20.4114
116.00,20.4764
116.50,20.5291
117.00,20.5632
117.50,20.5828
118.00,20.5942
118.50,20.5993
119.00,20.5960
119.50,20.5858
120.00,20.5780
120.50,20.5864
121.00,20.6201
121.50,20.6761
122.00,20.7412
122.50,20.8012
123.00,20.8489
123.50,20.8873
124.00,20.9256
124.50,20.9715
125.00,21.0244
125.50,21.0751
126.00,21.1134
126.50,21.1373
127.00,21.1539
127.50,21.1735
128.00,21.2012
128.50,21.2346
129.00,21.2667
129.50,21.2908
130.00,21.3023
130.50,21.2990
131.00,21.2833
131.50,21.2649
132.00,21.2608
132.50,21.2854
133.00,21.3406
133.50,21.4139
134.00,21.4876
134.50,21.5498
135.00,21.5941
135.50,21.6172
136.00,21.6193
136.50,21.6099
137.00,21.6076
137.50,21.6295
138.00,21.6776
138.50,21.7373
139.00,21.7897
139.50,21.8257
140.00,21.8476
140.50,21.8618
141.00,21.8697
141.50,21.8671
142.00,21.8488
142.50,21.8160
143.00,21.7799
143.50,21.7565
144.00,21.7587
144.50,21.7903
145.00,21.8466
145.50,21.9193
146.00,22.0002
146.50,22.0807
147.00,22.1519
147.50,22.2070
148.00,22.2440
148.50,22.2654
149.00,22.2733
149.50,22.2666
150.00,22.2461
150.50,22.2207
151.00,22.2063
151.50,22.2169
152.00,22.2559
152.50,22.3140
153.00,22.3755
153.50,22.4264
154.00,22.4611
154.50,22.4816
155.00,22.4921
155.50,22.4952
156.00,22.4937
156.50,22.4936
157.00,22.5004
157.50,22.5126
158.00,22.5219
158.50,22.5213
159.00,22.5148
159.50,22.5166
160.00,22.5409
160.50,22.5924
161.00,22.6637
161.50,22.7406
162.00,22.8099
162.50,22.8647
163.00,22.9023
163.50,22.9207
164.00,22.9177
164.50,22.8957
165.00,22.8669
165.50,22.8504
166.00,22.8631
166.50,22.9090
167.00,22.9785
167.50,23.0533
168.00,23.1159
168.50,23.1569
169.00,23.1785
169.50,23.1908
170.00,23.2027
170.50,23.2154
171.00,23.2236
171.50,23.2226
172.00,23.2129
172.50,23.1995
173.00,23.1887
173.50,23.1863
174.00,23.1958
174.50,23.2162
175.00,23.2419
175.50,23.2665
176.00,23.2875
176.50,23.3066
177.00,23.3230
177.50,23.3282
178.00,23.3122
178.50,23.2748
179.00,23.2303
179.50,23.1989
180.00,23.1955
180.50,23.2239
181.00,23.2783
181.50,23.3460
182.00,23.4111
182.50,23.4609
183.00,23.4909
183.50,23.5047
184.00,23.5114
184.50,23.5227
185.00,23.5500
185.50,23.5977
186.00,23.6571
186.50,23.7098
187.00,23.7402
187.50,23.7458
188.00,23.7368
188.50,23.7270
189.00,23.7265
189.50,23.7387
190.00,23.7613
190.50,23.7885
191.00,23.8149
191.50,23.8376
192.00,23.8564
192.50,23.8704
193.00,23.8765
193.50,23.8721
194.00,23.8604
194.50,23.8521
195.00,23.8612
195.50,23.8957
196.00,23.9513
196.50,24.0145
197.00,24.0718
197.50,24.1168
198.00,24.1506
198.50,24.1744
199.00,24.1865
199.50,24.1857
200.00,24.1782
200.50,24.1777
201.00,24.1981
201.50,24.2429
202.00,24.3018
202.50,24.3547
203.00,24.3828
203.50,24.3799
204.00,24.3577
204.50,24.3387
205.00,24.3421
205.50,24.3746
206.00,24.4301
206.50,24.4931
207.00,24.5438
207.50,24.5652
208.00,24.5516
208.50,24.5129
209.00,24.4696
209.50,24.4418
210.00,24.4397
210.50,24.4617
211.00,24.4989
211.50,24.5405
212.00,24.5757
212.50,24.5971
213.00,24.6053
213.50,24.6110
214.00,24.6295
214.50,24.6700
215.00,24.7279
215.50,24.7884
216.00,24.8361
216.50,24.8627
217.00,24.8687
217.50,24.8609
218.00,24.8474
218.50,24.8355
219.00,24.8318
219.50,24.8421
220.00,24.8693
220.50,24.9102
221.00,24.9562
221.50,24.9982
222.00,25.0300
222.50,25.0494
223.00,25.0573
223.50,25.0566
224.00,25.0512
224.50,25.0458
225.00,25.0462
225.50,25.0589
226.00,25.0882
226.50,25.1304
227.00,25.1737
227.50,25.2049
228.00,25.2179
228.50,25.2180
229.00,25.2167
229.50,25.2247
230.00,25.2458
230.50,25.2768
231.00,25.3088
231.50,25.3289
232.00,25.3253
232.50,25.2964
233.00,25.2567
233.50,25.2309
234.00,25.2379
234.50,25.2781
235.00,25.3334
235.50,25.3826
236.00,25.4152
236.50,25.4334
237.00,25.4427
237.50,25.4428
238.00,25.4273
238.50,25.3922
239.00,25.3454
239.50,25.3063
240.00,25.2937
240.50,25.3122
241.00,25.3482
241.50,25.3827
242.00,25.4069
242.50,25.4263
243.00,25.4518
243.50,25.4895
244.00,25.5369
244.50,25.5881
245.00,25.6386
245.50,25.6869
246.00,25.7325
246.50,25.7737
247.00,25.8057
247.50,25.8238
248.00,25.8300
248.50,25.8341
249.00,25.8468
249.50,25.8707
250.00,25.8990
250.50,25.9237
251.00,25.9431
251.50,25.9621
252.00,25.9885
252.50,26.0299
253.00,26.0897
253.50,26.1610
254.00,26.2235
254.50,26.2518
255.00,26.2344
255.50,26.1848
256.00,26.1329
256.50,26.1036
257.00,26.1027
257.50,26.1201
258.00,26.1415
258.50,26.1581
259.00,26.1687
259.50,26.1782
260.00,26.1928
260.50,26.2150
261.00,26.2411
261.50,26.2649
262.00,26.2849
262.50,26.3061
263.00,26.3356
263.50,26.3760
264.00,26.4226
264.50,26.4667
265.00,26.4991
265.50,26.5131
266.00,26.5071
266.50,26.4850
267.00,26.4543
267.50,26.4246
268.00,26.4055
268.50,26.4055
269.00,26.4287
269.50,26.4731
270.00,26.5306
270.50,26.5890
271.00,26.6338
271.50,26.6525
272.00,26.6401
272.50,26.6039
273.00,26.5591
273.50,26.5217
274.00,26.5012
274.50,26.5009
275.00,26.5200
275.50,26.5548
276.00,26.5969
276.50,26.6335
277.00,26.6509
277.50,26.6444
278.00,26.6226
278.50,26.6029
279.00,26.5968
279.50,26.6011
280.00,26.6051
280.50,26.6061
281.00,26.6150
281.50,26.6437
282.00,26.6914
282.50,26.7439
283.00,26.7868
283.50,26.8142
284.00,26.8288
284.50,26.8367
285.00,26.8445
285.50,26.8567
286.00,26.8729
286.50,26.8867
287.00,26.8906
287.50,26.8822
288.00,26.8662
288.50,26.8515
289.00,26.8456
289.50,26.8509
290.00,26.8647
290.50,26.8822
291.00,26.8988
291.50,26.9121
292.00,26.9233
292.50,26.9375
293.00,26.9619
293.50,27.0019
294.00,27.0573
294.50,27.1235
295.00,27.1960
295.50,27.2721
296.00,27.3480
296.50,27.4147
297.00,27.4603
297.50,27.4757
298.00,27.4603
298.50,27.4221
299.00,27.3746
299.50,27.3331
300.00,27.3093
300.50,27.3054
301.00,27.3125
301.50,27.3165
302.00,27.3088
302.50,27.2928
303.00,27.2799
303.50,27.2804
304.00,27.2979
304.50,27.3297
305.00,27.3680
305.50,27.4016
306.00,27.4202
306.50,27.4203
307.00,27.4088
307.50,27.3971
308.00,27.3910
308.50,27.3882
309.00,27.3857
309.50,27.3884
310.00,27.4065
310.50,27.4434
311.00,27.4903
311.50,27.5324
312.00,27.5604
312.50,27.5745
313.00,27.5797
313.50,27.5799
314.00,27.5757
314.50,27.5678
315.00,27.5603
315.50,27.5602
316.00,27.5736
316.50,27.6016
317.00,27.6401
317.50,27.6821
318.00,27.7206
318.50,27.7485
319.00,27.7616
319.50,27.7611
320.00,27.7555
320.50,27.7558
321.00,27.7683
321.50,27.7892
322.00,27.8066
322.50,27.8105
323.00,27.8018
323.50,27.7928
324.00,27.7976
324.50,27.8206
325.00,27.8535
325.50,27.8824
326.00,27.8964
326.50,27.8917
327.00,27.8696
327.50,27.8359
328.00,27.7994
328.50,27.7727
329.00,27.7703
329.50,27.8021
330.00,27.8647
330.50,27.9412
331.00,28.0109
331.50,28.0641
332.00,28.1075
332.50,28.1541
333.00,28.2066
333.50,28.2516
334.00,28.2709
334.50,28.2599
335.00,28.2327
335.50,28.2125
336.00,28.2153
336.50,28.2434
337.00,28.2865
337.50,28.3296
338.00,28.3605
338.50,28.3756
339.00,28.3789
339.50,28.3785
340.00,28.3799
340.50,28.3820
341.00,28.3778
341.50,28.3602
342.00,28.3291
342.50,28.2945
343.00,28.2715
343.50,28.2711
344.00,28.2925
344.50,28.3250
345.00,28.3567
345.50,28.3822
346.00,28.4027
346.50,28.4200
347.00,28.4308
347.50,28.4275
348.00,28.4033
348.50,28.3605
349.00,28.3150
349.50,28.2913
350.00,28.3098
350.50,28.3747
351.00,28.4733
351.50,28.5847
352.00,28.6876
352.50,28.7621
353.00,28.7921
353.50,28.7728
354.00,28.7178
354.50,28.6560
355.00,28.6163
355.50,28.6086
356.00,28.6192
356.50,28.6232
357.00,28.6042
357.50,28.5660
358.00,28.5275
358.50,28.5077
359.00,28.5108
359.50,28.5264
360.00,28.5414
360.50,28.5516
361.00,28.5606
361.50,28.5706
362.00,28.5773
362.50,28.5749
363.00,28.5616
363.50,28.5390
364.00,28.5082
364.50,28.4723
365.00,28.4412
365.50,28.4301
366.00,28.4479
366.50,28.4875
367.00,28.5294
367.50,28.5558
368.00,28.5613
368.50,28.5512
369.00,28.5343
369.50,28.5175
370.00,28.5057
370.50,28.5019
371.00,28.5055
371.50,28.5123
372.00,28.5175
372.50,28.5191
373.00,28.5208
373.50,28.5330
374.00,28.5693
374.50,28.6368
375.00,28.7272
375.50,28.8155
376.00,28.8726
376.50,28.8812
377.00,28.8463
377.50,28.7914
378.00,28.7456
378.50,28.7276
379.00,28.7360
379.50,28.7518
380.00,28.7530
380.50,28.7314
381.00,28.7001
381.50,28.6825
382.00,28.6948
382.50,28.7352
383.00,28.7872
383.50,28.8305
384.00,28.8530
384.50,28.8553
385.00,28.8475
385.50,28.8411
386.00,28.8423
386.50,28.8525
387.00,28.8706
387.50,28.8920
388.00,28.9085
388.50,28.9128
389.00,28.9036
389.50,28.8859
390.00,28.8673
390.50,28.8534
391.00,28.8495
391.50,28.8607
392.00,28.8887
392.50,28.9281
393.00,28.9696
393.50,29.0059
394.00,29.0355
394.50,29.0607
395.00,29.0844
395.50,29.1090
396.00,29.1370
396.50,29.1702
397.00,29.2081
397.50,29.2469
398.00,29.2807
398.50,29.3033
399.00,29.3114
399.50,29.3088
400.00,29.3063
400.50,29.3125
401.00,29.3267
401.50,29.3389
402.00,29.3404
402.50,29.3318
403.00,29.3209
403.50,29.3140
404.00,29.3110
404.50,29.3090
405.00,29.3088
405.50,29.3147
406.00,29.3295
406.50,29.3512
407.00,29.3746
407.50,29.3948
408.00,29.4084
408.50,29.4129
409.00,29.4068
409.50,29.3923
410.00,29.3759
410.50,29.3650
411.00,29.3633
411.50,29.3672
412.00,29.3675
412.50,29.3559
413.00,29.3313
413.50,29.3013
414.00,29.2794
414.50,29.2778
415.00,29.3028
415.50,29.3520
416.00,29.4163
416.50,29.4843
417.00,29.5464
417.50,29.5981
418.00,29.6393
418.50,29.6741
419.00,29.7079
419.50,29.7433
420.00,29.7763
420.50,29.7974
421.00,29.8004
421.50,29.7877
422.00,29.7677
422.50,29.7478
423.00,29.7315
423.50,29.7212
424.00,29.7194
424.50,29.7271
425.00,29.7412
425.50,29.7569
426.00,29.7705
426.50,29.7831
427.00,29.8006
427.50,29.8258
428.00,29.8523
428.50,29.8647
429.00,29.8486
429.50,29.7996
430.00,29.7250
430.50,29.6390
431.00,29.5574
431.50,29.4945
432.00,29.4610
432.50,29.4615
433.00,29.4928
433.50,29.5471
434.00,29.6179
434.50,29.7016
435.00,29.7927
435.50,29.8795
436.00,29.9457
436.50,29.9788
437.00,29.9759
437.50,29.9436
438.00,29.8942
438.50,29.8437
439.00,29.8092
439.50,29.8043
440.00,29.8339
440.50,29.8890
441.00,29.9502
441.50,29.9975
442.00,30.0203
442.50,30.0213
443.00,30.0117
443.50,30.0030
444.00,30.0020
444.50,30.0083
445.00,30.0156
445.50,30.0165
446.00,30.0088
446.50,29.9980
447.00,29.9924
447.50,29.9974
448.00,30.0139
448.50,30.0412
449.00,30.0794
449.50,30.1254
450.00,30.1703
450.50,30.2033
451.00,30.2197
451.50,30.2222
452.00,30.2167
452.50,30.2071
453.00,30.1966
453.50,30.1916
454.00,30.1998
454.50,30.2238
455.00,30.2549
455.50,30.2752
456.00,30.2677
456.50,30.2284
457.00,30.1706
457.50,30.1205
458.00,30.1012
458.50,30.1183
459.00,30.1568
459.50,30.1934
460.00,30.2139
460.50,30.2208
461.00,30.2281
461.50,30.2500
462.00,30.2918
462.50,30.3452
463.00,30.3909
463.50,30.4091
464.00,30.3921
464.50,30.3523
465.00,30.3154
465.50,30.3044
466.00,30.3260
466.50,30.3697
467.00,30.4191
467.50,30.4626
468.00,30.4953
468.50,30.5144
469.00,30.5173
469.50,30.5044
470.00,30.4833
470.50,30.4646
471.00,30.4547
471.50,30.4532
472.00,30.4580
472.50,30.4702
473.00,30.4895
473.50,30.5068
474.00,30.5070
474.50,30.4805
475.00,30.4323
475.50,30.3789
476.00,30.3375
476.50,30.3167
477.00,30.3151
477.50,30.3258
478.00,30.3420
478.50,30.3591
479.00,30.3740
479.50,30.3836
480.00,30.3839
480.50,30.3732
481.00,30.3552
481.50,30.3387
482.00,30.3329
482.50,30.3412
483.00,30.3589
483.50,30.3771
484.00,30.3879
484.50,30.3884
485.00,30.3802
485.50,30.3684
486.00,30.3595
486.50,30.3598
487.00,30.3720
487.50,30.3932
488.00,30.4163
488.50,30.4314
489.00,30.4297
489.50,30.4092
490.00,30.3780
490.50,30.3511
491.00,30.3396
491.50,30.3457
492.00,30.3661
492.50,30.3974
493.00,30.4364
493.50,30.4786
494.00,30.5191
494.50,30.5562
495.00,30.5913
495.50,30.6240
496.00,30.6486
496.50,30.6546
497.00,30.6344
497.50,30.5900
498.00,30.5327
498.50,30.4773
499.00,30.4349
499.50,30.4125
500.00,30.4128
500.50,30.4338
501.00,30.4681
501.50,30.5072
502.00,30.5472
502.50,30.5899
503.00,30.6367
503.50,30.6826
504.00,30.7180
504.50,30.7370
505.00,30.7440
505.50,30.7523
506.00,30.7733
506.50,30.8060
507.00,30.8360
507.50,30.8478
508.00,30.8379
508.50,30.8193
509.00,30.8095
509.50,30.8162
510.00,30.8330
510.50,30.8481
511.00,30.8545
511.50,30.8517
512.00,30.8417
512.50,30.8258
513.00,30.8084
513.50,30.7998
514.00,30.8134
514.50,30.8566
515.00,30.9239
515.50,30.9988
516.00,31.0605
516.50,31.0934
517.00,31.0944
517.50,31.0747
518.00,31.0535
518.50,31.0448
519.00,31.0472
519.50,31.0463
520.00,31.0269
520.50,30.9866
521.00,30.9401
521.50,30.9128
522.00,30.9246
522.50,30.9730
523.00,31.0302
523.50,31.0619
524.00,31.0540
524.50,31.0227
525.00,30.9974
525.50,30.9974
526.00,31.0218
526.50,31.0574
527.00,31.0913
527.50,31.1171
528.00,31.1362
528.50,31.1540
529.00,31.1733
529.50,31.1915
530.00,31.2027
530.50,31.2027
531.00,31.1902
531.50,31.1695
532.00,31.1505
532.50,31.1466
533.00,31.1647
533.50,31.1972
534.00,31.2234
534.50,31.2215
535.00,31.1833
535.50,31.1221
536.00,31.0652
536.50,31.0384
537.00,31.0497
537.50,31.0887
538.00,31.1389
538.50,31.1891
539.00,31.2353
539.50,31.2747
540.00,31.3022
540.50,31.3134
541.00,31.3069
541.50,31.2851
542.00,31.2506
542.50,31.2057
543.00,31.1552
543.50,31.1090
544.00,31.0807
544.50,31.0802
545.00,31.1075
545.50,31.1525
546.00,31.2021
546.50,31.2483
547.00,31.2883
547.50,31.3208
548.00,31.3426
548.50,31.3499
549.00,31.3410
549.50,31.3185
550.00,31.2890
550.50,31.2625
551.00,31.2499
551.50,31.2580
552.00,31.2858
552.50,31.3249
553.00,31.3655
553.50,31.4015
554.00,31.4304
554.50,31.4510
555.00,31.4631
555.50,31.4683
556.00,31.4700
556.50,31.4704
557.00,31.4699
557.50,31.4700
558.00,31.4740
558.50,31.4831
559.00,31.4913
559.50,31.4873
560.00,31.4653
560.50,31.4340
561.00,31.4124
561.50,31.4157
562.00,31.4440
562.50,31.4829
563.00,31.5147
563.50,31.5294
564.00,31.5297
564.50,31.5252
565.00,31.5219
565.50,31.5160
566.00,31.4983
566.50,31.4646
567.00,31.4225
567.50,31.3883
568.00,31.3765
568.50,31.3908
569.00,31.4226
569.50,31.4565
570.00,31.4809
570.50,31.4954
571.00,31.5101
571.50,31.5357
572.00,31.5731
572.50,31.6112
573.00,31.6351
573.50,31.6362
574.00,31.6153
574.50,31.5795
575.00,31.5381
575.50,31.4983
576.00,31.4643
576.50,31.4382
577.00,31.4255
577.50,31.4388
578.00,31.4912
578.50,31.5832
579.00,31.6937
579.50,31.7881
580.00,31.8383
580.50,31.8390
581.00,31.8074
581.50,31.7680
582.00,31.7363
582.50,31.7141
583.00,31.6966
583.50,31.6795
584.00,31.6611
584.50,31.6406
585.00,31.6186
585.50,31.5989
586.00,31.5876
586.50,31.5881
587.00,31.5992
587.50,31.6161
588.00,31.6361
588.50,31.6591
589.00,31.6862
589.50,31.7156
590.00,31.7404
590.50,31.7500
591.00,31.7366
591.50,31.7040
592.00,31.6682
592.50,31.6483
593.00,31.6553
593.50,31.6879
594.00,31.7367
594.50,31.7880
595.00,31.8283
595.50,31.8497
596.00,31.8536
596.50,31.8491
597.00,31.8448
597.50,31.8414
598.00,31.8314
598.50,31.8074
599.00,31.7694
599.50,31.7280
600.00,31.6991
600.50,31.6954
601.00,31.7221
601.50,31.7761
602.00,31.8490
602.50,31.9291
603.00,32.0034
603.50,32.0603
604.00,32.0928
604.50,32.1006
605.00,32.0905
605.50,32.0738
606.00,32.0605
606.50,32.0541
607.00,32.0509
607.50,32.0456
608.00,32.0371
608.50,32.0288
609.00,32.0254
609.50,32.0272
610.00,32.0307
610.50,32.0302
611.00,32.0206
611.50,32.0003
612.00,31.9718
612.50,31.9429
613.00,31.9248
613.50,31.9284
614.00,31.9581
614.50,32.0087
615.00,32.0650
615.50,32.1077
616.00,32.1221
616.50,32.1051
617.00,32.0651
617.50,32.0192
618.00,31.9870
618.50,31.9836
619.00,32.0133
619.50,32.0648
620.00,32.1174
620.50,32.1536
621.00,32.1684
621.50,32.1702
622.00,32.1708
622.50,32.1756
623.00,32.1807
623.50,32.1796
624.00,32.1750
624.50,32.1796
625.00,32.2061
625.50,32.2539
626.00,32.3067
626.50,32.3401
627.00,32.3343
627.50,32.2847
628.00,32.2052
628.50,32.1232
629.00,32.0672
629.50,32.0531
630.00,32.0763
630.50,32.1150
631.00,32.1435
631.50,32.1459
632.00,32.1219
632.50,32.0816
633.00,32.0368
633.50,31.9952
634.00,31.9610
634.50,31.9368
635.00,31.9251
635.50,31.9284
636.00,31.9496
636.50,31.9887
637.00,32.0397
637.50,32.0908
638.00,32.1294
638.50,32.1487
639.00,32.1510
639.50,32.1458
640.00,32.1467
640.50,32.1672
641.00,32.2141
641.50,32.2810
642.00,32.3484
642.50,32.3918
643.00,32.3971
643.50,32.3690
644.00,32.3249
644.50,32.2804
645.00,32.2410
645.50,32.2052
646.00,32.1727
646.50,32.1488
647.00,32.1417
647.50,32.1566
648.00,32.1905
648.50,32.2323
649.00,32.2679
649.50,32.2881
650.00,32.2918
650.50,32.2838
651.00,32.2725
651.50,32.2687
652.00,32.2847
652.50,32.3272
653.00,32.3888
653.50,32.4469
654.00,32.4773
654.50,32.4719
655.00,32.4443
655.50,32.4145
656.00,32.3916
656.50,32.3701
657.00,32.3426
657.50,32.3129
658.00,32.2938
658.50,32.2951
659.00,32.3147
659.50,32.3418
660.00,32.3679
660.50,32.3923
661.00,32.4197
661.50,32.4548
662.00,32.4975
662.50,32.5428
663.00,32.5855
663.50,32.6249
664.00,32.6641
664.50,32.7009
665.00,32.7208
665.50,32.7043
666.00,32.6462
666.50,32.5669
667.00,32.5025
667.50,32.4780
668.00,32.4893
668.50,32.5085
669.00,32.5069
669.50,32.4749
670.00,32.4253
670.50,32.3807
671.00,32.3572
671.50,32.3568
672.00,32.3708
672.50,32.3867
673.00,32.3936
673.50,32.3853
674.00,32.3616
674.50,32.3273
675.00,32.2890
675.50,32.2504
676.00,32.2145
676.50,32.1875
677.00,32.1788
677.50,32.1926
678.00,32.2233
678.50,32.2592
679.00,32.2930
679.50,32.3264
680.00,32.3642
680.50,32.4056
681.00,32.4428
681.50,32.4664
682.00,32.4731
682.50,32.4667
683.00,32.4549
683.50,32.4448
684.00,32.4402
684.50,32.4418
685.00,32.4467
685.50,32.4505
686.00,32.4509
686.50,32.4496
687.00,32.4521
687.50,32.4650
688.00,32.4934
688.50,32.5382
689.00,32.5921
689.50,32.6381
690.00,32.6565
690.50,32.6382
691.00,32.5950
691.50,32.5551
692.00,32.5467
692.50,32.5804
693.00,32.6451
693.50,32.7155
694.00,32.7666
694.50,32.7849
695.00,32.7735
695.50,32.7481
696.00,32.7277
696.50,32.7248
697.00,32.7413
697.50,32.7699
698.00,32.7980
698.50,32.8128
699.00,32.8062
699.50,32.7801
700.00,32.7494
700.50,32.7356
701.00,32.7544
701.50,32.8037
702.00,32.8646
702.50,32.9135
703.00,32.9353
703.50,32.9267
704.00,32.8927
704.50,32.8428
705.00,32.7886
705.50,32.7424
706.00,32.7134
706.50,32.7016
707.00,32.6983
707.50,32.6920
708.00,32.6803
708.50,32.6730
709.00,32.6853
709.50,32.7244
710.00,32.7823
710.50,32.8406
711.00,32.8789
711.50,32.8874
712.00,32.8720
712.50,32.8532
713.00,32.8529
713.50,32.8798
714.00,32.9240
714.50,32.9665
715.00,32.9922
715.50,32.9953
716.00,32.9757
716.50,32.9359
717.00,32.8818
717.50,32.8241
718.00,32.7750
718.50,32.7429
719.00,32.7303
719.50,32.7362
720.00,32.7588
720.50,32.7925
721.00,32.8257
721.50,32.8438
722.00,32.8398
722.50,32.8214
723.00,32.8062
723.50,32.8090
724.00,32.8305
724.50,32.8582
725.00,32.8771
725.50,32.8823
726.00,32.8824
726.50,32.8920
727.00,32.9195
727.50,32.9589
728.00,32.9934
728.50,33.0081
729.00,33.0010
729.50,32.9828
730.00,32.9676
730.50,32.9645
731.00,32.9762
731.50,33.0011
732.00,33.0334
732.50,33.0614
733.00,33.0698
733.50,33.0501
734.00,33.0079
734.50,32.9613
735.00,32.9282
735.50,32.9162
736.00,32.9202
736.50,32.9299
737.00,32.9350
737.50,32.9288
738.00,32.9102
738.50,32.8858
739.00,32.8655
739.50,32.8565
740.00,32.8574
740.50,32.8622
741.00,32.8681
741.50,32.8785
742.00,32.8981
742.50,32.9245
743.00,32.9473
743.50,32.9551
744.00,32.9439
744.50,32.9219
745.00,32.9058
745.50,32.9115
746.00,32.9444
746.50,32.9950
747.00,33.0451
747.50,33.0811
748.00,33.1039
748.50,33.1253
749.00,33.1548
749.50,33.1884
750.00,33.2130
750.50,33.2209
751.00,33.2201
751.50,33.2305
752.00,33.2688
752.50,33.3345
753.00,33.4103
753.50,33.4737
754.00,33.5103
754.50,33.5167
755.00,33.4950
755.50,33.4489
756.00,33.3861
756.50,33.3209
757.00,33.2708
757.50,33.2478
758.00,33.2528
758.50,33.2747
759.00,33.2971
759.50,33.3087
760.00,33.3100
760.50,33.3097
761.00,33.3141
761.50,33.3209
762.00,33.3223
762.50,33.3108
763.00,33.2837
763.50,33.2444
764.00,33.2016
764.50,33.1670
765.00,33.1512
765.50,33.1606
766.00,33.1963
766.50,33.2515
767.00,33.3117
767.50,33.3591
768.00,33.3796
768.50,33.3686
769.00,33.3317
769.50,33.2810
770.00,33.2282
770.50,33.1804
771.00,33.1410
771.50,33.1135
772.00,33.1031
772.50,33.1127
773.00,33.1376
773.50,33.1627
774.00,33.1681
774.50,33.1417
775.00,33.0879
775.50,33.0280
776.00,32.9874
776.50,32.9812
777.00,33.0050
777.50,33.0404
778.00,33.0701
778.50,33.0904
779.00,33.1113
779.50,33.1464
780.00,33.2005
780.50,33.2666
781.00,33.3291
781.50,33.3725
782.00,33.3879
782.50,33.3764
783.00,33.3473
783.50,33.3134
784.00,33.2853
784.50,33.2690
785.00,33.2661
785.50,33.2759
786.00,33.2960
786.50,33.3217
787.00,33.3437
787.50,33.3493
788.00,33.3265
788.50,33.2716
789.00,33.1946
789.50,33.1179
790.00,33.0665
790.50,33.0542
791.00,33.0745
791.50,33.1046
792.00,33.1217
792.50,33.1196
793.00,33.1107
793.50,33.1115
794.00,33.1253
794.50,33.1386
795.00,33.1329
795.50,33.1005
796.00,33.0508
796.50,33.0054
797.00,32.9866
797.50,33.0056
798.00,33.0570
798.50,33.1246
799.00,33.1916
799.50,33.2486
800.00,33.2933
800.50,33.3246
801.00,33.3416
801.50,33.3443
802.00,33.3347
802.50,33.3170
803.00,33.2962
803.50,33.2762
804.00,33.2586
804.50,33.2447
805.00,33.2386
805.50,33.2460
806.00,33.2696
806.50,33.3062
807.00,33.3502
807.50,33.3996
808.00,33.4565
808.50,33.5203
809.00,33.5816
809.50,33.6228
810.00,33.6283
810.50,33.5972
811.00,33.5450
811.50,33.4939
812.00,33.4587
812.50,33.4405
813.00,33.4323
813.50,33.4273
814.00,33.4237
814.50,33.4244
815.00,33.4314
815.50,33.4420
816.00,33.4485
816.50,33.4440
817.00,33.4302
817.50,33.4184
818.00,33.4216
818.50,33.4434
819.00,33.4740
819.50,33.4965
820.00,33.4996
820.50,33.4876
821.00,33.4788
821.50,33.4922
822.00,33.5317
822.50,33.5835
823.00,33.6252
823.50,33.6426
824.00,33.6360
824.50,33.6162
825.00,33.5952
825.50,33.5799
826.00,33.5721
826.50,33.5706
827.00,33.5743
827.50,33.5809
828.00,33.5847
828.50,33.5771
829.00,33.5533
829.50,33.5197
830.00,33.4935
830.50,33.4924
831.00,33.5226
831.50,33.5757
832.00,33.6340
832.50,33.6808
833.00,33.7085
833.50,33.7214
834.00,33.7325
834.50,33.7543
835.00,33.7912
835.50,33.8369
836.00,33.8769
836.50,33.8948
837.00,33.8808
837.50,33.8391
838.00,33.7876
838.50,33.7489
839.00,33.7359
839.50,33.7467
840.00,33.7711
840.50,33.8031
841.00,33.8452
841.50,33.9016
842.00,33.9670
842.50,34.0246
843.00,34.0548
843.50,34.0484
844.00,34.0144
844.50,33.9749
845.00,33.9508
845.50,33.9486
846.00,33.9585
846.50,33.9666
847.00,33.9689
847.50,33.9759
848.00,34.0026
848.50,34.0534
849.00,34.1153
849.50,34.1647
850.00,34.1814
850.50,34.1579
851.00,34.1028
851.50,34.0387
852.00,33.9943
852.50,33.9902
853.00,34.0235
853.50,34.0675
854.00,34.0883
854.50,34.0677
855.00,34.0127
855.50,33.9460
856.00,33.8900
856.50,33.8576
857.00,33.8534
857.50,33.8768
858.00,33.9208
858.50,33.9704
859.00,34.0078
859.50,34.0235
860.00,34.0246
860.50,34.0302
861.00,34.0573
861.50,34.1092
862.00,34.1719
862.50,34.2240
863.00,34.2490
863.50,34.2449
864.00,34.2233
864.50,34.1997
865.00,34.1844
865.50,34.1793
866.00,34.1812
866.50,34.1864
867.00,34.1913
867.50,34.1901
868.00,34.1761
868.50,34.1449
869.00,34.0985
869.50,34.0462
870.00,34.0016
870.50,33.9774
871.00,33.9769
871.50,33.9896
872.00,33.9965
872.50,33.9850
873.00,33.9598
873.50,33.9374
874.00,33.9295
874.50,33.9311
875.00,33.9261
875.50,33.9034
876.00,33.8661
876.50,33.8275
877.00,33.7987
877.50,33.7827
878.00,33.7787
878.50,33.7873
879.00,33.8085
879.50,33.8364
880.00,33.8601
880.50,33.8726
881.00,33.8792
881.50,33.8954
882.00,33.9358
882.50,34.0034
883.00,34.0872
883.50,34.1689
884.00,34.2318
884.50,34.2672
885.00,34.2752
885.50,34.2613
886.00,34.2316
886.50,34.1922
887.00,34.1500
887.50,34.1130
888.00,34.0868
888.50,34.0720
889.00,34.0662
889.50,34.0688
890.00,34.0803
890.50,34.0983
891.00,34.1162
891.50,34.1299
892.00,34.1420
892.50,34.1612
893.00,34.1945
893.50,34.2397
894.00,34.2852
894.50,34.3156
895.00,34.3206
895.50,34.3006
896.00,34.2668
896.50,34.2354
897.00,34.2206
897.50,34.2270
898.00,34.2474
898.50,34.2672
899.00,34.2730
899.50,34.2601
900.00,34.2320
900.50,34.1959
901.00,34.1602
901.50,34.1343
902.00,34.1286
902.50,34.1480
903.00,34.1863
903.50,34.2278
904.00,34.2562
904.50,34.2640
905.00,34.2554
905.50,34.2421
906.00,34.2342
906.50,34.2332
907.00,34.2326
907.50,34.2268
908.00,34.2191
908.50,34.2220
909.00,34.2481
909.50,34.2973
910.00,34.3527
910.50,34.3905
911.00,34.3958
911.50,34.3723
912.00,34.3375
912.50,34.3098
913.00,34.2983
913.50,34.3032
914.00,34.3178
914.50,34.3320
915.00,34.3361
915.50,34.3261
916.00,34.3054
916.50,34.2813
917.00,34.2587
917.50,34.2378
918.00,34.2156
918.50,34.1904
919.00,34.1649
919.50,34.1452
920.00,34.1388
920.50,34.1495
921.00,34.1736
921.50,34.1985
922.00,34.2097
922.50,34.2007
923.00,34.1795
923.50,34.1637
924.00,34.1695
924.50,34.2022
925.00,34.2549
925.50,34.3137
926.00,34.3645
926.50,34.3970
927.00,34.4075
927.50,34.3993
928.00,34.3814
928.50,34.3638
929.00,34.3549
929.50,34.3601
930.00,34.3798
930.50,34.4055
931.00,34.4205
931.50,34.4097
932.00,34.3717
932.50,34.3210
933.00,34.2784
933.50,34.2590
934.00,34.2654
934.50,34.2903
935.00,34.3225
935.50,34.3514
936.00,34.3706
936.50,34.3798
937.00,34.3844
937.50,34.3923
938.00,34.4091
938.50,34.4347
939.00,34.4629
939.50,34.4862
940.00,34.4984
940.50,34.4953
941.00,34.4725
941.50,34.4277
942.00,34.3660
942.50,34.3017
943.00,34.2530
943.50,34.2305
944.00,34.2302
944.50,34.2376
945.00,34.2394
945.50,34.2350
946.00,34.2366
946.50,34.2575
947.00,34.3014
947.50,34.3593
948.00,34.4176
948.50,34.4647
949.00,34.4936
949.50,34.5009
950.00,34.4880
950.50,34.4625
951.00,34.4365
951.50,34.4197
952.00,34.4139
952.50,34.4127
953.00,34.4069
953.50,34.3893
954.00,34.3566
954.50,34.3099
955.00,34.2554
955.50,34.2044
956.00,34.1696
956.50,34.1576
957.00,34.1643
957.50,34.1805
958.00,34.2011
958.50,34.2285
959.00,34.2680
959.50,34.3211
960.00,34.3806
960.50,34.4328
961.00,34.4635
961.50,34.4671
962.00,34.4524
962.50,34.4367
963.00,34.4339
963.50,34.4430
964.00,34.4490
964.50,34.4353
965.00,34.3963
965.50,34.3403
966.00,34.2826
966.50,34.2347
967.00,34.2014
967.50,34.1844
968.00,34.1888
968.50,34.2210
969.00,34.2786
969.50,34.3457
970.00,34.3998
970.50,34.4277
971.00,34.4328
971.50,34.4302
972.00,34.4349
972.50,34.4546
973.00,34.4894
973.50,34.5343
974.00,34.5815
974.50,34.6227
975.00,34.6520
975.50,34.6676
976.00,34.6705
976.50,34.6626
977.00,34.6470
977.50,34.6288
978.00,34.6135
978.50,34.6019
979.00,34.5886
979.50,34.5684
980.00,34.5445
980.50,34.5270
981.00,34.5236
981.50,34.5322
982.00,34.5442
982.50,34.5504
983.00,34.5465
983.50,34.5334
984.00,34.5153
984.50,34.4978
985.00,34.4840
985.50,34.4737
986.00,34.4641
986.50,34.4526
987.00,34.4392
987.50,34.4287
988.00,34.4292
988.50,34.4465
989.00,34.4783
989.50,34.5128
990.00,34.5345
990.50,34.5335
991.00,34.5125
991.50,34.4864
992.00,34.4748
992.50,34.4883
993.00,34.5213
993.50,34.5531
994.00,34.5614
994.50,34.5358
995.00,34.4853
995.50,34.4331
996.00,34.4041
996.50,34.4107
997.00,34.4473
997.50,34.4963
998.00,34.5395
998.50,34.5654
999.00,34.5692
999.50,34.5526
1000.00,34.5243
1000.50,34.4974
1001.00,34.4827
1001.50,34.4824
1002.00,34.4902
1002.50,34.4986
1003.00,34.5044
1003.50,34.5098
1004.00,34.5167
1004.50,34.5247
1005.00,34.5330
1005.50,34.5425
1006.00,34.5560
1006.50,34.5762
1007.00,34.6037
1007.50,34.6358
1008.00,34.6664
1008.50,34.6885
1009.00,34.7013
1009.50,34.7131
1010.00,34.7360
1010.50,34.7764
1011.00,34.8309
1011.50,34.8921
1012.00,34.9542
1012.50,35.0119
1013.00,35.0548
1013.50,35.0684
1014.00,35.0427
1014.50,34.9806
1015.00,34.8970
1015.50,34.8101
1016.00,34.7321
1016.50,34.6659
1017.00,34.6091
1017.50,34.5587
1018.00,34.5149
1018.50,34.4807
1019.00,34.4612
1019.50,34.4609
1020.00,34.4816
1020.50,34.5190
1021.00,34.5641
1021.50,34.6060
1022.00,34.6356
1022.50,34.6466
1023.00,34.6387
1023.50,34.6193
1024.00,34.6020
1024.50,34.6007
1025.00,34.6221
1025.50,34.6613
1026.00,34.7045
1026.50,34.7342
1027.00,34.7387
1027.50,34.7189
1028.00,34.6886
1028.50,34.6668
1029.00,34.6662
1029.50,34.6860
1030.00,34.7129
1030.50,34.7309
1031.00,34.7330
1031.50,34.7232
1032.00,34.7096
1032.50,34.6967
1033.00,34.6846
1033.50,34.6713
1034.00,34.6544
1034.50,34.6323
1035.00,34.6086
1035.50,34.5954
1036.00,34.6107
1036.50,34.6665
1037.00,34.7567
1037.50,34.8549
1038.00,34.9283
1038.50,34.9586
1039.00,34.9522
1039.50,34.9313
1040.00,34.9171
1040.50,34.9179
1041.00,34.9305
1041.50,34.9464
1042.00,34.9563
1042.50,34.9511
1043.00,34.9243
1043.50,34.8778
1044.00,34.8243
1044.50,34.7820
1045.00,34.7632
1045.50,34.7663
1046.00,34.7789
1046.50,34.7881
1047.00,34.7884
1047.50,34.7809
1048.00,34.7692
1048.50,34.7570
1049.00,34.7484
1049.50,34.7482
1050.00,34.7598
1050.50,34.7811
1051.00,34.8020
1051.50,34.8078
1052.00,34.7889
1052.50,34.7490
1053.00,34.7033
1053.50,34.6671
1054.00,34.6459
1054.50,34.6369
1055.00,34.6374
1055.50,34.6492
1056.00,34.6733
1056.50,34.7044
1057.00,34.7319
1057.50,34.7458
1058.00,34.7417
1058.50,34.7225
1059.00,34.6995
1059.50,34.6894
1060.00,34.7051
1060.50,34.7458
1061.00,34.7955
1061.50,34.8322
1062.00,34.8416
1062.50,34.8228
1063.00,34.7855
1063.50,34.7430
1064.00,34.7048
1064.50,34.6743
1065.00,34.6511
1065.50,34.6380
1066.00,34.6426
1066.50,34.6709
1067.00,34.7193
1067.50,34.7768
1068.00,34.8344
1068.50,34.8916
1069.00,34.9515
1069.50,35.0139
1070.00,35.0741
1070.50,35.1260
1071.00,35.1649
1071.50,35.1867
1072.00,35.1897
1072.50,35.1775
1073.00,35.1599
1073.50,35.1473
1074.00,35.1431
1074.50,35.1415
1075.00,35.1325
1075.50,35.1083
1076.00,35.0684
1076.50,35.0203
1077.00,34.9772
1077.50,34.9521
1078.00,34.9494
1078.50,34.9609
1079.00,34.9735
1079.50,34.9802
1080.00,34.9866
1080.50,35.0040
1081.00,35.0375
1081.50,35.0789
1082.00,35.1117
1082.50,35.1222
1083.00,35.1070
1083.50,35.0708
1084.00,35.0213
1084.50,34.9670
1085.00,34.9169
1085.50,34.8770
1086.00,34.8468
1086.50,34.8211
1087.00,34.7990
1087.50,34.7873
1088.00,34.7915
1088.50,34.8059
1089.00,34.8134
1089.50,34.7996
1090.00,34.7639
1090.50,34.7182
1091.00,34.6763
1091.50,34.6460
1092.00,34.6273
1092.50,34.6160
1093.00,34.6076
1093.50,34.6013
1094.00,34.6017
1094.50,34.6160
1095.00,34.6497
1095.50,34.7019
1096.00,34.7623
1096.50,34.8148
1097.00,34.8448
1097.50,34.8496
1098.00,34.8409
1098.50,34.8364
1099.00,34.8464
1099.50,34.8683
1100.00,34.8936
1100.50,34.9168
1101.00,34.9379
1101.50,34.9569
1102.00,34.9710
1102.50,34.9766
1103.00,34.9754
1103.50,34.9742
1104.00,34.9788
1104.50,34.9897
1105.00,35.0034
1105.50,35.0197
1106.00,35.0442
1106.50,35.0809
1107.00,35.1232
1107.50,35.1546
1108.00,35.1614
1108.50,35.1451
1109.00,35.1198
1109.50,35.0978
1110.00,35.0795
1110.50,35.0591
1111.00,35.0377
1111.50,35.0251
1112.00,35.0304
1112.50,35.0532
1113.00,35.0842
1113.50,35.1149
1114.00,35.1406
1114.50,35.1570
1115.00,35.1567
1115.50,35.1325
1116.00,35.0840
1116.50,35.0202
1117.00,34.9557
1117.50,34.9040
1118.00,34.8707
1118.50,34.8503
1119.00,34.8297
1119.50,34.7958
1120.00,34.7442
1120.50,34.6806
1121.00,34.6172
1121.50,34.5663
1122.00,34.5354
1122.50,34.5258
1123.00,34.5334
1123.50,34.5518
1124.00,34.5765
1124.50,34.6055
1125.00,34.6365
1125.50,34.6654
1126.00,34.6905
1126.50,34.7177
1127.00,34.7569
1127.50,34.8098
1128.00,34.8647
1128.50,34.9057
1129.00,34.9276
1129.50,34.9401
1130.00,34.9561
1130.50,34.9782
1131.00,34.9975
1131.50,35.0064
1132.00,35.0118
1132.50,35.0331
1133.00,35.0860
1133.50,35.1665
1134.00,35.2493
1134.50,35.3034
1135.00,35.3118
1135.50,35.2825
1136.00,35.2426
1136.50,35.2210
1137.00,35.2306
1137.50,35.2614
1138.00,35.2885
1138.50,35.2883
1139.00,35.2499
1139.50,35.1758
1140.00,35.0767
1140.50,34.9693
1141.00,34.8759
1141.50,34.8185
1142.00,34.8073
1142.50,34.8333
1143.00,34.8753
1143.50,34.9155
1144.00,34.9478
1144.50,34.9737
1145.00,34.9939
1145.50,35.0070
1146.00,35.0114
1146.50,35.0052
1147.00,34.9872
1147.50,34.9619
1148.00,34.9422
1148.50,34.9415
1149.00,34.9610
1149.50,34.9872
1150.00,35.0028
1150.50,34.9995
1151.00,34.9820
1151.50,34.9602
1152.00,34.9415
1152.50,34.9270
1153.00,34.9142
1153.50,34.9025
1154.00,34.8961
1154.50,34.9025
1155.00,34.9273
1155.50,34.9689
1156.00,35.0155
1156.50,35.0496
1157.00,35.0570
1157.50,35.0344
1158.00,34.9892
1158.50,34.9339
1159.00,34.8799
1159.50,34.8360
1160.00,34.8088
1160.50,34.8022
1161.00,34.8148
1161.50,34.8387
1162.00,34.8598
1162.50,34.8639
1163.00,34.8456
1163.50,34.8138
1164.00,34.7865
1164.50,34.7765
1165.00,34.7833
1165.50,34.7954
1166.00,34.8010
1166.50,34.7956
1167.00,34.7829
1167.50,34.7707
1168.00,34.7673
1168.50,34.7782
1169.00,34.8046
1169.50,34.8419
1170.00,34.8795
1170.50,34.9025
1171.00,34.8972
1171.50,34.8591
1172.00,34.7985
1172.50,34.7365
1173.00,34.6940
1173.50,34.6797
1174.00,34.6904
1174.50,34.7193
1175.00,34.7644
1175.50,34.8257
1176.00,34.8972
1176.50,34.9630
1177.00,35.0054
1177.50,35.0163
1178.00,35.0018
1178.50,34.9747
1179.00,34.9466
1179.50,34.9251
1180.00,34.9158
1180.50,34.9220
1181.00,34.9427
1181.50,34.9703
1182.00,34.9927
1182.50,34.9992
1183.00,34.9868
1183.50,34.9624
1184.00,34.9380
1184.50,34.9212
1185.00,34.9113
1185.50,34.9035
1186.00,34.8961
1186.50,34.8936
1187.00,34.9035
1187.50,34.9306
1188.00,34.9739
1188.50,35.0277
1189.00,35.0821
1189.50,35.1248
1190.00,35.1463
1190.50,35.1452
1191.00,35.1295
1191.50,35.1092
1192.00,35.0879
1192.50,35.0611
1193.00,35.0256
1193.50,34.9879
1194.00,34.9641
1194.50,34.9675
1195.00,34.9977
1195.50,35.0409
1196.00,35.0781
1196.50,35.0956
1197.00,35.0886
1197.50,35.0615
1198.00,35.0249
1198.50,34.9925
1199.00,34.9757
1199.50,34.9790
1200.00,34.9980
1200.50,35.0213
1201.00,35.0361
1201.50,35.0367
1202.00,35.0277
1202.50,35.0199
1203.00,35.0212
1203.50,35.0315
1204.00,35.0452
1204.50,35.0552
1205.00,35.0535
1205.50,35.0313
1206.00,34.9829
1206.50,34.9132
1207.00,34.8393
1207.50,34.7820
1208.00,34.7544
1208.50,34.7563
1209.00,34.7765
1209.50,34.8034
1210.00,34.8326
1210.50,34.8684
1211.00,34.9156
1211.50,34.9719
1212.00,35.0265
1212.50,35.0673
1213.00,35.0891
1213.50,35.0978
1214.00,35.1071
1214.50,35.1275
1215.00,35.1580
1215.50,35.1858
1216.00,35.1963
1216.50,35.1832
1217.00,35.1508
1217.50,35.1090
1218.00,35.0660
1218.50,35.0269
1219.00,34.9972
1219.50,34.9867
1220.00,35.0057
1220.50,35.0559
1221.00,35.1249
1221.50,35.1899
1222.00,35.2297
1222.50,35.2355
1223.00,35.2126
1223.50,35.1747
1224.00,35.1365
1224.50,35.1081
1225.00,35.0911
1225.50,35.0776
1226.00,35.0553
1226.50,35.0168
1227.00,34.9662
1227.50,34.9159
1228.00,34.8800
1228.50,34.8711
1229.00,34.8980
1229.50,34.9615
1230.00,35.0461
1230.50,35.1251
1231.00,35.1783
1231.50,35.2070
1232.00,35.2279
1232.50,35.2516
1233.00,35.2707
1233.50,35.2677
1234.00,35.2335
1234.50,35.1755
1235.00,35.1106
1235.50,35.0536
1236.00,35.0097
1236.50,34.9780
1237.00,34.9579
1237.50,34.9528
1238.00,34.9664
1238.50,34.9986
1239.00,35.0452
1239.50,35.1007
1240.00,35.1597
1240.50,35.2153
1241.00,35.2580
1241.50,35.2802
1242.00,35.2807
1242.50,35.2648
1243.00,35.2398
1243.50,35.2116
1244.00,35.1842
1244.50,35.1617
1245.00,35.1477
1245.50,35.1450
1246.00,35.1530
1246.50,35.1677
1247.00,35.1846
1247.50,35.2013
1248.00,35.2187
1248.50,35.2386
1249.00,35.2587
1249.50,35.2695
1250.00,35.2588
1250.50,35.2230
1251.00,35.1732
1251.50,35.1294
1252.00,35.1066
1252.50,35.1074
1253.00,35.1274
1253.50,35.1621
1254.00,35.2091
1254.50,35.2648
1255.00,35.3235
1255.50,35.3792
1256.00,35.4276
1256.50,35.4651
1257.00,35.4869
1257.50,35.4889
1258.00,35.4706
1258.50,35.4375
1259.00,35.3975
1259.50,35.3563
1260.00,35.3169
1260.50,35.2835
1261.00,35.2643
1261.50,35.2672
1262.00,35.2916
1262.50,35.3261
1263.00,35.3545
1263.50,35.3645
1264.00,35.3540
1264.50,35.3311
1265.00,35.3090
1265.50,35.2995
1266.00,35.3083
1266.50,35.3345
1267.00,35.3730
1267.50,35.4185
1268.00,35.4682
1268.50,35.5232
1269.00,35.5851
1269.50,35.6516
1270.00,35.7137
1270.50,35.7583
1271.00,35.7749
1271.50,35.7600
1272.00,35.7178
1272.50,35.6590
1273.00,35.5970
1273.50,35.5450
1274.00,35.5100
1274.50,35.4914
1275.00,35.4842
1275.50,35.4855
1276.00,35.4958
1276.50,35.5139
1277.00,35.5335
1277.50,35.5466
1278.00,35.5497
1278.50,35.5449
1279.00,35.5347
1279.50,35.5185
1280.00,35.4963
1280.50,35.4738
1281.00,35.4623
1281.50,35.4704
1282.00,35.4977
1282.50,35.5353
1283.00,35.5737
1283.50,35.6082
1284.00,35.6398
1284.50,35.6721
1285.00,35.7094
1285.50,35.7539
1286.00,35.8021
1286.50,35.8434
1287.00,35.8657
1287.50,35.8635
1288.00,35.8424
1288.50,35.8139
1289.00,35.7868
1289.50,35.7632
1290.00,35.7430
1290.50,35.7292
1291.00,35.7275
1291.50,35.7419
1292.00,35.7719
1292.50,35.8126
1293.00,35.8566
1293.50,35.8971
1294.00,35.9293
1294.50,35.9538
1295.00,35.9760
1295.50,36.0005
1296.00,36.0228
1296.50,36.0274
1297.00,35.9971
1297.50,35.9289
1298.00,35.8380
1298.50,35.7461
1299.00,35.6676
1299.50,35.6060
1300.00,35.5617
1300.50,35.5358
1301.00,35.5275
1301.50,35.5312
1302.00,35.5377
1302.50,35.5398
1303.00,35.5362
1303.50,35.5314
1304.00,35.5323
1304.50,35.5437
1305.00,35.5660
1305.50,35.5948
1306.00,35.6250
1306.50,35.6549
1307.00,35.6886
1307.50,35.7318
1308.00,35.7850
1308.50,35.8395
1309.00,35.8812
1309.50,35.8976
1310.00,35.8851
1310.50,35.8519
1311.00,35.8145
1311.50,35.7882
1312.00,35.7772
1312.50,35.7751
1313.00,35.7750
1313.50,35.7778
1314.00,35.7878
1314.50,35.8035
1315.00,35.8180
1315.50,35.8277
1316.00,35.8369
1316.50,35.8513
1317.00,35.8695
1317.50,35.8825
1318.00,35.8815
1318.50,35.8655
1319.00,35.8406
1319.50,35.8126
1320.00,35.7824
1320.50,35.7487
1321.00,35.7143
1321.50,35.6877
1322.00,35.6772
1322.50,35.6822
1323.00,35.6949
1323.50,35.7086
1324.00,35.7248
1324.50,35.7484
1325.00,35.7780
1325.50,35.8027
1326.00,35.8119
1326.50,35.8076
1327.00,35.8065
1327.50,35.8285
1328.00,35.8810
1328.50,35.9527
1329.00,36.0212
1329.50,36.0676
1330.00,36.0870
1330.50,36.0876
1331.00,36.0819
1331.50,36.0780
1332.00,36.0759
1332.50,36.0711
1333.00,36.0598
1333.50,36.0435
1334.00,36.0285
1334.50,36.0232
1335.00,36.0321
1335.50,36.0544
1336.00,36.0852
1336.50,36.1199
1337.00,36.1570
1337.50,36.1975
1338.00,36.2402
1338.50,36.2784
1339.00,36.3019
1339.50,36.3050
1340.00,36.2917
1340.50,36.2735
1341.00,36.2606
1341.50,36.2550
1342.00,36.2522
1342.50,36.2493
1343.00,36.2494
1343.50,36.2575
1344.00,36.2716
1344.50,36.2800
1345.00,36.2701
1345.50,36.2413
1346.00,36.2099
1346.50,36.1985
1347.00,36.2193
1347.50,36.2659
1348.00,36.3204
1348.50,36.3673
1349.00,36.4018
1349.50,36.4259
1350.00,36.4421
1350.50,36.4520
1351.00,36.4616
1351.50,36.4829
1352.00,36.5293
1352.50,36.6078
1353.00,36.7170
1353.50,36.8518
1354.00,37.0096
1354.50,37.1911
1355.00,37.3957
1355.50,37.6138
1356.00,37.8253
1356.50,38.0055
1357.00,38.1369
1357.50,38.2176
1358.00,38.2616
1358.50,38.2905
1359.00,38.3223
1359.50,38.3633
1360.00,38.4061
1360.50,38.4372
1361.00,38.4459
1361.50,38.4308
1362.00,38.3998
1362.50,38.3660
1363.00,38.3428
1363.50,38.3395
1364.00,38.3568
1364.50,38.3861
1365.00,38.4131
1365.50,38.4271
1366.00,38.4278
1366.50,38.4260
1367.00,38.4334
1367.50,38.4535
1368.00,38.4794
1368.50,38.5014
1369.00,38.5155
1369.50,38.5248
1370.00,38.5334
1370.50,38.5390
1371.00,38.5319
1371.50,38.5025
1372.00,38.4512
1372.50,38.3936
1373.00,38.3541
1373.50,38.3523
1374.00,38.3902
1374.50,38.4510
1375.00,38.5092
1375.50,38.5450
1376.00,38.5516
1376.50,38.5333
1377.00,38.4999
1377.50,38.4631
1378.00,38.4339
1378.50,38.4200
1379.00,38.4238
1379.50,38.4432
1380.00,38.4750
1380.50,38.5165
1381.00,38.5648
1381.50,38.6143
1382.00,38.6563
1382.50,38.6800
1383.00,38.6754
1383.50,38.6389
1384.00,38.5756
1384.50,38.4977
1385.00,38.4198
1385.50,38.3558
1386.00,38.3159
1386.50,38.3022
1387.00,38.3053
1387.50,38.3088
1388.00,38.3018
1388.50,38.2871
1389.00,38.2752
1389.50,38.2731
1390.00,38.2758
1390.50,38.2713
1391.00,38.2491
1391.50,38.2077
1392.00,38.1560
1392.50,38.1113
1393.00,38.0901
1393.50,38.0963
1394.00,38.1155
1394.50,38.1259
1395.00,38.1164
1395.50,38.0953
1396.00,38.0825
1396.50,38.0932
1397.00,38.1312
1397.50,38.1898
1398.00,38.2570
1398.50,38.3209
1399.00,38.3743
1399.50,38.4189
1400.00,38.4606
1400.50,38.5007
1401.00,38.5307
1401.50,38.5367
1402.00,38.5075
1402.50,38.4415
1403.00,38.3468
1403.50,38.2397
1404.00,38.1407
1404.50,38.0681
1405.00,38.0303
1405.50,38.0240
1406.00,38.0377
1406.50,38.0576
1407.00,38.0730
1407.50,38.0813
1408.00,38.0904
1408.50,38.1133
1409.00,38.1561
1409.50,38.2101
1410.00,38.2568
1410.50,38.2825
1411.00,38.2869
1411.50,38.2791
1412.00,38.2667
1412.50,38.2517
1413.00,38.2333
1413.50,38.2114
1414.00,38.1844
1414.50,38.1487
1415.00,38.1025
1415.50,38.0518
1416.00,38.0078
1416.50,37.9773
1417.00,37.9573
1417.50,37.9370
1418.00,37.9060
1418.50,37.8627
1419.00,37.8178
1419.50,37.7885
1420.00,37.7856
1420.50,37.8044
1421.00,37.8291
1421.50,37.8464
1422.00,37.8527
1422.50,37.8520
1423.00,37.8500
1423.50,37.8517
1424.00,37.8606
1424.50,37.8748
1425.00,37.8838
1425.50,37.8734
1426.00,37.8361
1426.50,37.7790
1427.00,37.7203
1427.50,37.6793
1428.00,37.6662
1428.50,37.6784
1429.00,37.7029
1429.50,37.7247
1430.00,37.7352
1430.50,37.7339
1431.00,37.7246
1431.50,37.7127
1432.00,37.7055
1432.50,37.7091
1433.00,37.7252
1433.50,37.7484
1434.00,37.7702
1434.50,37.7867
1435.00,37.8035
1435.50,37.8343
1436.00,37.8908
1436.50,37.9694
1437.00,38.0471
1437.50,38.0920
1438.00,38.0853
1438.50,38.0358
1439.00,37.9723
1439.50,37.9175
1440.00,37.8695
1440.50,37.8103
1441.00,37.7300
1441.50,37.6408
1442.00,37.5666
1442.50,37.5250
1443.00,37.5186
1443.50,37.5396
1444.00,37.5766
1444.50,37.6183
1445.00,37.6544
1445.50,37.6788
1446.00,37.6906
1446.50,37.6921
1447.00,37.6845
1447.50,37.6684
1448.00,37.6477
1448.50,37.6301
1449.00,37.6207
1449.50,37.6170
1450.00,37.6103
1450.50,37.5939
1451.00,37.5701
1451.50,37.5488
1452.00,37.5399
1452.50,37.5462
1453.00,37.5617
1453.50,37.5744
1454.00,37.5742
1454.50,37.5604
1455.00,37.5425
1455.50,37.5309
1456.00,37.5259
1456.50,37.5168
1457.00,37.4945
1457.50,37.4647
1458.00,37.4448
1458.50,37.4498
1459.00,37.4791
1459.50,37.5177
1460.00,37.5470
1460.50,37.5566
1461.00,37.5468
1461.50,37.5235
1462.00,37.4934
1462.50,37.4634
1463.00,37.4428
1463.50,37.4425
1464.00,37.4687
1464.50,37.5157
1465.00,37.5675
1465.50,37.6068
1466.00,37.6263
1466.50,37.6303
1467.00,37.6288
1467.50,37.6300
1468.00,37.6356
1468.50,37.6406
1469.00,37.6358
1469.50,37.6143
1470.00,37.5789
1470.50,37.5427
1471.00,37.5213
1471.50,37.5195
1472.00,37.5259
1472.50,37.5193
1473.00,37.4838
1473.50,37.4211
1474.00,37.3506
1474.50,37.2954
1475.00,37.2659
1475.50,37.2541
1476.00,37.2418
1476.50,37.2135
1477.00,37.1654
1477.50,37.1077
1478.00,37.0611
1478.50,37.0482
1479.00,37.0833
1479.50,37.1662
1480.00,37.2800
1480.50,37.3973
1481.00,37.4917
1481.50,37.5518
1482.00,37.5851
1482.50,37.6081
1483.00,37.6302
1483.50,37.6459
1484.00,37.6430
1484.50,37.6152
1485.00,37.5689
1485.50,37.5172
1486.00,37.4699
1486.50,37.4280
1487.00,37.3891
1487.50,37.3561
1488.00,37.3391
1488.50,37.3470
1489.00,37.3797
1489.50,37.4278
1490.00,37.4771
1490.50,37.5135
1491.00,37.5270
1491.50,37.5151
1492.00,37.4840
1492.50,37.4435
1493.00,37.4011
1493.50,37.3607
1494.00,37.3260
1494.50,37.3024
1495.00,37.2934
1495.50,37.2960
1496.00,37.3015
1496.50,37.3008
1497.00,37.2911
1497.50,37.2755
1498.00,37.2583
1498.50,37.2415
1499.00,37.2251
1499.50,37.2094
1500.00,37.1939
1500.50,37.1759
1501.00,37.1517
1501.50,37.1182
1502.00,37.0761
1502.50,37.0299
1503.00,36.9885
1503.50,36.9633
1504.00,36.9645
1504.50,36.9963
1505.00,37.0528
1505.50,37.1171
1506.00,37.1666
1506.50,37.1836
1507.00,37.1652
1507.50,37.1255
1508.00,37.0842
1508.50,37.0531
1509.00,37.0296
1509.50,37.0032
1510.00,36.9654
1510.50,36.9161
1511.00,36.8614
1511.50,36.8103
1512.00,36.7727
1512.50,36.7572
1513.00,36.7675
1513.50,36.7992
1514.00,36.8398
1514.50,36.8740
1515.00,36.8900
1515.50,36.8851
1516.00,36.8659
1516.50,36.8433
1517.00,36.8261
1517.50,36.8181
1518.00,36.8211
1518.50,36.8372
1519.00,36.8659
1519.50,36.8990
1520.00,36.9217
1520.50,36.9202
1521.00,36.8895
1521.50,36.8339
1522.00,36.7655
1522.50,36.7011
1523.00,36.6576
1523.50,36.6445
1524.00,36.6584
1524.50,36.6861
1525.00,36.7151
1525.50,36.7390
1526.00,36.7567
1526.50,36.7681
1527.00,36.7751
1527.50,36.7836
1528.00,36.8018
1528.50,36.8316
1529.00,36.8635
1529.50,36.8799
1530.00,36.8666
1530.50,36.8216
1531.00,36.7591
1531.50,36.7050
1532.00,36.6833
1532.50,36.7006
1533.00,36.7406
1533.50,36.7773
1534.00,36.7961
1534.50,36.8037
1535.00,36.8194
1535.50,36.8555
1536.00,36.9035
1536.50,36.9364
1537.00,36.9241
1537.50,36.8542
1538.00,36.7422
1538.50,36.6249
1539.00,36.5415
1539.50,36.5144
1540.00,36.5413
1540.50,36.6013
1541.00,36.6681
1541.50,36.7206
1542.00,36.7473
1542.50,36.7475
1543.00,36.7315
1543.50,36.7161
1544.00,36.7159
1544.50,36.7319
1545.00,36.7518
1545.50,36.7604
1546.00,36.7546
1546.50,36.7470
1547.00,36.7547
1547.50,36.7830
1548.00,36.8172
1548.50,36.8320
1549.00,36.8116
1549.50,36.7617
1550.00,36.7027
1550.50,36.6530
1551.00,36.6165
1551.50,36.5860
1552.00,36.5550
1552.50,36.5245
1553.00,36.5030
1553.50,36.4995
1554.00,36.5176
1554.50,36.5534
1555.00,36.5964
1555.50,36.6350
1556.00,36.6617
1556.50,36.6739
1557.00,36.6721
1557.50,36.6563
1558.00,36.6268
1558.50,36.5856
1559.00,36.5381
1559.50,36.4924
1560.00,36.4581
1560.50,36.4450
1561.00,36.4609
1561.50,36.5081
1562.00,36.5778
1562.50,36.6494
1563.00,36.6987
1563.50,36.7116
1564.00,36.6933
1564.50,36.6637
1565.00,36.6453
1565.50,36.6510
1566.00,36.6782
1566.50,36.7124
1567.00,36.7363
1567.50,36.7400
1568.00,36.7232
1568.50,36.6902
1569.00,36.6463
1569.50,36.5980
1570.00,36.5555
1570.50,36.5296
1571.00,36.5240
1571.50,36.5318
1572.00,36.5400
1572.50,36.5397
1573.00,36.5334
1573.50,36.5311
1574.00,36.5386
1574.50,36.5512
1575.00,36.5579
1575.50,36.5515
1576.00,36.5348
1576.50,36.5152
1577.00,36.4967
1577.50,36.4784
1578.00,36.4597
1578.50,36.4445
1579.00,36.4391
1579.50,36.4462
1580.00,36.4629
1580.50,36.4845
1581.00,36.5084
1581.50,36.5338
1582.00,36.5593
1582.50,36.5841
1583.00,36.6098
1583.50,36.6397
1584.00,36.6726
1584.50,36.6976
1585.00,36.7006
1585.50,36.6767
1586.00,36.6363
1586.50,36.5974
1587.00,36.5747
1587.50,36.5737
1588.00,36.5923
1588.50,36.6245
1589.00,36.6639
1589.50,36.7070
1590.00,36.7531
1590.50,36.8008
1591.00,36.8419
1591.50,36.8639
1592.00,36.8588
1592.50,36.8305
1593.00,36.7929
1593.50,36.7602
1594.00,36.7393
1594.50,36.7311
1595.00,36.7338
1595.50,36.7443
1596.00,36.7572
1596.50,36.7676
1597.00,36.7739
1597.50,36.7785
1598.00,36.7828
1598.50,36.7860
1599.00,36.7881
1599.50,36.7938
1600.00,36.8096
1600.50,36.8387
1601.00,36.8776
1601.50,36.9160
1602.00,36.9383
1602.50,36.9284
1603.00,36.8805
1603.50,36.8058
1604.00,36.7273
1604.50,36.6659
1605.00,36.6303
1605.50,36.6169
1606.00,36.6186
1606.50,36.6291
1607.00,36.6428
1607.50,36.6521
1608.00,36.6489
1608.50,36.6289
1609.00,36.5942
1609.50,36.5516
1610.00,36.5101
1610.50,36.4784
1611.00,36.4633
1611.50,36.4671
1612.00,36.4872
1612.50,36.5162
1613.00,36.5445
1613.50,36.5635
1614.00,36.5716
1614.50,36.5768
1615.00,36.5929
1615.50,36.6284
1616.00,36.6775
1616.50,36.7229
1617.00,36.7491
1617.50,36.7573
1618.00,36.7633
1618.50,36.7805
1619.00,36.8043
1619.50,36.8148
1620.00,36.7963
1620.50,36.7531
1621.00,36.7082
1621.50,36.6855
1622.00,36.6934
1622.50,36.7205
1623.00,36.7447
1623.50,36.7473
1624.00,36.7228
1624.50,36.6819
1625.00,36.6459
1625.50,36.6346
1626.00,36.6539
1626.50,36.6924
1627.00,36.7313
1627.50,36.7582
1628.00,36.7732
1628.50,36.7828
1629.00,36.7914
1629.50,36.7986
1630.00,36.8031
1630.50,36.8069
1631.00,36.8146
1631.50,36.8298
1632.00,36.8538
1632.50,36.8858
1633.00,36.9233
1633.50,36.9611
1634.00,36.9938
1634.50,37.0191
1635.00,37.0370
1635.50,37.0480
1636.00,37.0527
1636.50,37.0546
1637.00,37.0608
1637.50,37.0785
1638.00,37.1108
1638.50,37.1530
1639.00,37.1933
1639.50,37.2164
1640.00,37.2097
1640.50,37.1699
1641.00,37.1046
1641.50,37.0292
1642.00,36.9610
1642.50,36.9121
1643.00,36.8857
1643.50,36.8776
1644.00,36.8812
1644.50,36.8928
1645.00,36.9124
1645.50,36.9393
1646.00,36.9675
1646.50,36.9860
1647.00,36.9856
1647.50,36.9665
1648.00,36.9402
1648.50,36.9228
1649.00,36.9263
1649.50,36.9520
1650.00,36.9900
1650.50,37.0241
1651.00,37.0409
1651.50,37.0396
1652.00,37.0327
1652.50,37.0357
1653.00,37.0545
1653.50,37.0837
1654.00,37.1153
1654.50,37.1486
1655.00,37.1897
1655.50,37.2423
1656.00,37.3002
1656.50,37.3505
1657.00,37.3817
1657.50,37.3890
1658.00,37.3761
1658.50,37.3530
1659.00,37.3345
1659.50,37.3355
1660.00,37.3614
1660.50,37.4020
1661.00,37.4336
1661.50,37.4326
1662.00,37.3900
1662.50,37.3168
1663.00,37.2358
1663.50,37.1691
1664.00,37.1299
1664.50,37.1229
1665.00,37.1475
1665.50,37.1973
1666.00,37.2582
1666.50,37.3125
1667.00,37.3464
1667.50,37.3565
1668.00,37.3476
1668.50,37.3288
1669.00,37.3111
1669.50,37.3035
1670.00,37.3077
1670.50,37.3153
1671.00,37.3159
1671.50,37.3103
1672.00,37.3127
1672.50,37.3366
1673.00,37.3786
1673.50,37.4185
1674.00,37.4373
1674.50,37.4338
1675.00,37.4234
1675.50,37.4215
1676.00,37.4310
1676.50,37.4442
1677.00,37.4539
1677.50,37.4586
1678.00,37.4582
1678.50,37.4469
1679.00,37.4159
1679.50,37.3627
1680.00,37.2980
1680.50,37.2407
1681.00,37.2049
1681.50,37.1914
1682.00,37.1901
1682.50,37.1903
1683.00,37.1903
1683.50,37.1946
1684.00,37.2052
1684.50,37.2140
1685.00,37.2089
1685.50,37.1871
1686.00,37.1630
1686.50,37.1600
1687.00,37.1913
1687.50,37.2492
1688.00,37.3118
1688.50,37.3601
1689.00,37.3883
1689.50,37.4030
1690.00,37.4149
1690.50,37.4333
1691.00,37.4617
1691.50,37.4982
1692.00,37.5393
1692.50,37.5849
1693.00,37.6384
1693.50,37.7010
1694.00,37.7642
1694.50,37.8116
1695.00,37.8289
1695.50,37.8138
1696.00,37.7797
1696.50,37.7481
1697.00,37.7344
1697.50,37.7385
1698.00,37.7480
1698.50,37.7512
1699.00,37.7467
1699.50,37.7433
1700.00,37.7529
1700.50,37.7841
1701.00,37.8389
1701.50,37.9134
1702.00,38.0008
1702.50,38.0937
1703.00,38.1849
1703.50,38.2695
1704.00,38.3478
1704.50,38.4249
1705.00,38.5051
1705.50,38.5857
1706.00,38.6571
1706.50,38.7102
1707.00,38.7428
1707.50,38.7619
1708.00,38.7797
1708.50,38.8087
1709.00,38.8587
1709.50,38.9358
1710.00,39.0408
1710.50,39.1687
1711.00,39.3083
1711.50,39.4463
1712.00,39.5729
1712.50,39.6873
1713.00,39.7956
1713.50,39.9061
1714.00,40.0245
1714.50,40.1532
1715.00,40.2930
1715.50,40.4433
1716.00,40.6004
1716.50,40.7557
1717.00,40.8982
1717.50,41.0202
1718.00,41.1213
1718.50,41.2078
1719.00,41.2874
1719.50,41.3659
1720.00,41.4472
1720.50,41.5350
1721.00,41.6324
1721.50,41.7412
1722.00,41.8610
1722.50,41.9886
1723.00,42.1184
1723.50,42.2438
1724.00,42.3613
1724.50,42.4703
1725.00,42.5715
1725.50,42.6624
1726.00,42.7394
1726.50,42.8020
1727.00,42.8537
1727.50,42.8959
1728.00,42.9230
1728.50,42.9241
1729.00,42.8904
1729.50,42.8205
1730.00,42.7206
1730.50,42.6005
1731.00,42.4676
1731.50,42.3209
1732.00,42.1512
1732.50,41.9464
1733.00,41.6984
1733.50,41.4100
1734.00,41.0969
1734.50,40.7824
1735.00,40.4848
1735.50,40.2076
1736.00,39.9387
1736.50,39.6615
1737.00,39.3668
1737.50,39.0588
1738.00,38.7515
1738.50,38.4609
1739.00,38.1993
1739.50,37.9732
1740.00,37.7855
1740.50,37.6389
1741.00,37.5350
1741.50,37.4705
1742.00,37.4313
1742.50,37.3945
1743.00,37.3409
1743.50,37.2702
1744.00,37.2026
1744.50,37.1634
1745.00,37.1651
1745.50,37.2003
1746.00,37.2491
1746.50,37.2932
1747.00,37.3234
1747.50,37.3394
1748.00,37.3450
1748.50,37.3460
1749.00,37.3494
1749.50,37.3623
1750.00,37.3872
1750.50,37.4191
1751.00,37.4489
1751.50,37.4701
1752.00,37.4823
1752.50,37.4898
1753.00,37.4960
1753.50,37.5007
1754.00,37.5032
1754.50,37.5056
1755.00,37.5134
1755.50,37.5311
1756.00,37.5594
1756.50,37.5946
1757.00,37.6301
1757.50,37.6582
1758.00,37.6728
1758.50,37.6700
1759.00,37.6480
1759.50,37.6089
1760.00,37.5619
1760.50,37.5225
1761.00,37.5069
1761.50,37.5224
1762.00,37.5626
1762.50,37.6110
1763.00,37.6506
1763.50,37.6750
1764.00,37.6914
1764.50,37.7127
1765.00,37.7441
1765.50,37.7788
1766.00,37.8075
1766.50,37.8300
1767.00,37.8561
1767.50,37.8947
1768.00,37.9458
1768.50,37.9999
1769.00,38.0454
1769.50,38.0741
1770.00,38.0844
1770.50,38.0818
1771.00,38.0782
1771.50,38.0895
1772.00,38.1280
1772.50,38.1922
1773.00,38.2650
1773.50,38.3246
1774.00,38.3608
1774.50,38.3810
1775.00,38.4008
1775.50,38.4282
1776.00,38.4563
1776.50,38.4702
1777.00,38.4596
1777.50,38.4273
1778.00,38.3868
1778.50,38.3514
1779.00,38.3258
1779.50,38.3058
1780.00,38.2856
1780.50,38.2647
1781.00,38.2484
1781.50,38.2407
1782.00,38.2388
1782.50,38.2347
1783.00,38.2228
1783.50,38.2043
1784.00,38.1834
1784.50,38.1619
1785.00,38.1371
1785.50,38.1044
1786.00,38.0602
1786.50,38.0023
1787.00,37.9286
1787.50,37.8392
1788.00,37.7400
1788.50,37.6432
1789.00,37.5620
1789.50,37.5033
1790.00,37.4673
1790.50,37.4524
1791.00,37.4565
1791.50,37.4738
1792.00,37.4907
1792.50,37.4914
1793.00,37.4699
1793.50,37.4354
1794.00,37.4057
1794.50,37.3915
1795.00,37.3870
1795.50,37.3757
1796.00,37.3457
1796.50,37.3014
1797.00,37.2601
1797.50,37.2394
1798.00,37.2444
1798.50,37.2670
1799.00,37.2918
1799.50,37.3038
1800.00,37.2921
1800.50,37.2503
1801.00,37.1790
1801.50,37.0885
1802.00,36.9982
1802.50,36.9276
1803.00,36.8876
1803.50,36.8765
1804.00,36.8845
1804.50,36.8996
1805.00,36.9121
1805.50,36.9173
1806.00,36.9162
1806.50,36.9136
1807.00,36.9129
1807.50,36.9124
1808.00,36.9054
1808.50,36.8855
1809.00,36.8512
1809.50,36.8084
1810.00,36.7697
1810.50,36.7521
1811.00,36.7707
1811.50,36.8290
1812.00,36.9134
1812.50,36.9974
1813.00,37.0547
1813.50,37.0728
1814.00,37.0569
1814.50,37.0231
1815.00,36.9871
1815.50,36.9553
1816.00,36.9257
1816.50,36.8952
1817.00,36.8666
1817.50,36.8477
1818.00,36.8445
1818.50,36.8533
1819.00,36.8615
1819.50,36.8551
1820.00,36.8271
1820.50,36.7813
1821.00,36.7298
1821.50,36.6880
1822.00,36.6676
1822.50,36.6699
1823.00,36.6870
1823.50,36.7104
1824.00,36.7406
1824.50,36.7860
1825.00,36.8519
1825.50,36.9290
1826.00,36.9945
1826.50,37.0270
1827.00,37.0217
1827.50,36.9920
1828.00,36.9574
1828.50,36.9280
1829.00,36.9016
1829.50,36.8716
1830.00,36.8383
1830.50,36.8115
1831.00,36.8029
1831.50,36.8145
1832.00,36.8335
1832.50,36.8418
1833.00,36.8306
1833.50,36.8067
1834.00,36.7806
1834.50,36.7548
1835.00,36.7246
1835.50,36.6882
1836.00,36.6530
1836.50,36.6307
1837.00,36.6299
1837.50,36.6523
1838.00,36.6925
1838.50,36.7396
1839.00,36.7790
1839.50,36.7968
1840.00,36.7854
1840.50,36.7463
1841.00,36.6882
1841.50,36.6222
1842.00,36.5612
1842.50,36.5196
1843.00,36.5090
1843.50,36.5316
1844.00,36.5780
1844.50,36.6342
1845.00,36.6890
1845.50,36.7364
1846.00,36.7738
1846.50,36.8008
1847.00,36.8195
1847.50,36.8338
1848.00,36.8449
1848.50,36.8503
1849.00,36.8491
1849.50,36.8480
1850.00,36.8587
1850.50,36.8865
1851.00,36.9209
1851.50,36.9410
1852.00,36.9308
1852.50,36.8905
1853.00,36.8357
1853.50,36.7870
1854.00,36.7595
1854.50,36.7579
1855.00,36.7791
1855.50,36.8188
1856.00,36.8740
1856.50,36.9415
1857.00,37.0168
1857.50,37.0971
1858.00,37.1817
1858.50,37.2710
1859.00,37.3633
1859.50,37.4557
1860.00,37.5466
1860.50,37.6370
1861.00,37.7325
1861.50,37.8443
1862.00,37.9890
1862.50,38.1811
1863.00,38.4223
1863.50,38.6976
1864.00,38.9871
1864.50,39.2810
1865.00,39.5846
1865.50,39.9093
1866.00,40.2611
1866.50,40.6369
1867.00,41.0271
1867.50,41.4209
1868.00,41.8112
1868.50,42.1989
1869.00,42.5948
1869.50,43.0147
1870.00,43.4698
1870.50,43.9583
1871.00,44.4659
1871.50,44.9750
1872.00,45.4763
1872.50,45.9723
1873.00,46.4724
1873.50,46.9863
1874.00,47.5203
1874.50,48.0731
1875.00,48.6327
1875.50,49.1799
1876.00,49.7004
1876.50,50.1981
1877.00,50.6940
1877.50,51.2096
1878.00,51.7511
1878.50,52.3085
1879.00,52.8700
1879.50,53.4337
1880.00,54.0078
1880.50,54.5991
1881.00,55.2044
1881.50,55.8114
1882.00,56.4061
1882.50,56.9811
1883.00,57.5381
1883.50,58.0858
1884.00,58.6361
1884.50,59.1993
1885.00,59.7808
1885.50,60.3781
1886.00,60.9803
1886.50,61.5722
1887.00,62.1452
1887.50,62.7047
1888.00,63.2680
1888.50,63.8505
1889.00,64.4533
1889.50,65.0628
1890.00,65.6623
1890.50,66.2414
1891.00,66.7970
1891.50,67.3278
1892.00,67.8332
1892.50,68.3179
1893.00,68.7974
1893.50,69.2968
1894.00,69.8390
1894.50,70.4322
1895.00,71.0649
1895.50,71.7133
1896.00,72.3538
1896.50,72.9721
1897.00,73.5632
1897.50,74.1270
1898.00,74.6670
1898.50,75.1932
1899.00,75.7234
1899.50,76.2771
1900.00,76.8640
1900.50,77.4755
1901.00,78.0896
1901.50,78.6845
1902.00,79.2526
1902.50,79.8018
1903.00,80.3463
1903.50,80.8988
1904.00,81.4649
1904.50,82.0432
1905.00,82.6253
1905.50,83.1979
1906.00,83.7488
1906.50,84.2726
1907.00,84.7723
1907.50,85.2511
1908.00,85.7032
1908.50,86.1114
1909.00,86.4541
1909.50,86.7143
1910.00,86.8798
1910.50,86.9392
1911.00,86.8786
1911.50,86.6821
1912.00,86.3295
1912.50,85.7930
1913.00,85.0365
1913.50,84.0207
1914.00,82.7112
1914.50,81.0841
1915.00,79.1300
1915.50,76.8583
1916.00,74.3037
1916.50,71.5276
1917.00,68.6087
1917.50,65.6214
1918.00,62.6172
1918.50,59.6268
1919.00,56.6828
1919.50,53.8385
1920.00,51.1654
1920.50,48.7317
1921.00,46.5803
1921.50,44.7217
1922.00,43.1413
1922.50,41.8143
1923.00,40.7162
1923.50,39.8257
1924.00,39.1220
1924.50,38.5808
1925.00,38.1726
1925.50,37.8648
1926.00,37.6278
1926.50,37.4397
1927.00,37.2888
1927.50,37.1719
1928.00,37.0905
1928.50,37.0434
1929.00,37.0202
1929.50,37.0011
1930.00,36.9673
1930.50,36.9120
1931.00,36.8448
1931.50,36.7843
1932.00,36.7460
1932.50,36.7342
1933.00,36.7430
1933.50,36.7619
1934.00,36.7839
1934.50,36.8067
1935.00,36.8289
1935.50,36.8469
1936.00,36.8556
1936.50,36.8510
1937.00,36.8309
1937.50,36.7948
1938.00,36.7465
1938.50,36.6960
1939.00,36.6554
1939.50,36.6298
1940.00,36.6132
1940.50,36.5941
1941.00,36.5673
1941.50,36.5397
1942.00,36.5243
1942.50,36.5285
1943.00,36.5490
1943.50,36.5764
1944.00,36.6034
1944.50,36.6272
1945.00,36.6469
1945.50,36.6614
1946.00,36.6683
1946.50,36.6658
1947.00,36.6532
1947.50,36.6322
1948.00,36.6081
1948.50,36.5867
1949.00,36.5698
1949.50,36.5538
1950.00,36.5343
1950.50,36.5109
1951.00,36.4874
1951.50,36.4671
1952.00,36.4502
1952.50,36.4356
1953.00,36.4257
1953.50,36.4258
1954.00,36.4403
1954.50,36.4672
1955.00,36.4991
1955.50,36.5284
1956.00,36.5521
1956.50,36.5704
1957.00,36.5826
1957.50,36.5860
1958.00,36.5790
1958.50,36.5643
1959.00,36.5469
1959.50,36.5316
1960.00,36.5194
1960.50,36.5073
1961.00,36.4909
1961.50,36.4687
1962.00,36.4439
1962.50,36.4223
1963.00,36.4075
1963.50,36.3979
1964.00,36.3884
1964.50,36.3740
1965.00,36.3539
1965.50,36.3326
1966.00,36.3200
1966.50,36.3259
1967.00,36.3516
1967.50,36.3846
1968.00,36.4030
1968.50,36.3897
1969.00,36.3435
1969.50,36.2799
1970.00,36.2235
1970.50,36.1949
1971.00,36.2000
1971.50,36.2273
1972.00,36.2574
1972.50,36.2759
1973.00,36.2817
1973.50,36.2832
1974.00,36.2890
1974.50,36.3005
1975.00,36.3110
1975.50,36.3116
1976.00,36.2994
1976.50,36.2826
1977.00,36.2784
1977.50,36.3024
1978.00,36.3575
1978.50,36.4312
1979.00,36.5033
1979.50,36.5551
1980.00,36.5747
1980.50,36.5593
1981.00,36.5175
1981.50,36.4670
1982.00,36.4295
1982.50,36.4219
1983.00,36.4502
1983.50,36.5067
1984.00,36.5738
1984.50,36.6308
1985.00,36.6619
1985.50,36.6624
1986.00,36.6388
1986.50,36.6056
1987.00,36.5789
1987.50,36.5704
1988.00,36.5826
1988.50,36.6084
1989.00,36.6373
1989.50,36.6619
1990.00,36.6804
1990.50,36.6934
1991.00,36.6993
1991.50,36.6951
1992.00,36.6815
1992.50,36.6642
1993.00,36.6489
1993.50,36.6363
1994.00,36.6214
1994.50,36.5986
1995.00,36.5665
1995.50,36.5298
1996.00,36.4982
1996.50,36.4824
1997.00,36.4885
1997.50,36.5136
1998.00,36.5470
1998.50,36.5758
1999.00,36.5935
1999.50,36.6035
2000.00,36.6165
2000.50,36.6426
2001.00,36.6857
2001.50,36.7414
2002.00,36.7982
2002.50,36.8419
2003.00,36.8624
2003.50,36.8565
2004.00,36.8273
2004.50,36.7804
2005.00,36.7245
2005.50,36.6730
2006.00,36.6401
2006.50,36.6315
2007.00,36.6394
2007.50,36.6475
2008.00,36.6438
2008.50,36.6270
2009.00,36.6044
2009.50,36.5843
2010.00,36.5695
2010.50,36.5570
2011.00,36.5424
2011.50,36.5247
2012.00,36.5064
2012.50,36.4901
2013.00,36.4784
2013.50,36.4738
2014.00,36.4787
2014.50,36.4932
2015.00,36.5169
2015.50,36.5519
2016.00,36.6012
2016.50,36.6606
2017.00,36.7144
2017.50,36.7406
2018.00,36.7245
2018.50,36.6669
2019.00,36.5831
2019.50,36.4949
2020.00,36.4226
2020.50,36.3794
2021.00,36.3670
2021.50,36.3746
2022.00,36.3835
2022.50,36.3794
2023.00,36.3628
2023.50,36.3478
2024.00,36.3491
2024.50,36.3690
2025.00,36.3964
2025.50,36.4174
2026.00,36.4268
2026.50,36.4310
2027.00,36.4425
2027.50,36.4709
2028.00,36.5138
2028.50,36.5556
2029.00,36.5763
2029.50,36.5665
2030.00,36.5336
2030.50,36.4957
2031.00,36.4675
2031.50,36.4531
2032.00,36.4495
2032.50,36.4523
2033.00,36.4576
2033.50,36.4612
2034.00,36.4596
2034.50,36.4537
2035.00,36.4485
2035.50,36.4474
2036.00,36.4489
2036.50,36.4477
2037.00,36.4427
2037.50,36.4415
2038.00,36.4581
2038.50,36.5016
2039.00,36.5668
2039.50,36.6346
2040.00,36.6840
2040.50,36.7054
2041.00,36.7048
2041.50,36.6956
2042.00,36.6870
2042.50,36.6775
2043.00,36.6584
2043.50,36.6222
2044.00,36.5696
2044.50,36.5105
2045.00,36.4602
2045.50,36.4320
2046.00,36.4317
2046.50,36.4549
2047.00,36.4896
2047.50,36.5236
2048.00,36.5475
2048.50,36.5563
2049.00,36.5462
2049.50,36.5160
2050.00,36.4692
2050.50,36.4161
2051.00,36.3693
2051.50,36.3380
2052.00,36.3231
2052.50,36.3186
2053.00,36.3194
2053.50,36.3269
2054.00,36.3464
2054.50,36.3787
2055.00,36.4152
2055.50,36.4459
2056.00,36.4693
2056.50,36.4929
2057.00,36.5227
2057.50,36.5535
2058.00,36.5722
2058.50,36.5670
2059.00,36.5348
2059.50,36.4805
2060.00,36.4131
2060.50,36.3437
2061.00,36.2832
2061.50,36.2395
2062.00,36.2140
2062.50,36.2013
2063.00,36.1939
2063.50,36.1859
2064.00,36.1762
2064.50,36.1679
2065.00,36.1656
2065.50,36.1711
2066.00,36.1803
2066.50,36.1857
2067.00,36.1821
2067.50,36.1708
2068.00,36.1578
2068.50,36.1493
2069.00,36.1497
2069.50,36.1614
2070.00,36.1875
2070.50,36.2302
2071.00,36.2876
2071.50,36.3508
2072.00,36.4058
2072.50,36.4396
2073.00,36.4476
2073.50,36.4362
2074.00,36.4182
2074.50,36.4052
2075.00,36.4024
2075.50,36.4097
2076.00,36.4255
2076.50,36.4494
2077.00,36.4811
2077.50,36.5170
2078.00,36.5477
2078.50,36.5635
2079.00,36.5635
2079.50,36.5584
2080.00,36.5608
2080.50,36.5724
2081.00,36.5843
2081.50,36.5894
2082.00,36.5917
2082.50,36.6032
2083.00,36.6332
2083.50,36.6808
2084.00,36.7364
2084.50,36.7876
2085.00,36.8244
2085.50,36.8419
2086.00,36.8427
2086.50,36.8376
2087.00,36.8407
2087.50,36.8593
2088.00,36.8884
2088.50,36.9141
2089.00,36.9233
2089.50,36.9095
2090.00,36.8708
2090.50,36.8074
2091.00,36.7244
2091.50,36.6349
2092.00,36.5583
2092.50,36.5126
2093.00,36.5042
2093.50,36.5236
2094.00,36.5501
2094.50,36.5636
2095.00,36.5555
2095.50,36.5315
2096.00,36.5055
2096.50,36.4911
2097.00,36.4944
2097.50,36.5111
2098.00,36.5306
2098.50,36.5448
2099.00,36.5540
2099.50,36.5642
2100.00,36.5784
2100.50,36.5894
2101.00,36.5833
2101.50,36.5492
2102.00,36.4893
2102.50,36.4194
2103.00,36.3577
2103.50,36.3152
2104.00,36.2926
2104.50,36.2850
2105.00,36.2872
2105.50,36.2961
2106.00,36.3085
2106.50,36.3200
2107.00,36.3268
2107.50,36.3303
2108.00,36.3358
2108.50,36.3473
2109.00,36.3623
2109.50,36.3744
2110.00,36.3791
2110.50,36.3762
2111.00,36.3667
2111.50,36.3495
2112.00,36.3230
2112.50,36.2896
2113.00,36.2582
2113.50,36.2419
2114.00,36.2501
2114.50,36.2829
2115.00,36.3313
2115.50,36.3836
2116.00,36.4311
2116.50,36.4700
2117.00,36.5000
2117.50,36.5239
2118.00,36.5468
2118.50,36.5727
2119.00,36.6017
2119.50,36.6322
2120.00,36.6644
2120.50,36.6989
2121.00,36.7299
2121.50,36.7438
2122.00,36.7279
2122.50,36.6827
2123.00,36.6257
2123.50,36.5822
2124.00,36.5696
2124.50,36.5871
2125.00,36.6180
2125.50,36.6430
2126.00,36.6533
2126.50,36.6525
2127.00,36.6492
2127.50,36.6492
2128.00,36.6527
2128.50,36.6568
2129.00,36.6580
2129.50,36.6564
2130.00,36.6579
2130.50,36.6712
2131.00,36.6993
2131.50,36.7357
2132.00,36.7682
2132.50,36.7890
2133.00,36.7990
2133.50,36.8039
2134.00,36.8088
2134.50,36.8154
2135.00,36.8249
2135.50,36.8404
2136.00,36.8663
2136.50,36.9023
2137.00,36.9383
2137.50,36.9574
2138.00,36.9468
2138.50,36.9078
2139.00,36.8552
2139.50,36.8064
2140.00,36.7717
2140.50,36.7539
2141.00,36.7543
2141.50,36.7756
2142.00,36.8160
2142.50,36.8631
2143.00,36.8960
2143.50,36.8976
2144.00,36.8669
2144.50,36.8194
2145.00,36.7764
2145.50,36.7514
2146.00,36.7440
2146.50,36.7443
2147.00,36.7419
2147.50,36.7324
2148.00,36.7177
2148.50,36.7024
2149.00,36.6913
2149.50,36.6889
2150.00,36.6996
2150.50,36.7246
2151.00,36.7571
2151.50,36.7834
2152.00,36.7901
2152.50,36.7725
2153.00,36.7359
2153.50,36.6889
2154.00,36.6365
2154.50,36.5811
2155.00,36.5277
2155.50,36.4872
2156.00,36.4725
2156.50,36.4898
2157.00,36.5310
2157.50,36.5765
2158.00,36.6066
2158.50,36.6142
2159.00,36.6080
2159.50,36.6028
2160.00,36.6095
2160.50,36.6311
2161.00,36.6652
2161.50,36.7088
2162.00,36.7588
2162.50,36.8118
2163.00,36.8626
2163.50,36.9031
2164.00,36.9241
2164.50,36.9192
2165.00,36.8887
2165.50,36.8420
2166.00,36.7952
2166.50,36.7649
2167.00,36.7584
2167.50,36.7697
2168.00,36.7850
2168.50,36.7934
2169.00,36.7928
2169.50,36.7880
2170.00,36.7837
2170.50,36.7820
2171.00,36.7856
2171.50,36.7996
2172.00,36.8302
2172.50,36.8781
2173.00,36.9344
2173.50,36.9818
2174.00,37.0037
2174.50,36.9955
2175.00,36.9680
2175.50,36.9381
2176.00,36.9156
2176.50,36.8961
2177.00,36.8679
2177.50,36.8271
2178.00,36.7857
2178.50,36.7647
2179.00,36.7781
2179.50,36.8227
2180.00,36.8826
2180.50,36.9403
2181.00,36.9862
2181.50,37.0186
2182.00,37.0385
2182.50,37.0439
2183.00,37.0290
2183.50,36.9894
2184.00,36.9299
2184.50,36.8668
2185.00,36.8209
2185.50,36.8057
2186.00,36.8215
2186.50,36.8578
2187.00,36.9014
2187.50,36.9402
2188.00,36.9648
2188.50,36.9684
2189.00,36.9505
2189.50,36.9186
2190.00,36.8860
2190.50,36.8626
2191.00,36.8491
2191.50,36.8395
2192.00,36.8288
2192.50,36.8167
2193.00,36.8045
2193.50,36.7911
2194.00,36.7742
2194.50,36.7545
2195.00,36.7384
2195.50,36.7360
2196.00,36.7541
2196.50,36.7902
2197.00,36.8328
2197.50,36.8686
2198.00,36.8890
2198.50,36.8918
2199.00,36.8767
2199.50,36.8453
2200.00,36.8027
2200.50,36.7579
2201.00,36.7211
2201.50,36.7017
2202.00,36.7059
2202.50,36.7371
2203.00,36.7920
2203.50,36.8583
2204.00,36.9180
2204.50,36.9575
2205.00,36.9771
2205.50,36.9908
2206.00,37.0145
2206.50,37.0530
2207.00,37.0982
2207.50,37.1371
2208.00,37.1624
2208.50,37.1762
2209.00,37.1878
2209.50,37.2063
2210.00,37.2339
2210.50,37.2623
2211.00,37.2760
2211.50,37.2617
2212.00,37.2179
2212.50,37.1591
2213.00,37.1089
2213.50,37.0866
2214.00,37.0967
2214.50,37.1285
2215.00,37.1651
2215.50,37.1923
2216.00,37.2037
2216.50,37.1991
2217.00,37.1825
2217.50,37.1602
2218.00,37.1391
2218.50,37.1256
2219.00,37.1217
2219.50,37.1220
2220.00,37.1134
2220.50,37.0839
2221.00,37.0343
2221.50,36.9803
2222.00,36.9407
2222.50,36.9227
2223.00,36.9198
2223.50,36.9235
2224.00,36.9337
2224.50,36.9563
2225.00,36.9929
2225.50,37.0351
2226.00,37.0698
2226.50,37.0882
2227.00,37.0898
2227.50,37.0775
2228.00,37.0531
2228.50,37.0169
2229.00,36.9716
2229.50,36.9253
2230.00,36.8895
2230.50,36.8729
2231.00,36.8774
2231.50,36.8989
2232.00,36.9313
2232.50,36.9687
2233.00,37.0048
2233.50,37.0343
2234.00,37.0561
2234.50,37.0745
2235.00,37.0954
2235.50,37.1201
2236.00,37.1435
2236.50,37.1571
2237.00,37.1525
2237.50,37.1288
2238.00,37.0963
2238.50,37.0737
2239.00,37.0741
2239.50,37.0932
2240.00,37.1108
2240.50,37.1055
2241.00,37.0700
2241.50,37.0141
2242.00,36.9571
2242.50,36.9168
2243.00,36.9016
2243.50,36.9091
2244.00,36.9299
2244.50,36.9545
2245.00,36.9790
2245.50,37.0052
2246.00,37.0375
2246.50,37.0760
2247.00,37.1124
2247.50,37.1333
2248.00,37.1294
2248.50,37.1049
2249.00,37.0759
2249.50,37.0579
2250.00,37.0548
2250.50,37.0579
2251.00,37.0538
2251.50,37.0346
2252.00,37.0018
2252.50,36.9659
2253.00,36.9410
2253.50,36.9356
2254.00,36.9470
2254.50,36.9631
2255.00,36.9731
2255.50,36.9768
2256.00,36.9815
2256.50,36.9912
2257.00,37.0013
2257.50,37.0041
2258.00,36.9973
2258.50,36.9865
2259.00,36.9805
2259.50,36.9852
2260.00,36.9991
2260.50,37.0129
2261.00,37.0142
2261.50,36.9954
2262.00,36.9611
2262.50,36.9279
2263.00,36.9149
2263.50,36.9299
2264.00,36.9624
2264.50,36.9912
2265.00,37.0003
2265.50,36.9898
2266.00,36.9744
2266.50,36.9725
2267.00,36.9943
2267.50,37.0363
2268.00,37.0838
2268.50,37.1187
2269.00,37.1290
2269.50,37.1144
2270.00,37.0844
2270.50,37.0516
2271.00,37.0242
2271.50,37.0054
2272.00,36.9987
2272.50,37.0095
2273.00,37.0396
2273.50,37.0804
2274.00,37.1164
2274.50,37.1356
2275.00,37.1384
2275.50,37.1332
2276.00,37.1278
2276.50,37.1230
2277.00,37.1171
2277.50,37.1117
2278.00,37.1144
2278.50,37.1328
2279.00,37.1676
2279.50,37.2094
2280.00,37.2462
2280.50,37.2715
2281.00,37.2869
2281.50,37.2983
2282.00,37.3120
2282.50,37.3333
2283.00,37.3637
2283.50,37.3956
2284.00,37.4135
2284.50,37.4045
2285.00,37.3706
2285.50,37.3304
2286.00,37.3067
2286.50,37.3130
2287.00,37.3481
2287.50,37.4008
2288.00,37.4558
2288.50,37.5003
2289.00,37.5289
2289.50,37.5449
2290.00,37.5559
2290.50,37.5674
2291.00,37.5771
2291.50,37.5776
2292.00,37.5624
2292.50,37.5318
2293.00,37.4933
2293.50,37.4577
2294.00,37.4340
2294.50,37.4249
2295.00,37.4258
2295.50,37.4297
2296.00,37.4343
2296.50,37.4423
2297.00,37.4545
2297.50,37.4618
2298.00,37.4494
2298.50,37.4107
2299.00,37.3576
2299.50,37.3148
2300.00,37.3006
2300.50,37.3131
2301.00,37.3345
2301.50,37.3475
2302.00,37.3460
2302.50,37.3343
2303.00,37.3194
2303.50,37.3075
2304.00,37.3033
2304.50,37.3083
2305.00,37.3189
2305.50,37.3280
2306.00,37.3313
2306.50,37.3307
2307.00,37.3303
2307.50,37.3277
2308.00,37.3132
2308.50,37.2801
2309.00,37.2334
2309.50,37.1900
2310.00,37.1665
2310.50,37.1689
2311.00,37.1913
2311.50,37.2208
2312.00,37.2456
2312.50,37.2599
2313.00,37.2644
2313.50,37.2644
2314.00,37.2666
2314.50,37.2757
2315.00,37.2906
2315.50,37.3049
2316.00,37.3118
2316.50,37.3109
2317.00,37.3109
2317.50,37.3246
2318.00,37.3597
2318.50,37.4109
2319.00,37.4604
2319.50,37.4880
2320.00,37.4830
2320.50,37.4528
2321.00,37.4189
2321.50,37.4050
2322.00,37.4231
2322.50,37.4687
2323.00,37.5263
2323.50,37.5772
2324.00,37.6037
2324.50,37.5925
2325.00,37.5434
2325.50,37.4759
2326.00,37.4205
2326.50,37.3959
2327.00,37.3940
2327.50,37.3892
2328.00,37.3655
2328.50,37.3326
2329.00,37.3183
2329.50,37.3443
2330.00,37.4077
2330.50,37.4816
2331.00,37.5320
2331.50,37.5396
2332.00,37.5118
2332.50,37.4793
2333.00,37.4765
2333.50,37.5180
2334.00,37.5889
2334.50,37.6565
2335.00,37.6945
2335.50,37.6988
2336.00,37.6840
2336.50,37.6669
2337.00,37.6540
2337.50,37.6405
2338.00,37.6191
2338.50,37.5874
2339.00,37.5520
2339.50,37.5258
2340.00,37.5205
2340.50,37.5355
2341.00,37.5548
2341.50,37.5587
2342.00,37.5399
2342.50,37.5081
2343.00,37.4784
2343.50,37.4575
2344.00,37.4440
2344.50,37.4364
2345.00,37.4370
2345.50,37.4463
2346.00,37.4588
2346.50,37.4675
2347.00,37.4710
2347.50,37.4739
2348.00,37.4818
2348.50,37.4982
2349.00,37.5265
2349.50,37.5683
2350.00,37.6168
2350.50,37.6566
2351.00,37.6740
2351.50,37.6704
2352.00,37.6608
2352.50,37.6586
2353.00,37.6627
2353.50,37.6623
2354.00,37.6495
2354.50,37.6276
2355.00,37.6055
2355.50,37.5875
2356.00,37.5713
2356.50,37.5532
2357.00,37.5351
2357.50,37.5235
2358.00,37.5248
2358.50,37.5412
2359.00,37.5699
2359.50,37.6036
2360.00,37.6318
2360.50,37.6448
2361.00,37.6395
2361.50,37.6212
2362.00,37.6003
2362.50,37.5868
2363.00,37.5862
2363.50,37.5977
2364.00,37.6120
2364.50,37.6149
2365.00,37.5948
2365.50,37.5511
2366.00,37.4969
2366.50,37.4526
2367.00,37.4348
2367.50,37.4480
2368.00,37.4826
2368.50,37.5210
2369.00,37.5485
2369.50,37.5633
2370.00,37.5779
2370.50,37.6097
2371.00,37.6678
2371.50,37.7446
2372.00,37.8198
2372.50,37.8716
2373.00,37.8880
2373.50,37.8736
2374.00,37.8469
2374.50,37.8303
2375.00,37.8378
2375.50,37.8684
2376.00,37.9094
2376.50,37.9465
2377.00,37.9716
2377.50,37.9841
2378.00,37.9883
2378.50,37.9879
2379.00,37.9840
2379.50,37.9741
2380.00,37.9570
2380.50,37.9369
2381.00,37.9218
2381.50,37.9178
2382.00,37.9237
2382.50,37.9327
2383.00,37.9379
2383.50,37.9375
2384.00,37.9346
2384.50,37.9337
2385.00,37.9354
2385.50,37.9362
2386.00,37.9310
2386.50,37.9163
2387.00,37.8908
2387.50,37.8543
2388.00,37.8084
2388.50,37.7589
2389.00,37.7146
2389.50,37.6818
2390.00,37.6611
2390.50,37.6504
2391.00,37.6495
2391.50,37.6590
2392.00,37.6753
2392.50,37.6892
2393.00,37.6903
2393.50,37.6739
2394.00,37.6419
2394.50,37.6000
2395.00,37.5550
2395.50,37.5173
2396.00,37.5030
2396.50,37.5290
2397.00,37.6000
2397.50,37.6987
2398.00,37.7906
2398.50,37.8457
2399.00,37.8570
2399.50,37.8418
2400.00,37.8230
2400.50,37.8093
2401.00,37.7933
2401.50,37.7656
2402.00,37.7301
2402.50,37.7029
2403.00,37.6983
2403.50,37.7152
2404.00,37.7376
2404.50,37.7492
2405.00,37.7471
2405.50,37.7390
2406.00,37.7298
2406.50,37.7167
2407.00,37.6983
2407.50,37.6847
2408.00,37.6922
2408.50,37.7277
2409.00,37.7795
2409.50,37.8230
2410.00,37.8358
2410.50,37.8125
2411.00,37.7683
2411.50,37.7305
2412.00,37.7217
2412.50,37.7470
2413.00,37.7939
2413.50,37.8424
2414.00,37.8758
2414.50,37.8886
2415.00,37.8849
2415.50,37.8712
2416.00,37.8502
2416.50,37.8211
2417.00,37.7842
2417.50,37.7438
2418.00,37.7075
2418.50,37.6828
2419.00,37.6740
2419.50,37.6784
2420.00,37.6865
2420.50,37.6852
2421.00,37.6655
2421.50,37.6271
2422.00,37.5764
2422.50,37.5221
2423.00,37.4757
2423.50,37.4517
2424.00,37.4629
2424.50,37.5112
2425.00,37.5813
2425.50,37.6461
2426.00,37.6804
2426.50,37.6755
2427.00,37.6433
2427.50,37.6109
2428.00,37.6043
2428.50,37.6324
2429.00,37.6833
2429.50,37.7357
2430.00,37.7753
2430.50,37.8011
2431.00,37.8181
2431.50,37.8277
2432.00,37.8274
2432.50,37.8147
2433.00,37.7910
2433.50,37.7602
2434.00,37.7283
2434.50,37.7025
2435.00,37.6890
2435.50,37.6906
2436.00,37.7070
2436.50,37.7370
2437.00,37.7783
2437.50,37.8266
2438.00,37.8745
2438.50,37.9149
2439.00,37.9434
2439.50,37.9596
2440.00,37.9624
2440.50,37.9490
2441.00,37.9190
2441.50,37.8794
2442.00,37.8443
2442.50,37.8254
2443.00,37.8251
2443.50,37.8357
2444.00,37.8465
2444.50,37.8524
2445.00,37.8560
2445.50,37.8638
2446.00,37.8791
2446.50,37.8987
2447.00,37.9142
2447.50,37.9150
2448.00,37.8919
2448.50,37.8409
2449.00,37.7671
2449.50,37.6874
2450.00,37.6252
2450.50,37.6019
2451.00,37.6262
2451.50,37.6868
2452.00,37.7560
2452.50,37.8037
2453.00,37.8144
2453.50,37.7950
2454.00,37.7674
2454.50,37.7514
2455.00,37.7533
2455.50,37.7668
2456.00,37.7847
2456.50,37.8071
2457.00,37.8393
2457.50,37.8825
2458.00,37.9274
2458.50,37.9586
2459.00,37.9645
2459.50,37.9438
2460.00,37.9049
2460.50,37.8601
2461.00,37.8192
2461.50,37.7860
2462.00,37.7591
2462.50,37.7363
2463.00,37.7170
2463.50,37.7005
2464.00,37.6842
2464.50,37.6665
2465.00,37.6517
2465.50,37.6492
2466.00,37.6641
2466.50,37.6896
2467.00,37.7085
2467.50,37.7031
2468.00,37.6664
2468.50,37.6058
2469.00,37.5405
2469.50,37.4916
2470.00,37.4709
2470.50,37.4743
2471.00,37.4866
2471.50,37.4922
2472.00,37.4854
2472.50,37.4722
2473.00,37.4650
2473.50,37.4726
2474.00,37.4959
2474.50,37.5289
2475.00,37.5642
2475.50,37.5968
2476.00,37.6237
2476.50,37.6426
2477.00,37.6521
2477.50,37.6509
2478.00,37.6392
2478.50,37.6202
2479.00,37.6007
2479.50,37.5909
2480.00,37.5991
2480.50,37.6271
2481.00,37.6689
2481.50,37.7143
2482.00,37.7556
2482.50,37.7907
2483.00,37.8194
2483.50,37.8378
2484.00,37.8386
2484.50,37.8182
2485.00,37.7824
2485.50,37.7420
2486.00,37.7042
2486.50,37.6722
2487.00,37.6508
2487.50,37.6495
2488.00,37.6756
2488.50,37.7232
2489.00,37.7714
2489.50,37.7930
2490.00,37.7701
2490.50,37.7053
2491.00,37.6218
2491.50,37.5506
2492.00,37.5152
2492.50,37.5211
2493.00,37.5558
2493.50,37.5961
2494.00,37.6214
2494.50,37.6254
2495.00,37.6186
2495.50,37.6183
2496.00,37.6339
2496.50,37.6601
2497.00,37.6856
2497.50,37.7062
2498.00,37.7263
2498.50,37.7486
2499.00,37.7653
2499.50,37.7613
2500.00,37.7271
2500.50,37.6653
2501.00,37.5885
2501.50,37.5135
2502.00,37.4576
2502.50,37.4364
2503.00,37.4596
2503.50,37.5246
2504.00,37.6126
2504.50,37.6952
2505.00,37.7482
2505.50,37.7648
2506.00,37.7584
2506.50,37.7529
2507.00,37.7663
2507.50,37.7975
2508.00,37.8281
2508.50,37.8371
2509.00,37.8151
2509.50,37.7664
2510.00,37.7028
2510.50,37.6382
2511.00,37.5878
2511.50,37.5651
2512.00,37.5756
2512.50,37.6116
2513.00,37.6567
2513.50,37.6962
2514.00,37.7242
2514.50,37.7411
2515.00,37.7492
2515.50,37.7496
2516.00,37.7433
2516.50,37.7304
2517.00,37.7102
2517.50,37.6824
2518.00,37.6490
2518.50,37.6151
2519.00,37.5893
2519.50,37.5806
2520.00,37.5954
2520.50,37.6319
2521.00,37.6776
2521.50,37.7130
2522.00,37.7226
2522.50,37.7065
2523.00,37.6805
2523.50,37.6658
2524.00,37.6747
2524.50,37.7038
2525.00,37.7372
2525.50,37.7584
2526.00,37.7613
2526.50,37.7540
2527.00,37.7507
2527.50,37.7566
2528.00,37.7622
2528.50,37.7521
2529.00,37.7204
2529.50,37.6782
2530.00,37.6476
2530.50,37.6465
2531.00,37.6771
2531.50,37.7241
2532.00,37.7650
2532.50,37.7832
2533.00,37.7748
2533.50,37.7464
2534.00,37.7094
2534.50,37.6761
2535.00,37.6577
2535.50,37.6597
2536.00,37.6801
2536.50,37.7100
2537.00,37.7398
2537.50,37.7643
2538.00,37.7838
2538.50,37.8014
2539.00,37.8168
2539.50,37.8246
2540.00,37.8185
2540.50,37.7983
2541.00,37.7724
2541.50,37.7513
2542.00,37.7386
2542.50,37.7272
2543.00,37.7054
2543.50,37.6693
2544.00,37.6297
2544.50,37.6045
2545.00,37.6050
2545.50,37.6266
2546.00,37.6551
2546.50,37.6784
2547.00,37.6947
2547.50,37.7093
2548.00,37.7260
2548.50,37.7408
2549.00,37.7452
2549.50,37.7354
2550.00,37.7186
2550.50,37.7083
2551.00,37.7127
2551.50,37.7272
2552.00,37.7412
2552.50,37.7498
2553.00,37.7599
2553.50,37.7832
2554.00,37.8221
2554.50,37.8630
2555.00,37.8840
2555.50,37.8707
2556.00,37.8268
2556.50,37.7703
2557.00,37.7207
2557.50,37.6887
2558.00,37.6757
2558.50,37.6778
2559.00,37.6883
2559.50,37.6994
2560.00,37.7032
2560.50,37.6966
2561.00,37.6826
2561.50,37.6684
2562.00,37.6599
2562.50,37.6563
2563.00,37.6517
2563.50,37.6399
2564.00,37.6181
2564.50,37.5864
2565.00,37.5477
2565.50,37.5089
2566.00,37.4806
2566.50,37.4712
2567.00,37.4788
2567.50,37.4917
2568.00,37.4957
2568.50,37.4844
2569.00,37.4603
2569.50,37.4310
2570.00,37.4037
2570.50,37.3835
2571.00,37.3753
2571.50,37.3839
2572.00,37.4118
2572.50,37.4549
2573.00,37.5008
2573.50,37.5333
2574.00,37.5421
2574.50,37.5294
2575.00,37.5086
2575.50,37.4950
2576.00,37.4943
2576.50,37.5019
2577.00,37.5096
2577.50,37.5153
2578.00,37.5236
2578.50,37.5394
2579.00,37.5617
2579.50,37.5837
2580.00,37.5983
2580.50,37.6024
2581.00,37.5971
2581.50,37.5859
2582.00,37.5721
2582.50,37.5602
2583.00,37.5568
2583.50,37.5676
2584.00,37.5894
2584.50,37.6082
2585.00,37.6081
2585.50,37.5834
2586.00,37.5410
2586.50,37.4929
2587.00,37.4503
2587.50,37.4233
2588.00,37.4190
2588.50,37.4348
2589.00,37.4575
2589.50,37.4731
2590.00,37.4791
2590.50,37.4847
2591.00,37.4997
2591.50,37.5251
2592.00,37.5536
2592.50,37.5763
2593.00,37.5875
2593.50,37.5863
2594.00,37.5749
2594.50,37.5562
2595.00,37.5327
2595.50,37.5069
2596.00,37.4835
2596.50,37.4700
2597.00,37.4730
2597.50,37.4927
2598.00,37.5229
2598.50,37.5563
2599.00,37.5908
2599.50,37.6311
2600.00,37.6859
2600.50,37.7611
2601.00,37.8535
2601.50,37.9477
2602.00,38.0220
2602.50,38.0612
2603.00,38.0648
2603.50,38.0428
2604.00,38.0059
2604.50,37.9573
2605.00,37.8954
2605.50,37.8180
2606.00,37.7282
2606.50,37.6372
2607.00,37.5616
2607.50,37.5147
2608.00,37.4995
2608.50,37.5090
2609.00,37.5328
2609.50,37.5614
2610.00,37.5871
2610.50,37.6042
2611.00,37.6114
2611.50,37.6135
2612.00,37.6197
2612.50,37.6385
2613.00,37.6700
2613.50,37.7031
2614.00,37.7219
2614.50,37.7192
2615.00,37.7017
2615.50,37.6853
2616.00,37.6828
2616.50,37.6964
2617.00,37.7179
2617.50,37.7348
2618.00,37.7397
2618.50,37.7348
2619.00,37.7286
2619.50,37.7274
2620.00,37.7296
2620.50,37.7268
2621.00,37.7110
2621.50,37.6809
2622.00,37.6427
2622.50,37.6076
2623.00,37.5844
2623.50,37.5750
2624.00,37.5738
2624.50,37.5725
2625.00,37.5656
2625.50,37.5528
2626.00,37.5388
2626.50,37.5296
2627.00,37.5290
2627.50,37.5365
2628.00,37.5474
2628.50,37.5541
2629.00,37.5502
2629.50,37.5353
2630.00,37.5169
2630.50,37.5075
2631.00,37.5145
2631.50,37.5340
2632.00,37.5523
2632.50,37.5566
2633.00,37.5435
2633.50,37.5194
2634.00,37.4917
2634.50,37.4630
2635.00,37.4319
2635.50,37.3998
2636.00,37.3736
2636.50,37.3638
2637.00,37.3792
2637.50,37.4226
2638.00,37.4893
2638.50,37.5694
2639.00,37.6495
2639.50,37.7147
2640.00,37.7513
2640.50,37.7524
2641.00,37.7223
2641.50,37.6745
2642.00,37.6238
2642.50,37.5770
2643.00,37.5340
2643.50,37.4946
2644.00,37.4629
2644.50,37.4458
2645.00,37.4460
2645.50,37.4600
2646.00,37.4800
2646.50,37.4981
2647.00,37.5083
2647.50,37.5083
2648.00,37.5016
2648.50,37.4952
2649.00,37.4943
2649.50,37.4987
2650.00,37.5074
2650.50,37.5241
2651.00,37.5584
2651.50,37.6171
2652.00,37.6974
2652.50,37.7860
2653.00,37.8642
2653.50,37.9132
2654.00,37.9192
2654.50,37.8779
2655.00,37.7984
2655.50,37.7002
2656.00,37.6061
2656.50,37.5325
2657.00,37.4862
2657.50,37.4659
2658.00,37.4678
2658.50,37.4900
2659.00,37.5323
2659.50,37.5906
2660.00,37.6522
2660.50,37.6973
2661.00,37.7091
2661.50,37.6829
2662.00,37.6290
2662.50,37.5664
2663.00,37.5138
2663.50,37.4827
2664.00,37.4746
2664.50,37.4833
2665.00,37.4996
2665.50,37.5154
2666.00,37.5270
2666.50,37.5353
2667.00,37.5435
2667.50,37.5526
2668.00,37.5594
2668.50,37.5584
2669.00,37.5451
2669.50,37.5190
2670.00,37.4844
2670.50,37.4489
2671.00,37.4210
2671.50,37.4093
2672.00,37.4217
2672.50,37.4637
2673.00,37.5333
2673.50,37.6180
2674.00,37.6981
2674.50,37.7548
2675.00,37.7772
2675.50,37.7675
2676.00,37.7392
2676.50,37.7103
2677.00,37.6933
2677.50,37.6887
2678.00,37.6866
2678.50,37.6743
2679.00,37.6444
2679.50,37.6000
2680.00,37.5551
2680.50,37.5287
2681.00,37.5328
2681.50,37.5644
2682.00,37.6070
2682.50,37.6405
2683.00,37.6507
2683.50,37.6344
2684.00,37.5976
2684.50,37.5505
2685.00,37.5035
2685.50,37.4646
2686.00,37.4368
2686.50,37.4191
2687.00,37.4079
2687.50,37.4007
2688.00,37.3970
2688.50,37.3985
2689.00,37.4075
2689.50,37.4264
2690.00,37.4555
2690.50,37.4911
2691.00,37.5263
2691.50,37.5554
2692.00,37.5773
2692.50,37.5960
2693.00,37.6159
2693.50,37.6398
2694.00,37.6686
2694.50,37.7025
2695.00,37.7409
2695.50,37.7814
2696.00,37.8197
2696.50,37.8504
2697.00,37.8671
2697.50,37.8618
2698.00,37.8263
2698.50,37.7581
2699.00,37.6642
2699.50,37.5616
2700.00,37.4717
2700.50,37.4143
2701.00,37.4009
2701.50,37.4315
2702.00,37.4924
2702.50,37.5610
2703.00,37.6156
2703.50,37.6463
2704.00,37.6588
2704.50,37.6678
2705.00,37.6853
2705.50,37.7142
2706.00,37.7483
2706.50,37.7780
2707.00,37.7956
2707.50,37.7985
2708.00,37.7900
2708.50,37.7768
2709.00,37.7663
2709.50,37.7631
2710.00,37.7686
2710.50,37.7813
2711.00,37.8005
2711.50,37.8270
2712.00,37.8605
2712.50,37.8937
2713.00,37.9140
2713.50,37.9116
2714.00,37.8877
2714.50,37.8526
2715.00,37.8178
2715.50,37.7912
2716.00,37.7786
2716.50,37.7859
2717.00,37.8153
2717.50,37.8587
2718.00,37.8989
2718.50,37.9190
2719.00,37.9130
2719.50,37.8863
2720.00,37.8484
2720.50,37.8053
2721.00,37.7607
2721.50,37.7198
2722.00,37.6907
2722.50,37.6783
2723.00,37.6808
2723.50,37.6930
2724.00,37.7108
2724.50,37.7326
2725.00,37.7555
2725.50,37.7746
2726.00,37.7856
2726.50,37.7882
2727.00,37.7873
2727.50,37.7901
2728.00,37.8025
2728.50,37.8251
2729.00,37.8524
2729.50,37.8748
2730.00,37.8832
2730.50,37.8734
2731.00,37.8498
2731.50,37.8257
2732.00,37.8171
2732.50,37.8315
2733.00,37.8620
2733.50,37.8903
2734.00,37.8990
2734.50,37.8826
2735.00,37.8487
2735.50,37.8103
2736.00,37.7759
2736.50,37.7462
2737.00,37.7150
2737.50,37.6753
2738.00,37.6262
2738.50,37.5774
2739.00,37.5465
2739.50,37.5464
2740.00,37.5752
2740.50,37.6174
2741.00,37.6564
2741.50,37.6864
2742.00,37.7141
2742.50,37.7485
2743.00,37.7901
2743.50,37.8272
2744.00,37.8422
2744.50,37.8257
2745.00,37.7862
2745.50,37.7461
2746.00,37.7266
2746.50,37.7364
2747.00,37.7716
2747.50,37.8238
2748.00,37.8847
2748.50,37.9449
2749.00,37.9939
2749.50,38.0228
2750.00,38.0294
2750.50,38.0195
2751.00,38.0030
2751.50,37.9886
2752.00,37.9785
2752.50,37.9678
2753.00,37.9475
2753.50,37.9119
2754.00,37.8672
2754.50,37.8315
2755.00,37.8238
2755.50,37.8482
2756.00,37.8892
2756.50,37.9230
2757.00,37.9327
2757.50,37.9139
2758.00,37.8716
2758.50,37.8159
2759.00,37.7619
2759.50,37.7290
2760.00,37.7332
2760.50,37.7771
2761.00,37.8462
2761.50,37.9157
2762.00,37.9650
2762.50,37.9870
2763.00,37.9876
2763.50,37.9769
2764.00,37.9616
2764.50,37.9414
2765.00,37.9118
2765.50,37.8693
2766.00,37.8172
2766.50,37.7648
2767.00,37.7222
2767.50,37.6935
2768.00,37.6755
2768.50,37.6615
2769.00,37.6466
2769.50,37.6306
2770.00,37.6155
2770.50,37.6020
2771.00,37.5881
2771.50,37.5729
2772.00,37.5596
2772.50,37.5551
2773.00,37.5662
2773.50,37.5961
2774.00,37.6427
2774.50,37.7004
2775.00,37.7607
2775.50,37.8131
2776.00,37.8477
2776.50,37.8584
2777.00,37.8457
2777.50,37.8166
2778.00,37.7804
2778.50,37.7457
2779.00,37.7180
2779.50,37.6989
2780.00,37.6871
2780.50,37.6843
2781.00,37.6983
2781.50,37.7375
2782.00,37.7993
2782.50,37.8644
2783.00,37.9072
2783.50,37.9120
2784.00,37.8830
2784.50,37.8389
2785.00,37.7996
2785.50,37.7750
2786.00,37.7627
2786.50,37.7557
2787.00,37.7534
2787.50,37.7652
2788.00,37.8006
2788.50,37.8575
2789.00,37.9179
2789.50,37.9575
2790.00,37.9593
2790.50,37.9204
2791.00,37.8511
2791.50,37.7699
2792.00,37.6981
2792.50,37.6520
2793.00,37.6377
2793.50,37.6498
2794.00,37.6756
2794.50,37.7031
2795.00,37.7275
2795.50,37.7534
2796.00,37.7887
2796.50,37.8353
2797.00,37.8836
2797.50,37.9188
2798.00,37.9324
2798.50,37.9277
2799.00,37.9161
2799.50,37.9058
2800.00,37.8979
2800.50,37.8905
2801.00,37.8868
2801.50,37.8950
2802.00,37.9210
2802.50,37.9585
2803.00,37.9895
2803.50,37.9962
2804.00,37.9744
2804.50,37.9367
2805.00,37.9015
2805.50,37.8813
2806.00,37.8777
2806.50,37.8850
2807.00,37.8959
2807.50,37.9053
2808.00,37.9107
2808.50,37.9114
2809.00,37.9061
2809.50,37.8913
2810.00,37.8626
2810.50,37.8191
2811.00,37.7669
2811.50,37.7180
2812.00,37.6862
2812.50,37.6803
2813.00,37.6978
2813.50,37.7247
2814.00,37.7411
2814.50,37.7327
2815.00,37.6982
2815.50,37.6497
2816.00,37.6042
2816.50,37.5750
2817.00,37.5662
2817.50,37.5754
2818.00,37.5986
2818.50,37.6330
2819.00,37.6756
2819.50,37.7230
2820.00,37.7726
2820.50,37.8229
2821.00,37.8732
2821.50,37.9210
2822.00,37.9619
2822.50,37.9916
2823.00,38.0066
2823.50,38.0059
2824.00,37.9922
2824.50,37.9717
2825.00,37.9515
2825.50,37.9360
2826.00,37.9247
2826.50,37.9170
2827.00,37.9171
2827.50,37.9332
2828.00,37.9683
2828.50,38.0112
2829.00,38.0393
2829.50,38.0340
2830.00,37.9934
2830.50,37.9319
2831.00,37.8676
2831.50,37.8122
2832.00,37.7691
2832.50,37.7385
2833.00,37.7223
2833.50,37.7273
2834.00,37.7618
2834.50,37.8259
2835.00,37.9053
2835.50,37.9767
2836.00,38.0221
2836.50,38.0384
2837.00,38.0352
2837.50,38.0247
2838.00,38.0122
2838.50,37.9925
2839.00,37.9537
2839.50,37.8876
2840.00,37.7998
2840.50,37.7109
2841.00,37.6466
2841.50,37.6238
2842.00,37.6422
2842.50,37.6872
2843.00,37.7387
2843.50,37.7797
2844.00,37.8024
2844.50,37.8093
2845.00,37.8102
2845.50,37.8170
2846.00,37.8356
2846.50,37.8634
2847.00,37.8915
2847.50,37.9118
2848.00,37.9253
2848.50,37.9421
2849.00,37.9726
2849.50,38.0144
2850.00,38.0504
2850.50,38.0613
2851.00,38.0422
2851.50,38.0048
2852.00,37.9640
2852.50,37.9251
2853.00,37.8855
2853.50,37.8456
2854.00,37.8141
2854.50,37.8006
2855.00,37.8079
2855.50,37.8305
2856.00,37.8598
2856.50,37.8869
2857.00,37.9049
2857.50,37.9092
2858.00,37.8999
2858.50,37.8825
