0.00,0.0000
0.50,1.3878
1.00,3.1081
1.50,4.9422
2.00,6.6644
2.50,8.1338
3.00,9.3174
3.50,10.2535
4.00,11.0045
4.50,11.6297
5.00,12.1751
5.50,12.6699
6.00,13.1281
6.50,13.5518
7.00,13.9358
7.50,14.2707
8.00,14.5488
8.50,14.7709
9.00,14.9474
9.50,15.0948
10.00,15.2298
10.50,15.3625
11.00,15.4930
11.50,15.6129
12.00,15.7163
12.50,15.8093
13.00,15.9085
13.50,16.0291
14.00,16.1717
14.50,16.3230
15.00,16.4664
15.50,16.5934
16.00,16.7103
16.50,16.8353
17.00,16.9907
17.50,17.1852
18.00,17.3976
18.50,17.5811
19.00,17.6918
19.50,17.7206
20.00,17.6984
20.50,17.6714
21.00,17.6727
21.50,17.7126
22.00,17.7844
22.50,17.8730
23.00,17.9583
23.50,18.0218
24.00,18.0583
24.50,18.0813
25.00,18.1133
25.50,18.1684
26.00,18.2446
26.50,18.3321
27.00,18.4245
27.50,18.5178
28.00,18.6030
28.50,18.6649
29.00,18.6919
29.50,18.6886
30.00,18.6776
30.50,18.6897
31.00,18.7460
31.50,18.8444
32.00,18.9593
32.50,19.0595
33.00,19.1287
33.50,19.1718
34.00,19.2028
34.50,19.2308
35.00,19.2589
35.50,19.2899
36.00,19.3271
36.50,19.3672
37.00,19.3988
37.50,19.4133
38.00,19.4187
38.50,19.4389
39.00,19.4985
39.50,19.6043
40.00,19.7408
40.50,19.8795
41.00,19.9938
41.50,20.0682
42.00,20.1023
42.50,20.1096
43.00,20.1103
43.50,20.1211
44.00,20.1482
44.50,20.1893
45.00,20.2407
45.50,20.3016
46.00,20.3713
46.50,20.4448
47.00,20.5138
47.50,20.5716
48.00,20.6157
48.50,20.6482
49.00,20.6747
49.50,20.7047
50.00,20.7487
50.50,20.8102
51.00,20.8779
51.50,20.9317
52.00,20.9569
52.50,20.9584
53.00,20.9581
53.50,20.9813
54.00,21.0411
54.50,21.1328
55.00,21.2383
55.50,21.3364
56.00,21.4136
56.50,21.4707
57.00,21.5211
57.50,21.5823
58.00,21.6642
58.50,21.7612
59.00,21.8523
59.50,21.9129
60.00,21.9328
60.50,21.9261
61.00,21.9238
61.50,21.9538
62.00,22.0236
62.50,22.1183
63.00,22.2167
63.50,22.3083
64.00,22.3949
64.50,22.4752
65.00,22.5355
65.50,22.5593
66.00,22.5455
66.50,22.5152
67.00,22.4982
67.50,22.5138
68.00,22.5616
68.50,22.6277
69.00,22.6964
69.50,22.7574
70.00,22.8047
70.50,22.8353
71.00,22.8492
71.50,22.8500
72.00,22.8432
72.50,22.8340
73.00,22.8250
73.50,22.8170
74.00,22.8121
74.50,22.8149
75.00,22.8325
75.50,22.8689
76.00,22.9198
76.50,22.9732
77.00,23.0173
77.50,23.0507
78.00,23.0823
78.50,23.1223
79.00,23.1725
79.50,23.2255
80.00,23.2705
80.50,23.2980
81.00,23.3038
81.50,23.2923
82.00,23.2758
82.50,23.2685
83.00,23.2772
83.50,23.2983
84.00,23.3225
84.50,23.3413
85.00,23.3521
85.50,23.3590
86.00,23.3711
86.50,23.3985
87.00,23.4468
87.50,23.5108
88.00,23.5759
88.50,23.6261
89.00,23.6544
89.50,23.6663
90.00,23.6721
90.50,23.6757
91.00,23.6706
91.50,23.6487
92.00,23.6145
92.50,23.5895
93.00,23.5991
93.50,23.6524
94.00,23.7324
94.50,23.8098
95.00,23.8638
95.50,23.8925
96.00,23.9074
96.50,23.9245
97.00,23.9564
97.50,24.0085
98.00,24.0738
98.50,24.1328
99.00,24.1628
99.50,24.1519
100.00,24.1089
100.50,24.0607
101.00,24.0355
101.50,24.0462
102.00,24.0863
102.50,24.1384
103.00,24.1870
103.50,24.2247
104.00,24.2506
104.50,24.2687
105.00,24.2848
105.50,24.3040
106.00,24.3267
106.50,24.3470
107.00,24.3548
107.50,24.3443
108.00,24.3222
108.50,24.3056
109.00,24.3079
109.50,24.3270
110.00,24.3482
110.50,24.3596
111.00,24.3614
111.50,24.3601
112.00,24.3581
112.50,24.3515
113.00,24.3378
113.50,24.3236
114.00,24.3224
114.50,24.3440
115.00,24.3871
115.50,24.4422
116.00,24.5011
116.50,24.5615
117.00,24.6232
117.50,24.6813
118.00,24.7252
118.50,24.7453
119.00,24.7420
119.50,24.7285
120.00,24.7225
120.50,24.7352
121.00,24.7644
121.50,24.7984
122.00,24.8246
122.50,24.8361
123.00,24.8345
123.50,24.8273
124.00,24.8257
124.50,24.8419
125.00,24.8837
125.50,24.9481
126.00,25.0202
126.50,25.0801
127.00,25.1124
127.50,25.1129
128.00,25.0893
128.50,25.0572
129.00,25.0325
129.50,25.0230
130.00,25.0241
130.50,25.0236
131.00,25.0136
131.50,24.9997
132.00,24.9982
132.50,25.0237
133.00,25.0787
133.50,25.1531
134.00,25.2309
134.50,25.2972
135.00,25.3417
135.50,25.3597
136.00,25.3556
136.50,25.3436
137.00,25.3404
137.50,25.3531
138.00,25.3737
138.50,25.3849
139.00,25.3722
139.50,25.3322
140.00,25.2749
140.50,25.2188
141.00,25.1829
141.50,25.1756
142.00,25.1912
142.50,25.2153
143.00,25.2361
143.50,25.2527
144.00,25.2728
144.50,25.3044
145.00,25.3482
145.50,25.3976
146.00,25.4462
146.50,25.4913
147.00,25.5301
147.50,25.5555
148.00,25.5597
148.50,25.5447
149.00,25.5232
149.50,25.5068
150.00,25.4972
150.50,25.4899
151.00,25.4866
151.50,25.4983
152.00,25.5371
152.50,25.6037
153.00,25.6818
153.50,25.7465
154.00,25.7815
154.50,25.7901
155.00,25.7887
155.50,25.7896
156.00,25.7932
156.50,25.7933
157.00,25.7854
157.50,25.7686
158.00,25.7426
158.50,25.7075
159.00,25.6668
159.50,25.6300
160.00,25.6105
160.50,25.6195
161.00,25.6565
161.50,25.7058
162.00,25.7452
162.50,25.7618
163.00,25.7572
163.50,25.7396
164.00,25.7128
164.50,25.6778
165.00,25.6438
165.50,25.6310
166.00,25.6573
166.50,25.7194
167.00,25.7899
167.50,25.8331
168.00,25.8273
168.50,25.7788
169.00,25.7186
169.50,25.6845
170.00,25.6981
170.50,25.7541
171.00,25.8284
171.50,25.8971
172.00,25.9467
172.50,25.9733
173.00,25.9789
173.50,25.9731
174.00,25.9718
174.50,25.9880
175.00,26.0198
175.50,26.0495
176.00,26.0570
176.50,26.0346
177.00,25.9910
177.50,25.9427
178.00,25.9034
178.50,25.8813
179.00,25.8819
179.50,25.9090
180.00,25.9604
180.50,26.0231
181.00,26.0752
181.50,26.0965
182.00,26.0835
182.50,26.0523
183.00,26.0271
183.50,26.0222
184.00,26.0350
184.50,26.0536
185.00,26.0681
185.50,26.0755
186.00,26.0789
186.50,26.0862
187.00,26.1065
187.50,26.1419
188.00,26.1818
188.50,26.2093
189.00,26.2152
189.50,26.2066
190.00,26.2014
190.50,26.2150
191.00,26.2506
191.50,26.3001
192.00,26.3509
192.50,26.3913
193.00,26.4134
193.50,26.4133
194.00,26.3930
194.50,26.3623
195.00,26.3352
195.50,26.3228
196.00,26.3282
196.50,26.3502
197.00,26.3900
197.50,26.4501
198.00,26.5263
198.50,26.6012
199.00,26.6509
199.50,26.6605
200.00,26.6348
200.50,26.5950
201.00,26.5654
201.50,26.5597
202.00,26.5756
202.50,26.5989
203.00,26.6139
203.50,26.6124
204.00,26.5985
204.50,26.5861
205.00,26.5905
205.50,26.6202
206.00,26.6717
206.50,26.7311
207.00,26.7811
207.50,26.8080
208.00,26.8077
208.50,26.7852
209.00,26.7530
209.50,26.7269
210.00,26.7215
210.50,26.7431
211.00,26.7851
211.50,26.8288
212.00,26.8523
212.50,26.8429
213.00,26.8067
213.50,26.7664
214.00,26.7475
214.50,26.7615
215.00,26.8031
215.50,26.8596
216.00,26.9215
216.50,26.9835
217.00,27.0402
217.50,27.0836
218.00,27.1067
218.50,27.1077
219.00,27.0928
219.50,27.0742
220.00,27.0654
220.50,27.0758
221.00,27.1078
221.50,27.1562
222.00,27.2102
222.50,27.2575
223.00,27.2918
223.50,27.3158
224.00,27.3348
224.50,27.3487
225.00,27.3533
225.50,27.3495
226.00,27.3479
226.50,27.3598
227.00,27.3859
227.50,27.4155
228.00,27.4370
228.50,27.4476
229.00,27.4515
229.50,27.4517
230.00,27.4465
230.50,27.4332
231.00,27.4129
231.50,27.3890
232.00,27.3628
232.50,27.3342
233.00,27.3063
233.50,27.2880
234.00,27.2889
234.50,27.3116
235.00,27.3487
235.50,27.3873
236.00,27.4169
236.50,27.4372
237.00,27.4582
237.50,27.4911
238.00,27.5351
238.50,27.5740
239.00,27.5885
239.50,27.5726
240.00,27.5376
240.50,27.5019
241.00,27.4795
241.50,27.4744
242.00,27.4838
242.50,27.5037
243.00,27.5326
243.50,27.5707
244.00,27.6152
244.50,27.6598
245.00,27.6982
245.50,27.7277
246.00,27.7479
246.50,27.7571
247.00,27.7539
247.50,27.7410
248.00,27.7260
248.50,27.7162
249.00,27.7125
249.50,27.7106
250.00,27.7105
250.50,27.7232
251.00,27.7649
251.50,27.8426
252.00,27.9456
252.50,28.0523
253.00,28.1444
253.50,28.2152
254.00,28.2656
254.50,28.2956
255.00,28.3026
255.50,28.2866
256.00,28.2546
256.50,28.2188
257.00,28.1911
257.50,28.1785
258.00,28.1817
258.50,28.1945
259.00,28.2092
259.50,28.2219
260.00,28.2350
260.50,28.2529
261.00,28.2767
261.50,28.3027
262.00,28.3265
262.50,28.3450
263.00,28.3569
263.50,28.3617
264.00,28.3604
264.50,28.3552
265.00,28.3474
265.50,28.3357
266.00,28.3179
266.50,28.2942
267.00,28.2695
267.50,28.2502
268.00,28.2394
268.50,28.2335
269.00,28.2271
269.50,28.2201
270.00,28.2203
270.50,28.2372
271.00,28.2723
271.50,28.3157
272.00,28.3527
272.50,28.3752
273.00,28.3866
273.50,28.3957
274.00,28.4077
274.50,28.4242
275.00,28.4492
275.50,28.4910
276.00,28.5517
276.50,28.6177
277.00,28.6636
277.50,28.6701
278.00,28.6394
278.50,28.5931
279.00,28.5541
279.50,28.5312
280.00,28.5218
280.50,28.5225
281.00,28.5347
281.50,28.5579
282.00,28.5864
282.50,28.6127
283.00,28.6320
283.50,28.6419
284.00,28.6447
284.50,28.6492
285.00,28.6658
285.50,28.6944
286.00,28.7188
286.50,28.7180
287.00,28.6851
287.50,28.6332
288.00,28.5851
288.50,28.5581
289.00,28.5584
289.50,28.5825
290.00,28.6210
290.50,28.6607
291.00,28.6878
291.50,28.6922
292.00,28.6719
292.50,28.6369
293.00,28.6082
293.50,28.6097
294.00,28.6570
294.50,28.7484
295.00,28.8653
295.50,28.9819
296.00,29.0780
296.50,29.1461
297.00,29.1868
297.50,29.1984
298.00,29.1741
298.50,29.1111
299.00,29.0234
299.50,28.9438
300.00,28.9071
300.50,28.9279
301.00,28.9908
301.50,29.0617
302.00,29.1126
302.50,29.1370
303.00,29.1472
303.50,29.1605
304.00,29.1898
304.50,29.2406
305.00,29.3105
305.50,29.3892
306.00,29.4622
306.50,29.5197
307.00,29.5589
307.50,29.5788
308.00,29.5736
308.50,29.5366
309.00,29.4709
309.50,29.3964
310.00,29.3401
310.50,29.3199
311.00,29.3359
311.50,29.3760
312.00,29.4246
312.50,29.4662
313.00,29.4864
313.50,29.4762
314.00,29.4406
314.50,29.4007
315.00,29.3824
315.50,29.4003
316.00,29.4485
316.50,29.5069
317.00,29.5551
317.50,29.5822
318.00,29.5875
318.50,29.5757
319.00,29.5522
319.50,29.5239
320.00,29.5003
320.50,29.4909
321.00,29.4993
321.50,29.5186
322.00,29.5353
322.50,29.5394
323.00,29.5324
323.50,29.5278
324.00,29.5401
324.50,29.5735
325.00,29.6191
325.50,29.6624
326.00,29.6928
326.50,29.7074
327.00,29.7077
327.50,29.6972
328.00,29.6821
328.50,29.6721
329.00,29.6796
329.50,29.7112
330.00,29.7604
330.50,29.8083
331.00,29.8346
331.50,29.8314
332.00,29.8093
332.50,29.7896
333.00,29.7895
333.50,29.8121
334.00,29.8484
334.50,29.8886
335.00,29.9290
335.50,29.9692
336.00,30.0096
336.50,30.0513
337.00,30.0982
337.50,30.1513
338.00,30.2039
338.50,30.2439
339.00,30.2637
339.50,30.2684
340.00,30.2718
340.50,30.2828
341.00,30.2959
341.50,30.2964
342.00,30.2749
342.50,30.2386
343.00,30.2061
343.50,30.1928
344.00,30.1997
344.50,30.2148
345.00,30.2250
345.50,30.2259
346.00,30.2245
346.50,30.2306
347.00,30.2462
347.50,30.2626
348.00,30.2665
348.50,30.2530
349.00,30.2327
349.50,30.2267
350.00,30.2520
350.50,30.3099
351.00,30.3869
351.50,30.4649
352.00,30.5317
352.50,30.5822
353.00,30.6131
353.50,30.6188
354.00,30.5936
354.50,30.5390
355.00,30.4686
355.50,30.4060
356.00,30.3718
356.50,30.3702
357.00,30.3865
357.50,30.3987
358.00,30.3941
358.50,30.3735
359.00,30.3439
359.50,30.3118
360.00,30.2848
360.50,30.2728
361.00,30.2834
361.50,30.3146
362.00,30.3547
362.50,30.3896
363.00,30.4108
363.50,30.4152
364.00,30.4009
364.50,30.3682
365.00,30.3258
365.50,30.2922
366.00,30.2861
366.50,30.3117
367.00,30.3555
367.50,30.3964
368.00,30.4192
368.50,30.4225
369.00,30.4150
369.50,30.4076
370.00,30.4052
370.50,30.4040
371.00,30.3971
371.50,30.3834
372.00,30.3711
372.50,30.3730
373.00,30.3974
373.50,30.4457
374.00,30.5134
374.50,30.5916
375.00,30.6672
375.50,30.7255
376.00,30.7545
376.50,30.7512
377.00,30.7249
377.50,30.6932
378.00,30.6728
378.50,30.6703
379.00,30.6792
379.50,30.6856
380.00,30.6749
380.50,30.6407
381.00,30.5903
381.50,30.5451
382.00,30.5300
382.50,30.5575
383.00,30.6178
383.50,30.6853
384.00,30.7357
384.50,30.7608
385.00,30.7690
385.50,30.7753
386.00,30.7902
386.50,30.8144
387.00,30.8408
387.50,30.8606
388.00,30.8694
388.50,30.8709
389.00,30.8747
389.50,30.8893
390.00,30.9137
390.50,30.9369
391.00,30.9470
391.50,30.9418
392.00,30.9290
392.50,30.9177
393.00,30.9124
393.50,30.9152
394.00,30.9311
394.50,30.9661
395.00,31.0219
395.50,31.0927
396.00,31.1666
396.50,31.2299
397.00,31.2729
397.50,31.2941
398.00,31.3009
398.50,31.3045
399.00,31.3144
399.50,31.3362
400.00,31.3717
400.50,31.4174
401.00,31.4618
401.50,31.4904
402.00,31.4949
402.50,31.4804
403.00,31.4606
403.50,31.4470
404.00,31.4412
404.50,31.4383
405.00,31.4364
405.50,31.4387
406.00,31.4500
406.50,31.4686
407.00,31.4843
407.50,31.4838
408.00,31.4595
408.50,31.4157
409.00,31.3670
409.50,31.3312
410.00,31.3209
410.50,31.3390
411.00,31.3790
411.50,31.4285
412.00,31.4742
412.50,31.5061
413.00,31.5196
413.50,31.5157
414.00,31.4997
414.50,31.4803
415.00,31.4686
415.50,31.4734
416.00,31.4984
416.50,31.5412
417.00,31.5948
417.50,31.6491
418.00,31.6926
418.50,31.7169
419.00,31.7222
419.50,31.7166
420.00,31.7105
420.50,31.7086
421.00,31.7091
421.50,31.7082
422.00,31.7056
422.50,31.7069
423.00,31.7210
423.50,31.7533
424.00,31.7974
424.50,31.8372
425.00,31.8582
425.50,31.8595
426.00,31.8544
426.50,31.8599
427.00,31.8867
427.50,31.9323
428.00,31.9789
428.50,31.9997
429.00,31.9745
429.50,31.9045
430.00,31.8133
430.50,31.7321
431.00,31.6811
431.50,31.6608
432.00,31.6590
432.50,31.6631
433.00,31.6674
433.50,31.6746
434.00,31.6919
434.50,31.7260
435.00,31.7773
435.50,31.8385
436.00,31.8986
436.50,31.9498
437.00,31.9906
437.50,32.0220
438.00,32.0445
438.50,32.0570
439.00,32.0611
439.50,32.0658
440.00,32.0855
440.50,32.1306
441.00,32.1953
441.50,32.2574
442.00,32.2928
442.50,32.2940
443.00,32.2724
443.50,32.2467
444.00,32.2307
444.50,32.2303
445.00,32.2439
445.50,32.2657
446.00,32.2880
446.50,32.3051
447.00,32.3161
447.50,32.3256
448.00,32.3411
448.50,32.3690
449.00,32.4085
449.50,32.4499
450.00,32.4792
450.50,32.4887
451.00,32.4836
451.50,32.4781
452.00,32.4849
452.50,32.5075
453.00,32.5396
453.50,32.5720
454.00,32.5988
454.50,32.6190
455.00,32.6322
455.50,32.6343
456.00,32.6205
456.50,32.5915
457.00,32.5560
457.50,32.5268
458.00,32.5138
458.50,32.5214
459.00,32.5494
459.50,32.5945
460.00,32.6497
460.50,32.7042
461.00,32.7487
461.50,32.7803
462.00,32.8016
462.50,32.8135
463.00,32.8125
463.50,32.7960
464.00,32.7693
464.50,32.7437
465.00,32.7277
465.50,32.7243
466.00,32.7339
466.50,32.7584
467.00,32.7994
467.50,32.8535
468.00,32.9090
468.50,32.9472
469.00,32.9510
469.50,32.9169
470.00,32.8629
470.50,32.8196
471.00,32.8090
471.50,32.8297
472.00,32.8624
472.50,32.8893
473.00,32.9053
473.50,32.9144
474.00,32.9207
474.50,32.9256
475.00,32.9294
475.50,32.9307
476.00,32.9241
476.50,32.9022
477.00,32.8628
477.50,32.8148
478.00,32.7737
478.50,32.7495
479.00,32.7407
479.50,32.7381
480.00,32.7337
480.50,32.7248
481.00,32.7120
481.50,32.6982
482.00,32.6898
482.50,32.6956
483.00,32.7218
483.50,32.7651
484.00,32.8123
484.50,32.8474
485.00,32.8609
485.50,32.8538
486.00,32.8349
486.50,32.8154
487.00,32.8036
487.50,32.8026
488.00,32.8094
488.50,32.8171
489.00,32.8185
489.50,32.8098
490.00,32.7915
490.50,32.7661
491.00,32.7368
491.50,32.7105
492.00,32.7002
492.50,32.7208
493.00,32.7772
493.50,32.8590
494.00,32.9454
494.50,33.0179
495.00,33.0671
495.50,33.0915
496.00,33.0937
496.50,33.0782
497.00,33.0501
497.50,33.0141
498.00,32.9748
498.50,32.9386
499.00,32.9147
499.50,32.9110
500.00,32.9275
500.50,32.9548
501.00,32.9811
501.50,33.0013
502.00,33.0207
502.50,33.0484
503.00,33.0886
503.50,33.1375
504.00,33.1884
504.50,33.2366
505.00,33.2794
505.50,33.3143
506.00,33.3384
506.50,33.3522
507.00,33.3582
507.50,33.3559
508.00,33.3398
508.50,33.3048
509.00,33.2552
509.50,33.2066
510.00,33.1778
510.50,33.1799
511.00,33.2122
511.50,33.2648
512.00,33.3230
512.50,33.3724
513.00,33.4051
513.50,33.4244
514.00,33.4419
514.50,33.4677
515.00,33.5008
515.50,33.5305
516.00,33.5464
516.50,33.5459
517.00,33.5358
517.50,33.5274
518.00,33.5314
518.50,33.5536
519.00,33.5930
519.50,33.6406
520.00,33.6813
520.50,33.7003
521.00,33.6930
521.50,33.6702
522.00,33.6494
522.50,33.6408
523.00,33.6399
523.50,33.6347
524.00,33.6195
524.50,33.6000
525.00,33.5873
525.50,33.5873
526.00,33.5967
526.50,33.6079
527.00,33.6168
527.50,33.6264
528.00,33.6418
528.50,33.6640
529.00,33.6891
529.50,33.7124
530.00,33.7305
530.50,33.7420
531.00,33.7466
531.50,33.7456
532.00,33.7428
532.50,33.7423
533.00,33.7445
533.50,33.7452
534.00,33.7371
534.50,33.7142
535.00,33.6750
535.50,33.6266
536.00,33.5854
536.50,33.5710
537.00,33.5949
537.50,33.6526
538.00,33.7276
538.50,33.8022
539.00,33.8641
539.50,33.9077
540.00,33.9309
540.50,33.9329
541.00,33.9131
541.50,33.8720
542.00,33.8137
542.50,33.7469
543.00,33.6841
543.50,33.6389
544.00,33.6214
544.50,33.6334
545.00,33.6649
545.50,33.6975
546.00,33.7169
546.50,33.7223
547.00,33.7252
547.50,33.7358
548.00,33.7539
548.50,33.7696
549.00,33.7727
549.50,33.7596
550.00,33.7349
550.50,33.7101
551.00,33.6991
551.50,33.7094
552.00,33.7347
552.50,33.7598
553.00,33.7731
553.50,33.7772
554.00,33.7845
554.50,33.8054
555.00,33.8380
555.50,33.8675
556.00,33.8751
556.50,33.8511
557.00,33.8024
557.50,33.7504
558.00,33.7167
558.50,33.7085
559.00,33.7143
559.50,33.7152
560.00,33.7026
560.50,33.6864
561.00,33.6868
561.50,33.7177
562.00,33.7770
562.50,33.8492
563.00,33.9149
563.50,33.9606
564.00,33.9826
564.50,33.9841
565.00,33.9699
565.50,33.9429
566.00,33.9070
566.50,33.8710
567.00,33.8470
567.50,33.8458
568.00,33.8705
568.50,33.9148
569.00,33.9653
569.50,34.0082
570.00,34.0374
570.50,34.0559
571.00,34.0719
571.50,34.0903
572.00,34.1077
572.50,34.1142
573.00,34.1035
573.50,34.0795
574.00,34.0543
574.50,34.0387
575.00,34.0355
575.50,34.0397
576.00,34.0453
576.50,34.0527
577.00,34.0718
577.50,34.1159
578.00,34.1886
578.50,34.2753
579.00,34.3501
579.50,34.3915
580.00,34.3941
580.50,34.3667
581.00,34.3219
581.50,34.2689
582.00,34.2136
582.50,34.1625
583.00,34.1223
583.50,34.0953
584.00,34.0775
584.50,34.0622
585.00,34.0463
585.50,34.0305
586.00,34.0158
586.50,34.0015
587.00,33.9900
587.50,33.9891
588.00,34.0065
588.50,34.0392
589.00,34.0716
589.50,34.0868
590.00,34.0799
590.50,34.0584
591.00,34.0346
591.50,34.0183
592.00,34.0158
592.50,34.0291
593.00,34.0556
593.50,34.0903
594.00,34.1297
594.50,34.1707
595.00,34.2073
595.50,34.2301
596.00,34.2325
596.50,34.2189
597.00,34.2036
597.50,34.2002
598.00,34.2103
598.50,34.2219
599.00,34.2193
599.50,34.1962
600.00,34.1630
600.50,34.1418
601.00,34.1533
601.50,34.2032
602.00,34.2787
602.50,34.3549
603.00,34.4082
603.50,34.4269
604.00,34.4162
604.50,34.3962
605.00,34.3916
605.50,34.4173
606.00,34.4696
606.50,34.5299
607.00,34.5785
607.50,34.6052
608.00,34.6104
608.50,34.5993
609.00,34.5777
609.50,34.5521
610.00,34.5301
610.50,34.5160
611.00,34.5070
611.50,34.4953
612.00,34.4764
612.50,34.4548
613.00,34.4431
613.50,34.4544
614.00,34.4929
614.50,34.5500
615.00,34.6053
615.50,34.6368
616.00,34.6335
616.50,34.6025
617.00,34.5629
617.50,34.5324
618.00,34.5185
618.50,34.5186
619.00,34.5259
619.50,34.5336
620.00,34.5359
620.50,34.5293
621.00,34.5124
621.50,34.4883
622.00,34.4655
622.50,34.4558
623.00,34.4683
623.50,34.5023
624.00,34.5479
624.50,34.5921
625.00,34.6276
625.50,34.6562
626.00,34.6819
626.50,34.7024
627.00,34.7078
627.50,34.6909
628.00,34.6578
628.50,34.6271
629.00,34.6163
629.50,34.6288
630.00,34.6527
630.50,34.6710
631.00,34.6725
631.50,34.6556
632.00,34.6264
632.50,34.5934
633.00,34.5621
633.50,34.5325
634.00,34.5004
634.50,34.4628
635.00,34.4221
635.50,34.3871
636.00,34.3693
636.50,34.3775
637.00,34.4116
637.50,34.4606
638.00,34.5086
638.50,34.5440
639.00,34.5661
639.50,34.5827
640.00,34.6023
640.50,34.6284
641.00,34.6587
641.50,34.6846
642.00,34.6912
642.50,34.6639
643.00,34.5988
643.50,34.5114
644.00,34.4297
644.50,34.3775
645.00,34.3596
645.50,34.3619
646.00,34.3646
646.50,34.3561
647.00,34.3381
647.50,34.3207
648.00,34.3153
648.50,34.3303
649.00,34.3697
649.50,34.4319
650.00,34.5086
650.50,34.5856
651.00,34.6486
651.50,34.6907
652.00,34.7157
652.50,34.7330
653.00,34.7478
653.50,34.7544
654.00,34.7405
654.50,34.7003
655.00,34.6434
655.50,34.5892
656.00,34.5543
656.50,34.5417
657.00,34.5427
657.50,34.5459
658.00,34.5453
658.50,34.5417
659.00,34.5404
659.50,34.5473
660.00,34.5661
660.50,34.5951
661.00,34.6254
661.50,34.6448
662.00,34.6429
662.50,34.6208
663.00,34.5945
663.50,34.5864
664.00,34.6083
664.50,34.6499
665.00,34.6865
665.50,34.6972
666.00,34.6799
666.50,34.6489
667.00,34.6233
667.50,34.6138
668.00,34.6180
668.50,34.6251
669.00,34.6262
669.50,34.6215
670.00,34.6196
670.50,34.6284
671.00,34.6500
671.50,34.6811
672.00,34.7167
672.50,34.7504
673.00,34.7732
673.50,34.7760
674.00,34.7575
674.50,34.7264
675.00,34.6947
675.50,34.6697
676.00,34.6509
676.50,34.6345
677.00,34.6178
677.50,34.6013
678.00,34.5888
678.50,34.5857
679.00,34.5944
679.50,34.6104
680.00,34.6226
680.50,34.6217
681.00,34.6075
681.50,34.5901
682.00,34.5784
682.50,34.5716
683.00,34.5618
683.50,34.5465
684.00,34.5362
684.50,34.5462
685.00,34.5810
685.50,34.6295
686.00,34.6729
686.50,34.6968
687.00,34.6979
687.50,34.6843
688.00,34.6704
688.50,34.6694
689.00,34.6854
689.50,34.7084
690.00,34.7195
690.50,34.7039
691.00,34.6630
691.50,34.6150
692.00,34.5847
692.50,34.5884
693.00,34.6242
693.50,34.6735
694.00,34.7108
694.50,34.7187
695.00,34.6970
695.50,34.6608
696.00,34.6281
696.50,34.6081
697.00,34.5981
697.50,34.5913
698.00,34.5829
698.50,34.5726
699.00,34.5623
699.50,34.5560
700.00,34.5593
700.50,34.5772
701.00,34.6099
701.50,34.6501
702.00,34.6863
702.50,34.7091
703.00,34.7166
703.50,34.7139
704.00,34.7075
704.50,34.7008
705.00,34.6946
705.50,34.6900
706.00,34.6889
706.50,34.6920
707.00,34.6968
707.50,34.6998
708.00,34.7003
708.50,34.7021
709.00,34.7102
709.50,34.7258
710.00,34.7457
710.50,34.7651
711.00,34.7818
711.50,34.7960
712.00,34.8085
712.50,34.8204
713.00,34.8340
713.50,34.8535
714.00,34.8821
714.50,34.9180
715.00,34.9529
715.50,34.9747
716.00,34.9723
716.50,34.9412
717.00,34.8878
717.50,34.8277
718.00,34.7772
718.50,34.7432
719.00,34.7228
719.50,34.7118
720.00,34.7116
720.50,34.7249
721.00,34.7455
721.50,34.7570
722.00,34.7452
722.50,34.7137
723.00,34.6847
723.50,34.6808
724.00,34.7087
724.50,34.7559
725.00,34.8033
725.50,34.8372
726.00,34.8542
726.50,34.8589
727.00,34.8583
727.50,34.8561
728.00,34.8518
728.50,34.8434
729.00,34.8321
729.50,34.8228
730.00,34.8200
730.50,34.8260
731.00,34.8405
731.50,34.8588
732.00,34.8712
732.50,34.8676
733.00,34.8465
733.50,34.8185
734.00,34.7976
734.50,34.7884
735.00,34.7840
735.50,34.7758
736.00,34.7639
736.50,34.7553
737.00,34.7552
737.50,34.7615
738.00,34.7686
738.50,34.7739
739.00,34.7779
739.50,34.7798
740.00,34.7766
740.50,34.7662
741.00,34.7509
741.50,34.7363
742.00,34.7266
742.50,34.7221
743.00,34.7207
743.50,34.7212
744.00,34.7255
744.50,34.7358
745.00,34.7548
745.50,34.7852
746.00,34.8274
746.50,34.8720
747.00,34.9010
747.50,34.9011
748.00,34.8798
748.50,34.8641
749.00,34.8782
749.50,34.9227
750.00,34.9747
750.50,35.0093
751.00,35.0206
751.50,35.0229
752.00,35.0345
752.50,35.0610
753.00,35.0921
753.50,35.1119
754.00,35.1111
754.50,35.0911
755.00,35.0592
755.50,35.0247
756.00,34.9984
756.50,34.9895
757.00,34.9984
757.50,35.0154
758.00,35.0264
758.50,35.0228
759.00,35.0056
759.50,34.9827
760.00,34.9654
760.50,34.9629
761.00,34.9775
761.50,35.0025
762.00,35.0251
762.50,35.0323
763.00,35.0170
763.50,34.9823
764.00,34.9397
764.50,34.9027
765.00,34.8816
765.50,34.8834
766.00,34.9122
766.50,34.9658
767.00,35.0306
767.50,35.0854
768.00,35.1122
768.50,35.1036
769.00,35.0625
769.50,34.9998
770.00,34.9322
770.50,34.8807
771.00,34.8631
771.50,34.8863
772.00,34.9448
772.50,35.0241
773.00,35.1067
773.50,35.1752
774.00,35.2153
774.50,35.2210
775.00,35.1997
775.50,35.1701
776.00,35.1524
776.50,35.1546
777.00,35.1677
777.50,35.1755
778.00,35.1700
778.50,35.1574
779.00,35.1476
779.50,35.1438
780.00,35.1439
780.50,35.1495
781.00,35.1688
781.50,35.2076
782.00,35.2629
782.50,35.3251
783.00,35.3843
783.50,35.4330
784.00,35.4669
784.50,35.4885
785.00,35.5071
785.50,35.5324
786.00,35.5662
786.50,35.6000
787.00,35.6221
787.50,35.6245
788.00,35.6059
788.50,35.5723
789.00,35.5347
789.50,35.5071
790.00,35.5013
790.50,35.5195
791.00,35.5504
791.50,35.5735
792.00,35.5713
792.50,35.5430
793.00,35.5061
793.50,35.4839
794.00,35.4872
794.50,35.5058
795.00,35.5171
795.50,35.5041
796.00,35.4686
796.50,35.4295
797.00,35.4114
797.50,35.4286
798.00,35.4798
798.50,35.5515
799.00,35.6285
799.50,35.7007
800.00,35.7635
800.50,35.8142
801.00,35.8489
801.50,35.8633
802.00,35.8560
802.50,35.8317
803.00,35.8006
803.50,35.7735
804.00,35.7559
804.50,35.7473
805.00,35.7463
805.50,35.7540
806.00,35.7729
806.50,35.8017
807.00,35.8345
807.50,35.8639
808.00,35.8864
808.50,35.9024
809.00,35.9110
809.50,35.9076
810.00,35.8885
810.50,35.8593
811.00,35.8346
811.50,35.8274
812.00,35.8405
812.50,35.8656
813.00,35.8904
813.50,35.9043
814.00,35.9021
814.50,35.8867
815.00,35.8680
815.50,35.8578
816.00,35.8614
816.50,35.8739
817.00,35.8854
817.50,35.8929
818.00,35.9026
818.50,35.9219
819.00,35.9467
819.50,35.9611
820.00,35.9520
820.50,35.9248
821.00,35.9043
821.50,35.9170
822.00,35.9705
822.50,36.0472
823.00,36.1165
823.50,36.1543
824.00,36.1571
824.50,36.1397
825.00,36.1216
825.50,36.1147
826.00,36.1203
826.50,36.1357
827.00,36.1579
827.50,36.1790
828.00,36.1822
828.50,36.1488
829.00,36.0754
829.50,35.9825
830.00,35.9057
830.50,35.8744
831.00,35.8978
831.50,35.9631
832.00,36.0448
832.50,36.1177
833.00,36.1680
833.50,36.1978
834.00,36.2189
834.50,36.2426
835.00,36.2752
835.50,36.3171
836.00,36.3619
836.50,36.3938
837.00,36.3940
837.50,36.3541
838.00,36.2867
838.50,36.2203
839.00,36.1828
839.50,36.1866
840.00,36.2270
840.50,36.2911
841.00,36.3667
841.50,36.4448
842.00,36.5133
842.50,36.5532
843.00,36.5453
843.50,36.4876
844.00,36.4056
844.50,36.3414
845.00,36.3252
845.50,36.3537
846.00,36.3972
846.50,36.4263
847.00,36.4365
847.50,36.4472
848.00,36.4818
848.50,36.5468
849.00,36.6274
849.50,36.6975
850.00,36.7347
850.50,36.7269
851.00,36.6763
851.50,36.5997
852.00,36.5266
852.50,36.4862
853.00,36.4891
853.50,36.5164
854.00,36.5309
854.50,36.5023
855.00,36.4286
855.50,36.3361
856.00,36.2622
856.50,36.2349
857.00,36.2603
857.50,36.3223
858.00,36.3893
858.50,36.4259
859.00,36.4085
859.50,36.3402
860.00,36.2533
860.50,36.1946
861.00,36.1978
861.50,36.2626
862.00,36.3555
862.50,36.4316
863.00,36.4626
863.50,36.4518
864.00,36.4254
864.50,36.4110
865.00,36.4207
865.50,36.4508
866.00,36.4908
866.50,36.5308
867.00,36.5625
867.50,36.5753
868.00,36.5561
868.50,36.4951
869.00,36.3955
869.50,36.2782
870.00,36.1749
870.50,36.1107
871.00,36.0884
871.50,36.0879
872.00,36.0833
872.50,36.0626
873.00,36.0340
873.50,36.0117
874.00,35.9996
874.50,35.9863
875.00,35.9588
875.50,35.9155
876.00,35.8676
876.50,35.8280
877.00,35.8012
877.50,35.7824
878.00,35.7640
878.50,35.7425
879.00,35.7194
879.50,35.6976
880.00,35.6794
880.50,35.6696
881.00,35.6804
881.50,35.7286
882.00,35.8255
882.50,35.9643
883.00,36.1198
883.50,36.2604
884.00,36.3637
884.50,36.4228
885.00,36.4407
885.50,36.4236
886.00,36.3777
886.50,36.3112
887.00,36.2351
887.50,36.1639
888.00,36.1109
888.50,36.0839
889.00,36.0837
889.50,36.1073
890.00,36.1470
890.50,36.1875
891.00,36.2078
891.50,36.1942
892.00,36.1529
892.50,36.1100
893.00,36.0967
893.50,36.1286
894.00,36.1973
894.50,36.2756
895.00,36.3355
895.50,36.3658
896.00,36.3745
896.50,36.3755
897.00,36.3738
897.50,36.3633
898.00,36.3378
898.50,36.3000
899.00,36.2585
899.50,36.2197
900.00,36.1844
900.50,36.1528
901.00,36.1294
901.50,36.1244
902.00,36.1470
902.50,36.1951
903.00,36.2513
903.50,36.2924
904.00,36.3050
904.50,36.2935
905.00,36.2732
905.50,36.2552
906.00,36.2386
906.50,36.2142
907.00,36.1769
907.50,36.1358
908.00,36.1103
908.50,36.1179
909.00,36.1608
909.50,36.2229
910.00,36.2761
910.50,36.2937
911.00,36.2657
911.50,36.2064
912.00,36.1465
912.50,36.1147
913.00,36.1208
913.50,36.1535
914.00,36.1898
914.50,36.2090
915.00,36.2010
915.50,36.1671
916.00,36.1150
916.50,36.0531
917.00,35.9873
917.50,35.9210
918.00,35.8589
918.50,35.8110
919.00,35.7921
919.50,35.8139
920.00,35.8742
920.50,35.9542
921.00,36.0266
921.50,36.0698
922.00,36.0768
922.50,36.0544
923.00,36.0167
923.50,35.9788
924.00,35.9544
924.50,35.9542
925.00,35.9823
925.50,36.0326
926.00,36.0891
926.50,36.1337
927.00,36.1566
927.50,36.1600
928.00,36.1537
928.50,36.1478
929.00,36.1512
929.50,36.1724
930.00,36.2158
930.50,36.2704
931.00,36.3082
931.50,36.3004
932.00,36.2394
932.50,36.1473
933.00,36.0615
933.50,36.0140
934.00,36.0158
934.50,36.0570
935.00,36.1152
935.50,36.1667
936.00,36.1941
936.50,36.1905
937.00,36.1626
937.50,36.1283
938.00,36.1082
938.50,36.1125
939.00,36.1358
939.50,36.1633
940.00,36.1811
940.50,36.1788
941.00,36.1467
941.50,36.0777
942.00,35.9786
942.50,35.8760
943.00,35.8051
943.50,35.7883
944.00,35.8216
944.50,35.8790
945.00,35.9304
945.50,35.9605
946.00,35.9760
946.50,35.9968
947.00,36.0388
947.50,36.1025
948.00,36.1718
948.50,36.2242
949.00,36.2431
949.50,36.2271
950.00,36.1871
950.50,36.1374
951.00,36.0871
951.50,36.0389
952.00,35.9929
952.50,35.9488
953.00,35.9041
953.50,35.8514
954.00,35.7824
954.50,35.6961
955.00,35.6074
955.50,35.5439
956.00,35.5289
956.50,35.5640
957.00,35.6272
957.50,35.6908
958.00,35.7430
958.50,35.7946
959.00,35.8660
959.50,35.9651
960.00,36.0750
960.50,36.1614
961.00,36.1954
961.50,36.1753
962.00,36.1278
962.50,36.0889
963.00,36.0783
963.50,36.0888
964.00,36.0961
964.50,36.0795
965.00,36.0372
965.50,35.9835
966.00,35.9368
966.50,35.9066
967.00,35.8923
967.50,35.8891
968.00,35.8926
968.50,35.8984
969.00,35.9017
969.50,35.8997
970.00,35.8955
970.50,35.8976
971.00,35.9157
971.50,35.9571
972.00,36.0250
972.50,36.1154
973.00,36.2140
973.50,36.2992
974.00,36.3539
974.50,36.3767
975.00,36.3801
975.50,36.3784
976.00,36.3739
976.50,36.3584
977.00,36.3267
977.50,36.2869
978.00,36.2536
978.50,36.2324
979.00,36.2141
979.50,36.1855
980.00,36.1428
980.50,36.0929
981.00,36.0424
981.50,35.9913
982.00,35.9399
982.50,35.9003
983.00,35.8942
983.50,35.9350
984.00,36.0109
984.50,36.0882
985.00,36.1311
985.50,36.1235
986.00,36.0751
986.50,36.0120
987.00,35.9609
987.50,35.9362
988.00,35.9398
988.50,35.9664
989.00,36.0073
989.50,36.0513
990.00,36.0860
990.50,36.1033
991.00,36.1057
991.50,36.1069
992.00,36.1231
992.50,36.1589
993.00,36.1972
993.50,36.2061
994.00,36.1592
994.50,36.0561
995.00,35.9256
995.50,35.8104
996.00,35.7447
996.50,35.7387
997.00,35.7788
997.50,35.8407
998.00,35.9048
998.50,35.9626
999.00,36.0121
999.50,36.0509
1000.00,36.0714
1000.50,36.0625
1001.00,36.0158
1001.50,35.9349
1002.00,35.8395
1002.50,35.7582
1003.00,35.7143
1003.50,35.7147
1004.00,35.7503
1004.50,35.8060
1005.00,35.8705
1005.50,35.9397
1006.00,36.0133
1006.50,36.0917
1007.00,36.1736
1007.50,36.2528
1008.00,36.3161
1008.50,36.3489
1009.00,36.3470
1009.50,36.3240
1010.00,36.3052
1010.50,36.3135
1011.00,36.3610
1011.50,36.4454
1012.00,36.5504
1012.50,36.6434
1013.00,36.6826
1013.50,36.6377
1014.00,36.5128
1014.50,36.3492
1015.00,36.2011
1015.50,36.1003
1016.00,36.0403
1016.50,35.9894
1017.00,35.9206
1017.50,35.8317
1018.00,35.7433
1018.50,35.6815
1019.00,35.6624
1019.50,35.6898
1020.00,35.7570
1020.50,35.8501
1021.00,35.9499
1021.50,36.0381
1022.00,36.1029
1022.50,36.1397
1023.00,36.1497
1023.50,36.1389
1024.00,36.1194
1024.50,36.1055
1025.00,36.1077
1025.50,36.1276
1026.00,36.1582
1026.50,36.1893
1027.00,36.2142
1027.50,36.2334
1028.00,36.2544
1028.50,36.2850
1029.00,36.3273
1029.50,36.3724
1030.00,36.4018
1030.50,36.3950
1031.00,36.3432
1031.50,36.2588
1032.00,36.1690
1032.50,36.0991
1033.00,36.0580
1033.50,36.0352
1034.00,36.0111
1034.50,35.9739
1035.00,35.9302
1035.50,35.9030
1036.00,35.9164
1036.50,35.9807
1037.00,36.0866
1037.50,36.2083
1038.00,36.3143
1038.50,36.3807
1039.00,36.4012
1039.50,36.3857
1040.00,36.3517
1040.50,36.3169
1041.00,36.2940
1041.50,36.2836
1042.00,36.2713
1042.50,36.2357
1043.00,36.1668
1043.50,36.0793
1044.00,36.0072
1044.50,35.9827
1045.00,36.0150
1045.50,36.0835
1046.00,36.1488
1046.50,36.1770
1047.00,36.1594
1047.50,36.1121
1048.00,36.0574
1048.50,36.0063
1049.00,35.9596
1049.50,35.9214
1050.00,35.9054
1050.50,35.9251
1051.00,35.9754
1051.50,36.0279
1052.00,36.0473
1052.50,36.0166
1053.00,35.9491
1053.50,35.8754
1054.00,35.8174
1054.50,35.7764
1055.00,35.7433
1055.50,35.7157
1056.00,35.7009
1056.50,35.7050
1057.00,35.7233
1057.50,35.7426
1058.00,35.7504
1058.50,35.7430
1059.00,35.7279
1059.50,35.7199
1060.00,35.7312
1060.50,35.7631
1061.00,35.8068
1061.50,35.8506
1062.00,35.8844
1062.50,35.8980
1063.00,35.8832
1063.50,35.8409
1064.00,35.7851
1064.50,35.7370
1065.00,35.7140
1065.50,35.7236
1066.00,35.7640
1066.50,35.8228
1067.00,35.8802
1067.50,35.9191
1068.00,35.9399
1068.50,35.9643
1069.00,36.0202
1069.50,36.1224
1070.00,36.2632
1070.50,36.4172
1071.00,36.5510
1071.50,36.6360
1072.00,36.6600
1072.50,36.6336
1073.00,36.5831
1073.50,36.5321
1074.00,36.4864
1074.50,36.4346
1075.00,36.3624
1075.50,36.2655
1076.00,36.1534
1076.50,36.0445
1077.00,35.9591
1077.50,35.9115
1078.00,35.9041
1078.50,35.9277
1079.00,35.9696
1079.50,36.0235
1080.00,36.0927
1080.50,36.1818
1081.00,36.2851
1081.50,36.3793
1082.00,36.4328
1082.50,36.4253
1083.00,36.3610
1083.50,36.2636
1084.00,36.1586
1084.50,36.0631
1085.00,35.9856
1085.50,35.9293
1086.00,35.8911
1086.50,35.8651
1087.00,35.8502
1087.50,35.8531
1088.00,35.8783
1088.50,35.9128
1089.00,35.9271
1089.50,35.8939
1090.00,35.8103
1090.50,35.7002
1091.00,35.5993
1091.50,35.5341
1092.00,35.5116
1092.50,35.5221
1093.00,35.5504
1093.50,35.5863
1094.00,35.6293
1094.50,35.6850
1095.00,35.7592
1095.50,35.8497
1096.00,35.9393
1096.50,35.9978
1097.00,36.0006
1097.50,35.9520
1098.00,35.8892
1098.50,35.8574
1099.00,35.8776
1099.50,35.9361
1100.00,36.0021
1100.50,36.0516
1101.00,36.0759
1101.50,36.0760
1102.00,36.0567
1102.50,36.0264
1103.00,35.9959
1103.50,35.9721
1104.00,35.9542
1104.50,35.9401
1105.00,35.9398
1105.50,35.9778
1106.00,36.0748
1106.50,36.2202
1107.00,36.3652
1107.50,36.4492
1108.00,36.4416
1108.50,36.3617
1109.00,36.2597
1109.50,36.1778
1110.00,36.1277
1110.50,36.1006
1111.00,36.0871
1111.50,36.0862
1112.00,36.0976
1112.50,36.1162
1113.00,36.1365
1113.50,36.1601
1114.00,36.1924
1114.50,36.2265
1115.00,36.2369
1115.50,36.1950
1116.00,36.0949
1116.50,35.9636
1117.00,35.8437
1117.50,35.7649
1118.00,35.7267
1118.50,35.7043
1119.00,35.6682
1119.50,35.6041
1120.00,35.5197
1120.50,35.4370
1121.00,35.3770
1121.50,35.3491
1122.00,35.3525
1122.50,35.3829
1123.00,35.4347
1123.50,35.4991
1124.00,35.5639
1124.50,35.6164
1125.00,35.6495
1125.50,35.6659
1126.00,35.6800
1126.50,35.7107
1127.00,35.7668
1127.50,35.8370
1128.00,35.8966
1128.50,35.9269
1129.00,35.9293
1129.50,35.9215
1130.00,35.9239
1130.50,35.9439
1131.00,35.9737
1131.50,36.0005
1132.00,36.0242
1132.50,36.0619
1133.00,36.1322
1133.50,36.2314
1134.00,36.3279
1134.50,36.3849
1135.00,36.3898
1135.50,36.3640
1136.00,36.3444
1136.50,36.3544
1137.00,36.3876
1137.50,36.4154
1138.00,36.4100
1138.50,36.3628
1139.00,36.2844
1139.50,36.1905
1140.00,36.0907
1140.50,35.9916
1141.00,35.9078
1141.50,35.8604
1142.00,35.8615
1142.50,35.9028
1143.00,35.9638
1143.50,36.0291
1144.00,36.0916
1144.50,36.1424
1145.00,36.1664
1145.50,36.1532
1146.00,36.1082
1146.50,36.0493
1147.00,35.9955
1147.50,35.9609
1148.00,35.9547
1148.50,35.9776
1149.00,36.0181
1149.50,36.0553
1150.00,36.0710
1150.50,36.0597
1151.00,36.0284
1151.50,35.9891
1152.00,35.9531
1152.50,35.9267
1153.00,35.9111
1153.50,35.9050
1154.00,35.9090
1154.50,35.9274
1155.00,35.9639
1155.50,36.0137
1156.00,36.0605
1156.50,36.0812
1157.00,36.0580
1157.50,35.9887
1158.00,35.8890
1158.50,35.7863
1159.00,35.7096
1159.50,35.6777
1160.00,35.6923
1160.50,35.7393
1161.00,35.7968
1161.50,35.8461
1162.00,35.8768
1162.50,35.8877
1163.00,35.8847
1163.50,35.8792
1164.00,35.8811
1164.50,35.8917
1165.00,35.9022
1165.50,35.9009
1166.00,35.8802
1166.50,35.8377
1167.00,35.7787
1167.50,35.7203
1168.00,35.6882
1168.50,35.7010
1169.00,35.7537
1169.50,35.8179
1170.00,35.8601
1170.50,35.8606
1171.00,35.8169
1171.50,35.7403
1172.00,35.6519
1172.50,35.5792
1173.00,35.5448
1173.50,35.5518
1174.00,35.5829
1174.50,35.6170
1175.00,35.6479
1175.50,35.6835
1176.00,35.7302
1176.50,35.7796
1177.00,35.8145
1177.50,35.8238
1178.00,35.8112
1178.50,35.7888
1179.00,35.7690
1179.50,35.7612
1180.00,35.7731
1180.50,35.8082
1181.00,35.8612
1181.50,35.9160
1182.00,35.9500
1182.50,35.9461
1183.00,35.9066
1183.50,35.8538
1184.00,35.8163
1184.50,35.8088
1185.00,35.8241
1185.50,35.8436
1186.00,35.8536
1186.50,35.8562
1187.00,35.8654
1187.50,35.8967
1188.00,35.9550
1188.50,36.0281
1189.00,36.0905
1189.50,36.1170
1190.00,36.0994
1190.50,36.0527
1191.00,36.0030
1191.50,35.9692
1192.00,35.9500
1192.50,35.9295
1193.00,35.8953
1193.50,35.8523
1194.00,35.8196
1194.50,35.8139
1195.00,35.8359
1195.50,35.8731
1196.00,35.9105
1196.50,35.9372
1197.00,35.9445
1197.50,35.9261
1198.00,35.8823
1198.50,35.8249
1199.00,35.7729
1199.50,35.7425
1200.00,35.7397
1200.50,35.7603
1201.00,35.7955
1201.50,35.8378
1202.00,35.8826
1202.50,35.9251
1203.00,35.9591
1203.50,35.9809
1204.00,35.9942
1204.50,36.0057
1205.00,36.0130
1205.50,35.9988
1206.00,35.9405
1206.50,35.8311
1207.00,35.6905
1207.50,35.5578
1208.00,35.4682
1208.50,35.4359
1209.00,35.4515
1209.50,35.4942
1210.00,35.5470
1210.50,35.6048
1211.00,35.6712
1211.50,35.7474
1212.00,35.8241
1212.50,35.8831
1213.00,35.9115
1213.50,35.9154
1214.00,35.9173
1214.50,35.9357
1215.00,35.9660
1215.50,35.9852
1216.00,35.9765
1216.50,35.9445
1217.00,35.9095
1217.50,35.8872
1218.00,35.8777
1218.50,35.8680
1219.00,35.8472
1219.50,35.8202
1220.00,35.8090
1220.50,35.8389
1221.00,35.9181
1221.50,36.0286
1222.00,36.1336
1222.50,36.1940
1223.00,36.1882
1223.50,36.1244
1224.00,36.0397
1224.50,35.9782
1225.00,35.9590
1225.50,35.9624
1226.00,35.9482
1226.50,35.8884
1227.00,35.7859
1227.50,35.6668
1228.00,35.5634
1228.50,35.5034
1229.00,35.5032
1229.50,35.5609
1230.00,35.6541
1230.50,35.7505
1231.00,35.8287
1231.50,35.8904
1232.00,35.9491
1232.50,36.0085
1233.00,36.0529
1233.50,36.0592
1234.00,36.0143
1234.50,35.9227
1235.00,35.8009
1235.50,35.6701
1236.00,35.5540
1236.50,35.4773
1237.00,35.4582
1237.50,35.4990
1238.00,35.5838
1238.50,35.6893
1239.00,35.7985
1239.50,35.9051
1240.00,36.0049
1240.50,36.0837
1241.00,36.1179
1241.50,36.0916
1242.00,36.0151
1242.50,35.9250
1243.00,35.8618
1243.50,35.8453
1244.00,35.8655
1244.50,35.8939
1245.00,35.9047
1245.50,35.8910
1246.00,35.8654
1246.50,35.8472
1247.00,35.8489
1247.50,35.8711
1248.00,35.9044
1248.50,35.9354
1249.00,35.9527
1249.50,35.9520
1250.00,35.9369
1250.50,35.9150
1251.00,35.8921
1251.50,35.8692
1252.00,35.8442
1252.50,35.8173
1253.00,35.7976
1253.50,35.8033
1254.00,35.8527
1254.50,35.9518
1255.00,36.0889
1255.50,36.2401
1256.00,36.3782
1256.50,36.4793
1257.00,36.5240
1257.50,36.5005
1258.00,36.4122
1258.50,36.2814
1259.00,36.1430
1259.50,36.0310
1260.00,35.9700
1260.50,35.9759
1261.00,36.0568
1261.50,36.2091
1262.00,36.4145
1262.50,36.6475
1263.00,36.8858
1263.50,37.1160
1264.00,37.3313
1264.50,37.5281
1265.00,37.7031
1265.50,37.8519
1266.00,37.9704
1266.50,38.0592
1267.00,38.1258
1267.50,38.1825
1268.00,38.2422
1268.50,38.3148
1269.00,38.4024
1269.50,38.4935
1270.00,38.5631
1270.50,38.5869
1271.00,38.5576
1271.50,38.4901
1272.00,38.4092
1272.50,38.3334
1273.00,38.2692
1273.50,38.2150
1274.00,38.1665
1274.50,38.1201
1275.00,38.0749
1275.50,38.0335
1276.00,37.9997
1276.50,37.9751
1277.00,37.9599
1277.50,37.9562
1278.00,37.9659
1278.50,37.9847
1279.00,37.9987
1279.50,37.9923
1280.00,37.9614
1280.50,37.9183
1281.00,37.8840
1281.50,37.8736
1282.00,37.8893
1282.50,37.9216
1283.00,37.9545
1283.50,37.9732
1284.00,37.9740
1284.50,37.9710
1285.00,37.9878
1285.50,38.0373
1286.00,38.1066
1286.50,38.1641
1287.00,38.1834
1287.50,38.1644
1288.00,38.1323
1288.50,38.1148
1289.00,38.1181
1289.50,38.1255
1290.00,38.1183
1290.50,38.0957
1291.00,38.0766
1291.50,38.0824
1292.00,38.1233
1292.50,38.1959
1293.00,38.2876
1293.50,38.3788
1294.00,38.4466
1294.50,38.4734
1295.00,38.4543
1295.50,38.3964
1296.00,38.3116
1296.50,38.2111
1297.00,38.1079
1297.50,38.0184
1298.00,37.9560
1298.50,37.9207
1299.00,37.8973
1299.50,37.8695
1300.00,37.8352
1300.50,37.8073
1301.00,37.7974
1301.50,37.8005
1302.00,37.7954
1302.50,37.7629
1303.00,37.7013
1303.50,37.6273
1304.00,37.5637
1304.50,37.5280
1305.00,37.5271
1305.50,37.5569
1306.00,37.6051
1306.50,37.6589
1307.00,37.7141
1307.50,37.7768
1308.00,37.8544
1308.50,37.9419
1309.00,38.0170
1309.50,38.0511
1310.00,38.0296
1310.50,37.9646
1311.00,37.8875
1311.50,37.8255
1312.00,37.7847
1312.50,37.7573
1313.00,37.7395
1313.50,37.7386
1314.00,37.7627
1314.50,37.8100
1315.00,37.8703
1315.50,37.9295
1316.00,37.9715
1316.50,37.9794
1317.00,37.9449
1317.50,37.8784
1318.00,37.8070
1318.50,37.7591
1319.00,37.7467
1319.50,37.7588
1320.00,37.7699
1320.50,37.7593
1321.00,37.7277
1321.50,37.6960
1322.00,37.6856
1322.50,37.6984
1323.00,37.7185
1323.50,37.7308
1324.00,37.7358
1324.50,37.7414
1325.00,37.7482
1325.50,37.7472
1326.00,37.7329
1326.50,37.7149
1327.00,37.7143
1327.50,37.7498
1328.00,37.8272
1328.50,37.9342
1329.00,38.0443
1329.50,38.1299
1330.00,38.1773
1330.50,38.1930
1331.00,38.1930
1331.50,38.1879
1332.00,38.1763
1332.50,38.1530
1333.00,38.1183
1333.50,38.0801
1334.00,38.0476
1334.50,38.0256
1335.00,38.0148
1335.50,38.0162
1336.00,38.0331
1336.50,38.0667
1337.00,38.1133
1337.50,38.1665
1338.00,38.2206
1338.50,38.2706
1339.00,38.3087
1339.50,38.3272
1340.00,38.3266
1340.50,38.3184
1341.00,38.3157
1341.50,38.3233
1342.00,38.3379
1342.50,38.3569
1343.00,38.3809
1343.50,38.4067
1344.00,38.4238
1344.50,38.4218
1345.00,38.3995
1345.50,38.3669
1346.00,38.3408
1346.50,38.3359
1347.00,38.3591
1347.50,38.4065
1348.00,38.4670
1348.50,38.5293
1349.00,38.5863
1349.50,38.6329
1350.00,38.6636
1350.50,38.6742
1351.00,38.6684
1351.50,38.6585
1352.00,38.6593
1352.50,38.6783
1353.00,38.7138
1353.50,38.7591
1354.00,38.8089
1354.50,38.8592
1355.00,38.9026
1355.50,38.9274
1356.00,38.9240
1356.50,38.8923
1357.00,38.8435
1357.50,38.7940
1358.00,38.7584
1358.50,38.7450
1359.00,38.7534
1359.50,38.7761
1360.00,38.8011
1360.50,38.8167
1361.00,38.8163
1361.50,38.7999
1362.00,38.7721
1362.50,38.7395
1363.00,38.7084
1363.50,38.6834
1364.00,38.6663
1364.50,38.6554
1365.00,38.6466
1365.50,38.6372
1366.00,38.6311
1366.50,38.6388
1367.00,38.6695
1367.50,38.7199
1368.00,38.7711
1368.50,38.7996
1369.00,38.7950
1369.50,38.7680
1370.00,38.7392
1370.50,38.7229
1371.00,38.7186
1371.50,38.7180
1372.00,38.7158
1372.50,38.7160
1373.00,38.7284
1373.50,38.7610
1374.00,38.8121
1374.50,38.8681
1375.00,38.9103
1375.50,38.9249
1376.00,38.9068
1376.50,38.8576
1377.00,38.7855
1377.50,38.7095
1378.00,38.6575
1378.50,38.6521
1379.00,38.6958
1379.50,38.7709
1380.00,38.8541
1380.50,38.9326
1381.00,39.0059
1381.50,39.0756
1382.00,39.1328
1382.50,39.1588
1383.00,39.1376
1383.50,39.0694
1384.00,38.9691
1384.50,38.8539
1385.00,38.7357
1385.50,38.6223
1386.00,38.5198
1386.50,38.4303
1387.00,38.3527
1387.50,38.2881
1388.00,38.2427
1388.50,38.2207
1389.00,38.2164
1389.50,38.2161
1390.00,38.2078
1390.50,38.1886
1391.00,38.1627
1391.50,38.1383
1392.00,38.1254
1392.50,38.1343
1393.00,38.1687
1393.50,38.2194
1394.00,38.2667
1394.50,38.2911
1395.00,38.2862
1395.50,38.2622
1396.00,38.2388
1396.50,38.2355
1397.00,38.2651
1397.50,38.3285
1398.00,38.4126
1398.50,38.4967
1399.00,38.5652
1399.50,38.6162
1400.00,38.6545
1400.50,38.6784
1401.00,38.6749
1401.50,38.6291
1402.00,38.5378
1402.50,38.4155
1403.00,38.2895
1403.50,38.1867
1404.00,38.1215
1404.50,38.0912
1405.00,38.0845
1405.50,38.0908
1406.00,38.1045
1406.50,38.1207
1407.00,38.1344
1407.50,38.1468
1408.00,38.1704
1408.50,38.2182
1409.00,38.2866
1409.50,38.3515
1410.00,38.3866
1410.50,38.3848
1411.00,38.3615
1411.50,38.3392
1412.00,38.3316
1412.50,38.3367
1413.00,38.3419
1413.50,38.3316
1414.00,38.2938
1414.50,38.2267
1415.00,38.1414
1415.50,38.0563
1416.00,37.9853
1416.50,37.9309
1417.00,37.8892
1417.50,37.8591
1418.00,37.8409
1418.50,37.8301
1419.00,37.8174
1419.50,37.7973
1420.00,37.7743
1420.50,37.7571
1421.00,37.7486
1421.50,37.7449
1422.00,37.7415
1422.50,37.7368
1423.00,37.7288
1423.50,37.7128
1424.00,37.6861
1424.50,37.6537
1425.00,37.6229
1425.50,37.5933
1426.00,37.5545
1426.50,37.4985
1427.00,37.4347
1427.50,37.3899
1428.00,37.3908
1428.50,37.4447
1429.00,37.5334
1429.50,37.6236
1430.00,37.6844
1430.50,37.7003
1431.00,37.6735
1431.50,37.6210
1432.00,37.5653
1432.50,37.5257
1433.00,37.5099
1433.50,37.5142
1434.00,37.5305
1434.50,37.5560
1435.00,37.5989
1435.50,37.6746
1436.00,37.7927
1436.50,37.9401
1437.00,38.0768
1437.50,38.1522
1438.00,38.1355
1438.50,38.0373
1439.00,37.9008
1439.50,37.7677
1440.00,37.6519
1440.50,37.5443
1441.00,37.4372
1441.50,37.3383
1442.00,37.2616
1442.50,37.2137
1443.00,37.1926
1443.50,37.1965
1444.00,37.2278
1444.50,37.2859
1445.00,37.3599
1445.50,37.4314
1446.00,37.4842
1446.50,37.5141
1447.00,37.5276
1447.50,37.5357
1448.00,37.5440
1448.50,37.5473
1449.00,37.5333
1449.50,37.4937
1450.00,37.4322
1450.50,37.3645
1451.00,37.3071
1451.50,37.2691
1452.00,37.2497
1452.50,37.2414
1453.00,37.2338
1453.50,37.2173
1454.00,37.1893
1454.50,37.1596
1455.00,37.1438
1455.50,37.1468
1456.00,37.1520
1456.50,37.1329
1457.00,37.0795
1457.50,37.0108
1458.00,36.9605
1458.50,36.9509
1459.00,36.9812
1459.50,37.0337
1460.00,37.0859
1460.50,37.1182
1461.00,37.1167
1461.50,37.0777
1462.00,37.0120
1462.50,36.9432
1463.00,36.8977
1463.50,36.8924
1464.00,36.9271
1464.50,36.9875
1465.00,37.0538
1465.50,37.1127
1466.00,37.1635
1466.50,37.2148
1467.00,37.2740
1467.50,37.3393
1468.00,37.3997
1468.50,37.4403
1469.00,37.4482
1469.50,37.4179
1470.00,37.3542
1470.50,37.2722
1471.00,37.1906
1471.50,37.1234
1472.00,37.0729
1472.50,37.0312
1473.00,36.9884
1473.50,36.9411
1474.00,36.8937
1474.50,36.8532
1475.00,36.8219
1475.50,36.7952
1476.00,36.7634
1476.50,36.7151
1477.00,36.6450
1477.50,36.5633
1478.00,36.4995
1478.50,36.4890
1479.00,36.5506
1479.50,36.6713
1480.00,36.8136
1480.50,36.9377
1481.00,37.0233
1481.50,37.0773
1482.00,37.1204
1482.50,37.1650
1483.00,37.2016
1483.50,37.2070
1484.00,37.1659
1484.50,37.0857
1485.00,36.9934
1485.50,36.9179
1486.00,36.8745
1486.50,36.8583
1487.00,36.8528
1487.50,36.8453
1488.00,36.8404
1488.50,36.8580
1489.00,36.9187
1489.50,37.0252
1490.00,37.1536
1490.50,37.2638
1491.00,37.3225
1491.50,37.3224
1492.00,37.2802
1492.50,37.2187
1493.00,37.1506
1493.50,37.0798
1494.00,37.0113
1494.50,36.9552
1495.00,36.9229
1495.50,36.9196
1496.00,36.9430
1496.50,36.9849
1497.00,37.0330
1497.50,37.0717
1498.00,37.0856
1498.50,37.0664
1499.00,37.0193
1499.50,36.9603
1500.00,36.9059
1500.50,36.8648
1501.00,36.8369
1501.50,36.8178
1502.00,36.8014
1502.50,36.7819
1503.00,36.7589
1503.50,36.7433
1504.00,36.7542
1504.50,36.8054
1505.00,36.8905
1505.50,36.9806
1506.00,37.0392
1506.50,37.0427
1507.00,36.9938
1507.50,36.9181
1508.00,36.8469
1508.50,36.7982
1509.00,36.7705
1509.50,36.7500
1510.00,36.7209
1510.50,36.6732
1511.00,36.6075
1511.50,36.5388
1512.00,36.4914
1512.50,36.4843
1513.00,36.5158
1513.50,36.5631
1514.00,36.5961
1514.50,36.5947
1515.00,36.5588
1515.50,36.5071
1516.00,36.4671
1516.50,36.4604
1517.00,36.4896
1517.50,36.5391
1518.00,36.5885
1518.50,36.6265
1519.00,36.6501
1519.50,36.6557
1520.00,36.6372
1520.50,36.5936
1521.00,36.5333
1521.50,36.4690
1522.00,36.4106
1522.50,36.3664
1523.00,36.3441
1523.50,36.3456
1524.00,36.3607
1524.50,36.3767
1525.00,36.3919
1525.50,36.4164
1526.00,36.4568
1526.50,36.5048
1527.00,36.5473
1527.50,36.5820
1528.00,36.6168
1528.50,36.6552
1529.00,36.6882
1529.50,36.7043
1530.00,36.7023
1530.50,36.6916
1531.00,36.6830
1531.50,36.6825
1532.00,36.6907
1532.50,36.7030
1533.00,36.7085
1533.50,36.6952
1534.00,36.6627
1534.50,36.6285
1535.00,36.6201
1535.50,36.6534
1536.00,36.7156
1536.50,36.7657
1537.00,36.7564
1537.50,36.6628
1538.00,36.5013
1538.50,36.3232
1539.00,36.1896
1539.50,36.1403
1540.00,36.1782
1540.50,36.2743
1541.00,36.3854
1541.50,36.4713
1542.00,36.5075
1542.50,36.4930
1543.00,36.4508
1543.50,36.4127
1544.00,36.3990
1544.50,36.4073
1545.00,36.4215
1545.50,36.4306
1546.00,36.4385
1546.50,36.4588
1547.00,36.4997
1547.50,36.5533
1548.00,36.5955
1548.50,36.6004
1549.00,36.5579
1549.50,36.4823
1550.00,36.3995
1550.50,36.3253
1551.00,36.2559
1551.50,36.1809
1552.00,36.1006
1552.50,36.0307
1553.00,35.9915
1553.50,35.9952
1554.00,36.0411
1554.50,36.1172
1555.00,36.2041
1555.50,36.2805
1556.00,36.3291
1556.50,36.3414
1557.00,36.3193
1557.50,36.2717
1558.00,36.2109
1558.50,36.1483
1559.00,36.0920
1559.50,36.0462
1560.00,36.0149
1560.50,36.0070
1561.00,36.0377
1561.50,36.1219
1562.00,36.2582
1562.50,36.4191
1563.00,36.5600
1563.50,36.6449
1564.00,36.6675
1564.50,36.6507
1565.00,36.6256
1565.50,36.6130
1566.00,36.6161
1566.50,36.6251
1567.00,36.6275
1567.50,36.6156
1568.00,36.5897
1568.50,36.5556
1569.00,36.5198
1569.50,36.4883
1570.00,36.4654
1570.50,36.4518
1571.00,36.4413
1571.50,36.4237
1572.00,36.3916
1572.50,36.3492
1573.00,36.3127
1573.50,36.2999
1574.00,36.3173
1574.50,36.3566
1575.00,36.4058
1575.50,36.4598
1576.00,36.5162
1576.50,36.5641
1577.00,36.5833
1577.50,36.5612
1578.00,36.5057
1578.50,36.4403
1579.00,36.3870
1579.50,36.3565
1580.00,36.3499
1580.50,36.3661
1581.00,36.4044
1581.50,36.4618
1582.00,36.5292
1582.50,36.5930
1583.00,36.6400
1583.50,36.6636
1584.00,36.6630
1584.50,36.6399
1585.00,36.5978
1585.50,36.5456
1586.00,36.4984
1586.50,36.4714
1587.00,36.4742
1587.50,36.5086
1588.00,36.5703
1588.50,36.6501
1589.00,36.7380
1589.50,36.8292
1590.00,36.9261
1590.50,37.0316
1591.00,37.1381
1591.50,37.2252
1592.00,37.2693
1592.50,37.2578
1593.00,37.1965
1593.50,37.1074
1594.00,37.0200
1594.50,36.9596
1595.00,36.9378
1595.50,36.9496
1596.00,36.9790
1596.50,37.0098
1597.00,37.0320
1597.50,37.0413
1598.00,37.0355
1598.50,37.0173
1599.00,37.0017
1599.50,37.0155
1600.00,37.0839
1600.50,37.2124
1601.00,37.3778
1601.50,37.5367
1602.00,37.6450
1602.50,37.6783
1603.00,37.6420
1603.50,37.5653
1604.00,37.4840
1604.50,37.4259
1605.00,37.4058
1605.50,37.4281
1606.00,37.4883
1606.50,37.5723
1607.00,37.6589
1607.50,37.7281
1608.00,37.7704
1608.50,37.7891
1609.00,37.7935
1609.50,37.7917
1610.00,37.7926
1610.50,37.8109
1611.00,37.8640
1611.50,37.9586
1612.00,38.0813
1612.50,38.2053
1613.00,38.3063
1613.50,38.3771
1614.00,38.4306
1614.50,38.4931
1615.00,38.5908
1615.50,38.7350
1616.00,38.9124
1616.50,39.0891
1617.00,39.2307
1617.50,39.3244
1618.00,39.3847
1618.50,39.4345
1619.00,39.4819
1619.50,39.5158
1620.00,39.5229
1620.50,39.5057
1621.00,39.4819
1621.50,39.4671
1622.00,39.4616
1622.50,39.4533
1623.00,39.4299
1623.50,39.3884
1624.00,39.3335
1624.50,39.2739
1625.00,39.2187
1625.50,39.1735
1626.00,39.1375
1626.50,39.1038
1627.00,39.0653
1627.50,39.0174
1628.00,38.9565
1628.50,38.8757
1629.00,38.7665
1629.50,38.6243
1630.00,38.4554
1630.50,38.2759
1631.00,38.1049
1631.50,37.9553
1632.00,37.8296
1632.50,37.7208
1633.00,37.6158
1633.50,37.5028
1634.00,37.3772
1634.50,37.2455
1635.00,37.1225
1635.50,37.0243
1636.00,36.9620
1636.50,36.9389
1637.00,36.9489
1637.50,36.9778
1638.00,37.0068
1638.50,37.0188
1639.00,37.0028
1639.50,36.9574
1640.00,36.8915
1640.50,36.8207
1641.00,36.7572
1641.50,36.7021
1642.00,36.6482
1642.50,36.5921
1643.00,36.5415
1643.50,36.5101
1644.00,36.5052
1644.50,36.5226
1645.00,36.5544
1645.50,36.5984
1646.00,36.6553
1646.50,36.7184
1647.00,36.7703
1647.50,36.7930
1648.00,36.7819
1648.50,36.7521
1649.00,36.7322
1649.50,36.7499
1650.00,36.8180
1650.50,36.9280
1651.00,37.0589
1651.50,37.1916
1652.00,37.3147
1652.50,37.4189
1653.00,37.4943
1653.50,37.5377
1654.00,37.5624
1654.50,37.5927
1655.00,37.6457
1655.50,37.7202
1656.00,37.8033
1656.50,37.8836
1657.00,37.9538
1657.50,38.0039
1658.00,38.0220
1658.50,38.0076
1659.00,37.9851
1659.50,37.9928
1660.00,38.0513
1660.50,38.1395
1661.00,38.2050
1661.50,38.2018
1662.00,38.1224
1662.50,37.9987
1663.00,37.8785
1663.50,37.8018
1664.00,37.7886
1664.50,37.8379
1665.00,37.9324
1665.50,38.0444
1666.00,38.1445
1666.50,38.2122
1667.00,38.2415
1667.50,38.2404
1668.00,38.2236
1668.50,38.2043
1669.00,38.1861
1669.50,38.1576
1670.00,38.0955
1670.50,37.9814
1671.00,37.8230
1671.50,37.6618
1672.00,37.5520
1672.50,37.5235
1673.00,37.5591
1673.50,37.6048
1674.00,37.6061
1674.50,37.5404
1675.00,37.4241
1675.50,37.2949
1676.00,37.1862
1676.50,37.1117
1677.00,37.0630
1677.50,37.0174
1678.00,36.9502
1678.50,36.8468
1679.00,36.7095
1679.50,36.5552
1680.00,36.4067
1680.50,36.2834
1681.00,36.1932
1681.50,36.1315
1682.00,36.0876
1682.50,36.0521
1683.00,36.0215
1683.50,35.9968
1684.00,35.9771
1684.50,35.9554
1685.00,35.9209
1685.50,35.8697
1686.00,35.8136
1686.50,35.7758
1687.00,35.7734
1687.50,35.8020
1688.00,35.8392
1688.50,35.8617
1689.00,35.8592
1689.50,35.8380
1690.00,35.8161
1690.50,35.8136
1691.00,35.8405
1691.50,35.8896
1692.00,35.9421
1692.50,35.9830
1693.00,36.0081
1693.50,36.0177
1694.00,36.0049
1694.50,35.9581
1695.00,35.8736
1695.50,35.7634
1696.00,35.6488
1696.50,35.5456
1697.00,35.4564
1697.50,35.3738
1698.00,35.2887
1698.50,35.1986
1699.00,35.1098
1699.50,35.0353
1700.00,34.9913
1700.50,34.9892
1701.00,35.0267
1701.50,35.0854
1702.00,35.1387
1702.50,35.1687
1703.00,35.1761
1703.50,35.1766
1704.00,35.1855
1704.50,35.2034
1705.00,35.2128
1705.50,35.1901
1706.00,35.1233
1706.50,35.0211
1707.00,34.9049
1707.50,34.7934
1708.00,34.6950
1708.50,34.6112
1709.00,34.5443
1709.50,34.5005
1710.00,34.4886
1710.50,34.5125
1711.00,34.5635
1711.50,34.6204
1712.00,34.6599
1712.50,34.6696
1713.00,34.6521
1713.50,34.6193
1714.00,34.5864
1714.50,34.5687
1715.00,34.5738
1715.50,34.5925
1716.00,34.6001
1716.50,34.5711
1717.00,34.4973
1717.50,34.3932
1718.00,34.2860
1718.50,34.2011
1719.00,34.1535
1719.50,34.1451
1720.00,34.1657
1720.50,34.1972
1721.00,34.2220
1721.50,34.2323
1722.00,34.2352
1722.50,34.2451
1723.00,34.2691
1723.50,34.2989
1724.00,34.3204
1724.50,34.3314
1725.00,34.3476
1725.50,34.3883
1726.00,34.4582
1726.50,34.5437
1727.00,34.6265
1727.50,34.6977
1728.00,34.7581
1728.50,34.8078
1729.00,34.8394
1729.50,34.8447
1730.00,34.8274
1730.50,34.8056
1731.00,34.7970
1731.50,34.8066
1732.00,34.8271
1732.50,34.8493
1733.00,34.8679
1733.50,34.8802
1734.00,34.8854
1734.50,34.8878
1735.00,34.8961
1735.50,34.9158
1736.00,34.9415
1736.50,34.9594
1737.00,34.9597
1737.50,34.9458
1738.00,34.9310
1738.50,34.9278
1739.00,34.9391
1739.50,34.9579
1740.00,34.9731
1740.50,34.9795
1741.00,34.9850
1741.50,35.0064
1742.00,35.0507
1742.50,35.1042
1743.00,35.1421
1743.50,35.1526
1744.00,35.1474
1744.50,35.1496
1745.00,35.1743
1745.50,35.2229
1746.00,35.2890
1746.50,35.3669
1747.00,35.4523
1747.50,35.5416
1748.00,35.6321
1748.50,35.7240
1749.00,35.8205
1749.50,35.9229
1750.00,36.0264
1750.50,36.1213
1751.00,36.2021
1751.50,36.2763
1752.00,36.3628
1752.50,36.4818
1753.00,36.6442
1753.50,36.8476
1754.00,37.0787
1754.50,37.3175
1755.00,37.5455
1755.50,37.7564
1756.00,37.9608
1756.50,38.1783
1757.00,38.4215
1757.50,38.6884
1758.00,38.9674
1758.50,39.2480
1759.00,39.5307
1759.50,39.8289
1760.00,40.1635
1760.50,40.5488
1761.00,40.9798
1761.50,41.4333
1762.00,41.8858
1762.50,42.3332
1763.00,42.7964
1763.50,43.3060
1764.00,43.8794
1764.50,44.5068
1765.00,45.1528
1765.50,45.7749
1766.00,46.3482
1766.50,46.8813
1767.00,47.4117
1767.50,47.9833
1768.00,48.6202
1768.50,49.3154
1769.00,50.0391
1769.50,50.7594
1770.00,51.4610
1770.50,52.1493
1771.00,52.8417
1771.50,53.5547
1772.00,54.2923
1772.50,55.0401
1773.00,55.7702
1773.50,56.4582
1774.00,57.1040
1774.50,57.7381
1775.00,58.4040
1775.50,59.1245
1776.00,59.8812
1776.50,60.6293
1777.00,61.3356
1777.50,62.0048
1778.00,62.6697
1778.50,63.3582
1779.00,64.0691
1779.50,64.7782
1780.00,65.4619
1780.50,66.1161
1781.00,66.7544
1781.50,67.3930
1782.00,68.0391
1782.50,68.6941
1783.00,69.3605
1783.50,70.0450
1784.00,70.7544
1784.50,71.4925
1785.00,72.2574
1785.50,73.0368
1786.00,73.8067
1786.50,74.5392
1787.00,75.2180
1787.50,75.8470
1788.00,76.4456
1788.50,77.0335
1789.00,77.6200
1789.50,78.2079
1790.00,78.8050
1790.50,79.4287
1791.00,80.0941
1791.50,80.7959
1792.00,81.5053
1792.50,82.1911
1793.00,82.8434
1793.50,83.4803
1794.00,84.1273
1794.50,84.7913
1795.00,85.4497
1795.50,86.0674
1796.00,86.6225
1796.50,87.1185
1797.00,87.5718
1797.50,87.9907
1798.00,88.3679
1798.50,88.6893
1799.00,88.9404
1799.50,89.1020
1800.00,89.1404
1800.50,89.0072
1801.00,88.6512
1801.50,88.0326
1802.00,87.1288
1802.50,85.9267
1803.00,84.4151
1803.50,82.5831
1804.00,80.4273
1804.50,77.9624
1805.00,75.2273
1805.50,72.2856
1806.00,69.2198
1806.50,66.1178
1807.00,63.0537
1807.50,60.0691
1808.00,57.1712
1808.50,54.3504
1809.00,51.6127
1809.50,49.0011
1810.00,46.5925
1810.50,44.4695
1811.00,42.6883
1811.50,41.2586
1812.00,40.1424
1812.50,39.2683
1813.00,38.5579
1813.50,37.9525
1814.00,37.4262
1814.50,36.9766
1815.00,36.6052
1815.50,36.3060
1816.00,36.0710
1816.50,35.8993
1817.00,35.7981
1817.50,35.7701
1818.00,35.7991
1818.50,35.8497
1819.00,35.8808
1819.50,35.8651
1820.00,35.7965
1820.50,35.6865
1821.00,35.5551
1821.50,35.4253
1822.00,35.3198
1822.50,35.2558
1823.00,35.2405
1823.50,35.2724
1824.00,35.3453
1824.50,35.4497
1825.00,35.5692
1825.50,35.6798
1826.00,35.7567
1826.50,35.7860
1827.00,35.7717
1827.50,35.7312
1828.00,35.6837
1828.50,35.6385
1829.00,35.5936
1829.50,35.5447
1830.00,35.4990
1830.50,35.4778
1831.00,35.5021
1831.50,35.5715
1832.00,35.6565
1832.50,35.7165
1833.00,35.7270
1833.50,35.6910
1834.00,35.6268
1834.50,35.5491
1835.00,35.4650
1835.50,35.3830
1836.00,35.3192
1836.50,35.2909
1837.00,35.3026
1837.50,35.3413
1838.00,35.3842
1838.50,35.4126
1839.00,35.4179
1839.50,35.3997
1840.00,35.3606
1840.50,35.3030
1841.00,35.2289
1841.50,35.1408
1842.00,35.0462
1842.50,34.9620
1843.00,34.9108
1843.50,34.9098
1844.00,34.9591
1844.50,35.0392
1845.00,35.1207
1845.50,35.1805
1846.00,35.2137
1846.50,35.2342
1847.00,35.2647
1847.50,35.3189
1848.00,35.3897
1848.50,35.4507
1849.00,35.4750
1849.50,35.4553
1850.00,35.4084
1850.50,35.3580
1851.00,35.3138
1851.50,35.2690
1852.00,35.2129
1852.50,35.1409
1853.00,35.0537
1853.50,34.9555
1854.00,34.8595
1854.50,34.7877
1855.00,34.7599
1855.50,34.7780
1856.00,34.8219
1856.50,34.8646
1857.00,34.8895
1857.50,34.8966
1858.00,34.8921
1858.50,34.8785
1859.00,34.8528
1859.50,34.8149
1860.00,34.7706
1860.50,34.7267
1861.00,34.6833
1861.50,34.6352
1862.00,34.5799
1862.50,34.5234
1863.00,34.4765
1863.50,34.4492
1864.00,34.4497
1864.50,34.4855
1865.00,34.5598
1865.50,34.6658
1866.00,34.7860
1866.50,34.8979
1867.00,34.9803
1867.50,35.0191
1868.00,35.0124
1868.50,34.9748
1869.00,34.9322
1869.50,34.9082
1870.00,34.9102
1870.50,34.9278
1871.00,34.9462
1871.50,34.9585
1872.00,34.9655
1872.50,34.9667
1873.00,34.9578
1873.50,34.9420
1874.00,34.9376
1874.50,34.9641
1875.00,35.0178
1875.50,35.0646
1876.00,35.0647
1876.50,35.0070
1877.00,34.9171
1877.50,34.8325
1878.00,34.7733
1878.50,34.7366
1879.00,34.7109
1879.50,34.6896
1880.00,34.6725
1880.50,34.6602
1881.00,34.6516
1881.50,34.6445
1882.00,34.6385
1882.50,34.6352
1883.00,34.6372
1883.50,34.6466
1884.00,34.6656
1884.50,34.6961
1885.00,34.7377
1885.50,34.7845
1886.00,34.8239
1886.50,34.8418
1887.00,34.8329
1887.50,34.8095
1888.00,34.7972
1888.50,34.8184
1889.00,34.8738
1889.50,34.9373
1890.00,34.9697
1890.50,34.9416
1891.00,34.8492
1891.50,34.7143
1892.00,34.5703
1892.50,34.4466
1893.00,34.3602
1893.50,34.3161
1894.00,34.3113
1894.50,34.3373
1895.00,34.3825
1895.50,34.4349
1896.00,34.4828
1896.50,34.5162
1897.00,34.5270
1897.50,34.5111
1898.00,34.4721
1898.50,34.4241
1899.00,34.3909
1899.50,34.3964
1900.00,34.4481
1900.50,34.5299
1901.00,34.6091
1901.50,34.6566
1902.00,34.6620
1902.50,34.6346
1903.00,34.5928
1903.50,34.5561
1904.00,34.5426
1904.50,34.5642
1905.00,34.6171
1905.50,34.6777
1906.00,34.7145
1906.50,34.7100
1907.00,34.6729
1907.50,34.6285
1908.00,34.5977
1908.50,34.5835
1909.00,34.5756
1909.50,34.5642
1910.00,34.5468
1910.50,34.5262
1911.00,34.5085
1911.50,34.5042
1912.00,34.5266
1912.50,34.5821
1913.00,34.6594
1913.50,34.7309
1914.00,34.7693
1914.50,34.7656
1915.00,34.7314
1915.50,34.6872
1916.00,34.6495
1916.50,34.6272
1917.00,34.6225
1917.50,34.6302
1918.00,34.6380
1918.50,34.6334
1919.00,34.6143
1919.50,34.5960
1920.00,34.6032
1920.50,34.6511
1921.00,34.7288
1921.50,34.8032
1922.00,34.8413
1922.50,34.8320
1923.00,34.7902
1923.50,34.7423
1924.00,34.7089
1924.50,34.6969
1925.00,34.7013
1925.50,34.7106
1926.00,34.7113
1926.50,34.6930
1927.00,34.6552
1927.50,34.6086
1928.00,34.5716
1928.50,34.5609
1929.00,34.5825
1929.50,34.6278
1930.00,34.6765
1930.50,34.7067
1931.00,34.7087
1931.50,34.6901
1932.00,34.6700
1932.50,34.6660
1933.00,34.6867
1933.50,34.7320
1934.00,34.7970
1934.50,34.8749
1935.00,34.9575
1935.50,35.0358
1936.00,35.1007
1936.50,35.1433
1937.00,35.1555
1937.50,35.1353
1938.00,35.0915
1938.50,35.0409
1939.00,34.9962
1939.50,34.9557
1940.00,34.9061
1940.50,34.8382
1941.00,34.7614
1941.50,34.7017
1942.00,34.6846
1942.50,34.7191
1943.00,34.7957
1943.50,34.8950
1944.00,34.9964
1944.50,35.0830
1945.00,35.1471
1945.50,35.1921
1946.00,35.2271
1946.50,35.2557
1947.00,35.2714
1947.50,35.2686
1948.00,35.2556
1948.50,35.2523
1949.00,35.2723
1949.50,35.3070
1950.00,35.3341
1950.50,35.3393
1951.00,35.3287
1951.50,35.3200
1952.00,35.3250
1952.50,35.3427
1953.00,35.3661
1953.50,35.3902
1954.00,35.4132
1954.50,35.4366
1955.00,35.4648
1955.50,35.5018
1956.00,35.5432
1956.50,35.5735
1957.00,35.5757
1957.50,35.5488
1958.00,35.5128
1958.50,35.4947
1959.00,35.5060
1959.50,35.5350
1960.00,35.5625
1960.50,35.5827
1961.00,35.6053
1961.50,35.6370
1962.00,35.6661
1962.50,35.6708
1963.00,35.6378
1963.50,35.5731
1964.00,35.4935
1964.50,35.4159
1965.00,35.3547
1965.50,35.3259
1966.00,35.3446
1966.50,35.4130
1967.00,35.5096
1967.50,35.5945
1968.00,35.6308
1968.50,35.6028
1969.00,35.5217
1969.50,35.4181
1970.00,35.3309
1970.50,35.2938
1971.00,35.3205
1971.50,35.3964
1972.00,35.4891
1972.50,35.5673
1973.00,35.6150
1973.50,35.6337
1974.00,35.6361
1974.50,35.6379
1975.00,35.6504
1975.50,35.6772
1976.00,35.7163
1976.50,35.7647
1977.00,35.8197
1977.50,35.8763
1978.00,35.9264
1978.50,35.9621
1979.00,35.9796
1979.50,35.9763
1980.00,35.9469
1980.50,35.8851
1981.00,35.7936
1981.50,35.6893
1982.00,35.5992
1982.50,35.5492
1983.00,35.5542
1983.50,35.6111
1984.00,35.6957
1984.50,35.7688
1985.00,35.7923
1985.50,35.7498
1986.00,35.6552
1986.50,35.5434
1987.00,35.4496
1987.50,35.3918
1988.00,35.3637
1988.50,35.3432
1989.00,35.3071
1989.50,35.2466
1990.00,35.1735
1990.50,35.1100
1991.00,35.0703
1991.50,35.0489
1992.00,35.0270
1992.50,34.9916
1993.00,34.9451
1993.50,34.8984
1994.00,34.8552
1994.50,34.8061
1995.00,34.7405
1995.50,34.6610
1996.00,34.5871
1996.50,34.5445
1997.00,34.5505
1997.50,34.6073
1998.00,34.7020
1998.50,34.8118
1999.00,34.9118
1999.50,34.9849
2000.00,35.0304
2000.50,35.0637
2001.00,35.1037
2001.50,35.1556
2002.00,35.2033
2002.50,35.2193
2003.00,35.1864
2003.50,35.1089
2004.00,35.0050
2004.50,34.8922
2005.00,34.7831
2005.50,34.6939
2006.00,34.6468
2006.50,34.6554
2007.00,34.7085
2007.50,34.7714
2008.00,34.8060
2008.50,34.7923
2009.00,34.7354
2009.50,34.6567
2010.00,34.5792
2010.50,34.5197
2011.00,34.4877
2011.50,34.4866
2012.00,34.5087
2012.50,34.5342
2013.00,34.5442
2013.50,34.5371
2014.00,34.5317
2014.50,34.5489
2015.00,34.5975
2015.50,34.6754
2016.00,34.7770
2016.50,34.8927
2017.00,35.0020
2017.50,35.0774
2018.00,35.0995
2018.50,35.0664
2019.00,34.9903
2019.50,34.8884
2020.00,34.7804
2020.50,34.6873
2021.00,34.6251
2021.50,34.5946
2022.00,34.5795
2022.50,34.5617
2023.00,34.5369
2023.50,34.5183
2024.00,34.5227
2024.50,34.5567
2025.00,34.6136
2025.50,34.6820
2026.00,34.7553
2026.50,34.8339
2027.00,34.9196
2027.50,35.0092
2028.00,35.0917
2028.50,35.1502
2029.00,35.1705
2029.50,35.1510
2030.00,35.1063
2030.50,35.0585
2031.00,35.0235
2031.50,35.0029
2032.00,34.9880
2032.50,34.9701
2033.00,34.9474
2033.50,34.9255
2034.00,34.9110
2034.50,34.9071
2035.00,34.9114
2035.50,34.9186
2036.00,34.9242
2036.50,34.9281
2037.00,34.9348
2037.50,34.9487
2038.00,34.9684
2038.50,34.9857
2039.00,34.9913
2039.50,34.9840
2040.00,34.9729
2040.50,34.9698
2041.00,34.9784
2041.50,34.9916
2042.00,34.9994
2042.50,34.9955
2043.00,34.9769
2043.50,34.9411
2044.00,34.8881
2044.50,34.8269
2045.00,34.7764
2045.50,34.7564
2046.00,34.7758
2046.50,34.8285
2047.00,34.8993
2047.50,34.9726
2048.00,35.0340
2048.50,35.0680
2049.00,35.0592
2049.50,34.9989
2050.00,34.8922
2050.50,34.7580
2051.00,34.6220
2051.50,34.5086
2052.00,34.4332
2052.50,34.3997
2053.00,34.4027
2053.50,34.4340
2054.00,34.4861
2054.50,34.5524
2055.00,34.6259
2055.50,34.7029
2056.00,34.7828
2056.50,34.8628
2057.00,34.9345
2057.50,34.9894
2058.00,35.0270
2058.50,35.0514
2059.00,35.0612
2059.50,35.0493
2060.00,35.0142
2060.50,34.9678
2061.00,34.9285
2061.50,34.9055
2062.00,34.8924
2062.50,34.8730
2063.00,34.8336
2063.50,34.7740
2064.00,34.7107
2064.50,34.6688
2065.00,34.6684
2065.50,34.7112
2066.00,34.7760
2066.50,34.8300
2067.00,34.8510
2067.50,34.8410
2068.00,34.8219
2068.50,34.8143
2069.00,34.8228
2069.50,34.8375
2070.00,34.8504
2070.50,34.8673
2071.00,34.9027
2071.50,34.9615
2072.00,35.0281
2072.50,35.0773
2073.00,35.0954
2073.50,35.0902
2074.00,35.0792
2074.50,35.0737
2075.00,35.0758
2075.50,35.0851
2076.00,35.1048
2076.50,35.1396
2077.00,35.1926
2077.50,35.2611
2078.00,35.3342
2078.50,35.3935
2079.00,35.4236
2079.50,35.4217
2080.00,35.3968
2080.50,35.3601
2081.00,35.3170
2081.50,35.2702
2082.00,35.2261
2082.50,35.1961
2083.00,35.1913
2083.50,35.2166
2084.00,35.2669
2084.50,35.3284
2085.00,35.3828
2085.50,35.4176
2086.00,35.4356
2086.50,35.4543
2087.00,35.4913
2087.50,35.5477
2088.00,35.6060
2088.50,35.6422
2089.00,35.6404
2089.50,35.5973
2090.00,35.5194
2090.50,35.4198
2091.00,35.3132
2091.50,35.2089
2092.00,35.1079
2092.50,35.0087
2093.00,34.9166
2093.50,34.8446
2094.00,34.8066
2094.50,34.8095
2095.00,34.8505
2095.50,34.9167
2096.00,34.9872
2096.50,35.0392
2097.00,35.0592
2097.50,35.0501
2098.00,35.0292
2098.50,35.0186
2099.00,35.0344
2099.50,35.0798
2100.00,35.1416
2100.50,35.1934
2101.00,35.2054
2101.50,35.1590
2102.00,35.0563
2102.50,34.9177
2103.00,34.7726
2103.50,34.6480
2104.00,34.5625
2104.50,34.5242
2105.00,34.5317
2105.50,34.5756
2106.00,34.6416
2106.50,34.7141
2107.00,34.7805
2107.50,34.8327
2108.00,34.8649
2108.50,34.8711
2109.00,34.8490
2109.50,34.8038
2110.00,34.7488
2110.50,34.6997
2111.00,34.6667
2111.50,34.6501
2112.00,34.6435
2112.50,34.6411
2113.00,34.6435
2113.50,34.6539
2114.00,34.6699
2114.50,34.6840
2115.00,34.6921
2115.50,34.7004
2116.00,34.7224
2116.50,34.7680
2117.00,34.8348
2117.50,34.9071
2118.00,34.9638
2118.50,34.9935
2119.00,35.0050
2119.50,35.0217
2120.00,35.0567
2120.50,35.0939
2121.00,35.0964
2121.50,35.0385
2122.00,34.9289
2122.50,34.8060
2123.00,34.7126
2123.50,34.6725
2124.00,34.6824
2124.50,34.7185
2125.00,34.7544
2125.50,34.7785
2126.00,34.7982
2126.50,34.8262
2127.00,34.8625
2127.50,34.8921
2128.00,34.8992
2128.50,34.8845
2129.00,34.8675
2129.50,34.8726
2130.00,34.9117
2130.50,34.9756
2131.00,35.0411
2131.50,35.0883
2132.00,35.1133
2132.50,35.1262
2133.00,35.1365
2133.50,35.1444
2134.00,35.1455
2134.50,35.1441
2135.00,35.1567
2135.50,35.1988
2136.00,35.2687
2136.50,35.3448
2137.00,35.3988
2137.50,35.4110
2138.00,35.3793
2138.50,35.3174
2139.00,35.2461
2139.50,35.1824
2140.00,35.1309
2140.50,35.0870
2141.00,35.0481
2141.50,35.0215
2142.00,35.0169
2142.50,35.0302
2143.00,35.0404
2143.50,35.0269
2144.00,34.9908
2144.50,34.9532
2145.00,34.9344
2145.50,34.9372
2146.00,34.9514
2146.50,34.9684
2147.00,34.9853
2147.50,34.9985
2148.00,35.0023
2148.50,34.9971
2149.00,34.9931
2149.50,35.0029
2150.00,35.0283
2150.50,35.0562
2151.00,35.0670
2151.50,35.0467
2152.00,34.9952
2152.50,34.9250
2153.00,34.8522
2153.50,34.7883
2154.00,34.7382
2154.50,34.7048
2155.00,34.6917
2155.50,34.7016
2156.00,34.7326
2156.50,34.7771
2157.00,34.8216
2157.50,34.8497
2158.00,34.8517
2158.50,34.8328
2159.00,34.8125
2159.50,34.8101
2160.00,34.8329
2160.50,34.8774
2161.00,34.9369
2161.50,35.0063
2162.00,35.0811
2162.50,35.1551
2163.00,35.2203
2163.50,35.2707
2164.00,35.3033
2164.50,35.3163
2165.00,35.3054
2165.50,35.2681
2166.00,35.2126
2166.50,35.1607
2167.00,35.1339
2167.50,35.1357
2168.00,35.1494
2168.50,35.1556
2169.00,35.1497
2169.50,35.1441
2170.00,35.1529
2170.50,35.1800
2171.00,35.2188
2171.50,35.2642
2172.00,35.3197
2172.50,35.3895
2173.00,35.4652
2173.50,35.5207
2174.00,35.5293
2174.50,35.4853
2175.00,35.4111
2175.50,35.3406
2176.00,35.2943
2176.50,35.2689
2177.00,35.2461
2177.50,35.2127
2178.00,35.1742
2178.50,35.1515
2179.00,35.1635
2179.50,35.2109
2180.00,35.2763
2180.50,35.3384
2181.00,35.3848
2181.50,35.4139
2182.00,35.4251
2182.50,35.4138
2183.00,35.3722
2183.50,35.2970
2184.00,35.1951
2184.50,35.0870
2185.00,35.0012
2185.50,34.9622
2186.00,34.9787
2186.50,35.0404
2187.00,35.1218
2187.50,35.1906
2188.00,35.2182
2188.50,35.1926
2189.00,35.1272
2189.50,35.0537
2190.00,35.0024
2190.50,34.9835
2191.00,34.9877
2191.50,35.0036
2192.00,35.0328
2192.50,35.0847
2193.00,35.1575
2193.50,35.2293
2194.00,35.2700
2194.50,35.2648
2195.00,35.2247
2195.50,35.1774
2196.00,35.1447
2196.50,35.1300
2197.00,35.1227
2197.50,35.1132
2198.00,35.1002
2198.50,35.0879
2199.00,35.0778
2199.50,35.0666
2200.00,35.0512
2200.50,35.0345
2201.00,35.0275
2201.50,35.0449
2202.00,35.0974
2202.50,35.1863
2203.00,35.2976
2203.50,35.4026
2204.00,35.4688
2204.50,35.4804
2205.00,35.4503
2205.50,35.4100
2206.00,35.3876
2206.50,35.3937
2207.00,35.4247
2207.50,35.4718
2208.00,35.5269
2208.50,35.5858
2209.00,35.6507
2209.50,35.7268
2210.00,35.8098
2210.50,35.8781
2211.00,35.9006
2211.50,35.8580
2212.00,35.7587
2212.50,35.6369
2213.00,35.5327
2213.50,35.4680
2214.00,35.4386
2214.50,35.4260
2215.00,35.4172
2215.50,35.4120
2216.00,35.4175
2216.50,35.4405
2217.00,35.4840
2217.50,35.5470
2218.00,35.6262
2218.50,35.7144
2219.00,35.7962
2219.50,35.8465
2220.00,35.8399
2220.50,35.7685
2221.00,35.6529
2221.50,35.5338
2222.00,35.4482
2222.50,35.4091
2223.00,35.4040
2223.50,35.4105
2224.00,35.4146
2224.50,35.4158
2225.00,35.4179
2225.50,35.4169
2226.00,35.4018
2226.50,35.3652
2227.00,35.3120
2227.50,35.2573
2228.00,35.2152
2228.50,35.1907
2229.00,35.1800
2229.50,35.1756
2230.00,35.1718
2230.50,35.1649
2231.00,35.1540
2231.50,35.1415
2232.00,35.1336
2232.50,35.1356
2233.00,35.1472
2233.50,35.1637
2234.00,35.1839
2234.50,35.2135
2235.00,35.2592
2235.50,35.3186
2236.00,35.3786
2236.50,35.4232
2237.00,35.4425
2237.50,35.4368
2238.00,35.4174
2238.50,35.4010
2239.00,35.4024
2239.50,35.4263
2240.00,35.4620
2240.50,35.4866
2241.00,35.4756
2241.50,35.4201
2242.00,35.3365
2242.50,35.2588
2243.00,35.2169
2243.50,35.2219
2244.00,35.2664
2244.50,35.3361
2245.00,35.4164
2245.50,35.4965
2246.00,35.5689
2246.50,35.6259
2247.00,35.6550
2247.50,35.6425
2248.00,35.5873
2248.50,35.5084
2249.00,35.4373
2249.50,35.3990
2250.00,35.3998
2250.50,35.4271
2251.00,35.4571
2251.50,35.4658
2252.00,35.4411
2252.50,35.3923
2253.00,35.3452
2253.50,35.3223
2254.00,35.3238
2254.50,35.3292
2255.00,35.3196
2255.50,35.2974
2256.00,35.2841
2256.50,35.2993
2257.00,35.3445
2257.50,35.4025
2258.00,35.4475
2258.50,35.4594
2259.00,35.4359
2259.50,35.3940
2260.00,35.3565
2260.50,35.3334
2261.00,35.3168
2261.50,35.2934
2262.00,35.2620
2262.50,35.2363
2263.00,35.2346
2263.50,35.2643
2264.00,35.3157
2264.50,35.3636
2265.00,35.3802
2265.50,35.3523
2266.00,35.2941
2266.50,35.2404
2267.00,35.2237
2267.50,35.2547
2268.00,35.3183
2268.50,35.3858
2269.00,35.4318
2269.50,35.4464
2270.00,35.4369
2270.50,35.4190
2271.00,35.4053
2271.50,35.4010
2272.00,35.4071
2272.50,35.4236
2273.00,35.4463
2273.50,35.4624
2274.00,35.4560
2274.50,35.4219
2275.00,35.3730
2275.50,35.3309
2276.00,35.3082
2276.50,35.3015
2277.00,35.2990
2277.50,35.2943
2278.00,35.2927
2278.50,35.3049
2279.00,35.3355
2279.50,35.3769
2280.00,35.4138
2280.50,35.4342
2281.00,35.4369
2281.50,35.4329
2282.00,35.4408
2282.50,35.4798
2283.00,35.5586
2283.50,35.6667
2284.00,35.7723
2284.50,35.8367
2285.00,35.8389
2285.50,35.7944
2286.00,35.7495
2286.50,35.7515
2287.00,35.8170
2287.50,35.9231
2288.00,36.0257
2288.50,36.0858
2289.00,36.0890
2289.50,36.0484
2290.00,35.9941
2290.50,35.9542
2291.00,35.9368
2291.50,35.9257
2292.00,35.8943
2292.50,35.8283
2293.00,35.7374
2293.50,35.6474
2294.00,35.5800
2294.50,35.5419
2295.00,35.5305
2295.50,35.5468
2296.00,35.5988
2296.50,35.6902
2297.00,35.8040
2297.50,35.9018
2298.00,35.9424
2298.50,35.9093
2299.00,35.8207
2299.50,35.7150
2300.00,35.6236
2300.50,35.5564
2301.00,35.5066
2301.50,35.4655
2302.00,35.4310
2302.50,35.4061
2303.00,35.3938
2303.50,35.3927
2304.00,35.3936
2304.50,35.3814
2305.00,35.3466
2305.50,35.2961
2306.00,35.2527
2306.50,35.2373
2307.00,35.2527
2307.50,35.2808
2308.00,35.2964
2308.50,35.2810
2309.00,35.2316
2309.50,35.1622
2310.00,35.0987
2310.50,35.0646
2311.00,35.0657
2311.50,35.0866
2312.00,35.1047
2312.50,35.1081
2313.00,35.1019
2313.50,35.0997
2314.00,35.1118
2314.50,35.1401
2315.00,35.1777
2315.50,35.2148
2316.00,35.2446
2316.50,35.2693
2317.00,35.2974
2317.50,35.3384
2318.00,35.3963
2318.50,35.4638
2319.00,35.5211
2319.50,35.5442
2320.00,35.5235
2320.50,35.4743
2321.00,35.4294
2321.50,35.4165
2322.00,35.4412
2322.50,35.4877
2323.00,35.5353
2323.50,35.5704
2324.00,35.5884
2324.50,35.5886
2325.00,35.5723
2325.50,35.5451
2326.00,35.5154
2326.50,35.4874
2327.00,35.4561
2327.50,35.4120
2328.00,35.3548
2328.50,35.3023
2329.00,35.2851
2329.50,35.3259
2330.00,35.4183
2330.50,35.5265
2331.00,35.6072
2331.50,35.6377
2332.00,35.6269
2332.50,35.6023
2333.00,35.5890
2333.50,35.5943
2334.00,35.6074
2334.50,35.6119
2335.00,35.5998
2335.50,35.5751
2336.00,35.5489
2336.50,35.5326
2337.00,35.5337
2337.50,35.5533
2338.00,35.5834
2338.50,35.6074
2339.00,35.6099
2339.50,35.5893
2340.00,35.5614
2340.50,35.5444
2341.00,35.5407
2341.50,35.5366
2342.00,35.5189
2342.50,35.4868
2343.00,35.4468
2343.50,35.4015
2344.00,35.3497
2344.50,35.2961
2345.00,35.2553
2345.50,35.2437
2346.00,35.2669
2346.50,35.3168
2347.00,35.3790
2347.50,35.4404
2348.00,35.4930
2348.50,35.5364
2349.00,35.5769
2349.50,35.6232
2350.00,35.6743
2350.50,35.7141
2351.00,35.7218
2351.50,35.6905
2352.00,35.6340
2352.50,35.5755
2353.00,35.5298
2353.50,35.4989
2354.00,35.4797
2354.50,35.4705
2355.00,35.4672
2355.50,35.4590
2356.00,35.4350
2356.50,35.3966
2357.00,35.3594
2357.50,35.3403
2358.00,35.3438
2358.50,35.3607
2359.00,35.3783
2359.50,35.3876
2360.00,35.3832
2360.50,35.3628
2361.00,35.3291
2361.50,35.2922
2362.00,35.2678
2362.50,35.2709
2363.00,35.3077
2363.50,35.3695
2364.00,35.4337
2364.50,35.4721
2365.00,35.4682
2365.50,35.4266
2366.00,35.3692
2366.50,35.3180
2367.00,35.2833
2367.50,35.2648
2368.00,35.2595
2368.50,35.2642
2369.00,35.2756
2369.50,35.2929
2370.00,35.3224
2370.50,35.3751
2371.00,35.4552
2371.50,35.5521
2372.00,35.6410
2372.50,35.6940
2373.00,35.6941
2373.50,35.6445
2374.00,35.5676
2374.50,35.4936
2375.00,35.4457
2375.50,35.4337
2376.00,35.4543
2376.50,35.4927
2377.00,35.5267
2377.50,35.5377
2378.00,35.5235
2378.50,35.4996
2379.00,35.4836
2379.50,35.4793
2380.00,35.4766
2380.50,35.4634
2381.00,35.4354
2381.50,35.3975
2382.00,35.3603
2382.50,35.3349
2383.00,35.3270
2383.50,35.3335
2384.00,35.3463
2384.50,35.3620
2385.00,35.3846
2385.50,35.4180
2386.00,35.4586
2386.50,35.4948
2387.00,35.5148
2387.50,35.5131
2388.00,35.4950
2388.50,35.4729
2389.00,35.4584
2389.50,35.4540
2390.00,35.4522
2390.50,35.4440
2391.00,35.4293
2391.50,35.4191
2392.00,35.4249
2392.50,35.4459
2393.00,35.4673
2393.50,35.4721
2394.00,35.4520
2394.50,35.4088
2395.00,35.3522
2395.50,35.3003
2396.00,35.2810
2396.50,35.3225
2397.00,35.4319
2397.50,35.5813
2398.00,35.7179
2398.50,35.7965
2399.00,35.8071
2399.50,35.7724
2400.00,35.7208
2400.50,35.6657
2401.00,35.6080
2401.50,35.5526
2402.00,35.5173
2402.50,35.5223
2403.00,35.5723
2403.50,35.6471
2404.00,35.7116
2404.50,35.7383
2405.00,35.7241
2405.50,35.6863
2406.00,35.6425
2406.50,35.5995
2407.00,35.5596
2407.50,35.5339
2408.00,35.5393
2408.50,35.5821
2409.00,35.6437
2409.50,35.6893
2410.00,35.6924
2410.50,35.6562
2411.00,35.6119
2411.50,35.5956
2412.00,35.6256
2412.50,35.6968
2413.00,35.7886
2413.50,35.8731
2414.00,35.9224
2414.50,35.9192
2415.00,35.8673
2415.50,35.7919
2416.00,35.7243
2416.50,35.6834
2417.00,35.6670
2417.50,35.6592
2418.00,35.6470
2418.50,35.6306
2419.00,35.6203
2419.50,35.6218
2420.00,35.6234
2420.50,35.6001
2421.00,35.5334
2421.50,35.4277
2422.00,35.3093
2422.50,35.2090
2423.00,35.1515
2423.50,35.1540
2424.00,35.2248
2424.50,35.3510
2425.00,35.4930
2425.50,35.5996
2426.00,35.6381
2426.50,35.6124
2427.00,35.5577
2427.50,35.5173
2428.00,35.5195
2428.50,35.5650
2429.00,35.6330
2429.50,35.6991
2430.00,35.7518
2430.50,35.7921
2431.00,35.8190
2431.50,35.8226
2432.00,35.7933
2432.50,35.7365
2433.00,35.6722
2433.50,35.6198
2434.00,35.5892
2434.50,35.5837
2435.00,35.6070
2435.50,35.6586
2436.00,35.7260
2436.50,35.7892
2437.00,35.8348
2437.50,35.8656
2438.00,35.8930
2438.50,35.9238
2439.00,35.9517
2439.50,35.9613
2440.00,35.9391
2440.50,35.8834
2441.00,35.8070
2441.50,35.7328
2442.00,35.6829
2442.50,35.6703
2443.00,35.6934
2443.50,35.7357
2444.00,35.7743
2444.50,35.7948
2445.00,35.8038
2445.50,35.8231
2446.00,35.8682
2446.50,35.9296
2447.00,35.9752
2447.50,35.9696
2448.00,35.8952
2448.50,35.7613
2449.00,35.6008
2449.50,35.4565
2450.00,35.3647
2450.50,35.3442
2451.00,35.3953
2451.50,35.5013
2452.00,35.6309
2452.50,35.7434
2453.00,35.8019
2453.50,35.7907
2454.00,35.7241
2454.50,35.6395
2455.00,35.5785
2455.50,35.5673
2456.00,35.6101
2456.50,35.6949
2457.00,35.8019
2457.50,35.9092
2458.00,35.9951
2458.50,36.0417
2459.00,36.0410
2459.50,35.9978
2460.00,35.9259
2460.50,35.8423
2461.00,35.7596
2461.50,35.6852
2462.00,35.6227
2462.50,35.5743
2463.00,35.5421
2463.50,35.5256
2464.00,35.5192
2464.50,35.5142
2465.00,35.5055
2465.50,35.4998
2466.00,35.5123
2466.50,35.5517
2467.00,35.6054
2467.50,35.6440
2468.00,35.6413
2468.50,35.5927
2469.00,35.5158
2469.50,35.4363
2470.00,35.3733
2470.50,35.3347
2471.00,35.3228
2471.50,35.3392
2472.00,35.3837
2472.50,35.4491
2473.00,35.5196
2473.50,35.5756
2474.00,35.6030
2474.50,35.5990
2475.00,35.5724
2475.50,35.5394
2476.00,35.5145
2476.50,35.5042
2477.00,35.5048
2477.50,35.5082
2478.00,35.5087
2478.50,35.5073
2479.00,35.5120
2479.50,35.5347
2480.00,35.5846
2480.50,35.6590
2481.00,35.7416
2481.50,35.8131
2482.00,35.8660
2482.50,35.9077
2483.00,35.9481
2483.50,35.9849
2484.00,36.0036
2484.50,35.9906
2485.00,35.9433
2485.50,35.8699
2486.00,35.7844
2486.50,35.7045
2487.00,35.6524
2487.50,35.6507
2488.00,35.7094
2488.50,35.8158
2489.00,35.9343
2489.50,36.0195
2490.00,36.0352
2490.50,35.9715
2491.00,35.8534
2491.50,35.7309
2492.00,35.6528
2492.50,35.6380
2493.00,35.6674
2493.50,35.7005
2494.00,35.7028
2494.50,35.6651
2495.00,35.6039
2495.50,35.5478
2496.00,35.5193
2496.50,35.5250
2497.00,35.5572
2497.50,35.6031
2498.00,35.6531
2498.50,35.7006
2499.00,35.7368
2499.50,35.7464
2500.00,35.7151
2500.50,35.6406
2501.00,35.5383
2501.50,35.4348
2502.00,35.3556
2502.50,35.3188
2503.00,35.3350
2503.50,35.4059
2504.00,35.5179
2504.50,35.6395
2505.00,35.7314
2505.50,35.7688
2506.00,35.7578
2506.50,35.7311
2507.00,35.7236
2507.50,35.7464
2508.00,35.7811
2508.50,35.7981
2509.00,35.7814
2509.50,35.7371
2510.00,35.6840
2510.50,35.6381
2511.00,35.6049
2511.50,35.5837
2512.00,35.5744
2512.50,35.5798
2513.00,35.6017
2513.50,35.6376
2514.00,35.6803
2514.50,35.7201
2515.00,35.7503
2515.50,35.7705
2516.00,35.7873
2516.50,35.8078
2517.00,35.8318
2517.50,35.8489
2518.00,35.8429
2518.50,35.8016
2519.00,35.7306
2519.50,35.6578
2520.00,35.6232
2520.50,35.6526
2521.00,35.7356
2521.50,35.8274
2522.00,35.8786
2522.50,35.8685
2523.00,35.8159
2523.50,35.7583
2524.00,35.7242
2524.50,35.7203
2525.00,35.7372
2525.50,35.7610
2526.00,35.7825
2526.50,35.8007
2527.00,35.8185
2527.50,35.8353
2528.00,35.8419
2528.50,35.8273
2529.00,35.7916
2529.50,35.7536
2530.00,35.7425
2530.50,35.7769
2531.00,35.8470
2531.50,35.9171
2532.00,35.9474
2532.50,35.9206
2533.00,35.8480
2533.50,35.7562
2534.00,35.6699
2534.50,35.6054
2535.00,35.5729
2535.50,35.5761
2536.00,35.6116
2536.50,35.6678
2537.00,35.7292
2537.50,35.7813
2538.00,35.8169
2538.50,35.8388
2539.00,35.8538
2539.50,35.8633
2540.00,35.8615
2540.50,35.8447
2541.00,35.8191
2541.50,35.7963
2542.00,35.7790
2542.50,35.7553
2543.00,35.7072
2543.50,35.6298
2544.00,35.5419
2544.50,35.4765
2545.00,35.4551
2545.50,35.4691
2546.00,35.4885
2546.50,35.4891
2547.00,35.4714
2547.50,35.4534
2548.00,35.4486
2548.50,35.4538
2549.00,35.4607
2549.50,35.4726
2550.00,35.5093
2550.50,35.5886
2551.00,35.7038
2551.50,35.8194
2552.00,35.8937
2552.50,35.9096
2553.00,35.8847
2553.50,35.8534
2554.00,35.8380
2554.50,35.8343
2555.00,35.8186
2555.50,35.7704
2556.00,35.6886
2556.50,35.5920
2557.00,35.5081
2557.50,35.4606
2558.00,35.4597
2558.50,35.4956
2559.00,35.5386
2559.50,35.5526
2560.00,35.5197
2560.50,35.4553
2561.00,35.3991
2561.50,35.3875
2562.00,35.4286
2562.50,35.4973
2563.00,35.5525
2563.50,35.5609
2564.00,35.5120
2564.50,35.4160
2565.00,35.2981
2565.50,35.1915
2566.00,35.1281
2566.50,35.1241
2567.00,35.1697
2567.50,35.2350
2568.00,35.2899
2568.50,35.3205
2569.00,35.3296
2569.50,35.3252
2570.00,35.3114
2570.50,35.2875
2571.00,35.2550
2571.50,35.2229
2572.00,35.2069
2572.50,35.2184
2573.00,35.2550
2573.50,35.3004
2574.00,35.3360
2574.50,35.3514
2575.00,35.3484
2575.50,35.3362
2576.00,35.3247
2576.50,35.3193
2577.00,35.3197
2577.50,35.3247
2578.00,35.3342
2578.50,35.3482
2579.00,35.3620
2579.50,35.3666
2580.00,35.3548
2580.50,35.3276
2581.00,35.2943
2581.50,35.2674
2582.00,35.2581
2582.50,35.2743
2583.00,35.3174
2583.50,35.3779
2584.00,35.4333
2584.50,35.4559
2585.00,35.4287
2585.50,35.3575
2586.00,35.2689
2586.50,35.1954
2587.00,35.1613
2587.50,35.1726
2588.00,35.2145
2588.50,35.2577
2589.00,35.2756
2589.50,35.2638
2590.00,35.2437
2590.50,35.2443
2591.00,35.2769
2591.50,35.3257
2592.00,35.3622
2592.50,35.3678
2593.00,35.3458
2593.50,35.3136
2594.00,35.2857
2594.50,35.2640
2595.00,35.2416
2595.50,35.2138
2596.00,35.1824
2596.50,35.1526
2597.00,35.1286
2597.50,35.1162
2598.00,35.1238
2598.50,35.1590
2599.00,35.2217
2599.50,35.3026
2600.00,35.3907
2600.50,35.4800
2601.00,35.5683
2601.50,35.6488
2602.00,35.7102
2602.50,35.7466
2603.00,35.7631
2603.50,35.7661
2604.00,35.7498
2604.50,35.7003
2605.00,35.6121
2605.50,35.4978
2606.00,35.3809
2606.50,35.2820
2607.00,35.2119
2607.50,35.1735
2608.00,35.1655
2608.50,35.1830
2609.00,35.2175
2609.50,35.2569
2610.00,35.2888
2610.50,35.3043
2611.00,35.3017
2611.50,35.2877
2612.00,35.2763
2612.50,35.2832
2613.00,35.3154
2613.50,35.3624
2614.00,35.3987
2614.50,35.4012
2615.00,35.3674
2615.50,35.3168
2616.00,35.2752
2616.50,35.2567
2617.00,35.2600
2617.50,35.2765
2618.00,35.2983
2618.50,35.3181
2619.00,35.3266
2619.50,35.3173
2620.00,35.2931
2620.50,35.2681
2621.00,35.2573
2621.50,35.2644
2622.00,35.2784
2622.50,35.2823
2623.00,35.2640
2623.50,35.2240
2624.00,35.1755
2624.50,35.1379
2625.00,35.1272
2625.50,35.1471
2626.00,35.1869
2626.50,35.2273
2627.00,35.2522
2627.50,35.2575
2628.00,35.2487
2628.50,35.2305
2629.00,35.2016
2629.50,35.1604
2630.00,35.1137
2630.50,35.0759
2631.00,35.0602
2631.50,35.0677
2632.00,35.0865
2632.50,35.1005
2633.00,35.1016
2633.50,35.0941
2634.00,35.0876
2634.50,35.0854
2635.00,35.0811
2635.50,35.0663
2636.00,35.0407
2636.50,35.0163
2637.00,35.0118
2637.50,35.0428
2638.00,35.1136
2638.50,35.2136
2639.00,35.3195
2639.50,35.4036
2640.00,35.4448
2640.50,35.4377
2641.00,35.3919
2641.50,35.3215
2642.00,35.2379
2642.50,35.1508
2643.00,35.0728
2643.50,35.0168
2644.00,34.9883
2644.50,34.9825
2645.00,34.9890
2645.50,34.9993
2646.00,35.0088
2646.50,35.0135
2647.00,35.0082
2647.50,34.9905
2648.00,34.9662
2648.50,34.9492
2649.00,34.9537
2649.50,34.9867
2650.00,35.0461
2650.50,35.1244
2651.00,35.2155
2651.50,35.3176
2652.00,35.4310
2652.50,35.5507
2653.00,35.6599
2653.50,35.7297
2654.00,35.7305
2654.50,35.6501
2655.00,35.5054
2655.50,35.3374
2656.00,35.1898
2656.50,35.0883
2657.00,35.0344
2657.50,35.0158
2658.00,35.0214
2658.50,35.0477
2659.00,35.0934
2659.50,35.1518
2660.00,35.2088
2660.50,35.2485
2661.00,35.2613
2661.50,35.2466
2662.00,35.2094
2662.50,35.1562
2663.00,35.0944
2663.50,35.0350
2664.00,34.9929
2664.50,34.9809
2665.00,35.0015
2665.50,35.0437
2666.00,35.0889
2666.50,35.1217
2667.00,35.1363
2667.50,35.1321
2668.00,35.1054
2668.50,35.0480
2669.00,34.9587
2669.50,34.8552
2670.00,34.7709
2670.50,34.7347
2671.00,34.7500
2671.50,34.7969
2672.00,34.8529
2672.50,34.9122
2673.00,34.9828
2673.50,35.0681
2674.00,35.1557
2674.50,35.2257
2675.00,35.2690
2675.50,35.2947
2676.00,35.3204
2676.50,35.3555
2677.00,35.3926
2677.50,35.4143
2678.00,35.4067
2678.50,35.3661
2679.00,35.2987
2679.50,35.2169
2680.00,35.1373
2680.50,35.0769
2681.00,35.0476
2681.50,35.0549
2682.00,35.0974
2682.50,35.1646
2683.00,35.2339
2683.50,35.2763
2684.00,35.2711
2684.50,35.2189
2685.00,35.1395
2685.50,35.0565
2686.00,34.9841
2686.50,34.9280
2687.00,34.8924
2687.50,34.8823
2688.00,34.8958
2688.50,34.9227
2689.00,34.9512
2689.50,34.9786
2690.00,35.0091
2690.50,35.0429
2691.00,35.0722
2691.50,35.0918
2692.00,35.1101
2692.50,35.1445
2693.00,35.2038
2693.50,35.2782
2694.00,35.3485
2694.50,35.4042
2695.00,35.4487
2695.50,35.4900
2696.00,35.5283
2696.50,35.5551
2697.00,35.5606
2697.50,35.5386
2698.00,35.4873
2698.50,35.4080
2699.00,35.3047
2699.50,35.1849
2700.00,35.0638
2700.50,34.9655
2701.00,34.9173
2701.50,34.9319
2702.00,34.9954
2702.50,35.0725
2703.00,35.1298
2703.50,35.1577
2704.00,35.1729
2704.50,35.2010
2705.00,35.2563
2705.50,35.3309
2706.00,35.3991
2706.50,35.4334
2707.00,35.4220
2707.50,35.3754
2708.00,35.3162
2708.50,35.2632
2709.00,35.2256
2709.50,35.2088
2710.00,35.2212
2710.50,35.2708
2711.00,35.3560
2711.50,35.4597
2712.00,35.5532
2712.50,35.6078
2713.00,35.6074
2713.50,35.5552
2714.00,35.4683
2714.50,35.3680
2715.00,35.2730
2715.50,35.1991
2716.00,35.1603
2716.50,35.1635
2717.00,35.1988
2717.50,35.2357
2718.00,35.2399
2718.50,35.1988
2719.00,35.1337
2719.50,35.0821
2720.00,35.0667
2720.50,35.0829
2721.00,35.1130
2721.50,35.1479
2722.00,35.1885
2722.50,35.2331
2723.00,35.2684
2723.50,35.2780
2724.00,35.2601
2724.50,35.2336
2725.00,35.2263
2725.50,35.2550
2726.00,35.3147
2726.50,35.3846
2727.00,35.4459
2727.50,35.4925
2728.00,35.5289
2728.50,35.5621
2729.00,35.5945
2729.50,35.6231
2730.00,35.6416
2730.50,35.6453
2731.00,35.6347
2731.50,35.6160
2732.00,35.5962
2732.50,35.5777
2733.00,35.5579
2733.50,35.5317
2734.00,35.4964
2734.50,35.4551
2735.00,35.4133
2735.50,35.3737
2736.00,35.3338
2736.50,35.2884
2737.00,35.2338
2737.50,35.1699
2738.00,35.1030
2738.50,35.0481
2739.00,35.0249
2739.50,35.0470
2740.00,35.1120
2740.50,35.2009
2741.00,35.2875
2741.50,35.3514
2742.00,35.3875
2742.50,35.4039
2743.00,35.4114
2743.50,35.4122
2744.00,35.3989
2744.50,35.3654
2745.00,35.3209
2745.50,35.2899
2746.00,35.2951
2746.50,35.3393
2747.00,35.4040
2747.50,35.4666
2748.00,35.5161
2748.50,35.5531
2749.00,35.5808
2749.50,35.5995
2750.00,35.6067
2750.50,35.5992
2751.00,35.5756
2751.50,35.5412
2752.00,35.5078
2752.50,35.4837
2753.00,35.4626
2753.50,35.4286
2754.00,35.3767
2754.50,35.3247
2755.00,35.2971
2755.50,35.3002
2756.00,35.3159
2756.50,35.3207
2757.00,35.3056
2757.50,35.2762
2758.00,35.2395
2758.50,35.2002
2759.00,35.1702
2759.50,35.1742
2760.00,35.2361
2760.50,35.3530
2761.00,35.4862
2761.50,35.5836
2762.00,35.6144
2762.50,35.5881
2763.00,35.5414
2763.50,35.5095
2764.00,35.5047
2764.50,35.5150
2765.00,35.5183
2765.50,35.4971
2766.00,35.4483
2766.50,35.3814
2767.00,35.3112
2767.50,35.2471
2768.00,35.1872
2768.50,35.1233
2769.00,35.0539
2769.50,34.9891
2770.00,34.9434
2770.50,34.9223
2771.00,34.9184
2771.50,34.9193
2772.00,34.9185
2772.50,34.9181
2773.00,34.9259
2773.50,34.9501
2774.00,34.9960
2774.50,35.0638
2775.00,35.1454
2775.50,35.2237
2776.00,35.2777
2776.50,35.2919
2777.00,35.2666
2777.50,35.2192
2778.00,35.1733
2778.50,35.1439
2779.00,35.1326
2779.50,35.1362
2780.00,35.1570
2780.50,35.2016
2781.00,35.2726
2781.50,35.3618
2782.00,35.4502
2782.50,35.5135
2783.00,35.5305
2783.50,35.4937
2784.00,35.4124
2784.50,35.3074
2785.00,35.2015
2785.50,35.1133
2786.00,35.0543
2786.50,35.0277
2787.00,35.0315
2787.50,35.0628
2788.00,35.1175
2788.50,35.1855
2789.00,35.2483
2789.50,35.2845
2790.00,35.2807
2790.50,35.2362
2791.00,35.1611
2791.50,35.0708
2792.00,34.9811
2792.50,34.9047
2793.00,34.8486
2793.50,34.8153
2794.00,34.8075
2794.50,34.8328
2795.00,34.9017
2795.50,35.0164
2796.00,35.1595
2796.50,35.2976
2797.00,35.3990
2797.50,35.4524
2798.00,35.4680
2798.50,35.4623
2799.00,35.4430
2799.50,35.4068
2800.00,35.3503
2800.50,35.2828
2801.00,35.2283
2801.50,35.2105
2802.00,35.2340
2802.50,35.2768
2803.00,35.3059
2803.50,35.3026
2804.00,35.2741
2804.50,35.2444
2805.00,35.2326
2805.50,35.2409
2806.00,35.2603
2806.50,35.2837
2807.00,35.3125
2807.50,35.3503
2808.00,35.3933
2808.50,35.4289
2809.00,35.4427
2809.50,35.4256
2810.00,35.3763
2810.50,35.3010
2811.00,35.2121
2811.50,35.1261
2812.00,35.0599
2812.50,35.0255
2813.00,35.0250
2813.50,35.0477
2814.00,35.0718
2814.50,35.0738
2815.00,35.0429
2815.50,34.9903
2816.00,34.9426
2816.50,34.9218
2817.00,34.9280
2817.50,34.9422
2818.00,34.9476
2818.50,34.9455
2819.00,34.9523
2819.50,34.9832
2820.00,35.0404
2820.50,35.1149
2821.00,35.1956
2821.50,35.2748
2822.00,35.3477
2822.50,35.4113
2823.00,35.4605
2823.50,35.4866
2824.00,35.4806
2824.50,35.4399
2825.00,35.3717
2825.50,35.2905
2826.00,35.2143
2826.50,35.1630
2827.00,35.1558
2827.50,35.2012
2828.00,35.2844
2828.50,35.3669
2829.00,35.4056
2829.50,35.3788
2830.00,35.3004
2830.50,35.2059
2831.00,35.1277
2831.50,35.0785
2832.00,35.0535
2832.50,35.0418
2833.00,35.0386
2833.50,35.0507
2834.00,35.0933
2834.50,35.1754
2835.00,35.2854
2835.50,35.3905
2836.00,35.4536
2836.50,35.4548
2837.00,35.4020
2837.50,35.3231
2838.00,35.2451
2838.50,35.1787
2839.00,35.1179
2839.50,35.0530
2840.00,34.9842
2840.50,34.9235
2841.00,34.8861
2841.50,34.8787
2842.00,34.8960
2842.50,34.9275
2843.00,34.9649
2843.50,35.0026
2844.00,35.0344
2844.50,35.0530
2845.00,35.0528
2845.50,35.0322
2846.00,34.9935
2846.50,34.9456
2847.00,34.9053
2847.50,34.8957
2848.00,34.9377
2848.50,35.0380
2849.00,35.1790
2849.50,35.3191
2850.00,35.4087
2850.50,35.4192
2851.00,35.3626
2851.50,35.2825
2852.00,35.2197
2852.50,35.1848
2853.00,35.1612
2853.50,35.1315
2854.00,35.0974
2854.50,35.0780
2855.00,35.0918
2855.50,35.1423
2856.00,35.2142
2856.50,35.2799
2857.00,35.3125
2857.50,35.2996
2858.00,35.2509
2858.50,35.1941
