0.00,0.0000
0.50,0.6813
1.00,1.5388
1.50,2.4775
2.00,3.3851
2.50,4.1753
3.00,4.8105
3.50,5.2930
4.00,5.6461
4.50,5.9026
5.00,6.1014
5.50,6.2805
6.00,6.4660
6.50,6.6671
7.00,6.8787
7.50,7.0887
8.00,7.2801
8.50,7.4342
9.00,7.5394
9.50,7.6003
10.00,7.6358
10.50,7.6676
11.00,7.7102
11.50,7.7709
12.00,7.8497
12.50,7.9382
13.00,8.0212
13.50,8.0880
14.00,8.1409
14.50,8.1938
15.00,8.2592
15.50,8.3397
16.00,8.4291
16.50,8.5174
17.00,8.5927
17.50,8.6449
18.00,8.6726
18.50,8.6868
19.00,8.7050
19.50,8.7378
20.00,8.7827
20.50,8.8290
21.00,8.8685
21.50,8.8996
22.00,8.9228
22.50,8.9386
23.00,8.9505
23.50,8.9694
24.00,9.0082
24.50,9.0711
25.00,9.1484
25.50,9.2233
26.00,9.2832
26.50,9.3276
27.00,9.3648
27.50,9.4013
28.00,9.4352
28.50,9.4592
29.00,9.4707
29.50,9.4783
30.00,9.4970
30.50,9.5352
31.00,9.5875
31.50,9.6400
32.00,9.6822
32.50,9.7139
33.00,9.7397
33.50,9.7608
34.00,9.7759
34.50,9.7872
35.00,9.8033
35.50,9.8311
36.00,9.8680
36.50,9.9015
37.00,9.9163
37.50,9.9049
38.00,9.8735
38.50,9.8411
39.00,9.8309
39.50,9.8596
40.00,9.9299
40.50,10.0296
41.00,10.1343
41.50,10.2145
42.00,10.2467
42.50,10.2259
43.00,10.1708
43.50,10.1132
44.00,10.0793
44.50,10.0789
45.00,10.1084
45.50,10.1597
46.00,10.2257
46.50,10.2979
47.00,10.3636
47.50,10.4093
48.00,10.4271
48.50,10.4185
49.00,10.3949
49.50,10.3736
50.00,10.3729
50.50,10.4053
51.00,10.4711
51.50,10.5553
52.00,10.6330
52.50,10.6805
53.00,10.6874
53.50,10.6604
54.00,10.6190
54.50,10.5857
55.00,10.5766
55.50,10.5940
56.00,10.6251
56.50,10.6500
57.00,10.6572
57.50,10.6524
58.00,10.6518
58.50,10.6673
59.00,10.6992
59.50,10.7444
60.00,10.8078
60.50,10.9022
61.00,11.0343
61.50,11.1893
62.00,11.3318
62.50,11.4260
63.00,11.4591
63.50,11.4478
64.00,11.4205
64.50,11.3939
65.00,11.3646
65.50,11.3220
66.00,11.2663
66.50,11.2146
67.00,11.1895
67.50,11.2037
68.00,11.2544
68.50,11.3290
69.00,11.4147
69.50,11.5040
70.00,11.5903
70.50,11.6621
71.00,11.7041
71.50,11.7054
72.00,11.6698
72.50,11.6134
73.00,11.5563
73.50,11.5142
74.00,11.4980
74.50,11.5137
75.00,11.5604
75.50,11.6266
76.00,11.6937
76.50,11.7448
77.00,11.7748
77.50,11.7927
78.00,11.8142
78.50,11.8514
79.00,11.9056
79.50,11.9677
80.00,12.0231
80.50,12.0577
81.00,12.0643
81.50,12.0481
82.00,12.0250
82.50,12.0105
83.00,12.0081
83.50,12.0097
84.00,12.0064
84.50,11.9977
85.00,11.9906
85.50,11.9947
86.00,12.0188
86.50,12.0683
87.00,12.1423
87.50,12.2304
88.00,12.3150
88.50,12.3799
89.00,12.4201
89.50,12.4435
90.00,12.4615
90.50,12.4774
91.00,12.4844
91.50,12.4747
92.00,12.4513
92.50,12.4303
93.00,12.4311
93.50,12.4615
94.00,12.5118
94.50,12.5632
95.00,12.6016
95.50,12.6257
96.00,12.6436
96.50,12.6663
97.00,12.7010
97.50,12.7485
98.00,12.8015
98.50,12.8470
99.00,12.8730
99.50,12.8762
100.00,12.8657
100.50,12.8584
101.00,12.8694
101.50,12.9026
102.00,12.9509
102.50,13.0030
103.00,13.0497
103.50,13.0852
104.00,13.1069
104.50,13.1175
105.00,13.1267
105.50,13.1463
106.00,13.1802
106.50,13.2201
107.00,13.2494
107.50,13.2568
108.00,13.2457
108.50,13.2318
109.00,13.2290
109.50,13.2389
110.00,13.2538
110.50,13.2677
111.00,13.2806
111.50,13.2936
112.00,13.3025
112.50,13.3007
113.00,13.2878
113.50,13.2741
114.00,13.2749
114.50,13.3006
115.00,13.3502
115.50,13.4148
116.00,13.4845
116.50,13.5530
117.00,13.6157
117.50,13.6671
118.00,13.7001
118.50,13.7088
119.00,13.6944
119.50,13.6674
120.00,13.6456
120.50,13.6462
121.00,13.6757
121.50,13.7252
122.00,13.7762
122.50,13.8123
123.00,13.8292
123.50,13.8361
124.00,13.8494
124.50,13.8839
125.00,13.9446
125.50,14.0220
126.00,14.0966
126.50,14.1492
127.00,14.1711
127.50,14.1660
128.00,14.1468
128.50,14.1290
129.00,14.1238
129.50,14.1340
130.00,14.1521
130.50,14.1646
131.00,14.1624
131.50,14.1500
132.00,14.1463
132.50,14.1719
133.00,14.2325
133.50,14.3151
134.00,14.3985
134.50,14.4666
135.00,14.5123
135.50,14.5344
136.00,14.5377
136.50,14.5352
137.00,14.5455
137.50,14.5793
138.00,14.6281
138.50,14.6680
139.00,14.6776
139.50,14.6549
140.00,14.6169
140.50,14.5855
141.00,14.5733
141.50,14.5775
142.00,14.5858
142.50,14.5868
143.00,14.5772
143.50,14.5631
144.00,14.5555
144.50,14.5639
145.00,14.5911
145.50,14.6334
146.00,14.6842
146.50,14.7368
147.00,14.7838
147.50,14.8164
148.00,14.8274
148.50,14.8170
149.00,14.7922
149.50,14.7619
150.00,14.7315
150.50,14.7062
151.00,14.6943
151.50,14.7064
152.00,14.7480
152.50,14.8131
153.00,14.8841
153.50,14.9403
154.00,14.9720
154.50,14.9851
155.00,14.9930
155.50,15.0027
156.00,15.0115
156.50,15.0149
157.00,15.0138
157.50,15.0109
158.00,15.0055
158.50,14.9938
159.00,14.9754
159.50,14.9585
160.00,14.9587
160.50,14.9903
161.00,15.0564
161.50,15.1436
162.00,15.2302
162.50,15.2997
163.00,15.3465
163.50,15.3698
164.00,15.3674
164.50,15.3398
165.00,15.2998
165.50,15.2736
166.00,15.2850
166.50,15.3376
167.00,15.4103
167.50,15.4694
168.00,15.4891
168.50,15.4654
169.00,15.4185
169.50,15.3798
170.00,15.3717
170.50,15.3966
171.00,15.4401
171.50,15.4848
172.00,15.5202
172.50,15.5437
173.00,15.5587
173.50,15.5711
174.00,15.5862
174.50,15.6044
175.00,15.6201
175.50,15.6253
176.00,15.6153
176.50,15.5908
177.00,15.5552
177.50,15.5113
178.00,15.4627
178.50,15.4185
179.00,15.3933
179.50,15.3994
180.00,15.4375
180.50,15.4940
181.00,15.5476
181.50,15.5803
182.00,15.5870
182.50,15.5776
183.00,15.5689
183.50,15.5730
184.00,15.5907
184.50,15.6162
185.00,15.6446
185.50,15.6740
186.00,15.7020
186.50,15.7245
187.00,15.7392
187.50,15.7477
188.00,15.7532
188.50,15.7580
189.00,15.7653
189.50,15.7790
190.00,15.8028
190.50,15.8366
191.00,15.8758
191.50,15.9148
192.00,15.9501
192.50,15.9783
193.00,15.9924
193.50,15.9841
194.00,15.9519
194.50,15.9066
195.00,15.8685
195.50,15.8549
196.00,15.8710
196.50,15.9110
197.00,15.9660
197.50,16.0304
198.00,16.0994
198.50,16.1636
199.00,16.2089
199.50,16.2241
200.00,16.2099
200.50,16.1804
201.00,16.1575
201.50,16.1587
202.00,16.1877
202.50,16.2326
203.00,16.2730
203.50,16.2925
204.00,16.2893
204.50,16.2781
205.00,16.2810
205.50,16.3132
206.00,16.3731
206.50,16.4420
207.00,16.4948
207.50,16.5132
208.00,16.4953
208.50,16.4539
209.00,16.4092
209.50,16.3807
210.00,16.3811
210.50,16.4123
211.00,16.4635
211.50,16.5128
212.00,16.5369
212.50,16.5245
213.00,16.4864
213.50,16.4507
214.00,16.4459
214.50,16.4826
215.00,16.5488
215.50,16.6212
216.00,16.6799
216.50,16.7162
217.00,16.7324
217.50,16.7356
218.00,16.7329
218.50,16.7280
219.00,16.7238
219.50,16.7258
220.00,16.7408
220.50,16.7726
221.00,16.8183
221.50,16.8702
222.00,16.9194
222.50,16.9595
223.00,16.9882
223.50,17.0068
224.00,17.0171
224.50,17.0202
225.00,17.0193
225.50,17.0241
226.00,17.0468
226.50,17.0916
227.00,17.1469
227.50,17.1912
228.00,17.2095
228.50,17.2040
229.00,17.1898
229.50,17.1809
230.00,17.1795
230.50,17.1782
231.00,17.1676
231.50,17.1423
232.00,17.1033
232.50,17.0572
233.00,17.0167
233.50,16.9969
234.00,17.0078
234.50,17.0469
235.00,17.0990
235.50,17.1457
236.00,17.1758
236.50,17.1905
237.00,17.1990
237.50,17.2083
238.00,17.2165
238.50,17.2150
239.00,17.2003
239.50,17.1804
240.00,17.1700
240.50,17.1773
241.00,17.1995
241.50,17.2281
242.00,17.2574
242.50,17.2878
243.00,17.3237
243.50,17.3680
244.00,17.4188
244.50,17.4689
245.00,17.5111
245.50,17.5431
246.00,17.5675
246.50,17.5871
247.00,17.6016
247.50,17.6092
248.00,17.6125
248.50,17.6184
249.00,17.6304
249.50,17.6436
250.00,17.6519
250.50,17.6583
251.00,17.6766
251.50,17.7208
252.00,17.7945
252.50,17.8911
253.00,17.9991
253.50,18.1051
254.00,18.1913
254.50,18.2377
255.00,18.2328
255.50,18.1835
256.00,18.1138
256.50,18.0511
257.00,18.0143
257.50,18.0094
258.00,18.0320
258.50,18.0714
259.00,18.1159
259.50,18.1593
260.00,18.2008
260.50,18.2400
261.00,18.2719
261.50,18.2901
262.00,18.2943
262.50,18.2928
263.00,18.2964
263.50,18.3098
264.00,18.3287
264.50,18.3438
265.00,18.3486
265.50,18.3435
266.00,18.3329
266.50,18.3202
267.00,18.3051
267.50,18.2863
268.00,18.2652
268.50,18.2473
269.00,18.2405
269.50,18.2532
270.00,18.2909
270.50,18.3517
271.00,18.4219
271.50,18.4800
272.00,18.5088
272.50,18.5061
273.00,18.4847
273.50,18.4604
274.00,18.4422
274.50,18.4334
275.00,18.4386
275.50,18.4642
276.00,18.5101
276.50,18.5615
277.00,18.5947
277.50,18.5937
278.00,18.5628
278.50,18.5221
279.00,18.4890
279.50,18.4660
280.00,18.4469
280.50,18.4327
281.00,18.4361
281.50,18.4690
282.00,18.5279
282.50,18.5944
283.00,18.6470
283.50,18.6734
284.00,18.6756
284.50,18.6683
285.00,18.6686
285.50,18.6825
286.00,18.6987
286.50,18.6991
287.00,18.6750
287.50,18.6353
288.00,18.5986
288.50,18.5804
289.00,18.5870
289.50,18.6161
290.00,18.6595
290.50,18.7063
291.00,18.7450
291.50,18.7655
292.00,18.7629
292.50,18.7436
293.00,18.7263
293.50,18.7338
294.00,18.7799
294.50,18.8621
295.00,18.9660
295.50,19.0758
296.00,19.1795
296.50,19.2682
297.00,19.3324
297.50,19.3611
298.00,19.3456
298.50,19.2873
299.00,19.2036
299.50,19.1245
300.00,19.0799
300.50,19.0821
301.00,19.1193
301.50,19.1648
302.00,19.1952
302.50,19.2035
303.00,19.1991
303.50,19.1978
304.00,19.2141
304.50,19.2561
305.00,19.3229
305.50,19.4025
306.00,19.4772
306.50,19.5334
307.00,19.5672
307.50,19.5792
308.00,19.5677
308.50,19.5292
309.00,19.4693
309.50,19.4075
310.00,19.3688
310.50,19.3664
311.00,19.3945
311.50,19.4366
312.00,19.4788
312.50,19.5146
313.00,19.5415
313.50,19.5551
314.00,19.5520
314.50,19.5360
315.00,19.5208
315.50,19.5212
316.00,19.5419
316.50,19.5753
317.00,19.6095
317.50,19.6386
318.00,19.6641
318.50,19.6880
319.00,19.7074
319.50,19.7162
320.00,19.7137
320.50,19.7073
321.00,19.7078
321.50,19.7192
322.00,19.7340
322.50,19.7402
323.00,19.7346
323.50,19.7270
324.00,19.7321
324.50,19.7563
325.00,19.7925
325.50,19.8261
326.00,19.8429
326.50,19.8353
327.00,19.8050
327.50,19.7631
328.00,19.7260
328.50,19.7092
329.00,19.7220
329.50,19.7636
330.00,19.8214
330.50,19.8764
331.00,19.9130
331.50,19.9291
332.00,19.9373
332.50,19.9547
333.00,19.9877
333.50,20.0256
334.00,20.0506
334.50,20.0558
335.00,20.0528
335.50,20.0609
336.00,20.0933
336.50,20.1506
337.00,20.2223
337.50,20.2924
338.00,20.3435
338.50,20.3649
339.00,20.3580
339.50,20.3360
340.00,20.3158
340.50,20.3061
341.00,20.3014
341.50,20.2875
342.00,20.2561
342.50,20.2144
343.00,20.1806
343.50,20.1694
344.00,20.1804
344.50,20.1995
345.00,20.2118
345.50,20.2133
346.00,20.2120
346.50,20.2181
347.00,20.2325
347.50,20.2457
348.00,20.2450
348.50,20.2278
349.00,20.2084
349.50,20.2106
350.00,20.2515
350.50,20.3311
351.00,20.4350
351.50,20.5457
352.00,20.6492
352.50,20.7327
353.00,20.7811
353.50,20.7825
354.00,20.7387
354.50,20.6695
355.00,20.6037
355.50,20.5628
356.00,20.5495
356.50,20.5505
357.00,20.5473
357.50,20.5302
358.00,20.5027
358.50,20.4755
359.00,20.4553
359.50,20.4413
360.00,20.4304
360.50,20.4232
361.00,20.4220
361.50,20.4267
362.00,20.4344
362.50,20.4439
363.00,20.4571
363.50,20.4721
364.00,20.4797
364.50,20.4685
365.00,20.4393
365.50,20.4092
366.00,20.3993
366.50,20.4167
367.00,20.4488
367.50,20.4763
368.00,20.4884
368.50,20.4860
369.00,20.4763
369.50,20.4658
370.00,20.4561
370.50,20.4455
371.00,20.4322
371.50,20.4185
372.00,20.4113
372.50,20.4170
373.00,20.4393
373.50,20.4799
374.00,20.5399
374.50,20.6170
375.00,20.6998
375.50,20.7685
376.00,20.8028
376.50,20.7953
377.00,20.7583
377.50,20.7176
378.00,20.6952
378.50,20.6957
379.00,20.7058
379.50,20.7058
380.00,20.6825
380.50,20.6375
381.00,20.5877
381.50,20.5577
382.00,20.5651
382.50,20.6078
383.00,20.6647
383.50,20.7094
384.00,20.7281
384.50,20.7267
385.00,20.7225
385.50,20.7296
386.00,20.7510
386.50,20.7820
387.00,20.8154
387.50,20.8436
388.00,20.8596
388.50,20.8610
389.00,20.8530
389.50,20.8440
390.00,20.8384
390.50,20.8342
391.00,20.8284
391.50,20.8226
392.00,20.8215
392.50,20.8268
393.00,20.8371
393.50,20.8520
394.00,20.8736
394.50,20.9036
395.00,20.9398
395.50,20.9784
396.00,21.0168
396.50,21.0540
397.00,21.0889
397.50,21.1207
398.00,21.1488
398.50,21.1729
399.00,21.1937
399.50,21.2156
400.00,21.2452
400.50,21.2852
401.00,21.3284
401.50,21.3602
402.00,21.3695
402.50,21.3583
403.00,21.3395
403.50,21.3244
404.00,21.3152
404.50,21.3084
405.00,21.3033
405.50,21.3052
406.00,21.3182
406.50,21.3390
407.00,21.3578
407.50,21.3649
408.00,21.3547
408.50,21.3269
409.00,21.2860
409.50,21.2422
410.00,21.2100
410.50,21.2017
411.00,21.2201
411.50,21.2571
412.00,21.2980
412.50,21.3289
413.00,21.3416
413.50,21.3353
414.00,21.3165
414.50,21.2978
415.00,21.2927
415.50,21.3104
416.00,21.3515
416.50,21.4094
417.00,21.4742
417.50,21.5366
418.00,21.5892
418.50,21.6270
419.00,21.6500
419.50,21.6633
420.00,21.6737
420.50,21.6845
421.00,21.6943
421.50,21.6996
422.00,21.6988
422.50,21.6953
423.00,21.6967
423.50,21.7112
424.00,21.7388
424.50,21.7682
425.00,21.7845
425.50,21.7824
426.00,21.7705
426.50,21.7652
427.00,21.7788
427.50,21.8100
428.00,21.8424
428.50,21.8513
429.00,21.8182
429.50,21.7432
430.00,21.6456
430.50,21.5528
431.00,21.4855
431.50,21.4491
432.00,21.4376
432.50,21.4419
433.00,21.4562
433.50,21.4806
434.00,21.5213
434.50,21.5844
435.00,21.6670
435.50,21.7528
436.00,21.8194
436.50,21.8524
437.00,21.8528
437.50,21.8329
438.00,21.8059
438.50,21.7804
439.00,21.7634
439.50,21.7653
440.00,21.7974
440.50,21.8616
441.00,21.9413
441.50,22.0080
442.00,22.0390
442.50,22.0324
443.00,22.0050
443.50,21.9787
444.00,21.9674
444.50,21.9744
445.00,21.9934
445.50,22.0134
446.00,22.0257
446.50,22.0304
447.00,22.0352
447.50,22.0484
448.00,22.0735
448.50,22.1096
449.00,22.1531
449.50,22.1986
450.00,22.2382
450.50,22.2658
451.00,22.2810
451.50,22.2899
452.00,22.3001
452.50,22.3163
453.00,22.3395
453.50,22.3678
454.00,22.3982
454.50,22.4253
455.00,22.4405
455.50,22.4344
456.00,22.4026
456.50,22.3513
457.00,22.2977
457.50,22.2618
458.00,22.2553
458.50,22.2751
459.00,22.3086
459.50,22.3440
460.00,22.3767
460.50,22.4072
461.00,22.4373
461.50,22.4691
462.00,22.5042
462.50,22.5398
463.00,22.5669
463.50,22.5748
464.00,22.5596
464.50,22.5287
465.00,22.4961
465.50,22.4754
466.00,22.4740
466.50,22.4929
467.00,22.5281
467.50,22.5731
468.00,22.6183
468.50,22.6511
469.00,22.6596
469.50,22.6416
470.00,22.6096
470.50,22.5849
471.00,22.5819
471.50,22.6004
472.00,22.6298
472.50,22.6595
473.00,22.6825
473.50,22.6928
474.00,22.6865
474.50,22.6653
475.00,22.6380
475.50,22.6131
476.00,22.5915
476.50,22.5668
477.00,22.5345
477.50,22.4987
478.00,22.4701
478.50,22.4571
479.00,22.4587
479.50,22.4647
480.00,22.4628
480.50,22.4476
481.00,22.4245
481.50,22.4067
482.00,22.4069
482.50,22.4300
483.00,22.4707
483.50,22.5168
484.00,22.5548
484.50,22.5752
485.00,22.5761
485.50,22.5629
486.00,22.5449
486.50,22.5308
487.00,22.5266
487.50,22.5344
488.00,22.5529
488.50,22.5758
489.00,22.5929
489.50,22.5958
490.00,22.5843
490.50,22.5660
491.00,22.5497
491.50,22.5400
492.00,22.5398
492.50,22.5530
493.00,22.5832
493.50,22.6291
494.00,22.6837
494.50,22.7376
495.00,22.7819
495.50,22.8089
496.00,22.8134
496.50,22.7945
497.00,22.7559
497.50,22.7050
498.00,22.6498
498.50,22.5998
499.00,22.5661
499.50,22.5594
500.00,22.5808
500.50,22.6172
501.00,22.6495
501.50,22.6688
502.00,22.6844
502.50,22.7134
503.00,22.7641
503.50,22.8272
504.00,22.8845
504.50,22.9223
505.00,22.9394
505.50,22.9455
506.00,22.9526
506.50,22.9687
507.00,22.9915
507.50,23.0101
508.00,23.0117
508.50,22.9920
509.00,22.9594
509.50,22.9294
510.00,22.9144
510.50,22.9184
511.00,22.9380
511.50,22.9665
512.00,22.9964
512.50,23.0212
513.00,23.0384
513.50,23.0520
514.00,23.0699
514.50,23.0966
515.00,23.1295
515.50,23.1612
516.00,23.1861
516.50,23.2021
517.00,23.2099
517.50,23.2133
518.00,23.2198
518.50,23.2389
519.00,23.2754
519.50,23.3224
520.00,23.3619
520.50,23.3759
521.00,23.3609
521.50,23.3330
522.00,23.3153
522.50,23.3179
523.00,23.3283
523.50,23.3242
524.00,23.2961
524.50,23.2574
525.00,23.2324
525.50,23.2350
526.00,23.2612
526.50,23.2955
527.00,23.3248
527.50,23.3462
528.00,23.3658
528.50,23.3916
529.00,23.4266
529.50,23.4663
530.00,23.5014
530.50,23.5242
531.00,23.5316
531.50,23.5261
532.00,23.5145
532.50,23.5046
533.00,23.5013
533.50,23.5033
534.00,23.5035
534.50,23.4919
535.00,23.4609
535.50,23.4142
536.00,23.3708
536.50,23.3565
537.00,23.3863
537.50,23.4534
538.00,23.5352
538.50,23.6100
539.00,23.6668
539.50,23.7031
540.00,23.7187
540.50,23.7109
541.00,23.6770
541.50,23.6177
542.00,23.5401
542.50,23.4569
543.00,23.3833
543.50,23.3322
544.00,23.3114
544.50,23.3210
545.00,23.3530
545.50,23.3939
546.00,23.4325
546.50,23.4653
547.00,23.4953
547.50,23.5254
548.00,23.5533
548.50,23.5740
549.00,23.5829
549.50,23.5780
550.00,23.5616
550.50,23.5422
551.00,23.5344
551.50,23.5505
552.00,23.5906
552.50,23.6422
553.00,23.6904
553.50,23.7293
554.00,23.7622
554.50,23.7940
555.00,23.8247
555.50,23.8484
556.00,23.8559
556.50,23.8418
557.00,23.8097
557.50,23.7723
558.00,23.7441
558.50,23.7299
559.00,23.7207
559.50,23.7014
560.00,23.6669
560.50,23.6299
561.00,23.6122
561.50,23.6276
562.00,23.6721
562.50,23.7277
563.00,23.7753
563.50,23.8055
564.00,23.8203
564.50,23.8262
565.00,23.8271
565.50,23.8220
566.00,23.8093
566.50,23.7909
567.00,23.7738
567.50,23.7665
568.00,23.7748
568.50,23.7981
569.00,23.8286
569.50,23.8550
570.00,23.8693
570.50,23.8719
571.00,23.8715
571.50,23.8761
572.00,23.8842
572.50,23.8851
573.00,23.8696
573.50,23.8394
574.00,23.8054
574.50,23.7781
575.00,23.7597
575.50,23.7437
576.00,23.7230
576.50,23.6992
577.00,23.6887
577.50,23.7162
578.00,23.7958
578.50,23.9150
579.00,24.0369
579.50,24.1212
580.00,24.1479
580.50,24.1246
581.00,24.0748
581.50,24.0208
582.00,23.9748
582.50,23.9408
583.00,23.9195
583.50,23.9094
584.00,23.9063
584.50,23.9044
585.00,23.8987
585.50,23.8879
586.00,23.8734
586.50,23.8588
587.00,23.8495
587.50,23.8540
588.00,23.8792
588.50,23.9231
589.00,23.9716
589.50,24.0053
590.00,24.0106
590.50,23.9869
591.00,23.9463
591.50,23.9078
592.00,23.8897
592.50,23.9022
593.00,23.9451
593.50,24.0094
594.00,24.0827
594.50,24.1510
595.00,24.2015
595.50,24.2263
596.00,24.2281
596.50,24.2180
597.00,24.2085
597.50,24.2048
598.00,24.2016
598.50,24.1880
599.00,24.1562
599.50,24.1099
600.00,24.0652
600.50,24.0437
601.00,24.0619
601.50,24.1213
602.00,24.2069
602.50,24.2943
603.00,24.3604
603.50,24.3926
604.00,24.3926
604.50,24.3760
605.00,24.3638
605.50,24.3703
606.00,24.3937
606.50,24.4197
607.00,24.4341
607.50,24.4327
608.00,24.4211
608.50,24.4059
609.00,24.3895
609.50,24.3707
610.00,24.3497
610.50,24.3283
611.00,24.3071
611.50,24.2831
612.00,24.2528
612.50,24.2197
613.00,24.1979
613.50,24.2074
614.00,24.2599
614.50,24.3468
615.00,24.4387
615.50,24.5000
616.00,24.5094
616.50,24.4706
617.00,24.4080
617.50,24.3515
618.00,24.3228
618.50,24.3298
619.00,24.3660
619.50,24.4149
620.00,24.4566
620.50,24.4766
621.00,24.4723
621.50,24.4522
622.00,24.4301
622.50,24.4175
623.00,24.4191
623.50,24.4340
624.00,24.4603
624.50,24.4984
625.00,24.5494
625.50,24.6098
626.00,24.6686
626.50,24.7087
627.00,24.7150
627.50,24.6854
628.00,24.6358
628.50,24.5931
629.00,24.5791
629.50,24.5969
630.00,24.6297
630.50,24.6536
631.00,24.6530
631.50,24.6281
632.00,24.5906
632.50,24.5541
633.00,24.5266
633.50,24.5076
634.00,24.4907
634.50,24.4693
635.00,24.4422
635.50,24.4167
636.00,24.4066
636.50,24.4234
637.00,24.4670
637.50,24.5240
638.00,24.5748
638.50,24.6057
639.00,24.6158
639.50,24.6154
640.00,24.6210
640.50,24.6471
641.00,24.6989
641.50,24.7667
642.00,24.8261
642.50,24.8485
643.00,24.8197
643.50,24.7502
644.00,24.6697
644.50,24.6061
645.00,24.5705
645.50,24.5562
646.00,24.5507
646.50,24.5470
647.00,24.5469
647.50,24.5553
648.00,24.5756
648.50,24.6068
649.00,24.6470
649.50,24.6944
650.00,24.7468
650.50,24.7994
651.00,24.8468
651.50,24.8861
652.00,24.9202
652.50,24.9542
653.00,24.9873
653.50,25.0078
654.00,24.9999
654.50,24.9582
655.00,24.8972
655.50,24.8415
656.00,24.8078
656.50,24.7958
657.00,24.7952
657.50,24.7976
658.00,24.8014
658.50,24.8090
659.00,24.8224
659.50,24.8420
660.00,24.8670
660.50,24.8950
661.00,24.9219
661.50,24.9428
662.00,24.9535
662.50,24.9532
663.00,24.9487
663.50,24.9519
664.00,24.9714
664.50,25.0016
665.00,25.0237
665.50,25.0193
666.00,24.9874
666.50,24.9471
667.00,24.9239
667.50,24.9298
668.00,24.9535
668.50,24.9695
669.00,24.9595
669.50,24.9262
670.00,24.8903
670.50,24.8723
671.00,24.8792
671.50,24.9036
672.00,24.9341
672.50,24.9617
673.00,24.9796
673.50,24.9819
674.00,24.9678
674.50,24.9418
675.00,24.9086
675.50,24.8691
676.00,24.8237
676.50,24.7796
677.00,24.7510
677.50,24.7491
678.00,24.7730
678.50,24.8115
679.00,24.8523
679.50,24.8887
680.00,24.9184
680.50,24.9403
681.00,24.9531
681.50,24.9566
682.00,24.9524
682.50,24.9417
683.00,24.9257
683.50,24.9087
684.00,24.8986
684.50,24.9034
685.00,24.9246
685.50,24.9561
686.00,24.9884
686.50,25.0127
687.00,25.0240
687.50,25.0249
688.00,25.0274
688.50,25.0484
689.00,25.0955
689.50,25.1550
690.00,25.1977
690.50,25.1993
691.00,25.1599
691.50,25.1040
692.00,25.0634
692.50,25.0588
693.00,25.0913
693.50,25.1454
694.00,25.1982
694.50,25.2314
695.00,25.2417
695.50,25.2412
696.00,25.2467
696.50,25.2662
697.00,25.2956
697.50,25.3252
698.00,25.3473
698.50,25.3574
699.00,25.3543
699.50,25.3411
700.00,25.3288
700.50,25.3328
701.00,25.3641
701.50,25.4211
702.00,25.4891
702.50,25.5465
703.00,25.5754
703.50,25.5692
704.00,25.5346
704.50,25.4873
705.00,25.4450
705.50,25.4199
706.00,25.4138
706.50,25.4184
707.00,25.4208
707.50,25.4137
708.00,25.4008
708.50,25.3942
709.00,25.4053
709.50,25.4361
710.00,25.4780
710.50,25.5173
711.00,25.5422
711.50,25.5472
712.00,25.5354
712.50,25.5179
713.00,25.5084
713.50,25.5159
714.00,25.5416
714.50,25.5809
715.00,25.6246
715.50,25.6584
716.00,25.6652
716.50,25.6336
717.00,25.5682
717.50,25.4887
718.00,25.4182
718.50,25.3690
719.00,25.3417
719.50,25.3333
720.00,25.3454
720.50,25.3785
721.00,25.4215
721.50,25.4512
722.00,25.4477
722.50,25.4129
723.00,25.3724
723.50,25.3561
724.00,25.3760
724.50,25.4206
725.00,25.4687
725.50,25.5064
726.00,25.5346
726.50,25.5633
727.00,25.6006
727.50,25.6430
728.00,25.6766
728.50,25.6890
729.00,25.6813
729.50,25.6680
730.00,25.6659
730.50,25.6834
731.00,25.7188
731.50,25.7639
732.00,25.8083
732.50,25.8426
733.00,25.8601
733.50,25.8597
734.00,25.8454
734.50,25.8232
735.00,25.7975
735.50,25.7712
736.00,25.7471
736.50,25.7292
737.00,25.7194
737.50,25.7142
738.00,25.7085
738.50,25.7005
739.00,25.6943
739.50,25.6946
740.00,25.7015
740.50,25.7102
741.00,25.7172
741.50,25.7239
742.00,25.7342
742.50,25.7499
743.00,25.7692
743.50,25.7870
744.00,25.7975
744.50,25.7989
745.00,25.7972
745.50,25.8063
746.00,25.8368
746.50,25.8817
747.00,25.9176
747.50,25.9237
748.00,25.9032
748.50,25.8818
749.00,25.8843
749.50,25.9138
750.00,25.9530
750.50,25.9831
751.00,26.0010
751.50,26.0198
752.00,26.0549
752.50,26.1085
753.00,26.1665
753.50,26.2091
754.00,26.2253
754.50,26.2170
755.00,26.1914
755.50,26.1552
756.00,26.1150
756.50,26.0796
757.00,26.0559
757.50,26.0425
758.00,26.0319
758.50,26.0180
759.00,26.0024
759.50,25.9936
760.00,26.0011
760.50,26.0278
761.00,26.0657
761.50,26.0992
762.00,26.1135
762.50,26.1012
763.00,26.0636
763.50,26.0076
764.00,25.9424
764.50,25.8782
765.00,25.8262
765.50,25.8006
766.00,25.8137
766.50,25.8672
767.00,25.9461
767.50,26.0249
768.00,26.0798
768.50,26.0982
769.00,26.0799
769.50,26.0319
770.00,25.9652
770.50,25.8939
771.00,25.8332
771.50,25.7978
772.00,25.7973
772.50,25.8312
773.00,25.8856
773.50,25.9363
774.00,25.9582
774.50,25.9389
775.00,25.8864
775.50,25.8259
776.00,25.7853
776.50,25.7777
777.00,25.7955
777.50,25.8187
778.00,25.8317
778.50,25.8327
779.00,25.8303
779.50,25.8325
780.00,25.8417
780.50,25.8561
781.00,25.8740
781.50,25.8956
782.00,25.9221
782.50,25.9528
783.00,25.9822
783.50,26.0012
784.00,26.0028
784.50,25.9899
785.00,25.9746
785.50,25.9682
786.00,25.9721
786.50,25.9763
787.00,25.9678
787.50,25.9383
788.00,25.8881
788.50,25.8254
789.00,25.7631
789.50,25.7142
790.00,25.6882
790.50,25.6861
791.00,25.6969
791.50,25.7007
792.00,25.6813
792.50,25.6394
793.00,25.5928
793.50,25.5625
794.00,25.5561
794.50,25.5631
795.00,25.5642
795.50,25.5444
796.00,25.5030
796.50,25.4549
797.00,25.4235
797.50,25.4272
798.00,25.4694
798.50,25.5386
799.00,25.6159
799.50,25.6839
800.00,25.7322
800.50,25.7589
801.00,25.7684
801.50,25.7644
802.00,25.7469
802.50,25.7140
803.00,25.6674
803.50,25.6139
804.00,25.5606
804.50,25.5131
805.00,25.4780
805.50,25.4636
806.00,25.4755
806.50,25.5106
807.00,25.5576
807.50,25.6042
808.00,25.6438
808.50,25.6750
809.00,25.6955
809.50,25.6978
810.00,25.6740
810.50,25.6269
811.00,25.5726
811.50,25.5322
812.00,25.5184
812.50,25.5286
813.00,25.5476
813.50,25.5565
814.00,25.5428
814.50,25.5088
815.00,25.4701
815.50,25.4453
816.00,25.4424
816.50,25.4562
817.00,25.4771
817.50,25.5010
818.00,25.5285
818.50,25.5564
819.00,25.5731
819.50,25.5649
820.00,25.5289
820.50,25.4799
821.00,25.4435
821.50,25.4413
822.00,25.4761
822.50,25.5310
823.00,25.5806
823.50,25.6050
824.00,25.5978
824.50,25.5650
825.00,25.5193
825.50,25.4742
826.00,25.4403
826.50,25.4232
827.00,25.4239
827.50,25.4391
828.00,25.4612
828.50,25.4797
829.00,25.4866
829.50,25.4829
830.00,25.4788
830.50,25.4864
831.00,25.5102
831.50,25.5442
832.00,25.5751
832.50,25.5910
833.00,25.5889
833.50,25.5764
834.00,25.5656
834.50,25.5655
835.00,25.5786
835.50,25.6026
836.00,25.6316
836.50,25.6550
837.00,25.6612
837.50,25.6462
838.00,25.6197
838.50,25.5980
839.00,25.5914
839.50,25.5979
840.00,25.6101
840.50,25.6268
841.00,25.6548
841.50,25.7009
842.00,25.7620
842.50,25.8231
843.00,25.8645
843.50,25.8726
844.00,25.8490
844.50,25.8108
845.00,25.7818
845.50,25.7779
846.00,25.7970
846.50,25.8241
847.00,25.8461
847.50,25.8616
848.00,25.8781
848.50,25.9010
849.00,25.9278
849.50,25.9494
850.00,25.9538
850.50,25.9319
851.00,25.8845
851.50,25.8288
852.00,25.7943
852.50,25.8029
853.00,25.8500
853.50,25.9053
854.00,25.9359
854.50,25.9291
855.00,25.8952
855.50,25.8531
856.00,25.8159
856.50,25.7882
857.00,25.7745
857.50,25.7826
858.00,25.8174
858.50,25.8717
859.00,25.9282
859.50,25.9718
860.00,26.0001
860.50,26.0224
861.00,26.0502
861.50,26.0891
862.00,26.1366
862.50,26.1838
863.00,26.2196
863.50,26.2379
864.00,26.2405
864.50,26.2340
865.00,26.2223
865.50,26.2053
866.00,26.1830
866.50,26.1598
867.00,26.1432
867.50,26.1371
868.00,26.1394
868.50,26.1424
869.00,26.1387
869.50,26.1254
870.00,26.1075
870.50,26.0940
871.00,26.0894
871.50,26.0883
872.00,26.0805
872.50,26.0621
873.00,26.0429
873.50,26.0376
874.00,26.0524
874.50,26.0786
875.00,26.1000
875.50,26.1052
876.00,26.0943
876.50,26.0747
877.00,26.0540
877.50,26.0366
878.00,26.0265
878.50,26.0294
879.00,26.0490
879.50,26.0809
880.00,26.1131
880.50,26.1358
881.00,26.1527
881.50,26.1806
882.00,26.2363
882.50,26.3204
883.00,26.4134
883.50,26.4887
884.00,26.5309
884.50,26.5443
885.00,26.5453
885.50,26.5478
886.00,26.5529
886.50,26.5511
887.00,26.5328
887.50,26.4962
888.00,26.4482
888.50,26.3998
889.00,26.3621
889.50,26.3426
890.00,26.3424
890.50,26.3562
891.00,26.3759
891.50,26.3970
892.00,26.4223
892.50,26.4592
893.00,26.5129
893.50,26.5787
894.00,26.6424
894.50,26.6858
895.00,26.6977
895.50,26.6790
896.00,26.6432
896.50,26.6111
897.00,26.6024
897.50,26.6251
898.00,26.6710
898.50,26.7227
899.00,26.7672
899.50,26.8010
900.00,26.8235
900.50,26.8296
901.00,26.8143
901.50,26.7847
902.00,26.7630
902.50,26.7728
903.00,26.8218
903.50,26.8953
904.00,26.9653
904.50,27.0074
905.00,27.0114
905.50,26.9849
906.00,26.9468
906.50,26.9164
907.00,26.9032
907.50,26.9046
908.00,26.9144
908.50,26.9328
909.00,26.9665
909.50,27.0183
910.00,27.0771
910.50,27.1216
911.00,27.1354
911.50,27.1198
912.00,27.0922
912.50,27.0734
913.00,27.0764
913.50,27.1019
914.00,27.1376
914.50,27.1629
915.00,27.1597
915.50,27.1258
916.00,27.0774
916.50,27.0377
917.00,27.0233
917.50,27.0366
918.00,27.0675
918.50,27.1002
919.00,27.1198
919.50,27.1207
920.00,27.1093
920.50,27.0995
921.00,27.1020
921.50,27.1166
922.00,27.1333
922.50,27.1416
923.00,27.1399
923.50,27.1356
924.00,27.1392
924.50,27.1581
925.00,27.1932
925.50,27.2396
926.00,27.2877
926.50,27.3269
927.00,27.3490
927.50,27.3525
928.00,27.3413
928.50,27.3222
929.00,27.3017
929.50,27.2869
930.00,27.2827
930.50,27.2869
931.00,27.2889
931.50,27.2777
932.00,27.2517
932.50,27.2198
933.00,27.1929
933.50,27.1762
934.00,27.1712
934.50,27.1795
935.00,27.2022
935.50,27.2355
936.00,27.2701
936.50,27.2986
937.00,27.3221
937.50,27.3486
938.00,27.3853
938.50,27.4318
939.00,27.4793
939.50,27.5143
940.00,27.5255
940.50,27.5091
941.00,27.4709
941.50,27.4238
942.00,27.3808
942.50,27.3488
943.00,27.3285
943.50,27.3178
944.00,27.3130
944.50,27.3089
945.00,27.3003
945.50,27.2896
946.00,27.2875
946.50,27.3052
947.00,27.3443
947.50,27.3952
948.00,27.4452
948.50,27.4856
949.00,27.5102
949.50,27.5139
950.00,27.4969
950.50,27.4697
951.00,27.4503
951.50,27.4512
952.00,27.4672
952.50,27.4787
953.00,27.4664
953.50,27.4254
954.00,27.3667
954.50,27.3066
955.00,27.2556
955.50,27.2173
956.00,27.1924
956.50,27.1810
957.00,27.1818
957.50,27.1940
958.00,27.2208
958.50,27.2692
959.00,27.3431
959.50,27.4351
960.00,27.5267
960.50,27.5961
961.00,27.6295
961.50,27.6282
962.00,27.6076
962.50,27.5900
963.00,27.5919
963.50,27.6137
964.00,27.6397
964.50,27.6486
965.00,27.6270
965.50,27.5757
966.00,27.5075
966.50,27.4383
967.00,27.3802
967.50,27.3408
968.00,27.3278
968.50,27.3485
969.00,27.4016
969.50,27.4698
970.00,27.5267
970.50,27.5541
971.00,27.5535
971.50,27.5415
972.00,27.5349
972.50,27.5412
973.00,27.5599
973.50,27.5872
974.00,27.6175
974.50,27.6440
975.00,27.6622
975.50,27.6736
976.00,27.6820
976.50,27.6865
977.00,27.6799
977.50,27.6573
978.00,27.6249
978.50,27.5979
979.00,27.5894
979.50,27.6003
980.00,27.6208
980.50,27.6387
981.00,27.6477
981.50,27.6492
982.00,27.6482
982.50,27.6478
983.00,27.6457
983.50,27.6382
984.00,27.6263
984.50,27.6183
985.00,27.6243
985.50,27.6479
986.00,27.6820
986.50,27.7146
987.00,27.7370
987.50,27.7480
988.00,27.7514
988.50,27.7514
989.00,27.7500
989.50,27.7476
990.00,27.7438
990.50,27.7378
991.00,27.7306
991.50,27.7264
992.00,27.7313
992.50,27.7467
993.00,27.7650
993.50,27.7729
994.00,27.7619
994.50,27.7363
995.00,27.7108
995.50,27.7004
996.00,27.7116
996.50,27.7398
997.00,27.7734
997.50,27.8006
998.00,27.8142
998.50,27.8129
999.00,27.7982
999.50,27.7736
1000.00,27.7465
1000.50,27.7281
1001.00,27.7277
1001.50,27.7454
1002.00,27.7709
1002.50,27.7911
1003.00,27.7986
1003.50,27.7934
1004.00,27.7807
1004.50,27.7666
1005.00,27.7556
1005.50,27.7507
1006.00,27.7528
1006.50,27.7622
1007.00,27.7781
1007.50,27.7984
1008.00,27.8186
1008.50,27.8354
1009.00,27.8507
1009.50,27.8728
1010.00,27.9106
1010.50,27.9650
1011.00,28.0283
1011.50,28.0908
1012.00,28.1480
1012.50,28.1996
1013.00,28.2427
1013.50,28.2685
1014.00,28.2671
1014.50,28.2343
1015.00,28.1746
1015.50,28.0984
1016.00,28.0184
1016.50,27.9477
1017.00,27.8978
1017.50,27.8747
1018.00,27.8760
1018.50,27.8919
1019.00,27.9113
1019.50,27.9284
1020.00,27.9448
1020.50,27.9652
1021.00,27.9916
1021.50,28.0216
1022.00,28.0496
1022.50,28.0693
1023.00,28.0776
1023.50,28.0769
1024.00,28.0757
1024.50,28.0850
1025.00,28.1102
1025.50,28.1450
1026.00,28.1728
1026.50,28.1761
1027.00,28.1479
1027.50,28.0976
1028.00,28.0463
1028.50,28.0152
1029.00,28.0126
1029.50,28.0298
1030.00,28.0482
1030.50,28.0532
1031.00,28.0446
1031.50,28.0331
1032.00,28.0281
1032.50,28.0288
1033.00,28.0266
1033.50,28.0137
1034.00,27.9874
1034.50,27.9499
1035.00,27.9074
1035.50,27.8726
1036.00,27.8630
1036.50,27.8914
1037.00,27.9525
1037.50,28.0200
1038.00,28.0615
1038.50,28.0607
1039.00,28.0285
1039.50,27.9929
1040.00,27.9779
1040.50,27.9914
1041.00,28.0271
1041.50,28.0727
1042.00,28.1143
1042.50,28.1359
1043.00,28.1229
1043.50,28.0726
1044.00,28.0008
1044.50,27.9361
1045.00,27.9026
1045.50,27.9039
1046.00,27.9234
1046.50,27.9397
1047.00,27.9431
1047.50,27.9383
1048.00,27.9348
1048.50,27.9372
1049.00,27.9433
1049.50,27.9501
1050.00,27.9575
1050.50,27.9653
1051.00,27.9689
1051.50,27.9603
1052.00,27.9358
1052.50,27.9016
1053.00,27.8698
1053.50,27.8486
1054.00,27.8395
1054.50,27.8413
1055.00,27.8570
1055.50,27.8918
1056.00,27.9450
1056.50,28.0049
1057.00,28.0534
1057.50,28.0751
1058.00,28.0632
1058.50,28.0222
1059.00,27.9676
1059.50,27.9223
1060.00,27.9038
1060.50,27.9111
1061.00,27.9253
1061.50,27.9260
1062.00,27.9089
1062.50,27.8888
1063.00,27.8852
1063.50,27.9041
1064.00,27.9313
1064.50,27.9440
1065.00,27.9299
1065.50,27.8979
1066.00,27.8712
1066.50,27.8692
1067.00,27.8948
1067.50,27.9366
1068.00,27.9821
1068.50,28.0269
1069.00,28.0722
1069.50,28.1173
1070.00,28.1571
1070.50,28.1867
1071.00,28.2053
1071.50,28.2158
1072.00,28.2227
1072.50,28.2303
1073.00,28.2417
1073.50,28.2579
1074.00,28.2757
1074.50,28.2872
1075.00,28.2829
1075.50,28.2568
1076.00,28.2115
1076.50,28.1596
1077.00,28.1200
1077.50,28.1060
1078.00,28.1158
1078.50,28.1306
1079.00,28.1292
1079.50,28.1047
1080.00,28.0709
1080.50,28.0505
1081.00,28.0580
1081.50,28.0907
1082.00,28.1334
1082.50,28.1688
1083.00,28.1851
1083.50,28.1775
1084.00,28.1483
1084.50,28.1034
1085.00,28.0499
1085.50,27.9946
1086.00,27.9424
1086.50,27.8974
1087.00,27.8646
1087.50,27.8502
1088.00,27.8580
1088.50,27.8824
1089.00,27.9098
1089.50,27.9279
1090.00,27.9351
1090.50,27.9391
1091.00,27.9465
1091.50,27.9556
1092.00,27.9578
1092.50,27.9454
1093.00,27.9192
1093.50,27.8901
1094.00,27.8738
1094.50,27.8828
1095.00,27.9209
1095.50,27.9820
1096.00,28.0518
1096.50,28.1129
1097.00,28.1522
1097.50,28.1670
1098.00,28.1653
1098.50,28.1571
1099.00,28.1468
1099.50,28.1342
1100.00,28.1215
1100.50,28.1173
1101.00,28.1300
1101.50,28.1588
1102.00,28.1919
1102.50,28.2148
1103.00,28.2237
1103.50,28.2289
1104.00,28.2457
1104.50,28.2801
1105.00,28.3232
1105.50,28.3597
1106.00,28.3815
1106.50,28.3906
1107.00,28.3921
1107.50,28.3877
1108.00,28.3768
1108.50,28.3621
1109.00,28.3490
1109.50,28.3387
1110.00,28.3249
1110.50,28.3000
1111.00,28.2670
1111.50,28.2404
1112.00,28.2357
1112.50,28.2577
1113.00,28.2976
1113.50,28.3416
1114.00,28.3793
1114.50,28.4048
1115.00,28.4120
1115.50,28.3946
1116.00,28.3497
1116.50,28.2835
1117.00,28.2109
1117.50,28.1503
1118.00,28.1144
1118.50,28.1025
1119.00,28.1009
1119.50,28.0922
1120.00,28.0636
1120.50,28.0118
1121.00,27.9447
1121.50,27.8795
1122.00,27.8338
1122.50,27.8151
1123.00,27.8172
1123.50,27.8286
1124.00,27.8429
1124.50,27.8600
1125.00,27.8782
1125.50,27.8898
1126.00,27.8897
1126.50,27.8863
1127.00,27.8978
1127.50,27.9362
1128.00,27.9940
1128.50,28.0510
1129.00,28.0919
1129.50,28.1186
1130.00,28.1430
1130.50,28.1730
1131.00,28.2050
1131.50,28.2316
1132.00,28.2543
1132.50,28.2864
1133.00,28.3409
1133.50,28.4163
1134.00,28.4922
1134.50,28.5404
1135.00,28.5427
1135.50,28.5027
1136.00,28.4443
1136.50,28.3976
1137.00,28.3811
1137.50,28.3927
1138.00,28.4133
1138.50,28.4213
1139.00,28.4042
1139.50,28.3610
1140.00,28.2971
1140.50,28.2214
1141.00,28.1483
1141.50,28.0971
1142.00,28.0837
1142.50,28.1102
1143.00,28.1648
1143.50,28.2299
1144.00,28.2912
1144.50,28.3409
1145.00,28.3762
1145.50,28.3983
1146.00,28.4099
1146.50,28.4115
1147.00,28.4012
1147.50,28.3791
1148.00,28.3533
1148.50,28.3360
1149.00,28.3340
1149.50,28.3430
1150.00,28.3525
1150.50,28.3547
1151.00,28.3498
1151.50,28.3412
1152.00,28.3296
1152.50,28.3113
1153.00,28.2838
1153.50,28.2508
1154.00,28.2226
1154.50,28.2100
1155.00,28.2191
1155.50,28.2491
1156.00,28.2910
1156.50,28.3291
1157.00,28.3465
1157.50,28.3348
1158.00,28.2981
1158.50,28.2472
1159.00,28.1923
1159.50,28.1411
1160.00,28.1015
1160.50,28.0822
1161.00,28.0880
1161.50,28.1131
1162.00,28.1392
1162.50,28.1432
1163.00,28.1130
1163.50,28.0603
1164.00,28.0146
1164.50,28.0017
1165.00,28.0250
1165.50,28.0671
1166.00,28.1071
1166.50,28.1356
1167.00,28.1537
1167.50,28.1653
1168.00,28.1741
1168.50,28.1863
1169.00,28.2106
1169.50,28.2509
1170.00,28.2990
1170.50,28.3379
1171.00,28.3523
1171.50,28.3390
1172.00,28.3071
1172.50,28.2716
1173.00,28.2437
1173.50,28.2274
1174.00,28.2233
1174.50,28.2338
1175.00,28.2646
1175.50,28.3185
1176.00,28.3875
1176.50,28.4514
1177.00,28.4880
1177.50,28.4872
1178.00,28.4576
1178.50,28.4204
1179.00,28.3971
1179.50,28.3987
1180.00,28.4237
1180.50,28.4632
1181.00,28.5068
1181.50,28.5452
1182.00,28.5690
1182.50,28.5718
1183.00,28.5545
1183.50,28.5268
1184.00,28.4998
1184.50,28.4778
1185.00,28.4574
1185.50,28.4353
1186.00,28.4144
1186.50,28.4024
1187.00,28.4051
1187.50,28.4240
1188.00,28.4587
1188.50,28.5086
1189.00,28.5700
1189.50,28.6325
1190.00,28.6811
1190.50,28.7047
1191.00,28.7022
1191.50,28.6804
1192.00,28.6469
1192.50,28.6057
1193.00,28.5601
1193.50,28.5192
1194.00,28.4984
1194.50,28.5115
1195.00,28.5603
1195.50,28.6310
1196.00,28.6994
1196.50,28.7429
1197.00,28.7508
1197.50,28.7276
1198.00,28.6885
1198.50,28.6517
1199.00,28.6317
1199.50,28.6350
1200.00,28.6580
1200.50,28.6862
1201.00,28.7003
1201.50,28.6886
1202.00,28.6556
1202.50,28.6188
1203.00,28.5932
1203.50,28.5801
1204.00,28.5692
1204.50,28.5489
1205.00,28.5144
1205.50,28.4674
1206.00,28.4144
1206.50,28.3647
1207.00,28.3296
1207.50,28.3177
1208.00,28.3309
1208.50,28.3624
1209.00,28.4001
1209.50,28.4341
1210.00,28.4623
1210.50,28.4894
1211.00,28.5193
1211.50,28.5482
1212.00,28.5668
1212.50,28.5684
1213.00,28.5573
1213.50,28.5485
1214.00,28.5594
1214.50,28.5984
1215.00,28.6585
1215.50,28.7194
1216.00,28.7592
1216.50,28.7676
1217.00,28.7510
1217.50,28.7248
1218.00,28.7021
1218.50,28.6872
1219.00,28.6784
1219.50,28.6748
1220.00,28.6787
1220.50,28.6925
1221.00,28.7133
1221.50,28.7316
1222.00,28.7365
1222.50,28.7247
1223.00,28.7037
1223.50,28.6850
1224.00,28.6754
1224.50,28.6738
1225.00,28.6751
1225.50,28.6736
1226.00,28.6642
1226.50,28.6442
1227.00,28.6162
1227.50,28.5885
1228.00,28.5717
1228.50,28.5750
1229.00,28.6050
1229.50,28.6622
1230.00,28.7346
1230.50,28.7991
1231.00,28.8355
1231.50,28.8406
1232.00,28.8280
1232.50,28.8119
1233.00,28.7953
1233.50,28.7718
1234.00,28.7367
1234.50,28.6943
1235.00,28.6548
1235.50,28.6260
1236.00,28.6075
1236.50,28.5946
1237.00,28.5856
1237.50,28.5850
1238.00,28.5983
1238.50,28.6254
1239.00,28.6606
1239.50,28.6969
1240.00,28.7318
1240.50,28.7679
1241.00,28.8089
1241.50,28.8546
1242.00,28.8959
1242.50,28.9192
1243.00,28.9169
1243.50,28.8936
1244.00,28.8632
1244.50,28.8376
1245.00,28.8207
1245.50,28.8115
1246.00,28.8098
1246.50,28.8168
1247.00,28.8320
1247.50,28.8517
1248.00,28.8714
1248.50,28.8881
1249.00,28.8990
1249.50,28.8986
1250.00,28.8818
1250.50,28.8506
1251.00,28.8168
1251.50,28.7942
1252.00,28.7887
1252.50,28.7968
1253.00,28.8129
1253.50,28.8345
1254.00,28.8604
1254.50,28.8865
1255.00,28.9089
1255.50,28.9273
1256.00,28.9450
1256.50,28.9638
1257.00,28.9827
1257.50,29.0011
1258.00,29.0219
1258.50,29.0470
1259.00,29.0711
1259.50,29.0819
1260.00,29.0699
1260.50,29.0390
1261.00,29.0064
1261.50,28.9904
1262.00,28.9973
1262.50,29.0195
1263.00,29.0433
1263.50,29.0587
1264.00,29.0642
1264.50,29.0651
1265.00,29.0683
1265.50,29.0783
1266.00,29.0951
1266.50,29.1165
1267.00,29.1408
1267.50,29.1687
1268.00,29.2034
1268.50,29.2495
1269.00,29.3095
1269.50,29.3796
1270.00,29.4478
1270.50,29.4975
1271.00,29.5150
1271.50,29.4959
1272.00,29.4460
1272.50,29.3805
1273.00,29.3186
1273.50,29.2770
1274.00,29.2626
1274.50,29.2705
1275.00,29.2899
1275.50,29.3123
1276.00,29.3338
1276.50,29.3492
1277.00,29.3490
1277.50,29.3263
1278.00,29.2874
1278.50,29.2523
1279.00,29.2400
1279.50,29.2540
1280.00,29.2806
1280.50,29.3019
1281.00,29.3109
1281.50,29.3137
1282.00,29.3209
1282.50,29.3395
1283.00,29.3709
1283.50,29.4128
1284.00,29.4593
1284.50,29.5029
1285.00,29.5385
1285.50,29.5671
1286.00,29.5924
1286.50,29.6146
1287.00,29.6283
1287.50,29.6268
1288.00,29.6100
1288.50,29.5864
1289.00,29.5675
1289.50,29.5591
1290.00,29.5587
1290.50,29.5603
1291.00,29.5610
1291.50,29.5630
1292.00,29.5712
1292.50,29.5883
1293.00,29.6127
1293.50,29.6395
1294.00,29.6658
1294.50,29.6944
1295.00,29.7335
1295.50,29.7877
1296.00,29.8483
1296.50,29.8908
1297.00,29.8869
1297.50,29.8236
1298.00,29.7127
1298.50,29.5836
1299.00,29.4668
1299.50,29.3820
1300.00,29.3356
1300.50,29.3227
1301.00,29.3314
1301.50,29.3490
1302.00,29.3694
1302.50,29.3945
1303.00,29.4310
1303.50,29.4820
1304.00,29.5417
1304.50,29.5974
1305.00,29.6377
1305.50,29.6602
1306.00,29.6730
1306.50,29.6879
1307.00,29.7131
1307.50,29.7500
1308.00,29.7934
1308.50,29.8322
1309.00,29.8535
1309.50,29.8486
1310.00,29.8182
1310.50,29.7746
1311.00,29.7354
1311.50,29.7128
1312.00,29.7066
1312.50,29.7059
1313.00,29.7012
1313.50,29.6918
1314.00,29.6835
1314.50,29.6790
1315.00,29.6749
1315.50,29.6673
1316.00,29.6589
1316.50,29.6581
1317.00,29.6721
1317.50,29.6996
1318.00,29.7308
1318.50,29.7520
1319.00,29.7522
1319.50,29.7264
1320.00,29.6790
1320.50,29.6231
1321.00,29.5754
1321.50,29.5481
1322.00,29.5419
1322.50,29.5497
1323.00,29.5637
1323.50,29.5815
1324.00,29.6049
1324.50,29.6332
1325.00,29.6587
1325.50,29.6686
1326.00,29.6551
1326.50,29.6258
1327.00,29.6044
1327.50,29.6158
1328.00,29.6679
1328.50,29.7458
1329.00,29.8228
1329.50,29.8768
1330.00,29.8999
1330.50,29.8959
1331.00,29.8746
1331.50,29.8458
1332.00,29.8169
1332.50,29.7921
1333.00,29.7732
1333.50,29.7616
1334.00,29.7589
1334.50,29.7667
1335.00,29.7847
1335.50,29.8101
1336.00,29.8390
1336.50,29.8686
1337.00,29.8990
1337.50,29.9322
1338.00,29.9702
1338.50,30.0138
1339.00,30.0637
1339.50,30.1225
1340.00,30.1958
1340.50,30.2896
1341.00,30.4074
1341.50,30.5480
1342.00,30.7072
1342.50,30.8814
1343.00,31.0677
1343.50,31.2588
1344.00,31.4367
1344.50,31.5755
1345.00,31.6570
1345.50,31.6868
1346.00,31.6947
1346.50,31.7145
1347.00,31.7614
1347.50,31.8257
1348.00,31.8848
1348.50,31.9218
1349.00,31.9346
1349.50,31.9342
1350.00,31.9352
1350.50,31.9475
1351.00,31.9729
1351.50,32.0041
1352.00,32.0279
1352.50,32.0310
1353.00,32.0075
1353.50,31.9635
1354.00,31.9149
1354.50,31.8788
1355.00,31.8634
1355.50,31.8646
1356.00,31.8710
1356.50,31.8722
1357.00,31.8640
1357.50,31.8477
1358.00,31.8274
1358.50,31.8082
1359.00,31.7954
1359.50,31.7910
1360.00,31.7923
1360.50,31.7915
1361.00,31.7816
1361.50,31.7614
1362.00,31.7377
1362.50,31.7226
1363.00,31.7276
1363.50,31.7583
1364.00,31.8102
1364.50,31.8705
1365.00,31.9232
1365.50,31.9568
1366.00,31.9696
1366.50,31.9687
1367.00,31.9634
1367.50,31.9594
1368.00,31.9579
1368.50,31.9608
1369.00,31.9735
1369.50,31.9997
1370.00,32.0329
1370.50,32.0549
1371.00,32.0451
1371.50,31.9963
1372.00,31.9218
1372.50,31.8496
1373.00,31.8063
1373.50,31.8043
1374.00,31.8368
1374.50,31.8827
1375.00,31.9193
1375.50,31.9341
1376.00,31.9292
1376.50,31.9150
1377.00,31.8994
1377.50,31.8829
1378.00,31.8631
1378.50,31.8416
1379.00,31.8263
1379.50,31.8254
1380.00,31.8402
1380.50,31.8650
1381.00,31.8926
1381.50,31.9180
1382.00,31.9379
1382.50,31.9467
1383.00,31.9348
1383.50,31.8919
1384.00,31.8164
1384.50,31.7198
1385.00,31.6244
1385.50,31.5530
1386.00,31.5195
1386.50,31.5223
1387.00,31.5453
1387.50,31.5677
1388.00,31.5775
1388.50,31.5782
1389.00,31.5829
1389.50,31.5990
1390.00,31.6198
1390.50,31.6286
1391.00,31.6114
1391.50,31.5679
1392.00,31.5113
1392.50,31.4619
1393.00,31.4355
1393.50,31.4341
1394.00,31.4449
1394.50,31.4508
1395.00,31.4438
1395.50,31.4299
1396.00,31.4221
1396.50,31.4305
1397.00,31.4562
1397.50,31.4919
1398.00,31.5248
1398.50,31.5434
1399.00,31.5461
1399.50,31.5444
1400.00,31.5552
1400.50,31.5886
1401.00,31.6387
1401.50,31.6871
1402.00,31.7130
1402.50,31.7026
1403.00,31.6549
1403.50,31.5823
1404.00,31.5061
1404.50,31.4456
1405.00,31.4079
1405.50,31.3877
1406.00,31.3765
1406.50,31.3717
1407.00,31.3767
1407.50,31.3945
1408.00,31.4259
1408.50,31.4693
1409.00,31.5196
1409.50,31.5678
1410.00,31.6039
1410.50,31.6248
1411.00,31.6357
1411.50,31.6432
1412.00,31.6476
1412.50,31.6434
1413.00,31.6272
1413.50,31.6026
1414.00,31.5751
1414.50,31.5459
1415.00,31.5132
1415.50,31.4784
1416.00,31.4479
1416.50,31.4269
1417.00,31.4119
1417.50,31.3889
1418.00,31.3430
1418.50,31.2723
1419.00,31.1950
1419.50,31.1406
1420.00,31.1283
1420.50,31.1532
1421.00,31.1916
1421.50,31.2181
1422.00,31.2202
1422.50,31.2009
1423.00,31.1752
1423.50,31.1621
1424.00,31.1747
1424.50,31.2103
1425.00,31.2489
1425.50,31.2665
1426.00,31.2527
1426.50,31.2172
1427.00,31.1800
1427.50,31.1549
1428.00,31.1431
1428.50,31.1370
1429.00,31.1285
1429.50,31.1146
1430.00,31.0968
1430.50,31.0783
1431.00,31.0611
1431.50,31.0482
1432.00,31.0457
1432.50,31.0583
1433.00,31.0829
1433.50,31.1066
1434.00,31.1170
1434.50,31.1143
1435.00,31.1158
1435.50,31.1450
1436.00,31.2127
1436.50,31.3061
1437.00,31.3946
1437.50,31.4484
1438.00,31.4568
1438.50,31.4308
1439.00,31.3908
1439.50,31.3486
1440.00,31.3008
1440.50,31.2391
1441.00,31.1666
1441.50,31.1023
1442.00,31.0674
1442.50,31.0703
1443.00,31.1013
1443.50,31.1417
1444.00,31.1760
1444.50,31.1982
1445.00,31.2112
1445.50,31.2203
1446.00,31.2278
1446.50,31.2306
1447.00,31.2219
1447.50,31.1982
1448.00,31.1650
1448.50,31.1362
1449.00,31.1235
1449.50,31.1262
1450.00,31.1318
1450.50,31.1266
1451.00,31.1068
1451.50,31.0813
1452.00,31.0651
1452.50,31.0692
1453.00,31.0923
1453.50,31.1209
1454.00,31.1390
1454.50,31.1401
1455.00,31.1306
1455.50,31.1214
1456.00,31.1159
1456.50,31.1065
1457.00,31.0853
1457.50,31.0567
1458.00,31.0368
1458.50,31.0389
1459.00,31.0601
1459.50,31.0818
1460.00,31.0837
1460.50,31.0582
1461.00,31.0136
1461.50,30.9648
1462.00,30.9236
1462.50,30.8950
1463.00,30.8812
1463.50,30.8857
1464.00,30.9114
1464.50,30.9534
1465.00,30.9963
1465.50,31.0224
1466.00,31.0242
1466.50,31.0099
1467.00,30.9959
1467.50,30.9972
1468.00,31.0195
1468.50,31.0558
1469.00,31.0892
1469.50,31.1017
1470.00,31.0890
1470.50,31.0645
1471.00,31.0496
1471.50,31.0550
1472.00,31.0720
1472.50,31.0793
1473.00,31.0602
1473.50,31.0160
1474.00,30.9653
1474.50,30.9302
1475.00,30.9190
1475.50,30.9207
1476.00,30.9146
1476.50,30.8863
1477.00,30.8368
1477.50,30.7817
1478.00,30.7438
1478.50,30.7437
1479.00,30.7914
1479.50,30.8822
1480.00,30.9967
1480.50,31.1073
1481.00,31.1910
1481.50,31.2420
1482.00,31.2743
1482.50,31.3065
1483.00,31.3443
1483.50,31.3757
1484.00,31.3831
1484.50,31.3587
1485.00,31.3090
1485.50,31.2471
1486.00,31.1825
1486.50,31.1199
1487.00,31.0648
1487.50,31.0278
1488.00,31.0183
1488.50,31.0337
1489.00,31.0590
1489.50,31.0788
1490.00,31.0880
1490.50,31.0898
1491.00,31.0869
1491.50,31.0776
1492.00,31.0587
1492.50,31.0290
1493.00,30.9884
1493.50,30.9389
1494.00,30.8872
1494.50,30.8446
1495.00,30.8204
1495.50,30.8142
1496.00,30.8169
1496.50,30.8188
1497.00,30.8162
1497.50,30.8110
1498.00,30.8035
1498.50,30.7889
1499.00,30.7606
1499.50,30.7162
1500.00,30.6617
1500.50,30.6087
1501.00,30.5671
1501.50,30.5402
1502.00,30.5252
1502.50,30.5187
1503.00,30.5211
1503.50,30.5345
1504.00,30.5592
1504.50,30.5921
1505.00,30.6286
1505.50,30.6628
1506.00,30.6869
1506.50,30.6921
1507.00,30.6730
1507.50,30.6316
1508.00,30.5777
1508.50,30.5220
1509.00,30.4715
1509.50,30.4282
1510.00,30.3933
1510.50,30.3694
1511.00,30.3583
1511.50,30.3580
1512.00,30.3623
1512.50,30.3659
1513.00,30.3694
1513.50,30.3810
1514.00,30.4089
1514.50,30.4525
1515.00,30.4971
1515.50,30.5220
1516.00,30.5123
1516.50,30.4684
1517.00,30.4050
1517.50,30.3446
1518.00,30.3090
1518.50,30.3119
1519.00,30.3504
1519.50,30.4067
1520.00,30.4573
1520.50,30.4851
1521.00,30.4833
1521.50,30.4521
1522.00,30.3964
1522.50,30.3278
1523.00,30.2651
1523.50,30.2292
1524.00,30.2319
1524.50,30.2689
1525.00,30.3220
1525.50,30.3692
1526.00,30.3959
1526.50,30.4013
1527.00,30.3964
1527.50,30.3971
1528.00,30.4157
1528.50,30.4531
1529.00,30.4960
1529.50,30.5219
1530.00,30.5104
1530.50,30.4561
1531.00,30.3756
1531.50,30.3001
1532.00,30.2583
1532.50,30.2576
1533.00,30.2822
1533.50,30.3088
1534.00,30.3260
1534.50,30.3414
1535.00,30.3717
1535.50,30.4251
1536.00,30.4898
1536.50,30.5386
1537.00,30.5447
1537.50,30.4984
1538.00,30.4126
1538.50,30.3162
1539.00,30.2408
1539.50,30.2082
1540.00,30.2233
1540.50,30.2745
1541.00,30.3398
1541.50,30.3969
1542.00,30.4327
1542.50,30.4478
1543.00,30.4532
1543.50,30.4613
1544.00,30.4781
1544.50,30.5001
1545.00,30.5183
1545.50,30.5253
1546.00,30.5225
1546.50,30.5204
1547.00,30.5319
1547.50,30.5598
1548.00,30.5905
1548.50,30.6001
1549.00,30.5718
1549.50,30.5099
1550.00,30.4377
1550.50,30.3798
1551.00,30.3447
1551.50,30.3226
1552.00,30.2986
1552.50,30.2682
1553.00,30.2416
1553.50,30.2344
1554.00,30.2548
1554.50,30.2981
1555.00,30.3514
1555.50,30.4029
1556.00,30.4469
1556.50,30.4817
1557.00,30.5044
1557.50,30.5077
1558.00,30.4833
1558.50,30.4304
1559.00,30.3591
1559.50,30.2870
1560.00,30.2315
1560.50,30.2054
1561.00,30.2155
1561.50,30.2605
1562.00,30.3273
1562.50,30.3924
1563.00,30.4316
1563.50,30.4339
1564.00,30.4063
1564.50,30.3678
1565.00,30.3391
1565.50,30.3345
1566.00,30.3562
1566.50,30.3936
1567.00,30.4285
1567.50,30.4458
1568.00,30.4415
1568.50,30.4212
1569.00,30.3931
1569.50,30.3627
1570.00,30.3359
1570.50,30.3215
1571.00,30.3264
1571.50,30.3477
1572.00,30.3731
1572.50,30.3917
1573.00,30.4046
1573.50,30.4209
1574.00,30.4443
1574.50,30.4648
1575.00,30.4637
1575.50,30.4279
1576.00,30.3597
1576.50,30.2771
1577.00,30.2028
1577.50,30.1533
1578.00,30.1337
1578.50,30.1413
1579.00,30.1692
1579.50,30.2091
1580.00,30.2514
1580.50,30.2878
1581.00,30.3144
1581.50,30.3311
1582.00,30.3400
1582.50,30.3451
1583.00,30.3538
1583.50,30.3745
1584.00,30.4088
1584.50,30.4455
1585.00,30.4674
1585.50,30.4636
1586.00,30.4364
1586.50,30.3977
1587.00,30.3612
1587.50,30.3384
1588.00,30.3359
1588.50,30.3528
1589.00,30.3815
1589.50,30.4136
1590.00,30.4441
1590.50,30.4697
1591.00,30.4843
1591.50,30.4811
1592.00,30.4603
1592.50,30.4329
1593.00,30.4143
1593.50,30.4115
1594.00,30.4191
1594.50,30.4256
1595.00,30.4239
1595.50,30.4159
1596.00,30.4093
1596.50,30.4117
1597.00,30.4265
1597.50,30.4514
1598.00,30.4791
1598.50,30.5013
1599.00,30.5136
1599.50,30.5181
1600.00,30.5204
1600.50,30.5246
1601.00,30.5317
1601.50,30.5386
1602.00,30.5368
1602.50,30.5161
1603.00,30.4739
1603.50,30.4213
1604.00,30.3760
1604.50,30.3468
1605.00,30.3285
1605.50,30.3127
1606.00,30.3007
1606.50,30.3021
1607.00,30.3215
1607.50,30.3495
1608.00,30.3679
1608.50,30.3637
1609.00,30.3373
1609.50,30.2995
1610.00,30.2628
1610.50,30.2344
1611.00,30.2163
1611.50,30.2081
1612.00,30.2107
1612.50,30.2260
1613.00,30.2526
1613.50,30.2848
1614.00,30.3158
1614.50,30.3442
1615.00,30.3731
1615.50,30.4027
1616.00,30.4269
1616.50,30.4376
1617.00,30.4344
1617.50,30.4274
1618.00,30.4291
1618.50,30.4421
1619.00,30.4551
1619.50,30.4513
1620.00,30.4216
1620.50,30.3736
1621.00,30.3278
1621.50,30.3046
1622.00,30.3125
1622.50,30.3427
1623.00,30.3756
1623.50,30.3917
1624.00,30.3830
1624.50,30.3579
1625.00,30.3370
1625.50,30.3406
1626.00,30.3720
1626.50,30.4133
1627.00,30.4386
1627.50,30.4345
1628.00,30.4102
1628.50,30.3862
1629.00,30.3779
1629.50,30.3873
1630.00,30.4076
1630.50,30.4323
1631.00,30.4583
1631.50,30.4849
1632.00,30.5136
1632.50,30.5468
1633.00,30.5843
1633.50,30.6212
1634.00,30.6502
1634.50,30.6672
1635.00,30.6706
1635.50,30.6600
1636.00,30.6361
1636.50,30.6053
1637.00,30.5806
1637.50,30.5752
1638.00,30.5945
1638.50,30.6333
1639.00,30.6795
1639.50,30.7188
1640.00,30.7381
1640.50,30.7274
1641.00,30.6839
1641.50,30.6181
1642.00,30.5523
1642.50,30.5098
1643.00,30.5013
1643.50,30.5212
1644.00,30.5564
1644.50,30.5971
1645.00,30.6390
1645.50,30.6775
1646.00,30.7036
1646.50,30.7095
1647.00,30.6962
1647.50,30.6749
1648.00,30.6606
1648.50,30.6633
1649.00,30.6846
1649.50,30.7174
1650.00,30.7488
1650.50,30.7653
1651.00,30.7595
1651.50,30.7362
1652.00,30.7098
1652.50,30.6958
1653.00,30.7018
1653.50,30.7261
1654.00,30.7635
1654.50,30.8112
1655.00,30.8692
1655.50,30.9354
1656.00,31.0018
1656.50,31.0558
1657.00,31.0866
1657.50,31.0904
1658.00,31.0734
1658.50,31.0495
1659.00,31.0355
1659.50,31.0441
1660.00,31.0771
1660.50,31.1242
1661.00,31.1670
1661.50,31.1879
1662.00,31.1775
1662.50,31.1377
1663.00,31.0812
1663.50,31.0248
1664.00,30.9841
1664.50,30.9713
1665.00,30.9934
1665.50,31.0483
1666.00,31.1227
1666.50,31.1972
1667.00,31.2549
1667.50,31.2867
1668.00,31.2897
1668.50,31.2663
1669.00,31.2260
1669.50,31.1845
1670.00,31.1566
1670.50,31.1488
1671.00,31.1593
1671.50,31.1849
1672.00,31.2232
1672.50,31.2693
1673.00,31.3124
1673.50,31.3410
1674.00,31.3519
1674.50,31.3526
1675.00,31.3531
1675.50,31.3561
1676.00,31.3555
1676.50,31.3443
1677.00,31.3227
1677.50,31.2974
1678.00,31.2733
1678.50,31.2491
1679.00,31.2192
1679.50,31.1809
1680.00,31.1378
1680.50,31.0990
1681.00,31.0725
1681.50,31.0597
1682.00,31.0568
1682.50,31.0616
1683.00,31.0786
1683.50,31.1134
1684.00,31.1602
1684.50,31.1987
1685.00,31.2081
1685.50,31.1870
1686.00,31.1581
1686.50,31.1522
1687.00,31.1860
1687.50,31.2516
1688.00,31.3247
1688.50,31.3841
1689.00,31.4247
1689.50,31.4570
1690.00,31.4961
1690.50,31.5512
1691.00,31.6215
1691.50,31.7020
1692.00,31.7909
1692.50,31.8924
1693.00,32.0122
1693.50,32.1504
1694.00,32.2962
1694.50,32.4310
1695.00,32.5369
1695.50,32.6086
1696.00,32.6587
1696.50,32.7113
1697.00,32.7856
1697.50,32.8829
1698.00,32.9891
1698.50,33.0875
1699.00,33.1707
1699.50,33.2428
1700.00,33.3158
1700.50,33.4053
1701.00,33.5254
1701.50,33.6825
1702.00,33.8720
1702.50,34.0803
1703.00,34.2907
1703.50,34.4906
1704.00,34.6753
1704.50,34.8466
1705.00,35.0070
1705.50,35.1557
1706.00,35.2908
1706.50,35.4148
1707.00,35.5351
1707.50,35.6602
1708.00,35.7934
1708.50,35.9322
1709.00,36.0730
1709.50,36.2155
1710.00,36.3631
1710.50,36.5199
1711.00,36.6873
1711.50,36.8637
1712.00,37.0448
1712.50,37.2259
1713.00,37.4026
1713.50,37.5709
1714.00,37.7258
1714.50,37.8644
1715.00,37.9907
1715.50,38.1165
1716.00,38.2517
1716.50,38.3915
1717.00,38.5137
1717.50,38.5913
1718.00,38.6093
1718.50,38.5689
1719.00,38.4814
1719.50,38.3587
1720.00,38.2109
1720.50,38.0464
1721.00,37.8710
1721.50,37.6867
1722.00,37.4904
1722.50,37.2747
1723.00,37.0300
1723.50,36.7487
1724.00,36.4282
1724.50,36.0716
1725.00,35.6842
1725.50,35.2711
1726.00,34.8393
1726.50,34.4010
1727.00,33.9722
1727.50,33.5642
1728.00,33.1783
1728.50,32.8091
1729.00,32.4560
1729.50,32.1284
1730.00,31.8409
1730.50,31.6021
1731.00,31.4094
1731.50,31.2523
1732.00,31.1179
1732.50,30.9951
1733.00,30.8758
1733.50,30.7604
1734.00,30.6620
1734.50,30.6002
1735.00,30.5882
1735.50,30.6223
1736.00,30.6834
1736.50,30.7470
1737.00,30.7927
1737.50,30.8092
1738.00,30.7962
1738.50,30.7643
1739.00,30.7298
1739.50,30.7087
1740.00,30.7124
1740.50,30.7466
1741.00,30.8120
1741.50,30.9033
1742.00,31.0075
1742.50,31.1050
1743.00,31.1784
1743.50,31.2223
1744.00,31.2473
1744.50,31.2717
1745.00,31.3090
1745.50,31.3609
1746.00,31.4198
1746.50,31.4753
1747.00,31.5188
1747.50,31.5464
1748.00,31.5604
1748.50,31.5687
1749.00,31.5810
1749.50,31.6046
1750.00,31.6427
1750.50,31.6934
1751.00,31.7501
1751.50,31.8021
1752.00,31.8402
1752.50,31.8601
1753.00,31.8642
1753.50,31.8590
1754.00,31.8536
1754.50,31.8580
1755.00,31.8792
1755.50,31.9165
1756.00,31.9622
1756.50,32.0073
1757.00,32.0462
1757.50,32.0763
1758.00,32.0943
1758.50,32.0937
1759.00,32.0689
1759.50,32.0213
1760.00,31.9632
1760.50,31.9156
1761.00,31.8992
1761.50,31.9242
1762.00,31.9822
1762.50,32.0473
1763.00,32.0902
1763.50,32.0968
1764.00,32.0771
1764.50,32.0536
1765.00,32.0401
1765.50,32.0321
1766.00,32.0163
1766.50,31.9873
1767.00,31.9520
1767.50,31.9212
1768.00,31.9014
1768.50,31.8923
1769.00,31.8885
1769.50,31.8815
1770.00,31.8618
1770.50,31.8253
1771.00,31.7804
1771.50,31.7481
1772.00,31.7499
1772.50,31.7916
1773.00,31.8575
1773.50,31.9231
1774.00,31.9738
1774.50,32.0111
1775.00,32.0427
1775.50,32.0690
1776.00,32.0803
1776.50,32.0656
1777.00,32.0228
1777.50,31.9614
1778.00,31.8975
1778.50,31.8451
1779.00,31.8101
1779.50,31.7909
1780.00,31.7823
1780.50,31.7803
1781.00,31.7834
1781.50,31.7898
1782.00,31.7956
1782.50,31.7977
1783.00,31.7974
1783.50,31.8009
1784.00,31.8115
1784.50,31.8236
1785.00,31.8261
1785.50,31.8118
1786.00,31.7829
1786.50,31.7459
1787.00,31.7036
1787.50,31.6538
1788.00,31.5961
1788.50,31.5384
1789.00,31.4938
1789.50,31.4728
1790.00,31.4778
1790.50,31.5048
1791.00,31.5463
1791.50,31.5929
1792.00,31.6341
1792.50,31.6617
1793.00,31.6757
1793.50,31.6859
1794.00,31.7047
1794.50,31.7346
1795.00,31.7623
1795.50,31.7671
1796.00,31.7390
1796.50,31.6890
1797.00,31.6438
1797.50,31.6276
1798.00,31.6465
1798.50,31.6875
1799.00,31.7299
1799.50,31.7568
1800.00,31.7582
1800.50,31.7282
1801.00,31.6666
1801.50,31.5824
1802.00,31.4945
1802.50,31.4243
1803.00,31.3849
1803.50,31.3772
1804.00,31.3902
1804.50,31.4057
1805.00,31.4055
1805.50,31.3810
1806.00,31.3384
1806.50,31.2953
1807.00,31.2656
1807.50,31.2471
1808.00,31.2232
1808.50,31.1760
1809.00,31.1002
1809.50,31.0075
1810.00,30.9216
1810.50,30.8690
1811.00,30.8663
1811.50,30.9103
1812.00,30.9786
1812.50,31.0412
1813.00,31.0748
1813.50,31.0721
1814.00,31.0403
1814.50,30.9956
1815.00,30.9536
1815.50,30.9222
1816.00,30.9009
1816.50,30.8867
1817.00,30.8800
1817.50,30.8830
1818.00,30.8931
1818.50,30.9001
1819.00,30.8917
1819.50,30.8639
1820.00,30.8234
1820.50,30.7820
1821.00,30.7489
1821.50,30.7289
1822.00,30.7221
1822.50,30.7250
1823.00,30.7330
1823.50,30.7459
1824.00,30.7710
1824.50,30.8174
1825.00,30.8862
1825.50,30.9645
1826.00,31.0298
1826.50,31.0637
1827.00,31.0631
1827.50,31.0393
1828.00,31.0044
1828.50,30.9618
1829.00,30.9094
1829.50,30.8506
1830.00,30.7981
1830.50,30.7663
1831.00,30.7586
1831.50,30.7629
1832.00,30.7578
1832.50,30.7298
1833.00,30.6862
1833.50,30.6503
1834.00,30.6405
1834.50,30.6564
1835.00,30.6828
1835.50,30.7053
1836.00,30.7186
1836.50,30.7245
1837.00,30.7277
1837.50,30.7363
1838.00,30.7587
1838.50,30.7962
1839.00,30.8359
1839.50,30.8570
1840.00,30.8450
1840.50,30.8024
1841.00,30.7445
1841.50,30.6873
1842.00,30.6413
1842.50,30.6113
1843.00,30.5982
1843.50,30.5989
1844.00,30.6070
1844.50,30.6172
1845.00,30.6281
1845.50,30.6399
1846.00,30.6517
1846.50,30.6625
1847.00,30.6737
1847.50,30.6866
1848.00,30.6979
1848.50,30.7008
1849.00,30.6957
1849.50,30.6966
1850.00,30.7228
1850.50,30.7788
1851.00,30.8448
1851.50,30.8893
1852.00,30.8915
1852.50,30.8547
1853.00,30.8007
1853.50,30.7532
1854.00,30.7246
1854.50,30.7130
1855.00,30.7096
1855.50,30.7090
1856.00,30.7128
1856.50,30.7243
1857.00,30.7430
1857.50,30.7634
1858.00,30.7781
1858.50,30.7794
1859.00,30.7594
1859.50,30.7144
1860.00,30.6496
1860.50,30.5780
1861.00,30.5143
1861.50,30.4701
1862.00,30.4526
1862.50,30.4646
1863.00,30.4997
1863.50,30.5419
1864.00,30.5745
1864.50,30.5927
1865.00,30.6076
1865.50,30.6352
1866.00,30.6830
1866.50,30.7441
1867.00,30.8037
1867.50,30.8493
1868.00,30.8771
1868.50,30.8897
1869.00,30.8926
1869.50,30.8909
1870.00,30.8882
1870.50,30.8844
1871.00,30.8754
1871.50,30.8566
1872.00,30.8290
1872.50,30.8012
1873.00,30.7839
1873.50,30.7834
1874.00,30.7990
1874.50,30.8240
1875.00,30.8456
1875.50,30.8491
1876.00,30.8269
1876.50,30.7881
1877.00,30.7551
1877.50,30.7447
1878.00,30.7542
1878.50,30.7651
1879.00,30.7628
1879.50,30.7503
1880.00,30.7427
1880.50,30.7514
1881.00,30.7758
1881.50,30.8068
1882.00,30.8352
1882.50,30.8540
1883.00,30.8576
1883.50,30.8422
1884.00,30.8092
1884.50,30.7681
1885.00,30.7332
1885.50,30.7144
1886.00,30.7084
1886.50,30.7013
1887.00,30.6832
1887.50,30.6599
1888.00,30.6505
1888.50,30.6725
1889.00,30.7266
1889.50,30.7958
1890.00,30.8546
1890.50,30.8815
1891.00,30.8659
1891.50,30.8085
1892.00,30.7196
1892.50,30.6171
1893.00,30.5248
1893.50,30.4673
1894.00,30.4608
1894.50,30.5056
1895.00,30.5847
1895.50,30.6705
1896.00,30.7359
1896.50,30.7640
1897.00,30.7525
1897.50,30.7107
1898.00,30.6536
1898.50,30.5981
1899.00,30.5623
1899.50,30.5623
1900.00,30.6028
1900.50,30.6693
1901.00,30.7322
1901.50,30.7646
1902.00,30.7571
1902.50,30.7195
1903.00,30.6706
1903.50,30.6276
1904.00,30.5996
1904.50,30.5869
1905.00,30.5843
1905.50,30.5863
1906.00,30.5921
1906.50,30.6064
1907.00,30.6337
1907.50,30.6722
1908.00,30.7112
1908.50,30.7360
1909.00,30.7349
1909.50,30.7066
1910.00,30.6616
1910.50,30.6178
1911.00,30.5926
1911.50,30.5965
1912.00,30.6293
1912.50,30.6834
1913.00,30.7470
1913.50,30.8097
1914.00,30.8643
1914.50,30.9070
1915.00,30.9366
1915.50,30.9547
1916.00,30.9684
1916.50,30.9894
1917.00,31.0275
1917.50,31.0824
1918.00,31.1422
1918.50,31.1930
1919.00,31.2315
1919.50,31.2697
1920.00,31.3271
1920.50,31.4185
1921.00,31.5457
1921.50,31.6973
1922.00,31.8570
1922.50,32.0146
1923.00,32.1701
1923.50,32.3299
1924.00,32.4995
1924.50,32.6800
1925.00,32.8704
1925.50,33.0702
1926.00,33.2782
1926.50,33.4915
1927.00,33.7064
1927.50,33.9235
1928.00,34.1506
1928.50,34.3967
1929.00,34.6619
1929.50,34.9339
1930.00,35.1993
1930.50,35.4570
1931.00,35.7199
1931.50,36.0036
1932.00,36.3135
1932.50,36.6437
1933.00,36.9844
1933.50,37.3305
1934.00,37.6838
1934.50,38.0485
1935.00,38.4251
1935.50,38.8105
1936.00,39.2012
1936.50,39.5961
1937.00,39.9942
1937.50,40.3933
1938.00,40.7930
1938.50,41.1976
1939.00,41.6127
1939.50,42.0389
1940.00,42.4688
1940.50,42.8914
1941.00,43.2999
1941.50,43.6988
1942.00,44.1024
1942.50,44.5271
1943.00,44.9822
1943.50,45.4665
1944.00,45.9709
1944.50,46.4837
1945.00,46.9940
1945.50,47.4940
1946.00,47.9796
1946.50,48.4496
1947.00,48.9054
1947.50,49.3514
1948.00,49.7948
1948.50,50.2433
1949.00,50.7001
1949.50,51.1613
1950.00,51.6197
1950.50,52.0721
1951.00,52.5226
1951.50,52.9775
1952.00,53.4383
1952.50,53.9019
1953.00,54.3685
1953.50,54.8451
1954.00,55.3394
1954.50,55.8498
1955.00,56.3643
1955.50,56.8696
1956.00,57.3591
1956.50,57.8344
1957.00,58.3009
1957.50,58.7646
1958.00,59.2290
1958.50,59.6934
1959.00,60.1543
1959.50,60.6096
1960.00,61.0616
1960.50,61.5118
1961.00,61.9566
1961.50,62.3886
1962.00,62.8043
1962.50,63.2104
1963.00,63.6215
1963.50,64.0528
1964.00,64.5124
1964.50,64.9989
1965.00,65.5040
1965.50,66.0192
1966.00,66.5411
1966.50,67.0720
1967.00,67.6117
1967.50,68.1501
1968.00,68.6680
1968.50,69.1495
1969.00,69.5961
1969.50,70.0289
1970.00,70.4774
1970.50,70.9620
1971.00,71.4817
1971.50,72.0161
1972.00,72.5406
1972.50,73.0426
1973.00,73.5246
1973.50,73.9955
1974.00,74.4579
1974.50,74.9051
1975.00,75.3277
1975.50,75.7215
1976.00,76.0899
1976.50,76.4420
1977.00,76.7851
1977.50,77.1180
1978.00,77.4254
1978.50,77.6799
1979.00,77.8485
1979.50,77.9001
1980.00,77.8090
1980.50,77.5554
1981.00,77.1254
1981.50,76.5096
1982.00,75.6997
1982.50,74.6848
1983.00,73.4497
1983.50,71.9772
1984.00,70.2523
1984.50,68.2699
1985.00,66.0438
1985.50,63.6090
1986.00,61.0135
1986.50,58.3075
1987.00,55.5403
1987.50,52.7660
1988.00,50.0488
1988.50,47.4596
1989.00,45.0613
1989.50,42.8939
1990.00,40.9691
1990.50,39.2784
1991.00,37.8076
1991.50,36.5455
1992.00,35.4825
1992.50,34.6052
1993.00,33.8933
1993.50,33.3207
1994.00,32.8600
1994.50,32.4880
1995.00,32.1889
1995.50,31.9542
1996.00,31.7801
1996.50,31.6626
1997.00,31.5923
1997.50,31.5519
1998.00,31.5202
1998.50,31.4815
1999.00,31.4330
1999.50,31.3857
2000.00,31.3575
2000.50,31.3618
2001.00,31.3999
2001.50,31.4592
2002.00,31.5192
2002.50,31.5606
2003.00,31.5751
2003.50,31.5682
2004.00,31.5514
2004.50,31.5312
2005.00,31.5059
2005.50,31.4727
2006.00,31.4340
2006.50,31.3949
2007.00,31.3572
2007.50,31.3179
2008.00,31.2747
2008.50,31.2316
2009.00,31.1968
2009.50,31.1743
2010.00,31.1603
2010.50,31.1446
2011.00,31.1189
2011.50,31.0834
2012.00,31.0487
2012.50,31.0294
2013.00,31.0336
2013.50,31.0574
2014.00,31.0878
2014.50,31.1138
2015.00,31.1347
2015.50,31.1586
2016.00,31.1913
2016.50,31.2272
2017.00,31.2493
2017.50,31.2380
2018.00,31.1843
2018.50,31.0963
2019.00,30.9952
2019.50,30.9055
2020.00,30.8443
2020.50,30.8182
2021.00,30.8232
2021.50,30.8470
2022.00,30.8714
2022.50,30.8808
2023.00,30.8718
2023.50,30.8556
2024.00,30.8477
2024.50,30.8525
2025.00,30.8603
2025.50,30.8573
2026.00,30.8371
2026.50,30.8058
2027.00,30.7800
2027.50,30.7778
2028.00,30.8080
2028.50,30.8609
2029.00,30.9139
2029.50,30.9457
2030.00,30.9506
2030.50,30.9373
2031.00,30.9195
2031.50,30.9066
2032.00,30.9015
2032.50,30.9021
2033.00,30.9045
2033.50,30.9060
2034.00,30.9074
2034.50,30.9130
2035.00,30.9262
2035.50,30.9433
2036.00,30.9529
2036.50,30.9438
2037.00,30.9185
2037.50,30.8974
2038.00,30.9101
2038.50,30.9745
2039.00,31.0819
2039.50,31.1994
2040.00,31.2899
2040.50,31.3358
2041.00,31.3439
2041.50,31.3328
2042.00,31.3156
2042.50,31.2951
2043.00,31.2706
2043.50,31.2441
2044.00,31.2199
2044.50,31.2020
2045.00,31.1941
2045.50,31.1997
2046.00,31.2195
2046.50,31.2470
2047.00,31.2709
2047.50,31.2817
2048.00,31.2770
2048.50,31.2587
2049.00,31.2289
2049.50,31.1900
2050.00,31.1495
2050.50,31.1210
2051.00,31.1167
2051.50,31.1370
2052.00,31.1686
2052.50,31.1943
2053.00,31.2053
2053.50,31.2046
2054.00,31.1987
2054.50,31.1906
2055.00,31.1796
2055.50,31.1670
2056.00,31.1598
2056.50,31.1685
2057.00,31.1984
2057.50,31.2437
2058.00,31.2884
2058.50,31.3145
2059.00,31.3107
2059.50,31.2768
2060.00,31.2214
2060.50,31.1579
2061.00,31.1022
2061.50,31.0669
2062.00,31.0557
2062.50,31.0613
2063.00,31.0710
2063.50,31.0757
2064.00,31.0742
2064.50,31.0719
2065.00,31.0756
2065.50,31.0890
2066.00,31.1112
2066.50,31.1375
2067.00,31.1615
2067.50,31.1784
2068.00,31.1872
2068.50,31.1916
2069.00,31.1984
2069.50,31.2135
2070.00,31.2393
2070.50,31.2751
2071.00,31.3178
2071.50,31.3630
2072.00,31.4049
2072.50,31.4370
2073.00,31.4538
2073.50,31.4533
2074.00,31.4385
2074.50,31.4164
2075.00,31.3936
2075.50,31.3747
2076.00,31.3626
2076.50,31.3588
2077.00,31.3613
2077.50,31.3623
2078.00,31.3520
2078.50,31.3271
2079.00,31.2961
2079.50,31.2738
2080.00,31.2676
2080.50,31.2704
2081.00,31.2691
2081.50,31.2599
2082.00,31.2531
2082.50,31.2637
2083.00,31.2989
2083.50,31.3546
2084.00,31.4184
2084.50,31.4762
2085.00,31.5169
2085.50,31.5365
2086.00,31.5387
2086.50,31.5324
2087.00,31.5274
2087.50,31.5302
2088.00,31.5414
2088.50,31.5553
2089.00,31.5614
2089.50,31.5473
2090.00,31.5038
2090.50,31.4326
2091.00,31.3482
2091.50,31.2736
2092.00,31.2303
2092.50,31.2290
2093.00,31.2648
2093.50,31.3186
2094.00,31.3652
2094.50,31.3840
2095.00,31.3672
2095.50,31.3196
2096.00,31.2557
2096.50,31.1947
2097.00,31.1523
2097.50,31.1325
2098.00,31.1264
2098.50,31.1206
2099.00,31.1084
2099.50,31.0932
2100.00,31.0822
2100.50,31.0774
2101.00,31.0721
2101.50,31.0583
2102.00,31.0353
2102.50,31.0114
2103.00,30.9948
2103.50,30.9859
2104.00,30.9782
2104.50,30.9656
2105.00,30.9468
2105.50,30.9251
2106.00,30.9046
2106.50,30.8889
2107.00,30.8805
2107.50,30.8825
2108.00,30.8979
2108.50,30.9265
2109.00,30.9618
2109.50,30.9927
2110.00,31.0096
2110.50,31.0091
2111.00,30.9930
2111.50,30.9661
2112.00,30.9343
2112.50,30.9057
2113.00,30.8901
2113.50,30.8972
2114.00,30.9306
2114.50,30.9835
2115.00,31.0407
2115.50,31.0868
2116.00,31.1129
2116.50,31.1165
2117.00,31.1001
2117.50,31.0724
2118.00,31.0480
2118.50,31.0392
2119.00,31.0473
2119.50,31.0667
2120.00,31.0956
2120.50,31.1381
2121.00,31.1933
2121.50,31.2457
2122.00,31.2717
2122.50,31.2572
2123.00,31.2089
2123.50,31.1496
2124.00,31.1020
2124.50,31.0741
2125.00,31.0587
2125.50,31.0437
2126.00,31.0246
2126.50,31.0082
2127.00,31.0060
2127.50,31.0260
2128.00,31.0669
2128.50,31.1173
2129.00,31.1617
2129.50,31.1906
2130.00,31.2068
2130.50,31.2214
2131.00,31.2419
2131.50,31.2667
2132.00,31.2893
2132.50,31.3079
2133.00,31.3284
2133.50,31.3565
2134.00,31.3898
2134.50,31.4194
2135.00,31.4400
2135.50,31.4578
2136.00,31.4853
2136.50,31.5280
2137.00,31.5742
2137.50,31.6006
2138.00,31.5897
2138.50,31.5434
2139.00,31.4825
2139.50,31.4318
2140.00,31.4050
2140.50,31.4018
2141.00,31.4157
2141.50,31.4424
2142.00,31.4794
2142.50,31.5196
2143.00,31.5486
2143.50,31.5500
2144.00,31.5166
2144.50,31.4574
2145.00,31.3932
2145.50,31.3444
2146.00,31.3192
2146.50,31.3122
2147.00,31.3112
2147.50,31.3060
2148.00,31.2934
2148.50,31.2767
2149.00,31.2644
2149.50,31.2673
2150.00,31.2935
2150.50,31.3414
2151.00,31.3952
2151.50,31.4310
2152.00,31.4309
2152.50,31.3951
2153.00,31.3394
2153.50,31.2823
2154.00,31.2331
2154.50,31.1920
2155.00,31.1572
2155.50,31.1299
2156.00,31.1147
2156.50,31.1156
2157.00,31.1298
2157.50,31.1458
2158.00,31.1493
2158.50,31.1348
2159.00,31.1125
2159.50,31.1016
2160.00,31.1151
2160.50,31.1513
2161.00,31.1988
2161.50,31.2476
2162.00,31.2939
2162.50,31.3364
2163.00,31.3708
2163.50,31.3902
2164.00,31.3883
2164.50,31.3640
2165.00,31.3240
2165.50,31.2830
2166.00,31.2590
2166.50,31.2639
2167.00,31.2964
2167.50,31.3416
2168.00,31.3811
2168.50,31.4039
2169.00,31.4113
2169.50,31.4097
2170.00,31.4036
2170.50,31.3958
2171.00,31.3908
2171.50,31.3964
2172.00,31.4204
2172.50,31.4655
2173.00,31.5248
2173.50,31.5820
2174.00,31.6176
2174.50,31.6215
2175.00,31.5995
2175.50,31.5686
2176.00,31.5439
2176.50,31.5271
2177.00,31.5074
2177.50,31.4762
2178.00,31.4408
2178.50,31.4242
2179.00,31.4468
2179.50,31.5088
2180.00,31.5880
2180.50,31.6552
2181.00,31.6920
2181.50,31.7000
2182.00,31.6941
2182.50,31.6870
2183.00,31.6774
2183.50,31.6536
2184.00,31.6079
2184.50,31.5482
2185.00,31.4945
2185.50,31.4649
2186.00,31.4649
2186.50,31.4884
2187.00,31.5235
2187.50,31.5575
2188.00,31.5790
2188.50,31.5822
2189.00,31.5710
2189.50,31.5584
2190.00,31.5566
2190.50,31.5676
2191.00,31.5806
2191.50,31.5803
2192.00,31.5571
2192.50,31.5121
2193.00,31.4532
2193.50,31.3912
2194.00,31.3386
2194.50,31.3081
2195.00,31.3075
2195.50,31.3349
2196.00,31.3794
2196.50,31.4253
2197.00,31.4593
2197.50,31.4769
2198.00,31.4814
2198.50,31.4767
2199.00,31.4609
2199.50,31.4307
2200.00,31.3892
2200.50,31.3485
2201.00,31.3224
2201.50,31.3181
2202.00,31.3349
2202.50,31.3689
2203.00,31.4147
2203.50,31.4644
2204.00,31.5064
2204.50,31.5302
2205.00,31.5370
2205.50,31.5428
2206.00,31.5689
2206.50,31.6242
2207.00,31.6968
2207.50,31.7619
2208.00,31.7992
2208.50,31.8047
2209.00,31.7920
2209.50,31.7812
2210.00,31.7855
2210.50,31.8010
2211.00,31.8107
2211.50,31.7984
2212.00,31.7634
2212.50,31.7222
2213.00,31.6980
2213.50,31.7049
2214.00,31.7399
2214.50,31.7860
2215.00,31.8225
2215.50,31.8354
2216.00,31.8216
2216.50,31.7875
2217.00,31.7458
2217.50,31.7099
2218.00,31.6884
2218.50,31.6818
2219.00,31.6828
2219.50,31.6809
2220.00,31.6660
2220.50,31.6343
2221.00,31.5917
2221.50,31.5509
2222.00,31.5224
2222.50,31.5080
2223.00,31.5051
2223.50,31.5148
2224.00,31.5421
2224.50,31.5878
2225.00,31.6435
2225.50,31.6960
2226.00,31.7361
2226.50,31.7615
2227.00,31.7726
2227.50,31.7662
2228.00,31.7367
2228.50,31.6833
2229.00,31.6165
2229.50,31.5562
2230.00,31.5211
2230.50,31.5193
2231.00,31.5454
2231.50,31.5860
2232.00,31.6274
2232.50,31.6608
2233.00,31.6833
2233.50,31.6971
2234.00,31.7083
2234.50,31.7250
2235.00,31.7525
2235.50,31.7899
2236.00,31.8288
2236.50,31.8556
2237.00,31.8576
2237.50,31.8318
2238.00,31.7904
2238.50,31.7552
2239.00,31.7410
2239.50,31.7432
2240.00,31.7437
2240.50,31.7279
2241.00,31.6964
2241.50,31.6617
2242.00,31.6371
2242.50,31.6317
2243.00,31.6483
2243.50,31.6819
2244.00,31.7203
2244.50,31.7496
2245.00,31.7621
2245.50,31.7622
2246.00,31.7624
2246.50,31.7741
2247.00,31.7975
2247.50,31.8216
2248.00,31.8338
2248.50,31.8325
2249.00,31.8281
2249.50,31.8313
2250.00,31.8418
2250.50,31.8478
2251.00,31.8363
2251.50,31.8012
2252.00,31.7466
2252.50,31.6844
2253.00,31.6307
2253.50,31.6001
2254.00,31.5999
2254.50,31.6263
2255.00,31.6675
2255.50,31.7090
2256.00,31.7374
2256.50,31.7439
2257.00,31.7272
2257.50,31.6967
2258.00,31.6696
2258.50,31.6631
2259.00,31.6855
2259.50,31.7331
2260.00,31.7912
2260.50,31.8404
2261.00,31.8642
2261.50,31.8572
2262.00,31.8282
2262.50,31.7962
2263.00,31.7804
2263.50,31.7890
2264.00,31.8162
2264.50,31.8484
2265.00,31.8759
2265.50,31.8960
2266.00,31.9097
2266.50,31.9170
2267.00,31.9183
2267.50,31.9170
2268.00,31.9191
2268.50,31.9288
2269.00,31.9440
2269.50,31.9562
2270.00,31.9561
2270.50,31.9397
2271.00,31.9131
2271.50,31.8911
2272.00,31.8902
2272.50,31.9185
2273.00,31.9674
2273.50,32.0153
2274.00,32.0424
2274.50,32.0448
2275.00,32.0338
2275.50,32.0234
2276.00,32.0185
2276.50,32.0146
2277.00,32.0065
2277.50,31.9952
2278.00,31.9885
2278.50,31.9959
2279.00,32.0213
2279.50,32.0603
2280.00,32.1021
2280.50,32.1371
2281.00,32.1625
2281.50,32.1822
2282.00,32.2028
2282.50,32.2284
2283.00,32.2558
2283.50,32.2734
2284.00,32.2680
2284.50,32.2372
2285.00,32.1958
2285.50,32.1663
2286.00,32.1616
2286.50,32.1768
2287.00,32.1980
2287.50,32.2162
2288.00,32.2320
2288.50,32.2515
2289.00,32.2788
2289.50,32.3116
2290.00,32.3419
2290.50,32.3607
2291.00,32.3634
2291.50,32.3520
2292.00,32.3306
2292.50,32.3018
2293.00,32.2675
2293.50,32.2340
2294.00,32.2114
2294.50,32.2071
2295.00,32.2190
2295.50,32.2372
2296.00,32.2507
2296.50,32.2532
2297.00,32.2410
2297.50,32.2095
2298.00,32.1553
2298.50,32.0840
2299.00,32.0131
2299.50,31.9647
2300.00,31.9499
2300.50,31.9617
2301.00,31.9825
2301.50,31.9997
2302.00,32.0116
2302.50,32.0230
2303.00,32.0360
2303.50,32.0488
2304.00,32.0597
2304.50,32.0702
2305.00,32.0835
2305.50,32.1005
2306.00,32.1187
2306.50,32.1337
2307.00,32.1385
2307.50,32.1226
2308.00,32.0758
2308.50,31.9989
2309.00,31.9101
2309.50,31.8363
2310.00,31.7971
2310.50,31.7947
2311.00,31.8178
2311.50,31.8518
2312.00,31.8859
2312.50,31.9143
2313.00,31.9357
2313.50,31.9525
2314.00,31.9673
2314.50,31.9788
2315.00,31.9801
2315.50,31.9639
2316.00,31.9299
2316.50,31.8893
2317.00,31.8616
2317.50,31.8642
2318.00,31.9007
2318.50,31.9567
2319.00,32.0070
2319.50,32.0298
2320.00,32.0183
2320.50,31.9834
2321.00,31.9470
2321.50,31.9300
2322.00,31.9423
2322.50,31.9800
2323.00,32.0297
2323.50,32.0753
2324.00,32.0996
2324.50,32.0875
2325.00,32.0360
2325.50,31.9639
2326.00,31.9049
2326.50,31.8819
2327.00,31.8890
2327.50,31.9001
2328.00,31.8959
2328.50,31.8816
2329.00,31.8794
2329.50,31.9077
2330.00,31.9660
2330.50,32.0348
2331.00,32.0858
2331.50,32.0995
2332.00,32.0789
2332.50,32.0517
2333.00,32.0539
2333.50,32.1033
2334.00,32.1844
2334.50,32.2592
2335.00,32.2954
2335.50,32.2893
2336.00,32.2629
2336.50,32.2402
2337.00,32.2273
2337.50,32.2131
2338.00,32.1857
2338.50,32.1482
2339.00,32.1193
2339.50,32.1201
2340.00,32.1571
2340.50,32.2150
2341.00,32.2662
2341.50,32.2891
2342.00,32.2816
2342.50,32.2570
2343.00,32.2298
2343.50,32.2056
2344.00,32.1847
2344.50,32.1696
2345.00,32.1651
2345.50,32.1715
2346.00,32.1800
2346.50,32.1792
2347.00,32.1656
2347.50,32.1487
2348.00,32.1437
2348.50,32.1628
2349.00,32.2083
2349.50,32.2718
2350.00,32.3344
2350.50,32.3739
2351.00,32.3776
2351.50,32.3508
2352.00,32.3114
2352.50,32.2749
2353.00,32.2469
2353.50,32.2270
2354.00,32.2159
2354.50,32.2151
2355.00,32.2218
2355.50,32.2263
2356.00,32.2179
2356.50,32.1927
2357.00,32.1573
2357.50,32.1247
2358.00,32.1072
2358.50,32.1102
2359.00,32.1288
2359.50,32.1503
2360.00,32.1615
2360.50,32.1567
2361.00,32.1408
2361.50,32.1251
2362.00,32.1171
2362.50,32.1171
2363.00,32.1198
2363.50,32.1180
2364.00,32.1032
2364.50,32.0664
2365.00,32.0040
2365.50,31.9250
2366.00,31.8516
2366.50,31.8099
2367.00,31.8163
2367.50,31.8677
2368.00,31.9425
2368.50,32.0124
2369.00,32.0573
2369.50,32.0748
2370.00,32.0803
2370.50,32.0951
2371.00,32.1315
2371.50,32.1856
2372.00,32.2407
2372.50,32.2792
2373.00,32.2927
2373.50,32.2857
2374.00,32.2729
2374.50,32.2714
2375.00,32.2916
2375.50,32.3294
2376.00,32.3691
2376.50,32.3946
2377.00,32.4016
2377.50,32.3978
2378.00,32.3944
2378.50,32.3949
2379.00,32.3942
2379.50,32.3855
2380.00,32.3689
2380.50,32.3531
2381.00,32.3481
2381.50,32.3573
2382.00,32.3757
2382.50,32.3942
2383.00,32.4049
2383.50,32.4067
2384.00,32.4045
2384.50,32.4034
2385.00,32.4030
2385.50,32.3982
2386.00,32.3849
2386.50,32.3644
2387.00,32.3399
2387.50,32.3120
2388.00,32.2807
2388.50,32.2499
2389.00,32.2275
2389.50,32.2192
2390.00,32.2242
2390.50,32.2389
2391.00,32.2633
2391.50,32.2999
2392.00,32.3460
2392.50,32.3908
2393.00,32.4212
2393.50,32.4310
2394.00,32.4242
2394.50,32.4102
2395.00,32.3983
2395.50,32.3956
2396.00,32.4081
2396.50,32.4403
2397.00,32.4904
2397.50,32.5471
2398.00,32.5915
2398.50,32.6078
2399.00,32.5947
2399.50,32.5678
2400.00,32.5491
2400.50,32.5498
2401.00,32.5633
2401.50,32.5743
2402.00,32.5733
2402.50,32.5644
2403.00,32.5589
2403.50,32.5640
2404.00,32.5777
2404.50,32.5934
2405.00,32.6061
2405.50,32.6124
2406.00,32.6076
2406.50,32.5878
2407.00,32.5577
2407.50,32.5312
2408.00,32.5228
2408.50,32.5370
2409.00,32.5655
2409.50,32.5923
2410.00,32.6009
2410.50,32.5824
2411.00,32.5419
2411.50,32.4961
2412.00,32.4634
2412.50,32.4528
2413.00,32.4626
2413.50,32.4853
2414.00,32.5129
2414.50,32.5371
2415.00,32.5498
2415.50,32.5433
2416.00,32.5147
2416.50,32.4690
2417.00,32.4178
2417.50,32.3733
2418.00,32.3435
2418.50,32.3301
2419.00,32.3302
2419.50,32.3382
2420.00,32.3478
2420.50,32.3554
2421.00,32.3589
2421.50,32.3550
2422.00,32.3377
2422.50,32.3014
2423.00,32.2496
2423.50,32.1968
2424.00,32.1636
2424.50,32.1645
2425.00,32.2001
2425.50,32.2552
2426.00,32.3052
2426.50,32.3285
2427.00,32.3190
2427.50,32.2908
2428.00,32.2678
2428.50,32.2669
2429.00,32.2872
2429.50,32.3160
2430.00,32.3438
2430.50,32.3692
2431.00,32.3927
2431.50,32.4083
2432.00,32.4069
2432.50,32.3860
2433.00,32.3543
2433.50,32.3269
2434.00,32.3155
2434.50,32.3214
2435.00,32.3356
2435.50,32.3476
2436.00,32.3565
2436.50,32.3728
2437.00,32.4086
2437.50,32.4649
2438.00,32.5282
2438.50,32.5797
2439.00,32.6072
2439.50,32.6094
2440.00,32.5920
2440.50,32.5605
2441.00,32.5206
2441.50,32.4822
2442.00,32.4587
2442.50,32.4584
2443.00,32.4773
2443.50,32.5016
2444.00,32.5187
2444.50,32.5257
2445.00,32.5288
2445.50,32.5353
2446.00,32.5466
2446.50,32.5577
2447.00,32.5615
2447.50,32.5506
2448.00,32.5189
2448.50,32.4623
2449.00,32.3838
2449.50,32.2980
2450.00,32.2285
2450.50,32.1972
2451.00,32.2105
2451.50,32.2530
2452.00,32.2964
2452.50,32.3165
2453.00,32.3078
2453.50,32.2841
2454.00,32.2673
2454.50,32.2708
2455.00,32.2914
2455.50,32.3148
2456.00,32.3314
2456.50,32.3478
2457.00,32.3814
2457.50,32.4423
2458.00,32.5204
2458.50,32.5894
2459.00,32.6254
2459.50,32.6217
2460.00,32.5902
2460.50,32.5523
2461.00,32.5251
2461.50,32.5138
2462.00,32.5118
2462.50,32.5083
2463.00,32.4951
2463.50,32.4693
2464.00,32.4333
2464.50,32.3952
2465.00,32.3694
2465.50,32.3693
2466.00,32.3968
2466.50,32.4380
2467.00,32.4708
2467.50,32.4755
2468.00,32.4428
2468.50,32.3778
2469.00,32.3009
2469.50,32.2405
2470.00,32.2181
2470.50,32.2362
2471.00,32.2785
2471.50,32.3217
2472.00,32.3482
2472.50,32.3540
2473.00,32.3489
2473.50,32.3490
2474.00,32.3655
2474.50,32.3974
2475.00,32.4349
2475.50,32.4675
2476.00,32.4898
2476.50,32.5013
2477.00,32.5027
2477.50,32.4938
2478.00,32.4738
2478.50,32.4445
2479.00,32.4129
2479.50,32.3904
2480.00,32.3881
2480.50,32.4106
2481.00,32.4532
2481.50,32.5041
2482.00,32.5500
2482.50,32.5818
2483.00,32.5950
2483.50,32.5871
2484.00,32.5572
2484.50,32.5103
2485.00,32.4580
2485.50,32.4115
2486.00,32.3738
2486.50,32.3432
2487.00,32.3230
2487.50,32.3233
2488.00,32.3498
2488.50,32.3922
2489.00,32.4251
2489.50,32.4229
2490.00,32.3766
2490.50,32.2998
2491.00,32.2216
2491.50,32.1705
2492.00,32.1621
2492.50,32.1927
2493.00,32.2413
2493.50,32.2803
2494.00,32.2921
2494.50,32.2812
2495.00,32.2699
2495.50,32.2781
2496.00,32.3066
2496.50,32.3387
2497.00,32.3592
2497.50,32.3693
2498.00,32.3815
2498.50,32.4009
2499.00,32.4166
2499.50,32.4113
2500.00,32.3768
2500.50,32.3182
2501.00,32.2481
2501.50,32.1799
2502.00,32.1262
2502.50,32.0988
2503.00,32.1056
2503.50,32.1461
2504.00,32.2096
2504.50,32.2774
2505.00,32.3299
2505.50,32.3575
2506.00,32.3666
2506.50,32.3746
2507.00,32.3943
2507.50,32.4220
2508.00,32.4417
2508.50,32.4406
2509.00,32.4189
2509.50,32.3823
2510.00,32.3330
2510.50,32.2715
2511.00,32.2071
2511.50,32.1602
2512.00,32.1484
2512.50,32.1730
2513.00,32.2188
2513.50,32.2684
2514.00,32.3140
2514.50,32.3558
2515.00,32.3923
2515.50,32.4182
2516.00,32.4284
2516.50,32.4222
2517.00,32.4018
2517.50,32.3686
2518.00,32.3252
2518.50,32.2788
2519.00,32.2424
2519.50,32.2292
2520.00,32.2468
2520.50,32.2920
2521.00,32.3498
2521.50,32.3984
2522.00,32.4191
2522.50,32.4082
2523.00,32.3797
2523.50,32.3569
2524.00,32.3580
2524.50,32.3860
2525.00,32.4282
2525.50,32.4642
2526.00,32.4786
2526.50,32.4717
2527.00,32.4575
2527.50,32.4504
2528.00,32.4510
2528.50,32.4451
2529.00,32.4188
2529.50,32.3737
2530.00,32.3307
2530.50,32.3176
2531.00,32.3492
2531.50,32.4172
2532.00,32.4952
2532.50,32.5558
2533.00,32.5837
2533.50,32.5811
2534.00,32.5627
2534.50,32.5481
2535.00,32.5510
2535.50,32.5731
2536.00,32.6053
2536.50,32.6361
2537.00,32.6592
2537.50,32.6750
2538.00,32.6871
2538.50,32.6970
2539.00,32.7007
2539.50,32.6904
2540.00,32.6630
2540.50,32.6268
2541.00,32.5989
2541.50,32.5925
2542.00,32.6076
2542.50,32.6312
2543.00,32.6476
2543.50,32.6495
2544.00,32.6430
2544.50,32.6409
2545.00,32.6507
2545.50,32.6693
2546.00,32.6869
2546.50,32.6962
2547.00,32.6981
2547.50,32.7017
2548.00,32.7163
2548.50,32.7428
2549.00,32.7702
2549.50,32.7831
2550.00,32.7733
2550.50,32.7459
2551.00,32.7144
2551.50,32.6894
2552.00,32.6731
2552.50,32.6638
2553.00,32.6637
2553.50,32.6797
2554.00,32.7146
2554.50,32.7596
2555.00,32.7978
2555.50,32.8150
2556.00,32.8080
2556.50,32.7818
2557.00,32.7430
2557.50,32.6975
2558.00,32.6519
2558.50,32.6148
2559.00,32.5929
2559.50,32.5876
2560.00,32.5942
2560.50,32.6051
2561.00,32.6133
2561.50,32.6144
2562.00,32.6050
2562.50,32.5805
2563.00,32.5382
2563.50,32.4834
2564.00,32.4299
2564.50,32.3921
2565.00,32.3754
2565.50,32.3742
2566.00,32.3794
2566.50,32.3842
2567.00,32.3865
2567.50,32.3858
2568.00,32.3811
2568.50,32.3703
2569.00,32.3511
2569.50,32.3216
2570.00,32.2816
2570.50,32.2357
2571.00,32.1950
2571.50,32.1737
2572.00,32.1810
2572.50,32.2142
2573.00,32.2595
2573.50,32.2993
2574.00,32.3209
2574.50,32.3221
2575.00,32.3109
2575.50,32.3005
2576.00,32.3011
2576.50,32.3149
2577.00,32.3384
2577.50,32.3670
2578.00,32.3974
2578.50,32.4256
2579.00,32.4476
2579.50,32.4616
2580.00,32.4693
2580.50,32.4730
2581.00,32.4724
2581.50,32.4651
2582.00,32.4499
2582.50,32.4309
2583.00,32.4161
2583.50,32.4114
2584.00,32.4141
2584.50,32.4144
2585.00,32.4047
2585.50,32.3875
2586.00,32.3695
2586.50,32.3526
2587.00,32.3345
2587.50,32.3185
2588.00,32.3157
2588.50,32.3334
2589.00,32.3657
2589.50,32.3973
2590.00,32.4167
2590.50,32.4227
2591.00,32.4210
2591.50,32.4162
2592.00,32.4093
2592.50,32.3986
2593.00,32.3833
2593.50,32.3661
2594.00,32.3521
2594.50,32.3437
2595.00,32.3360
2595.50,32.3207
2596.00,32.2965
2596.50,32.2743
2597.00,32.2682
2597.50,32.2831
2598.00,32.3114
2598.50,32.3429
2599.00,32.3739
2599.50,32.4091
2600.00,32.4573
2600.50,32.5254
2601.00,32.6117
2601.50,32.7004
2602.00,32.7677
2602.50,32.7959
2603.00,32.7858
2603.50,32.7544
2604.00,32.7205
2604.50,32.6914
2605.00,32.6607
2605.50,32.6146
2606.00,32.5446
2606.50,32.4581
2607.00,32.3774
2607.50,32.3247
2608.00,32.3061
2608.50,32.3097
2609.00,32.3179
2609.50,32.3205
2610.00,32.3182
2610.50,32.3172
2611.00,32.3233
2611.50,32.3394
2612.00,32.3667
2612.50,32.4051
2613.00,32.4501
2613.50,32.4901
2614.00,32.5116
2614.50,32.5091
2615.00,32.4907
2615.50,32.4728
2616.00,32.4695
2616.50,32.4850
2617.00,32.5130
2617.50,32.5422
2618.00,32.5632
2618.50,32.5738
2619.00,32.5780
2619.50,32.5794
2620.00,32.5749
2620.50,32.5560
2621.00,32.5163
2621.50,32.4590
2622.00,32.3973
2622.50,32.3477
2623.00,32.3227
2623.50,32.3249
2624.00,32.3463
2624.50,32.3732
2625.00,32.3908
2625.50,32.3894
2626.00,32.3680
2626.50,32.3351
2627.00,32.3042
2627.50,32.2852
2628.00,32.2788
2628.50,32.2777
2629.00,32.2739
2629.50,32.2655
2630.00,32.2590
2630.50,32.2620
2631.00,32.2739
2631.50,32.2829
2632.00,32.2749
2632.50,32.2468
2633.00,32.2098
2633.50,32.1801
2634.00,32.1649
2634.50,32.1588
2635.00,32.1517
2635.50,32.1405
2636.00,32.1314
2636.50,32.1350
2637.00,32.1590
2637.50,32.2049
2638.00,32.2684
2638.50,32.3410
2639.00,32.4109
2639.50,32.4641
2640.00,32.4862
2640.50,32.4691
2641.00,32.4190
2641.50,32.3576
2642.00,32.3107
2642.50,32.2932
2643.00,32.3008
2643.50,32.3168
2644.00,32.3260
2644.50,32.3244
2645.00,32.3189
2645.50,32.3199
2646.00,32.3347
2646.50,32.3634
2647.00,32.3969
2647.50,32.4214
2648.00,32.4270
2648.50,32.4142
2649.00,32.3904
2649.50,32.3636
2650.00,32.3407
2650.50,32.3317
2651.00,32.3477
2651.50,32.3930
2652.00,32.4580
2652.50,32.5239
2653.00,32.5733
2653.50,32.5958
2654.00,32.5868
2654.50,32.5469
2655.00,32.4838
2655.50,32.4123
2656.00,32.3486
2656.50,32.3031
2657.00,32.2769
2657.50,32.2658
2658.00,32.2660
2658.50,32.2798
2659.00,32.3140
2659.50,32.3725
2660.00,32.4463
2660.50,32.5137
2661.00,32.5511
2661.50,32.5467
2662.00,32.5068
2662.50,32.4497
2663.00,32.3940
2663.50,32.3508
2664.00,32.3233
2664.50,32.3119
2665.00,32.3158
2665.50,32.3310
2666.00,32.3515
2666.50,32.3723
2667.00,32.3936
2667.50,32.4185
2668.00,32.4476
2668.50,32.4742
2669.00,32.4848
2669.50,32.4676
2670.00,32.4224
2670.50,32.3630
2671.00,32.3109
2671.50,32.2854
2672.00,32.2972
2672.50,32.3467
2673.00,32.4237
2673.50,32.5106
2674.00,32.5893
2674.50,32.6476
2675.00,32.6796
2675.50,32.6835
2676.00,32.6621
2676.50,32.6264
2677.00,32.5943
2677.50,32.5806
2678.00,32.5864
2678.50,32.5977
2679.00,32.5969
2679.50,32.5777
2680.00,32.5526
2680.50,32.5449
2681.00,32.5701
2681.50,32.6216
2682.00,32.6736
2682.50,32.6986
2683.00,32.6842
2683.50,32.6375
2684.00,32.5743
2684.50,32.5082
2685.00,32.4463
2685.50,32.3919
2686.00,32.3488
2686.50,32.3216
2687.00,32.3116
2687.50,32.3145
2688.00,32.3223
2688.50,32.3302
2689.00,32.3394
2689.50,32.3559
2690.00,32.3854
2690.50,32.4276
2691.00,32.4748
2691.50,32.5149
2692.00,32.5386
2692.50,32.5450
2693.00,32.5414
2693.50,32.5368
2694.00,32.5367
2694.50,32.5415
2695.00,32.5494
2695.50,32.5604
2696.00,32.5777
2696.50,32.6044
2697.00,32.6373
2697.50,32.6635
2698.00,32.6641
2698.50,32.6251
2699.00,32.5480
2699.50,32.4532
2700.00,32.3712
2700.50,32.3272
2701.00,32.3303
2701.50,32.3728
2702.00,32.4370
2702.50,32.5034
2703.00,32.5556
2703.50,32.5840
2704.00,32.5895
2704.50,32.5832
2705.00,32.5814
2705.50,32.5975
2706.00,32.6331
2706.50,32.6759
2707.00,32.7076
2707.50,32.7158
2708.00,32.7017
2708.50,32.6769
2709.00,32.6544
2709.50,32.6413
2710.00,32.6387
2710.50,32.6447
2711.00,32.6569
2711.50,32.6734
2712.00,32.6902
2712.50,32.7002
2713.00,32.6958
2713.50,32.6772
2714.00,32.6537
2714.50,32.6366
2715.00,32.6287
2715.50,32.6248
2716.00,32.6221
2716.50,32.6276
2717.00,32.6504
2717.50,32.6907
2718.00,32.7358
2718.50,32.7685
2719.00,32.7774
2719.50,32.7613
2720.00,32.7260
2720.50,32.6797
2721.00,32.6305
2721.50,32.5856
2722.00,32.5500
2722.50,32.5261
2723.00,32.5144
2723.50,32.5153
2724.00,32.5292
2724.50,32.5541
2725.00,32.5848
2725.50,32.6139
2726.00,32.6354
2726.50,32.6456
2727.00,32.6422
2727.50,32.6255
2728.00,32.5996
2728.50,32.5729
2729.00,32.5544
2729.50,32.5469
2730.00,32.5437
2730.50,32.5322
2731.00,32.5047
2731.50,32.4675
2732.00,32.4397
2732.50,32.4401
2733.00,32.4731
2733.50,32.5241
2734.00,32.5693
2734.50,32.5918
2735.00,32.5897
2735.50,32.5729
2736.00,32.5523
2736.50,32.5329
2737.00,32.5115
2737.50,32.4816
2738.00,32.4398
2738.50,32.3937
2739.00,32.3612
2739.50,32.3579
2740.00,32.3829
2740.50,32.4189
2741.00,32.4474
2741.50,32.4665
2742.00,32.4899
2742.50,32.5307
2743.00,32.5852
2743.50,32.6325
2744.00,32.6493
2744.50,32.6272
2745.00,32.5789
2745.50,32.5292
2746.00,32.4997
2746.50,32.4984
2747.00,32.5210
2747.50,32.5577
2748.00,32.6000
2748.50,32.6429
2749.00,32.6838
2749.50,32.7197
2750.00,32.7455
2750.50,32.7567
2751.00,32.7538
2751.50,32.7429
2752.00,32.7307
2752.50,32.7177
2753.00,32.6975
2753.50,32.6631
2754.00,32.6165
2754.50,32.5729
2755.00,32.5525
2755.50,32.5642
2756.00,32.5985
2756.50,32.6346
2757.00,32.6551
2757.50,32.6534
2758.00,32.6313
2758.50,32.5938
2759.00,32.5495
2759.50,32.5116
2760.00,32.4964
2760.50,32.5164
2761.00,32.5708
2761.50,32.6429
2762.00,32.7068
2762.50,32.7421
2763.00,32.7442
2763.50,32.7248
2764.00,32.6996
2764.50,32.6767
2765.00,32.6532
2765.50,32.6233
2766.00,32.5881
2766.50,32.5568
2767.00,32.5404
2767.50,32.5430
2768.00,32.5596
2768.50,32.5793
2769.00,32.5923
2769.50,32.5936
2770.00,32.5834
2770.50,32.5644
2771.00,32.5398
2771.50,32.5153
2772.00,32.5014
2772.50,32.5107
2773.00,32.5499
2773.50,32.6135
2774.00,32.6856
2774.50,32.7504
2775.00,32.7985
2775.50,32.8274
2776.00,32.8377
2776.50,32.8315
2777.00,32.8124
2777.50,32.7865
2778.00,32.7610
2778.50,32.7427
2779.00,32.7331
2779.50,32.7247
2780.00,32.7058
2780.50,32.6744
2781.00,32.6471
2781.50,32.6485
2782.00,32.6899
2782.50,32.7564
2783.00,32.8163
2783.50,32.8431
2784.00,32.8322
2784.50,32.7997
2785.00,32.7682
2785.50,32.7514
2786.00,32.7483
2786.50,32.7509
2787.00,32.7547
2787.50,32.7638
2788.00,32.7847
2788.50,32.8181
2789.00,32.8561
2789.50,32.8866
2790.00,32.8989
2790.50,32.8865
2791.00,32.8496
2791.50,32.7969
2792.00,32.7450
2792.50,32.7119
2793.00,32.7092
2793.50,32.7353
2794.00,32.7768
2794.50,32.8141
2795.00,32.8337
2795.50,32.8372
2796.00,32.8401
2796.50,32.8572
2797.00,32.8890
2797.50,32.9211
2798.00,32.9386
2798.50,32.9386
2799.00,32.9282
2799.50,32.9142
2800.00,32.8977
2800.50,32.8806
2801.00,32.8717
2801.50,32.8847
2802.00,32.9257
2802.50,32.9837
2803.00,33.0334
2803.50,33.0514
2804.00,33.0321
2804.50,32.9893
2805.00,32.9447
2805.50,32.9152
2806.00,32.9083
2806.50,32.9216
2807.00,32.9441
2807.50,32.9610
2808.00,32.9612
2808.50,32.9436
2809.00,32.9150
2809.50,32.8837
2810.00,32.8544
2810.50,32.8284
2811.00,32.8062
2811.50,32.7895
2812.00,32.7810
2812.50,32.7819
2813.00,32.7870
2813.50,32.7858
2814.00,32.7697
2814.50,32.7392
2815.00,32.7019
2815.50,32.6660
2816.00,32.6347
2816.50,32.6098
2817.00,32.5956
2817.50,32.5994
2818.00,32.6264
2818.50,32.6744
2819.00,32.7335
2819.50,32.7917
2820.00,32.8434
2820.50,32.8910
2821.00,32.9402
2821.50,32.9931
2822.00,33.0440
2822.50,33.0824
2823.00,33.0986
2823.50,33.0905
2824.00,33.0655
2824.50,33.0370
2825.00,33.0176
2825.50,33.0110
2826.00,33.0110
2826.50,33.0066
2827.00,32.9940
2827.50,32.9799
2828.00,32.9746
2828.50,32.9786
2829.00,32.9783
2829.50,32.9570
2830.00,32.9096
2830.50,32.8467
2831.00,32.7865
2831.50,32.7433
2832.00,32.7220
2832.50,32.7209
2833.00,32.7369
2833.50,32.7706
2834.00,32.8242
2834.50,32.8940
2835.00,32.9658
2835.50,33.0198
2836.00,33.0439
2836.50,33.0404
2837.00,33.0229
2837.50,33.0053
2838.00,32.9926
2838.50,32.9777
2839.00,32.9464
2839.50,32.8885
2840.00,32.8098
2840.50,32.7317
2841.00,32.6790
2841.50,32.6644
2842.00,32.6820
2842.50,32.7142
2843.00,32.7432
2843.50,32.7587
2844.00,32.7600
2844.50,32.7530
2845.00,32.7464
2845.50,32.7476
2846.00,32.7591
2846.50,32.7780
2847.00,32.7979
2847.50,32.8145
2848.00,32.8307
2848.50,32.8549
2849.00,32.8929
2849.50,32.9403
2850.00,32.9826
2850.50,33.0042
2851.00,32.9973
2851.50,32.9648
2852.00,32.9157
2852.50,32.8598
2853.00,32.8058
2853.50,32.7603
2854.00,32.7270
2854.50,32.7051
2855.00,32.6920
2855.50,32.6874
2856.00,32.6950
2856.50,32.7162
2857.00,32.7451
2857.50,32.7694
2858.00,32.7784
2858.50,32.7684
