0.00,0.0000
0.50,-0.0179
1.00,-0.0103
1.50,0.0295
2.00,0.0909
2.50,0.1487
3.00,0.1756
3.50,0.1571
4.00,0.0979
4.50,0.0116
5.00,-0.0944
5.50,-0.2231
6.00,-0.3756
6.50,-0.5379
7.00,-0.6852
7.50,-0.7992
8.00,-0.8808
8.50,-0.9436
9.00,-0.9944
9.50,-1.0255
10.00,-1.0296
10.50,-1.0204
11.00,-1.0289
11.50,-1.0756
12.00,-1.1483
12.50,-1.2110
13.00,-1.2334
13.50,-1.2155
14.00,-1.1880
14.50,-1.1900
15.00,-1.2395
15.50,-1.3198
16.00,-1.3924
16.50,-1.4258
17.00,-1.4139
17.50,-1.3709
18.00,-1.3155
18.50,-1.2599
19.00,-1.2097
19.50,-1.1694
20.00,-1.1430
20.50,-1.1346
21.00,-1.1447
21.50,-1.1706
22.00,-1.2104
22.50,-1.2673
23.00,-1.3446
23.50,-1.4325
24.00,-1.5081
24.50,-1.5505
25.00,-1.5577
25.50,-1.5421
26.00,-1.5132
26.50,-1.4702
27.00,-1.4116
27.50,-1.3457
28.00,-1.2836
28.50,-1.2261
29.00,-1.1634
29.50,-1.0876
30.00,-1.0041
30.50,-0.9294
31.00,-0.8796
31.50,-0.8637
32.00,-0.8835
32.50,-0.9359
33.00,-1.0120
33.50,-1.0947
34.00,-1.1618
34.50,-1.1955
35.00,-1.1944
35.50,-1.1764
36.00,-1.1666
36.50,-1.1761
37.00,-1.1892
37.50,-1.1747
38.00,-1.1108
38.50,-1.0013
39.00,-0.8716
39.50,-0.7529
40.00,-0.6684
40.50,-0.6258
41.00,-0.6163
41.50,-0.6225
42.00,-0.6327
42.50,-0.6501
43.00,-0.6878
43.50,-0.7563
44.00,-0.8544
44.50,-0.9678
45.00,-1.0740
45.50,-1.1505
46.00,-1.1850
46.50,-1.1770
47.00,-1.1294
47.50,-1.0437
48.00,-0.9261
48.50,-0.7987
49.00,-0.6949
49.50,-0.6427
50.00,-0.6490
50.50,-0.6966
51.00,-0.7553
51.50,-0.8004
52.00,-0.8283
52.50,-0.8541
53.00,-0.8912
53.50,-0.9338
54.00,-0.9633
54.50,-0.9748
55.00,-0.9921
55.50,-1.0510
56.00,-1.1635
56.50,-1.2986
57.00,-1.4008
57.50,-1.4289
58.00,-1.3825
58.50,-1.2957
59.00,-1.2121
59.50,-1.1663
60.00,-1.1786
60.50,-1.2529
61.00,-1.3720
61.50,-1.5001
62.00,-1.6013
62.50,-1.6617
63.00,-1.6953
63.50,-1.7239
64.00,-1.7537
64.50,-1.7694
65.00,-1.7547
65.50,-1.7129
66.00,-1.6671
66.50,-1.6390
67.00,-1.6311
67.50,-1.6286
68.00,-1.6190
68.50,-1.6082
69.00,-1.6183
69.50,-1.6704
70.00,-1.7645
70.50,-1.8733
71.00,-1.9570
71.50,-1.9908
72.00,-1.9826
72.50,-1.9651
73.00,-1.9718
73.50,-2.0180
74.00,-2.1021
74.50,-2.2162
75.00,-2.3491
75.50,-2.4795
76.00,-2.5753
76.50,-2.6098
77.00,-2.5848
77.50,-2.5346
78.00,-2.5046
78.50,-2.5235
79.00,-2.5940
79.50,-2.7024
80.00,-2.8292
80.50,-2.9495
81.00,-3.0306
81.50,-3.0415
82.00,-2.9740
82.50,-2.8544
83.00,-2.7310
83.50,-2.6459
84.00,-2.6185
84.50,-2.6483
85.00,-2.7230
85.50,-2.8177
86.00,-2.8955
86.50,-2.9231
87.00,-2.8931
87.50,-2.8279
88.00,-2.7597
88.50,-2.7096
89.00,-2.6824
89.50,-2.6746
90.00,-2.6825
90.50,-2.7050
91.00,-2.7400
91.50,-2.7796
92.00,-2.8089
92.50,-2.8141
93.00,-2.7927
93.50,-2.7547
94.00,-2.7132
94.50,-2.6751
95.00,-2.6442
95.50,-2.6253
96.00,-2.6234
96.50,-2.6366
97.00,-2.6572
97.50,-2.6805
98.00,-2.7097
98.50,-2.7509
99.00,-2.8027
99.50,-2.8540
100.00,-2.8900
100.50,-2.9011
101.00,-2.8864
101.50,-2.8530
102.00,-2.8132
102.50,-2.7832
103.00,-2.7760
103.50,-2.7905
104.00,-2.8079
104.50,-2.8051
105.00,-2.7770
105.50,-2.7417
106.00,-2.7236
106.50,-2.7322
107.00,-2.7590
107.50,-2.7890
108.00,-2.8128
108.50,-2.8283
109.00,-2.8366
109.50,-2.8381
110.00,-2.8334
110.50,-2.8247
111.00,-2.8144
111.50,-2.8006
112.00,-2.7783
112.50,-2.7474
113.00,-2.7198
113.50,-2.7143
114.00,-2.7411
114.50,-2.7902
115.00,-2.8350
115.50,-2.8478
116.00,-2.8182
116.50,-2.7589
117.00,-2.6988
117.50,-2.6652
118.00,-2.6705
118.50,-2.7091
119.00,-2.7645
119.50,-2.8194
120.00,-2.8630
120.50,-2.8895
121.00,-2.8965
121.50,-2.8845
122.00,-2.8580
122.50,-2.8225
123.00,-2.7823
123.50,-2.7409
124.00,-2.7053
124.50,-2.6869
125.00,-2.6947
125.50,-2.7283
126.00,-2.7757
126.50,-2.8196
127.00,-2.8470
127.50,-2.8538
128.00,-2.8418
128.50,-2.8137
129.00,-2.7736
129.50,-2.7293
130.00,-2.6919
130.50,-2.6682
131.00,-2.6574
131.50,-2.6543
132.00,-2.6577
132.50,-2.6735
133.00,-2.7077
133.50,-2.7570
134.00,-2.8072
134.50,-2.8420
135.00,-2.8531
135.50,-2.8432
136.00,-2.8220
136.50,-2.8015
137.00,-2.7930
137.50,-2.8037
138.00,-2.8307
138.50,-2.8603
139.00,-2.8750
139.50,-2.8654
140.00,-2.8360
140.50,-2.8031
141.00,-2.7855
141.50,-2.7931
142.00,-2.8193
142.50,-2.8445
143.00,-2.8494
143.50,-2.8305
144.00,-2.8026
144.50,-2.7857
145.00,-2.7878
145.50,-2.7998
146.00,-2.8056
146.50,-2.7947
147.00,-2.7691
147.50,-2.7398
148.00,-2.7177
148.50,-2.7075
149.00,-2.7062
149.50,-2.7089
150.00,-2.7142
150.50,-2.7257
151.00,-2.7471
151.50,-2.7767
152.00,-2.8076
152.50,-2.8342
153.00,-2.8562
153.50,-2.8764
154.00,-2.8922
154.50,-2.8944
155.00,-2.8764
155.50,-2.8441
156.00,-2.8160
156.50,-2.8118
157.00,-2.8385
157.50,-2.8864
158.00,-2.9355
158.50,-2.9679
159.00,-2.9778
159.50,-2.9721
160.00,-2.9602
160.50,-2.9462
161.00,-2.9297
161.50,-2.9130
162.00,-2.9023
162.50,-2.9023
163.00,-2.9128
163.50,-2.9305
164.00,-2.9516
164.50,-2.9726
165.00,-2.9878
165.50,-2.9903
166.00,-2.9762
166.50,-2.9494
167.00,-2.9203
167.50,-2.9003
168.00,-2.8937
168.50,-2.8955
169.00,-2.8951
169.50,-2.8830
170.00,-2.8553
170.50,-2.8151
171.00,-2.7711
171.50,-2.7354
172.00,-2.7213
172.50,-2.7371
173.00,-2.7788
173.50,-2.8291
174.00,-2.8669
174.50,-2.8800
175.00,-2.8698
175.50,-2.8469
176.00,-2.8226
176.50,-2.8056
177.00,-2.8001
177.50,-2.8048
178.00,-2.8134
178.50,-2.8186
179.00,-2.8166
179.50,-2.8106
180.00,-2.8091
180.50,-2.8188
181.00,-2.8365
181.50,-2.8475
182.00,-2.8356
182.50,-2.7977
183.00,-2.7498
183.50,-2.7143
184.00,-2.7030
184.50,-2.7101
185.00,-2.7229
185.50,-2.7343
186.00,-2.7433
186.50,-2.7473
187.00,-2.7401
187.50,-2.7180
188.00,-2.6847
188.50,-2.6465
189.00,-2.6079
189.50,-2.5731
190.00,-2.5495
190.50,-2.5433
191.00,-2.5533
191.50,-2.5715
192.00,-2.5917
192.50,-2.6153
193.00,-2.6475
193.50,-2.6887
194.00,-2.7300
194.50,-2.7568
195.00,-2.7579
195.50,-2.7328
196.00,-2.6935
196.50,-2.6557
197.00,-2.6295
197.50,-2.6146
198.00,-2.6050
198.50,-2.5948
199.00,-2.5826
199.50,-2.5711
200.00,-2.5639
200.50,-2.5599
201.00,-2.5527
201.50,-2.5352
202.00,-2.5067
202.50,-2.4736
203.00,-2.4443
203.50,-2.4253
204.00,-2.4205
204.50,-2.4293
205.00,-2.4435
205.50,-2.4485
206.00,-2.4316
206.50,-2.3936
207.00,-2.3500
207.50,-2.3210
208.00,-2.3159
208.50,-2.3270
209.00,-2.3364
209.50,-2.3295
210.00,-2.3052
210.50,-2.2748
211.00,-2.2514
211.50,-2.2402
212.00,-2.2366
212.50,-2.2330
213.00,-2.2281
213.50,-2.2285
214.00,-2.2412
214.50,-2.2650
215.00,-2.2905
215.50,-2.3067
216.00,-2.3076
216.50,-2.2941
217.00,-2.2724
217.50,-2.2508
218.00,-2.2348
218.50,-2.2227
219.00,-2.2084
219.50,-2.1876
220.00,-2.1636
220.50,-2.1448
221.00,-2.1398
221.50,-2.1518
222.00,-2.1775
222.50,-2.2067
223.00,-2.2255
223.50,-2.2218
224.00,-2.1937
224.50,-2.1511
225.00,-2.1112
225.50,-2.0866
226.00,-2.0781
226.50,-2.0783
227.00,-2.0811
227.50,-2.0856
228.00,-2.0932
228.50,-2.1033
229.00,-2.1153
229.50,-2.1301
230.00,-2.1492
230.50,-2.1697
231.00,-2.1828
231.50,-2.1786
232.00,-2.1513
232.50,-2.1046
233.00,-2.0510
233.50,-2.0069
234.00,-1.9827
234.50,-1.9781
235.00,-1.9855
235.50,-1.9983
236.00,-2.0159
236.50,-2.0402
237.00,-2.0698
237.50,-2.0980
238.00,-2.1156
238.50,-2.1156
239.00,-2.0967
239.50,-2.0646
240.00,-2.0297
240.50,-2.0031
241.00,-1.9920
241.50,-1.9989
242.00,-2.0243
242.50,-2.0658
243.00,-2.1152
243.50,-2.1591
244.00,-2.1851
244.50,-2.1887
245.00,-2.1756
245.50,-2.1570
246.00,-2.1433
246.50,-2.1388
247.00,-2.1403
247.50,-2.1418
248.00,-2.1414
248.50,-2.1432
249.00,-2.1529
249.50,-2.1721
250.00,-2.1971
250.50,-2.2202
251.00,-2.2345
251.50,-2.2364
252.00,-2.2283
252.50,-2.2172
253.00,-2.2107
253.50,-2.2133
254.00,-2.2239
254.50,-2.2378
255.00,-2.2502
255.50,-2.2578
256.00,-2.2578
256.50,-2.2475
257.00,-2.2267
257.50,-2.2009
258.00,-2.1794
258.50,-2.1692
259.00,-2.1699
259.50,-2.1751
260.00,-2.1780
260.50,-2.1762
261.00,-2.1710
261.50,-2.1643
262.00,-2.1573
262.50,-2.1489
263.00,-2.1350
263.50,-2.1117
264.00,-2.0784
264.50,-2.0398
265.00,-2.0024
265.50,-1.9721
266.00,-1.9527
266.50,-1.9454
267.00,-1.9490
267.50,-1.9614
268.00,-1.9819
268.50,-2.0107
269.00,-2.0466
269.50,-2.0848
270.00,-2.1186
270.50,-2.1437
271.00,-2.1597
271.50,-2.1695
272.00,-2.1775
272.50,-2.1872
273.00,-2.2002
273.50,-2.2152
274.00,-2.2274
274.50,-2.2313
275.00,-2.2242
275.50,-2.2087
276.00,-2.1913
276.50,-2.1769
277.00,-2.1665
277.50,-2.1595
278.00,-2.1578
278.50,-2.1664
279.00,-2.1891
279.50,-2.2234
280.00,-2.2594
280.50,-2.2829
281.00,-2.2833
281.50,-2.2617
282.00,-2.2310
282.50,-2.2084
283.00,-2.2016
283.50,-2.2031
284.00,-2.1988
284.50,-2.1828
285.00,-2.1651
285.50,-2.1640
286.00,-2.1917
286.50,-2.2446
287.00,-2.3054
287.50,-2.3535
288.00,-2.3760
288.50,-2.3743
289.00,-2.3601
289.50,-2.3454
290.00,-2.3334
290.50,-2.3186
291.00,-2.2975
291.50,-2.2768
292.00,-2.2700
292.50,-2.2862
293.00,-2.3213
293.50,-2.3622
294.00,-2.3951
294.50,-2.4134
295.00,-2.4177
295.50,-2.4123
296.00,-2.4024
296.50,-2.3934
297.00,-2.3907
297.50,-2.3980
298.00,-2.4155
298.50,-2.4398
299.00,-2.4673
299.50,-2.4958
300.00,-2.5242
300.50,-2.5521
301.00,-2.5794
301.50,-2.6059
302.00,-2.6302
302.50,-2.6495
303.00,-2.6601
303.50,-2.6609
304.00,-2.6552
304.50,-2.6477
305.00,-2.6421
305.50,-2.6400
306.00,-2.6413
306.50,-2.6438
307.00,-2.6439
307.50,-2.6389
308.00,-2.6299
308.50,-2.6210
309.00,-2.6150
309.50,-2.6132
310.00,-2.6159
310.50,-2.6251
311.00,-2.6425
311.50,-2.6678
312.00,-2.6966
312.50,-2.7205
313.00,-2.7301
313.50,-2.7199
314.00,-2.6911
314.50,-2.6516
315.00,-2.6125
315.50,-2.5832
316.00,-2.5669
316.50,-2.5599
317.00,-2.5579
317.50,-2.5598
318.00,-2.5675
318.50,-2.5803
319.00,-2.5941
319.50,-2.6042
320.00,-2.6091
320.50,-2.6105
321.00,-2.6117
321.50,-2.6151
322.00,-2.6201
322.50,-2.6231
323.00,-2.6206
323.50,-2.6127
324.00,-2.6026
324.50,-2.5947
325.00,-2.5906
325.50,-2.5884
326.00,-2.5828
326.50,-2.5676
327.00,-2.5383
327.50,-2.4980
328.00,-2.4593
328.50,-2.4374
329.00,-2.4393
329.50,-2.4582
330.00,-2.4800
330.50,-2.4950
331.00,-2.5027
331.50,-2.5091
332.00,-2.5193
332.50,-2.5330
333.00,-2.5440
333.50,-2.5434
334.00,-2.5256
334.50,-2.4918
335.00,-2.4498
335.50,-2.4105
336.00,-2.3835
336.50,-2.3726
337.00,-2.3753
337.50,-2.3845
338.00,-2.3920
338.50,-2.3915
339.00,-2.3812
339.50,-2.3668
340.00,-2.3607
340.50,-2.3760
341.00,-2.4165
341.50,-2.4712
342.00,-2.5206
342.50,-2.5500
343.00,-2.5603
343.50,-2.5657
344.00,-2.5796
344.50,-2.6011
345.00,-2.6157
345.50,-2.6085
346.00,-2.5801
346.50,-2.5472
347.00,-2.5319
347.50,-2.5485
348.00,-2.5963
348.50,-2.6622
349.00,-2.7270
349.50,-2.7749
350.00,-2.7992
350.50,-2.8044
351.00,-2.8001
351.50,-2.7928
352.00,-2.7827
352.50,-2.7666
353.00,-2.7451
353.50,-2.7260
354.00,-2.7189
354.50,-2.7262
355.00,-2.7402
355.50,-2.7498
356.00,-2.7514
356.50,-2.7522
357.00,-2.7647
357.50,-2.7963
358.00,-2.8428
358.50,-2.8909
359.00,-2.9280
359.50,-2.9490
360.00,-2.9562
360.50,-2.9542
361.00,-2.9480
361.50,-2.9442
362.00,-2.9492
362.50,-2.9649
363.00,-2.9843
363.50,-2.9940
364.00,-2.9822
364.50,-2.9484
365.00,-2.9066
365.50,-2.8777
366.00,-2.8766
366.50,-2.9021
367.00,-2.9374
367.50,-2.9619
368.00,-2.9662
368.50,-2.9578
369.00,-2.9541
369.50,-2.9672
370.00,-2.9938
370.50,-3.0196
371.00,-3.0317
371.50,-3.0294
372.00,-3.0234
372.50,-3.0290
373.00,-3.0568
373.50,-3.1064
374.00,-3.1646
374.50,-3.2112
375.00,-3.2299
375.50,-3.2165
376.00,-3.1786
376.50,-3.1309
377.00,-3.0897
377.50,-3.0685
378.00,-3.0741
378.50,-3.1037
379.00,-3.1465
379.50,-3.1883
380.00,-3.2190
380.50,-3.2352
381.00,-3.2395
381.50,-3.2356
382.00,-3.2272
382.50,-3.2178
383.00,-3.2109
383.50,-3.2074
384.00,-3.2041
384.50,-3.1969
385.00,-3.1854
385.50,-3.1747
386.00,-3.1729
386.50,-3.1856
387.00,-3.2111
387.50,-3.2398
388.00,-3.2594
388.50,-3.2616
389.00,-3.2449
389.50,-3.2117
390.00,-3.1667
390.50,-3.1191
391.00,-3.0830
391.50,-3.0721
392.00,-3.0891
392.50,-3.1244
393.00,-3.1622
393.50,-3.1914
394.00,-3.2090
394.50,-3.2175
395.00,-3.2200
395.50,-3.2164
396.00,-3.2053
396.50,-3.1878
397.00,-3.1692
397.50,-3.1550
398.00,-3.1472
398.50,-3.1425
399.00,-3.1364
399.50,-3.1277
400.00,-3.1189
400.50,-3.1124
401.00,-3.1089
401.50,-3.1077
402.00,-3.1085
402.50,-3.1113
403.00,-3.1156
403.50,-3.1189
404.00,-3.1168
404.50,-3.1048
405.00,-3.0820
405.50,-3.0534
406.00,-3.0286
406.50,-3.0161
407.00,-3.0180
407.50,-3.0288
408.00,-3.0400
408.50,-3.0450
409.00,-3.0427
409.50,-3.0369
410.00,-3.0336
410.50,-3.0366
411.00,-3.0459
411.50,-3.0576
412.00,-3.0669
412.50,-3.0716
413.00,-3.0719
413.50,-3.0683
414.00,-3.0591
414.50,-3.0424
415.00,-3.0191
415.50,-2.9919
416.00,-2.9634
416.50,-2.9343
417.00,-2.9059
417.50,-2.8821
418.00,-2.8681
418.50,-2.8672
419.00,-2.8780
419.50,-2.8945
420.00,-2.9087
420.50,-2.9150
421.00,-2.9127
421.50,-2.9050
422.00,-2.8962
422.50,-2.8904
423.00,-2.8906
423.50,-2.8986
424.00,-2.9133
424.50,-2.9299
425.00,-2.9425
425.50,-2.9476
426.00,-2.9461
426.50,-2.9416
427.00,-2.9381
427.50,-2.9371
428.00,-2.9364
428.50,-2.9316
429.00,-2.9187
429.50,-2.8978
430.00,-2.8750
430.50,-2.8584
431.00,-2.8522
431.50,-2.8547
432.00,-2.8607
432.50,-2.8657
433.00,-2.8677
433.50,-2.8666
434.00,-2.8626
434.50,-2.8547
435.00,-2.8404
435.50,-2.8187
436.00,-2.7920
436.50,-2.7673
437.00,-2.7536
437.50,-2.7563
438.00,-2.7732
438.50,-2.7955
439.00,-2.8143
439.50,-2.8262
440.00,-2.8329
440.50,-2.8369
441.00,-2.8379
441.50,-2.8346
442.00,-2.8280
442.50,-2.8210
443.00,-2.8146
443.50,-2.8061
444.00,-2.7937
444.50,-2.7799
445.00,-2.7706
445.50,-2.7697
446.00,-2.7759
446.50,-2.7846
447.00,-2.7919
447.50,-2.7957
448.00,-2.7940
448.50,-2.7852
449.00,-2.7681
449.50,-2.7429
450.00,-2.7096
450.50,-2.6697
451.00,-2.6290
451.50,-2.5975
452.00,-2.5831
452.50,-2.5865
453.00,-2.6019
453.50,-2.6231
454.00,-2.6462
454.50,-2.6682
455.00,-2.6861
455.50,-2.6986
456.00,-2.7067
456.50,-2.7114
457.00,-2.7116
457.50,-2.7057
458.00,-2.6933
458.50,-2.6753
459.00,-2.6532
459.50,-2.6302
460.00,-2.6125
460.50,-2.6072
461.00,-2.6194
461.50,-2.6480
462.00,-2.6867
462.50,-2.7265
463.00,-2.7590
463.50,-2.7779
464.00,-2.7806
464.50,-2.7689
465.00,-2.7483
465.50,-2.7251
466.00,-2.7040
466.50,-2.6892
467.00,-2.6840
467.50,-2.6890
468.00,-2.6994
468.50,-2.7067
469.00,-2.7055
469.50,-2.6981
470.00,-2.6921
470.50,-2.6944
471.00,-2.7066
471.50,-2.7246
472.00,-2.7421
472.50,-2.7519
473.00,-2.7483
473.50,-2.7311
474.00,-2.7081
474.50,-2.6923
475.00,-2.6930
475.50,-2.7089
476.00,-2.7303
476.50,-2.7480
477.00,-2.7587
477.50,-2.7642
478.00,-2.7674
478.50,-2.7689
479.00,-2.7672
479.50,-2.7605
480.00,-2.7483
480.50,-2.7321
481.00,-2.7149
481.50,-2.6993
482.00,-2.6867
482.50,-2.6766
483.00,-2.6678
483.50,-2.6593
484.00,-2.6494
484.50,-2.6359
485.00,-2.6166
485.50,-2.5915
486.00,-2.5627
486.50,-2.5339
487.00,-2.5087
487.50,-2.4924
488.00,-2.4916
488.50,-2.5101
489.00,-2.5445
489.50,-2.5841
490.00,-2.6165
490.50,-2.6346
491.00,-2.6397
491.50,-2.6379
492.00,-2.6361
492.50,-2.6384
493.00,-2.6468
493.50,-2.6617
494.00,-2.6813
494.50,-2.7013
495.00,-2.7153
495.50,-2.7168
496.00,-2.7019
496.50,-2.6719
497.00,-2.6334
497.50,-2.5974
498.00,-2.5761
498.50,-2.5770
499.00,-2.5986
499.50,-2.6302
500.00,-2.6574
500.50,-2.6717
501.00,-2.6743
501.50,-2.6726
502.00,-2.6731
502.50,-2.6770
503.00,-2.6814
503.50,-2.6831
504.00,-2.6807
504.50,-2.6738
505.00,-2.6605
505.50,-2.6388
506.00,-2.6115
506.50,-2.5879
507.00,-2.5802
507.50,-2.5942
508.00,-2.6239
508.50,-2.6546
509.00,-2.6741
509.50,-2.6805
510.00,-2.6816
510.50,-2.6866
511.00,-2.6985
511.50,-2.7136
512.00,-2.7258
512.50,-2.7332
513.00,-2.7393
513.50,-2.7489
514.00,-2.7636
514.50,-2.7812
515.00,-2.7980
515.50,-2.8108
516.00,-2.8184
516.50,-2.8221
517.00,-2.8257
517.50,-2.8322
518.00,-2.8397
518.50,-2.8415
519.00,-2.8339
519.50,-2.8215
520.00,-2.8130
520.50,-2.8126
521.00,-2.8175
521.50,-2.8221
522.00,-2.8241
522.50,-2.8250
523.00,-2.8265
523.50,-2.8288
524.00,-2.8309
524.50,-2.8331
525.00,-2.8360
525.50,-2.8397
526.00,-2.8437
526.50,-2.8484
527.00,-2.8555
527.50,-2.8665
528.00,-2.8805
528.50,-2.8936
529.00,-2.8992
529.50,-2.8905
530.00,-2.8651
530.50,-2.8283
531.00,-2.7930
531.50,-2.7720
532.00,-2.7706
532.50,-2.7847
533.00,-2.8060
533.50,-2.8281
534.00,-2.8468
534.50,-2.8582
535.00,-2.8586
535.50,-2.8471
536.00,-2.8271
536.50,-2.8031
537.00,-2.7776
537.50,-2.7521
538.00,-2.7298
538.50,-2.7162
539.00,-2.7143
539.50,-2.7214
540.00,-2.7323
540.50,-2.7434
541.00,-2.7534
541.50,-2.7613
542.00,-2.7638
542.50,-2.7573
543.00,-2.7407
543.50,-2.7170
544.00,-2.6910
544.50,-2.6673
545.00,-2.6489
545.50,-2.6372
546.00,-2.6306
546.50,-2.6258
547.00,-2.6194
547.50,-2.6101
548.00,-2.6006
548.50,-2.5955
549.00,-2.5988
549.50,-2.6099
550.00,-2.6231
550.50,-2.6302
551.00,-2.6264
551.50,-2.6123
552.00,-2.5933
552.50,-2.5758
553.00,-2.5645
553.50,-2.5609
554.00,-2.5636
554.50,-2.5697
555.00,-2.5775
555.50,-2.5869
556.00,-2.5985
556.50,-2.6106
557.00,-2.6191
557.50,-2.6204
558.00,-2.6136
558.50,-2.6006
559.00,-2.5846
559.50,-2.5690
560.00,-2.5579
560.50,-2.5544
561.00,-2.5595
561.50,-2.5697
562.00,-2.5789
562.50,-2.5816
563.00,-2.5767
563.50,-2.5677
564.00,-2.5595
564.50,-2.5553
565.00,-2.5557
565.50,-2.5599
566.00,-2.5659
566.50,-2.5721
567.00,-2.5760
567.50,-2.5751
568.00,-2.5676
568.50,-2.5538
569.00,-2.5374
569.50,-2.5221
570.00,-2.5102
570.50,-2.5015
571.00,-2.4965
571.50,-2.4968
572.00,-2.5036
572.50,-2.5147
573.00,-2.5257
573.50,-2.5336
574.00,-2.5383
574.50,-2.5412
575.00,-2.5425
575.50,-2.5395
576.00,-2.5306
576.50,-2.5170
577.00,-2.5020
577.50,-2.4883
578.00,-2.4781
578.50,-2.4736
579.00,-2.4768
579.50,-2.4868
580.00,-2.4986
580.50,-2.5062
581.00,-2.5073
581.50,-2.5040
582.00,-2.4995
582.50,-2.4952
583.00,-2.4904
583.50,-2.4856
584.00,-2.4824
584.50,-2.4818
585.00,-2.4813
585.50,-2.4768
586.00,-2.4660
586.50,-2.4503
587.00,-2.4334
587.50,-2.4179
588.00,-2.4053
588.50,-2.3960
589.00,-2.3899
589.50,-2.3862
590.00,-2.3834
590.50,-2.3800
591.00,-2.3754
591.50,-2.3706
592.00,-2.3678
592.50,-2.3683
593.00,-2.3709
593.50,-2.3726
594.00,-2.3701
594.50,-2.3624
595.00,-2.3511
595.50,-2.3390
596.00,-2.3284
596.50,-2.3201
597.00,-2.3130
597.50,-2.3045
598.00,-2.2922
598.50,-2.2753
599.00,-2.2557
599.50,-2.2368
600.00,-2.2209
600.50,-2.2081
601.00,-2.1966
601.50,-2.1839
602.00,-2.1701
602.50,-2.1575
603.00,-2.1484
603.50,-2.1434
604.00,-2.1408
604.50,-2.1387
605.00,-2.1363
605.50,-2.1329
606.00,-2.1272
606.50,-2.1167
607.00,-2.1001
607.50,-2.0777
608.00,-2.0516
608.50,-2.0253
609.00,-2.0026
609.50,-1.9864
610.00,-1.9774
610.50,-1.9739
611.00,-1.9739
611.50,-1.9764
612.00,-1.9818
612.50,-1.9894
613.00,-1.9969
613.50,-2.0006
614.00,-1.9977
614.50,-1.9877
615.00,-1.9729
615.50,-1.9572
616.00,-1.9441
616.50,-1.9355
617.00,-1.9299
617.50,-1.9241
618.00,-1.9166
618.50,-1.9104
619.00,-1.9119
619.50,-1.9250
620.00,-1.9470
620.50,-1.9685
621.00,-1.9796
621.50,-1.9759
622.00,-1.9586
622.50,-1.9330
623.00,-1.9054
623.50,-1.8828
624.00,-1.8712
624.50,-1.8729
625.00,-1.8844
625.50,-1.8984
626.00,-1.9080
626.50,-1.9098
627.00,-1.9040
627.50,-1.8935
628.00,-1.8819
628.50,-1.8726
629.00,-1.8682
629.50,-1.8692
630.00,-1.8751
630.50,-1.8851
631.00,-1.8990
631.50,-1.9156
632.00,-1.9319
632.50,-1.9456
633.00,-1.9570
633.50,-1.9676
634.00,-1.9773
634.50,-1.9831
635.00,-1.9820
635.50,-1.9741
636.00,-1.9641
636.50,-1.9576
637.00,-1.9575
637.50,-1.9632
638.00,-1.9734
638.50,-1.9873
639.00,-2.0044
639.50,-2.0228
640.00,-2.0389
640.50,-2.0499
641.00,-2.0558
641.50,-2.0588
642.00,-2.0598
642.50,-2.0577
643.00,-2.0513
643.50,-2.0427
644.00,-2.0353
644.50,-2.0299
645.00,-2.0239
645.50,-2.0152
646.00,-2.0063
646.50,-2.0016
647.00,-2.0036
647.50,-2.0097
648.00,-2.0145
648.50,-2.0136
649.00,-2.0052
649.50,-1.9908
650.00,-1.9748
650.50,-1.9630
651.00,-1.9597
651.50,-1.9658
652.00,-1.9778
652.50,-1.9902
653.00,-1.9985
653.50,-2.0019
654.00,-2.0028
654.50,-2.0038
655.00,-2.0056
655.50,-2.0073
656.00,-2.0075
656.50,-2.0050
657.00,-1.9995
657.50,-1.9900
658.00,-1.9765
658.50,-1.9607
659.00,-1.9458
659.50,-1.9349
660.00,-1.9282
660.50,-1.9237
661.00,-1.9195
661.50,-1.9160
662.00,-1.9150
662.50,-1.9176
663.00,-1.9231
663.50,-1.9300
664.00,-1.9374
664.50,-1.9444
665.00,-1.9501
665.50,-1.9538
666.00,-1.9561
666.50,-1.9580
667.00,-1.9608
667.50,-1.9650
668.00,-1.9708
668.50,-1.9774
669.00,-1.9840
669.50,-1.9897
670.00,-1.9946
670.50,-1.9998
671.00,-2.0067
671.50,-2.0159
672.00,-2.0261
672.50,-2.0348
673.00,-2.0403
673.50,-2.0436
674.00,-2.0477
674.50,-2.0549
675.00,-2.0641
675.50,-2.0712
676.00,-2.0722
676.50,-2.0664
677.00,-2.0569
677.50,-2.0492
678.00,-2.0479
678.50,-2.0548
679.00,-2.0683
679.50,-2.0845
680.00,-2.0990
680.50,-2.1093
681.00,-2.1158
681.50,-2.1215
682.00,-2.1291
682.50,-2.1375
683.00,-2.1410
683.50,-2.1334
684.00,-2.1141
684.50,-2.0900
685.00,-2.0717
685.50,-2.0659
686.00,-2.0710
686.50,-2.0794
687.00,-2.0833
687.50,-2.0806
688.00,-2.0748
688.50,-2.0717
689.00,-2.0755
689.50,-2.0871
690.00,-2.1038
690.50,-2.1207
691.00,-2.1327
691.50,-2.1375
692.00,-2.1374
692.50,-2.1382
693.00,-2.1455
693.50,-2.1603
694.00,-2.1780
694.50,-2.1912
695.00,-2.1946
695.50,-2.1884
696.00,-2.1768
696.50,-2.1648
697.00,-2.1556
697.50,-2.1520
698.00,-2.1575
698.50,-2.1737
699.00,-2.1987
699.50,-2.2260
700.00,-2.2491
700.50,-2.2649
701.00,-2.2739
701.50,-2.2790
702.00,-2.2837
702.50,-2.2914
703.00,-2.3039
703.50,-2.3194
704.00,-2.3310
704.50,-2.3316
705.00,-2.3189
705.50,-2.2986
706.00,-2.2812
706.50,-2.2760
707.00,-2.2862
707.50,-2.3084
708.00,-2.3347
708.50,-2.3566
709.00,-2.3688
709.50,-2.3710
710.00,-2.3662
710.50,-2.3588
711.00,-2.3515
711.50,-2.3449
712.00,-2.3385
712.50,-2.3321
713.00,-2.3274
713.50,-2.3273
714.00,-2.3343
714.50,-2.3494
715.00,-2.3710
715.50,-2.3957
716.00,-2.4186
716.50,-2.4362
717.00,-2.4479
717.50,-2.4560
718.00,-2.4640
718.50,-2.4728
719.00,-2.4812
719.50,-2.4871
720.00,-2.4911
720.50,-2.4950
721.00,-2.5001
721.50,-2.5059
722.00,-2.5108
722.50,-2.5130
723.00,-2.5107
723.50,-2.5028
724.00,-2.4914
724.50,-2.4803
725.00,-2.4731
725.50,-2.4699
726.00,-2.4676
726.50,-2.4619
727.00,-2.4506
727.50,-2.4350
728.00,-2.4189
728.50,-2.4066
729.00,-2.4001
729.50,-2.3992
730.00,-2.4018
730.50,-2.4063
731.00,-2.4110
731.50,-2.4144
732.00,-2.4143
732.50,-2.4101
733.00,-2.4044
733.50,-2.4006
734.00,-2.3998
734.50,-2.3991
735.00,-2.3949
735.50,-2.3860
736.00,-2.3739
736.50,-2.3612
737.00,-2.3498
737.50,-2.3398
738.00,-2.3300
738.50,-2.3195
739.00,-2.3099
739.50,-2.3044
740.00,-2.3053
740.50,-2.3115
741.00,-2.3178
741.50,-2.3188
742.00,-2.3118
742.50,-2.2981
743.00,-2.2812
743.50,-2.2644
744.00,-2.2497
744.50,-2.2376
745.00,-2.2268
745.50,-2.2150
746.00,-2.1992
746.50,-2.1780
747.00,-2.1528
747.50,-2.1280
748.00,-2.1093
748.50,-2.1016
749.00,-2.1068
749.50,-2.1226
750.00,-2.1422
750.50,-2.1565
751.00,-2.1590
751.50,-2.1489
752.00,-2.1309
752.50,-2.1116
753.00,-2.0940
753.50,-2.0771
754.00,-2.0582
754.50,-2.0369
755.00,-2.0164
755.50,-2.0001
756.00,-1.9881
756.50,-1.9780
757.00,-1.9676
757.50,-1.9586
758.00,-1.9562
758.50,-1.9644
759.00,-1.9821
759.50,-2.0039
760.00,-2.0227
760.50,-2.0328
761.00,-2.0316
761.50,-2.0202
762.00,-2.0027
762.50,-1.9837
763.00,-1.9671
763.50,-1.9545
764.00,-1.9453
764.50,-1.9369
765.00,-1.9269
765.50,-1.9149
766.00,-1.9036
766.50,-1.8969
767.00,-1.8966
767.50,-1.9003
768.00,-1.9016
768.50,-1.8940
769.00,-1.8755
769.50,-1.8498
770.00,-1.8236
770.50,-1.8020
771.00,-1.7870
771.50,-1.7785
772.00,-1.7748
772.50,-1.7720
773.00,-1.7654
773.50,-1.7533
774.00,-1.7393
774.50,-1.7298
775.00,-1.7282
775.50,-1.7317
776.00,-1.7335
776.50,-1.7273
777.00,-1.7106
777.50,-1.6857
778.00,-1.6591
778.50,-1.6379
779.00,-1.6259
779.50,-1.6208
780.00,-1.6167
780.50,-1.6090
781.00,-1.5975
781.50,-1.5850
782.00,-1.5740
782.50,-1.5651
783.00,-1.5599
783.50,-1.5613
784.00,-1.5706
784.50,-1.5841
785.00,-1.5942
785.50,-1.5941
786.00,-1.5820
786.50,-1.5610
787.00,-1.5374
787.50,-1.5169
788.00,-1.5019
788.50,-1.4920
789.00,-1.4851
789.50,-1.4796
790.00,-1.4754
790.50,-1.4728
791.00,-1.4718
791.50,-1.4722
792.00,-1.4735
792.50,-1.4747
793.00,-1.4734
793.50,-1.4675
794.00,-1.4560
794.50,-1.4397
795.00,-1.4219
795.50,-1.4074
796.00,-1.4014
796.50,-1.4068
797.00,-1.4205
797.50,-1.4351
798.00,-1.4431
798.50,-1.4420
799.00,-1.4346
799.50,-1.4259
800.00,-1.4197
800.50,-1.4177
801.00,-1.4200
801.50,-1.4258
802.00,-1.4325
802.50,-1.4365
803.00,-1.4348
803.50,-1.4279
804.00,-1.4195
804.50,-1.4135
805.00,-1.4118
805.50,-1.4144
806.00,-1.4204
806.50,-1.4287
807.00,-1.4376
807.50,-1.4455
808.00,-1.4517
808.50,-1.4557
809.00,-1.4567
809.50,-1.4535
810.00,-1.4460
810.50,-1.4353
811.00,-1.4241
811.50,-1.4152
812.00,-1.4117
812.50,-1.4155
813.00,-1.4266
813.50,-1.4428
814.00,-1.4590
814.50,-1.4693
815.00,-1.4696
815.50,-1.4602
816.00,-1.4467
816.50,-1.4358
817.00,-1.4318
817.50,-1.4344
818.00,-1.4405
818.50,-1.4484
819.00,-1.4578
819.50,-1.4682
820.00,-1.4767
820.50,-1.4798
821.00,-1.4761
821.50,-1.4676
822.00,-1.4574
822.50,-1.4491
823.00,-1.4454
823.50,-1.4475
824.00,-1.4541
824.50,-1.4624
825.00,-1.4711
825.50,-1.4816
826.00,-1.4953
826.50,-1.5107
827.00,-1.5226
827.50,-1.5254
828.00,-1.5180
828.50,-1.5059
829.00,-1.4975
829.50,-1.4992
830.00,-1.5120
830.50,-1.5321
831.00,-1.5543
831.50,-1.5746
832.00,-1.5909
832.50,-1.6029
833.00,-1.6112
833.50,-1.6170
834.00,-1.6212
834.50,-1.6237
835.00,-1.6246
835.50,-1.6245
836.00,-1.6256
836.50,-1.6299
837.00,-1.6378
837.50,-1.6477
838.00,-1.6573
838.50,-1.6648
839.00,-1.6701
839.50,-1.6739
840.00,-1.6776
840.50,-1.6835
841.00,-1.6938
841.50,-1.7086
842.00,-1.7255
842.50,-1.7411
843.00,-1.7536
843.50,-1.7641
844.00,-1.7736
844.50,-1.7815
845.00,-1.7856
845.50,-1.7846
846.00,-1.7797
846.50,-1.7742
847.00,-1.7716
847.50,-1.7751
848.00,-1.7857
848.50,-1.8013
849.00,-1.8174
849.50,-1.8286
850.00,-1.8307
850.50,-1.8230
851.00,-1.8086
851.50,-1.7941
852.00,-1.7873
852.50,-1.7927
853.00,-1.8085
853.50,-1.8266
854.00,-1.8371
854.50,-1.8349
855.00,-1.8219
855.50,-1.8051
856.00,-1.7916
856.50,-1.7843
857.00,-1.7819
857.50,-1.7810
858.00,-1.7800
858.50,-1.7802
859.00,-1.7853
859.50,-1.7986
860.00,-1.8200
860.50,-1.8444
861.00,-1.8634
861.50,-1.8707
862.00,-1.8667
862.50,-1.8571
863.00,-1.8482
863.50,-1.8433
864.00,-1.8432
864.50,-1.8474
865.00,-1.8551
865.50,-1.8645
866.00,-1.8735
866.50,-1.8816
867.00,-1.8895
867.50,-1.8986
868.00,-1.9082
868.50,-1.9162
869.00,-1.9204
869.50,-1.9200
870.00,-1.9153
870.50,-1.9073
871.00,-1.8989
871.50,-1.8958
872.00,-1.9030
872.50,-1.9199
873.00,-1.9383
873.50,-1.9486
874.00,-1.9469
874.50,-1.9382
875.00,-1.9310
875.50,-1.9305
876.00,-1.9362
876.50,-1.9446
877.00,-1.9524
877.50,-1.9576
878.00,-1.9593
878.50,-1.9575
879.00,-1.9538
879.50,-1.9518
880.00,-1.9550
880.50,-1.9648
881.00,-1.9802
881.50,-1.9984
882.00,-2.0167
882.50,-2.0331
883.00,-2.0465
883.50,-2.0569
884.00,-2.0659
884.50,-2.0747
885.00,-2.0839
885.50,-2.0931
886.00,-2.1018
886.50,-2.1101
887.00,-2.1188
887.50,-2.1280
888.00,-2.1366
888.50,-2.1429
889.00,-2.1463
889.50,-2.1473
890.00,-2.1475
890.50,-2.1492
891.00,-2.1544
891.50,-2.1625
892.00,-2.1698
892.50,-2.1718
893.00,-2.1669
893.50,-2.1591
894.00,-2.1556
894.50,-2.1616
895.00,-2.1765
895.50,-2.1961
896.00,-2.2166
896.50,-2.2359
897.00,-2.2527
897.50,-2.2652
898.00,-2.2713
898.50,-2.2713
899.00,-2.2673
899.50,-2.2626
900.00,-2.2601
900.50,-2.2609
901.00,-2.2642
901.50,-2.2671
902.00,-2.2666
902.50,-2.2626
903.00,-2.2592
903.50,-2.2619
904.00,-2.2729
904.50,-2.2888
905.00,-2.3019
905.50,-2.3054
906.00,-2.2973
906.50,-2.2807
907.00,-2.2616
907.50,-2.2449
908.00,-2.2328
908.50,-2.2249
909.00,-2.2201
909.50,-2.2184
910.00,-2.2202
910.50,-2.2257
911.00,-2.2321
911.50,-2.2352
912.00,-2.2312
912.50,-2.2196
913.00,-2.2032
913.50,-2.1857
914.00,-2.1688
914.50,-2.1524
915.00,-2.1363
915.50,-2.1209
916.00,-2.1068
916.50,-2.0941
917.00,-2.0821
917.50,-2.0702
918.00,-2.0581
918.50,-2.0461
919.00,-2.0348
919.50,-2.0245
920.00,-2.0156
920.50,-2.0094
921.00,-2.0070
921.50,-2.0071
922.00,-2.0054
922.50,-1.9987
923.00,-1.9878
923.50,-1.9773
924.00,-1.9704
924.50,-1.9661
925.00,-1.9610
925.50,-1.9529
926.00,-1.9429
926.50,-1.9326
927.00,-1.9232
927.50,-1.9134
928.00,-1.9018
928.50,-1.8875
929.00,-1.8711
929.50,-1.8536
930.00,-1.8350
930.50,-1.8147
931.00,-1.7934
931.50,-1.7733
932.00,-1.7562
932.50,-1.7417
933.00,-1.7263
933.50,-1.7069
934.00,-1.6834
934.50,-1.6590
935.00,-1.6371
935.50,-1.6174
936.00,-1.5955
936.50,-1.5681
937.00,-1.5379
937.50,-1.5119
938.00,-1.4964
938.50,-1.4922
939.00,-1.4943
939.50,-1.4957
940.00,-1.4917
940.50,-1.4804
941.00,-1.4625
941.50,-1.4401
942.00,-1.4172
942.50,-1.3977
943.00,-1.3824
943.50,-1.3688
944.00,-1.3538
944.50,-1.3377
945.00,-1.3225
945.50,-1.3084
946.00,-1.2924
946.50,-1.2710
947.00,-1.2446
947.50,-1.2175
948.00,-1.1942
948.50,-1.1761
949.00,-1.1605
949.50,-1.1436
950.00,-1.1238
950.50,-1.1041
951.00,-1.0894
951.50,-1.0818
952.00,-1.0774
952.50,-1.0697
953.00,-1.0567
953.50,-1.0428
954.00,-1.0345
954.50,-1.0327
955.00,-1.0324
955.50,-1.0274
956.00,-1.0159
956.50,-0.9999
957.00,-0.9820
957.50,-0.9624
958.00,-0.9393
958.50,-0.9122
959.00,-0.8831
959.50,-0.8555
960.00,-0.8332
960.50,-0.8185
961.00,-0.8122
961.50,-0.8125
962.00,-0.8154
962.50,-0.8167
963.00,-0.8146
963.50,-0.8120
964.00,-0.8129
964.50,-0.8191
965.00,-0.8274
965.50,-0.8311
966.00,-0.8247
966.50,-0.8063
967.00,-0.7787
967.50,-0.7476
968.00,-0.7191
968.50,-0.6962
969.00,-0.6785
969.50,-0.6636
970.00,-0.6508
970.50,-0.6404
971.00,-0.6332
971.50,-0.6287
972.00,-0.6258
972.50,-0.6224
973.00,-0.6154
973.50,-0.6010
974.00,-0.5784
974.50,-0.5523
975.00,-0.5313
975.50,-0.5221
976.00,-0.5257
976.50,-0.5380
977.00,-0.5534
977.50,-0.5673
978.00,-0.5759
978.50,-0.5782
979.00,-0.5771
979.50,-0.5778
980.00,-0.5823
980.50,-0.5863
981.00,-0.5828
981.50,-0.5699
982.00,-0.5534
982.50,-0.5419
983.00,-0.5395
983.50,-0.5437
984.00,-0.5482
984.50,-0.5483
985.00,-0.5432
985.50,-0.5339
986.00,-0.5218
986.50,-0.5083
987.00,-0.4954
987.50,-0.4866
988.00,-0.4838
988.50,-0.4851
989.00,-0.4861
989.50,-0.4846
990.00,-0.4827
990.50,-0.4832
991.00,-0.4862
991.50,-0.4883
992.00,-0.4875
992.50,-0.4847
993.00,-0.4825
993.50,-0.4820
994.00,-0.4827
994.50,-0.4829
995.00,-0.4807
995.50,-0.4737
996.00,-0.4597
996.50,-0.4403
997.00,-0.4207
997.50,-0.4075
998.00,-0.4034
998.50,-0.4064
999.00,-0.4122
999.50,-0.4175
1000.00,-0.4209
1000.50,-0.4216
1001.00,-0.4199
1001.50,-0.4168
1002.00,-0.4138
1002.50,-0.4118
1003.00,-0.4103
1003.50,-0.4067
1004.00,-0.3984
1004.50,-0.3840
1005.00,-0.3655
1005.50,-0.3469
1006.00,-0.3316
1006.50,-0.3202
1007.00,-0.3101
1007.50,-0.2975
1008.00,-0.2819
1008.50,-0.2661
1009.00,-0.2545
1009.50,-0.2494
1010.00,-0.2485
1010.50,-0.2469
1011.00,-0.2402
1011.50,-0.2276
1012.00,-0.2120
1012.50,-0.1972
1013.00,-0.1851
1013.50,-0.1741
1014.00,-0.1615
1014.50,-0.1467
1015.00,-0.1326
1015.50,-0.1227
1016.00,-0.1189
1016.50,-0.1202
1017.00,-0.1252
1017.50,-0.1334
1018.00,-0.1445
1018.50,-0.1576
1019.00,-0.1709
1019.50,-0.1829
1020.00,-0.1927
1020.50,-0.1989
1021.00,-0.1982
1021.50,-0.1873
1022.00,-0.1672
1022.50,-0.1445
1023.00,-0.1285
1023.50,-0.1253
1024.00,-0.1347
1024.50,-0.1498
1025.00,-0.1603
1025.50,-0.1584
1026.00,-0.1431
1026.50,-0.1199
1027.00,-0.0975
1027.50,-0.0820
1028.00,-0.0754
1028.50,-0.0768
1029.00,-0.0853
1029.50,-0.1004
1030.00,-0.1205
1030.50,-0.1403
1031.00,-0.1538
1031.50,-0.1580
1032.00,-0.1557
1032.50,-0.1530
1033.00,-0.1541
1033.50,-0.1580
1034.00,-0.1605
1034.50,-0.1590
1035.00,-0.1552
1035.50,-0.1528
1036.00,-0.1542
1036.50,-0.1580
1037.00,-0.1605
1037.50,-0.1575
1038.00,-0.1465
1038.50,-0.1271
1039.00,-0.1029
1039.50,-0.0805
1040.00,-0.0666
1040.50,-0.0631
1041.00,-0.0667
1041.50,-0.0725
1042.00,-0.0757
1042.50,-0.0734
1043.00,-0.0640
1043.50,-0.0491
1044.00,-0.0330
1044.50,-0.0208
1045.00,-0.0152
1045.50,-0.0154
1046.00,-0.0189
1046.50,-0.0235
1047.00,-0.0279
1047.50,-0.0309
1048.00,-0.0302
1048.50,-0.0243
1049.00,-0.0153
1049.50,-0.0087
1050.00,-0.0108
1050.50,-0.0237
1051.00,-0.0429
1051.50,-0.0606
1052.00,-0.0693
1052.50,-0.0654
1053.00,-0.0508
1053.50,-0.0317
1054.00,-0.0168
1054.50,-0.0136
1055.00,-0.0251
1055.50,-0.0482
1056.00,-0.0752
1056.50,-0.0971
1057.00,-0.1075
1057.50,-0.1058
1058.00,-0.0967
1058.50,-0.0867
1059.00,-0.0795
1059.50,-0.0743
1060.00,-0.0678
1060.50,-0.0576
1061.00,-0.0453
1061.50,-0.0356
1062.00,-0.0339
1062.50,-0.0422
1063.00,-0.0574
1063.50,-0.0725
1064.00,-0.0816
1064.50,-0.0824
1065.00,-0.0770
1065.50,-0.0697
1066.00,-0.0646
1066.50,-0.0643
1067.00,-0.0696
1067.50,-0.0797
1068.00,-0.0921
1068.50,-0.1035
1069.00,-0.1103
1069.50,-0.1093
1070.00,-0.0998
1070.50,-0.0832
1071.00,-0.0638
1071.50,-0.0476
1072.00,-0.0400
1072.50,-0.0436
1073.00,-0.0566
1073.50,-0.0736
1074.00,-0.0892
1074.50,-0.1001
1075.00,-0.1053
1075.50,-0.1056
1076.00,-0.1025
1076.50,-0.0991
1077.00,-0.0986
1077.50,-0.1016
1078.00,-0.1059
1078.50,-0.1098
1079.00,-0.1138
1079.50,-0.1201
1080.00,-0.1301
1080.50,-0.1425
1081.00,-0.1538
1081.50,-0.1602
1082.00,-0.1594
1082.50,-0.1525
1083.00,-0.1442
1083.50,-0.1403
1084.00,-0.1453
1084.50,-0.1597
1085.00,-0.1793
1085.50,-0.1966
1086.00,-0.2050
1086.50,-0.2017
1087.00,-0.1883
1087.50,-0.1697
1088.00,-0.1525
1088.50,-0.1431
1089.00,-0.1444
1089.50,-0.1539
1090.00,-0.1652
1090.50,-0.1738
1091.00,-0.1797
1091.50,-0.1874
1092.00,-0.1998
1092.50,-0.2139
1093.00,-0.2219
1093.50,-0.2177
1094.00,-0.2027
1094.50,-0.1849
1095.00,-0.1730
1095.50,-0.1708
1096.00,-0.1749
1096.50,-0.1776
1097.00,-0.1721
1097.50,-0.1564
1098.00,-0.1350
1098.50,-0.1171
1099.00,-0.1100
1099.50,-0.1148
1100.00,-0.1268
1100.50,-0.1393
1101.00,-0.1478
1101.50,-0.1511
1102.00,-0.1504
1102.50,-0.1479
1103.00,-0.1454
1103.50,-0.1438
1104.00,-0.1431
1104.50,-0.1423
1105.00,-0.1400
1105.50,-0.1356
1106.00,-0.1314
1106.50,-0.1319
1107.00,-0.1411
1107.50,-0.1577
1108.00,-0.1756
1108.50,-0.1869
1109.00,-0.1863
1109.50,-0.1730
1110.00,-0.1512
1110.50,-0.1275
1111.00,-0.1095
1111.50,-0.1027
1112.00,-0.1079
1112.50,-0.1218
1113.00,-0.1379
1113.50,-0.1510
1114.00,-0.1585
1114.50,-0.1610
1115.00,-0.1616
1115.50,-0.1626
1116.00,-0.1637
1116.50,-0.1620
1117.00,-0.1552
1117.50,-0.1446
1118.00,-0.1355
1118.50,-0.1334
1119.00,-0.1406
1119.50,-0.1555
1120.00,-0.1740
1120.50,-0.1915
1121.00,-0.2055
1121.50,-0.2157
1122.00,-0.2232
1122.50,-0.2288
1123.00,-0.2338
1123.50,-0.2401
1124.00,-0.2508
1124.50,-0.2682
1125.00,-0.2913
1125.50,-0.3162
1126.00,-0.3400
1126.50,-0.3627
1127.00,-0.3864
1127.50,-0.4109
1128.00,-0.4333
1128.50,-0.4501
1129.00,-0.4604
1129.50,-0.4662
1130.00,-0.4708
1130.50,-0.4759
1131.00,-0.4816
1131.50,-0.4878
1132.00,-0.4966
1132.50,-0.5104
1133.00,-0.5297
1133.50,-0.5509
1134.00,-0.5692
1134.50,-0.5812
1135.00,-0.5872
1135.50,-0.5908
1136.00,-0.5963
1136.50,-0.6053
1137.00,-0.6162
1137.50,-0.6254
1138.00,-0.6309
1138.50,-0.6335
1139.00,-0.6364
1139.50,-0.6428
1140.00,-0.6542
1140.50,-0.6701
1141.00,-0.6887
1141.50,-0.7073
1142.00,-0.7233
1142.50,-0.7359
1143.00,-0.7478
1143.50,-0.7640
1144.00,-0.7882
1144.50,-0.8184
1145.00,-0.8466
1145.50,-0.8650
1146.00,-0.8712
1146.50,-0.8697
1147.00,-0.8687
1147.50,-0.8740
1148.00,-0.8856
1148.50,-0.8982
1149.00,-0.9051
1149.50,-0.9022
1150.00,-0.8915
1150.50,-0.8791
1151.00,-0.8714
1151.50,-0.8716
1152.00,-0.8795
1152.50,-0.8937
1153.00,-0.9122
1153.50,-0.9335
1154.00,-0.9550
1154.50,-0.9730
1155.00,-0.9849
1155.50,-0.9907
1156.00,-0.9927
1156.50,-0.9933
1157.00,-0.9935
1157.50,-0.9939
1158.00,-0.9957
1158.50,-1.0001
1159.00,-1.0086
1159.50,-1.0230
1160.00,-1.0452
1160.50,-1.0754
1161.00,-1.1095
1161.50,-1.1390
1162.00,-1.1556
1162.50,-1.1560
1163.00,-1.1445
1163.50,-1.1292
1164.00,-1.1166
1164.50,-1.1094
1165.00,-1.1068
1165.50,-1.1065
1166.00,-1.1059
1166.50,-1.1031
1167.00,-1.0983
1167.50,-1.0940
1168.00,-1.0939
1168.50,-1.1001
1169.00,-1.1114
1169.50,-1.1241
1170.00,-1.1336
1170.50,-1.1365
1171.00,-1.1327
1171.50,-1.1252
1172.00,-1.1186
1172.50,-1.1169
1173.00,-1.1215
1173.50,-1.1305
1174.00,-1.1390
1174.50,-1.1411
1175.00,-1.1329
1175.50,-1.1167
1176.00,-1.1005
1176.50,-1.0940
1177.00,-1.1025
1177.50,-1.1233
1178.00,-1.1476
1178.50,-1.1655
1179.00,-1.1724
1179.50,-1.1697
1180.00,-1.1626
1180.50,-1.1568
1181.00,-1.1559
1181.50,-1.1605
1182.00,-1.1685
1182.50,-1.1772
1183.00,-1.1854
1183.50,-1.1930
1184.00,-1.2007
1184.50,-1.2074
1185.00,-1.2102
1185.50,-1.2066
1186.00,-1.1964
1186.50,-1.1829
1187.00,-1.1720
1187.50,-1.1698
1188.00,-1.1796
1188.50,-1.1989
1189.00,-1.2206
1189.50,-1.2360
1190.00,-1.2399
1190.50,-1.2327
1191.00,-1.2194
1191.50,-1.2063
1192.00,-1.1979
1192.50,-1.1957
1193.00,-1.1992
1193.50,-1.2086
1194.00,-1.2245
1194.50,-1.2478
1195.00,-1.2769
1195.50,-1.3075
1196.00,-1.3340
1196.50,-1.3511
1197.00,-1.3563
1197.50,-1.3509
1198.00,-1.3387
1198.50,-1.3244
1199.00,-1.3117
1199.50,-1.3027
1200.00,-1.2983
1200.50,-1.2993
1201.00,-1.3067
1201.50,-1.3205
1202.00,-1.3388
1202.50,-1.3586
1203.00,-1.3770
1203.50,-1.3923
1204.00,-1.4045
1204.50,-1.4151
1205.00,-1.4255
1205.50,-1.4360
1206.00,-1.4452
1206.50,-1.4511
1207.00,-1.4517
1207.50,-1.4461
1208.00,-1.4358
1208.50,-1.4248
1209.00,-1.4179
1209.50,-1.4179
1210.00,-1.4240
1210.50,-1.4332
1211.00,-1.4429
1211.50,-1.4521
1212.00,-1.4606
1212.50,-1.4682
1213.00,-1.4746
1213.50,-1.4789
1214.00,-1.4813
1214.50,-1.4838
1215.00,-1.4897
1215.50,-1.5010
1216.00,-1.5158
1216.50,-1.5292
1217.00,-1.5369
1217.50,-1.5384
1218.00,-1.5371
1218.50,-1.5369
1219.00,-1.5410
1219.50,-1.5500
1220.00,-1.5629
1220.50,-1.5767
1221.00,-1.5879
1221.50,-1.5938
1222.00,-1.5934
1222.50,-1.5868
1223.00,-1.5747
1223.50,-1.5585
1224.00,-1.5408
1224.50,-1.5262
1225.00,-1.5189
1225.50,-1.5213
1226.00,-1.5324
1226.50,-1.5495
1227.00,-1.5690
1227.50,-1.5875
1228.00,-1.6025
1228.50,-1.6115
1229.00,-1.6127
1229.50,-1.6068
1230.00,-1.5972
1230.50,-1.5898
1231.00,-1.5888
1231.50,-1.5938
1232.00,-1.6003
1232.50,-1.6041
1233.00,-1.6050
1233.50,-1.6060
1234.00,-1.6097
1234.50,-1.6160
1235.00,-1.6226
1235.50,-1.6274
1236.00,-1.6299
1236.50,-1.6317
1237.00,-1.6347
1237.50,-1.6395
1238.00,-1.6438
1238.50,-1.6446
1239.00,-1.6398
1239.50,-1.6299
1240.00,-1.6180
1240.50,-1.6072
1241.00,-1.5988
1241.50,-1.5922
1242.00,-1.5868
1242.50,-1.5823
1243.00,-1.5788
1243.50,-1.5760
1244.00,-1.5746
1244.50,-1.5769
1245.00,-1.5854
1245.50,-1.5993
1246.00,-1.6150
1246.50,-1.6280
1247.00,-1.6367
1247.50,-1.6426
1248.00,-1.6486
1248.50,-1.6566
1249.00,-1.6671
1249.50,-1.6791
1250.00,-1.6907
1250.50,-1.6982
1251.00,-1.6980
1251.50,-1.6894
1252.00,-1.6769
1252.50,-1.6676
1253.00,-1.6663
1253.50,-1.6722
1254.00,-1.6802
1254.50,-1.6853
1255.00,-1.6869
1255.50,-1.6886
1256.00,-1.6940
1256.50,-1.7040
1257.00,-1.7156
1257.50,-1.7257
1258.00,-1.7334
1258.50,-1.7399
1259.00,-1.7461
1259.50,-1.7512
1260.00,-1.7543
1260.50,-1.7568
1261.00,-1.7625
1261.50,-1.7736
1262.00,-1.7892
1262.50,-1.8045
1263.00,-1.8147
1263.50,-1.8177
1264.00,-1.8157
1264.50,-1.8125
1265.00,-1.8092
1265.50,-1.8037
1266.00,-1.7930
1266.50,-1.7768
1267.00,-1.7589
1267.50,-1.7444
1268.00,-1.7373
1268.50,-1.7391
1269.00,-1.7492
1269.50,-1.7648
1270.00,-1.7807
1270.50,-1.7911
1271.00,-1.7925
1271.50,-1.7871
1272.00,-1.7803
1272.50,-1.7777
1273.00,-1.7819
1273.50,-1.7924
1274.00,-1.8062
1274.50,-1.8195
1275.00,-1.8289
1275.50,-1.8331
1276.00,-1.8331
1276.50,-1.8308
1277.00,-1.8274
1277.50,-1.8242
1278.00,-1.8220
1278.50,-1.8207
1279.00,-1.8200
1279.50,-1.8198
1280.00,-1.8220
1280.50,-1.8277
1281.00,-1.8354
1281.50,-1.8399
1282.00,-1.8355
1282.50,-1.8201
1283.00,-1.7961
1283.50,-1.7683
1284.00,-1.7423
1284.50,-1.7232
1285.00,-1.7135
1285.50,-1.7120
1286.00,-1.7140
1286.50,-1.7152
1287.00,-1.7142
1287.50,-1.7136
1288.00,-1.7153
1288.50,-1.7186
1289.00,-1.7208
1289.50,-1.7205
1290.00,-1.7195
1290.50,-1.7203
1291.00,-1.7237
1291.50,-1.7268
1292.00,-1.7250
1292.50,-1.7160
1293.00,-1.7021
1293.50,-1.6903
1294.00,-1.6864
1294.50,-1.6915
1295.00,-1.7009
1295.50,-1.7094
1296.00,-1.7147
1296.50,-1.7185
1297.00,-1.7231
1297.50,-1.7300
1298.00,-1.7389
1298.50,-1.7476
1299.00,-1.7517
1299.50,-1.7465
1300.00,-1.7304
1300.50,-1.7075
1301.00,-1.6865
1301.50,-1.6751
1302.00,-1.6760
1302.50,-1.6851
1303.00,-1.6950
1303.50,-1.7003
1304.00,-1.7003
1304.50,-1.6974
1305.00,-1.6940
1305.50,-1.6906
1306.00,-1.6869
1306.50,-1.6842
1307.00,-1.6848
1307.50,-1.6890
1308.00,-1.6938
1308.50,-1.6950
1309.00,-1.6923
1309.50,-1.6885
1310.00,-1.6857
1310.50,-1.6826
1311.00,-1.6761
1311.50,-1.6658
1312.00,-1.6550
1312.50,-1.6476
1313.00,-1.6453
1313.50,-1.6466
1314.00,-1.6501
1314.50,-1.6561
1315.00,-1.6655
1315.50,-1.6779
1316.00,-1.6910
1316.50,-1.7014
1317.00,-1.7073
1317.50,-1.7096
1318.00,-1.7111
1318.50,-1.7149
1319.00,-1.7219
1319.50,-1.7302
1320.00,-1.7361
1320.50,-1.7367
1321.00,-1.7314
1321.50,-1.7216
1322.00,-1.7093
1322.50,-1.6964
1323.00,-1.6848
1323.50,-1.6767
1324.00,-1.6741
1324.50,-1.6762
1325.00,-1.6803
1325.50,-1.6826
1326.00,-1.6821
1326.50,-1.6808
1327.00,-1.6815
1327.50,-1.6857
1328.00,-1.6941
1328.50,-1.7061
1329.00,-1.7195
1329.50,-1.7310
1330.00,-1.7383
1330.50,-1.7410
1331.00,-1.7400
1331.50,-1.7365
1332.00,-1.7317
1332.50,-1.7266
1333.00,-1.7231
1333.50,-1.7232
1334.00,-1.7280
1334.50,-1.7368
1335.00,-1.7473
1335.50,-1.7563
1336.00,-1.7605
1336.50,-1.7567
1337.00,-1.7437
1337.50,-1.7243
1338.00,-1.7054
1338.50,-1.6949
1339.00,-1.6956
1339.50,-1.7039
1340.00,-1.7109
1340.50,-1.7094
1341.00,-1.6987
1341.50,-1.6848
1342.00,-1.6752
1342.50,-1.6727
1343.00,-1.6749
1343.50,-1.6782
1344.00,-1.6816
1344.50,-1.6873
1345.00,-1.6968
1345.50,-1.7090
1346.00,-1.7207
1346.50,-1.7276
1347.00,-1.7268
1347.50,-1.7177
1348.00,-1.7021
1348.50,-1.6837
1349.00,-1.6664
1349.50,-1.6537
1350.00,-1.6478
1350.50,-1.6495
1351.00,-1.6577
1351.50,-1.6690
1352.00,-1.6805
1352.50,-1.6915
1353.00,-1.7043
1353.50,-1.7208
1354.00,-1.7393
1354.50,-1.7547
1355.00,-1.7626
1355.50,-1.7630
1356.00,-1.7608
1356.50,-1.7612
1357.00,-1.7660
1357.50,-1.7726
1358.00,-1.7773
1358.50,-1.7799
1359.00,-1.7835
1359.50,-1.7912
1360.00,-1.8020
1360.50,-1.8119
1361.00,-1.8177
1361.50,-1.8194
1362.00,-1.8183
1362.50,-1.8144
1363.00,-1.8076
1363.50,-1.8005
1364.00,-1.7993
1364.50,-1.8108
1365.00,-1.8374
1365.50,-1.8756
1366.00,-1.9168
1366.50,-1.9502
1367.00,-1.9676
1367.50,-1.9672
1368.00,-1.9539
1368.50,-1.9357
1369.00,-1.9193
1369.50,-1.9081
1370.00,-1.9029
1370.50,-1.9047
1371.00,-1.9143
1371.50,-1.9323
1372.00,-1.9575
1372.50,-1.9867
1373.00,-2.0153
1373.50,-2.0383
1374.00,-2.0527
1374.50,-2.0574
1375.00,-2.0537
1375.50,-2.0445
1376.00,-2.0330
1376.50,-2.0217
1377.00,-2.0109
1377.50,-1.9990
1378.00,-1.9856
1378.50,-1.9728
1379.00,-1.9656
1379.50,-1.9678
1380.00,-1.9791
1380.50,-1.9948
1381.00,-2.0099
1381.50,-2.0213
1382.00,-2.0295
1382.50,-2.0361
1383.00,-2.0427
1383.50,-2.0490
1384.00,-2.0539
1384.50,-2.0567
1385.00,-2.0583
1385.50,-2.0608
1386.00,-2.0655
1386.50,-2.0714
1387.00,-2.0765
1387.50,-2.0809
1388.00,-2.0865
1388.50,-2.0950
1389.00,-2.1062
1389.50,-2.1167
1390.00,-2.1223
1390.50,-2.1201
1391.00,-2.1116
1391.50,-2.1015
1392.00,-2.0951
1392.50,-2.0938
1393.00,-2.0941
1393.50,-2.0915
1394.00,-2.0846
1394.50,-2.0762
1395.00,-2.0699
1395.50,-2.0671
1396.00,-2.0666
1396.50,-2.0662
1397.00,-2.0644
1397.50,-2.0609
1398.00,-2.0565
1398.50,-2.0527
1399.00,-2.0496
1399.50,-2.0449
1400.00,-2.0358
1400.50,-2.0228
1401.00,-2.0101
1401.50,-2.0028
1402.00,-2.0022
1402.50,-2.0061
1403.00,-2.0116
1403.50,-2.0172
1404.00,-2.0217
1404.50,-2.0245
1405.00,-2.0241
1405.50,-2.0201
1406.00,-2.0142
1406.50,-2.0097
1407.00,-2.0107
1407.50,-2.0191
1408.00,-2.0334
1408.50,-2.0487
1409.00,-2.0595
1409.50,-2.0623
1410.00,-2.0573
1410.50,-2.0464
1411.00,-2.0317
1411.50,-2.0142
1412.00,-1.9945
1412.50,-1.9752
1413.00,-1.9603
1413.50,-1.9542
1414.00,-1.9588
1414.50,-1.9720
1415.00,-1.9892
1415.50,-2.0060
1416.00,-2.0200
1416.50,-2.0319
1417.00,-2.0437
1417.50,-2.0558
1418.00,-2.0661
1418.50,-2.0720
1419.00,-2.0729
1419.50,-2.0719
1420.00,-2.0741
1420.50,-2.0826
1421.00,-2.0970
1421.50,-2.1142
1422.00,-2.1302
1422.50,-2.1415
1423.00,-2.1450
1423.50,-2.1399
1424.00,-2.1299
1424.50,-2.1224
1425.00,-2.1241
1425.50,-2.1363
1426.00,-2.1545
1426.50,-2.1716
1427.00,-2.1835
1427.50,-2.1910
1428.00,-2.1984
1428.50,-2.2093
1429.00,-2.2237
1429.50,-2.2389
1430.00,-2.2529
1430.50,-2.2660
1431.00,-2.2793
1431.50,-2.2921
1432.00,-2.3023
1432.50,-2.3076
1433.00,-2.3080
1433.50,-2.3047
1434.00,-2.2992
1434.50,-2.2926
1435.00,-2.2871
1435.50,-2.2856
1436.00,-2.2910
1436.50,-2.3028
1437.00,-2.3168
1437.50,-2.3279
1438.00,-2.3335
1438.50,-2.3348
1439.00,-2.3357
1439.50,-2.3411
1440.00,-2.3541
1440.50,-2.3737
1441.00,-2.3944
1441.50,-2.4110
1442.00,-2.4228
1442.50,-2.4336
1443.00,-2.4477
1443.50,-2.4656
1444.00,-2.4837
1444.50,-2.4974
1445.00,-2.5048
1445.50,-2.5076
1446.00,-2.5089
1446.50,-2.5122
1447.00,-2.5199
1447.50,-2.5334
1448.00,-2.5527
1448.50,-2.5759
1449.00,-2.5994
1449.50,-2.6191
1450.00,-2.6328
1450.50,-2.6411
1451.00,-2.6473
1451.50,-2.6568
1452.00,-2.6735
1452.50,-2.6978
1453.00,-2.7254
1453.50,-2.7496
1454.00,-2.7661
1454.50,-2.7753
1455.00,-2.7810
1455.50,-2.7859
1456.00,-2.7894
1456.50,-2.7900
1457.00,-2.7887
1457.50,-2.7887
1458.00,-2.7931
1458.50,-2.8023
1459.00,-2.8140
1459.50,-2.8255
1460.00,-2.8350
1460.50,-2.8429
1461.00,-2.8505
1461.50,-2.8586
1462.00,-2.8663
1462.50,-2.8720
1463.00,-2.8741
1463.50,-2.8720
1464.00,-2.8659
1464.50,-2.8559
1465.00,-2.8434
1465.50,-2.8322
1466.00,-2.8287
1466.50,-2.8374
1467.00,-2.8573
1467.50,-2.8810
1468.00,-2.8997
1468.50,-2.9088
1469.00,-2.9085
1469.50,-2.9022
1470.00,-2.8933
1470.50,-2.8854
1471.00,-2.8821
1471.50,-2.8849
1472.00,-2.8918
1472.50,-2.8981
1473.00,-2.9002
1473.50,-2.8978
1474.00,-2.8932
1474.50,-2.8886
1475.00,-2.8848
1475.50,-2.8828
1476.00,-2.8843
1476.50,-2.8906
1477.00,-2.8999
1477.50,-2.9095
1478.00,-2.9188
1478.50,-2.9298
1479.00,-2.9432
1479.50,-2.9562
1480.00,-2.9642
1480.50,-2.9657
1481.00,-2.9631
1481.50,-2.9590
1482.00,-2.9542
1482.50,-2.9486
1483.00,-2.9433
1483.50,-2.9380
1484.00,-2.9302
1484.50,-2.9171
1485.00,-2.8993
1485.50,-2.8815
1486.00,-2.8679
1486.50,-2.8588
1487.00,-2.8526
1487.50,-2.8498
1488.00,-2.8545
1488.50,-2.8704
1489.00,-2.8962
1489.50,-2.9256
1490.00,-2.9511
1490.50,-2.9687
1491.00,-2.9792
1491.50,-2.9866
1492.00,-2.9935
1492.50,-2.9985
1493.00,-2.9976
1493.50,-2.9886
1494.00,-2.9743
1494.50,-2.9601
1495.00,-2.9498
1495.50,-2.9416
1496.00,-2.9298
1496.50,-2.9110
1497.00,-2.8882
1497.50,-2.8691
1498.00,-2.8606
1498.50,-2.8634
1499.00,-2.8702
1499.50,-2.8707
1500.00,-2.8578
1500.50,-2.8321
1501.00,-2.8013
1501.50,-2.7750
1502.00,-2.7601
1502.50,-2.7567
1503.00,-2.7595
1503.50,-2.7618
1504.00,-2.7593
1504.50,-2.7514
1505.00,-2.7407
1505.50,-2.7304
1506.00,-2.7223
1506.50,-2.7161
1507.00,-2.7115
1507.50,-2.7101
1508.00,-2.7135
1508.50,-2.7193
1509.00,-2.7222
1509.50,-2.7173
1510.00,-2.7052
1510.50,-2.6895
1511.00,-2.6733
1511.50,-2.6571
1512.00,-2.6399
1512.50,-2.6207
1513.00,-2.5990
1513.50,-2.5756
1514.00,-2.5522
1514.50,-2.5311
1515.00,-2.5135
1515.50,-2.5002
1516.00,-2.4921
1516.50,-2.4912
1517.00,-2.4979
1517.50,-2.5083
1518.00,-2.5143
1518.50,-2.5070
1519.00,-2.4832
1519.50,-2.4474
1520.00,-2.4096
1520.50,-2.3791
1521.00,-2.3604
1521.50,-2.3521
1522.00,-2.3494
1522.50,-2.3471
1523.00,-2.3431
1523.50,-2.3383
1524.00,-2.3349
1524.50,-2.3344
1525.00,-2.3358
1525.50,-2.3360
1526.00,-2.3328
1526.50,-2.3277
1527.00,-2.3264
1527.50,-2.3342
1528.00,-2.3504
1528.50,-2.3667
1529.00,-2.3738
1529.50,-2.3685
1530.00,-2.3561
1530.50,-2.3453
1531.00,-2.3403
1531.50,-2.3381
1532.00,-2.3328
1532.50,-2.3230
1533.00,-2.3144
1533.50,-2.3158
1534.00,-2.3321
1534.50,-2.3608
1535.00,-2.3938
1535.50,-2.4213
1536.00,-2.4374
1536.50,-2.4411
1537.00,-2.4354
1537.50,-2.4239
1538.00,-2.4099
1538.50,-2.3961
1539.00,-2.3849
1539.50,-2.3776
1540.00,-2.3762
1540.50,-2.3837
1541.00,-2.4016
1541.50,-2.4262
1542.00,-2.4487
1542.50,-2.4611
1543.00,-2.4615
1543.50,-2.4550
1544.00,-2.4490
1544.50,-2.4489
1545.00,-2.4559
1545.50,-2.4677
1546.00,-2.4803
1546.50,-2.4905
1547.00,-2.4968
1547.50,-2.5005
1548.00,-2.5046
1548.50,-2.5119
1549.00,-2.5236
1549.50,-2.5376
1550.00,-2.5498
1550.50,-2.5558
1551.00,-2.5550
1551.50,-2.5515
1552.00,-2.5516
1552.50,-2.5596
1553.00,-2.5749
1553.50,-2.5933
1554.00,-2.6099
1554.50,-2.6209
1555.00,-2.6252
1555.50,-2.6235
1556.00,-2.6181
1556.50,-2.6116
1557.00,-2.6064
1557.50,-2.6032
1558.00,-2.6014
1558.50,-2.5999
1559.00,-2.5971
1559.50,-2.5920
1560.00,-2.5837
1560.50,-2.5725
1561.00,-2.5601
1561.50,-2.5503
1562.00,-2.5465
1562.50,-2.5495
1563.00,-2.5558
1563.50,-2.5605
1564.00,-2.5601
1564.50,-2.5554
1565.00,-2.5492
1565.50,-2.5440
1566.00,-2.5402
1566.50,-2.5373
1567.00,-2.5367
1567.50,-2.5409
1568.00,-2.5519
1568.50,-2.5674
1569.00,-2.5815
1569.50,-2.5880
1570.00,-2.5839
1570.50,-2.5707
1571.00,-2.5525
1571.50,-2.5340
1572.00,-2.5185
1572.50,-2.5063
1573.00,-2.4960
1573.50,-2.4876
1574.00,-2.4845
1574.50,-2.4913
1575.00,-2.5094
1575.50,-2.5347
1576.00,-2.5597
1576.50,-2.5773
1577.00,-2.5845
1577.50,-2.5834
1578.00,-2.5795
1578.50,-2.5784
1579.00,-2.5829
1579.50,-2.5924
1580.00,-2.6045
1580.50,-2.6162
1581.00,-2.6249
1581.50,-2.6278
1582.00,-2.6240
1582.50,-2.6152
1583.00,-2.6055
1583.50,-2.5989
1584.00,-2.5977
1584.50,-2.6021
1585.00,-2.6109
1585.50,-2.6237
1586.00,-2.6419
1586.50,-2.6670
1587.00,-2.6981
1587.50,-2.7309
1588.00,-2.7592
1588.50,-2.7790
1589.00,-2.7916
1589.50,-2.8031
1590.00,-2.8208
1590.50,-2.8486
1591.00,-2.8845
1591.50,-2.9219
1592.00,-2.9528
1592.50,-2.9725
1593.00,-2.9816
1593.50,-2.9842
1594.00,-2.9844
1594.50,-2.9850
1595.00,-2.9887
1595.50,-2.9992
1596.00,-3.0190
1596.50,-3.0457
1597.00,-3.0716
1597.50,-3.0891
1598.00,-3.0969
1598.50,-3.1015
1599.00,-3.1113
1599.50,-3.1307
1600.00,-3.1577
1600.50,-3.1878
1601.00,-3.2178
1601.50,-3.2465
1602.00,-3.2726
1602.50,-3.2951
1603.00,-3.3144
1603.50,-3.3331
1604.00,-3.3547
1604.50,-3.3804
1605.00,-3.4082
1605.50,-3.4345
1606.00,-3.4578
1606.50,-3.4794
1607.00,-3.5017
1607.50,-3.5244
1608.00,-3.5438
1608.50,-3.5558
1609.00,-3.5602
1609.50,-3.5615
1610.00,-3.5655
1610.50,-3.5753
1611.00,-3.5897
1611.50,-3.6062
1612.00,-3.6226
1612.50,-3.6377
1613.00,-3.6505
1613.50,-3.6602
1614.00,-3.6670
1614.50,-3.6732
1615.00,-3.6820
1615.50,-3.6951
1616.00,-3.7113
1616.50,-3.7269
1617.00,-3.7385
1617.50,-3.7442
1618.00,-3.7459
1618.50,-3.7481
1619.00,-3.7565
1619.50,-3.7732
1620.00,-3.7937
1620.50,-3.8091
1621.00,-3.8117
1621.50,-3.8001
1622.00,-3.7805
1622.50,-3.7631
1623.00,-3.7563
1623.50,-3.7625
1624.00,-3.7784
1624.50,-3.7983
1625.00,-3.8178
1625.50,-3.8347
1626.00,-3.8476
1626.50,-3.8539
1627.00,-3.8516
1627.50,-3.8415
1628.00,-3.8284
1628.50,-3.8182
1629.00,-3.8145
1629.50,-3.8169
1630.00,-3.8213
1630.50,-3.8226
1631.00,-3.8177
1631.50,-3.8057
1632.00,-3.7889
1632.50,-3.7719
1633.00,-3.7609
1633.50,-3.7611
1634.00,-3.7724
1634.50,-3.7885
1635.00,-3.8013
1635.50,-3.8063
1636.00,-3.8040
1636.50,-3.7981
1637.00,-3.7916
1637.50,-3.7855
1638.00,-3.7783
1638.50,-3.7690
1639.00,-3.7580
1639.50,-3.7478
1640.00,-3.7418
1640.50,-3.7425
1641.00,-3.7492
1641.50,-3.7592
1642.00,-3.7684
1642.50,-3.7740
1643.00,-3.7755
1643.50,-3.7737
1644.00,-3.7701
1644.50,-3.7660
1645.00,-3.7621
1645.50,-3.7581
1646.00,-3.7532
1646.50,-3.7473
1647.00,-3.7427
1647.50,-3.7420
1648.00,-3.7455
1648.50,-3.7506
1649.00,-3.7550
1649.50,-3.7585
1650.00,-3.7627
1650.50,-3.7683
1651.00,-3.7747
1651.50,-3.7799
1652.00,-3.7824
1652.50,-3.7802
1653.00,-3.7735
1653.50,-3.7631
1654.00,-3.7510
1654.50,-3.7381
1655.00,-3.7240
1655.50,-3.7090
1656.00,-3.6943
1656.50,-3.6834
1657.00,-3.6789
1657.50,-3.6808
1658.00,-3.6865
1658.50,-3.6931
1659.00,-3.6997
1659.50,-3.7070
1660.00,-3.7149
1660.50,-3.7221
1661.00,-3.7276
1661.50,-3.7316
1662.00,-3.7351
1662.50,-3.7381
1663.00,-3.7402
1663.50,-3.7428
1664.00,-3.7487
1664.50,-3.7602
1665.00,-3.7765
1665.50,-3.7936
1666.00,-3.8064
1666.50,-3.8094
1667.00,-3.7995
1667.50,-3.7772
1668.00,-3.7483
1668.50,-3.7231
1669.00,-3.7121
1669.50,-3.7205
1670.00,-3.7444
1670.50,-3.7731
1671.00,-3.7954
1671.50,-3.8064
1672.00,-3.8085
1672.50,-3.8081
1673.00,-3.8096
1673.50,-3.8130
1674.00,-3.8142
1674.50,-3.8100
1675.00,-3.8027
1675.50,-3.7997
1676.00,-3.8090
1676.50,-3.8322
1677.00,-3.8623
1677.50,-3.8876
1678.00,-3.8988
1678.50,-3.8938
1679.00,-3.8774
1679.50,-3.8574
1680.00,-3.8405
1680.50,-3.8298
1681.00,-3.8258
1681.50,-3.8276
1682.00,-3.8340
1682.50,-3.8437
1683.00,-3.8548
1683.50,-3.8648
1684.00,-3.8720
1684.50,-3.8760
1685.00,-3.8777
1685.50,-3.8770
1686.00,-3.8734
1686.50,-3.8682
1687.00,-3.8646
1687.50,-3.8650
1688.00,-3.8697
1688.50,-3.8768
1689.00,-3.8842
1689.50,-3.8912
1690.00,-3.8966
1690.50,-3.8990
1691.00,-3.8980
1691.50,-3.8951
1692.00,-3.8935
1692.50,-3.8954
1693.00,-3.9017
1693.50,-3.9107
1694.00,-3.9187
1694.50,-3.9214
1695.00,-3.9176
1695.50,-3.9111
1696.00,-3.9077
1696.50,-3.9102
1697.00,-3.9157
1697.50,-3.9180
1698.00,-3.9128
1698.50,-3.8997
1699.00,-3.8814
1699.50,-3.8625
1700.00,-3.8472
1700.50,-3.8376
1701.00,-3.8328
1701.50,-3.8302
1702.00,-3.8267
1702.50,-3.8210
1703.00,-3.8129
1703.50,-3.8037
1704.00,-3.7947
1704.50,-3.7861
1705.00,-3.7767
1705.50,-3.7662
1706.00,-3.7576
1706.50,-3.7562
1707.00,-3.7650
1707.50,-3.7815
1708.00,-3.7986
1708.50,-3.8098
1709.00,-3.8130
1709.50,-3.8113
1710.00,-3.8091
1710.50,-3.8084
1711.00,-3.8072
1711.50,-3.8023
1712.00,-3.7928
1712.50,-3.7809
1713.00,-3.7697
1713.50,-3.7611
1714.00,-3.7553
1714.50,-3.7511
1715.00,-3.7471
1715.50,-3.7416
1716.00,-3.7340
1716.50,-3.7251
1717.00,-3.7173
1717.50,-3.7124
1718.00,-3.7115
1718.50,-3.7132
1719.00,-3.7142
1719.50,-3.7112
1720.00,-3.7024
1720.50,-3.6897
1721.00,-3.6768
1721.50,-3.6681
1722.00,-3.6663
1722.50,-3.6714
1723.00,-3.6816
1723.50,-3.6943
1724.00,-3.7071
1724.50,-3.7168
1725.00,-3.7205
1725.50,-3.7161
1726.00,-3.7043
1726.50,-3.6884
1727.00,-3.6736
1727.50,-3.6635
1728.00,-3.6585
1728.50,-3.6557
1729.00,-3.6515
1729.50,-3.6442
1730.00,-3.6343
1730.50,-3.6242
1731.00,-3.6169
1731.50,-3.6139
1732.00,-3.6141
1732.50,-3.6140
1733.00,-3.6107
1733.50,-3.6044
1734.00,-3.5975
1734.50,-3.5914
1735.00,-3.5847
1735.50,-3.5738
1736.00,-3.5565
1736.50,-3.5343
1737.00,-3.5111
1737.50,-3.4913
1738.00,-3.4776
1738.50,-3.4709
1739.00,-3.4691
1739.50,-3.4682
1740.00,-3.4640
1740.50,-3.4541
1741.00,-3.4399
1741.50,-3.4254
1742.00,-3.4134
1742.50,-3.4035
1743.00,-3.3934
1743.50,-3.3822
1744.00,-3.3716
1744.50,-3.3636
1745.00,-3.3568
1745.50,-3.3473
1746.00,-3.3317
1746.50,-3.3108
1747.00,-3.2899
1747.50,-3.2741
1748.00,-3.2643
1748.50,-3.2564
1749.00,-3.2456
1749.50,-3.2300
1750.00,-3.2110
1750.50,-3.1901
1751.00,-3.1670
1751.50,-3.1409
1752.00,-3.1129
1752.50,-3.0865
1753.00,-3.0646
1753.50,-3.0480
1754.00,-3.0350
1754.50,-3.0228
1755.00,-3.0096
1755.50,-2.9950
1756.00,-2.9789
1756.50,-2.9605
1757.00,-2.9392
1757.50,-2.9168
1758.00,-2.8969
1758.50,-2.8821
1759.00,-2.8719
1759.50,-2.8626
1760.00,-2.8507
1760.50,-2.8346
1761.00,-2.8150
1761.50,-2.7940
1762.00,-2.7735
1762.50,-2.7549
1763.00,-2.7378
1763.50,-2.7204
1764.00,-2.7011
1764.50,-2.6808
1765.00,-2.6621
1765.50,-2.6474
1766.00,-2.6371
1766.50,-2.6300
1767.00,-2.6243
1767.50,-2.6181
1768.00,-2.6073
1768.50,-2.5874
1769.00,-2.5571
1769.50,-2.5196
1770.00,-2.4811
1770.50,-2.4477
1771.00,-2.4220
1771.50,-2.4037
1772.00,-2.3914
1772.50,-2.3841
1773.00,-2.3807
1773.50,-2.3791
1774.00,-2.3758
1774.50,-2.3679
1775.00,-2.3539
1775.50,-2.3338
1776.00,-2.3082
1776.50,-2.2785
1777.00,-2.2470
1777.50,-2.2154
1778.00,-2.1835
1778.50,-2.1513
1779.00,-2.1194
1779.50,-2.0897
1780.00,-2.0630
1780.50,-2.0384
1781.00,-2.0144
1781.50,-1.9913
1782.00,-1.9710
1782.50,-1.9550
1783.00,-1.9421
1783.50,-1.9291
1784.00,-1.9139
1784.50,-1.8977
1785.00,-1.8840
1785.50,-1.8748
1786.00,-1.8677
1786.50,-1.8570
1787.00,-1.8373
1787.50,-1.8080
1788.00,-1.7733
1788.50,-1.7398
1789.00,-1.7133
1789.50,-1.6964
1790.00,-1.6883
1790.50,-1.6848
1791.00,-1.6790
1791.50,-1.6640
1792.00,-1.6366
1792.50,-1.6004
1793.00,-1.5632
1793.50,-1.5318
1794.00,-1.5093
1794.50,-1.4945
1795.00,-1.4839
1795.50,-1.4729
1796.00,-1.4569
1796.50,-1.4346
1797.00,-1.4094
1797.50,-1.3885
1798.00,-1.3779
1798.50,-1.3778
1799.00,-1.3812
1799.50,-1.3784
1800.00,-1.3632
1800.50,-1.3368
1801.00,-1.3057
1801.50,-1.2769
1802.00,-1.2540
1802.50,-1.2378
1803.00,-1.2276
1803.50,-1.2224
1804.00,-1.2207
1804.50,-1.2194
1805.00,-1.2150
1805.50,-1.2049
1806.00,-1.1888
1806.50,-1.1689
1807.00,-1.1501
1807.50,-1.1375
1808.00,-1.1335
1808.50,-1.1355
1809.00,-1.1379
1809.50,-1.1365
1810.00,-1.1310
1810.50,-1.1236
1811.00,-1.1155
1811.50,-1.1058
1812.00,-1.0926
1812.50,-1.0750
1813.00,-1.0546
1813.50,-1.0349
1814.00,-1.0192
1814.50,-1.0082
1815.00,-0.9999
1815.50,-0.9921
1816.00,-0.9836
1816.50,-0.9748
1817.00,-0.9659
1817.50,-0.9562
1818.00,-0.9443
1818.50,-0.9301
1819.00,-0.9152
1819.50,-0.9031
1820.00,-0.8958
1820.50,-0.8928
1821.00,-0.8911
1821.50,-0.8879
1822.00,-0.8824
1822.50,-0.8759
1823.00,-0.8688
1823.50,-0.8602
1824.00,-0.8484
1824.50,-0.8336
1825.00,-0.8174
1825.50,-0.8032
1826.00,-0.7931
1826.50,-0.7879
1827.00,-0.7852
1827.50,-0.7811
1828.00,-0.7715
1828.50,-0.7561
1829.00,-0.7374
1829.50,-0.7200
1830.00,-0.7080
1830.50,-0.7031
1831.00,-0.7036
1831.50,-0.7051
1832.00,-0.7022
1832.50,-0.6923
1833.00,-0.6766
1833.50,-0.6595
1834.00,-0.6451
1834.50,-0.6359
1835.00,-0.6337
1835.50,-0.6395
1836.00,-0.6521
1836.50,-0.6676
1837.00,-0.6792
1837.50,-0.6821
1838.00,-0.6755
1838.50,-0.6631
1839.00,-0.6504
1839.50,-0.6409
1840.00,-0.6354
1840.50,-0.6318
1841.00,-0.6268
1841.50,-0.6184
1842.00,-0.6072
1842.50,-0.5956
1843.00,-0.5852
1843.50,-0.5757
1844.00,-0.5663
1844.50,-0.5575
1845.00,-0.5505
1845.50,-0.5459
1846.00,-0.5429
1846.50,-0.5412
1847.00,-0.5416
1847.50,-0.5443
1848.00,-0.5474
1848.50,-0.5484
1849.00,-0.5467
1849.50,-0.5445
1850.00,-0.5436
1850.50,-0.5432
1851.00,-0.5396
1851.50,-0.5308
1852.00,-0.5189
1852.50,-0.5087
1853.00,-0.5032
1853.50,-0.5015
1854.00,-0.4997
1854.50,-0.4954
1855.00,-0.4885
1855.50,-0.4806
1856.00,-0.4734
1856.50,-0.4674
1857.00,-0.4636
1857.50,-0.4629
1858.00,-0.4660
1858.50,-0.4712
1859.00,-0.4760
1859.50,-0.4788
1860.00,-0.4815
1860.50,-0.4871
1861.00,-0.4962
1861.50,-0.5067
1862.00,-0.5157
1862.50,-0.5220
1863.00,-0.5258
1863.50,-0.5283
1864.00,-0.5320
1864.50,-0.5402
1865.00,-0.5545
1865.50,-0.5735
1866.00,-0.5927
1866.50,-0.6076
1867.00,-0.6151
1867.50,-0.6150
1868.00,-0.6098
1868.50,-0.6032
1869.00,-0.6000
1869.50,-0.6049
1870.00,-0.6202
1870.50,-0.6443
1871.00,-0.6716
1871.50,-0.6947
1872.00,-0.7086
1872.50,-0.7125
1873.00,-0.7101
1873.50,-0.7067
1874.00,-0.7059
1874.50,-0.7073
1875.00,-0.7077
1875.50,-0.7040
1876.00,-0.6961
1876.50,-0.6867
1877.00,-0.6804
1877.50,-0.6815
1878.00,-0.6921
1878.50,-0.7107
1879.00,-0.7335
1879.50,-0.7558
1880.00,-0.7732
1880.50,-0.7828
1881.00,-0.7831
1881.50,-0.7765
1882.00,-0.7689
1882.50,-0.7672
1883.00,-0.7748
1883.50,-0.7896
1884.00,-0.8065
1884.50,-0.8212
1885.00,-0.8320
1885.50,-0.8387
1886.00,-0.8406
1886.50,-0.8365
1887.00,-0.8264
1887.50,-0.8132
1888.00,-0.8015
1888.50,-0.7940
1889.00,-0.7905
1889.50,-0.7897
1890.00,-0.7907
1890.50,-0.7928
1891.00,-0.7947
1891.50,-0.7952
1892.00,-0.7942
1892.50,-0.7925
1893.00,-0.7896
1893.50,-0.7841
1894.00,-0.7753
1894.50,-0.7664
1895.00,-0.7641
1895.50,-0.7735
1896.00,-0.7946
1896.50,-0.8215
1897.00,-0.8455
1897.50,-0.8602
1898.00,-0.8642
1898.50,-0.8615
1899.00,-0.8575
1899.50,-0.8556
1900.00,-0.8554
1900.50,-0.8545
1901.00,-0.8518
1901.50,-0.8479
1902.00,-0.8433
1902.50,-0.8366
1903.00,-0.8249
1903.50,-0.8065
1904.00,-0.7832
1904.50,-0.7596
1905.00,-0.7415
1905.50,-0.7332
1906.00,-0.7352
1906.50,-0.7433
1907.00,-0.7514
1907.50,-0.7541
1908.00,-0.7482
1908.50,-0.7320
1909.00,-0.7055
1909.50,-0.6719
1910.00,-0.6377
1910.50,-0.6108
1911.00,-0.5965
1911.50,-0.5939
1912.00,-0.5974
1912.50,-0.5998
1913.00,-0.5965
1913.50,-0.5871
1914.00,-0.5735
1914.50,-0.5594
1915.00,-0.5496
1915.50,-0.5481
1916.00,-0.5574
1916.50,-0.5756
1917.00,-0.5964
1917.50,-0.6112
1918.00,-0.6133
1918.50,-0.6011
1919.00,-0.5789
1919.50,-0.5542
1920.00,-0.5336
1920.50,-0.5207
1921.00,-0.5156
1921.50,-0.5160
1922.00,-0.5174
1922.50,-0.5146
1923.00,-0.5052
1923.50,-0.4912
1924.00,-0.4787
1924.50,-0.4737
1925.00,-0.4780
1925.50,-0.4888
1926.00,-0.5004
1926.50,-0.5072
1927.00,-0.5066
1927.50,-0.4999
1928.00,-0.4918
1928.50,-0.4866
1929.00,-0.4863
1929.50,-0.4887
1930.00,-0.4885
1930.50,-0.4801
1931.00,-0.4605
1931.50,-0.4309
1932.00,-0.3965
1932.50,-0.3642
1933.00,-0.3391
1933.50,-0.3225
1934.00,-0.3121
1934.50,-0.3047
1935.00,-0.2989
1935.50,-0.2951
1936.00,-0.2941
1936.50,-0.2951
1937.00,-0.2956
1937.50,-0.2940
1938.00,-0.2899
1938.50,-0.2840
1939.00,-0.2775
1939.50,-0.2721
1940.00,-0.2696
1940.50,-0.2717
1941.00,-0.2777
1941.50,-0.2844
1942.00,-0.2880
1942.50,-0.2857
1943.00,-0.2798
1943.50,-0.2752
1944.00,-0.2769
1944.50,-0.2857
1945.00,-0.2972
1945.50,-0.3046
1946.00,-0.3031
1946.50,-0.2925
1947.00,-0.2764
1947.50,-0.2604
1948.00,-0.2484
1948.50,-0.2409
1949.00,-0.2348
1949.50,-0.2269
1950.00,-0.2165
1950.50,-0.2061
1951.00,-0.1991
1951.50,-0.1972
1952.00,-0.1992
1952.50,-0.2031
1953.00,-0.2077
1953.50,-0.2137
1954.00,-0.2224
1954.50,-0.2332
1955.00,-0.2421
1955.50,-0.2426
1956.00,-0.2301
1956.50,-0.2046
1957.00,-0.1718
1957.50,-0.1402
1958.00,-0.1159
1958.50,-0.1003
1959.00,-0.0906
1959.50,-0.0830
1960.00,-0.0754
1960.50,-0.0689
1961.00,-0.0656
1961.50,-0.0662
1962.00,-0.0688
1962.50,-0.0707
1963.00,-0.0698
1963.50,-0.0654
1964.00,-0.0577
1964.50,-0.0467
1965.00,-0.0327
1965.50,-0.0164
1966.00,0.0012
1966.50,0.0198
1967.00,0.0387
1967.50,0.0558
1968.00,0.0674
1968.50,0.0704
1969.00,0.0662
1969.50,0.0605
1970.00,0.0596
1970.50,0.0665
1971.00,0.0786
1971.50,0.0908
1972.00,0.0985
1972.50,0.1000
1973.00,0.0964
1973.50,0.0898
1974.00,0.0828
1974.50,0.0789
1975.00,0.0816
1975.50,0.0927
1976.00,0.1105
1976.50,0.1304
1977.00,0.1476
1977.50,0.1603
1978.00,0.1699
1978.50,0.1788
1979.00,0.1876
1979.50,0.1951
1980.00,0.1994
1980.50,0.2006
1981.00,0.2005
1981.50,0.2024
1982.00,0.2105
1982.50,0.2269
1983.00,0.2502
1983.50,0.2754
1984.00,0.2975
1984.50,0.3147
1985.00,0.3284
1985.50,0.3406
1986.00,0.3511
1986.50,0.3570
1987.00,0.3549
1987.50,0.3434
1988.00,0.3253
1988.50,0.3061
1989.00,0.2913
1989.50,0.2839
1990.00,0.2842
1990.50,0.2914
1991.00,0.3034
1991.50,0.3167
1992.00,0.3271
1992.50,0.3316
1993.00,0.3312
1993.50,0.3290
1994.00,0.3270
1994.50,0.3242
1995.00,0.3197
1995.50,0.3142
1996.00,0.3093
1996.50,0.3052
1997.00,0.2999
1997.50,0.2917
1998.00,0.2824
1998.50,0.2764
1999.00,0.2771
1999.50,0.2831
2000.00,0.2876
2000.50,0.2823
2001.00,0.2637
2001.50,0.2372
2002.00,0.2139
2002.50,0.2028
2003.00,0.2042
2003.50,0.2100
2004.00,0.2111
2004.50,0.2031
2005.00,0.1876
2005.50,0.1695
2006.00,0.1543
2006.50,0.1455
2007.00,0.1436
2007.50,0.1467
2008.00,0.1534
2008.50,0.1630
2009.00,0.1744
2009.50,0.1859
2010.00,0.1965
2010.50,0.2070
2011.00,0.2188
2011.50,0.2329
2012.00,0.2486
2012.50,0.2644
2013.00,0.2791
2013.50,0.2919
2014.00,0.3028
2014.50,0.3122
2015.00,0.3207
2015.50,0.3286
2016.00,0.3346
2016.50,0.3352
2017.00,0.3265
2017.50,0.3077
2018.00,0.2824
2018.50,0.2576
2019.00,0.2405
2019.50,0.2368
2020.00,0.2489
2020.50,0.2753
2021.00,0.3100
2021.50,0.3448
2022.00,0.3716
2022.50,0.3854
2023.00,0.3858
2023.50,0.3767
2024.00,0.3636
2024.50,0.3509
2025.00,0.3409
2025.50,0.3343
2026.00,0.3304
2026.50,0.3277
2027.00,0.3243
2027.50,0.3206
2028.00,0.3190
2028.50,0.3229
2029.00,0.3334
2029.50,0.3474
2030.00,0.3593
2030.50,0.3649
2031.00,0.3629
2031.50,0.3559
2032.00,0.3489
2032.50,0.3470
2033.00,0.3530
2033.50,0.3641
2034.00,0.3734
2034.50,0.3744
2035.00,0.3652
2035.50,0.3502
2036.00,0.3372
2036.50,0.3327
2037.00,0.3389
2037.50,0.3533
2038.00,0.3705
2038.50,0.3855
2039.00,0.3954
2039.50,0.4008
2040.00,0.4037
2040.50,0.4054
2041.00,0.4058
2041.50,0.4052
2042.00,0.4041
2042.50,0.4029
2043.00,0.4013
2043.50,0.3994
2044.00,0.3985
2044.50,0.3999
2045.00,0.4037
2045.50,0.4075
2046.00,0.4070
2046.50,0.3984
2047.00,0.3820
2047.50,0.3621
2048.00,0.3443
2048.50,0.3322
2049.00,0.3255
2049.50,0.3224
2050.00,0.3213
2050.50,0.3209
2051.00,0.3200
2051.50,0.3167
2052.00,0.3094
2052.50,0.2975
2053.00,0.2817
2053.50,0.2639
2054.00,0.2477
2054.50,0.2375
2055.00,0.2371
2055.50,0.2466
2056.00,0.2610
2056.50,0.2719
2057.00,0.2719
2057.50,0.2593
2058.00,0.2380
2058.50,0.2142
2059.00,0.1932
2059.50,0.1764
2060.00,0.1628
2060.50,0.1503
2061.00,0.1380
2061.50,0.1265
2062.00,0.1170
2062.50,0.1105
2063.00,0.1066
2063.50,0.1040
2064.00,0.1016
2064.50,0.0980
2065.00,0.0923
2065.50,0.0835
2066.00,0.0719
2066.50,0.0575
2067.00,0.0398
2067.50,0.0166
2068.00,-0.0132
2068.50,-0.0473
2069.00,-0.0793
2069.50,-0.1025
2070.00,-0.1138
2070.50,-0.1151
2071.00,-0.1119
2071.50,-0.1106
2072.00,-0.1145
2072.50,-0.1223
2073.00,-0.1302
2073.50,-0.1359
2074.00,-0.1400
2074.50,-0.1445
2075.00,-0.1501
2075.50,-0.1568
2076.00,-0.1639
2076.50,-0.1709
2077.00,-0.1777
2077.50,-0.1843
2078.00,-0.1910
2078.50,-0.1980
2079.00,-0.2055
2079.50,-0.2133
2080.00,-0.2214
2080.50,-0.2297
2081.00,-0.2377
2081.50,-0.2446
2082.00,-0.2502
2082.50,-0.2557
2083.00,-0.2618
2083.50,-0.2669
2084.00,-0.2674
2084.50,-0.2617
2085.00,-0.2518
2085.50,-0.2425
2086.00,-0.2361
2086.50,-0.2320
2087.00,-0.2281
2087.50,-0.2238
2088.00,-0.2201
2088.50,-0.2192
2089.00,-0.2225
2089.50,-0.2292
2090.00,-0.2358
2090.50,-0.2380
2091.00,-0.2342
2091.50,-0.2267
2092.00,-0.2206
2092.50,-0.2203
2093.00,-0.2268
2093.50,-0.2372
2094.00,-0.2468
2094.50,-0.2526
2095.00,-0.2543
2095.50,-0.2534
2096.00,-0.2509
2096.50,-0.2469
2097.00,-0.2418
2097.50,-0.2363
2098.00,-0.2311
2098.50,-0.2253
2099.00,-0.2174
2099.50,-0.2072
2100.00,-0.1963
2100.50,-0.1873
2101.00,-0.1830
2101.50,-0.1856
2102.00,-0.1952
2102.50,-0.2097
2103.00,-0.2242
2103.50,-0.2340
2104.00,-0.2371
2104.50,-0.2344
2105.00,-0.2286
2105.50,-0.2230
2106.00,-0.2196
2106.50,-0.2174
2107.00,-0.2133
2107.50,-0.2042
2108.00,-0.1895
2108.50,-0.1713
2109.00,-0.1535
2109.50,-0.1407
2110.00,-0.1374
2110.50,-0.1454
2111.00,-0.1618
2111.50,-0.1789
2112.00,-0.1882
2112.50,-0.1853
2113.00,-0.1719
2113.50,-0.1549
2114.00,-0.1410
2114.50,-0.1339
2115.00,-0.1329
2115.50,-0.1353
2116.00,-0.1379
2116.50,-0.1386
2117.00,-0.1359
2117.50,-0.1287
2118.00,-0.1171
2118.50,-0.1032
2119.00,-0.0900
2119.50,-0.0793
2120.00,-0.0710
2120.50,-0.0641
2121.00,-0.0584
2121.50,-0.0543
2122.00,-0.0526
2122.50,-0.0541
2123.00,-0.0592
2123.50,-0.0689
2124.00,-0.0837
2124.50,-0.1028
2125.00,-0.1239
2125.50,-0.1447
2126.00,-0.1631
2126.50,-0.1758
2127.00,-0.1791
2127.50,-0.1707
2128.00,-0.1526
2128.50,-0.1303
2129.00,-0.1090
2129.50,-0.0908
2130.00,-0.0755
2130.50,-0.0622
2131.00,-0.0502
2131.50,-0.0387
2132.00,-0.0269
2132.50,-0.0142
2133.00,-0.0009
2133.50,0.0121
2134.00,0.0236
2134.50,0.0313
2135.00,0.0332
2135.50,0.0282
2136.00,0.0181
2136.50,0.0078
2137.00,0.0027
2137.50,0.0067
2138.00,0.0198
2138.50,0.0385
2139.00,0.0573
2139.50,0.0716
2140.00,0.0792
2140.50,0.0811
2141.00,0.0793
2141.50,0.0759
2142.00,0.0737
2142.50,0.0770
2143.00,0.0900
2143.50,0.1130
2144.00,0.1410
2144.50,0.1661
2145.00,0.1829
2145.50,0.1907
2146.00,0.1924
2146.50,0.1911
2147.00,0.1894
2147.50,0.1886
2148.00,0.1896
2148.50,0.1930
2149.00,0.2006
2149.50,0.2142
2150.00,0.2338
2150.50,0.2562
2151.00,0.2754
2151.50,0.2856
2152.00,0.2832
2152.50,0.2687
2153.00,0.2470
2153.50,0.2257
2154.00,0.2125
2154.50,0.2110
2155.00,0.2206
2155.50,0.2374
2156.00,0.2566
2156.50,0.2742
2157.00,0.2877
2157.50,0.2969
2158.00,0.3021
2158.50,0.3031
2159.00,0.2999
2159.50,0.2941
2160.00,0.2891
2160.50,0.2882
2161.00,0.2924
2161.50,0.3001
2162.00,0.3074
2162.50,0.3088
2163.00,0.3000
2163.50,0.2813
2164.00,0.2597
2164.50,0.2447
2165.00,0.2414
2165.50,0.2461
2166.00,0.2505
2166.50,0.2482
2167.00,0.2388
2167.50,0.2258
2168.00,0.2111
2168.50,0.1952
2169.00,0.1801
2169.50,0.1709
2170.00,0.1722
2170.50,0.1826
2171.00,0.1936
2171.50,0.1957
2172.00,0.1841
2172.50,0.1616
2173.00,0.1365
2173.50,0.1187
2174.00,0.1150
2174.50,0.1263
2175.00,0.1458
2175.50,0.1624
2176.00,0.1673
2176.50,0.1590
2177.00,0.1436
2177.50,0.1288
2178.00,0.1196
2178.50,0.1155
2179.00,0.1131
2179.50,0.1104
2180.00,0.1094
2180.50,0.1131
2181.00,0.1213
2181.50,0.1288
2182.00,0.1300
2182.50,0.1227
2183.00,0.1094
2183.50,0.0943
2184.00,0.0807
2184.50,0.0709
2185.00,0.0658
2185.50,0.0659
2186.00,0.0705
2186.50,0.0782
2187.00,0.0856
2187.50,0.0880
2188.00,0.0806
2188.50,0.0625
2189.00,0.0388
2189.50,0.0183
2190.00,0.0085
2190.50,0.0109
2191.00,0.0208
2191.50,0.0308
2192.00,0.0342
2192.50,0.0298
2193.00,0.0216
2193.50,0.0170
2194.00,0.0218
2194.50,0.0370
2195.00,0.0572
2195.50,0.0747
2196.00,0.0829
2196.50,0.0802
2197.00,0.0693
2197.50,0.0557
2198.00,0.0434
2198.50,0.0347
2199.00,0.0302
2199.50,0.0300
2200.00,0.0330
2200.50,0.0366
2201.00,0.0388
2201.50,0.0389
2202.00,0.0372
2202.50,0.0335
2203.00,0.0272
2203.50,0.0190
2204.00,0.0118
2204.50,0.0092
2205.00,0.0128
2205.50,0.0213
2206.00,0.0312
2206.50,0.0392
2207.00,0.0436
2207.50,0.0456
2208.00,0.0483
2208.50,0.0546
2209.00,0.0657
2209.50,0.0798
2210.00,0.0932
2210.50,0.1022
2211.00,0.1052
2211.50,0.1032
2212.00,0.0988
2212.50,0.0941
2213.00,0.0903
2213.50,0.0876
2214.00,0.0852
2214.50,0.0827
2215.00,0.0800
2215.50,0.0777
2216.00,0.0757
2216.50,0.0732
2217.00,0.0692
2217.50,0.0646
2218.00,0.0618
2218.50,0.0625
2219.00,0.0667
2219.50,0.0723
2220.00,0.0772
2220.50,0.0798
2221.00,0.0790
2221.50,0.0737
2222.00,0.0636
2222.50,0.0506
2223.00,0.0391
2223.50,0.0356
2224.00,0.0441
2224.50,0.0633
2225.00,0.0862
2225.50,0.1042
2226.00,0.1121
2226.50,0.1112
2227.00,0.1073
2227.50,0.1049
2228.00,0.1051
2228.50,0.1067
2229.00,0.1108
2229.50,0.1212
2230.00,0.1406
2230.50,0.1649
2231.00,0.1833
2231.50,0.1837
2232.00,0.1606
2232.50,0.1194
2233.00,0.0739
2233.50,0.0397
2234.00,0.0258
2234.50,0.0319
2235.00,0.0498
2235.50,0.0683
2236.00,0.0795
2236.50,0.0805
2237.00,0.0749
2237.50,0.0689
2238.00,0.0680
2238.50,0.0739
2239.00,0.0845
2239.50,0.0957
2240.00,0.1034
2240.50,0.1045
2241.00,0.0986
2241.50,0.0893
2242.00,0.0834
2242.50,0.0861
2243.00,0.0972
2243.50,0.1114
2244.00,0.1232
2244.50,0.1306
2245.00,0.1364
2245.50,0.1436
2246.00,0.1519
2246.50,0.1581
2247.00,0.1587
2247.50,0.1532
2248.00,0.1447
2248.50,0.1383
2249.00,0.1387
2249.50,0.1481
2250.00,0.1650
2250.50,0.1831
2251.00,0.1948
2251.50,0.1961
2252.00,0.1894
2252.50,0.1833
2253.00,0.1856
2253.50,0.1980
2254.00,0.2140
2254.50,0.2226
2255.00,0.2168
2255.50,0.1975
2256.00,0.1731
2256.50,0.1539
2257.00,0.1472
2257.50,0.1546
2258.00,0.1723
2258.50,0.1942
2259.00,0.2148
2259.50,0.2304
2260.00,0.2403
2260.50,0.2446
2261.00,0.2436
2261.50,0.2373
2262.00,0.2265
2262.50,0.2139
2263.00,0.2032
2263.50,0.1966
2264.00,0.1947
2264.50,0.1970
2265.00,0.2034
2265.50,0.2130
2266.00,0.2241
2266.50,0.2344
2267.00,0.2421
2267.50,0.2462
2268.00,0.2460
2268.50,0.2416
2269.00,0.2343
2269.50,0.2267
2270.00,0.2218
2270.50,0.2206
2271.00,0.2226
2271.50,0.2267
2272.00,0.2308
2272.50,0.2316
2273.00,0.2258
2273.50,0.2123
2274.00,0.1947
2274.50,0.1786
2275.00,0.1674
2275.50,0.1600
2276.00,0.1535
2276.50,0.1488
2277.00,0.1502
2277.50,0.1604
2278.00,0.1759
2278.50,0.1871
2279.00,0.1863
2279.50,0.1733
2280.00,0.1555
2280.50,0.1424
2281.00,0.1396
2281.50,0.1471
2282.00,0.1614
2282.50,0.1782
2283.00,0.1943
2283.50,0.2069
2284.00,0.2142
2284.50,0.2156
2285.00,0.2127
2285.50,0.2084
2286.00,0.2047
2286.50,0.2018
2287.00,0.1997
2287.50,0.1991
2288.00,0.2014
2288.50,0.2060
2289.00,0.2083
2289.50,0.2028
2290.00,0.1877
2290.50,0.1674
2291.00,0.1501
2291.50,0.1429
2292.00,0.1494
2292.50,0.1685
2293.00,0.1948
2293.50,0.2202
2294.00,0.2368
2294.50,0.2407
2295.00,0.2345
2295.50,0.2254
2296.00,0.2199
2296.50,0.2214
2297.00,0.2292
2297.50,0.2401
2298.00,0.2510
2298.50,0.2599
2299.00,0.2656
2299.50,0.2657
2300.00,0.2580
2300.50,0.2433
2301.00,0.2271
2301.50,0.2170
2302.00,0.2169
2302.50,0.2247
2303.00,0.2340
2303.50,0.2393
2304.00,0.2394
2304.50,0.2368
2305.00,0.2337
2305.50,0.2300
2306.00,0.2246
2306.50,0.2180
2307.00,0.2138
2307.50,0.2162
2308.00,0.2260
2308.50,0.2385
2309.00,0.2469
2309.50,0.2459
2310.00,0.2344
2310.50,0.2148
2311.00,0.1913
2311.50,0.1696
2312.00,0.1542
2312.50,0.1464
2313.00,0.1431
2313.50,0.1397
2314.00,0.1331
2314.50,0.1236
2315.00,0.1126
2315.50,0.1013
2316.00,0.0916
2316.50,0.0867
2317.00,0.0903
2317.50,0.1040
2318.00,0.1247
2318.50,0.1463
2319.00,0.1626
2319.50,0.1708
2320.00,0.1723
2320.50,0.1716
2321.00,0.1731
2321.50,0.1785
2322.00,0.1869
2322.50,0.1966
2323.00,0.2062
2323.50,0.2150
2324.00,0.2226
2324.50,0.2286
2325.00,0.2328
2325.50,0.2355
2326.00,0.2383
2326.50,0.2432
2327.00,0.2516
2327.50,0.2634
2328.00,0.2782
2328.50,0.2951
2329.00,0.3119
2329.50,0.3244
2330.00,0.3282
2330.50,0.3224
2331.00,0.3114
2331.50,0.3021
2332.00,0.2977
2332.50,0.2956
2333.00,0.2906
2333.50,0.2798
2334.00,0.2652
2334.50,0.2505
2335.00,0.2378
2335.50,0.2284
2336.00,0.2245
2336.50,0.2271
2337.00,0.2345
2337.50,0.2433
2338.00,0.2504
2338.50,0.2540
2339.00,0.2533
2339.50,0.2488
2340.00,0.2431
2340.50,0.2392
2341.00,0.2387
2341.50,0.2408
2342.00,0.2438
2342.50,0.2461
2343.00,0.2464
2343.50,0.2441
2344.00,0.2382
2344.50,0.2279
2345.00,0.2129
2345.50,0.1955
2346.00,0.1799
2346.50,0.1692
2347.00,0.1623
2347.50,0.1555
2348.00,0.1464
2348.50,0.1361
2349.00,0.1267
2349.50,0.1183
2350.00,0.1083
2350.50,0.0946
2351.00,0.0782
2351.50,0.0645
2352.00,0.0595
2352.50,0.0651
2353.00,0.0772
2353.50,0.0894
2354.00,0.0973
2354.50,0.0996
2355.00,0.0978
2355.50,0.0930
2356.00,0.0868
2356.50,0.0811
2357.00,0.0773
2357.50,0.0754
2358.00,0.0721
2358.50,0.0633
2359.00,0.0471
2359.50,0.0257
2360.00,0.0040
2360.50,-0.0136
2361.00,-0.0262
2361.50,-0.0358
2362.00,-0.0450
2362.50,-0.0555
2363.00,-0.0671
2363.50,-0.0791
2364.00,-0.0912
2364.50,-0.1031
2365.00,-0.1145
2365.50,-0.1243
2366.00,-0.1316
2366.50,-0.1358
2367.00,-0.1370
2367.50,-0.1361
2368.00,-0.1348
2368.50,-0.1359
2369.00,-0.1426
2369.50,-0.1564
2370.00,-0.1754
2370.50,-0.1945
2371.00,-0.2078
2371.50,-0.2122
2372.00,-0.2098
2372.50,-0.2074
2373.00,-0.2117
2373.50,-0.2250
2374.00,-0.2433
2374.50,-0.2597
2375.00,-0.2702
2375.50,-0.2752
2376.00,-0.2781
2376.50,-0.2814
2377.00,-0.2878
2377.50,-0.3009
2378.00,-0.3235
2378.50,-0.3536
2379.00,-0.3830
2379.50,-0.4016
2380.00,-0.4043
2380.50,-0.3941
2381.00,-0.3791
2381.50,-0.3661
2382.00,-0.3578
2382.50,-0.3534
2383.00,-0.3514
2383.50,-0.3523
2384.00,-0.3566
2384.50,-0.3623
2385.00,-0.3637
2385.50,-0.3557
2386.00,-0.3380
2386.50,-0.3166
2387.00,-0.2992
2387.50,-0.2908
2388.00,-0.2921
2388.50,-0.3009
2389.00,-0.3139
2389.50,-0.3267
2390.00,-0.3350
2390.50,-0.3367
2391.00,-0.3333
2391.50,-0.3287
2392.00,-0.3273
2392.50,-0.3318
2393.00,-0.3415
2393.50,-0.3523
2394.00,-0.3589
2394.50,-0.3581
2395.00,-0.3512
2395.50,-0.3429
2396.00,-0.3378
2396.50,-0.3373
2397.00,-0.3389
2397.50,-0.3381
2398.00,-0.3317
2398.50,-0.3206
2399.00,-0.3098
2399.50,-0.3057
2400.00,-0.3124
2400.50,-0.3315
2401.00,-0.3615
2401.50,-0.3979
2402.00,-0.4326
2402.50,-0.4568
2403.00,-0.4634
2403.50,-0.4511
2404.00,-0.4261
2404.50,-0.3997
2405.00,-0.3821
2405.50,-0.3768
2406.00,-0.3784
2406.50,-0.3776
2407.00,-0.3677
2407.50,-0.3497
2408.00,-0.3300
2408.50,-0.3154
2409.00,-0.3090
2409.50,-0.3101
2410.00,-0.3154
2410.50,-0.3210
2411.00,-0.3233
2411.50,-0.3221
2412.00,-0.3211
2412.50,-0.3246
2413.00,-0.3341
2413.50,-0.3471
2414.00,-0.3606
2414.50,-0.3724
2415.00,-0.3820
2415.50,-0.3880
2416.00,-0.3881
2416.50,-0.3808
2417.00,-0.3672
2417.50,-0.3512
2418.00,-0.3381
2418.50,-0.3318
2419.00,-0.3332
2419.50,-0.3402
2420.00,-0.3481
2420.50,-0.3526
2421.00,-0.3516
2421.50,-0.3467
2422.00,-0.3415
2422.50,-0.3381
2423.00,-0.3362
2423.50,-0.3347
2424.00,-0.3339
2424.50,-0.3360
2425.00,-0.3435
2425.50,-0.3562
2426.00,-0.3707
2426.50,-0.3819
2427.00,-0.3861
2427.50,-0.3833
2428.00,-0.3770
2428.50,-0.3723
2429.00,-0.3732
2429.50,-0.3809
2430.00,-0.3933
2430.50,-0.4049
2431.00,-0.4101
2431.50,-0.4053
2432.00,-0.3909
2432.50,-0.3703
2433.00,-0.3480
2433.50,-0.3277
2434.00,-0.3107
2434.50,-0.2959
2435.00,-0.2826
2435.50,-0.2719
2436.00,-0.2666
2436.50,-0.2672
2437.00,-0.2700
2437.50,-0.2700
2438.00,-0.2641
2438.50,-0.2534
2439.00,-0.2421
2439.50,-0.2346
2440.00,-0.2331
2440.50,-0.2378
2441.00,-0.2480
2441.50,-0.2630
2442.00,-0.2813
2442.50,-0.2990
2443.00,-0.3106
2443.50,-0.3127
2444.00,-0.3065
2444.50,-0.2956
2445.00,-0.2824
2445.50,-0.2672
2446.00,-0.2481
2446.50,-0.2230
2447.00,-0.1895
2447.50,-0.1451
2448.00,-0.0873
2448.50,-0.0142
2449.00,0.0751
2449.50,0.1789
2450.00,0.2930
2450.50,0.4128
2451.00,0.5353
2451.50,0.6589
2452.00,0.7825
2452.50,0.9049
2453.00,1.0244
2453.50,1.1396
2454.00,1.2486
2454.50,1.3489
2455.00,1.4373
2455.50,1.5122
2456.00,1.5747
2456.50,1.6293
2457.00,1.6802
2457.50,1.7275
2458.00,1.7658
2458.50,1.7893
2459.00,1.7979
2459.50,1.7990
2460.00,1.8027
2460.50,1.8147
2461.00,1.8341
2461.50,1.8558
2462.00,1.8761
2462.50,1.8949
2463.00,1.9136
2463.50,1.9316
2464.00,1.9455
2464.50,1.9527
2465.00,1.9552
2465.50,1.9588
2466.00,1.9691
2466.50,1.9887
2467.00,2.0174
2467.50,2.0536
2468.00,2.0958
2468.50,2.1406
2469.00,2.1819
2469.50,2.2131
2470.00,2.2300
2470.50,2.2342
2471.00,2.2318
2471.50,2.2316
2472.00,2.2405
2472.50,2.2602
2473.00,2.2858
2473.50,2.3083
2474.00,2.3199
2474.50,2.3183
2475.00,2.3075
2475.50,2.2947
2476.00,2.2859
2476.50,2.2822
2477.00,2.2804
2477.50,2.2769
2478.00,2.2699
2478.50,2.2598
2479.00,2.2472
2479.50,2.2313
2480.00,2.2099
2480.50,2.1833
2481.00,2.1557
2481.50,2.1334
2482.00,2.1209
2482.50,2.1191
2483.00,2.1253
2483.50,2.1348
2484.00,2.1419
2484.50,2.1416
2485.00,2.1326
2485.50,2.1187
2486.00,2.1062
2486.50,2.0982
2487.00,2.0932
2487.50,2.0886
2488.00,2.0844
2488.50,2.0831
2489.00,2.0848
2489.50,2.0858
2490.00,2.0809
2490.50,2.0681
2491.00,2.0502
2491.50,2.0321
2492.00,2.0163
2492.50,2.0018
2493.00,1.9864
2493.50,1.9695
2494.00,1.9533
2494.50,1.9416
2495.00,1.9377
2495.50,1.9421
2496.00,1.9514
2496.50,1.9592
2497.00,1.9592
2497.50,1.9487
2498.00,1.9289
2498.50,1.9041
2499.00,1.8805
2499.50,1.8642
2500.00,1.8584
2500.50,1.8606
2501.00,1.8648
2501.50,1.8652
2502.00,1.8595
2502.50,1.8490
2503.00,1.8371
2503.50,1.8283
2504.00,1.8255
2504.50,1.8287
2505.00,1.8346
2505.50,1.8396
2506.00,1.8433
2506.50,1.8477
2507.00,1.8552
2507.50,1.8663
2508.00,1.8792
2508.50,1.8900
2509.00,1.8944
2509.50,1.8907
2510.00,1.8820
2510.50,1.8753
2511.00,1.8760
2511.50,1.8849
2512.00,1.8985
2512.50,1.9112
2513.00,1.9178
2513.50,1.9156
2514.00,1.9054
2514.50,1.8921
2515.00,1.8817
2515.50,1.8780
2516.00,1.8812
2516.50,1.8896
2517.00,1.9021
2517.50,1.9181
2518.00,1.9367
2518.50,1.9570
2519.00,1.9777
2519.50,1.9988
2520.00,2.0205
2520.50,2.0430
2521.00,2.0648
2521.50,2.0828
2522.00,2.0935
2522.50,2.0956
2523.00,2.0917
2523.50,2.0865
2524.00,2.0831
2524.50,2.0816
2525.00,2.0816
2525.50,2.0844
2526.00,2.0931
2526.50,2.1100
2527.00,2.1347
2527.50,2.1640
2528.00,2.1940
2528.50,2.2212
2529.00,2.2439
2529.50,2.2620
2530.00,2.2752
2530.50,2.2833
2531.00,2.2866
2531.50,2.2880
2532.00,2.2917
2532.50,2.3010
2533.00,2.3168
2533.50,2.3387
2534.00,2.3656
2534.50,2.3940
2535.00,2.4180
2535.50,2.4331
2536.00,2.4392
2536.50,2.4416
2537.00,2.4451
2537.50,2.4514
2538.00,2.4589
2538.50,2.4664
2539.00,2.4746
2539.50,2.4841
2540.00,2.4935
2540.50,2.4994
2541.00,2.4997
2541.50,2.4972
2542.00,2.4988
2542.50,2.5105
2543.00,2.5329
2543.50,2.5608
2544.00,2.5868
2544.50,2.6050
2545.00,2.6118
2545.50,2.6058
2546.00,2.5889
2546.50,2.5677
2547.00,2.5527
2547.50,2.5524
2548.00,2.5676
2548.50,2.5909
2549.00,2.6129
2549.50,2.6279
2550.00,2.6355
2550.50,2.6379
2551.00,2.6374
2551.50,2.6361
2552.00,2.6356
2552.50,2.6366
2553.00,2.6395
2553.50,2.6452
2554.00,2.6534
2554.50,2.6606
2555.00,2.6609
2555.50,2.6502
2556.00,2.6311
2556.50,2.6130
2557.00,2.6057
2557.50,2.6129
2558.00,2.6293
2558.50,2.6456
2559.00,2.6539
2559.50,2.6518
2560.00,2.6421
2560.50,2.6308
2561.00,2.6227
2561.50,2.6198
2562.00,2.6217
2562.50,2.6253
2563.00,2.6265
2563.50,2.6204
2564.00,2.6046
2564.50,2.5818
2565.00,2.5591
2565.50,2.5449
2566.00,2.5445
2566.50,2.5563
2567.00,2.5734
2567.50,2.5877
2568.00,2.5935
2568.50,2.5897
2569.00,2.5794
2569.50,2.5682
2570.00,2.5620
2570.50,2.5632
2571.00,2.5695
2571.50,2.5742
2572.00,2.5705
2572.50,2.5567
2573.00,2.5357
2573.50,2.5116
2574.00,2.4850
2574.50,2.4537
2575.00,2.4170
2575.50,2.3798
2576.00,2.3508
2576.50,2.3371
2577.00,2.3388
2577.50,2.3482
2578.00,2.3554
2578.50,2.3525
2579.00,2.3371
2579.50,2.3117
2580.00,2.2813
2580.50,2.2503
2581.00,2.2219
2581.50,2.1979
2582.00,2.1799
2582.50,2.1686
2583.00,2.1620
2583.50,2.1554
2584.00,2.1423
2584.50,2.1190
2585.00,2.0871
2585.50,2.0540
2586.00,2.0285
2586.50,2.0156
2587.00,2.0135
2587.50,2.0155
2588.00,2.0149
2588.50,2.0087
2589.00,1.9987
2589.50,1.9891
2590.00,1.9830
2590.50,1.9790
2591.00,1.9708
2591.50,1.9523
2592.00,1.9226
2592.50,1.8883
2593.00,1.8594
2593.50,1.8416
2594.00,1.8339
2594.50,1.8304
2595.00,1.8259
2595.50,1.8196
2596.00,1.8151
2596.50,1.8159
2597.00,1.8196
2597.50,1.8186
2598.00,1.8042
2598.50,1.7736
2599.00,1.7314
2599.50,1.6869
2600.00,1.6483
2600.50,1.6186
2601.00,1.5954
2601.50,1.5745
2602.00,1.5537
2602.50,1.5341
2603.00,1.5191
2603.50,1.5112
2604.00,1.5103
2604.50,1.5134
2605.00,1.5165
2605.50,1.5161
2606.00,1.5101
2606.50,1.4982
2607.00,1.4813
2607.50,1.4619
2608.00,1.4437
2608.50,1.4314
2609.00,1.4282
2609.50,1.4329
2610.00,1.4397
2610.50,1.4397
2611.00,1.4269
2611.50,1.4024
2612.00,1.3751
2612.50,1.3557
2613.00,1.3487
2613.50,1.3503
2614.00,1.3530
2614.50,1.3521
2615.00,1.3469
2615.50,1.3383
2616.00,1.3279
2616.50,1.3183
2617.00,1.3132
2617.50,1.3157
2618.00,1.3247
2618.50,1.3358
2619.00,1.3433
2619.50,1.3439
2620.00,1.3386
2620.50,1.3311
2621.00,1.3254
2621.50,1.3230
2622.00,1.3228
2622.50,1.3230
2623.00,1.3233
2623.50,1.3256
2624.00,1.3312
2624.50,1.3384
2625.00,1.3428
2625.50,1.3405
2626.00,1.3326
2626.50,1.3243
2627.00,1.3204
2627.50,1.3210
2628.00,1.3224
2628.50,1.3213
2629.00,1.3178
2629.50,1.3143
2630.00,1.3133
2630.50,1.3167
2631.00,1.3254
2631.50,1.3380
2632.00,1.3498
2632.50,1.3557
2633.00,1.3541
2633.50,1.3483
2634.00,1.3437
2634.50,1.3437
2635.00,1.3476
2635.50,1.3517
2636.00,1.3529
2636.50,1.3510
2637.00,1.3492
2637.50,1.3523
2638.00,1.3632
2638.50,1.3816
2639.00,1.4035
2639.50,1.4239
2640.00,1.4384
2640.50,1.4450
2641.00,1.4448
2641.50,1.4415
2642.00,1.4405
2642.50,1.4460
2643.00,1.4570
2643.50,1.4669
2644.00,1.4671
2644.50,1.4544
2645.00,1.4333
2645.50,1.4143
2646.00,1.4065
2646.50,1.4141
2647.00,1.4351
2647.50,1.4637
2648.00,1.4925
2648.50,1.5153
2649.00,1.5286
2649.50,1.5322
2650.00,1.5286
2650.50,1.5202
2651.00,1.5084
2651.50,1.4952
2652.00,1.4853
2652.50,1.4838
2653.00,1.4914
2653.50,1.5037
2654.00,1.5156
2654.50,1.5271
2655.00,1.5412
2655.50,1.5590
2656.00,1.5777
2656.50,1.5932
2657.00,1.6041
2657.50,1.6110
2658.00,1.6147
2658.50,1.6160
2659.00,1.6157
2659.50,1.6153
2660.00,1.6153
2660.50,1.6154
2661.00,1.6148
2661.50,1.6129
2662.00,1.6093
2662.50,1.6042
2663.00,1.5990
2663.50,1.5958
2664.00,1.5956
2664.50,1.5978
2665.00,1.6022
2665.50,1.6096
2666.00,1.6188
2666.50,1.6268
2667.00,1.6299
2667.50,1.6271
2668.00,1.6203
2668.50,1.6127
2669.00,1.6064
2669.50,1.6024
2670.00,1.6003
2670.50,1.5984
2671.00,1.5942
2671.50,1.5859
2672.00,1.5732
2672.50,1.5579
2673.00,1.5447
2673.50,1.5409
2674.00,1.5513
2674.50,1.5730
2675.00,1.5951
2675.50,1.6061
2676.00,1.6023
2676.50,1.5890
2677.00,1.5755
2677.50,1.5669
2678.00,1.5619
2678.50,1.5559
2679.00,1.5460
2679.50,1.5325
2680.00,1.5176
2680.50,1.5041
2681.00,1.4959
2681.50,1.4965
2682.00,1.5069
2682.50,1.5230
2683.00,1.5384
2683.50,1.5484
2684.00,1.5534
2684.50,1.5571
2685.00,1.5634
2685.50,1.5742
2686.00,1.5874
2686.50,1.5976
2687.00,1.5994
2687.50,1.5904
2688.00,1.5739
2688.50,1.5575
2689.00,1.5493
2689.50,1.5523
2690.00,1.5633
2690.50,1.5755
2691.00,1.5824
2691.50,1.5804
2692.00,1.5694
2692.50,1.5537
2693.00,1.5406
2693.50,1.5369
2694.00,1.5458
2694.50,1.5651
2695.00,1.5886
2695.50,1.6094
2696.00,1.6225
2696.50,1.6248
2697.00,1.6157
2697.50,1.5977
2698.00,1.5759
2698.50,1.5573
2699.00,1.5458
2699.50,1.5412
2700.00,1.5399
2700.50,1.5393
2701.00,1.5386
2701.50,1.5389
2702.00,1.5406
2702.50,1.5436
2703.00,1.5478
2703.50,1.5522
2704.00,1.5547
2704.50,1.5533
2705.00,1.5476
2705.50,1.5409
2706.00,1.5375
2706.50,1.5403
2707.00,1.5481
2707.50,1.5573
2708.00,1.5633
2708.50,1.5617
2709.00,1.5492
2709.50,1.5247
2710.00,1.4912
2710.50,1.4558
2711.00,1.4275
2711.50,1.4136
2712.00,1.4158
2712.50,1.4295
2713.00,1.4464
2713.50,1.4594
2714.00,1.4671
2714.50,1.4725
2715.00,1.4787
2715.50,1.4856
2716.00,1.4915
2716.50,1.4961
2717.00,1.5030
2717.50,1.5165
2718.00,1.5374
2718.50,1.5622
2719.00,1.5850
2719.50,1.6019
2720.00,1.6110
2720.50,1.6113
2721.00,1.6028
2721.50,1.5896
2722.00,1.5780
2722.50,1.5707
2723.00,1.5635
2723.50,1.5501
2724.00,1.5285
2724.50,1.5024
2725.00,1.4770
2725.50,1.4551
2726.00,1.4373
2726.50,1.4251
2727.00,1.4212
2727.50,1.4272
2728.00,1.4401
2728.50,1.4536
2729.00,1.4621
2729.50,1.4646
2730.00,1.4643
2730.50,1.4668
2731.00,1.4764
2731.50,1.4933
2732.00,1.5136
2732.50,1.5314
2733.00,1.5423
2733.50,1.5458
2734.00,1.5458
2734.50,1.5465
2735.00,1.5488
2735.50,1.5498
2736.00,1.5466
2736.50,1.5398
2737.00,1.5318
2737.50,1.5235
2738.00,1.5142
2738.50,1.5037
2739.00,1.4958
2739.50,1.4955
2740.00,1.5055
2740.50,1.5227
2741.00,1.5405
2741.50,1.5513
2742.00,1.5484
2742.50,1.5278
2743.00,1.4916
2743.50,1.4518
2744.00,1.4260
2744.50,1.4270
2745.00,1.4546
2745.50,1.4968
2746.00,1.5377
2746.50,1.5645
2747.00,1.5716
2747.50,1.5609
2748.00,1.5407
2748.50,1.5227
2749.00,1.5165
2749.50,1.5258
2750.00,1.5471
2750.50,1.5723
2751.00,1.5926
2751.50,1.6019
2752.00,1.5996
2752.50,1.5904
2753.00,1.5821
2753.50,1.5814
2754.00,1.5906
2754.50,1.6058
2755.00,1.6198
2755.50,1.6274
2756.00,1.6286
2756.50,1.6284
2757.00,1.6314
2757.50,1.6376
2758.00,1.6412
2758.50,1.6347
2759.00,1.6145
2759.50,1.5837
2760.00,1.5505
2760.50,1.5234
2761.00,1.5067
2761.50,1.5001
2762.00,1.5021
2762.50,1.5113
2763.00,1.5253
2763.50,1.5395
2764.00,1.5488
2764.50,1.5518
2765.00,1.5519
2765.50,1.5536
2766.00,1.5582
2766.50,1.5631
2767.00,1.5652
2767.50,1.5624
2768.00,1.5540
2768.50,1.5405
2769.00,1.5232
2769.50,1.5046
2770.00,1.4869
2770.50,1.4707
2771.00,1.4538
2771.50,1.4331
2772.00,1.4088
2772.50,1.3858
2773.00,1.3713
2773.50,1.3698
2774.00,1.3778
2774.50,1.3862
2775.00,1.3871
2775.50,1.3809
2776.00,1.3748
2776.50,1.3740
2777.00,1.3752
2777.50,1.3693
2778.00,1.3491
2778.50,1.3143
2779.00,1.2725
2779.50,1.2348
2780.00,1.2115
2780.50,1.2061
2781.00,1.2149
2781.50,1.2307
2782.00,1.2492
2782.50,1.2701
2783.00,1.2948
2783.50,1.3208
2784.00,1.3424
2784.50,1.3521
2785.00,1.3454
2785.50,1.3225
2786.00,1.2891
2786.50,1.2538
2787.00,1.2240
2787.50,1.2020
2788.00,1.1865
2788.50,1.1767
2789.00,1.1739
2789.50,1.1794
2790.00,1.1911
2790.50,1.2033
2791.00,1.2118
2791.50,1.2163
2792.00,1.2211
2792.50,1.2308
2793.00,1.2458
2793.50,1.2604
2794.00,1.2665
2794.50,1.2592
2795.00,1.2424
2795.50,1.2275
2796.00,1.2262
2796.50,1.2440
2797.00,1.2773
2797.50,1.3168
2798.00,1.3536
2798.50,1.3826
2799.00,1.4030
2799.50,1.4155
2800.00,1.4202
2800.50,1.4164
2801.00,1.4035
2801.50,1.3817
2802.00,1.3537
2802.50,1.3249
2803.00,1.3021
2803.50,1.2903
2804.00,1.2912
2804.50,1.3034
2805.00,1.3248
2805.50,1.3547
2806.00,1.3925
2806.50,1.4346
2807.00,1.4727
2807.50,1.4958
2808.00,1.4967
2808.50,1.4771
2809.00,1.4469
2809.50,1.4173
2810.00,1.3946
2810.50,1.3788
2811.00,1.3678
2811.50,1.3612
2812.00,1.3621
2812.50,1.3735
2813.00,1.3954
2813.50,1.4240
2814.00,1.4533
2814.50,1.4777
2815.00,1.4929
2815.50,1.4952
2816.00,1.4832
2816.50,1.4592
2817.00,1.4302
2817.50,1.4048
2818.00,1.3910
2818.50,1.3922
2819.00,1.4065
2819.50,1.4275
2820.00,1.4485
2820.50,1.4653
2821.00,1.4760
2821.50,1.4793
2822.00,1.4743
2822.50,1.4633
2823.00,1.4506
2823.50,1.4402
2824.00,1.4331
2824.50,1.4288
2825.00,1.4266
2825.50,1.4263
2826.00,1.4263
2826.50,1.4238
2827.00,1.4177
2827.50,1.4108
2828.00,1.4082
2828.50,1.4131
2829.00,1.4226
2829.50,1.4287
2830.00,1.4243
2830.50,1.4085
2831.00,1.3875
2831.50,1.3697
2832.00,1.3588
2832.50,1.3536
2833.00,1.3520
2833.50,1.3544
2834.00,1.3614
2834.50,1.3702
2835.00,1.3759
2835.50,1.3774
2836.00,1.3795
2836.50,1.3893
2837.00,1.4105
2837.50,1.4384
2838.00,1.4608
2838.50,1.4644
2839.00,1.4434
2839.50,1.4056
2840.00,1.3677
2840.50,1.3459
2841.00,1.3461
2841.50,1.3618
2842.00,1.3802
2842.50,1.3914
2843.00,1.3933
2843.50,1.3885
2844.00,1.3790
2844.50,1.3641
2845.00,1.3439
2845.50,1.3216
2846.00,1.3027
2846.50,1.2921
2847.00,1.2936
2847.50,1.3095
2848.00,1.3393
2848.50,1.3784
2849.00,1.4186
2849.50,1.4508
2850.00,1.4691
2850.50,1.4715
2851.00,1.4601
2851.50,1.4382
2852.00,1.4104
2852.50,1.3831
2853.00,1.3654
2853.50,1.3662
2854.00,1.3897
2854.50,1.4324
2855.00,1.4844
2855.50,1.5334
2856.00,1.5689
2856.50,1.5859
2857.00,1.5866
2857.50,1.5802
2858.00,1.5776
2858.50,1.5857
2859.00,1.6049
2859.50,1.6314
2860.00,1.6612
2860.50,1.6933
2861.00,1.7283
2861.50,1.7655
2862.00,1.8010
2862.50,1.8289
2863.00,1.8461
2863.50,1.8541
2864.00,1.8574
2864.50,1.8588
2865.00,1.8579
2865.50,1.8551
2866.00,1.8550
2866.50,1.8642
2867.00,1.8851
2867.50,1.9120
2868.00,1.9350
2868.50,1.9475
2869.00,1.9506
2869.50,1.9494
2870.00,1.9481
2870.50,1.9461
2871.00,1.9401
2871.50,1.9287
2872.00,1.9156
2872.50,1.9079
2873.00,1.9107
2873.50,1.9230
2874.00,1.9386
2874.50,1.9519
2875.00,1.9614
2875.50,1.9699
2876.00,1.9810
2876.50,1.9958
2877.00,2.0123
2877.50,2.0259
2878.00,2.0317
2878.50,2.0278
2879.00,2.0174
2879.50,2.0078
2880.00,2.0057
2880.50,2.0126
2881.00,2.0223
2881.50,2.0246
2882.00,2.0119
2882.50,1.9856
2883.00,1.9568
2883.50,1.9406
2884.00,1.9474
2884.50,1.9758
2885.00,2.0148
2885.50,2.0522
2886.00,2.0836
2886.50,2.1122
2887.00,2.1421
2887.50,2.1721
2888.00,2.1961
2888.50,2.2101
2889.00,2.2164
2889.50,2.2223
2890.00,2.2330
2890.50,2.2465
2891.00,2.2559
2891.50,2.2553
2892.00,2.2449
2892.50,2.2316
2893.00,2.2238
2893.50,2.2277
2894.00,2.2440
2894.50,2.2673
2895.00,2.2885
2895.50,2.2991
2896.00,2.2939
2896.50,2.2739
2897.00,2.2461
2897.50,2.2219
2898.00,2.2115
2898.50,2.2184
2899.00,2.2366
2899.50,2.2553
2900.00,2.2673
2900.50,2.2735
2901.00,2.2785
2901.50,2.2843
2902.00,2.2871
2902.50,2.2819
2903.00,2.2681
2903.50,2.2507
2904.00,2.2358
2904.50,2.2261
