0.00,0.0000
0.50,-0.0948
1.00,-0.1872
1.50,-0.2644
2.00,-0.3211
2.50,-0.3587
3.00,-0.3815
3.50,-0.3938
4.00,-0.3993
4.50,-0.4016
5.00,-0.4028
5.50,-0.4011
6.00,-0.3929
6.50,-0.3820
7.00,-0.3825
7.50,-0.4069
8.00,-0.4496
8.50,-0.4881
9.00,-0.5037
9.50,-0.4956
10.00,-0.4742
10.50,-0.4458
11.00,-0.4102
11.50,-0.3675
12.00,-0.3236
12.50,-0.2862
13.00,-0.2606
13.50,-0.2506
14.00,-0.2573
14.50,-0.2770
15.00,-0.3014
15.50,-0.3243
16.00,-0.3466
16.50,-0.3723
17.00,-0.3998
17.50,-0.4216
18.00,-0.4357
18.50,-0.4511
19.00,-0.4807
19.50,-0.5280
20.00,-0.5824
20.50,-0.6276
21.00,-0.6524
21.50,-0.6529
22.00,-0.6310
22.50,-0.5923
23.00,-0.5478
23.50,-0.5117
24.00,-0.4937
24.50,-0.4932
25.00,-0.5006
25.50,-0.5067
26.00,-0.5086
26.50,-0.5068
27.00,-0.4960
27.50,-0.4639
28.00,-0.4056
28.50,-0.3369
29.00,-0.2927
29.50,-0.3038
30.00,-0.3755
30.50,-0.4829
31.00,-0.5853
31.50,-0.6466
32.00,-0.6502
32.50,-0.6059
33.00,-0.5435
33.50,-0.4979
34.00,-0.4922
34.50,-0.5295
35.00,-0.5958
35.50,-0.6702
36.00,-0.7366
36.50,-0.7905
37.00,-0.8399
37.50,-0.8958
38.00,-0.9623
38.50,-1.0310
39.00,-1.0901
39.50,-1.1358
40.00,-1.1766
40.50,-1.2247
41.00,-1.2853
41.50,-1.3502
42.00,-1.4029
42.50,-1.4281
43.00,-1.4200
43.50,-1.3833
44.00,-1.3305
44.50,-1.2805
45.00,-1.2535
45.50,-1.2615
46.00,-1.2989
46.50,-1.3445
47.00,-1.3759
47.50,-1.3848
48.00,-1.3800
48.50,-1.3795
49.00,-1.3950
49.50,-1.4231
50.00,-1.4501
50.50,-1.4650
51.00,-1.4679
51.50,-1.4674
52.00,-1.4721
52.50,-1.4869
53.00,-1.5126
53.50,-1.5440
54.00,-1.5681
54.50,-1.5699
55.00,-1.5437
55.50,-1.4992
56.00,-1.4572
56.50,-1.4363
57.00,-1.4443
57.50,-1.4767
58.00,-1.5199
58.50,-1.5573
59.00,-1.5748
59.50,-1.5684
60.00,-1.5494
60.50,-1.5403
61.00,-1.5612
61.50,-1.6140
62.00,-1.6789
62.50,-1.7283
63.00,-1.7474
63.50,-1.7420
64.00,-1.7312
64.50,-1.7320
65.00,-1.7491
65.50,-1.7746
66.00,-1.7959
66.50,-1.8037
67.00,-1.7964
67.50,-1.7776
68.00,-1.7492
68.50,-1.7116
69.00,-1.6691
69.50,-1.6363
70.00,-1.6332
70.50,-1.6702
71.00,-1.7361
71.50,-1.8035
72.00,-1.8492
72.50,-1.8715
73.00,-1.8856
73.50,-1.9049
74.00,-1.9262
74.50,-1.9343
75.00,-1.9166
75.50,-1.8756
76.00,-1.8289
76.50,-1.7977
77.00,-1.7953
77.50,-1.8220
78.00,-1.8672
78.50,-1.9138
79.00,-1.9442
79.50,-1.9467
80.00,-1.9212
80.50,-1.8789
81.00,-1.8338
81.50,-1.7939
82.00,-1.7589
82.50,-1.7272
83.00,-1.7036
83.50,-1.6970
84.00,-1.7120
84.50,-1.7421
85.00,-1.7740
85.50,-1.7984
86.00,-1.8177
86.50,-1.8424
87.00,-1.8805
87.50,-1.9295
88.00,-1.9780
88.50,-2.0113
89.00,-2.0206
89.50,-2.0061
90.00,-1.9770
90.50,-1.9461
91.00,-1.9245
91.50,-1.9166
92.00,-1.9203
92.50,-1.9291
93.00,-1.9351
93.50,-1.9321
94.00,-1.9177
94.50,-1.8938
95.00,-1.8668
95.50,-1.8462
96.00,-1.8406
96.50,-1.8532
97.00,-1.8812
97.50,-1.9176
98.00,-1.9518
98.50,-1.9705
99.00,-1.9630
99.50,-1.9294
100.00,-1.8856
100.50,-1.8565
101.00,-1.8600
101.50,-1.8958
102.00,-1.9471
102.50,-1.9926
103.00,-2.0178
103.50,-2.0176
104.00,-1.9943
104.50,-1.9544
105.00,-1.9078
105.50,-1.8650
106.00,-1.8297
106.50,-1.7962
107.00,-1.7549
107.50,-1.7046
108.00,-1.6574
108.50,-1.6302
109.00,-1.6331
109.50,-1.6630
110.00,-1.7078
110.50,-1.7519
111.00,-1.7827
111.50,-1.7937
112.00,-1.7878
112.50,-1.7746
113.00,-1.7636
113.50,-1.7573
114.00,-1.7513
114.50,-1.7394
115.00,-1.7188
115.50,-1.6877
116.00,-1.6423
116.50,-1.5811
117.00,-1.5139
117.50,-1.4616
118.00,-1.4432
118.50,-1.4608
119.00,-1.4974
119.50,-1.5291
120.00,-1.5416
120.50,-1.5359
121.00,-1.5250
121.50,-1.5220
122.00,-1.5322
122.50,-1.5509
123.00,-1.5676
123.50,-1.5726
124.00,-1.5634
124.50,-1.5455
125.00,-1.5270
125.50,-1.5146
126.00,-1.5130
126.50,-1.5263
127.00,-1.5563
127.50,-1.5971
128.00,-1.6344
128.50,-1.6518
129.00,-1.6411
129.50,-1.6072
130.00,-1.5656
130.50,-1.5316
131.00,-1.5122
131.50,-1.5050
132.00,-1.5042
132.50,-1.5067
133.00,-1.5128
133.50,-1.5227
134.00,-1.5341
134.50,-1.5450
135.00,-1.5556
135.50,-1.5669
136.00,-1.5787
136.50,-1.5903
137.00,-1.6037
137.50,-1.6211
138.00,-1.6395
138.50,-1.6492
139.00,-1.6418
139.50,-1.6180
140.00,-1.5878
140.50,-1.5630
141.00,-1.5507
141.50,-1.5508
142.00,-1.5577
142.50,-1.5655
143.00,-1.5740
143.50,-1.5887
144.00,-1.6154
144.50,-1.6534
145.00,-1.6937
145.50,-1.7242
146.00,-1.7351
146.50,-1.7226
147.00,-1.6907
147.50,-1.6513
148.00,-1.6193
148.50,-1.6046
149.00,-1.6062
149.50,-1.6145
150.00,-1.6206
150.50,-1.6235
151.00,-1.6272
151.50,-1.6332
152.00,-1.6384
152.50,-1.6411
153.00,-1.6456
153.50,-1.6579
154.00,-1.6760
154.50,-1.6896
155.00,-1.6909
155.50,-1.6857
156.00,-1.6905
156.50,-1.7185
157.00,-1.7694
157.50,-1.8285
158.00,-1.8762
158.50,-1.8998
159.00,-1.8988
159.50,-1.8821
160.00,-1.8576
160.50,-1.8277
161.00,-1.7937
161.50,-1.7633
162.00,-1.7484
162.50,-1.7562
163.00,-1.7841
163.50,-1.8210
164.00,-1.8545
164.50,-1.8771
165.00,-1.8866
165.50,-1.8847
166.00,-1.8745
166.50,-1.8599
167.00,-1.8465
167.50,-1.8426
168.00,-1.8551
168.50,-1.8829
169.00,-1.9155
169.50,-1.9393
170.00,-1.9470
170.50,-1.9395
171.00,-1.9234
171.50,-1.9070
172.00,-1.8997
172.50,-1.9086
173.00,-1.9333
173.50,-1.9641
174.00,-1.9885
174.50,-1.9973
175.00,-1.9876
175.50,-1.9616
176.00,-1.9268
176.50,-1.8952
177.00,-1.8775
177.50,-1.8746
178.00,-1.8755
178.50,-1.8646
179.00,-1.8344
179.50,-1.7914
180.00,-1.7539
180.50,-1.7382
181.00,-1.7453
181.50,-1.7581
182.00,-1.7553
182.50,-1.7299
183.00,-1.6943
183.50,-1.6680
184.00,-1.6600
184.50,-1.6633
185.00,-1.6671
185.50,-1.6680
186.00,-1.6721
186.50,-1.6846
187.00,-1.7036
187.50,-1.7215
188.00,-1.7317
188.50,-1.7315
189.00,-1.7231
189.50,-1.7128
190.00,-1.7082
190.50,-1.7143
191.00,-1.7316
191.50,-1.7593
192.00,-1.7988
192.50,-1.8530
193.00,-1.9211
193.50,-1.9939
194.00,-2.0558
194.50,-2.0929
195.00,-2.1011
195.50,-2.0892
196.00,-2.0715
196.50,-2.0588
197.00,-2.0555
197.50,-2.0629
198.00,-2.0811
198.50,-2.1071
199.00,-2.1341
199.50,-2.1566
200.00,-2.1759
200.50,-2.1973
201.00,-2.2222
201.50,-2.2452
202.00,-2.2601
202.50,-2.2655
203.00,-2.2660
203.50,-2.2680
204.00,-2.2758
204.50,-2.2895
205.00,-2.3047
205.50,-2.3157
206.00,-2.3215
206.50,-2.3275
207.00,-2.3424
207.50,-2.3694
208.00,-2.4023
208.50,-2.4297
209.00,-2.4450
209.50,-2.4509
210.00,-2.4553
210.50,-2.4635
211.00,-2.4751
211.50,-2.4853
212.00,-2.4889
212.50,-2.4843
213.00,-2.4764
213.50,-2.4741
214.00,-2.4839
214.50,-2.5053
215.00,-2.5325
215.50,-2.5590
216.00,-2.5787
216.50,-2.5864
217.00,-2.5799
217.50,-2.5630
218.00,-2.5425
218.50,-2.5228
219.00,-2.5027
219.50,-2.4792
220.00,-2.4538
220.50,-2.4346
221.00,-2.4315
221.50,-2.4486
222.00,-2.4796
222.50,-2.5091
223.00,-2.5213
223.50,-2.5106
224.00,-2.4858
224.50,-2.4649
225.00,-2.4626
225.50,-2.4808
226.00,-2.5089
226.50,-2.5344
227.00,-2.5512
227.50,-2.5596
228.00,-2.5606
228.50,-2.5539
229.00,-2.5413
229.50,-2.5286
230.00,-2.5223
230.50,-2.5239
231.00,-2.5283
231.50,-2.5280
232.00,-2.5176
232.50,-2.4976
233.00,-2.4734
233.50,-2.4539
234.00,-2.4462
234.50,-2.4500
235.00,-2.4572
235.50,-2.4578
236.00,-2.4493
236.50,-2.4377
237.00,-2.4314
237.50,-2.4351
238.00,-2.4483
238.50,-2.4689
239.00,-2.4941
239.50,-2.5193
240.00,-2.5368
240.50,-2.5394
241.00,-2.5265
241.50,-2.5065
242.00,-2.4931
242.50,-2.4953
243.00,-2.5112
243.50,-2.5306
244.00,-2.5439
244.50,-2.5484
245.00,-2.5477
245.50,-2.5458
246.00,-2.5434
246.50,-2.5373
247.00,-2.5248
247.50,-2.5081
248.00,-2.4961
248.50,-2.4976
249.00,-2.5149
249.50,-2.5417
250.00,-2.5682
250.50,-2.5883
251.00,-2.6015
251.50,-2.6091
252.00,-2.6112
252.50,-2.6075
253.00,-2.6006
253.50,-2.5958
254.00,-2.5972
254.50,-2.6048
255.00,-2.6144
255.50,-2.6208
256.00,-2.6198
256.50,-2.6095
257.00,-2.5895
257.50,-2.5611
258.00,-2.5285
258.50,-2.4994
259.00,-2.4834
259.50,-2.4860
260.00,-2.5041
260.50,-2.5278
261.00,-2.5471
261.50,-2.5589
262.00,-2.5660
262.50,-2.5696
263.00,-2.5652
263.50,-2.5459
264.00,-2.5125
264.50,-2.4761
265.00,-2.4518
265.50,-2.4472
266.00,-2.4572
266.50,-2.4684
267.00,-2.4695
267.50,-2.4575
268.00,-2.4377
268.50,-2.4182
269.00,-2.4056
269.50,-2.4046
270.00,-2.4191
270.50,-2.4521
271.00,-2.5008
271.50,-2.5550
272.00,-2.6013
272.50,-2.6309
273.00,-2.6432
273.50,-2.6424
274.00,-2.6333
274.50,-2.6188
275.00,-2.6019
275.50,-2.5868
276.00,-2.5793
276.50,-2.5818
277.00,-2.5921
277.50,-2.6049
278.00,-2.6170
278.50,-2.6299
279.00,-2.6463
279.50,-2.6656
280.00,-2.6818
280.50,-2.6873
281.00,-2.6788
281.50,-2.6608
282.00,-2.6435
282.50,-2.6365
283.00,-2.6399
283.50,-2.6418
284.00,-2.6271
284.50,-2.5918
285.00,-2.5511
285.50,-2.5304
286.00,-2.5475
286.50,-2.5996
287.00,-2.6675
287.50,-2.7293
288.00,-2.7719
288.50,-2.7936
289.00,-2.7983
289.50,-2.7901
290.00,-2.7702
290.50,-2.7396
291.00,-2.7024
291.50,-2.6663
292.00,-2.6395
292.50,-2.6258
293.00,-2.6238
293.50,-2.6306
294.00,-2.6438
294.50,-2.6593
295.00,-2.6691
295.50,-2.6646
296.00,-2.6452
296.50,-2.6222
297.00,-2.6110
297.50,-2.6191
298.00,-2.6414
298.50,-2.6663
299.00,-2.6865
299.50,-2.7031
300.00,-2.7219
300.50,-2.7463
301.00,-2.7739
301.50,-2.7972
302.00,-2.8078
302.50,-2.8018
303.00,-2.7837
303.50,-2.7638
304.00,-2.7504
304.50,-2.7445
305.00,-2.7416
305.50,-2.7383
306.00,-2.7354
306.50,-2.7338
307.00,-2.7314
307.50,-2.7246
308.00,-2.7139
308.50,-2.7050
309.00,-2.7033
309.50,-2.7078
310.00,-2.7119
310.50,-2.7102
311.00,-2.7052
311.50,-2.7056
312.00,-2.7186
312.50,-2.7425
313.00,-2.7684
313.50,-2.7860
314.00,-2.7886
314.50,-2.7763
315.00,-2.7563
315.50,-2.7392
316.00,-2.7332
316.50,-2.7397
317.00,-2.7541
317.50,-2.7704
318.00,-2.7825
318.50,-2.7856
319.00,-2.7782
319.50,-2.7633
320.00,-2.7471
320.50,-2.7357
321.00,-2.7319
321.50,-2.7355
322.00,-2.7440
322.50,-2.7537
323.00,-2.7600
323.50,-2.7599
324.00,-2.7545
324.50,-2.7474
325.00,-2.7415
325.50,-2.7374
326.00,-2.7344
326.50,-2.7320
327.00,-2.7293
327.50,-2.7260
328.00,-2.7234
328.50,-2.7250
329.00,-2.7338
329.50,-2.7497
330.00,-2.7694
330.50,-2.7889
331.00,-2.8072
331.50,-2.8262
332.00,-2.8478
332.50,-2.8688
333.00,-2.8792
333.50,-2.8670
334.00,-2.8263
334.50,-2.7619
335.00,-2.6880
335.50,-2.6218
336.00,-2.5754
336.50,-2.5515
337.00,-2.5444
337.50,-2.5459
338.00,-2.5501
338.50,-2.5546
339.00,-2.5574
339.50,-2.5580
340.00,-2.5589
340.50,-2.5662
341.00,-2.5845
341.50,-2.6117
342.00,-2.6389
342.50,-2.6588
343.00,-2.6723
343.50,-2.6879
344.00,-2.7122
344.50,-2.7406
345.00,-2.7594
345.50,-2.7554
346.00,-2.7281
346.50,-2.6904
347.00,-2.6609
347.50,-2.6544
348.00,-2.6743
348.50,-2.7133
349.00,-2.7574
349.50,-2.7920
350.00,-2.8095
350.50,-2.8136
351.00,-2.8156
351.50,-2.8235
352.00,-2.8334
352.50,-2.8332
353.00,-2.8150
353.50,-2.7825
354.00,-2.7479
354.50,-2.7222
355.00,-2.7097
355.50,-2.7103
356.00,-2.7224
356.50,-2.7438
357.00,-2.7700
357.50,-2.7951
358.00,-2.8130
358.50,-2.8192
359.00,-2.8105
359.50,-2.7879
360.00,-2.7568
360.50,-2.7270
361.00,-2.7086
361.50,-2.7072
362.00,-2.7209
362.50,-2.7410
363.00,-2.7554
363.50,-2.7547
364.00,-2.7372
364.50,-2.7115
365.00,-2.6912
365.50,-2.6863
366.00,-2.6966
366.50,-2.7126
367.00,-2.7215
367.50,-2.7155
368.00,-2.6959
368.50,-2.6737
369.00,-2.6631
369.50,-2.6726
370.00,-2.6981
370.50,-2.7262
371.00,-2.7428
371.50,-2.7430
372.00,-2.7334
372.50,-2.7272
373.00,-2.7354
373.50,-2.7595
374.00,-2.7904
374.50,-2.8148
375.00,-2.8239
375.50,-2.8190
376.00,-2.8094
376.50,-2.8060
377.00,-2.8145
377.50,-2.8325
378.00,-2.8523
378.50,-2.8663
379.00,-2.8710
379.50,-2.8679
380.00,-2.8615
380.50,-2.8562
381.00,-2.8544
381.50,-2.8567
382.00,-2.8615
382.50,-2.8658
383.00,-2.8658
383.50,-2.8576
384.00,-2.8396
384.50,-2.8141
385.00,-2.7883
385.50,-2.7723
386.00,-2.7746
386.50,-2.7963
387.00,-2.8292
387.50,-2.8606
388.00,-2.8797
388.50,-2.8810
389.00,-2.8632
389.50,-2.8285
390.00,-2.7857
390.50,-2.7507
391.00,-2.7410
391.50,-2.7637
392.00,-2.8096
392.50,-2.8595
393.00,-2.8971
393.50,-2.9167
394.00,-2.9215
394.50,-2.9161
395.00,-2.9035
395.50,-2.8851
396.00,-2.8633
396.50,-2.8417
397.00,-2.8237
397.50,-2.8111
398.00,-2.8025
398.50,-2.7958
399.00,-2.7910
399.50,-2.7913
400.00,-2.7990
400.50,-2.8128
401.00,-2.8286
401.50,-2.8446
402.00,-2.8629
402.50,-2.8858
403.00,-2.9115
403.50,-2.9322
404.00,-2.9405
404.50,-2.9343
405.00,-2.9200
405.50,-2.9084
406.00,-2.9073
406.50,-2.9166
407.00,-2.9292
407.50,-2.9373
408.00,-2.9371
408.50,-2.9306
409.00,-2.9229
409.50,-2.9189
410.00,-2.9211
410.50,-2.9274
411.00,-2.9330
411.50,-2.9345
412.00,-2.9325
412.50,-2.9314
413.00,-2.9339
413.50,-2.9392
414.00,-2.9428
414.50,-2.9412
415.00,-2.9326
415.50,-2.9165
416.00,-2.8922
416.50,-2.8606
417.00,-2.8254
417.50,-2.7911
418.00,-2.7607
418.50,-2.7370
419.00,-2.7252
419.50,-2.7297
420.00,-2.7480
420.50,-2.7696
421.00,-2.7832
421.50,-2.7855
422.00,-2.7832
422.50,-2.7864
423.00,-2.8020
423.50,-2.8303
424.00,-2.8671
424.50,-2.9057
425.00,-2.9409
425.50,-2.9703
426.00,-2.9932
426.50,-3.0091
427.00,-3.0175
427.50,-3.0194
428.00,-3.0184
428.50,-3.0179
429.00,-3.0182
429.50,-3.0158
430.00,-3.0078
430.50,-2.9966
431.00,-2.9903
431.50,-2.9971
432.00,-3.0175
432.50,-3.0435
433.00,-3.0647
433.50,-3.0764
434.00,-3.0817
434.50,-3.0858
435.00,-3.0904
435.50,-3.0924
436.00,-3.0873
436.50,-3.0737
437.00,-3.0569
437.50,-3.0471
438.00,-3.0532
438.50,-3.0752
439.00,-3.1047
439.50,-3.1306
440.00,-3.1465
440.50,-3.1517
441.00,-3.1488
441.50,-3.1408
442.00,-3.1296
442.50,-3.1167
443.00,-3.1024
443.50,-3.0865
444.00,-3.0706
444.50,-3.0582
445.00,-3.0519
445.50,-3.0490
446.00,-3.0442
446.50,-3.0353
447.00,-3.0263
447.50,-3.0241
448.00,-3.0319
448.50,-3.0469
449.00,-3.0626
449.50,-3.0731
450.00,-3.0757
450.50,-3.0714
451.00,-3.0629
451.50,-3.0532
452.00,-3.0451
452.50,-3.0412
453.00,-3.0435
453.50,-3.0528
454.00,-3.0670
454.50,-3.0810
455.00,-3.0896
455.50,-3.0905
456.00,-3.0837
456.50,-3.0686
457.00,-3.0446
457.50,-3.0154
458.00,-2.9895
458.50,-2.9741
459.00,-2.9701
459.50,-2.9738
460.00,-2.9826
460.50,-2.9978
461.00,-3.0202
461.50,-3.0462
462.00,-3.0685
462.50,-3.0815
463.00,-3.0848
463.50,-3.0826
464.00,-3.0792
464.50,-3.0752
465.00,-3.0672
465.50,-3.0541
466.00,-3.0408
466.50,-3.0368
467.00,-3.0476
467.50,-3.0681
468.00,-3.0842
468.50,-3.0811
469.00,-3.0554
469.50,-3.0177
470.00,-2.9858
470.50,-2.9713
471.00,-2.9724
471.50,-2.9794
472.00,-2.9847
472.50,-2.9878
473.00,-2.9915
473.50,-2.9965
474.00,-3.0004
474.50,-3.0002
475.00,-2.9942
475.50,-2.9833
476.00,-2.9706
476.50,-2.9629
477.00,-2.9662
477.50,-2.9816
478.00,-3.0042
478.50,-3.0254
479.00,-3.0391
479.50,-3.0440
480.00,-3.0433
480.50,-3.0418
481.00,-3.0426
481.50,-3.0457
482.00,-3.0479
482.50,-3.0442
483.00,-3.0316
483.50,-3.0111
484.00,-2.9869
484.50,-2.9622
485.00,-2.9379
485.50,-2.9157
486.00,-2.9012
486.50,-2.9008
487.00,-2.9172
487.50,-2.9469
488.00,-2.9820
488.50,-3.0149
489.00,-3.0408
489.50,-3.0579
490.00,-3.0661
490.50,-3.0663
491.00,-3.0598
491.50,-3.0478
492.00,-3.0322
492.50,-3.0186
493.00,-3.0152
493.50,-3.0273
494.00,-3.0526
494.50,-3.0806
495.00,-3.0995
495.50,-3.1021
496.00,-3.0885
496.50,-3.0639
497.00,-3.0368
497.50,-3.0166
498.00,-3.0114
498.50,-3.0240
499.00,-3.0492
499.50,-3.0755
500.00,-3.0900
500.50,-3.0859
501.00,-3.0674
501.50,-3.0471
502.00,-3.0376
502.50,-3.0431
503.00,-3.0584
503.50,-3.0743
504.00,-3.0838
504.50,-3.0826
505.00,-3.0674
505.50,-3.0382
506.00,-3.0016
506.50,-2.9721
507.00,-2.9634
507.50,-2.9772
508.00,-3.0013
508.50,-3.0204
509.00,-3.0289
509.50,-3.0327
510.00,-3.0399
510.50,-3.0525
511.00,-3.0664
511.50,-3.0753
512.00,-3.0750
512.50,-3.0645
513.00,-3.0461
513.50,-3.0246
514.00,-3.0066
514.50,-2.9987
515.00,-3.0035
515.50,-3.0160
516.00,-3.0260
516.50,-3.0251
517.00,-3.0135
517.50,-2.9959
518.00,-2.9748
518.50,-2.9487
519.00,-2.9202
519.50,-2.8993
520.00,-2.8961
520.50,-2.9114
521.00,-2.9354
521.50,-2.9560
522.00,-2.9660
522.50,-2.9636
523.00,-2.9495
523.50,-2.9268
524.00,-2.9012
524.50,-2.8813
525.00,-2.8756
525.50,-2.8888
526.00,-2.9195
526.50,-2.9605
527.00,-3.0024
527.50,-3.0379
528.00,-3.0642
528.50,-3.0818
529.00,-3.0923
529.50,-3.0963
530.00,-3.0945
530.50,-3.0897
531.00,-3.0869
531.50,-3.0909
532.00,-3.1027
532.50,-3.1196
533.00,-3.1376
533.50,-3.1539
534.00,-3.1677
534.50,-3.1782
535.00,-3.1832
535.50,-3.1808
536.00,-3.1717
536.50,-3.1596
537.00,-3.1495
537.50,-3.1458
538.00,-3.1501
538.50,-3.1620
539.00,-3.1778
539.50,-3.1918
540.00,-3.1992
540.50,-3.1994
541.00,-3.1954
541.50,-3.1890
542.00,-3.1779
542.50,-3.1573
543.00,-3.1254
543.50,-3.0875
544.00,-3.0554
544.50,-3.0420
545.00,-3.0523
545.50,-3.0792
546.00,-3.1070
546.50,-3.1217
547.00,-3.1198
547.50,-3.1084
548.00,-3.0980
548.50,-3.0964
549.00,-3.1045
549.50,-3.1179
550.00,-3.1295
550.50,-3.1339
551.00,-3.1303
551.50,-3.1235
552.00,-3.1194
552.50,-3.1204
553.00,-3.1241
553.50,-3.1259
554.00,-3.1233
554.50,-3.1167
555.00,-3.1099
555.50,-3.1081
556.00,-3.1150
556.50,-3.1299
557.00,-3.1464
557.50,-3.1575
558.00,-3.1608
558.50,-3.1589
559.00,-3.1549
559.50,-3.1494
560.00,-3.1425
560.50,-3.1377
561.00,-3.1401
561.50,-3.1518
562.00,-3.1676
562.50,-3.1788
563.00,-3.1787
563.50,-3.1659
564.00,-3.1434
564.50,-3.1163
565.00,-3.0905
565.50,-3.0702
566.00,-3.0567
566.50,-3.0497
567.00,-3.0507
567.50,-3.0629
568.00,-3.0876
568.50,-3.1208
569.00,-3.1545
569.50,-3.1813
570.00,-3.1976
570.50,-3.2049
571.00,-3.2066
571.50,-3.2049
572.00,-3.1986
572.50,-3.1841
573.00,-3.1593
573.50,-3.1281
574.00,-3.1006
574.50,-3.0872
575.00,-3.0908
575.50,-3.1046
576.00,-3.1177
576.50,-3.1227
577.00,-3.1188
577.50,-3.1085
578.00,-3.0944
578.50,-3.0790
579.00,-3.0654
579.50,-3.0556
580.00,-3.0487
580.50,-3.0413
581.00,-3.0295
581.50,-3.0119
582.00,-2.9903
582.50,-2.9686
583.00,-2.9514
583.50,-2.9412
584.00,-2.9376
584.50,-2.9366
585.00,-2.9323
585.50,-2.9202
586.00,-2.9008
586.50,-2.8787
587.00,-2.8605
587.50,-2.8493
588.00,-2.8439
588.50,-2.8400
589.00,-2.8330
589.50,-2.8202
590.00,-2.8022
590.50,-2.7829
591.00,-2.7667
591.50,-2.7565
592.00,-2.7536
592.50,-2.7583
593.00,-2.7696
593.50,-2.7845
594.00,-2.7980
594.50,-2.8053
595.00,-2.8031
595.50,-2.7911
596.00,-2.7710
596.50,-2.7468
597.00,-2.7234
597.50,-2.7046
598.00,-2.6909
598.50,-2.6814
599.00,-2.6747
599.50,-2.6697
600.00,-2.6639
600.50,-2.6539
601.00,-2.6394
601.50,-2.6252
602.00,-2.6196
602.50,-2.6260
603.00,-2.6390
603.50,-2.6472
604.00,-2.6436
604.50,-2.6328
605.00,-2.6270
605.50,-2.6362
606.00,-2.6604
606.50,-2.6905
607.00,-2.7157
607.50,-2.7296
608.00,-2.7330
608.50,-2.7308
609.00,-2.7284
609.50,-2.7287
610.00,-2.7316
610.50,-2.7363
611.00,-2.7423
611.50,-2.7502
612.00,-2.7602
612.50,-2.7717
613.00,-2.7834
613.50,-2.7946
614.00,-2.8048
614.50,-2.8136
615.00,-2.8200
615.50,-2.8220
616.00,-2.8185
616.50,-2.8104
617.00,-2.7993
617.50,-2.7868
618.00,-2.7743
618.50,-2.7651
619.00,-2.7641
619.50,-2.7743
620.00,-2.7933
620.50,-2.8140
621.00,-2.8282
621.50,-2.8310
622.00,-2.8221
622.50,-2.8050
623.00,-2.7851
623.50,-2.7672
624.00,-2.7548
624.50,-2.7500
625.00,-2.7539
625.50,-2.7665
626.00,-2.7857
626.50,-2.8061
627.00,-2.8206
627.50,-2.8247
628.00,-2.8195
628.50,-2.8115
629.00,-2.8082
629.50,-2.8135
630.00,-2.8270
630.50,-2.8448
631.00,-2.8625
631.50,-2.8767
632.00,-2.8865
632.50,-2.8934
633.00,-2.9009
633.50,-2.9116
634.00,-2.9250
634.50,-2.9374
635.00,-2.9435
635.50,-2.9407
636.00,-2.9312
636.50,-2.9219
637.00,-2.9188
637.50,-2.9234
638.00,-2.9337
638.50,-2.9465
639.00,-2.9593
639.50,-2.9712
640.00,-2.9826
640.50,-2.9942
641.00,-3.0057
641.50,-3.0142
642.00,-3.0169
642.50,-3.0130
643.00,-3.0074
643.50,-3.0077
644.00,-3.0187
644.50,-3.0379
645.00,-3.0563
645.50,-3.0650
646.00,-3.0609
646.50,-3.0480
647.00,-3.0336
647.50,-3.0242
648.00,-3.0220
648.50,-3.0252
649.00,-3.0299
649.50,-3.0333
650.00,-3.0362
650.50,-3.0422
651.00,-3.0543
651.50,-3.0717
652.00,-3.0900
652.50,-3.1038
653.00,-3.1101
653.50,-3.1090
654.00,-3.1035
654.50,-3.0975
655.00,-3.0929
655.50,-3.0884
656.00,-3.0798
656.50,-3.0638
657.00,-3.0416
657.50,-3.0188
658.00,-3.0024
658.50,-2.9963
659.00,-2.9993
659.50,-3.0060
660.00,-3.0105
660.50,-3.0104
661.00,-3.0070
661.50,-3.0037
662.00,-3.0027
662.50,-3.0031
663.00,-3.0021
663.50,-2.9970
664.00,-2.9870
664.50,-2.9739
665.00,-2.9612
665.50,-2.9524
666.00,-2.9485
666.50,-2.9482
667.00,-2.9503
667.50,-2.9557
668.00,-2.9650
668.50,-2.9771
669.00,-2.9877
669.50,-2.9920
670.00,-2.9876
670.50,-2.9755
671.00,-2.9598
671.50,-2.9456
672.00,-2.9367
672.50,-2.9339
673.00,-2.9350
673.50,-2.9368
674.00,-2.9372
674.50,-2.9359
675.00,-2.9335
675.50,-2.9289
676.00,-2.9198
676.50,-2.9039
677.00,-2.8815
677.50,-2.8571
678.00,-2.8391
678.50,-2.8362
679.00,-2.8517
679.50,-2.8798
680.00,-2.9087
680.50,-2.9272
681.00,-2.9301
681.50,-2.9198
682.00,-2.9025
682.50,-2.8832
683.00,-2.8619
683.50,-2.8345
684.00,-2.7980
684.50,-2.7568
685.00,-2.7228
685.50,-2.7084
686.00,-2.7156
686.50,-2.7347
687.00,-2.7521
687.50,-2.7605
688.00,-2.7612
688.50,-2.7593
689.00,-2.7588
689.50,-2.7614
690.00,-2.7655
690.50,-2.7664
691.00,-2.7578
691.50,-2.7361
692.00,-2.7039
692.50,-2.6696
693.00,-2.6420
693.50,-2.6258
694.00,-2.6204
694.50,-2.6203
695.00,-2.6180
695.50,-2.6074
696.00,-2.5875
696.50,-2.5626
697.00,-2.5401
697.50,-2.5261
698.00,-2.5233
698.50,-2.5302
699.00,-2.5423
699.50,-2.5538
700.00,-2.5603
700.50,-2.5603
701.00,-2.5559
701.50,-2.5514
702.00,-2.5497
702.50,-2.5505
703.00,-2.5500
703.50,-2.5443
704.00,-2.5316
704.50,-2.5119
705.00,-2.4867
705.50,-2.4588
706.00,-2.4330
706.50,-2.4143
707.00,-2.4045
707.50,-2.4006
708.00,-2.3966
708.50,-2.3873
709.00,-2.3727
709.50,-2.3577
710.00,-2.3480
710.50,-2.3466
711.00,-2.3526
711.50,-2.3630
712.00,-2.3743
712.50,-2.3832
713.00,-2.3869
713.50,-2.3844
714.00,-2.3770
714.50,-2.3670
715.00,-2.3560
715.50,-2.3445
716.00,-2.3333
716.50,-2.3252
717.00,-2.3235
717.50,-2.3304
718.00,-2.3445
718.50,-2.3612
719.00,-2.3743
719.50,-2.3792
720.00,-2.3741
720.50,-2.3615
721.00,-2.3467
721.50,-2.3344
722.00,-2.3257
722.50,-2.3174
723.00,-2.3053
723.50,-2.2885
724.00,-2.2719
724.50,-2.2626
725.00,-2.2658
725.50,-2.2797
726.00,-2.2972
726.50,-2.3103
727.00,-2.3131
727.50,-2.3040
728.00,-2.2844
728.50,-2.2576
729.00,-2.2289
729.50,-2.2046
730.00,-2.1893
730.50,-2.1839
731.00,-2.1856
731.50,-2.1910
732.00,-2.1976
732.50,-2.2030
733.00,-2.2048
733.50,-2.2007
734.00,-2.1892
734.50,-2.1705
735.00,-2.1453
735.50,-2.1147
736.00,-2.0813
736.50,-2.0490
737.00,-2.0225
737.50,-2.0039
738.00,-1.9908
738.50,-1.9791
739.00,-1.9671
739.50,-1.9573
740.00,-1.9530
740.50,-1.9553
741.00,-1.9614
741.50,-1.9683
742.00,-1.9736
742.50,-1.9769
743.00,-1.9789
743.50,-1.9811
744.00,-1.9850
744.50,-1.9896
745.00,-1.9906
745.50,-1.9822
746.00,-1.9624
746.50,-1.9352
747.00,-1.9082
747.50,-1.8890
748.00,-1.8819
748.50,-1.8869
749.00,-1.9008
749.50,-1.9185
750.00,-1.9346
750.50,-1.9451
751.00,-1.9488
751.50,-1.9488
752.00,-1.9505
752.50,-1.9579
753.00,-1.9705
753.50,-1.9831
754.00,-1.9908
754.50,-1.9927
755.00,-1.9923
755.50,-1.9945
756.00,-2.0017
756.50,-2.0129
757.00,-2.0247
757.50,-2.0347
758.00,-2.0427
758.50,-2.0504
759.00,-2.0593
759.50,-2.0681
760.00,-2.0742
760.50,-2.0754
761.00,-2.0724
761.50,-2.0673
762.00,-2.0614
762.50,-2.0542
763.00,-2.0445
763.50,-2.0336
764.00,-2.0256
764.50,-2.0244
765.00,-2.0305
765.50,-2.0394
766.00,-2.0451
766.50,-2.0450
767.00,-2.0424
767.50,-2.0431
768.00,-2.0511
768.50,-2.0657
769.00,-2.0829
769.50,-2.0970
770.00,-2.1035
770.50,-2.1002
771.00,-2.0882
771.50,-2.0724
772.00,-2.0599
772.50,-2.0568
773.00,-2.0653
773.50,-2.0828
774.00,-2.1044
774.50,-2.1255
775.00,-2.1434
775.50,-2.1580
776.00,-2.1710
776.50,-2.1850
777.00,-2.2012
777.50,-2.2180
778.00,-2.2327
778.50,-2.2431
779.00,-2.2490
779.50,-2.2523
780.00,-2.2571
780.50,-2.2683
781.00,-2.2890
781.50,-2.3171
782.00,-2.3450
782.50,-2.3653
783.00,-2.3769
783.50,-2.3859
784.00,-2.3990
784.50,-2.4174
785.00,-2.4376
785.50,-2.4564
786.00,-2.4747
786.50,-2.4961
787.00,-2.5224
787.50,-2.5505
788.00,-2.5747
788.50,-2.5916
789.00,-2.6024
789.50,-2.6098
790.00,-2.6138
790.50,-2.6114
791.00,-2.6019
791.50,-2.5903
792.00,-2.5855
792.50,-2.5935
793.00,-2.6124
793.50,-2.6335
794.00,-2.6472
794.50,-2.6490
795.00,-2.6420
795.50,-2.6347
796.00,-2.6346
796.50,-2.6433
797.00,-2.6567
797.50,-2.6676
798.00,-2.6714
798.50,-2.6669
799.00,-2.6565
799.50,-2.6443
800.00,-2.6342
800.50,-2.6285
801.00,-2.6272
801.50,-2.6285
802.00,-2.6297
802.50,-2.6286
803.00,-2.6243
803.50,-2.6183
804.00,-2.6140
804.50,-2.6161
805.00,-2.6291
805.50,-2.6541
806.00,-2.6867
806.50,-2.7184
807.00,-2.7417
807.50,-2.7548
808.00,-2.7613
808.50,-2.7651
809.00,-2.7668
809.50,-2.7650
810.00,-2.7592
810.50,-2.7522
811.00,-2.7475
811.50,-2.7473
812.00,-2.7516
812.50,-2.7591
813.00,-2.7685
813.50,-2.7782
814.00,-2.7864
814.50,-2.7903
815.00,-2.7881
815.50,-2.7798
816.00,-2.7672
816.50,-2.7539
817.00,-2.7451
817.50,-2.7449
818.00,-2.7550
818.50,-2.7733
819.00,-2.7940
819.50,-2.8100
820.00,-2.8156
820.50,-2.8095
821.00,-2.7954
821.50,-2.7789
822.00,-2.7653
822.50,-2.7586
823.00,-2.7610
823.50,-2.7704
824.00,-2.7820
824.50,-2.7915
825.00,-2.7982
825.50,-2.8062
826.00,-2.8193
826.50,-2.8376
827.00,-2.8570
827.50,-2.8721
828.00,-2.8794
828.50,-2.8791
829.00,-2.8742
829.50,-2.8703
830.00,-2.8728
830.50,-2.8842
831.00,-2.9029
831.50,-2.9250
832.00,-2.9481
832.50,-2.9716
833.00,-2.9954
833.50,-3.0193
834.00,-3.0426
834.50,-3.0646
835.00,-3.0838
835.50,-3.0983
836.00,-3.1083
836.50,-3.1171
837.00,-3.1294
837.50,-3.1475
838.00,-3.1684
838.50,-3.1840
839.00,-3.1864
839.50,-3.1743
840.00,-3.1546
840.50,-3.1401
841.00,-3.1417
841.50,-3.1625
842.00,-3.1966
842.50,-3.2329
843.00,-3.2611
843.50,-3.2759
844.00,-3.2785
844.50,-3.2748
845.00,-3.2718
845.50,-3.2740
846.00,-3.2811
846.50,-3.2910
847.00,-3.3032
847.50,-3.3204
848.00,-3.3442
848.50,-3.3716
849.00,-3.3945
849.50,-3.4053
850.00,-3.4014
850.50,-3.3862
851.00,-3.3658
851.50,-3.3453
852.00,-3.3287
852.50,-3.3191
853.00,-3.3177
853.50,-3.3234
854.00,-3.3335
854.50,-3.3443
855.00,-3.3523
855.50,-3.3533
856.00,-3.3454
856.50,-3.3310
857.00,-3.3164
857.50,-3.3084
858.00,-3.3098
858.50,-3.3186
859.00,-3.3312
859.50,-3.3457
860.00,-3.3611
860.50,-3.3749
861.00,-3.3826
861.50,-3.3811
862.00,-3.3726
862.50,-3.3641
863.00,-3.3616
863.50,-3.3652
864.00,-3.3693
864.50,-3.3680
865.00,-3.3600
865.50,-3.3483
866.00,-3.3367
866.50,-3.3270
867.00,-3.3194
867.50,-3.3143
868.00,-3.3122
868.50,-3.3136
869.00,-3.3174
869.50,-3.3215
870.00,-3.3232
870.50,-3.3198
871.00,-3.3099
871.50,-3.2944
872.00,-3.2763
872.50,-3.2584
873.00,-3.2414
873.50,-3.2225
874.00,-3.1971
874.50,-3.1629
875.00,-3.1225
875.50,-3.0813
876.00,-3.0435
876.50,-3.0095
877.00,-2.9776
877.50,-2.9474
878.00,-2.9206
878.50,-2.8992
879.00,-2.8842
879.50,-2.8738
880.00,-2.8629
880.50,-2.8455
881.00,-2.8175
881.50,-2.7808
882.00,-2.7428
882.50,-2.7134
883.00,-2.6974
883.50,-2.6919
884.00,-2.6895
884.50,-2.6853
885.00,-2.6804
885.50,-2.6791
886.00,-2.6831
886.50,-2.6891
887.00,-2.6922
887.50,-2.6914
888.00,-2.6905
888.50,-2.6941
889.00,-2.7024
889.50,-2.7116
890.00,-2.7170
890.50,-2.7180
891.00,-2.7183
891.50,-2.7218
892.00,-2.7293
892.50,-2.7383
893.00,-2.7448
893.50,-2.7480
894.00,-2.7515
894.50,-2.7616
895.00,-2.7829
895.50,-2.8159
896.00,-2.8570
896.50,-2.9002
897.00,-2.9399
897.50,-2.9727
898.00,-2.9987
898.50,-3.0211
899.00,-3.0454
899.50,-3.0764
900.00,-3.1154
900.50,-3.1587
901.00,-3.1995
901.50,-3.2316
902.00,-3.2529
902.50,-3.2654
903.00,-3.2735
903.50,-3.2814
904.00,-3.2926
904.50,-3.3102
905.00,-3.3351
905.50,-3.3652
906.00,-3.3949
906.50,-3.4202
907.00,-3.4412
907.50,-3.4612
908.00,-3.4828
908.50,-3.5060
909.00,-3.5299
909.50,-3.5533
910.00,-3.5755
910.50,-3.5954
911.00,-3.6119
911.50,-3.6249
912.00,-3.6362
912.50,-3.6482
913.00,-3.6605
913.50,-3.6692
914.00,-3.6695
914.50,-3.6605
915.00,-3.6467
915.50,-3.6341
916.00,-3.6249
916.50,-3.6179
917.00,-3.6116
917.50,-3.6067
918.00,-3.6054
918.50,-3.6078
919.00,-3.6106
919.50,-3.6104
920.00,-3.6074
920.50,-3.6058
921.00,-3.6097
921.50,-3.6182
922.00,-3.6274
922.50,-3.6348
923.00,-3.6418
923.50,-3.6507
924.00,-3.6621
924.50,-3.6750
925.00,-3.6883
925.50,-3.7009
926.00,-3.7125
926.50,-3.7225
927.00,-3.7311
927.50,-3.7377
928.00,-3.7400
928.50,-3.7366
929.00,-3.7296
929.50,-3.7237
930.00,-3.7225
930.50,-3.7251
931.00,-3.7291
931.50,-3.7326
932.00,-3.7360
932.50,-3.7405
933.00,-3.7465
933.50,-3.7538
934.00,-3.7624
934.50,-3.7725
935.00,-3.7831
935.50,-3.7910
936.00,-3.7941
936.50,-3.7934
937.00,-3.7944
937.50,-3.8028
938.00,-3.8211
938.50,-3.8468
939.00,-3.8747
939.50,-3.8995
940.00,-3.9170
940.50,-3.9238
941.00,-3.9192
941.50,-3.9059
942.00,-3.8900
942.50,-3.8775
943.00,-3.8708
943.50,-3.8684
944.00,-3.8682
944.50,-3.8702
945.00,-3.8752
945.50,-3.8821
946.00,-3.8878
946.50,-3.8905
947.00,-3.8921
947.50,-3.8959
948.00,-3.9031
948.50,-3.9115
949.00,-3.9173
949.50,-3.9188
950.00,-3.9173
950.50,-3.9150
951.00,-3.9137
951.50,-3.9138
952.00,-3.9153
952.50,-3.9188
953.00,-3.9251
953.50,-3.9346
954.00,-3.9467
954.50,-3.9589
955.00,-3.9683
955.50,-3.9732
956.00,-3.9748
956.50,-3.9758
957.00,-3.9792
957.50,-3.9863
958.00,-3.9965
958.50,-4.0088
959.00,-4.0220
959.50,-4.0342
960.00,-4.0427
960.50,-4.0465
961.00,-4.0478
961.50,-4.0504
962.00,-4.0578
962.50,-4.0706
963.00,-4.0880
963.50,-4.1087
964.00,-4.1322
964.50,-4.1578
965.00,-4.1832
965.50,-4.2055
966.00,-4.2225
966.50,-4.2341
967.00,-4.2419
967.50,-4.2488
968.00,-4.2563
968.50,-4.2640
969.00,-4.2707
969.50,-4.2769
970.00,-4.2848
970.50,-4.2960
971.00,-4.3091
971.50,-4.3203
972.00,-4.3271
972.50,-4.3304
973.00,-4.3334
973.50,-4.3378
974.00,-4.3425
974.50,-4.3458
975.00,-4.3479
975.50,-4.3504
976.00,-4.3529
976.50,-4.3524
977.00,-4.3463
977.50,-4.3357
978.00,-4.3250
978.50,-4.3177
979.00,-4.3146
979.50,-4.3153
980.00,-4.3196
980.50,-4.3268
981.00,-4.3346
981.50,-4.3406
982.00,-4.3424
982.50,-4.3397
983.00,-4.3336
983.50,-4.3272
984.00,-4.3241
984.50,-4.3260
985.00,-4.3310
985.50,-4.3345
986.00,-4.3318
986.50,-4.3191
987.00,-4.2954
987.50,-4.2637
988.00,-4.2300
988.50,-4.2016
989.00,-4.1847
989.50,-4.1824
990.00,-4.1929
990.50,-4.2100
991.00,-4.2243
991.50,-4.2289
992.00,-4.2231
992.50,-4.2114
993.00,-4.1993
993.50,-4.1904
994.00,-4.1867
994.50,-4.1890
995.00,-4.1958
995.50,-4.2027
996.00,-4.2047
996.50,-4.1993
997.00,-4.1884
997.50,-4.1778
998.00,-4.1736
998.50,-4.1792
999.00,-4.1938
999.50,-4.2122
1000.00,-4.2276
1000.50,-4.2357
1001.00,-4.2373
1001.50,-4.2378
1002.00,-4.2434
1002.50,-4.2567
1003.00,-4.2752
1003.50,-4.2930
1004.00,-4.3050
1004.50,-4.3104
1005.00,-4.3114
1005.50,-4.3099
1006.00,-4.3053
1006.50,-4.2948
1007.00,-4.2776
1007.50,-4.2556
1008.00,-4.2323
1008.50,-4.2107
1009.00,-4.1925
1009.50,-4.1779
1010.00,-4.1658
1010.50,-4.1550
1011.00,-4.1447
1011.50,-4.1347
1012.00,-4.1246
1012.50,-4.1133
1013.00,-4.0996
1013.50,-4.0816
1014.00,-4.0578
1014.50,-4.0279
1015.00,-3.9942
1015.50,-3.9607
1016.00,-3.9318
1016.50,-3.9101
1017.00,-3.8961
1017.50,-3.8884
1018.00,-3.8846
1018.50,-3.8813
1019.00,-3.8746
1019.50,-3.8612
1020.00,-3.8396
1020.50,-3.8098
1021.00,-3.7739
1021.50,-3.7352
1022.00,-3.6971
1022.50,-3.6618
1023.00,-3.6296
1023.50,-3.5999
1024.00,-3.5719
1024.50,-3.5445
1025.00,-3.5152
1025.50,-3.4823
1026.00,-3.4468
1026.50,-3.4133
1027.00,-3.3859
1027.50,-3.3653
1028.00,-3.3488
1028.50,-3.3332
1029.00,-3.3164
1029.50,-3.2964
1030.00,-3.2696
1030.50,-3.2335
1031.00,-3.1896
1031.50,-3.1456
1032.00,-3.1104
1032.50,-3.0875
1033.00,-3.0718
1033.50,-3.0530
1034.00,-3.0217
1034.50,-2.9754
1035.00,-2.9181
1035.50,-2.8583
1036.00,-2.8041
1036.50,-2.7600
1037.00,-2.7257
1037.50,-2.6968
1038.00,-2.6675
1038.50,-2.6331
1039.00,-2.5923
1039.50,-2.5484
1040.00,-2.5064
1040.50,-2.4695
1041.00,-2.4364
1041.50,-2.4026
1042.00,-2.3641
1042.50,-2.3203
1043.00,-2.2746
1043.50,-2.2330
1044.00,-2.2006
1044.50,-2.1785
1045.00,-2.1625
1045.50,-2.1463
1046.00,-2.1254
1046.50,-2.0981
1047.00,-2.0660
1047.50,-2.0322
1048.00,-1.9999
1048.50,-1.9718
1049.00,-1.9482
1049.50,-1.9283
1050.00,-1.9111
1050.50,-1.8968
1051.00,-1.8862
1051.50,-1.8801
1052.00,-1.8759
1052.50,-1.8681
1053.00,-1.8519
1053.50,-1.8275
1054.00,-1.8007
1054.50,-1.7792
1055.00,-1.7669
1055.50,-1.7624
1056.00,-1.7600
1056.50,-1.7541
1057.00,-1.7415
1057.50,-1.7237
1058.00,-1.7053
1058.50,-1.6898
1059.00,-1.6771
1059.50,-1.6642
1060.00,-1.6488
1060.50,-1.6305
1061.00,-1.6106
1061.50,-1.5902
1062.00,-1.5699
1062.50,-1.5514
1063.00,-1.5369
1063.50,-1.5270
1064.00,-1.5194
1064.50,-1.5094
1065.00,-1.4936
1065.50,-1.4736
1066.00,-1.4550
1066.50,-1.4431
1067.00,-1.4371
1067.50,-1.4322
1068.00,-1.4247
1068.50,-1.4158
1069.00,-1.4093
1069.50,-1.4061
1070.00,-1.4034
1070.50,-1.3978
1071.00,-1.3891
1071.50,-1.3800
1072.00,-1.3726
1072.50,-1.3664
1073.00,-1.3587
1073.50,-1.3479
1074.00,-1.3340
1074.50,-1.3191
1075.00,-1.3043
1075.50,-1.2898
1076.00,-1.2754
1076.50,-1.2632
1077.00,-1.2572
1077.50,-1.2601
1078.00,-1.2696
1078.50,-1.2797
1079.00,-1.2847
1079.50,-1.2832
1080.00,-1.2780
1080.50,-1.2722
1081.00,-1.2674
1081.50,-1.2633
1082.00,-1.2589
1082.50,-1.2542
1083.00,-1.2495
1083.50,-1.2445
1084.00,-1.2381
1084.50,-1.2294
1085.00,-1.2194
1085.50,-1.2103
1086.00,-1.2047
1086.50,-1.2041
1087.00,-1.2086
1087.50,-1.2161
1088.00,-1.2233
1088.50,-1.2278
1089.00,-1.2304
1089.50,-1.2333
1090.00,-1.2377
1090.50,-1.2431
1091.00,-1.2487
1091.50,-1.2553
1092.00,-1.2654
1092.50,-1.2809
1093.00,-1.3006
1093.50,-1.3198
1094.00,-1.3331
1094.50,-1.3397
1095.00,-1.3433
1095.50,-1.3496
1096.00,-1.3622
1096.50,-1.3802
1097.00,-1.4007
1097.50,-1.4208
1098.00,-1.4397
1098.50,-1.4582
1099.00,-1.4779
1099.50,-1.4992
1100.00,-1.5202
1100.50,-1.5376
1101.00,-1.5478
1101.50,-1.5489
1102.00,-1.5418
1102.50,-1.5300
1103.00,-1.5186
1103.50,-1.5121
1104.00,-1.5127
1104.50,-1.5206
1105.00,-1.5340
1105.50,-1.5510
1106.00,-1.5697
1106.50,-1.5883
1107.00,-1.6041
1107.50,-1.6141
1108.00,-1.6157
1108.50,-1.6096
1109.00,-1.6004
1109.50,-1.5942
1110.00,-1.5944
1110.50,-1.6002
1111.00,-1.6083
1111.50,-1.6161
1112.00,-1.6215
1112.50,-1.6230
1113.00,-1.6200
1113.50,-1.6155
1114.00,-1.6145
1114.50,-1.6203
1115.00,-1.6317
1115.50,-1.6440
1116.00,-1.6533
1116.50,-1.6581
1117.00,-1.6588
1117.50,-1.6557
1118.00,-1.6496
1118.50,-1.6423
1119.00,-1.6371
1119.50,-1.6376
1120.00,-1.6447
1120.50,-1.6561
1121.00,-1.6683
1121.50,-1.6791
1122.00,-1.6882
1122.50,-1.6968
1123.00,-1.7071
1123.50,-1.7218
1124.00,-1.7424
1124.50,-1.7667
1125.00,-1.7896
1125.50,-1.8058
1126.00,-1.8131
1126.50,-1.8135
1127.00,-1.8106
1127.50,-1.8079
1128.00,-1.8081
1128.50,-1.8134
1129.00,-1.8240
1129.50,-1.8383
1130.00,-1.8524
1130.50,-1.8620
1131.00,-1.8645
1131.50,-1.8607
1132.00,-1.8546
1132.50,-1.8523
1133.00,-1.8576
1133.50,-1.8710
1134.00,-1.8896
1134.50,-1.9106
1135.00,-1.9317
1135.50,-1.9505
1136.00,-1.9645
1136.50,-1.9722
1137.00,-1.9745
1137.50,-1.9745
1138.00,-1.9742
1138.50,-1.9735
1139.00,-1.9703
1139.50,-1.9633
1140.00,-1.9529
1140.50,-1.9422
1141.00,-1.9337
1141.50,-1.9281
1142.00,-1.9243
1142.50,-1.9216
1143.00,-1.9212
1143.50,-1.9252
1144.00,-1.9328
1144.50,-1.9404
1145.00,-1.9437
1145.50,-1.9419
1146.00,-1.9377
1146.50,-1.9351
1147.00,-1.9356
1147.50,-1.9378
1148.00,-1.9397
1148.50,-1.9405
1149.00,-1.9413
1149.50,-1.9434
1150.00,-1.9452
1150.50,-1.9441
1151.00,-1.9401
1151.50,-1.9375
1152.00,-1.9417
1152.50,-1.9538
1153.00,-1.9682
1153.50,-1.9776
1154.00,-1.9793
1154.50,-1.9780
1155.00,-1.9806
1155.50,-1.9905
1156.00,-2.0045
1156.50,-2.0176
1157.00,-2.0282
1157.50,-2.0404
1158.00,-2.0582
1158.50,-2.0808
1159.00,-2.1029
1159.50,-2.1189
1160.00,-2.1278
1160.50,-2.1323
1161.00,-2.1349
1161.50,-2.1369
1162.00,-2.1384
1162.50,-2.1405
1163.00,-2.1445
1163.50,-2.1511
1164.00,-2.1583
1164.50,-2.1611
1165.00,-2.1546
1165.50,-2.1380
1166.00,-2.1157
1166.50,-2.0949
1167.00,-2.0813
1167.50,-2.0766
1168.00,-2.0795
1168.50,-2.0867
1169.00,-2.0940
1169.50,-2.0969
1170.00,-2.0915
1170.50,-2.0764
1171.00,-2.0534
1171.50,-2.0261
1172.00,-1.9992
1172.50,-1.9779
1173.00,-1.9680
1173.50,-1.9722
1174.00,-1.9871
1174.50,-2.0033
1175.00,-2.0097
1175.50,-2.0002
1176.00,-1.9781
1176.50,-1.9551
1177.00,-1.9442
1177.50,-1.9509
1178.00,-1.9705
1178.50,-1.9921
1179.00,-2.0076
1179.50,-2.0174
1180.00,-2.0277
1180.50,-2.0452
1181.00,-2.0709
1181.50,-2.1012
1182.00,-2.1323
1182.50,-2.1622
1183.00,-2.1907
1183.50,-2.2169
1184.00,-2.2384
1184.50,-2.2536
1185.00,-2.2635
1185.50,-2.2723
1186.00,-2.2845
1186.50,-2.3037
1187.00,-2.3325
1187.50,-2.3727
1188.00,-2.4238
1188.50,-2.4793
1189.00,-2.5291
1189.50,-2.5651
1190.00,-2.5866
1190.50,-2.5999
1191.00,-2.6124
1191.50,-2.6282
1192.00,-2.6466
1192.50,-2.6637
1193.00,-2.6751
1193.50,-2.6795
1194.00,-2.6808
1194.50,-2.6858
1195.00,-2.6999
1195.50,-2.7239
1196.00,-2.7532
1196.50,-2.7803
1197.00,-2.7982
1197.50,-2.8053
1198.00,-2.8048
1198.50,-2.8009
1199.00,-2.7944
1199.50,-2.7826
1200.00,-2.7637
1200.50,-2.7405
1201.00,-2.7196
1201.50,-2.7067
1202.00,-2.7028
1202.50,-2.7044
1203.00,-2.7065
1203.50,-2.7052
1204.00,-2.6980
1204.50,-2.6836
1205.00,-2.6620
1205.50,-2.6344
1206.00,-2.6020
1206.50,-2.5651
1207.00,-2.5238
1207.50,-2.4797
1208.00,-2.4357
1208.50,-2.3959
1209.00,-2.3623
1209.50,-2.3344
1210.00,-2.3092
1210.50,-2.2834
1211.00,-2.2553
1211.50,-2.2263
1212.00,-2.2008
1212.50,-2.1834
1213.00,-2.1746
1213.50,-2.1702
1214.00,-2.1647
1214.50,-2.1548
1215.00,-2.1412
1215.50,-2.1266
1216.00,-2.1129
1216.50,-2.1007
1217.00,-2.0893
1217.50,-2.0786
1218.00,-2.0685
1218.50,-2.0583
1219.00,-2.0478
1219.50,-2.0377
1220.00,-2.0299
1220.50,-2.0254
1221.00,-2.0228
1221.50,-2.0191
1222.00,-2.0122
1222.50,-2.0017
1223.00,-1.9894
1223.50,-1.9770
1224.00,-1.9663
1224.50,-1.9587
1225.00,-1.9537
1225.50,-1.9494
1226.00,-1.9431
1226.50,-1.9319
1227.00,-1.9153
1227.50,-1.8952
1228.00,-1.8745
1228.50,-1.8549
1229.00,-1.8364
1229.50,-1.8178
1230.00,-1.7986
1230.50,-1.7794
1231.00,-1.7613
1231.50,-1.7440
1232.00,-1.7253
1232.50,-1.7031
1233.00,-1.6775
1233.50,-1.6510
1234.00,-1.6272
1234.50,-1.6093
1235.00,-1.5989
1235.50,-1.5961
1236.00,-1.5984
1236.50,-1.6009
1237.00,-1.5978
1237.50,-1.5842
1238.00,-1.5581
1238.50,-1.5224
1239.00,-1.4828
1239.50,-1.4450
1240.00,-1.4124
1240.50,-1.3863
1241.00,-1.3666
1241.50,-1.3535
1242.00,-1.3468
1242.50,-1.3464
1243.00,-1.3512
1243.50,-1.3591
1244.00,-1.3671
1244.50,-1.3727
1245.00,-1.3746
1245.50,-1.3724
1246.00,-1.3663
1246.50,-1.3574
1247.00,-1.3482
1247.50,-1.3428
1248.00,-1.3451
1248.50,-1.3553
1249.00,-1.3681
1249.50,-1.3742
1250.00,-1.3655
1250.50,-1.3416
1251.00,-1.3113
1251.50,-1.2877
1252.00,-1.2803
1252.50,-1.2892
1253.00,-1.3060
1253.50,-1.3204
1254.00,-1.3253
1254.50,-1.3199
1255.00,-1.3084
1255.50,-1.2970
1256.00,-1.2905
1256.50,-1.2895
1257.00,-1.2907
1257.50,-1.2897
1258.00,-1.2854
1258.50,-1.2800
1259.00,-1.2778
1259.50,-1.2804
1260.00,-1.2863
1260.50,-1.2923
1261.00,-1.2962
1261.50,-1.2977
1262.00,-1.2973
1262.50,-1.2949
1263.00,-1.2896
1263.50,-1.2811
1264.00,-1.2702
1264.50,-1.2589
1265.00,-1.2495
1265.50,-1.2433
1266.00,-1.2402
1266.50,-1.2386
1267.00,-1.2351
1267.50,-1.2263
1268.00,-1.2099
1268.50,-1.1865
1269.00,-1.1604
1269.50,-1.1376
1270.00,-1.1228
1270.50,-1.1162
1271.00,-1.1138
1271.50,-1.1115
1272.00,-1.1082
1272.50,-1.1070
1273.00,-1.1124
1273.50,-1.1260
1274.00,-1.1432
1274.50,-1.1561
1275.00,-1.1589
1275.50,-1.1527
1276.00,-1.1434
1276.50,-1.1367
1277.00,-1.1341
1277.50,-1.1343
1278.00,-1.1356
1278.50,-1.1362
1279.00,-1.1336
1279.50,-1.1260
1280.00,-1.1160
1280.50,-1.1097
1281.00,-1.1119
1281.50,-1.1214
1282.00,-1.1322
1282.50,-1.1396
1283.00,-1.1434
1283.50,-1.1455
1284.00,-1.1462
1284.50,-1.1434
1285.00,-1.1353
1285.50,-1.1211
1286.00,-1.1024
1286.50,-1.0839
1287.00,-1.0720
1287.50,-1.0719
1288.00,-1.0827
1288.50,-1.0970
1289.00,-1.1071
1289.50,-1.1101
1290.00,-1.1091
1290.50,-1.1096
1291.00,-1.1150
1291.50,-1.1251
1292.00,-1.1367
1292.50,-1.1465
1293.00,-1.1533
1293.50,-1.1582
1294.00,-1.1625
1294.50,-1.1657
1295.00,-1.1660
1295.50,-1.1625
1296.00,-1.1558
1296.50,-1.1487
1297.00,-1.1460
1297.50,-1.1515
1298.00,-1.1666
1298.50,-1.1876
1299.00,-1.2081
1299.50,-1.2224
1300.00,-1.2277
1300.50,-1.2261
1301.00,-1.2237
1301.50,-1.2273
1302.00,-1.2396
1302.50,-1.2558
1303.00,-1.2667
1303.50,-1.2660
1304.00,-1.2555
1304.50,-1.2430
1305.00,-1.2362
1305.50,-1.2380
1306.00,-1.2457
1306.50,-1.2543
1307.00,-1.2605
1307.50,-1.2639
1308.00,-1.2663
1308.50,-1.2693
1309.00,-1.2729
1309.50,-1.2765
1310.00,-1.2802
1310.50,-1.2853
1311.00,-1.2924
1311.50,-1.3006
1312.00,-1.3074
1312.50,-1.3109
1313.00,-1.3111
1313.50,-1.3101
1314.00,-1.3104
1314.50,-1.3122
1315.00,-1.3137
1315.50,-1.3128
1316.00,-1.3092
1316.50,-1.3046
1317.00,-1.3012
1317.50,-1.3007
1318.00,-1.3032
1318.50,-1.3079
1319.00,-1.3137
1319.50,-1.3184
1320.00,-1.3195
1320.50,-1.3159
1321.00,-1.3093
1321.50,-1.3038
1322.00,-1.3018
1322.50,-1.3020
1323.00,-1.3002
1323.50,-1.2938
1324.00,-1.2846
1324.50,-1.2774
1325.00,-1.2770
1325.50,-1.2856
1326.00,-1.3013
1326.50,-1.3198
1327.00,-1.3362
1327.50,-1.3477
1328.00,-1.3550
1328.50,-1.3613
1329.00,-1.3685
1329.50,-1.3763
1330.00,-1.3822
1330.50,-1.3838
1331.00,-1.3802
1331.50,-1.3740
1332.00,-1.3698
1332.50,-1.3716
1333.00,-1.3797
1333.50,-1.3911
1334.00,-1.4020
1334.50,-1.4119
1335.00,-1.4219
1335.50,-1.4328
1336.00,-1.4427
1336.50,-1.4474
1337.00,-1.4439
1337.50,-1.4332
1338.00,-1.4197
1338.50,-1.4095
1339.00,-1.4058
1339.50,-1.4075
1340.00,-1.4109
1340.50,-1.4127
1341.00,-1.4119
1341.50,-1.4099
1342.00,-1.4094
1342.50,-1.4112
1343.00,-1.4140
1343.50,-1.4147
1344.00,-1.4107
1344.50,-1.4013
1345.00,-1.3882
1345.50,-1.3737
1346.00,-1.3604
1346.50,-1.3509
1347.00,-1.3477
1347.50,-1.3517
1348.00,-1.3610
1348.50,-1.3711
1349.00,-1.3781
1349.50,-1.3815
1350.00,-1.3840
1350.50,-1.3882
1351.00,-1.3943
1351.50,-1.4003
1352.00,-1.4040
1352.50,-1.4046
1353.00,-1.4039
1353.50,-1.4041
1354.00,-1.4046
1354.50,-1.4020
1355.00,-1.3935
1355.50,-1.3806
1356.00,-1.3682
1356.50,-1.3598
1357.00,-1.3540
1357.50,-1.3468
1358.00,-1.3360
1358.50,-1.3245
1359.00,-1.3180
1359.50,-1.3210
1360.00,-1.3327
1360.50,-1.3475
1361.00,-1.3592
1361.50,-1.3647
1362.00,-1.3660
1362.50,-1.3673
1363.00,-1.3720
1363.50,-1.3817
1364.00,-1.3963
1364.50,-1.4158
1365.00,-1.4398
1365.50,-1.4669
1366.00,-1.4942
1366.50,-1.5169
1367.00,-1.5300
1367.50,-1.5315
1368.00,-1.5249
1368.50,-1.5171
1369.00,-1.5134
1369.50,-1.5143
1370.00,-1.5171
1370.50,-1.5197
1371.00,-1.5225
1371.50,-1.5263
1372.00,-1.5322
1372.50,-1.5407
1373.00,-1.5513
1373.50,-1.5627
1374.00,-1.5727
1374.50,-1.5796
1375.00,-1.5820
1375.50,-1.5792
1376.00,-1.5725
1376.50,-1.5646
1377.00,-1.5585
1377.50,-1.5548
1378.00,-1.5526
1378.50,-1.5505
1379.00,-1.5486
1379.50,-1.5481
1380.00,-1.5495
1380.50,-1.5517
1381.00,-1.5526
1381.50,-1.5501
1382.00,-1.5439
1382.50,-1.5354
1383.00,-1.5260
1383.50,-1.5165
1384.00,-1.5066
1384.50,-1.4954
1385.00,-1.4824
1385.50,-1.4685
1386.00,-1.4561
1386.50,-1.4481
1387.00,-1.4471
1387.50,-1.4540
1388.00,-1.4671
1388.50,-1.4824
1389.00,-1.4944
1389.50,-1.4981
1390.00,-1.4922
1390.50,-1.4790
1391.00,-1.4635
1391.50,-1.4504
1392.00,-1.4418
1392.50,-1.4369
1393.00,-1.4335
1393.50,-1.4304
1394.00,-1.4277
1394.50,-1.4261
1395.00,-1.4255
1395.50,-1.4238
1396.00,-1.4193
1396.50,-1.4120
1397.00,-1.4042
1397.50,-1.3991
1398.00,-1.3995
1398.50,-1.4063
1399.00,-1.4176
1399.50,-1.4286
1400.00,-1.4341
1400.50,-1.4332
1401.00,-1.4295
1401.50,-1.4289
1402.00,-1.4342
1402.50,-1.4436
1403.00,-1.4530
1403.50,-1.4599
1404.00,-1.4642
1404.50,-1.4668
1405.00,-1.4675
1405.50,-1.4663
1406.00,-1.4650
1406.50,-1.4671
1407.00,-1.4760
1407.50,-1.4927
1408.00,-1.5140
1408.50,-1.5345
1409.00,-1.5489
1409.50,-1.5553
1410.00,-1.5561
1410.50,-1.5561
1411.00,-1.5592
1411.50,-1.5660
1412.00,-1.5742
1412.50,-1.5808
1413.00,-1.5836
1413.50,-1.5832
1414.00,-1.5828
1414.50,-1.5855
1415.00,-1.5924
1415.50,-1.6023
1416.00,-1.6133
1416.50,-1.6253
1417.00,-1.6394
1417.50,-1.6553
1418.00,-1.6707
1418.50,-1.6831
1419.00,-1.6925
1419.50,-1.7019
1420.00,-1.7133
1420.50,-1.7257
1421.00,-1.7362
1421.50,-1.7435
1422.00,-1.7501
1422.50,-1.7589
1423.00,-1.7692
1423.50,-1.7764
1424.00,-1.7772
1424.50,-1.7728
1425.00,-1.7682
1425.50,-1.7668
1426.00,-1.7673
1426.50,-1.7651
1427.00,-1.7575
1427.50,-1.7479
1428.00,-1.7433
1428.50,-1.7490
1429.00,-1.7636
1429.50,-1.7812
1430.00,-1.7960
1430.50,-1.8056
1431.00,-1.8112
1431.50,-1.8153
1432.00,-1.8185
1432.50,-1.8194
1433.00,-1.8153
1433.50,-1.8058
1434.00,-1.7950
1434.50,-1.7906
1435.00,-1.7998
1435.50,-1.8230
1436.00,-1.8521
1436.50,-1.8755
1437.00,-1.8855
1437.50,-1.8829
1438.00,-1.8758
1438.50,-1.8726
1439.00,-1.8770
1439.50,-1.8854
1440.00,-1.8904
1440.50,-1.8871
1441.00,-1.8757
1441.50,-1.8613
1442.00,-1.8496
1442.50,-1.8445
1443.00,-1.8463
1443.50,-1.8535
1444.00,-1.8638
1444.50,-1.8768
1445.00,-1.8926
1445.50,-1.9102
1446.00,-1.9260
1446.50,-1.9358
1447.00,-1.9382
1447.50,-1.9361
1448.00,-1.9348
1448.50,-1.9374
1449.00,-1.9441
1449.50,-1.9528
1450.00,-1.9612
1450.50,-1.9681
1451.00,-1.9731
1451.50,-1.9764
1452.00,-1.9779
1452.50,-1.9773
1453.00,-1.9738
1453.50,-1.9674
1454.00,-1.9596
1454.50,-1.9526
1455.00,-1.9483
1455.50,-1.9477
1456.00,-1.9499
1456.50,-1.9517
1457.00,-1.9477
1457.50,-1.9339
1458.00,-1.9110
1458.50,-1.8845
1459.00,-1.8612
1459.50,-1.8451
1460.00,-1.8357
1460.50,-1.8307
1461.00,-1.8273
1461.50,-1.8238
1462.00,-1.8197
1462.50,-1.8154
1463.00,-1.8109
1463.50,-1.8055
1464.00,-1.7969
1464.50,-1.7829
1465.00,-1.7632
1465.50,-1.7405
1466.00,-1.7193
1466.50,-1.7037
1467.00,-1.6950
1467.50,-1.6904
1468.00,-1.6849
1468.50,-1.6741
1469.00,-1.6576
1469.50,-1.6376
1470.00,-1.6173
1470.50,-1.5989
1471.00,-1.5841
1471.50,-1.5739
1472.00,-1.5676
1472.50,-1.5619
1473.00,-1.5523
1473.50,-1.5368
1474.00,-1.5173
1474.50,-1.4984
1475.00,-1.4829
1475.50,-1.4705
1476.00,-1.4584
1476.50,-1.4432
1477.00,-1.4220
1477.50,-1.3944
1478.00,-1.3628
1478.50,-1.3320
1479.00,-1.3062
1479.50,-1.2870
1480.00,-1.2736
1480.50,-1.2646
1481.00,-1.2578
1481.50,-1.2491
1482.00,-1.2337
1482.50,-1.2097
1483.00,-1.1787
1483.50,-1.1447
1484.00,-1.1100
1484.50,-1.0748
1485.00,-1.0388
1485.50,-1.0029
1486.00,-0.9691
1486.50,-0.9398
1487.00,-0.9183
1487.50,-0.9078
1488.00,-0.9092
1488.50,-0.9191
1489.00,-0.9307
1489.50,-0.9375
1490.00,-0.9366
1490.50,-0.9299
1491.00,-0.9219
1491.50,-0.9164
1492.00,-0.9143
1492.50,-0.9135
1493.00,-0.9098
1493.50,-0.8955
1494.00,-0.8602
1494.50,-0.7926
1495.00,-0.6852
1495.50,-0.5373
1496.00,-0.3549
1496.50,-0.1494
1497.00,0.0656
1497.50,0.2780
1498.00,0.4791
1498.50,0.6637
1499.00,0.8275
1499.50,0.9655
1500.00,1.0726
1500.50,1.1473
1501.00,1.1930
1501.50,1.2170
1502.00,1.2273
1502.50,1.2305
1503.00,1.2315
1503.50,1.2333
1504.00,1.2374
1504.50,1.2445
1505.00,1.2550
1505.50,1.2684
1506.00,1.2819
1506.50,1.2907
1507.00,1.2908
1507.50,1.2820
1508.00,1.2690
1508.50,1.2581
1509.00,1.2529
1509.50,1.2516
1510.00,1.2490
1510.50,1.2406
1511.00,1.2263
1511.50,1.2099
1512.00,1.1957
1512.50,1.1860
1513.00,1.1795
1513.50,1.1735
1514.00,1.1658
1514.50,1.1567
1515.00,1.1483
1515.50,1.1416
1516.00,1.1347
1516.50,1.1240
1517.00,1.1078
1517.50,1.0873
1518.00,1.0665
1518.50,1.0503
1519.00,1.0418
1519.50,1.0411
1520.00,1.0450
1520.50,1.0496
1521.00,1.0525
1521.50,1.0542
1522.00,1.0570
1522.50,1.0635
1523.00,1.0745
1523.50,1.0893
1524.00,1.1062
1524.50,1.1233
1525.00,1.1387
1525.50,1.1512
1526.00,1.1600
1526.50,1.1647
1527.00,1.1652
1527.50,1.1615
1528.00,1.1550
1528.50,1.1487
1529.00,1.1453
1529.50,1.1458
1530.00,1.1493
1530.50,1.1552
1531.00,1.1640
1531.50,1.1770
1532.00,1.1938
1532.50,1.2126
1533.00,1.2302
1533.50,1.2434
1534.00,1.2498
1534.50,1.2474
1535.00,1.2365
1535.50,1.2197
1536.00,1.2015
1536.50,1.1855
1537.00,1.1728
1537.50,1.1627
1538.00,1.1536
1538.50,1.1438
1539.00,1.1320
1539.50,1.1178
1540.00,1.1013
1540.50,1.0836
1541.00,1.0665
1541.50,1.0519
1542.00,1.0418
1542.50,1.0365
1543.00,1.0341
1543.50,1.0302
1544.00,1.0208
1544.50,1.0045
1545.00,0.9846
1545.50,0.9668
1546.00,0.9556
1546.50,0.9518
1547.00,0.9530
1547.50,0.9561
1548.00,0.9596
1548.50,0.9638
1549.00,0.9691
1549.50,0.9747
1550.00,0.9782
1550.50,0.9772
1551.00,0.9703
1551.50,0.9587
1552.00,0.9455
1552.50,0.9345
1553.00,0.9288
1553.50,0.9294
1554.00,0.9348
1554.50,0.9425
1555.00,0.9503
1555.50,0.9577
1556.00,0.9642
1556.50,0.9689
1557.00,0.9704
1557.50,0.9685
1558.00,0.9653
1558.50,0.9641
1559.00,0.9675
1559.50,0.9758
1560.00,0.9846
1560.50,0.9874
1561.00,0.9791
1561.50,0.9605
1562.00,0.9373
1562.50,0.9161
1563.00,0.9012
1563.50,0.8940
1564.00,0.8934
1564.50,0.8976
1565.00,0.9033
1565.50,0.9078
1566.00,0.9085
1566.50,0.9044
1567.00,0.8953
1567.50,0.8820
1568.00,0.8653
1568.50,0.8467
1569.00,0.8284
1569.50,0.8138
1570.00,0.8058
1570.50,0.8048
1571.00,0.8078
1571.50,0.8106
1572.00,0.8105
1572.50,0.8074
1573.00,0.8022
1573.50,0.7956
1574.00,0.7877
1574.50,0.7794
1575.00,0.7725
1575.50,0.7693
1576.00,0.7705
1576.50,0.7749
1577.00,0.7796
1577.50,0.7820
1578.00,0.7812
1578.50,0.7782
1579.00,0.7747
1579.50,0.7724
1580.00,0.7722
1580.50,0.7731
1581.00,0.7725
1581.50,0.7672
1582.00,0.7559
1582.50,0.7389
1583.00,0.7180
1583.50,0.6947
1584.00,0.6707
1584.50,0.6480
1585.00,0.6294
1585.50,0.6166
1586.00,0.6104
1586.50,0.6102
1587.00,0.6146
1587.50,0.6222
1588.00,0.6316
1588.50,0.6412
1589.00,0.6483
1589.50,0.6503
1590.00,0.6465
1590.50,0.6399
1591.00,0.6350
1591.50,0.6342
1592.00,0.6370
1592.50,0.6408
1593.00,0.6430
1593.50,0.6422
1594.00,0.6396
1594.50,0.6380
1595.00,0.6390
1595.50,0.6409
1596.00,0.6398
1596.50,0.6336
1597.00,0.6240
1597.50,0.6151
1598.00,0.6096
1598.50,0.6072
1599.00,0.6058
1599.50,0.6042
1600.00,0.6032
1600.50,0.6038
1601.00,0.6053
1601.50,0.6053
1602.00,0.6015
1602.50,0.5939
1603.00,0.5836
1603.50,0.5714
1604.00,0.5567
1604.50,0.5377
1605.00,0.5148
1605.50,0.4906
1606.00,0.4694
1606.50,0.4540
1607.00,0.4448
1607.50,0.4414
1608.00,0.4446
1608.50,0.4560
1609.00,0.4745
1609.50,0.4938
1610.00,0.5043
1610.50,0.5002
1611.00,0.4821
1611.50,0.4551
1612.00,0.4244
1612.50,0.3935
1613.00,0.3653
1613.50,0.3426
1614.00,0.3267
1614.50,0.3166
1615.00,0.3091
1615.50,0.3014
1616.00,0.2921
1616.50,0.2813
1617.00,0.2703
1617.50,0.2597
1618.00,0.2494
1618.50,0.2386
1619.00,0.2265
1619.50,0.2138
1620.00,0.2033
1620.50,0.1985
1621.00,0.2004
1621.50,0.2067
1622.00,0.2139
1622.50,0.2194
1623.00,0.2231
1623.50,0.2256
1624.00,0.2266
1624.50,0.2249
1625.00,0.2200
1625.50,0.2146
1626.00,0.2130
1626.50,0.2178
1627.00,0.2272
1627.50,0.2355
1628.00,0.2364
1628.50,0.2261
1629.00,0.2053
1629.50,0.1797
1630.00,0.1579
1630.50,0.1472
1631.00,0.1503
1631.50,0.1638
1632.00,0.1806
1632.50,0.1932
1633.00,0.1955
1633.50,0.1854
1634.00,0.1659
1634.50,0.1439
1635.00,0.1261
1635.50,0.1148
1636.00,0.1074
1636.50,0.1012
1637.00,0.0970
1637.50,0.0977
1638.00,0.1037
1638.50,0.1103
1639.00,0.1113
1639.50,0.1030
1640.00,0.0870
1640.50,0.0678
1641.00,0.0505
1641.50,0.0381
1642.00,0.0322
1642.50,0.0328
1643.00,0.0371
1643.50,0.0398
1644.00,0.0361
1644.50,0.0254
1645.00,0.0126
1645.50,0.0038
1646.00,0.0028
1646.50,0.0089
1647.00,0.0184
1647.50,0.0276
1648.00,0.0343
1648.50,0.0390
1649.00,0.0440
1649.50,0.0514
1650.00,0.0608
1650.50,0.0686
1651.00,0.0704
1651.50,0.0646
1652.00,0.0540
1652.50,0.0446
1653.00,0.0419
1653.50,0.0476
1654.00,0.0583
1654.50,0.0689
1655.00,0.0758
1655.50,0.0789
1656.00,0.0799
1656.50,0.0812
1657.00,0.0840
1657.50,0.0884
1658.00,0.0943
1658.50,0.1021
1659.00,0.1130
1659.50,0.1277
1660.00,0.1458
1660.50,0.1668
1661.00,0.1906
1661.50,0.2167
1662.00,0.2427
1662.50,0.2644
1663.00,0.2784
1663.50,0.2853
1664.00,0.2888
1664.50,0.2917
1665.00,0.2937
1665.50,0.2925
1666.00,0.2896
1666.50,0.2906
1667.00,0.3015
1667.50,0.3236
1668.00,0.3524
1668.50,0.3809
1669.00,0.4032
1669.50,0.4164
1670.00,0.4208
1670.50,0.4193
1671.00,0.4168
1671.50,0.4177
1672.00,0.4248
1672.50,0.4381
1673.00,0.4559
1673.50,0.4747
1674.00,0.4910
1674.50,0.5026
1675.00,0.5093
1675.50,0.5127
1676.00,0.5152
1676.50,0.5174
1677.00,0.5193
1677.50,0.5201
1678.00,0.5203
1678.50,0.5208
1679.00,0.5216
1679.50,0.5216
1680.00,0.5194
1680.50,0.5146
1681.00,0.5075
1681.50,0.4981
1682.00,0.4861
1682.50,0.4715
1683.00,0.4546
1683.50,0.4361
1684.00,0.4166
1684.50,0.3965
1685.00,0.3764
1685.50,0.3577
1686.00,0.3423
1686.50,0.3314
1687.00,0.3244
1687.50,0.3190
1688.00,0.3121
1688.50,0.3016
1689.00,0.2868
1689.50,0.2691
1690.00,0.2510
1690.50,0.2356
1691.00,0.2256
1691.50,0.2225
1692.00,0.2247
1692.50,0.2268
1693.00,0.2209
1693.50,0.2013
1694.00,0.1691
1694.50,0.1323
1695.00,0.1013
1695.50,0.0824
1696.00,0.0747
1696.50,0.0727
1697.00,0.0706
1697.50,0.0659
1698.00,0.0597
1698.50,0.0547
1699.00,0.0535
1699.50,0.0575
1700.00,0.0663
1700.50,0.0778
1701.00,0.0880
1701.50,0.0919
1702.00,0.0865
1702.50,0.0735
1703.00,0.0592
1703.50,0.0510
1704.00,0.0525
1704.50,0.0616
1705.00,0.0725
1705.50,0.0788
1706.00,0.0756
1706.50,0.0621
1707.00,0.0407
1707.50,0.0179
1708.00,0.0001
1708.50,-0.0090
1709.00,-0.0114
1709.50,-0.0131
1710.00,-0.0207
1710.50,-0.0375
1711.00,-0.0623
1711.50,-0.0895
1712.00,-0.1116
1712.50,-0.1230
1713.00,-0.1228
1713.50,-0.1148
1714.00,-0.1047
1714.50,-0.0972
1715.00,-0.0942
1715.50,-0.0957
1716.00,-0.1016
1716.50,-0.1123
1717.00,-0.1287
1717.50,-0.1501
1718.00,-0.1744
1718.50,-0.1995
1719.00,-0.2228
1719.50,-0.2406
1720.00,-0.2485
1720.50,-0.2436
1721.00,-0.2283
1721.50,-0.2092
1722.00,-0.1939
1722.50,-0.1864
1723.00,-0.1861
1723.50,-0.1900
1724.00,-0.1961
1724.50,-0.2042
1725.00,-0.2148
1725.50,-0.2274
1726.00,-0.2404
1726.50,-0.2513
1727.00,-0.2567
1727.50,-0.2540
1728.00,-0.2442
1728.50,-0.2319
1729.00,-0.2231
1729.50,-0.2218
1730.00,-0.2285
1730.50,-0.2421
1731.00,-0.2617
1731.50,-0.2875
1732.00,-0.3191
1732.50,-0.3549
1733.00,-0.3916
1733.50,-0.4253
1734.00,-0.4525
1734.50,-0.4721
1735.00,-0.4857
1735.50,-0.4967
1736.00,-0.5084
1736.50,-0.5225
1737.00,-0.5396
1737.50,-0.5602
1738.00,-0.5844
1738.50,-0.6117
1739.00,-0.6406
1739.50,-0.6688
1740.00,-0.6946
1740.50,-0.7169
1741.00,-0.7359
1741.50,-0.7523
1742.00,-0.7664
1742.50,-0.7791
1743.00,-0.7923
1743.50,-0.8075
1744.00,-0.8249
1744.50,-0.8420
1745.00,-0.8557
1745.50,-0.8650
1746.00,-0.8727
1746.50,-0.8831
1747.00,-0.8982
1747.50,-0.9152
1748.00,-0.9280
1748.50,-0.9318
1749.00,-0.9270
1749.50,-0.9187
1750.00,-0.9120
1750.50,-0.9090
1751.00,-0.9087
1751.50,-0.9082
1752.00,-0.9053
1752.50,-0.8994
1753.00,-0.8924
1753.50,-0.8881
1754.00,-0.8896
1754.50,-0.8962
1755.00,-0.9041
1755.50,-0.9093
1756.00,-0.9100
1756.50,-0.9064
1757.00,-0.8998
1757.50,-0.8927
1758.00,-0.8880
1758.50,-0.8873
1759.00,-0.8907
1759.50,-0.8962
1760.00,-0.9019
1760.50,-0.9059
1761.00,-0.9076
1761.50,-0.9070
1762.00,-0.9051
1762.50,-0.9033
1763.00,-0.9036
1763.50,-0.9077
1764.00,-0.9165
1764.50,-0.9289
1765.00,-0.9430
1765.50,-0.9567
1766.00,-0.9677
1766.50,-0.9737
1767.00,-0.9737
1767.50,-0.9686
1768.00,-0.9611
1768.50,-0.9536
1769.00,-0.9459
1769.50,-0.9362
1770.00,-0.9230
1770.50,-0.9076
1771.00,-0.8932
1771.50,-0.8831
1772.00,-0.8786
1772.50,-0.8804
1773.00,-0.8881
1773.50,-0.8995
1774.00,-0.9109
1774.50,-0.9176
1775.00,-0.9166
1775.50,-0.9082
1776.00,-0.8959
1776.50,-0.8843
1777.00,-0.8767
1777.50,-0.8724
1778.00,-0.8680
1778.50,-0.8603
1779.00,-0.8480
1779.50,-0.8326
1780.00,-0.8168
1780.50,-0.8029
1781.00,-0.7916
1781.50,-0.7820
1782.00,-0.7716
1782.50,-0.7598
1783.00,-0.7488
1783.50,-0.7417
1784.00,-0.7402
1784.50,-0.7420
1785.00,-0.7419
1785.50,-0.7342
1786.00,-0.7159
1786.50,-0.6887
1787.00,-0.6587
1787.50,-0.6338
1788.00,-0.6196
1788.50,-0.6154
1789.00,-0.6161
1789.50,-0.6152
1790.00,-0.6093
1790.50,-0.5996
1791.00,-0.5902
1791.50,-0.5853
1792.00,-0.5866
1792.50,-0.5919
1793.00,-0.5969
1793.50,-0.5984
1794.00,-0.5971
1794.50,-0.5959
1795.00,-0.5965
1795.50,-0.5969
1796.00,-0.5935
1796.50,-0.5859
1797.00,-0.5774
1797.50,-0.5734
1798.00,-0.5765
1798.50,-0.5850
1799.00,-0.5940
1799.50,-0.5999
1800.00,-0.6031
1800.50,-0.6070
1801.00,-0.6140
1801.50,-0.6240
1802.00,-0.6357
1802.50,-0.6506
1803.00,-0.6730
1803.50,-0.7058
1804.00,-0.7463
1804.50,-0.7860
1805.00,-0.8157
1805.50,-0.8317
1806.00,-0.8384
1806.50,-0.8441
1807.00,-0.8563
1807.50,-0.8767
1808.00,-0.9024
1808.50,-0.9280
1809.00,-0.9486
1809.50,-0.9622
1810.00,-0.9711
1810.50,-0.9811
1811.00,-0.9978
1811.50,-1.0231
1812.00,-1.0537
1812.50,-1.0833
1813.00,-1.1070
1813.50,-1.1234
1814.00,-1.1357
1814.50,-1.1487
1815.00,-1.1664
1815.50,-1.1904
1816.00,-1.2201
1816.50,-1.2542
1817.00,-1.2903
1817.50,-1.3249
1818.00,-1.3547
1818.50,-1.3770
1819.00,-1.3918
1819.50,-1.4037
1820.00,-1.4200
1820.50,-1.4468
1821.00,-1.4840
1821.50,-1.5245
1822.00,-1.5585
1822.50,-1.5808
1823.00,-1.5932
1823.50,-1.6024
1824.00,-1.6148
1824.50,-1.6320
1825.00,-1.6522
1825.50,-1.6731
1826.00,-1.6943
1826.50,-1.7163
1827.00,-1.7397
1827.50,-1.7633
1828.00,-1.7836
1828.50,-1.7964
1829.00,-1.7995
1829.50,-1.7960
1830.00,-1.7938
1830.50,-1.8007
1831.00,-1.8189
1831.50,-1.8438
1832.00,-1.8670
1832.50,-1.8818
1833.00,-1.8869
1833.50,-1.8860
1834.00,-1.8862
1834.50,-1.8923
1835.00,-1.9041
1835.50,-1.9164
1836.00,-1.9239
1836.50,-1.9250
1837.00,-1.9220
1837.50,-1.9188
1838.00,-1.9174
1838.50,-1.9176
1839.00,-1.9176
1839.50,-1.9167
1840.00,-1.9155
1840.50,-1.9152
1841.00,-1.9155
1841.50,-1.9146
1842.00,-1.9107
1842.50,-1.9026
1843.00,-1.8908
1843.50,-1.8770
1844.00,-1.8636
1844.50,-1.8533
1845.00,-1.8478
1845.50,-1.8466
1846.00,-1.8467
1846.50,-1.8451
1847.00,-1.8397
1847.50,-1.8302
1848.00,-1.8177
1848.50,-1.8040
1849.00,-1.7910
1849.50,-1.7799
1850.00,-1.7712
1850.50,-1.7638
1851.00,-1.7558
1851.50,-1.7459
1852.00,-1.7345
1852.50,-1.7236
1853.00,-1.7156
1853.50,-1.7113
1854.00,-1.7099
1854.50,-1.7097
1855.00,-1.7080
1855.50,-1.7023
1856.00,-1.6921
1856.50,-1.6797
1857.00,-1.6680
1857.50,-1.6583
1858.00,-1.6497
1858.50,-1.6406
1859.00,-1.6297
1859.50,-1.6181
1860.00,-1.6077
1860.50,-1.6008
1861.00,-1.5976
1861.50,-1.5969
1862.00,-1.5961
1862.50,-1.5927
1863.00,-1.5846
1863.50,-1.5714
1864.00,-1.5551
1864.50,-1.5386
1865.00,-1.5239
1865.50,-1.5108
1866.00,-1.4972
1866.50,-1.4811
1867.00,-1.4611
1867.50,-1.4373
1868.00,-1.4112
1868.50,-1.3851
1869.00,-1.3617
1869.50,-1.3429
1870.00,-1.3289
1870.50,-1.3174
1871.00,-1.3048
1871.50,-1.2877
1872.00,-1.2642
1872.50,-1.2339
1873.00,-1.1971
1873.50,-1.1538
1874.00,-1.1045
1874.50,-1.0511
1875.00,-0.9963
1875.50,-0.9423
1876.00,-0.8897
1876.50,-0.8386
1877.00,-0.7899
1877.50,-0.7461
1878.00,-0.7095
1878.50,-0.6804
1879.00,-0.6566
1879.50,-0.6348
1880.00,-0.6120
1880.50,-0.5864
1881.00,-0.5566
1881.50,-0.5220
1882.00,-0.4842
1882.50,-0.4463
1883.00,-0.4130
1883.50,-0.3877
1884.00,-0.3712
1884.50,-0.3604
1885.00,-0.3499
1885.50,-0.3355
1886.00,-0.3167
1886.50,-0.2963
1887.00,-0.2768
1887.50,-0.2587
1888.00,-0.2407
1888.50,-0.2209
1889.00,-0.1988
1889.50,-0.1756
1890.00,-0.1540
1890.50,-0.1365
1891.00,-0.1238
1891.50,-0.1142
1892.00,-0.1055
1892.50,-0.0963
1893.00,-0.0872
1893.50,-0.0792
1894.00,-0.0718
1894.50,-0.0641
1895.00,-0.0564
1895.50,-0.0504
1896.00,-0.0470
1896.50,-0.0442
1897.00,-0.0381
1897.50,-0.0261
1898.00,-0.0093
1898.50,0.0075
1899.00,0.0194
1899.50,0.0244
1900.00,0.0251
1900.50,0.0249
1901.00,0.0249
1901.50,0.0243
1902.00,0.0234
1902.50,0.0249
1903.00,0.0324
1903.50,0.0479
1904.00,0.0696
1904.50,0.0921
1905.00,0.1079
1905.50,0.1114
1906.00,0.1033
1906.50,0.0909
1907.00,0.0836
1907.50,0.0871
1908.00,0.1007
1908.50,0.1197
1909.00,0.1398
1909.50,0.1585
1910.00,0.1737
1910.50,0.1829
1911.00,0.1843
1911.50,0.1792
1912.00,0.1720
1912.50,0.1686
1913.00,0.1740
1913.50,0.1902
1914.00,0.2149
1914.50,0.2427
1915.00,0.2673
1915.50,0.2848
1916.00,0.2941
1916.50,0.2976
1917.00,0.2996
1917.50,0.3054
1918.00,0.3192
1918.50,0.3416
1919.00,0.3691
1919.50,0.3955
1920.00,0.4148
1920.50,0.4241
1921.00,0.4246
1921.50,0.4210
1922.00,0.4195
1922.50,0.4254
1923.00,0.4401
1923.50,0.4610
1924.00,0.4828
1924.50,0.5004
1925.00,0.5112
1925.50,0.5157
1926.00,0.5163
1926.50,0.5161
1927.00,0.5187
1927.50,0.5265
1928.00,0.5405
1928.50,0.5586
1929.00,0.5769
1929.50,0.5915
1930.00,0.6013
1930.50,0.6090
1931.00,0.6207
1931.50,0.6412
1932.00,0.6715
1932.50,0.7069
1933.00,0.7399
1933.50,0.7640
1934.00,0.7785
1934.50,0.7874
1935.00,0.7964
1935.50,0.8092
1936.00,0.8272
1936.50,0.8511
1937.00,0.8815
1937.50,0.9188
1938.00,0.9616
1938.50,1.0068
1939.00,1.0519
1939.50,1.0954
1940.00,1.1374
1940.50,1.1775
1941.00,1.2149
1941.50,1.2495
1942.00,1.2835
1942.50,1.3215
1943.00,1.3675
1943.50,1.4232
1944.00,1.4872
1944.50,1.5564
1945.00,1.6286
1945.50,1.7035
1946.00,1.7830
1946.50,1.8696
1947.00,1.9645
1947.50,2.0680
1948.00,2.1799
1948.50,2.3003
1949.00,2.4287
1949.50,2.5618
1950.00,2.6945
1950.50,2.8234
1951.00,2.9507
1951.50,3.0827
1952.00,3.2246
1952.50,3.3761
1953.00,3.5325
1953.50,3.6897
1954.00,3.8470
1954.50,4.0067
1955.00,4.1732
1955.50,4.3506
1956.00,4.5417
1956.50,4.7457
1957.00,4.9589
1957.50,5.1773
1958.00,5.4000
1958.50,5.6282
1959.00,5.8622
1959.50,6.0991
1960.00,6.3350
1960.50,6.5680
1961.00,6.8000
1961.50,7.0351
1962.00,7.2781
1962.50,7.5317
1963.00,7.7964
1963.50,8.0700
1964.00,8.3484
1964.50,8.6287
1965.00,8.9100
1965.50,9.1935
1966.00,9.4803
1966.50,9.7705
1967.00,10.0645
1967.50,10.3637
1968.00,10.6690
1968.50,10.9785
1969.00,11.2871
1969.50,11.5908
1970.00,11.8893
1970.50,12.1873
1971.00,12.4903
1971.50,12.8017
1972.00,13.1207
1972.50,13.4431
1973.00,13.7639
1973.50,14.0817
1974.00,14.3993
1974.50,14.7221
1975.00,15.0541
1975.50,15.3952
1976.00,15.7410
1976.50,16.0859
1977.00,16.4254
1977.50,16.7565
1978.00,17.0764
1978.50,17.3818
1979.00,17.6693
1979.50,17.9365
1980.00,18.1829
1980.50,18.4097
1981.00,18.6187
1981.50,18.8095
1982.00,18.9783
1982.50,19.1182
1983.00,19.2221
1983.50,19.2842
1984.00,19.3014
1984.50,19.2731
1985.00,19.1986
1985.50,19.0748
1986.00,18.8950
1986.50,18.6521
1987.00,18.3405
1987.50,17.9572
1988.00,17.5008
1988.50,16.9700
1989.00,16.3648
1989.50,15.6868
1990.00,14.9403
1990.50,14.1321
1991.00,13.2707
1991.50,12.3663
1992.00,11.4302
1992.50,10.4755
1993.00,9.5167
1993.50,8.5684
1994.00,7.6440
1994.50,6.7545
1995.00,5.9089
1995.50,5.1144
1996.00,4.3753
1996.50,3.6935
1997.00,3.0685
1997.50,2.4995
1998.00,1.9863
1998.50,1.5307
1999.00,1.1342
1999.50,0.7956
2000.00,0.5095
2000.50,0.2682
2001.00,0.0651
2001.50,-0.1031
2002.00,-0.2364
2002.50,-0.3346
2003.00,-0.4003
2003.50,-0.4407
2004.00,-0.4649
2004.50,-0.4797
2005.00,-0.4871
2005.50,-0.4852
2006.00,-0.4707
2006.50,-0.4421
2007.00,-0.4023
2007.50,-0.3581
2008.00,-0.3166
2008.50,-0.2817
2009.00,-0.2523
2009.50,-0.2235
2010.00,-0.1908
2010.50,-0.1527
2011.00,-0.1101
2011.50,-0.0649
2012.00,-0.0192
2012.50,0.0246
2013.00,0.0620
2013.50,0.0888
2014.00,0.1038
2014.50,0.1095
2015.00,0.1114
2015.50,0.1147
2016.00,0.1211
2016.50,0.1277
2017.00,0.1294
2017.50,0.1235
2018.00,0.1115
2018.50,0.0981
2019.00,0.0882
2019.50,0.0857
2020.00,0.0926
2020.50,0.1081
2021.00,0.1277
2021.50,0.1436
2022.00,0.1494
2022.50,0.1438
2023.00,0.1310
2023.50,0.1166
2024.00,0.1032
2024.50,0.0888
2025.00,0.0717
2025.50,0.0526
2026.00,0.0346
2026.50,0.0192
2027.00,0.0047
2027.50,-0.0114
2028.00,-0.0308
2028.50,-0.0522
2029.00,-0.0728
2029.50,-0.0891
2030.00,-0.0998
2030.50,-0.1065
2031.00,-0.1134
2031.50,-0.1249
2032.00,-0.1427
2032.50,-0.1654
2033.00,-0.1895
2033.50,-0.2129
2034.00,-0.2364
2034.50,-0.2628
2035.00,-0.2940
2035.50,-0.3284
2036.00,-0.3619
2036.50,-0.3894
2037.00,-0.4075
2037.50,-0.4154
2038.00,-0.4163
2038.50,-0.4157
2039.00,-0.4192
2039.50,-0.4296
2040.00,-0.4479
2040.50,-0.4729
2041.00,-0.5018
2041.50,-0.5301
2042.00,-0.5528
2042.50,-0.5682
2043.00,-0.5787
2043.50,-0.5894
2044.00,-0.6053
2044.50,-0.6286
2045.00,-0.6582
2045.50,-0.6899
2046.00,-0.7194
2046.50,-0.7460
2047.00,-0.7711
2047.50,-0.7965
2048.00,-0.8222
2048.50,-0.8476
2049.00,-0.8715
2049.50,-0.8914
2050.00,-0.9040
2050.50,-0.9081
2051.00,-0.9071
2051.50,-0.9088
2052.00,-0.9206
2052.50,-0.9440
2053.00,-0.9730
2053.50,-0.9986
2054.00,-1.0140
2054.50,-1.0176
2055.00,-1.0115
2055.50,-0.9993
2056.00,-0.9850
2056.50,-0.9725
2057.00,-0.9639
2057.50,-0.9584
2058.00,-0.9539
2058.50,-0.9496
2059.00,-0.9474
2059.50,-0.9479
2060.00,-0.9483
2060.50,-0.9443
2061.00,-0.9339
2061.50,-0.9200
2062.00,-0.9079
2062.50,-0.9016
2063.00,-0.9020
2063.50,-0.9071
2064.00,-0.9140
2064.50,-0.9207
2065.00,-0.9265
2065.50,-0.9309
2066.00,-0.9337
2066.50,-0.9350
2067.00,-0.9367
2067.50,-0.9418
2068.00,-0.9520
2068.50,-0.9665
2069.00,-0.9827
2069.50,-0.9985
2070.00,-1.0124
2070.50,-1.0239
2071.00,-1.0342
2071.50,-1.0457
2072.00,-1.0608
2072.50,-1.0794
2073.00,-1.0987
2073.50,-1.1169
2074.00,-1.1349
2074.50,-1.1549
2075.00,-1.1774
2075.50,-1.2001
2076.00,-1.2210
2076.50,-1.2410
2077.00,-1.2639
2077.50,-1.2935
2078.00,-1.3303
2078.50,-1.3707
2079.00,-1.4086
2079.50,-1.4384
2080.00,-1.4574
2080.50,-1.4678
2081.00,-1.4767
2081.50,-1.4915
2082.00,-1.5162
2082.50,-1.5492
2083.00,-1.5848
2083.50,-1.6176
2084.00,-1.6453
2084.50,-1.6693
2085.00,-1.6919
2085.50,-1.7128
2086.00,-1.7287
2086.50,-1.7371
2087.00,-1.7389
2087.50,-1.7384
2088.00,-1.7410
2088.50,-1.7504
2089.00,-1.7676
2089.50,-1.7895
2090.00,-1.8106
2090.50,-1.8260
2091.00,-1.8340
2091.50,-1.8367
2092.00,-1.8374
2092.50,-1.8381
2093.00,-1.8386
2093.50,-1.8373
2094.00,-1.8326
2094.50,-1.8234
2095.00,-1.8096
2095.50,-1.7925
2096.00,-1.7748
2096.50,-1.7591
2097.00,-1.7469
2097.50,-1.7380
2098.00,-1.7311
2098.50,-1.7247
2099.00,-1.7175
2099.50,-1.7082
2100.00,-1.6956
2100.50,-1.6794
2101.00,-1.6608
2101.50,-1.6422
2102.00,-1.6260
2102.50,-1.6122
2103.00,-1.5988
2103.50,-1.5838
2104.00,-1.5676
2104.50,-1.5536
2105.00,-1.5452
2105.50,-1.5427
2106.00,-1.5433
2106.50,-1.5425
2107.00,-1.5375
2107.50,-1.5288
2108.00,-1.5193
2108.50,-1.5108
2109.00,-1.5032
2109.50,-1.4954
2110.00,-1.4887
2110.50,-1.4866
2111.00,-1.4915
2111.50,-1.5020
2112.00,-1.5142
2112.50,-1.5243
2113.00,-1.5322
2113.50,-1.5397
2114.00,-1.5488
2114.50,-1.5596
2115.00,-1.5695
2115.50,-1.5751
2116.00,-1.5743
2116.50,-1.5684
2117.00,-1.5617
2117.50,-1.5593
2118.00,-1.5645
2118.50,-1.5777
2119.00,-1.5969
2119.50,-1.6181
2120.00,-1.6367
2120.50,-1.6505
2121.00,-1.6602
2121.50,-1.6697
2122.00,-1.6835
2122.50,-1.7027
2123.00,-1.7252
2123.50,-1.7481
2124.00,-1.7709
2124.50,-1.7950
2125.00,-1.8220
2125.50,-1.8503
2126.00,-1.8758
2126.50,-1.8939
2127.00,-1.9030
2127.50,-1.9062
2128.00,-1.9087
2128.50,-1.9131
2129.00,-1.9174
2129.50,-1.9168
2130.00,-1.9082
2130.50,-1.8929
2131.00,-1.8746
2131.50,-1.8565
2132.00,-1.8387
2132.50,-1.8208
2133.00,-1.8032
2133.50,-1.7884
2134.00,-1.7798
2134.50,-1.7784
2135.00,-1.7824
2135.50,-1.7870
2136.00,-1.7873
2136.50,-1.7800
2137.00,-1.7651
2137.50,-1.7437
2138.00,-1.7170
2138.50,-1.6867
2139.00,-1.6559
2139.50,-1.6301
2140.00,-1.6140
2140.50,-1.6069
2141.00,-1.6020
2141.50,-1.5908
2142.00,-1.5696
2142.50,-1.5432
2143.00,-1.5198
2143.50,-1.5055
2144.00,-1.4995
2144.50,-1.4960
2145.00,-1.4887
2145.50,-1.4745
2146.00,-1.4544
2146.50,-1.4324
2147.00,-1.4131
2147.50,-1.3989
2148.00,-1.3895
2148.50,-1.3833
2149.00,-1.3787
2149.50,-1.3746
2150.00,-1.3708
2150.50,-1.3686
2151.00,-1.3701
2151.50,-1.3770
2152.00,-1.3891
2152.50,-1.4034
2153.00,-1.4157
2153.50,-1.4216
2154.00,-1.4197
2154.50,-1.4127
2155.00,-1.4052
2155.50,-1.4015
2156.00,-1.4024
2156.50,-1.4059
2157.00,-1.4095
2157.50,-1.4127
2158.00,-1.4173
2158.50,-1.4260
2159.00,-1.4407
2159.50,-1.4614
2160.00,-1.4856
2160.50,-1.5083
2161.00,-1.5236
2161.50,-1.5281
2162.00,-1.5239
2162.50,-1.5176
2163.00,-1.5160
2163.50,-1.5218
2164.00,-1.5320
2164.50,-1.5408
2165.00,-1.5426
2165.50,-1.5351
2166.00,-1.5193
2166.50,-1.4994
2167.00,-1.4801
2167.50,-1.4650
2168.00,-1.4561
2168.50,-1.4525
2169.00,-1.4502
2169.50,-1.4433
2170.00,-1.4273
2170.50,-1.4027
2171.00,-1.3742
2171.50,-1.3479
2172.00,-1.3277
2172.50,-1.3141
2173.00,-1.3045
2173.50,-1.2951
2174.00,-1.2830
2174.50,-1.2679
2175.00,-1.2517
2175.50,-1.2358
2176.00,-1.2198
2176.50,-1.2019
2177.00,-1.1811
2177.50,-1.1589
2178.00,-1.1374
2178.50,-1.1181
2179.00,-1.1019
2179.50,-1.0887
2180.00,-1.0775
2180.50,-1.0655
2181.00,-1.0509
2181.50,-1.0355
2182.00,-1.0229
2182.50,-1.0164
2183.00,-1.0150
2183.50,-1.0148
2184.00,-1.0117
2184.50,-1.0046
2185.00,-0.9950
2185.50,-0.9846
2186.00,-0.9741
2186.50,-0.9632
2187.00,-0.9534
2187.50,-0.9478
2188.00,-0.9494
2188.50,-0.9579
2189.00,-0.9702
2189.50,-0.9826
2190.00,-0.9938
2190.50,-1.0044
2191.00,-1.0148
2191.50,-1.0251
2192.00,-1.0342
2192.50,-1.0402
2193.00,-1.0397
2193.50,-1.0296
2194.00,-1.0101
2194.50,-0.9866
2195.00,-0.9673
2195.50,-0.9581
2196.00,-0.9597
2196.50,-0.9686
2197.00,-0.9802
2197.50,-0.9913
2198.00,-1.0003
2198.50,-1.0060
2199.00,-1.0082
2199.50,-1.0076
2200.00,-1.0040
2200.50,-0.9973
2201.00,-0.9875
2201.50,-0.9774
2202.00,-0.9717
2202.50,-0.9744
2203.00,-0.9867
2203.50,-1.0059
2204.00,-1.0263
2204.50,-1.0425
2205.00,-1.0517
2205.50,-1.0537
2206.00,-1.0502
2206.50,-1.0433
2207.00,-1.0352
2207.50,-1.0268
2208.00,-1.0166
2208.50,-1.0015
2209.00,-0.9786
2209.50,-0.9489
2210.00,-0.9173
2210.50,-0.8895
2211.00,-0.8688
2211.50,-0.8548
2212.00,-0.8451
2212.50,-0.8376
2213.00,-0.8317
2213.50,-0.8275
2214.00,-0.8246
2214.50,-0.8215
2215.00,-0.8150
2215.50,-0.8017
2216.00,-0.7807
2216.50,-0.7550
2217.00,-0.7291
2217.50,-0.7060
2218.00,-0.6853
2218.50,-0.6645
2219.00,-0.6418
2219.50,-0.6171
2220.00,-0.5916
2220.50,-0.5669
2221.00,-0.5446
2221.50,-0.5260
2222.00,-0.5116
2222.50,-0.5012
2223.00,-0.4956
2223.50,-0.4953
2224.00,-0.4986
2224.50,-0.5011
2225.00,-0.4981
2225.50,-0.4877
2226.00,-0.4717
2226.50,-0.4532
2227.00,-0.4341
2227.50,-0.4149
2228.00,-0.3958
2228.50,-0.3777
2229.00,-0.3608
2229.50,-0.3443
2230.00,-0.3273
2230.50,-0.3096
2231.00,-0.2917
2231.50,-0.2754
2232.00,-0.2634
2232.50,-0.2583
2233.00,-0.2605
2233.50,-0.2668
2234.00,-0.2719
2234.50,-0.2720
2235.00,-0.2670
2235.50,-0.2596
2236.00,-0.2532
2236.50,-0.2499
2237.00,-0.2497
2237.50,-0.2516
2238.00,-0.2542
2238.50,-0.2552
2239.00,-0.2517
2239.50,-0.2431
2240.00,-0.2328
2240.50,-0.2263
2241.00,-0.2276
2241.50,-0.2352
2242.00,-0.2434
2242.50,-0.2463
2243.00,-0.2427
2243.50,-0.2362
2244.00,-0.2316
2244.50,-0.2305
2245.00,-0.2308
2245.50,-0.2299
2246.00,-0.2283
2246.50,-0.2289
2247.00,-0.2336
2247.50,-0.2408
2248.00,-0.2459
2248.50,-0.2436
2249.00,-0.2306
2249.50,-0.2081
2250.00,-0.1818
2250.50,-0.1597
2251.00,-0.1465
2251.50,-0.1412
2252.00,-0.1391
2252.50,-0.1356
2253.00,-0.1293
2253.50,-0.1219
2254.00,-0.1172
2254.50,-0.1184
2255.00,-0.1252
2255.50,-0.1324
2256.00,-0.1335
2256.50,-0.1264
2257.00,-0.1148
2257.50,-0.1049
2258.00,-0.0999
2258.50,-0.0974
2259.00,-0.0934
2259.50,-0.0857
2260.00,-0.0754
2260.50,-0.0648
2261.00,-0.0561
2261.50,-0.0502
2262.00,-0.0473
2262.50,-0.0473
2263.00,-0.0494
2263.50,-0.0522
2264.00,-0.0540
2264.50,-0.0543
2265.00,-0.0531
2265.50,-0.0521
2266.00,-0.0531
2266.50,-0.0577
2267.00,-0.0666
2267.50,-0.0794
2268.00,-0.0944
2268.50,-0.1094
2269.00,-0.1228
2269.50,-0.1348
2270.00,-0.1464
2270.50,-0.1587
2271.00,-0.1713
2271.50,-0.1836
2272.00,-0.1958
2272.50,-0.2090
2273.00,-0.2245
2273.50,-0.2425
2274.00,-0.2621
2274.50,-0.2838
2275.00,-0.3092
2275.50,-0.3397
2276.00,-0.3731
2276.50,-0.4027
2277.00,-0.4228
2277.50,-0.4333
2278.00,-0.4399
2278.50,-0.4501
2279.00,-0.4662
2279.50,-0.4850
2280.00,-0.5007
2280.50,-0.5091
2281.00,-0.5091
2281.50,-0.5022
2282.00,-0.4922
2282.50,-0.4842
2283.00,-0.4831
2283.50,-0.4913
2284.00,-0.5063
2284.50,-0.5228
2285.00,-0.5359
2285.50,-0.5450
2286.00,-0.5545
2286.50,-0.5684
2287.00,-0.5863
2287.50,-0.6026
2288.00,-0.6120
2288.50,-0.6148
2289.00,-0.6163
2289.50,-0.6229
2290.00,-0.6378
2290.50,-0.6594
2291.00,-0.6826
2291.50,-0.7011
2292.00,-0.7105
2292.50,-0.7103
2293.00,-0.7037
2293.50,-0.6953
2294.00,-0.6883
2294.50,-0.6841
2295.00,-0.6827
2295.50,-0.6840
2296.00,-0.6875
2296.50,-0.6924
2297.00,-0.6975
2297.50,-0.7018
2298.00,-0.7051
2298.50,-0.7071
2299.00,-0.7086
2299.50,-0.7115
2300.00,-0.7183
2300.50,-0.7304
2301.00,-0.7458
2301.50,-0.7590
2302.00,-0.7640
2302.50,-0.7575
2303.00,-0.7415
2303.50,-0.7223
2304.00,-0.7061
2304.50,-0.6949
2305.00,-0.6871
2305.50,-0.6811
2306.00,-0.6778
2306.50,-0.6789
2307.00,-0.6835
2307.50,-0.6882
2308.00,-0.6895
2308.50,-0.6870
2309.00,-0.6829
2309.50,-0.6798
2310.00,-0.6800
2310.50,-0.6849
2311.00,-0.6938
2311.50,-0.7032
2312.00,-0.7091
2312.50,-0.7096
2313.00,-0.7076
2313.50,-0.7071
2314.00,-0.7109
2314.50,-0.7189
2315.00,-0.7292
2315.50,-0.7394
2316.00,-0.7468
2316.50,-0.7483
2317.00,-0.7419
2317.50,-0.7290
2318.00,-0.7140
2318.50,-0.7029
2319.00,-0.6993
2319.50,-0.7025
2320.00,-0.7087
2320.50,-0.7133
2321.00,-0.7135
2321.50,-0.7087
2322.00,-0.7005
2322.50,-0.6918
2323.00,-0.6859
2323.50,-0.6842
2324.00,-0.6860
2324.50,-0.6880
2325.00,-0.6872
2325.50,-0.6834
2326.00,-0.6794
2326.50,-0.6791
2327.00,-0.6836
2327.50,-0.6909
2328.00,-0.6969
2328.50,-0.6986
2329.00,-0.6967
2329.50,-0.6951
2330.00,-0.6991
2330.50,-0.7115
2331.00,-0.7307
2331.50,-0.7518
2332.00,-0.7693
2332.50,-0.7812
2333.00,-0.7890
2333.50,-0.7954
2334.00,-0.8021
2334.50,-0.8093
2335.00,-0.8184
2335.50,-0.8314
2336.00,-0.8493
2336.50,-0.8698
2337.00,-0.8890
2337.50,-0.9027
2338.00,-0.9087
2338.50,-0.9078
2339.00,-0.9037
2339.50,-0.9013
2340.00,-0.9042
2340.50,-0.9133
2341.00,-0.9267
2341.50,-0.9411
2342.00,-0.9548
2342.50,-0.9680
2343.00,-0.9819
2343.50,-0.9966
2344.00,-1.0109
2344.50,-1.0236
2345.00,-1.0346
2345.50,-1.0442
2346.00,-1.0515
2346.50,-1.0559
2347.00,-1.0581
2347.50,-1.0601
2348.00,-1.0635
2348.50,-1.0685
2349.00,-1.0751
2349.50,-1.0839
2350.00,-1.0965
2350.50,-1.1131
2351.00,-1.1320
2351.50,-1.1498
2352.00,-1.1624
2352.50,-1.1673
2353.00,-1.1645
2353.50,-1.1562
2354.00,-1.1446
2354.50,-1.1309
2355.00,-1.1150
2355.50,-1.0975
2356.00,-1.0820
2356.50,-1.0733
2357.00,-1.0742
2357.50,-1.0828
2358.00,-1.0939
2358.50,-1.1026
2359.00,-1.1060
2359.50,-1.1033
2360.00,-1.0955
2360.50,-1.0866
2361.00,-1.0823
2361.50,-1.0855
2362.00,-1.0931
2362.50,-1.0971
2363.00,-1.0910
2363.50,-1.0744
2364.00,-1.0537
2364.50,-1.0378
2365.00,-1.0329
2365.50,-1.0386
2366.00,-1.0494
2366.50,-1.0586
2367.00,-1.0627
2367.50,-1.0629
2368.00,-1.0632
2368.50,-1.0672
2369.00,-1.0763
2369.50,-1.0892
2370.00,-1.1018
2370.50,-1.1105
2371.00,-1.1137
2371.50,-1.1133
2372.00,-1.1137
2372.50,-1.1194
2373.00,-1.1320
2373.50,-1.1483
2374.00,-1.1631
2374.50,-1.1728
2375.00,-1.1780
2375.50,-1.1822
2376.00,-1.1879
2376.50,-1.1961
2377.00,-1.2071
2377.50,-1.2229
2378.00,-1.2454
2378.50,-1.2738
2379.00,-1.3027
2379.50,-1.3247
2380.00,-1.3344
2380.50,-1.3320
2381.00,-1.3224
2381.50,-1.3112
2382.00,-1.3016
2382.50,-1.2936
2383.00,-1.2851
2383.50,-1.2745
2384.00,-1.2614
2384.50,-1.2482
2385.00,-1.2391
2385.50,-1.2372
2386.00,-1.2430
2386.50,-1.2537
2387.00,-1.2664
2387.50,-1.2794
2388.00,-1.2915
2388.50,-1.3014
2389.00,-1.3066
2389.50,-1.3057
2390.00,-1.2997
2390.50,-1.2918
2391.00,-1.2864
2391.50,-1.2862
2392.00,-1.2912
2392.50,-1.2984
2393.00,-1.3038
2393.50,-1.3035
2394.00,-1.2952
2394.50,-1.2792
2395.00,-1.2581
2395.50,-1.2364
2396.00,-1.2172
2396.50,-1.2016
2397.00,-1.1893
2397.50,-1.1800
2398.00,-1.1731
2398.50,-1.1674
2399.00,-1.1614
2399.50,-1.1549
2400.00,-1.1489
2400.50,-1.1452
2401.00,-1.1450
2401.50,-1.1479
2402.00,-1.1513
2402.50,-1.1508
2403.00,-1.1415
2403.50,-1.1215
2404.00,-1.0940
2404.50,-1.0657
2405.00,-1.0433
2405.50,-1.0294
2406.00,-1.0217
2406.50,-1.0148
2407.00,-1.0036
2407.50,-0.9858
2408.00,-0.9642
2408.50,-0.9447
2409.00,-0.9328
2409.50,-0.9296
2410.00,-0.9320
2410.50,-0.9358
2411.00,-0.9375
2411.50,-0.9359
2412.00,-0.9317
2412.50,-0.9261
2413.00,-0.9205
2413.50,-0.9158
2414.00,-0.9126
2414.50,-0.9100
2415.00,-0.9072
2415.50,-0.9032
2416.00,-0.8991
2416.50,-0.8969
2417.00,-0.8983
2417.50,-0.9032
2418.00,-0.9094
2418.50,-0.9151
2419.00,-0.9196
2419.50,-0.9226
2420.00,-0.9238
2420.50,-0.9217
2421.00,-0.9151
2421.50,-0.9039
2422.00,-0.8897
2422.50,-0.8764
2423.00,-0.8685
2423.50,-0.8690
2424.00,-0.8770
2424.50,-0.8869
2425.00,-0.8918
2425.50,-0.8873
2426.00,-0.8734
2426.50,-0.8542
2427.00,-0.8360
2427.50,-0.8237
2428.00,-0.8192
2428.50,-0.8213
2429.00,-0.8271
2429.50,-0.8352
2430.00,-0.8437
2430.50,-0.8502
2431.00,-0.8513
2431.50,-0.8449
2432.00,-0.8314
2432.50,-0.8145
2433.00,-0.7983
2433.50,-0.7854
2434.00,-0.7752
2434.50,-0.7648
2435.00,-0.7522
2435.50,-0.7378
2436.00,-0.7244
2436.50,-0.7133
2437.00,-0.7043
2437.50,-0.6959
2438.00,-0.6879
2438.50,-0.6805
2439.00,-0.6734
2439.50,-0.6654
2440.00,-0.6558
2440.50,-0.6448
2441.00,-0.6338
2441.50,-0.6239
2442.00,-0.6152
2442.50,-0.6064
2443.00,-0.5961
2443.50,-0.5842
2444.00,-0.5715
2444.50,-0.5586
2445.00,-0.5453
2445.50,-0.5311
2446.00,-0.5166
2446.50,-0.5036
2447.00,-0.4935
2447.50,-0.4851
2448.00,-0.4753
2448.50,-0.4618
2449.00,-0.4468
2449.50,-0.4361
2450.00,-0.4329
2450.50,-0.4340
2451.00,-0.4317
2451.50,-0.4202
2452.00,-0.4009
2452.50,-0.3799
2453.00,-0.3631
2453.50,-0.3525
2454.00,-0.3470
2454.50,-0.3446
2455.00,-0.3440
2455.50,-0.3441
2456.00,-0.3443
2456.50,-0.3435
2457.00,-0.3418
2457.50,-0.3406
2458.00,-0.3417
2458.50,-0.3456
2459.00,-0.3510
2459.50,-0.3553
2460.00,-0.3572
2460.50,-0.3570
2461.00,-0.3552
2461.50,-0.3514
2462.00,-0.3451
2462.50,-0.3360
2463.00,-0.3246
2463.50,-0.3121
2464.00,-0.2996
2464.50,-0.2880
2465.00,-0.2768
2465.50,-0.2645
2466.00,-0.2505
2466.50,-0.2364
2467.00,-0.2243
2467.50,-0.2138
2468.00,-0.2023
2468.50,-0.1877
2469.00,-0.1707
2469.50,-0.1529
2470.00,-0.1358
2470.50,-0.1197
2471.00,-0.1053
2471.50,-0.0930
2472.00,-0.0823
2472.50,-0.0718
2473.00,-0.0603
2473.50,-0.0476
2474.00,-0.0333
2474.50,-0.0167
2475.00,0.0032
2475.50,0.0275
2476.00,0.0563
2476.50,0.0878
2477.00,0.1185
2477.50,0.1431
2478.00,0.1567
2478.50,0.1570
2479.00,0.1461
2479.50,0.1295
2480.00,0.1143
2480.50,0.1060
2481.00,0.1061
2481.50,0.1131
2482.00,0.1231
2482.50,0.1330
2483.00,0.1407
2483.50,0.1456
2484.00,0.1477
2484.50,0.1477
2485.00,0.1474
2485.50,0.1494
2486.00,0.1561
2486.50,0.1673
2487.00,0.1800
2487.50,0.1901
2488.00,0.1941
2488.50,0.1900
2489.00,0.1768
2489.50,0.1552
2490.00,0.1281
2490.50,0.1006
2491.00,0.0774
2491.50,0.0604
2492.00,0.0482
2492.50,0.0375
2493.00,0.0249
2493.50,0.0087
2494.00,-0.0105
2494.50,-0.0296
2495.00,-0.0440
2495.50,-0.0514
2496.00,-0.0536
2496.50,-0.0563
2497.00,-0.0658
2497.50,-0.0851
2498.00,-0.1128
2498.50,-0.1435
2499.00,-0.1703
2499.50,-0.1889
2500.00,-0.1992
2500.50,-0.2050
2501.00,-0.2108
2501.50,-0.2182
2502.00,-0.2260
2502.50,-0.2325
2503.00,-0.2383
2503.50,-0.2447
2504.00,-0.2531
2504.50,-0.2639
2505.00,-0.2761
2505.50,-0.2878
2506.00,-0.2973
2506.50,-0.3044
2507.00,-0.3102
2507.50,-0.3162
2508.00,-0.3241
2508.50,-0.3344
2509.00,-0.3466
2509.50,-0.3588
2510.00,-0.3687
2510.50,-0.3747
2511.00,-0.3776
2511.50,-0.3792
2512.00,-0.3811
2512.50,-0.3831
2513.00,-0.3833
2513.50,-0.3805
2514.00,-0.3756
2514.50,-0.3720
2515.00,-0.3718
2515.50,-0.3748
2516.00,-0.3790
2516.50,-0.3827
2517.00,-0.3855
2517.50,-0.3868
2518.00,-0.3863
2518.50,-0.3846
2519.00,-0.3833
2519.50,-0.3839
2520.00,-0.3857
2520.50,-0.3871
2521.00,-0.3881
2521.50,-0.3911
2522.00,-0.3992
2522.50,-0.4132
2523.00,-0.4306
2523.50,-0.4484
2524.00,-0.4650
2524.50,-0.4809
2525.00,-0.4961
2525.50,-0.5100
2526.00,-0.5221
2526.50,-0.5336
2527.00,-0.5466
2527.50,-0.5629
2528.00,-0.5828
2528.50,-0.6053
2529.00,-0.6287
2529.50,-0.6523
2530.00,-0.6754
2530.50,-0.6977
2531.00,-0.7193
2531.50,-0.7412
2532.00,-0.7640
2532.50,-0.7880
2533.00,-0.8111
2533.50,-0.8293
2534.00,-0.8393
2534.50,-0.8411
2535.00,-0.8382
2535.50,-0.8358
2536.00,-0.8378
2536.50,-0.8450
2537.00,-0.8559
2537.50,-0.8695
2538.00,-0.8850
2538.50,-0.9013
2539.00,-0.9163
2539.50,-0.9270
2540.00,-0.9326
2540.50,-0.9340
2541.00,-0.9327
2541.50,-0.9287
2542.00,-0.9207
2542.50,-0.9089
2543.00,-0.8962
2543.50,-0.8871
2544.00,-0.8844
2544.50,-0.8884
2545.00,-0.8977
2545.50,-0.9105
2546.00,-0.9245
2546.50,-0.9366
2547.00,-0.9433
2547.50,-0.9427
2548.00,-0.9367
2548.50,-0.9297
2549.00,-0.9255
2549.50,-0.9249
2550.00,-0.9262
2550.50,-0.9281
2551.00,-0.9298
2551.50,-0.9312
2552.00,-0.9317
2552.50,-0.9327
2553.00,-0.9360
2553.50,-0.9423
2554.00,-0.9504
2554.50,-0.9596
2555.00,-0.9713
2555.50,-0.9877
2556.00,-1.0088
2556.50,-1.0320
2557.00,-1.0542
2557.50,-1.0733
2558.00,-1.0880
2558.50,-1.0965
2559.00,-1.0977
2559.50,-1.0927
2560.00,-1.0861
2560.50,-1.0831
2561.00,-1.0862
2561.50,-1.0938
2562.00,-1.1009
2562.50,-1.1031
2563.00,-1.1004
2563.50,-1.0965
2564.00,-1.0953
2564.50,-1.0967
2565.00,-1.0975
2565.50,-1.0945
2566.00,-1.0869
2566.50,-1.0765
2567.00,-1.0657
2567.50,-1.0559
2568.00,-1.0486
2568.50,-1.0444
2569.00,-1.0425
2569.50,-1.0391
2570.00,-1.0288
2570.50,-1.0074
2571.00,-0.9754
2571.50,-0.9381
2572.00,-0.9023
2572.50,-0.8720
2573.00,-0.8474
2573.50,-0.8271
2574.00,-0.8108
2574.50,-0.7995
2575.00,-0.7943
2575.50,-0.7943
2576.00,-0.7959
2576.50,-0.7954
2577.00,-0.7906
2577.50,-0.7820
2578.00,-0.7719
2578.50,-0.7629
2579.00,-0.7574
2579.50,-0.7562
2580.00,-0.7587
2580.50,-0.7638
2581.00,-0.7708
2581.50,-0.7790
2582.00,-0.7865
2582.50,-0.7908
2583.00,-0.7912
2583.50,-0.7903
2584.00,-0.7923
2584.50,-0.8004
2585.00,-0.8132
2585.50,-0.8258
2586.00,-0.8332
2586.50,-0.8345
2587.00,-0.8324
2587.50,-0.8298
2588.00,-0.8267
2588.50,-0.8204
2589.00,-0.8084
2589.50,-0.7906
2590.00,-0.7682
2590.50,-0.7427
2591.00,-0.7159
2591.50,-0.6903
2592.00,-0.6689
2592.50,-0.6530
2593.00,-0.6411
2593.50,-0.6302
2594.00,-0.6175
2594.50,-0.6037
2595.00,-0.5921
2595.50,-0.5854
2596.00,-0.5819
2596.50,-0.5765
2597.00,-0.5652
2597.50,-0.5495
2598.00,-0.5347
2598.50,-0.5253
2599.00,-0.5218
2599.50,-0.5218
2600.00,-0.5225
2600.50,-0.5226
2601.00,-0.5214
2601.50,-0.5183
2602.00,-0.5130
2602.50,-0.5067
2603.00,-0.5014
2603.50,-0.4987
2604.00,-0.4991
2604.50,-0.5022
2605.00,-0.5076
2605.50,-0.5149
2606.00,-0.5230
2606.50,-0.5303
2607.00,-0.5350
2607.50,-0.5358
2608.00,-0.5311
2608.50,-0.5205
2609.00,-0.5050
2609.50,-0.4882
2610.00,-0.4753
2610.50,-0.4712
2611.00,-0.4783
2611.50,-0.4939
2612.00,-0.5116
2612.50,-0.5228
2613.00,-0.5222
2613.50,-0.5089
2614.00,-0.4862
2614.50,-0.4594
2615.00,-0.4341
2615.50,-0.4147
2616.00,-0.4029
2616.50,-0.3967
2617.00,-0.3914
2617.50,-0.3821
2618.00,-0.3678
2618.50,-0.3516
2619.00,-0.3384
2619.50,-0.3306
2620.00,-0.3273
2620.50,-0.3257
2621.00,-0.3249
2621.50,-0.3254
2622.00,-0.3271
2622.50,-0.3268
2623.00,-0.3204
2623.50,-0.3059
2624.00,-0.2865
2624.50,-0.2691
2625.00,-0.2596
2625.50,-0.2586
2626.00,-0.2612
2626.50,-0.2615
2627.00,-0.2584
2627.50,-0.2559
2628.00,-0.2583
2628.50,-0.2640
2629.00,-0.2670
2629.50,-0.2635
2630.00,-0.2563
2630.50,-0.2530
2631.00,-0.2580
2631.50,-0.2679
2632.00,-0.2748
2632.50,-0.2734
2633.00,-0.2655
2633.50,-0.2579
2634.00,-0.2559
2634.50,-0.2591
2635.00,-0.2620
2635.50,-0.2586
2636.00,-0.2471
2636.50,-0.2315
2637.00,-0.2180
2637.50,-0.2106
2638.00,-0.2093
2638.50,-0.2115
2639.00,-0.2155
2639.50,-0.2211
2640.00,-0.2286
2640.50,-0.2368
2641.00,-0.2432
2641.50,-0.2460
2642.00,-0.2452
2642.50,-0.2419
2643.00,-0.2367
2643.50,-0.2313
2644.00,-0.2283
2644.50,-0.2297
2645.00,-0.2356
2645.50,-0.2427
2646.00,-0.2469
2646.50,-0.2446
2647.00,-0.2349
2647.50,-0.2207
2648.00,-0.2072
2648.50,-0.2004
2649.00,-0.2042
2649.50,-0.2184
2650.00,-0.2397
2650.50,-0.2638
2651.00,-0.2870
2651.50,-0.3065
2652.00,-0.3197
2652.50,-0.3250
2653.00,-0.3238
2653.50,-0.3204
2654.00,-0.3186
2654.50,-0.3198
2655.00,-0.3226
2655.50,-0.3258
2656.00,-0.3301
2656.50,-0.3369
2657.00,-0.3466
2657.50,-0.3593
2658.00,-0.3731
2658.50,-0.3851
2659.00,-0.3919
2659.50,-0.3911
2660.00,-0.3832
2660.50,-0.3720
2661.00,-0.3626
2661.50,-0.3587
2662.00,-0.3623
2662.50,-0.3731
2663.00,-0.3883
2663.50,-0.4035
2664.00,-0.4148
2664.50,-0.4202
2665.00,-0.4207
2665.50,-0.4184
2666.00,-0.4157
2666.50,-0.4141
2667.00,-0.4153
2667.50,-0.4204
2668.00,-0.4301
2668.50,-0.4433
2669.00,-0.4573
2669.50,-0.4692
2670.00,-0.4776
2670.50,-0.4834
2671.00,-0.4891
2671.50,-0.4982
2672.00,-0.5124
2672.50,-0.5314
2673.00,-0.5512
2673.50,-0.5653
2674.00,-0.5678
2674.50,-0.5578
2675.00,-0.5398
2675.50,-0.5214
2676.00,-0.5090
2676.50,-0.5050
2677.00,-0.5088
2677.50,-0.5179
2678.00,-0.5294
2678.50,-0.5411
2679.00,-0.5521
2679.50,-0.5620
2680.00,-0.5712
2680.50,-0.5795
2681.00,-0.5867
2681.50,-0.5933
2682.00,-0.5992
2682.50,-0.6041
2683.00,-0.6063
2683.50,-0.6044
2684.00,-0.5980
2684.50,-0.5880
2685.00,-0.5757
2685.50,-0.5617
2686.00,-0.5460
2686.50,-0.5289
2687.00,-0.5122
2687.50,-0.4986
2688.00,-0.4894
2688.50,-0.4829
2689.00,-0.4749
2689.50,-0.4632
2690.00,-0.4496
2690.50,-0.4378
2691.00,-0.4303
2691.50,-0.4263
2692.00,-0.4237
2692.50,-0.4193
2693.00,-0.4107
2693.50,-0.3960
2694.00,-0.3752
2694.50,-0.3499
2695.00,-0.3230
2695.50,-0.2975
2696.00,-0.2758
2696.50,-0.2585
2697.00,-0.2452
2697.50,-0.2354
2698.00,-0.2299
2698.50,-0.2295
2699.00,-0.2329
2699.50,-0.2349
2700.00,-0.2297
2700.50,-0.2145
2701.00,-0.1924
2701.50,-0.1703
2702.00,-0.1545
2702.50,-0.1474
2703.00,-0.1464
2703.50,-0.1471
2704.00,-0.1460
2704.50,-0.1426
2705.00,-0.1368
2705.50,-0.1284
2706.00,-0.1167
2706.50,-0.1023
2707.00,-0.0869
2707.50,-0.0715
2708.00,-0.0558
2708.50,-0.0405
2709.00,-0.0291
2709.50,-0.0264
2710.00,-0.0340
2710.50,-0.0489
2711.00,-0.0651
2711.50,-0.0769
2712.00,-0.0811
2712.50,-0.0779
2713.00,-0.0709
2713.50,-0.0640
2714.00,-0.0601
2714.50,-0.0587
2715.00,-0.0586
2715.50,-0.0586
2716.00,-0.0583
2716.50,-0.0564
2717.00,-0.0507
2717.50,-0.0399
2718.00,-0.0250
2718.50,-0.0087
2719.00,0.0054
2719.50,0.0154
2720.00,0.0199
2720.50,0.0188
2721.00,0.0132
2721.50,0.0061
2722.00,0.0008
2722.50,-0.0016
2723.00,-0.0039
2723.50,-0.0109
2724.00,-0.0251
2724.50,-0.0443
2725.00,-0.0635
2725.50,-0.0783
2726.00,-0.0875
2726.50,-0.0926
2727.00,-0.0950
2727.50,-0.0951
2728.00,-0.0939
2728.50,-0.0938
2729.00,-0.0981
2729.50,-0.1084
2730.00,-0.1225
2730.50,-0.1367
2731.00,-0.1475
2731.50,-0.1525
2732.00,-0.1505
2732.50,-0.1419
2733.00,-0.1292
2733.50,-0.1163
2734.00,-0.1074
2734.50,-0.1052
2735.00,-0.1110
2735.50,-0.1244
2736.00,-0.1439
2736.50,-0.1659
2737.00,-0.1868
2737.50,-0.2033
2738.00,-0.2146
2738.50,-0.2213
2739.00,-0.2247
2739.50,-0.2269
2740.00,-0.2314
2740.50,-0.2409
2741.00,-0.2557
2741.50,-0.2733
2742.00,-0.2925
2742.50,-0.3142
2743.00,-0.3387
2743.50,-0.3610
2744.00,-0.3725
2744.50,-0.3676
2745.00,-0.3491
2745.50,-0.3266
2746.00,-0.3108
2746.50,-0.3085
2747.00,-0.3209
2747.50,-0.3447
2748.00,-0.3733
2748.50,-0.3984
2749.00,-0.4130
2749.50,-0.4152
2750.00,-0.4078
2750.50,-0.3967
2751.00,-0.3866
2751.50,-0.3794
2752.00,-0.3754
2752.50,-0.3759
2753.00,-0.3821
2753.50,-0.3933
2754.00,-0.4062
2754.50,-0.4164
2755.00,-0.4222
2755.50,-0.4248
2756.00,-0.4257
2756.50,-0.4239
2757.00,-0.4185
2757.50,-0.4115
2758.00,-0.4079
2758.50,-0.4123
2759.00,-0.4258
2759.50,-0.4458
2760.00,-0.4676
2760.50,-0.4868
2761.00,-0.5007
2761.50,-0.5084
2762.00,-0.5108
2762.50,-0.5092
2763.00,-0.5051
2763.50,-0.4999
2764.00,-0.4948
2764.50,-0.4899
2765.00,-0.4858
2765.50,-0.4845
2766.00,-0.4900
2766.50,-0.5044
2767.00,-0.5263
2767.50,-0.5497
2768.00,-0.5682
2768.50,-0.5783
2769.00,-0.5810
2769.50,-0.5801
2770.00,-0.5789
2770.50,-0.5785
2771.00,-0.5789
2771.50,-0.5810
2772.00,-0.5866
2772.50,-0.5972
2773.00,-0.6107
2773.50,-0.6222
2774.00,-0.6270
2774.50,-0.6238
2775.00,-0.6148
2775.50,-0.6029
2776.00,-0.5906
2776.50,-0.5802
2777.00,-0.5748
2777.50,-0.5773
2778.00,-0.5889
2778.50,-0.6078
2779.00,-0.6307
2779.50,-0.6535
2780.00,-0.6723
2780.50,-0.6845
2781.00,-0.6897
2781.50,-0.6893
2782.00,-0.6849
2782.50,-0.6780
2783.00,-0.6708
2783.50,-0.6667
2784.00,-0.6697
2784.50,-0.6814
2785.00,-0.7001
2785.50,-0.7224
2786.00,-0.7453
2786.50,-0.7671
2787.00,-0.7876
2787.50,-0.8066
2788.00,-0.8237
2788.50,-0.8383
2789.00,-0.8504
2789.50,-0.8613
2790.00,-0.8726
2790.50,-0.8853
2791.00,-0.8973
2791.50,-0.9037
2792.00,-0.9003
2792.50,-0.8880
2793.00,-0.8741
2793.50,-0.8676
2794.00,-0.8729
2794.50,-0.8864
2795.00,-0.8997
2795.50,-0.9062
2796.00,-0.9048
2796.50,-0.8989
2797.00,-0.8929
2797.50,-0.8890
2798.00,-0.8873
2798.50,-0.8859
2799.00,-0.8839
2799.50,-0.8819
2800.00,-0.8820
2800.50,-0.8857
2801.00,-0.8932
2801.50,-0.9039
2802.00,-0.9178
2802.50,-0.9338
2803.00,-0.9499
2803.50,-0.9627
2804.00,-0.9693
2804.50,-0.9688
2805.00,-0.9614
2805.50,-0.9489
2806.00,-0.9340
2806.50,-0.9209
2807.00,-0.9140
2807.50,-0.9153
2808.00,-0.9224
2808.50,-0.9289
2809.00,-0.9285
2809.50,-0.9191
2810.00,-0.9044
2810.50,-0.8907
2811.00,-0.8820
2811.50,-0.8774
2812.00,-0.8730
2812.50,-0.8647
2813.00,-0.8501
2813.50,-0.8286
2814.00,-0.8007
2814.50,-0.7694
2815.00,-0.7391
2815.50,-0.7138
2816.00,-0.6949
2816.50,-0.6808
2817.00,-0.6682
2817.50,-0.6528
2818.00,-0.6317
2818.50,-0.6046
2819.00,-0.5741
2819.50,-0.5435
2820.00,-0.5143
2820.50,-0.4867
2821.00,-0.4625
2821.50,-0.4459
2822.00,-0.4406
2822.50,-0.4462
2823.00,-0.4574
2823.50,-0.4672
2824.00,-0.4705
2824.50,-0.4655
2825.00,-0.4543
2825.50,-0.4413
2826.00,-0.4320
2826.50,-0.4295
2827.00,-0.4327
2827.50,-0.4354
2828.00,-0.4304
2828.50,-0.4143
2829.00,-0.3910
2829.50,-0.3690
2830.00,-0.3556
2830.50,-0.3522
2831.00,-0.3554
2831.50,-0.3606
2832.00,-0.3654
2832.50,-0.3688
2833.00,-0.3698
2833.50,-0.3670
2834.00,-0.3601
2834.50,-0.3515
2835.00,-0.3447
2835.50,-0.3416
2836.00,-0.3418
2836.50,-0.3425
2837.00,-0.3408
2837.50,-0.3346
2838.00,-0.3254
2838.50,-0.3177
2839.00,-0.3174
2839.50,-0.3269
2840.00,-0.3438
2840.50,-0.3622
2841.00,-0.3772
2841.50,-0.3871
2842.00,-0.3939
2842.50,-0.4014
2843.00,-0.4123
2843.50,-0.4269
2844.00,-0.4431
2844.50,-0.4578
2845.00,-0.4694
2845.50,-0.4788
2846.00,-0.4886
2846.50,-0.5005
2847.00,-0.5128
2847.50,-0.5214
2848.00,-0.5238
2848.50,-0.5212
2849.00,-0.5183
2849.50,-0.5195
2850.00,-0.5268
2850.50,-0.5408
2851.00,-0.5611
2851.50,-0.5867
2852.00,-0.6146
2852.50,-0.6400
2853.00,-0.6572
2853.50,-0.6621
2854.00,-0.6537
2854.50,-0.6352
2855.00,-0.6127
2855.50,-0.5926
2856.00,-0.5796
2856.50,-0.5748
2857.00,-0.5762
2857.50,-0.5805
2858.00,-0.5851
2858.50,-0.5900
2859.00,-0.5979
2859.50,-0.6116
2860.00,-0.6308
2860.50,-0.6518
2861.00,-0.6692
2861.50,-0.6797
2862.00,-0.6832
2862.50,-0.6824
2863.00,-0.6804
2863.50,-0.6793
2864.00,-0.6810
2864.50,-0.6882
2865.00,-0.7029
2865.50,-0.7243
2866.00,-0.7479
2866.50,-0.7684
2867.00,-0.7838
2867.50,-0.7963
2868.00,-0.8098
2868.50,-0.8254
2869.00,-0.8402
2869.50,-0.8500
2870.00,-0.8538
2870.50,-0.8550
2871.00,-0.8589
2871.50,-0.8680
2872.00,-0.8801
2872.50,-0.8907
2873.00,-0.8969
2873.50,-0.8991
2874.00,-0.9000
2874.50,-0.9023
2875.00,-0.9067
2875.50,-0.9121
2876.00,-0.9155
2876.50,-0.9139
2877.00,-0.9071
2877.50,-0.8985
2878.00,-0.8929
2878.50,-0.8923
2879.00,-0.8946
2879.50,-0.8958
2880.00,-0.8935
2880.50,-0.8880
2881.00,-0.8817
2881.50,-0.8779
2882.00,-0.8807
2882.50,-0.8929
2883.00,-0.9138
2883.50,-0.9380
2884.00,-0.9579
2884.50,-0.9687
2885.00,-0.9711
2885.50,-0.9690
2886.00,-0.9664
2886.50,-0.9654
2887.00,-0.9673
2887.50,-0.9729
2888.00,-0.9826
2888.50,-0.9944
2889.00,-1.0050
2889.50,-1.0109
2890.00,-1.0118
2890.50,-1.0113
2891.00,-1.0145
2891.50,-1.0243
2892.00,-1.0384
2892.50,-1.0506
2893.00,-1.0547
2893.50,-1.0485
2894.00,-1.0350
2894.50,-1.0208
2895.00,-1.0125
2895.50,-1.0132
2896.00,-1.0214
2896.50,-1.0321
2897.00,-1.0407
2897.50,-1.0449
2898.00,-1.0449
2898.50,-1.0418
2899.00,-1.0372
2899.50,-1.0329
2900.00,-1.0296
2900.50,-1.0258
2901.00,-1.0195
2901.50,-1.0103
2902.00,-1.0009
2902.50,-0.9965
2903.00,-0.9999
2903.50,-1.0085
2904.00,-1.0146
2904.50,-1.0101
