0.00,0.0000
0.50,0.0248
1.00,0.0772
1.50,0.1615
2.00,0.2732
2.50,0.3993
3.00,0.5230
3.50,0.6293
4.00,0.7109
4.50,0.7732
5.00,0.8304
5.50,0.8939
6.00,0.9629
6.50,1.0291
7.00,1.0877
7.50,1.1416
8.00,1.1942
8.50,1.2454
9.00,1.2961
9.50,1.3516
10.00,1.4147
10.50,1.4767
11.00,1.5210
11.50,1.5404
12.00,1.5491
12.50,1.5744
13.00,1.6345
13.50,1.7229
14.00,1.8126
14.50,1.8768
15.00,1.9076
15.50,1.9200
16.00,1.9379
16.50,1.9767
17.00,2.0362
17.50,2.1057
18.00,2.1737
18.50,2.2329
19.00,2.2819
19.50,2.3230
20.00,2.3598
20.50,2.3947
21.00,2.4279
21.50,2.4577
22.00,2.4801
22.50,2.4898
23.00,2.4869
23.50,2.4807
24.00,2.4860
24.50,2.5109
25.00,2.5504
25.50,2.5908
26.00,2.6223
26.50,2.6436
27.00,2.6593
27.50,2.6745
28.00,2.6931
28.50,2.7182
29.00,2.7503
29.50,2.7858
30.00,2.8165
30.50,2.8331
31.00,2.8290
31.50,2.8020
32.00,2.7557
32.50,2.6974
33.00,2.6373
33.50,2.5872
34.00,2.5591
34.50,2.5593
35.00,2.5841
35.50,2.6190
36.00,2.6477
36.50,2.6630
37.00,2.6712
37.50,2.6852
38.00,2.7103
38.50,2.7393
39.00,2.7603
39.50,2.7688
40.00,2.7709
40.50,2.7763
41.00,2.7906
41.50,2.8134
42.00,2.8397
42.50,2.8606
43.00,2.8638
43.50,2.8393
44.00,2.7872
44.50,2.7214
45.00,2.6645
45.50,2.6363
46.00,2.6433
46.50,2.6796
47.00,2.7333
47.50,2.7955
48.00,2.8612
48.50,2.9264
49.00,2.9834
49.50,3.0210
50.00,3.0294
50.50,3.0089
51.00,2.9722
51.50,2.9373
52.00,2.9178
52.50,2.9203
53.00,2.9480
53.50,3.0021
54.00,3.0756
54.50,3.1504
55.00,3.2028
55.50,3.2177
56.00,3.1967
56.50,3.1570
57.00,3.1216
57.50,3.1094
58.00,3.1292
58.50,3.1793
59.00,3.2486
59.50,3.3178
60.00,3.3631
60.50,3.3692
61.00,3.3411
61.50,3.3051
62.00,3.2912
62.50,3.3115
63.00,3.3539
63.50,3.3957
64.00,3.4229
64.50,3.4386
65.00,3.4543
65.50,3.4770
66.00,3.5040
66.50,3.5282
67.00,3.5469
67.50,3.5654
68.00,3.5908
68.50,3.6245
69.00,3.6602
69.50,3.6895
70.00,3.7075
70.50,3.7130
71.00,3.7068
71.50,3.6916
72.00,3.6764
72.50,3.6750
73.00,3.6959
73.50,3.7322
74.00,3.7638
74.50,3.7734
75.00,3.7611
75.50,3.7447
76.00,3.7457
76.50,3.7745
77.00,3.8264
77.50,3.8873
78.00,3.9417
78.50,3.9763
79.00,3.9840
79.50,3.9668
80.00,3.9366
80.50,3.9098
81.00,3.8993
81.50,3.9094
82.00,3.9351
82.50,3.9651
83.00,3.9884
83.50,4.0001
84.00,4.0024
84.50,4.0012
85.00,4.0017
85.50,4.0083
86.00,4.0257
86.50,4.0573
87.00,4.1018
87.50,4.1530
88.00,4.2009
88.50,4.2367
89.00,4.2561
89.50,4.2611
90.00,4.2579
90.50,4.2525
91.00,4.2471
91.50,4.2427
92.00,4.2419
92.50,4.2495
93.00,4.2664
93.50,4.2872
94.00,4.3040
94.50,4.3131
95.00,4.3167
95.50,4.3182
96.00,4.3205
96.50,4.3280
97.00,4.3476
97.50,4.3847
98.00,4.4375
98.50,4.4954
99.00,4.5452
99.50,4.5792
100.00,4.5991
100.50,4.6131
101.00,4.6294
101.50,4.6515
102.00,4.6746
102.50,4.6885
103.00,4.6852
103.50,4.6677
104.00,4.6504
104.50,4.6497
105.00,4.6731
105.50,4.7165
106.00,4.7703
106.50,4.8250
107.00,4.8736
107.50,4.9106
108.00,4.9336
108.50,4.9458
109.00,4.9565
109.50,4.9749
110.00,5.0014
110.50,5.0254
111.00,5.0339
111.50,5.0231
112.00,5.0021
112.50,4.9841
113.00,4.9757
113.50,4.9749
114.00,4.9750
114.50,4.9727
115.00,4.9699
115.50,4.9708
116.00,4.9776
116.50,4.9893
117.00,5.0043
117.50,5.0237
118.00,5.0478
118.50,5.0713
119.00,5.0830
119.50,5.0729
120.00,5.0417
120.50,5.0038
121.00,4.9802
121.50,4.9841
122.00,5.0141
122.50,5.0569
123.00,5.0992
123.50,5.1351
124.00,5.1643
124.50,5.1859
125.00,5.1942
125.50,5.1852
126.00,5.1637
126.50,5.1441
127.00,5.1419
127.50,5.1627
128.00,5.1989
128.50,5.2352
129.00,5.2578
129.50,5.2631
130.00,5.2572
130.50,5.2500
131.00,5.2478
131.50,5.2512
132.00,5.2573
132.50,5.2625
133.00,5.2637
133.50,5.2593
134.00,5.2507
134.50,5.2423
135.00,5.2392
135.50,5.2435
136.00,5.2533
136.50,5.2661
137.00,5.2818
137.50,5.3011
138.00,5.3218
138.50,5.3361
139.00,5.3358
139.50,5.3202
140.00,5.2995
140.50,5.2868
141.00,5.2871
141.50,5.2920
142.00,5.2883
142.50,5.2713
143.00,5.2513
143.50,5.2458
144.00,5.2663
144.50,5.3085
145.00,5.3568
145.50,5.3938
146.00,5.4115
146.50,5.4140
147.00,5.4138
147.50,5.4234
148.00,5.4483
148.50,5.4835
149.00,5.5174
149.50,5.5402
150.00,5.5491
150.50,5.5479
151.00,5.5418
151.50,5.5341
152.00,5.5275
152.50,5.5278
153.00,5.5426
153.50,5.5744
154.00,5.6137
154.50,5.6426
155.00,5.6488
155.50,5.6360
156.00,5.6204
156.50,5.6162
157.00,5.6265
157.50,5.6446
158.00,5.6628
158.50,5.6777
159.00,5.6905
159.50,5.7036
160.00,5.7162
160.50,5.7251
161.00,5.7304
161.50,5.7364
162.00,5.7482
162.50,5.7654
163.00,5.7824
163.50,5.7948
164.00,5.8014
164.50,5.8017
165.00,5.7917
165.50,5.7658
166.00,5.7248
166.50,5.6812
167.00,5.6548
167.50,5.6585
168.00,5.6888
168.50,5.7290
169.00,5.7593
169.50,5.7651
170.00,5.7396
170.50,5.6862
171.00,5.6198
171.50,5.5628
172.00,5.5341
172.50,5.5373
173.00,5.5599
173.50,5.5831
174.00,5.5947
174.50,5.5947
175.00,5.5909
175.50,5.5913
176.00,5.5997
176.50,5.6158
177.00,5.6362
177.50,5.6570
178.00,5.6763
178.50,5.6960
179.00,5.7220
179.50,5.7603
180.00,5.8124
180.50,5.8718
181.00,5.9263
181.50,5.9637
182.00,5.9788
182.50,5.9758
183.00,5.9657
183.50,5.9594
184.00,5.9617
184.50,5.9716
185.00,5.9856
185.50,5.9995
186.00,6.0060
186.50,5.9960
187.00,5.9657
187.50,5.9225
188.00,5.8809
188.50,5.8513
189.00,5.8349
189.50,5.8297
190.00,5.8357
190.50,5.8542
191.00,5.8819
191.50,5.9118
192.00,5.9392
192.50,5.9639
193.00,5.9875
193.50,6.0090
194.00,6.0254
194.50,6.0324
195.00,6.0268
195.50,6.0082
196.00,5.9827
196.50,5.9618
197.00,5.9558
197.50,5.9674
198.00,5.9908
198.50,6.0163
199.00,6.0353
199.50,6.0446
200.00,6.0463
200.50,6.0446
201.00,6.0404
201.50,6.0320
202.00,6.0187
202.50,6.0041
203.00,5.9938
203.50,5.9936
204.00,6.0067
204.50,6.0306
205.00,6.0567
205.50,6.0737
206.00,6.0735
206.50,6.0564
207.00,6.0309
207.50,6.0091
208.00,6.0007
208.50,6.0076
209.00,6.0237
209.50,6.0394
210.00,6.0492
210.50,6.0559
211.00,6.0679
211.50,6.0908
212.00,6.1216
212.50,6.1497
213.00,6.1659
213.50,6.1707
214.00,6.1726
214.50,6.1777
215.00,6.1829
215.50,6.1796
216.00,6.1638
216.50,6.1434
217.00,6.1334
217.50,6.1447
218.00,6.1747
218.50,6.2072
219.00,6.2230
219.50,6.2136
220.00,6.1876
220.50,6.1647
221.00,6.1624
221.50,6.1859
222.00,6.2285
222.50,6.2767
223.00,6.3186
223.50,6.3479
224.00,6.3629
224.50,6.3653
225.00,6.3594
225.50,6.3512
226.00,6.3445
226.50,6.3374
227.00,6.3248
227.50,6.3053
228.00,6.2856
228.50,6.2770
229.00,6.2873
229.50,6.3153
230.00,6.3520
230.50,6.3862
231.00,6.4076
231.50,6.4077
232.00,6.3807
232.50,6.3289
233.00,6.2670
233.50,6.2166
234.00,6.1949
234.50,6.2053
235.00,6.2393
235.50,6.2846
236.00,6.3317
236.50,6.3730
237.00,6.4008
237.50,6.4086
238.00,6.3936
238.50,6.3576
239.00,6.3061
239.50,6.2473
240.00,6.1925
240.50,6.1535
241.00,6.1369
241.50,6.1408
242.00,6.1569
242.50,6.1769
243.00,6.1943
243.50,6.2040
244.00,6.2030
244.50,6.1925
245.00,6.1785
245.50,6.1683
246.00,6.1661
246.50,6.1708
247.00,6.1774
247.50,6.1819
248.00,6.1857
248.50,6.1938
249.00,6.2093
249.50,6.2292
250.00,6.2471
250.50,6.2589
251.00,6.2644
251.50,6.2654
252.00,6.2645
252.50,6.2655
253.00,6.2734
253.50,6.2902
254.00,6.3104
254.50,6.3244
255.00,6.3244
255.50,6.3094
256.00,6.2832
256.50,6.2516
257.00,6.2216
257.50,6.2008
258.00,6.1934
258.50,6.1964
259.00,6.2027
259.50,6.2088
260.00,6.2191
260.50,6.2398
261.00,6.2687
261.50,6.2932
262.00,6.2978
262.50,6.2748
263.00,6.2269
263.50,6.1654
264.00,6.1051
264.50,6.0592
265.00,6.0336
265.50,6.0255
266.00,6.0264
266.50,6.0278
267.00,6.0257
267.50,6.0219
268.00,6.0242
268.50,6.0414
269.00,6.0769
269.50,6.1233
270.00,6.1652
270.50,6.1885
271.00,6.1891
271.50,6.1741
272.00,6.1553
272.50,6.1417
273.00,6.1378
273.50,6.1448
274.00,6.1612
274.50,6.1822
275.00,6.2011
275.50,6.2102
276.00,6.2033
276.50,6.1786
277.00,6.1420
277.50,6.1072
278.00,6.0905
278.50,6.1030
279.00,6.1447
279.50,6.2035
280.00,6.2602
280.50,6.2980
281.00,6.3104
281.50,6.3031
282.00,6.2874
282.50,6.2708
283.00,6.2542
283.50,6.2363
284.00,6.2206
284.50,6.2147
285.00,6.2246
285.50,6.2509
286.00,6.2908
286.50,6.3390
287.00,6.3864
287.50,6.4185
288.00,6.4230
288.50,6.4013
289.00,6.3701
289.50,6.3506
290.00,6.3536
290.50,6.3761
291.00,6.4102
291.50,6.4509
292.00,6.4963
292.50,6.5430
293.00,6.5838
293.50,6.6095
294.00,6.6139
294.50,6.5983
295.00,6.5728
295.50,6.5518
296.00,6.5454
296.50,6.5543
297.00,6.5721
297.50,6.5904
298.00,6.6037
298.50,6.6088
299.00,6.6052
299.50,6.5947
300.00,6.5823
300.50,6.5742
301.00,6.5756
301.50,6.5876
302.00,6.6072
302.50,6.6278
303.00,6.6422
303.50,6.6466
304.00,6.6425
304.50,6.6348
305.00,6.6283
305.50,6.6257
306.00,6.6277
306.50,6.6349
307.00,6.6477
307.50,6.6624
308.00,6.6706
308.50,6.6635
309.00,6.6399
309.50,6.6090
310.00,6.5845
310.50,6.5739
311.00,6.5751
311.50,6.5805
312.00,6.5838
312.50,6.5837
313.00,6.5825
313.50,6.5835
314.00,6.5879
314.50,6.5942
315.00,6.5996
315.50,6.6001
316.00,6.5919
316.50,6.5731
317.00,6.5481
317.50,6.5283
318.00,6.5253
318.50,6.5423
319.00,6.5720
319.50,6.6028
320.00,6.6271
320.50,6.6447
321.00,6.6610
321.50,6.6813
322.00,6.7077
322.50,6.7395
323.00,6.7758
323.50,6.8169
324.00,6.8611
324.50,6.9008
325.00,6.9237
325.50,6.9194
326.00,6.8853
326.50,6.8284
327.00,6.7628
327.50,6.7062
328.00,6.6761
328.50,6.6829
329.00,6.7237
329.50,6.7811
330.00,6.8317
330.50,6.8588
331.00,6.8611
331.50,6.8514
332.00,6.8464
332.50,6.8561
333.00,6.8789
333.50,6.9049
334.00,6.9232
334.50,6.9273
335.00,6.9178
335.50,6.9005
336.00,6.8827
336.50,6.8701
337.00,6.8651
337.50,6.8666
338.00,6.8697
338.50,6.8669
339.00,6.8528
339.50,6.8303
340.00,6.8107
340.50,6.8054
341.00,6.8156
341.50,6.8300
342.00,6.8333
342.50,6.8189
343.00,6.7938
343.50,6.7737
344.00,6.7690
344.50,6.7749
345.00,6.7745
345.50,6.7528
346.00,6.7105
346.50,6.6658
347.00,6.6412
347.50,6.6503
348.00,6.6909
348.50,6.7500
349.00,6.8119
349.50,6.8629
350.00,6.8936
350.50,6.8992
351.00,6.8812
351.50,6.8470
352.00,6.8064
352.50,6.7672
353.00,6.7367
353.50,6.7231
354.00,6.7323
354.50,6.7589
355.00,6.7845
355.50,6.7885
356.00,6.7630
356.50,6.7174
357.00,6.6716
357.50,6.6461
358.00,6.6517
358.50,6.6830
359.00,6.7198
359.50,6.7387
360.00,6.7272
360.50,6.6898
361.00,6.6429
361.50,6.6040
362.00,6.5831
362.50,6.5789
363.00,6.5805
363.50,6.5735
364.00,6.5499
364.50,6.5161
365.00,6.4899
365.50,6.4887
366.00,6.5169
366.50,6.5634
367.00,6.6079
367.50,6.6305
368.00,6.6218
368.50,6.5876
369.00,6.5445
369.50,6.5081
370.00,6.4834
370.50,6.4662
371.00,6.4522
371.50,6.4422
372.00,6.4417
372.50,6.4568
373.00,6.4898
373.50,6.5358
374.00,6.5830
374.50,6.6175
375.00,6.6295
375.50,6.6163
376.00,6.5811
376.50,6.5317
377.00,6.4790
377.50,6.4370
378.00,6.4196
378.50,6.4338
379.00,6.4743
379.50,6.5257
380.00,6.5718
380.50,6.6039
381.00,6.6198
381.50,6.6187
382.00,6.6009
382.50,6.5720
383.00,6.5436
383.50,6.5262
384.00,6.5222
384.50,6.5249
385.00,6.5261
385.50,6.5221
386.00,6.5157
386.50,6.5140
387.00,6.5218
387.50,6.5380
388.00,6.5555
388.50,6.5661
389.00,6.5642
389.50,6.5479
390.00,6.5194
390.50,6.4860
391.00,6.4576
391.50,6.4420
392.00,6.4403
392.50,6.4457
393.00,6.4484
393.50,6.4416
394.00,6.4265
394.50,6.4106
395.00,6.3999
395.50,6.3926
396.00,6.3811
396.50,6.3616
397.00,6.3394
397.50,6.3264
398.00,6.3309
398.50,6.3517
399.00,6.3790
399.50,6.4021
400.00,6.4159
400.50,6.4213
401.00,6.4221
401.50,6.4202
402.00,6.4155
402.50,6.4065
403.00,6.3925
403.50,6.3755
404.00,6.3590
404.50,6.3451
405.00,6.3334
405.50,6.3231
406.00,6.3144
406.50,6.3086
407.00,6.3062
407.50,6.3065
408.00,6.3078
408.50,6.3100
409.00,6.3149
409.50,6.3259
410.00,6.3456
410.50,6.3733
411.00,6.4045
411.50,6.4323
412.00,6.4500
412.50,6.4536
413.00,6.4424
413.50,6.4203
414.00,6.3961
414.50,6.3799
415.00,6.3778
415.50,6.3871
416.00,6.3974
416.50,6.3983
417.00,6.3866
417.50,6.3677
418.00,6.3515
418.50,6.3461
419.00,6.3539
419.50,6.3710
420.00,6.3910
420.50,6.4075
421.00,6.4151
421.50,6.4093
422.00,6.3894
422.50,6.3606
423.00,6.3330
423.50,6.3153
424.00,6.3090
424.50,6.3087
425.00,6.3079
425.50,6.3037
426.00,6.2967
426.50,6.2875
427.00,6.2749
427.50,6.2584
428.00,6.2418
428.50,6.2324
429.00,6.2360
429.50,6.2513
430.00,6.2721
430.50,6.2914
431.00,6.3041
431.50,6.3085
432.00,6.3064
432.50,6.3034
433.00,6.3042
433.50,6.3065
434.00,6.3013
434.50,6.2809
435.00,6.2486
435.50,6.2198
436.00,6.2103
436.50,6.2258
437.00,6.2579
437.50,6.2907
438.00,6.3102
438.50,6.3127
439.00,6.3052
439.50,6.3005
440.00,6.3088
440.50,6.3341
441.00,6.3720
441.50,6.4124
442.00,6.4440
442.50,6.4591
443.00,6.4572
443.50,6.4436
444.00,6.4273
444.50,6.4171
445.00,6.4175
445.50,6.4265
446.00,6.4365
446.50,6.4395
447.00,6.4320
447.50,6.4162
448.00,6.3982
448.50,6.3841
449.00,6.3766
449.50,6.3720
450.00,6.3639
450.50,6.3487
451.00,6.3303
451.50,6.3182
452.00,6.3203
452.50,6.3352
453.00,6.3525
453.50,6.3607
454.00,6.3561
454.50,6.3449
455.00,6.3376
455.50,6.3421
456.00,6.3595
456.50,6.3841
457.00,6.4057
457.50,6.4143
458.00,6.4047
458.50,6.3797
459.00,6.3483
459.50,6.3216
460.00,6.3074
460.50,6.3085
461.00,6.3227
461.50,6.3459
462.00,6.3747
462.50,6.4075
463.00,6.4413
463.50,6.4706
464.00,6.4881
464.50,6.4909
465.00,6.4821
465.50,6.4682
466.00,6.4546
466.50,6.4439
467.00,6.4370
467.50,6.4349
468.00,6.4383
468.50,6.4474
469.00,6.4602
469.50,6.4730
470.00,6.4827
470.50,6.4896
471.00,6.4976
471.50,6.5100
472.00,6.5250
472.50,6.5351
473.00,6.5314
473.50,6.5103
474.00,6.4771
474.50,6.4460
475.00,6.4327
475.50,6.4457
476.00,6.4815
476.50,6.5284
477.00,6.5733
477.50,6.6072
478.00,6.6269
478.50,6.6339
479.00,6.6318
479.50,6.6227
480.00,6.6067
480.50,6.5836
481.00,6.5539
481.50,6.5190
482.00,6.4830
482.50,6.4533
483.00,6.4382
483.50,6.4391
484.00,6.4466
484.50,6.4442
485.00,6.4191
485.50,6.3708
486.00,6.3123
486.50,6.2627
487.00,6.2363
487.50,6.2372
488.00,6.2606
488.50,6.2982
489.00,6.3413
489.50,6.3824
490.00,6.4138
490.50,6.4283
491.00,6.4227
491.50,6.4013
492.00,6.3785
492.50,6.3713
493.00,6.3897
493.50,6.4299
494.00,6.4789
494.50,6.5221
495.00,6.5468
495.50,6.5427
496.00,6.5056
496.50,6.4431
497.00,6.3753
497.50,6.3264
498.00,6.3111
498.50,6.3254
499.00,6.3483
499.50,6.3556
500.00,6.3388
500.50,6.3098
501.00,6.2901
501.50,6.2935
502.00,6.3192
502.50,6.3573
503.00,6.3978
503.50,6.4349
504.00,6.4638
504.50,6.4776
505.00,6.4688
505.50,6.4364
506.00,6.3890
506.50,6.3420
507.00,6.3098
507.50,6.2982
508.00,6.3031
508.50,6.3140
509.00,6.3203
509.50,6.3183
510.00,6.3129
510.50,6.3136
511.00,6.3248
511.50,6.3405
512.00,6.3482
512.50,6.3383
513.00,6.3118
513.50,6.2768
514.00,6.2432
514.50,6.2179
515.00,6.2047
515.50,6.2021
516.00,6.2038
516.50,6.2037
517.00,6.2002
517.50,6.1956
518.00,6.1911
518.50,6.1862
519.00,6.1806
519.50,6.1760
520.00,6.1717
520.50,6.1633
521.00,6.1471
521.50,6.1241
522.00,6.1003
522.50,6.0806
523.00,6.0673
523.50,6.0606
524.00,6.0586
524.50,6.0576
525.00,6.0539
525.50,6.0474
526.00,6.0428
526.50,6.0466
527.00,6.0622
527.50,6.0864
528.00,6.1102
528.50,6.1233
529.00,6.1194
529.50,6.0977
530.00,6.0629
530.50,6.0248
531.00,5.9957
531.50,5.9848
532.00,5.9907
532.50,6.0009
533.00,6.0007
533.50,5.9840
534.00,5.9565
534.50,5.9299
535.00,5.9122
535.50,5.9013
536.00,5.8861
536.50,5.8560
537.00,5.8103
537.50,5.7609
538.00,5.7240
538.50,5.7104
539.00,5.7198
539.50,5.7443
540.00,5.7744
540.50,5.8041
541.00,5.8305
541.50,5.8527
542.00,5.8705
542.50,5.8846
543.00,5.8968
543.50,5.9110
544.00,5.9317
544.50,5.9594
545.00,5.9877
545.50,6.0060
546.00,6.0080
546.50,5.9989
547.00,5.9913
547.50,5.9959
548.00,6.0145
548.50,6.0416
549.00,6.0698
549.50,6.0939
550.00,6.1098
550.50,6.1147
551.00,6.1070
551.50,6.0889
552.00,6.0671
552.50,6.0519
553.00,6.0509
553.50,6.0644
554.00,6.0855
554.50,6.1058
555.00,6.1216
555.50,6.1340
556.00,6.1459
556.50,6.1591
557.00,6.1766
557.50,6.2029
558.00,6.2406
558.50,6.2846
559.00,6.3229
559.50,6.3446
560.00,6.3473
560.50,6.3394
561.00,6.3333
561.50,6.3364
562.00,6.3475
562.50,6.3591
563.00,6.3670
563.50,6.3761
564.00,6.3970
564.50,6.4370
565.00,6.4941
565.50,6.5587
566.00,6.6203
566.50,6.6711
567.00,6.7076
567.50,6.7322
568.00,6.7523
568.50,6.7760
569.00,6.8047
569.50,6.8318
570.00,6.8468
570.50,6.8427
571.00,6.8208
571.50,6.7906
572.00,6.7667
572.50,6.7633
573.00,6.7878
573.50,6.8356
574.00,6.8912
574.50,6.9376
575.00,6.9682
575.50,6.9907
576.00,7.0174
576.50,7.0528
577.00,7.0886
577.50,7.1131
578.00,7.1226
578.50,7.1232
579.00,7.1219
579.50,7.1192
580.00,7.1103
580.50,7.0946
581.00,7.0799
581.50,7.0763
582.00,7.0868
582.50,7.1042
583.00,7.1153
583.50,7.1104
584.00,7.0902
584.50,7.0679
585.00,7.0610
585.50,7.0777
586.00,7.1108
586.50,7.1442
587.00,7.1665
587.50,7.1762
588.00,7.1770
588.50,7.1737
589.00,7.1715
589.50,7.1780
590.00,7.1994
590.50,7.2367
591.00,7.2831
591.50,7.3276
592.00,7.3629
592.50,7.3899
593.00,7.4146
593.50,7.4385
594.00,7.4545
594.50,7.4536
595.00,7.4355
595.50,7.4124
596.00,7.4021
596.50,7.4158
597.00,7.4527
597.50,7.5010
598.00,7.5449
598.50,7.5718
599.00,7.5771
599.50,7.5648
600.00,7.5454
600.50,7.5310
601.00,7.5284
601.50,7.5347
602.00,7.5400
602.50,7.5367
603.00,7.5279
603.50,7.5256
604.00,7.5403
604.50,7.5724
605.00,7.6107
605.50,7.6394
606.00,7.6476
606.50,7.6345
607.00,7.6088
607.50,7.5862
608.00,7.5832
608.50,7.6102
609.00,7.6627
609.50,7.7224
610.00,7.7685
610.50,7.7914
611.00,7.7945
611.50,7.7867
612.00,7.7732
612.50,7.7562
613.00,7.7383
613.50,7.7261
614.00,7.7290
614.50,7.7539
615.00,7.8012
615.50,7.8610
616.00,7.9160
616.50,7.9512
617.00,7.9615
617.50,7.9525
618.00,7.9333
618.50,7.9113
619.00,7.8918
619.50,7.8786
620.00,7.8742
620.50,7.8780
621.00,7.8859
621.50,7.8936
622.00,7.8977
622.50,7.8956
623.00,7.8846
623.50,7.8646
624.00,7.8409
624.50,7.8224
625.00,7.8158
625.50,7.8219
626.00,7.8352
626.50,7.8477
627.00,7.8534
627.50,7.8530
628.00,7.8540
628.50,7.8641
629.00,7.8827
629.50,7.8992
630.00,7.9027
630.50,7.8932
631.00,7.8842
631.50,7.8919
632.00,7.9201
632.50,7.9555
633.00,7.9773
633.50,7.9725
634.00,7.9454
634.50,7.9132
635.00,7.8948
635.50,7.8983
636.00,7.9164
636.50,7.9315
637.00,7.9289
637.50,7.9082
638.00,7.8829
638.50,7.8667
639.00,7.8615
639.50,7.8588
640.00,7.8517
640.50,7.8433
641.00,7.8423
641.50,7.8531
642.00,7.8718
642.50,7.8898
643.00,7.9009
643.50,7.9043
644.00,7.9041
644.50,7.9046
645.00,7.9066
645.50,7.9055
646.00,7.8949
646.50,7.8728
647.00,7.8459
647.50,7.8269
648.00,7.8276
648.50,7.8495
649.00,7.8831
649.50,7.9153
650.00,7.9372
650.50,7.9473
651.00,7.9485
651.50,7.9442
652.00,7.9381
652.50,7.9340
653.00,7.9352
653.50,7.9418
654.00,7.9483
654.50,7.9463
655.00,7.9294
655.50,7.8986
656.00,7.8617
656.50,7.8277
657.00,7.8018
657.50,7.7856
658.00,7.7799
658.50,7.7847
659.00,7.7976
659.50,7.8124
660.00,7.8224
660.50,7.8251
661.00,7.8247
661.50,7.8309
662.00,7.8534
662.50,7.8946
663.00,7.9464
663.50,7.9933
664.00,8.0203
664.50,8.0205
665.00,7.9973
665.50,7.9605
666.00,7.9201
666.50,7.8835
667.00,7.8550
667.50,7.8368
668.00,7.8304
668.50,7.8386
669.00,7.8656
669.50,7.9125
670.00,7.9703
670.50,8.0199
671.00,8.0415
671.50,8.0284
672.00,7.9917
672.50,7.9533
673.00,7.9322
673.50,7.9349
674.00,7.9551
674.50,7.9798
675.00,7.9977
675.50,8.0043
676.00,8.0011
676.50,7.9921
677.00,7.9783
677.50,7.9605
678.00,7.9428
678.50,7.9331
679.00,7.9368
679.50,7.9525
680.00,7.9732
680.50,7.9916
681.00,8.0049
681.50,8.0144
682.00,8.0228
682.50,8.0302
683.00,8.0322
683.50,8.0236
684.00,8.0026
684.50,7.9729
685.00,7.9420
685.50,7.9176
686.00,7.9030
686.50,7.8926
687.00,7.8756
687.50,7.8442
688.00,7.8028
688.50,7.7680
689.00,7.7557
689.50,7.7679
690.00,7.7902
690.50,7.8044
691.00,7.8036
691.50,7.7971
692.00,7.7984
692.50,7.8087
693.00,7.8116
693.50,7.7852
694.00,7.7216
694.50,7.6361
695.00,7.5582
695.50,7.5108
696.00,7.4967
696.50,7.5009
697.00,7.5070
697.50,7.5108
698.00,7.5194
698.50,7.5376
699.00,7.5595
699.50,7.5746
700.00,7.5792
700.50,7.5790
701.00,7.5799
701.50,7.5794
702.00,7.5713
702.50,7.5570
703.00,7.5482
703.50,7.5574
704.00,7.5884
704.50,7.6365
705.00,7.6918
705.50,7.7409
706.00,7.7677
706.50,7.7631
707.00,7.7342
707.50,7.7018
708.00,7.6844
708.50,7.6846
709.00,7.6912
709.50,7.6915
710.00,7.6815
710.50,7.6656
711.00,7.6517
711.50,7.6463
712.00,7.6539
712.50,7.6758
713.00,7.7095
713.50,7.7481
714.00,7.7819
714.50,7.8040
715.00,7.8144
715.50,7.8198
716.00,7.8299
716.50,7.8501
717.00,7.8783
717.50,7.9055
718.00,7.9224
718.50,7.9252
719.00,7.9174
719.50,7.9041
720.00,7.8883
720.50,7.8709
721.00,7.8552
721.50,7.8468
722.00,7.8491
722.50,7.8589
723.00,7.8683
723.50,7.8722
724.00,7.8717
724.50,7.8733
725.00,7.8825
725.50,7.9009
726.00,7.9284
726.50,7.9661
727.00,8.0132
727.50,8.0638
728.00,8.1069
728.50,8.1321
729.00,8.1344
729.50,8.1146
730.00,8.0792
730.50,8.0397
731.00,8.0098
731.50,7.9959
732.00,7.9918
732.50,7.9839
733.00,7.9634
733.50,7.9343
734.00,7.9088
734.50,7.8962
735.00,7.8975
735.50,7.9061
736.00,7.9153
736.50,7.9232
737.00,7.9327
737.50,7.9464
738.00,7.9629
738.50,7.9785
739.00,7.9910
739.50,8.0014
740.00,8.0126
740.50,8.0261
741.00,8.0401
741.50,8.0494
742.00,8.0511
742.50,8.0489
743.00,8.0526
743.50,8.0704
744.00,8.1013
744.50,8.1367
745.00,8.1693
745.50,8.1988
746.00,8.2302
746.50,8.2670
747.00,8.3089
747.50,8.3538
748.00,8.4021
748.50,8.4546
749.00,8.5082
749.50,8.5548
750.00,8.5861
750.50,8.5999
751.00,8.6029
751.50,8.6071
752.00,8.6246
752.50,8.6612
753.00,8.7133
753.50,8.7695
754.00,8.8159
754.50,8.8416
755.00,8.8423
755.50,8.8214
756.00,8.7891
756.50,8.7598
757.00,8.7458
757.50,8.7499
758.00,8.7615
758.50,8.7638
759.00,8.7460
759.50,8.7094
760.00,8.6640
760.50,8.6216
761.00,8.5916
761.50,8.5776
762.00,8.5751
762.50,8.5705
763.00,8.5479
763.50,8.4982
764.00,8.4269
764.50,8.3518
765.00,8.2942
765.50,8.2653
766.00,8.2607
766.50,8.2642
767.00,8.2616
767.50,8.2503
768.00,8.2376
768.50,8.2310
769.00,8.2308
769.50,8.2303
770.00,8.2225
770.50,8.2050
771.00,8.1816
771.50,8.1602
772.00,8.1491
772.50,8.1507
773.00,8.1601
773.50,8.1678
774.00,8.1661
774.50,8.1532
775.00,8.1339
775.50,8.1171
776.00,8.1115
776.50,8.1206
777.00,8.1394
777.50,8.1549
778.00,8.1523
778.50,8.1250
779.00,8.0814
779.50,8.0417
780.00,8.0250
780.50,8.0361
781.00,8.0649
781.50,8.0972
782.00,8.1254
782.50,8.1488
783.00,8.1667
783.50,8.1744
784.00,8.1671
784.50,8.1476
785.00,8.1264
785.50,8.1154
786.00,8.1200
786.50,8.1368
787.00,8.1582
787.50,8.1782
788.00,8.1939
788.50,8.2044
789.00,8.2081
789.50,8.2032
790.00,8.1899
790.50,8.1702
791.00,8.1470
791.50,8.1226
792.00,8.1002
792.50,8.0856
793.00,8.0856
793.50,8.1022
794.00,8.1293
794.50,8.1547
795.00,8.1682
795.50,8.1659
796.00,8.1509
796.50,8.1304
797.00,8.1135
797.50,8.1065
798.00,8.1084
798.50,8.1119
799.00,8.1089
799.50,8.0963
800.00,8.0763
800.50,8.0532
801.00,8.0306
801.50,8.0124
802.00,8.0045
802.50,8.0124
803.00,8.0371
803.50,8.0727
804.00,8.1096
804.50,8.1385
805.00,8.1548
805.50,8.1595
806.00,8.1573
806.50,8.1540
807.00,8.1535
807.50,8.1569
808.00,8.1627
808.50,8.1685
809.00,8.1711
809.50,8.1674
810.00,8.1557
810.50,8.1380
811.00,8.1198
811.50,8.1060
812.00,8.0951
812.50,8.0786
813.00,8.0493
813.50,8.0115
814.00,7.9821
814.50,7.9812
815.00,8.0177
815.50,8.0797
816.00,8.1388
816.50,8.1666
817.00,8.1525
817.50,8.1086
818.00,8.0583
818.50,8.0202
819.00,8.0015
819.50,7.9991
820.00,8.0068
820.50,8.0207
821.00,8.0421
821.50,8.0734
822.00,8.1132
822.50,8.1530
823.00,8.1791
823.50,8.1788
824.00,8.1479
824.50,8.0969
825.00,8.0480
825.50,8.0231
826.00,8.0305
826.50,8.0609
827.00,8.0958
827.50,8.1190
828.00,8.1222
828.50,8.1033
829.00,8.0669
829.50,8.0251
830.00,7.9952
830.50,7.9888
831.00,8.0031
831.50,8.0246
832.00,8.0418
832.50,8.0542
833.00,8.0689
833.50,8.0917
834.00,8.1224
834.50,8.1562
835.00,8.1879
835.50,8.2141
836.00,8.2334
836.50,8.2447
837.00,8.2461
837.50,8.2355
838.00,8.2150
838.50,8.1923
839.00,8.1777
839.50,8.1763
840.00,8.1822
840.50,8.1828
841.00,8.1688
841.50,8.1420
842.00,8.1135
842.50,8.0938
843.00,8.0839
843.50,8.0767
844.00,8.0665
844.50,8.0566
845.00,8.0535
845.50,8.0568
846.00,8.0575
846.50,8.0461
847.00,8.0192
847.50,7.9784
848.00,7.9274
848.50,7.8738
849.00,7.8315
849.50,7.8148
850.00,7.8291
850.50,7.8671
851.00,7.9145
851.50,7.9561
852.00,7.9782
852.50,7.9717
853.00,7.9370
853.50,7.8882
854.00,7.8470
854.50,7.8281
855.00,7.8294
855.50,7.8357
856.00,7.8322
856.50,7.8156
857.00,7.7929
857.50,7.7738
858.00,7.7614
858.50,7.7494
859.00,7.7258
859.50,7.6806
860.00,7.6143
860.50,7.5419
861.00,7.4851
861.50,7.4581
862.00,7.4589
862.50,7.4751
863.00,7.4959
863.50,7.5175
864.00,7.5379
864.50,7.5520
865.00,7.5530
865.50,7.5366
866.00,7.5014
866.50,7.4479
867.00,7.3806
867.50,7.3098
868.00,7.2495
868.50,7.2094
869.00,7.1901
869.50,7.1839
870.00,7.1819
870.50,7.1779
871.00,7.1687
871.50,7.1524
872.00,7.1297
872.50,7.1053
873.00,7.0876
873.50,7.0834
874.00,7.0941
874.50,7.1131
875.00,7.1290
875.50,7.1302
876.00,7.1112
876.50,7.0754
877.00,7.0325
877.50,6.9944
878.00,6.9704
878.50,6.9632
879.00,6.9676
879.50,6.9739
880.00,6.9740
880.50,6.9662
881.00,6.9552
881.50,6.9472
882.00,6.9452
882.50,6.9478
883.00,6.9535
883.50,6.9626
884.00,6.9773
884.50,6.9976
885.00,7.0203
885.50,7.0411
886.00,7.0557
886.50,7.0611
887.00,7.0566
887.50,7.0453
888.00,7.0323
888.50,7.0191
889.00,7.0014
889.50,6.9744
890.00,6.9415
890.50,6.9155
891.00,6.9080
891.50,6.9198
892.00,6.9407
892.50,6.9573
893.00,6.9617
893.50,6.9517
894.00,6.9264
894.50,6.8844
895.00,6.8269
895.50,6.7626
896.00,6.7075
896.50,6.6749
897.00,6.6672
897.50,6.6754
898.00,6.6897
898.50,6.7060
899.00,6.7245
899.50,6.7425
900.00,6.7525
900.50,6.7475
901.00,6.7277
901.50,6.7019
902.00,6.6820
902.50,6.6764
903.00,6.6832
903.50,6.6913
904.00,6.6878
904.50,6.6699
905.00,6.6485
905.50,6.6411
906.00,6.6596
906.50,6.7015
907.00,6.7524
907.50,6.7951
908.00,6.8195
908.50,6.8257
909.00,6.8208
909.50,6.8140
910.00,6.8122
910.50,6.8196
911.00,6.8361
911.50,6.8576
912.00,6.8772
912.50,6.8896
913.00,6.8957
913.50,6.9036
914.00,6.9223
914.50,6.9546
915.00,6.9950
915.50,7.0354
916.00,7.0724
916.50,7.1091
917.00,7.1487
917.50,7.1876
918.00,7.2140
918.50,7.2156
919.00,7.1894
919.50,7.1453
920.00,7.0996
920.50,7.0646
921.00,7.0432
921.50,7.0330
922.00,7.0323
922.50,7.0417
923.00,7.0596
923.50,7.0805
924.00,7.0985
924.50,7.1090
925.00,7.1079
925.50,7.0913
926.00,7.0584
926.50,7.0147
927.00,6.9711
927.50,6.9408
928.00,6.9345
928.50,6.9563
929.00,7.0006
929.50,7.0542
930.00,7.1027
930.50,7.1370
931.00,7.1553
931.50,7.1607
932.00,7.1572
932.50,7.1486
933.00,7.1381
933.50,7.1265
934.00,7.1110
934.50,7.0885
935.00,7.0629
935.50,7.0477
936.00,7.0576
936.50,7.0972
937.00,7.1574
937.50,7.2221
938.00,7.2767
938.50,7.3138
939.00,7.3336
939.50,7.3428
940.00,7.3492
940.50,7.3580
941.00,7.3705
941.50,7.3866
942.00,7.4067
942.50,7.4331
943.00,7.4696
943.50,7.5182
944.00,7.5740
944.50,7.6247
945.00,7.6577
945.50,7.6690
946.00,7.6639
946.50,7.6519
947.00,7.6413
947.50,7.6378
948.00,7.6448
948.50,7.6628
949.00,7.6894
949.50,7.7228
950.00,7.7623
950.50,7.8064
951.00,7.8504
951.50,7.8880
952.00,7.9162
952.50,7.9357
953.00,7.9489
953.50,7.9567
954.00,7.9597
954.50,7.9594
955.00,7.9586
955.50,7.9594
956.00,7.9612
956.50,7.9623
957.00,7.9611
957.50,7.9582
958.00,7.9559
958.50,7.9577
959.00,7.9679
959.50,7.9882
960.00,8.0155
960.50,8.0428
961.00,8.0647
961.50,8.0821
962.00,8.0995
962.50,8.1191
963.00,8.1380
963.50,8.1520
964.00,8.1615
964.50,8.1732
965.00,8.1953
965.50,8.2308
966.00,8.2760
966.50,8.3257
967.00,8.3775
967.50,8.4314
968.00,8.4853
968.50,8.5338
969.00,8.5727
969.50,8.6049
970.00,8.6379
970.50,8.6759
971.00,8.7137
971.50,8.7397
972.00,8.7481
972.50,8.7480
973.00,8.7587
973.50,8.7956
974.00,8.8581
974.50,8.9311
975.00,8.9953
975.50,9.0400
976.00,9.0690
976.50,9.0948
977.00,9.1281
977.50,9.1681
978.00,9.2046
978.50,9.2283
979.00,9.2390
979.50,9.2460
980.00,9.2591
980.50,9.2822
981.00,9.3120
981.50,9.3419
982.00,9.3654
982.50,9.3783
983.00,9.3784
983.50,9.3669
984.00,9.3494
984.50,9.3363
985.00,9.3376
985.50,9.3574
986.00,9.3913
986.50,9.4283
987.00,9.4553
987.50,9.4634
988.00,9.4548
988.50,9.4422
989.00,9.4381
989.50,9.4426
990.00,9.4428
990.50,9.4256
991.00,9.3901
991.50,9.3473
992.00,9.3110
992.50,9.2910
993.00,9.2908
993.50,9.3071
994.00,9.3289
994.50,9.3422
995.00,9.3389
995.50,9.3224
996.00,9.3049
996.50,9.2958
997.00,9.2926
997.50,9.2833
998.00,9.2592
998.50,9.2255
999.00,9.1984
999.50,9.1924
1000.00,9.2094
1000.50,9.2389
1001.00,9.2681
1001.50,9.2910
1002.00,9.3092
1002.50,9.3267
1003.00,9.3445
1003.50,9.3609
1004.00,9.3740
1004.50,9.3837
1005.00,9.3918
1005.50,9.4015
1006.00,9.4168
1006.50,9.4406
1007.00,9.4720
1007.50,9.5045
1008.00,9.5302
1008.50,9.5460
1009.00,9.5560
1009.50,9.5657
1010.00,9.5756
1010.50,9.5816
1011.00,9.5824
1011.50,9.5836
1012.00,9.5935
1012.50,9.6153
1013.00,9.6443
1013.50,9.6722
1014.00,9.6923
1014.50,9.7010
1015.00,9.6980
1015.50,9.6860
1016.00,9.6705
1016.50,9.6579
1017.00,9.6529
1017.50,9.6558
1018.00,9.6618
1018.50,9.6621
1019.00,9.6487
1019.50,9.6206
1020.00,9.5863
1020.50,9.5600
1021.00,9.5524
1021.50,9.5639
1022.00,9.5847
1022.50,9.6008
1023.00,9.6024
1023.50,9.5872
1024.00,9.5592
1024.50,9.5243
1025.00,9.4850
1025.50,9.4418
1026.00,9.3972
1026.50,9.3598
1027.00,9.3413
1027.50,9.3477
1028.00,9.3732
1028.50,9.4041
1029.00,9.4286
1029.50,9.4436
1030.00,9.4532
1030.50,9.4630
1031.00,9.4741
1031.50,9.4804
1032.00,9.4725
1032.50,9.4444
1033.00,9.3999
1033.50,9.3524
1034.00,9.3185
1034.50,9.3095
1035.00,9.3265
1035.50,9.3618
1036.00,9.4026
1036.50,9.4381
1037.00,9.4649
1037.50,9.4855
1038.00,9.5023
1038.50,9.5135
1039.00,9.5156
1039.50,9.5103
1040.00,9.5053
1040.50,9.5079
1041.00,9.5169
1041.50,9.5222
1042.00,9.5150
1042.50,9.4976
1043.00,9.4828
1043.50,9.4826
1044.00,9.4972
1044.50,9.5141
1045.00,9.5200
1045.50,9.5116
1046.00,9.4986
1046.50,9.4949
1047.00,9.5067
1047.50,9.5282
1048.00,9.5480
1048.50,9.5588
1049.00,9.5606
1049.50,9.5542
1050.00,9.5384
1050.50,9.5145
1051.00,9.4930
1051.50,9.4887
1052.00,9.5042
1052.50,9.5212
1053.00,9.5100
1053.50,9.4511
1054.00,9.3494
1054.50,9.2296
1055.00,9.1222
1055.50,9.0500
1056.00,9.0224
1056.50,9.0332
1057.00,9.0632
1057.50,9.0884
1058.00,9.0904
1058.50,9.0627
1059.00,9.0104
1059.50,8.9463
1060.00,8.8842
1060.50,8.8343
1061.00,8.7990
1061.50,8.7739
1062.00,8.7516
1062.50,8.7257
1063.00,8.6949
1063.50,8.6632
1064.00,8.6354
1064.50,8.6138
1065.00,8.5978
1065.50,8.5870
1066.00,8.5808
1066.50,8.5742
1067.00,8.5591
1067.50,8.5328
1068.00,8.5041
1068.50,8.4869
1069.00,8.4883
1069.50,8.5028
1070.00,8.5177
1070.50,8.5237
1071.00,8.5211
1071.50,8.5176
1072.00,8.5224
1072.50,8.5408
1073.00,8.5722
1073.50,8.6089
1074.00,8.6358
1074.50,8.6356
1075.00,8.5979
1075.50,8.5281
1076.00,8.4456
1076.50,8.3745
1077.00,8.3341
1077.50,8.3323
1078.00,8.3633
1078.50,8.4087
1079.00,8.4438
1079.50,8.4476
1080.00,8.4126
1080.50,8.3478
1081.00,8.2742
1081.50,8.2145
1082.00,8.1849
1082.50,8.1903
1083.00,8.2239
1083.50,8.2679
1084.00,8.2987
1084.50,8.2968
1085.00,8.2581
1085.50,8.1969
1086.00,8.1371
1086.50,8.0980
1087.00,8.0834
1087.50,8.0832
1088.00,8.0833
1088.50,8.0779
1089.00,8.0730
1089.50,8.0785
1090.00,8.0962
1090.50,8.1179
1091.00,8.1339
1091.50,8.1402
1092.00,8.1404
1092.50,8.1407
1093.00,8.1445
1093.50,8.1492
1094.00,8.1478
1094.50,8.1364
1095.00,8.1182
1095.50,8.1004
1096.00,8.0876
1096.50,8.0787
1097.00,8.0706
1097.50,8.0606
1098.00,8.0465
1098.50,8.0251
1099.00,7.9944
1099.50,7.9577
1100.00,7.9251
1100.50,7.9120
1101.00,7.9299
1101.50,7.9768
1102.00,8.0334
1102.50,8.0729
1103.00,8.0785
1103.50,8.0540
1104.00,8.0187
1104.50,7.9930
1105.00,7.9881
1105.50,8.0036
1106.00,8.0300
1106.50,8.0518
1107.00,8.0558
1107.50,8.0393
1108.00,8.0135
1108.50,7.9941
1109.00,7.9898
1109.50,7.9992
1110.00,8.0168
1110.50,8.0373
1111.00,8.0526
1111.50,8.0491
1112.00,8.0166
1112.50,7.9586
1113.00,7.8940
1113.50,7.8453
1114.00,7.8244
1114.50,7.8268
1115.00,7.8390
1115.50,7.8513
1116.00,7.8652
1116.50,7.8896
1117.00,7.9291
1117.50,7.9758
1118.00,8.0118
1118.50,8.0204
1119.00,7.9967
1119.50,7.9504
1120.00,7.8988
1120.50,7.8577
1121.00,7.8360
1121.50,7.8372
1122.00,7.8616
1122.50,7.9060
1123.00,7.9635
1123.50,8.0249
1124.00,8.0805
1124.50,8.1210
1125.00,8.1400
1125.50,8.1364
1126.00,8.1159
1126.50,8.0896
1127.00,8.0710
1127.50,8.0719
1128.00,8.0983
1128.50,8.1453
1129.00,8.1975
1129.50,8.2358
1130.00,8.2491
1130.50,8.2428
1131.00,8.2352
1131.50,8.2449
1132.00,8.2796
1132.50,8.3344
1133.00,8.3955
1133.50,8.4466
1134.00,8.4749
1134.50,8.4757
1135.00,8.4556
1135.50,8.4297
1136.00,8.4149
1136.50,8.4212
1137.00,8.4469
1137.50,8.4809
1138.00,8.5103
1138.50,8.5282
1139.00,8.5365
1139.50,8.5416
1140.00,8.5492
1140.50,8.5618
1141.00,8.5799
1141.50,8.6038
1142.00,8.6332
1142.50,8.6660
1143.00,8.6990
1143.50,8.7286
1144.00,8.7529
1144.50,8.7724
1145.00,8.7884
1145.50,8.8014
1146.00,8.8106
1146.50,8.8166
1147.00,8.8240
1147.50,8.8404
1148.00,8.8709
1148.50,8.9138
1149.00,8.9605
1149.50,9.0011
1150.00,9.0295
1150.50,9.0481
1151.00,9.0648
1151.50,9.0860
1152.00,9.1098
1152.50,9.1278
1153.00,9.1320
1153.50,9.1220
1154.00,9.1037
1154.50,9.0815
1155.00,9.0551
1155.50,9.0233
1156.00,8.9901
1156.50,8.9652
1157.00,8.9580
1157.50,8.9711
1158.00,9.0000
1158.50,9.0381
1159.00,9.0797
1159.50,9.1185
1160.00,9.1478
1160.50,9.1617
1161.00,9.1592
1161.50,9.1460
1162.00,9.1332
1162.50,9.1306
1163.00,9.1421
1163.50,9.1654
1164.00,9.1976
1164.50,9.2382
1165.00,9.2848
1165.50,9.3306
1166.00,9.3673
1166.50,9.3893
1167.00,9.3948
1167.50,9.3832
1168.00,9.3552
1168.50,9.3172
1169.00,9.2837
1169.50,9.2714
1170.00,9.2900
1170.50,9.3358
1171.00,9.3946
1171.50,9.4506
1172.00,9.4939
1172.50,9.5220
1173.00,9.5386
1173.50,9.5499
1174.00,9.5615
1174.50,9.5752
1175.00,9.5881
1175.50,9.5954
1176.00,9.5941
1176.50,9.5839
1177.00,9.5648
1177.50,9.5366
1178.00,9.5030
1178.50,9.4762
1179.00,9.4709
1179.50,9.4914
1180.00,9.5220
1180.50,9.5332
1181.00,9.5025
1181.50,9.4316
1182.00,9.3472
1182.50,9.2832
1183.00,9.2594
1183.50,9.2713
1184.00,9.2973
1184.50,9.3164
1185.00,9.3205
1185.50,9.3143
1186.00,9.3064
1186.50,9.3012
1187.00,9.2970
1187.50,9.2897
1188.00,9.2754
1188.50,9.2517
1189.00,9.2181
1189.50,9.1775
1190.00,9.1346
1190.50,9.0943
1191.00,9.0581
1191.50,9.0250
1192.00,8.9937
1192.50,8.9667
1193.00,8.9489
1193.50,8.9442
1194.00,8.9497
1194.50,8.9538
1195.00,8.9435
1195.50,8.9158
1196.00,8.8826
1196.50,8.8617
1197.00,8.8630
1197.50,8.8823
1198.00,8.9073
1198.50,8.9303
1199.00,8.9516
1199.50,8.9749
1200.00,9.0006
1200.50,9.0239
1201.00,9.0382
1201.50,9.0385
1202.00,9.0234
1202.50,8.9959
1203.00,8.9625
1203.50,8.9311
1204.00,8.9091
1204.50,8.9019
1205.00,8.9122
1205.50,8.9395
1206.00,8.9791
1206.50,9.0223
1207.00,9.0589
1207.50,9.0827
1208.00,9.0958
1208.50,9.1067
1209.00,9.1235
1209.50,9.1464
1210.00,9.1693
1210.50,9.1876
1211.00,9.2051
1211.50,9.2315
1212.00,9.2727
1212.50,9.3220
1213.00,9.3623
1213.50,9.3759
1214.00,9.3565
1214.50,9.3115
1215.00,9.2557
1215.50,9.2020
1216.00,9.1565
1216.50,9.1220
1217.00,9.1030
1217.50,9.1051
1218.00,9.1309
1218.50,9.1735
1219.00,9.2165
1219.50,9.2402
1220.00,9.2327
1220.50,9.1949
1221.00,9.1373
1221.50,9.0740
1222.00,9.0206
1222.50,8.9930
1223.00,9.0020
1223.50,9.0462
1224.00,9.1123
1224.50,9.1818
1225.00,9.2378
1225.50,9.2680
1226.00,9.2672
1226.50,9.2391
1227.00,9.1943
1227.50,9.1460
1228.00,9.1049
1228.50,9.0775
1229.00,9.0646
1229.50,9.0616
1230.00,9.0598
1230.50,9.0505
1231.00,9.0311
1231.50,9.0090
1232.00,8.9979
1232.50,9.0079
1233.00,9.0387
1233.50,9.0809
1234.00,9.1228
1234.50,9.1543
1235.00,9.1691
1235.50,9.1655
1236.00,9.1476
1236.50,9.1236
1237.00,9.1012
1237.50,9.0862
1238.00,9.0849
1238.50,9.1019
1239.00,9.1349
1239.50,9.1730
1240.00,9.2033
1240.50,9.2214
1241.00,9.2326
1241.50,9.2444
1242.00,9.2590
1242.50,9.2755
1243.00,9.2942
1243.50,9.3180
1244.00,9.3468
1244.50,9.3746
1245.00,9.3921
1245.50,9.3947
1246.00,9.3871
1246.50,9.3811
1247.00,9.3867
1247.50,9.4039
1248.00,9.4215
1248.50,9.4275
1249.00,9.4203
1249.50,9.4105
1250.00,9.4121
1250.50,9.4327
1251.00,9.4703
1251.50,9.5158
1252.00,9.5582
1252.50,9.5897
1253.00,9.6099
1253.50,9.6247
1254.00,9.6399
1254.50,9.6571
1255.00,9.6742
1255.50,9.6891
1256.00,9.7009
1256.50,9.7088
1257.00,9.7112
1257.50,9.7091
1258.00,9.7083
1258.50,9.7175
1259.00,9.7410
1259.50,9.7745
1260.00,9.8085
1260.50,9.8363
1261.00,9.8586
1261.50,9.8803
1262.00,9.9065
1262.50,9.9386
1263.00,9.9741
1263.50,10.0067
1264.00,10.0278
1264.50,10.0303
1265.00,10.0117
1265.50,9.9761
1266.00,9.9332
1266.50,9.8978
1267.00,9.8852
1267.50,9.9048
1268.00,9.9529
1268.50,10.0142
1269.00,10.0708
1269.50,10.1151
1270.00,10.1564
1270.50,10.2161
1271.00,10.3159
1271.50,10.4663
1272.00,10.6617
1272.50,10.8827
1273.00,11.1042
1273.50,11.3068
1274.00,11.4839
1274.50,11.6399
1275.00,11.7799
1275.50,11.9035
1276.00,12.0070
1276.50,12.0884
1277.00,12.1484
1277.50,12.1897
1278.00,12.2172
1278.50,12.2388
1279.00,12.2616
1279.50,12.2873
1280.00,12.3123
1280.50,12.3332
1281.00,12.3496
1281.50,12.3617
1282.00,12.3685
1282.50,12.3705
1283.00,12.3734
1283.50,12.3829
1284.00,12.3983
1284.50,12.4113
1285.00,12.4136
1285.50,12.4053
1286.00,12.3926
1286.50,12.3816
1287.00,12.3718
1287.50,12.3562
1288.00,12.3250
1288.50,12.2718
1289.00,12.1998
1289.50,12.1227
1290.00,12.0593
1290.50,12.0233
1291.00,12.0163
1291.50,12.0298
1292.00,12.0523
1292.50,12.0746
1293.00,12.0904
1293.50,12.0959
1294.00,12.0908
1294.50,12.0790
1295.00,12.0671
1295.50,12.0611
1296.00,12.0628
1296.50,12.0687
1297.00,12.0722
1297.50,12.0666
1298.00,12.0476
1298.50,12.0145
1299.00,11.9722
1299.50,11.9303
1300.00,11.9005
1300.50,11.8896
1301.00,11.8939
1301.50,11.9007
1302.00,11.8967
1302.50,11.8796
1303.00,11.8594
1303.50,11.8509
1304.00,11.8617
1304.50,11.8877
1305.00,11.9163
1305.50,11.9331
1306.00,11.9270
1306.50,11.8937
1307.00,11.8383
1307.50,11.7753
1308.00,11.7239
1308.50,11.6999
1309.00,11.7101
1309.50,11.7514
1310.00,11.8107
1310.50,11.8680
1311.00,11.9018
1311.50,11.8993
1312.00,11.8631
1312.50,11.8100
1313.00,11.7623
1313.50,11.7366
1314.00,11.7356
1314.50,11.7484
1315.00,11.7579
1315.50,11.7529
1316.00,11.7329
1316.50,11.7044
1317.00,11.6739
1317.50,11.6425
1318.00,11.6060
1318.50,11.5582
1319.00,11.4971
1319.50,11.4280
1320.00,11.3617
1320.50,11.3066
1321.00,11.2616
1321.50,11.2190
1322.00,11.1750
1322.50,11.1357
1323.00,11.1104
1323.50,11.0985
1324.00,11.0865
1324.50,11.0610
1325.00,11.0240
1325.50,10.9924
1326.00,10.9812
1326.50,10.9892
1327.00,11.0017
1327.50,11.0037
1328.00,10.9861
1328.50,10.9468
1329.00,10.8906
1329.50,10.8298
1330.00,10.7786
1330.50,10.7446
1331.00,10.7254
1331.50,10.7141
1332.00,10.7034
1332.50,10.6878
1333.00,10.6651
1333.50,10.6401
1334.00,10.6235
1334.50,10.6245
1335.00,10.6421
1335.50,10.6650
1336.00,10.6789
1336.50,10.6753
1337.00,10.6546
1337.50,10.6250
1338.00,10.6001
1338.50,10.5934
1339.00,10.6093
1339.50,10.6386
1340.00,10.6640
1340.50,10.6708
1341.00,10.6542
1341.50,10.6191
1342.00,10.5775
1342.50,10.5443
1343.00,10.5318
1343.50,10.5434
1344.00,10.5688
1344.50,10.5873
1345.00,10.5788
1345.50,10.5378
1346.00,10.4754
1346.50,10.4114
1347.00,10.3613
1347.50,10.3302
1348.00,10.3161
1348.50,10.3142
1349.00,10.3202
1349.50,10.3301
1350.00,10.3394
1350.50,10.3426
1351.00,10.3338
1351.50,10.3096
1352.00,10.2723
1352.50,10.2264
1353.00,10.1760
1353.50,10.1259
1354.00,10.0855
1354.50,10.0677
1355.00,10.0789
1355.50,10.1129
1356.00,10.1535
1356.50,10.1847
1357.00,10.1968
1357.50,10.1861
1358.00,10.1538
1358.50,10.1055
1359.00,10.0514
1359.50,10.0030
1360.00,9.9673
1360.50,9.9439
1361.00,9.9280
1361.50,9.9173
1362.00,9.9146
1362.50,9.9223
1363.00,9.9354
1363.50,9.9409
1364.00,9.9269
1364.50,9.8928
1365.00,9.8508
1365.50,9.8161
1366.00,9.7969
1366.50,9.7911
1367.00,9.7918
1367.50,9.7944
1368.00,9.7991
1368.50,9.8087
1369.00,9.8235
1369.50,9.8382
1370.00,9.8447
1370.50,9.8375
1371.00,9.8190
1371.50,9.7971
1372.00,9.7788
1372.50,9.7645
1373.00,9.7500
1373.50,9.7331
1374.00,9.7175
1374.50,9.7077
1375.00,9.7033
1375.50,9.6983
1376.00,9.6888
1376.50,9.6784
1377.00,9.6756
1377.50,9.6866
1378.00,9.7100
1378.50,9.7376
1379.00,9.7595
1379.50,9.7697
1380.00,9.7688
1380.50,9.7635
1381.00,9.7617
1381.50,9.7672
1382.00,9.7790
1382.50,9.7937
1383.00,9.8098
1383.50,9.8280
1384.00,9.8496
1384.50,9.8737
1385.00,9.8971
1385.50,9.9160
1386.00,9.9261
1386.50,9.9224
1387.00,9.9003
1387.50,9.8587
1388.00,9.8048
1388.50,9.7544
1389.00,9.7254
1389.50,9.7297
1390.00,9.7672
1390.50,9.8251
1391.00,9.8802
1391.50,9.9079
1392.00,9.8958
1392.50,9.8522
1393.00,9.8025
1393.50,9.7721
1394.00,9.7715
1394.50,9.7931
1395.00,9.8191
1395.50,9.8329
1396.00,9.8271
1396.50,9.8061
1397.00,9.7838
1397.50,9.7775
1398.00,9.7985
1398.50,9.8444
1399.00,9.8986
1399.50,9.9402
1400.00,9.9557
1400.50,9.9477
1401.00,9.9317
1401.50,9.9265
1402.00,9.9435
1402.50,9.9821
1403.00,10.0319
1403.50,10.0789
1404.00,10.1128
1404.50,10.1301
1405.00,10.1328
1405.50,10.1254
1406.00,10.1126
1406.50,10.0979
1407.00,10.0820
1407.50,10.0639
1408.00,10.0434
1408.50,10.0236
1409.00,10.0089
1409.50,10.0017
1410.00,10.0021
1410.50,10.0095
1411.00,10.0242
1411.50,10.0476
1412.00,10.0816
1412.50,10.1251
1413.00,10.1712
1413.50,10.2083
1414.00,10.2279
1414.50,10.2320
1415.00,10.2317
1415.50,10.2389
1416.00,10.2578
1416.50,10.2831
1417.00,10.3032
1417.50,10.3085
1418.00,10.2996
1418.50,10.2880
1419.00,10.2884
1419.50,10.3064
1420.00,10.3346
1420.50,10.3590
1421.00,10.3676
1421.50,10.3560
1422.00,10.3290
1422.50,10.2985
1423.00,10.2783
1423.50,10.2768
1424.00,10.2920
1424.50,10.3124
1425.00,10.3248
1425.50,10.3221
1426.00,10.3085
1426.50,10.2964
1427.00,10.2976
1427.50,10.3178
1428.00,10.3542
1428.50,10.3954
1429.00,10.4264
1429.50,10.4348
1430.00,10.4188
1430.50,10.3865
1431.00,10.3485
1431.50,10.3098
1432.00,10.2694
1432.50,10.2279
1433.00,10.1936
1433.50,10.1816
1434.00,10.2041
1434.50,10.2576
1435.00,10.3215
1435.50,10.3695
1436.00,10.3868
1436.50,10.3758
1437.00,10.3492
1437.50,10.3184
1438.00,10.2890
1438.50,10.2623
1439.00,10.2375
1439.50,10.2119
1440.00,10.1825
1440.50,10.1489
1441.00,10.1141
1441.50,10.0817
1442.00,10.0545
1442.50,10.0350
1443.00,10.0252
1443.50,10.0227
1444.00,10.0169
1444.50,9.9916
1445.00,9.9357
1445.50,9.8518
1446.00,9.7551
1446.50,9.6631
1447.00,9.5863
1447.50,9.5271
1448.00,9.4847
1448.50,9.4577
1449.00,9.4461
1449.50,9.4499
1450.00,9.4676
1450.50,9.4926
1451.00,9.5140
1451.50,9.5197
1452.00,9.5025
1452.50,9.4632
1453.00,9.4095
1453.50,9.3523
1454.00,9.3025
1454.50,9.2680
1455.00,9.2521
1455.50,9.2525
1456.00,9.2632
1456.50,9.2761
1457.00,9.2833
1457.50,9.2800
1458.00,9.2652
1458.50,9.2431
1459.00,9.2193
1459.50,9.1960
1460.00,9.1716
1460.50,9.1458
1461.00,9.1230
1461.50,9.1098
1462.00,9.1081
1462.50,9.1124
1463.00,9.1147
1463.50,9.1107
1464.00,9.1042
1464.50,9.1062
1465.00,9.1279
1465.50,9.1707
1466.00,9.2220
1466.50,9.2613
1467.00,9.2743
1467.50,9.2625
1468.00,9.2409
1468.50,9.2246
1469.00,9.2189
1469.50,9.2201
1470.00,9.2221
1470.50,9.2194
1471.00,9.2074
1471.50,9.1856
1472.00,9.1590
1472.50,9.1352
1473.00,9.1172
1473.50,9.1027
1474.00,9.0896
1474.50,9.0815
1475.00,9.0855
1475.50,9.1048
1476.00,9.1325
1476.50,9.1535
1477.00,9.1534
1477.50,9.1272
1478.00,9.0833
1478.50,9.0364
1479.00,8.9983
1479.50,8.9719
1480.00,8.9553
1480.50,8.9476
1481.00,8.9500
1481.50,8.9602
1482.00,8.9703
1482.50,8.9715
1483.00,8.9610
1483.50,8.9424
1484.00,8.9207
1484.50,8.8984
1485.00,8.8777
1485.50,8.8629
1486.00,8.8581
1486.50,8.8612
1487.00,8.8646
1487.50,8.8625
1488.00,8.8573
1488.50,8.8546
1489.00,8.8541
1489.50,8.8493
1490.00,8.8362
1490.50,8.8192
1491.00,8.8039
1491.50,8.7893
1492.00,8.7700
1492.50,8.7464
1493.00,8.7258
1493.50,8.7137
1494.00,8.7078
1494.50,8.7039
1495.00,8.7044
1495.50,8.7164
1496.00,8.7417
1496.50,8.7711
1497.00,8.7905
1497.50,8.7926
1498.00,8.7822
1498.50,8.7702
1499.00,8.7656
1499.50,8.7713
1500.00,8.7860
1500.50,8.8051
1501.00,8.8214
1501.50,8.8279
1502.00,8.8221
1502.50,8.8081
1503.00,8.7936
1503.50,8.7851
1504.00,8.7857
1504.50,8.7958
1505.00,8.8140
1505.50,8.8355
1506.00,8.8538
1506.50,8.8632
1507.00,8.8614
1507.50,8.8497
1508.00,8.8333
1508.50,8.8205
1509.00,8.8171
1509.50,8.8205
1510.00,8.8197
1510.50,8.8064
1511.00,8.7842
1511.50,8.7656
1512.00,8.7615
1512.50,8.7724
1513.00,8.7920
1513.50,8.8124
1514.00,8.8285
1514.50,8.8374
1515.00,8.8384
1515.50,8.8332
1516.00,8.8271
1516.50,8.8285
1517.00,8.8439
1517.50,8.8720
1518.00,8.9036
1518.50,8.9289
1519.00,8.9441
1519.50,8.9529
1520.00,8.9616
1520.50,8.9738
1521.00,8.9876
1521.50,8.9969
1522.00,8.9961
1522.50,8.9872
1523.00,8.9815
1523.50,8.9919
1524.00,9.0219
1524.50,9.0605
1525.00,9.0909
1525.50,9.1029
1526.00,9.0987
1526.50,9.0879
1527.00,9.0793
1527.50,9.0744
1528.00,9.0685
1528.50,9.0563
1529.00,9.0385
1529.50,9.0216
1530.00,9.0127
1530.50,9.0136
1531.00,9.0218
1531.50,9.0339
1532.00,9.0472
1532.50,9.0592
1533.00,9.0676
1533.50,9.0703
1534.00,9.0661
1534.50,9.0557
1535.00,9.0417
1535.50,9.0278
1536.00,9.0173
1536.50,9.0151
1537.00,9.0280
1537.50,9.0608
1538.00,9.1085
1538.50,9.1550
1539.00,9.1827
1539.50,9.1831
1540.00,9.1603
1540.50,9.1247
1541.00,9.0884
1541.50,9.0630
1542.00,9.0593
1542.50,9.0843
1543.00,9.1367
1543.50,9.2061
1544.00,9.2766
1544.50,9.3337
1545.00,9.3675
1545.50,9.3731
1546.00,9.3515
1546.50,9.3100
1547.00,9.2615
1547.50,9.2189
1548.00,9.1898
1548.50,9.1769
1549.00,9.1808
1549.50,9.2011
1550.00,9.2351
1550.50,9.2771
1551.00,9.3198
1551.50,9.3584
1552.00,9.3920
1552.50,9.4218
1553.00,9.4476
1553.50,9.4673
1554.00,9.4780
1554.50,9.4785
1555.00,9.4697
1555.50,9.4533
1556.00,9.4328
1556.50,9.4123
1557.00,9.3943
1557.50,9.3776
1558.00,9.3582
1558.50,9.3344
1559.00,9.3107
1559.50,9.2968
1560.00,9.3013
1560.50,9.3255
1561.00,9.3619
1561.50,9.3979
1562.00,9.4214
1562.50,9.4248
1563.00,9.4074
1563.50,9.3761
1564.00,9.3412
1564.50,9.3107
1565.00,9.2876
1565.50,9.2730
1566.00,9.2702
1566.50,9.2836
1567.00,9.3143
1567.50,9.3570
1568.00,9.4006
1568.50,9.4341
1569.00,9.4514
1569.50,9.4546
1570.00,9.4522
1570.50,9.4553
1571.00,9.4717
1571.50,9.5009
1572.00,9.5345
1572.50,9.5638
1573.00,9.5859
1573.50,9.6046
1574.00,9.6260
1574.50,9.6536
1575.00,9.6880
1575.50,9.7276
1576.00,9.7693
1576.50,9.8082
1577.00,9.8374
1577.50,9.8503
1578.00,9.8441
1578.50,9.8237
1579.00,9.7999
1579.50,9.7845
1580.00,9.7856
1580.50,9.8067
1581.00,9.8458
1581.50,9.8963
1582.00,9.9492
1582.50,9.9971
1583.00,10.0370
1583.50,10.0694
1584.00,10.0974
1584.50,10.1261
1585.00,10.1614
1585.50,10.2054
1586.00,10.2523
1586.50,10.2918
1587.00,10.3179
1587.50,10.3355
1588.00,10.3570
1588.50,10.3905
1589.00,10.4325
1589.50,10.4705
1590.00,10.4935
1590.50,10.5013
1591.00,10.5036
1591.50,10.5123
1592.00,10.5337
1592.50,10.5675
1593.00,10.6100
1593.50,10.6600
1594.00,10.7195
1594.50,10.7901
1595.00,10.8661
1595.50,10.9337
1596.00,10.9773
1596.50,10.9902
1597.00,10.9789
1597.50,10.9584
1598.00,10.9428
1598.50,10.9370
1599.00,10.9363
1599.50,10.9323
1600.00,10.9212
1600.50,10.9077
1601.00,10.9012
1601.50,10.9090
1602.00,10.9325
1602.50,10.9668
1603.00,11.0034
1603.50,11.0323
1604.00,11.0462
1604.50,11.0453
1605.00,11.0394
1605.50,11.0443
1606.00,11.0711
1606.50,11.1177
1607.00,11.1691
1607.50,11.2075
1608.00,11.2235
1608.50,11.2207
1609.00,11.2090
1609.50,11.1955
1610.00,11.1831
1610.50,11.1783
1611.00,11.1940
1611.50,11.2422
1612.00,11.3217
1612.50,11.4155
1613.00,11.5030
1613.50,11.5717
1614.00,11.6203
1614.50,11.6509
1615.00,11.6631
1615.50,11.6569
1616.00,11.6402
1616.50,11.6311
1617.00,11.6492
1617.50,11.7036
1618.00,11.7873
1618.50,11.8838
1619.00,11.9793
1619.50,12.0714
1620.00,12.1699
1620.50,12.2879
1621.00,12.4304
1621.50,12.5883
1622.00,12.7442
1622.50,12.8845
1623.00,13.0074
1623.50,13.1225
1624.00,13.2437
1624.50,13.3825
1625.00,13.5455
1625.50,13.7340
1626.00,13.9458
1626.50,14.1776
1627.00,14.4255
1627.50,14.6837
1628.00,14.9453
1628.50,15.2057
1629.00,15.4671
1629.50,15.7366
1630.00,16.0201
1630.50,16.3185
1631.00,16.6293
1631.50,16.9513
1632.00,17.2855
1632.50,17.6320
1633.00,17.9867
1633.50,18.3439
1634.00,18.7002
1634.50,19.0560
1635.00,19.4099
1635.50,19.7556
1636.00,20.0850
1636.50,20.3987
1637.00,20.7105
1637.50,21.0400
1638.00,21.3986
1638.50,21.7822
1639.00,22.1755
1639.50,22.5618
1640.00,22.9314
1640.50,23.2840
1641.00,23.6265
1641.50,23.9654
1642.00,24.3007
1642.50,24.6251
1643.00,24.9297
1643.50,25.2111
1644.00,25.4753
1644.50,25.7299
1645.00,25.9731
1645.50,26.1883
1646.00,26.3520
1646.50,26.4496
1647.00,26.4819
1647.50,26.4565
1648.00,26.3751
1648.50,26.2315
1649.00,26.0207
1649.50,25.7446
1650.00,25.4058
1650.50,24.9998
1651.00,24.5126
1651.50,23.9296
1652.00,23.2450
1652.50,22.4664
1653.00,21.6115
1653.50,20.7014
1654.00,19.7558
1654.50,18.7898
1655.00,17.8174
1655.50,16.8548
1656.00,15.9225
1656.50,15.0414
1657.00,14.2263
1657.50,13.4818
1658.00,12.8042
1658.50,12.1876
1659.00,11.6296
1659.50,11.1325
1660.00,10.7018
1660.50,10.3404
1661.00,10.0435
1661.50,9.7989
1662.00,9.5958
1662.50,9.4327
1663.00,9.3150
1663.50,9.2427
1664.00,9.2030
1664.50,9.1786
1665.00,9.1631
1665.50,9.1652
1666.00,9.1952
1666.50,9.2501
1667.00,9.3120
1667.50,9.3622
1668.00,9.3925
1668.50,9.4063
1669.00,9.4107
1669.50,9.4124
1670.00,9.4179
1670.50,9.4348
1671.00,9.4700
1671.50,9.5261
1672.00,9.5992
1672.50,9.6786
1673.00,9.7508
1673.50,9.8060
1674.00,9.8435
1674.50,9.8698
1675.00,9.8918
1675.50,9.9127
1676.00,9.9349
1676.50,9.9618
1677.00,9.9964
1677.50,10.0363
1678.00,10.0748
1678.50,10.1068
1679.00,10.1349
1679.50,10.1671
1680.00,10.2093
1680.50,10.2577
1681.00,10.3007
1681.50,10.3278
1682.00,10.3367
1682.50,10.3354
1683.00,10.3358
1683.50,10.3465
1684.00,10.3663
1684.50,10.3848
1685.00,10.3892
1685.50,10.3757
1686.00,10.3527
1686.50,10.3344
1687.00,10.3301
1687.50,10.3375
1688.00,10.3453
1688.50,10.3417
1689.00,10.3220
1689.50,10.2896
1690.00,10.2517
1690.50,10.2139
1691.00,10.1788
1691.50,10.1491
1692.00,10.1277
1692.50,10.1152
1693.00,10.1056
1693.50,10.0893
1694.00,10.0594
1694.50,10.0181
1695.00,9.9752
1695.50,9.9396
1696.00,9.9109
1696.50,9.8821
1697.00,9.8470
1697.50,9.8061
1698.00,9.7650
1698.50,9.7272
1699.00,9.6903
1699.50,9.6489
1700.00,9.6017
1700.50,9.5558
1701.00,9.5228
1701.50,9.5108
1702.00,9.5198
1702.50,9.5428
1703.00,9.5681
1703.50,9.5826
1704.00,9.5759
1704.50,9.5458
1705.00,9.5006
1705.50,9.4544
1706.00,9.4180
1706.50,9.3924
1707.00,9.3696
1707.50,9.3419
1708.00,9.3097
1708.50,9.2810
1709.00,9.2627
1709.50,9.2531
1710.00,9.2442
1710.50,9.2295
1711.00,9.2085
1711.50,9.1861
1712.00,9.1693
1712.50,9.1635
1713.00,9.1697
1713.50,9.1824
1714.00,9.1923
1714.50,9.1930
1715.00,9.1866
1715.50,9.1824
1716.00,9.1903
1716.50,9.2152
1717.00,9.2547
1717.50,9.3013
1718.00,9.3456
1718.50,9.3798
1719.00,9.4001
1719.50,9.4106
1720.00,9.4216
1720.50,9.4434
1721.00,9.4780
1721.50,9.5176
1722.00,9.5497
1722.50,9.5646
1723.00,9.5610
1723.50,9.5458
1724.00,9.5306
1724.50,9.5254
1725.00,9.5330
1725.50,9.5488
1726.00,9.5663
1726.50,9.5814
1727.00,9.5936
1727.50,9.6053
1728.00,9.6193
1728.50,9.6376
1729.00,9.6609
1729.50,9.6886
1730.00,9.7158
1730.50,9.7313
1731.00,9.7225
1731.50,9.6865
1732.00,9.6358
1732.50,9.5909
1733.00,9.5653
1733.50,9.5575
1734.00,9.5553
1734.50,9.5468
1735.00,9.5273
1735.50,9.4991
1736.00,9.4678
1736.50,9.4396
1737.00,9.4213
1737.50,9.4206
1738.00,9.4417
1738.50,9.4777
1739.00,9.5127
1739.50,9.5303
1740.00,9.5237
1740.50,9.4964
1741.00,9.4581
1741.50,9.4177
1742.00,9.3819
1742.50,9.3563
1743.00,9.3465
1743.50,9.3565
1744.00,9.3834
1744.50,9.4149
1745.00,9.4328
1745.50,9.4226
1746.00,9.3836
1746.50,9.3310
1747.00,9.2881
1747.50,9.2745
1748.00,9.2963
1748.50,9.3442
1749.00,9.3976
1749.50,9.4336
1750.00,9.4399
1750.50,9.4203
1751.00,9.3892
1751.50,9.3596
1752.00,9.3351
1752.50,9.3134
1753.00,9.2931
1753.50,9.2757
1754.00,9.2631
1754.50,9.2570
1755.00,9.2589
1755.50,9.2699
1756.00,9.2872
1756.50,9.3027
1757.00,9.3079
1757.50,9.2999
1758.00,9.2831
1758.50,9.2640
1759.00,9.2482
1759.50,9.2378
1760.00,9.2331
1760.50,9.2339
1761.00,9.2399
1761.50,9.2485
1762.00,9.2528
1762.50,9.2409
1763.00,9.2040
1763.50,9.1469
1764.00,9.0899
1764.50,9.0584
1765.00,9.0644
1765.50,9.0995
1766.00,9.1421
1766.50,9.1726
1767.00,9.1841
1767.50,9.1797
1768.00,9.1650
1768.50,9.1413
1769.00,9.1073
1769.50,9.0631
1770.00,9.0128
1770.50,8.9629
1771.00,8.9233
1771.50,8.9039
1772.00,8.9072
1772.50,8.9225
1773.00,8.9292
1773.50,8.9100
1774.00,8.8654
1774.50,8.8142
1775.00,8.7810
1775.50,8.7798
1776.00,8.8046
1776.50,8.8361
1777.00,8.8559
1777.50,8.8576
1778.00,8.8477
1778.50,8.8381
1779.00,8.8371
1779.50,8.8450
1780.00,8.8548
1780.50,8.8577
1781.00,8.8522
1781.50,8.8467
1782.00,8.8530
1782.50,8.8755
1783.00,8.9074
1783.50,8.9378
1784.00,8.9607
1784.50,8.9782
1785.00,8.9944
1785.50,9.0106
1786.00,9.0255
1786.50,9.0384
1787.00,9.0507
1787.50,9.0632
1788.00,9.0742
1788.50,9.0803
1789.00,9.0810
1789.50,9.0807
1790.00,9.0863
1790.50,9.1019
1791.00,9.1267
1791.50,9.1564
1792.00,9.1873
1792.50,9.2179
1793.00,9.2468
1793.50,9.2703
1794.00,9.2827
1794.50,9.2790
1795.00,9.2583
1795.50,9.2259
1796.00,9.1935
1796.50,9.1748
1797.00,9.1783
1797.50,9.2003
1798.00,9.2273
1798.50,9.2448
1799.00,9.2471
1799.50,9.2396
1800.00,9.2322
1800.50,9.2318
1801.00,9.2402
1801.50,9.2555
1802.00,9.2736
1802.50,9.2883
1803.00,9.2927
1803.50,9.2844
1804.00,9.2686
1804.50,9.2548
1805.00,9.2496
1805.50,9.2523
1806.00,9.2566
1806.50,9.2565
1807.00,9.2496
1807.50,9.2355
1808.00,9.2129
1808.50,9.1803
1809.00,9.1412
1809.50,9.1058
1810.00,9.0846
1810.50,9.0814
1811.00,9.0920
1811.50,9.1097
1812.00,9.1304
1812.50,9.1534
1813.00,9.1792
1813.50,9.2087
1814.00,9.2415
1814.50,9.2727
1815.00,9.2919
1815.50,9.2878
1816.00,9.2572
1816.50,9.2093
1817.00,9.1621
1817.50,9.1311
1818.00,9.1216
1818.50,9.1279
1819.00,9.1423
1819.50,9.1609
1820.00,9.1822
1820.50,9.2017
1821.00,9.2136
1821.50,9.2173
1822.00,9.2210
1822.50,9.2346
1823.00,9.2589
1823.50,9.2855
1824.00,9.3059
1824.50,9.3196
1825.00,9.3318
1825.50,9.3455
1826.00,9.3584
1826.50,9.3659
1827.00,9.3660
1827.50,9.3610
1828.00,9.3562
1828.50,9.3571
1829.00,9.3659
1829.50,9.3785
1830.00,9.3854
1830.50,9.3787
1831.00,9.3598
1831.50,9.3404
1832.00,9.3344
1832.50,9.3475
1833.00,9.3751
1833.50,9.4062
1834.00,9.4279
1834.50,9.4288
1835.00,9.4062
1835.50,9.3721
1836.00,9.3480
1836.50,9.3487
1837.00,9.3689
1837.50,9.3888
1838.00,9.3918
1838.50,9.3787
1839.00,9.3656
1839.50,9.3699
1840.00,9.3975
1840.50,9.4405
1841.00,9.4840
1841.50,9.5151
1842.00,9.5277
1842.50,9.5219
1843.00,9.4988
1843.50,9.4581
1844.00,9.3998
1844.50,9.3302
1845.00,9.2651
1845.50,9.2246
1846.00,9.2234
1846.50,9.2630
1847.00,9.3300
1847.50,9.4018
1848.00,9.4567
1848.50,9.4804
1849.00,9.4682
1849.50,9.4251
1850.00,9.3665
1850.50,9.3135
1851.00,9.2814
1851.50,9.2691
1852.00,9.2629
1852.50,9.2537
1853.00,9.2469
1853.50,9.2552
1854.00,9.2807
1854.50,9.3103
1855.00,9.3263
1855.50,9.3219
1856.00,9.3037
1856.50,9.2838
1857.00,9.2709
1857.50,9.2682
1858.00,9.2734
1858.50,9.2791
1859.00,9.2757
1859.50,9.2572
1860.00,9.2272
1860.50,9.1988
1861.00,9.1878
1861.50,9.2036
1862.00,9.2441
1862.50,9.2970
1863.00,9.3464
1863.50,9.3796
1864.00,9.3899
1864.50,9.3772
1865.00,9.3471
1865.50,9.3112
1866.00,9.2831
1866.50,9.2718
1867.00,9.2774
1867.50,9.2921
1868.00,9.3069
1868.50,9.3164
1869.00,9.3193
1869.50,9.3162
1870.00,9.3080
1870.50,9.2952
1871.00,9.2785
1871.50,9.2591
1872.00,9.2369
1872.50,9.2101
1873.00,9.1783
1873.50,9.1453
1874.00,9.1186
1874.50,9.1048
1875.00,9.1044
1875.50,9.1114
1876.00,9.1172
1876.50,9.1175
1877.00,9.1155
1877.50,9.1184
1878.00,9.1302
1878.50,9.1467
1879.00,9.1597
1879.50,9.1649
1880.00,9.1665
1880.50,9.1717
1881.00,9.1850
1881.50,9.2054
1882.00,9.2294
1882.50,9.2522
1883.00,9.2674
1883.50,9.2687
1884.00,9.2542
1884.50,9.2293
1885.00,9.2047
1885.50,9.1914
1886.00,9.1957
1886.50,9.2165
1887.00,9.2460
1887.50,9.2748
1888.00,9.2963
1888.50,9.3072
1889.00,9.3052
1889.50,9.2896
1890.00,9.2632
1890.50,9.2341
1891.00,9.2117
1891.50,9.2022
1892.00,9.2052
1892.50,9.2146
1893.00,9.2217
1893.50,9.2221
1894.00,9.2226
1894.50,9.2390
1895.00,9.2820
1895.50,9.3443
1896.00,9.4034
1896.50,9.4391
1897.00,9.4478
1897.50,9.4413
1898.00,9.4352
1898.50,9.4383
1899.00,9.4492
1899.50,9.4578
1900.00,9.4509
1900.50,9.4201
1901.00,9.3682
1901.50,9.3090
1902.00,9.2599
1902.50,9.2318
1903.00,9.2259
1903.50,9.2354
1904.00,9.2499
1904.50,9.2595
1905.00,9.2570
1905.50,9.2407
1906.00,9.2149
1906.50,9.1865
1907.00,9.1610
1907.50,9.1390
1908.00,9.1190
1908.50,9.1011
1909.00,9.0902
1909.50,9.0917
1910.00,9.1058
1910.50,9.1253
1911.00,9.1411
1911.50,9.1489
1912.00,9.1489
1912.50,9.1436
1913.00,9.1361
1913.50,9.1320
1914.00,9.1362
1914.50,9.1486
1915.00,9.1624
1915.50,9.1700
1916.00,9.1685
1916.50,9.1593
1917.00,9.1451
1917.50,9.1277
1918.00,9.1096
1918.50,9.0934
1919.00,9.0816
1919.50,9.0752
1920.00,9.0752
1920.50,9.0821
1921.00,9.0934
1921.50,9.1003
1922.00,9.0917
1922.50,9.0630
1923.00,9.0213
1923.50,8.9811
1924.00,8.9543
1924.50,8.9451
1925.00,8.9550
1925.50,8.9859
1926.00,9.0362
1926.50,9.0941
1927.00,9.1391
1927.50,9.1550
1928.00,9.1436
1928.50,9.1229
1929.00,9.1120
1929.50,9.1161
1930.00,9.1226
1930.50,9.1137
1931.00,9.0829
1931.50,9.0408
1932.00,9.0059
1932.50,8.9896
1933.00,8.9907
1933.50,9.0033
1934.00,9.0240
1934.50,9.0509
1935.00,9.0799
1935.50,9.1051
1936.00,9.1258
1936.50,9.1470
1937.00,9.1730
1937.50,9.1992
1938.00,9.2137
1938.50,9.2069
1939.00,9.1801
1939.50,9.1449
1940.00,9.1126
1940.50,9.0856
1941.00,9.0586
1941.50,9.0258
1942.00,8.9874
1942.50,8.9488
1943.00,8.9146
1943.50,8.8868
1944.00,8.8674
1944.50,8.8614
1945.00,8.8742
1945.50,8.9052
1946.00,8.9449
1946.50,8.9792
1947.00,8.9987
1947.50,9.0038
1948.00,9.0033
1948.50,9.0101
1949.00,9.0346
1949.50,9.0790
1950.00,9.1322
1950.50,9.1742
1951.00,9.1892
1951.50,9.1785
1952.00,9.1595
1952.50,9.1501
1953.00,9.1554
1953.50,9.1688
1954.00,9.1845
1954.50,9.2063
1955.00,9.2437
1955.50,9.3011
1956.00,9.3732
1956.50,9.4481
1957.00,9.5146
1957.50,9.5665
1958.00,9.6044
1958.50,9.6337
1959.00,9.6622
1959.50,9.6940
1960.00,9.7266
1960.50,9.7517
1961.00,9.7621
1961.50,9.7577
1962.00,9.7468
1962.50,9.7409
1963.00,9.7465
1963.50,9.7613
1964.00,9.7762
1964.50,9.7829
1965.00,9.7806
1965.50,9.7775
1966.00,9.7846
1966.50,9.8068
1967.00,9.8393
1967.50,9.8711
1968.00,9.8928
1968.50,9.9017
1969.00,9.9013
1969.50,9.8985
1970.00,9.8995
1970.50,9.9064
1971.00,9.9155
1971.50,9.9194
1972.00,9.9135
1972.50,9.9009
1973.00,9.8921
1973.50,9.8980
1974.00,9.9210
1974.50,9.9530
1975.00,9.9807
1975.50,9.9954
1976.00,9.9968
1976.50,9.9910
1977.00,9.9846
1977.50,9.9815
1978.00,9.9830
1978.50,9.9897
1979.00,10.0027
1979.50,10.0216
1980.00,10.0436
1980.50,10.0632
1981.00,10.0775
1981.50,10.0894
1982.00,10.1050
1982.50,10.1283
1983.00,10.1583
1983.50,10.1899
1984.00,10.2174
1984.50,10.2371
1985.00,10.2484
1985.50,10.2541
1986.00,10.2597
1986.50,10.2713
1987.00,10.2928
1987.50,10.3226
1988.00,10.3536
1988.50,10.3781
1989.00,10.3942
1989.50,10.4074
1990.00,10.4245
1990.50,10.4481
1991.00,10.4746
1991.50,10.4974
1992.00,10.5106
1992.50,10.5124
1993.00,10.5066
1993.50,10.4994
1994.00,10.4955
1994.50,10.4959
1995.00,10.4996
1995.50,10.5069
1996.00,10.5199
1996.50,10.5390
1997.00,10.5611
1997.50,10.5802
1998.00,10.5890
1998.50,10.5813
1999.00,10.5558
1999.50,10.5223
2000.00,10.5017
2000.50,10.5174
2001.00,10.5800
2001.50,10.6787
2002.00,10.7868
2002.50,10.8777
2003.00,10.9380
2003.50,10.9706
2004.00,10.9889
2004.50,11.0056
2005.00,11.0241
2005.50,11.0371
2006.00,11.0350
2006.50,11.0163
2007.00,10.9907
2007.50,10.9705
2008.00,10.9600
2008.50,10.9545
2009.00,10.9464
2009.50,10.9305
2010.00,10.9035
2010.50,10.8640
2011.00,10.8155
2011.50,10.7698
2012.00,10.7420
2012.50,10.7404
2013.00,10.7630
2013.50,10.8004
2014.00,10.8418
2014.50,10.8736
2015.00,10.8797
2015.50,10.8485
2016.00,10.7841
2016.50,10.7089
2017.00,10.6518
2017.50,10.6296
2018.00,10.6379
2018.50,10.6566
2019.00,10.6664
2019.50,10.6609
2020.00,10.6459
2020.50,10.6296
2021.00,10.6146
2021.50,10.5958
2022.00,10.5674
2022.50,10.5285
2023.00,10.4837
2023.50,10.4410
2024.00,10.4098
2024.50,10.3970
2025.00,10.4008
2025.50,10.4083
2026.00,10.4018
2026.50,10.3713
2027.00,10.3223
2027.50,10.2723
2028.00,10.2387
2028.50,10.2283
2029.00,10.2324
2029.50,10.2306
2030.00,10.2009
2030.50,10.1324
2031.00,10.0336
2031.50,9.9297
2032.00,9.8496
2032.50,9.8100
2033.00,9.8085
2033.50,9.8284
2034.00,9.8518
2034.50,9.8712
2035.00,9.8905
2035.50,9.9161
2036.00,9.9455
2036.50,9.9659
2037.00,9.9640
2037.50,9.9376
2038.00,9.8964
2038.50,9.8526
2039.00,9.8128
2039.50,9.7769
2040.00,9.7441
2040.50,9.7170
2041.00,9.6981
2041.50,9.6828
2042.00,9.6605
2042.50,9.6249
2043.00,9.5844
2043.50,9.5574
2044.00,9.5557
2044.50,9.5738
2045.00,9.5942
2045.50,9.6028
2046.00,9.5988
2046.50,9.5914
2047.00,9.5884
2047.50,9.5882
2048.00,9.5794
2048.50,9.5489
2049.00,9.4918
2049.50,9.4154
2050.00,9.3355
2050.50,9.2691
2051.00,9.2301
2051.50,9.2260
2052.00,9.2535
2052.50,9.2968
2053.00,9.3356
2053.50,9.3558
2054.00,9.3551
2054.50,9.3371
2055.00,9.3042
2055.50,9.2561
2056.00,9.1960
2056.50,9.1345
2057.00,9.0842
2057.50,9.0519
2058.00,9.0344
2058.50,9.0249
2059.00,9.0196
2059.50,9.0184
2060.00,9.0195
2060.50,9.0171
2061.00,9.0025
2061.50,8.9688
2062.00,8.9149
2062.50,8.8481
2063.00,8.7847
2063.50,8.7432
2064.00,8.7336
2064.50,8.7480
2065.00,8.7650
2065.50,8.7643
2066.00,8.7425
2066.50,8.7123
2067.00,8.6892
2067.50,8.6772
2068.00,8.6682
2068.50,8.6544
2069.00,8.6371
2069.50,8.6239
2070.00,8.6193
2070.50,8.6206
2071.00,8.6229
2071.50,8.6251
2072.00,8.6287
2072.50,8.6325
2073.00,8.6297
2073.50,8.6128
2074.00,8.5815
2074.50,8.5474
2075.00,8.5291
2075.50,8.5395
2076.00,8.5772
2076.50,8.6265
2077.00,8.6657
2077.50,8.6775
2078.00,8.6569
2078.50,8.6108
2079.00,8.5530
2079.50,8.4977
2080.00,8.4561
2080.50,8.4345
2081.00,8.4335
2081.50,8.4490
2082.00,8.4785
2082.50,8.5253
2083.00,8.5911
2083.50,8.6643
2084.00,8.7180
2084.50,8.7268
2085.00,8.6882
2085.50,8.6265
2086.00,8.5765
2086.50,8.5608
2087.00,8.5789
2087.50,8.6134
2088.00,8.6429
2088.50,8.6525
2089.00,8.6368
2089.50,8.5986
2090.00,8.5472
2090.50,8.4979
2091.00,8.4690
2091.50,8.4727
2092.00,8.5064
2092.50,8.5529
2093.00,8.5924
2093.50,8.6151
2094.00,8.6254
2094.50,8.6336
2095.00,8.6482
2095.50,8.6703
2096.00,8.6943
2096.50,8.7105
2097.00,8.7115
2097.50,8.6969
2098.00,8.6721
2098.50,8.6405
2099.00,8.5991
2099.50,8.5453
2100.00,8.4850
2100.50,8.4341
2101.00,8.4079
2101.50,8.4091
2102.00,8.4239
2102.50,8.4303
2103.00,8.4139
2103.50,8.3790
2104.00,8.3468
2104.50,8.3402
2105.00,8.3675
2105.50,8.4183
2106.00,8.4736
2106.50,8.5191
2107.00,8.5517
2107.50,8.5737
2108.00,8.5846
2108.50,8.5801
2109.00,8.5568
2109.50,8.5198
2110.00,8.4814
2110.50,8.4552
2111.00,8.4502
2111.50,8.4691
2112.00,8.5083
2112.50,8.5578
2113.00,8.6061
2113.50,8.6471
2114.00,8.6823
2114.50,8.7145
2115.00,8.7406
2115.50,8.7527
2116.00,8.7462
2116.50,8.7251
2117.00,8.7019
2117.50,8.6916
2118.00,8.7031
2118.50,8.7351
2119.00,8.7760
2119.50,8.8109
2120.00,8.8290
2120.50,8.8291
2121.00,8.8198
2121.50,8.8167
2122.00,8.8332
2122.50,8.8724
2123.00,8.9241
2123.50,8.9715
2124.00,8.9997
2124.50,9.0019
2125.00,8.9785
2125.50,8.9378
2126.00,8.8946
2126.50,8.8658
2127.00,8.8630
2127.50,8.8863
2128.00,8.9251
2128.50,8.9633
2129.00,8.9867
2129.50,8.9880
2130.00,8.9690
2130.50,8.9393
2131.00,8.9123
2131.50,8.8996
2132.00,8.9062
2132.50,8.9297
2133.00,8.9620
2133.50,8.9941
2134.00,9.0199
2134.50,9.0392
2135.00,9.0577
2135.50,9.0818
2136.00,9.1120
2136.50,9.1418
2137.00,9.1630
2137.50,9.1713
2138.00,9.1675
2138.50,9.1553
2139.00,9.1381
2139.50,9.1174
2140.00,9.0942
2140.50,9.0717
2141.00,9.0549
2141.50,9.0479
2142.00,9.0480
2142.50,9.0456
2143.00,9.0298
2143.50,8.9983
2144.00,8.9608
2144.50,8.9338
2145.00,8.9309
2145.50,8.9558
2146.00,9.0015
2146.50,9.0537
2147.00,9.0967
2147.50,9.1192
2148.00,9.1179
2148.50,9.0968
2149.00,9.0646
2149.50,9.0332
2150.00,9.0150
2150.50,9.0191
2151.00,9.0484
2151.50,9.0982
2152.00,9.1580
2152.50,9.2152
2153.00,9.2568
2153.50,9.2716
2154.00,9.2556
2154.50,9.2164
2155.00,9.1713
2155.50,9.1385
2156.00,9.1293
2156.50,9.1472
2157.00,9.1909
2157.50,9.2544
2158.00,9.3266
2158.50,9.3931
2159.00,9.4429
2159.50,9.4723
2160.00,9.4831
2160.50,9.4784
2161.00,9.4620
2161.50,9.4435
2162.00,9.4387
2162.50,9.4637
2163.00,9.5213
2163.50,9.5979
2164.00,9.6700
2164.50,9.7183
2165.00,9.7369
2165.50,9.7342
2166.00,9.7253
2166.50,9.7235
2167.00,9.7325
2167.50,9.7467
2168.00,9.7567
2168.50,9.7546
2169.00,9.7351
2169.50,9.6957
2170.00,9.6390
2170.50,9.5753
2171.00,9.5231
2171.50,9.5026
2172.00,9.5271
2172.50,9.5929
2173.00,9.6789
2173.50,9.7548
2174.00,9.7959
2174.50,9.7945
2175.00,9.7608
2175.50,9.7138
2176.00,9.6709
2176.50,9.6427
2177.00,9.6324
2177.50,9.6374
2178.00,9.6507
2178.50,9.6636
2179.00,9.6687
2179.50,9.6627
2180.00,9.6469
2180.50,9.6290
2181.00,9.6221
2181.50,9.6376
2182.00,9.6770
2182.50,9.7296
2183.00,9.7790
2183.50,9.8128
2184.00,9.8271
2184.50,9.8258
2185.00,9.8187
2185.50,9.8188
2186.00,9.8377
2186.50,9.8778
2187.00,9.9289
2187.50,9.9726
2188.00,9.9947
2188.50,9.9930
2189.00,9.9748
2189.50,9.9505
2190.00,9.9297
2190.50,9.9202
2191.00,9.9255
2191.50,9.9413
2192.00,9.9571
2192.50,9.9614
2193.00,9.9483
2193.50,9.9185
2194.00,9.8774
2194.50,9.8341
2195.00,9.8008
2195.50,9.7880
2196.00,9.7998
2196.50,9.8320
2197.00,9.8752
2197.50,9.9185
2198.00,9.9513
2198.50,9.9664
2199.00,9.9621
2199.50,9.9432
2200.00,9.9195
2200.50,9.9041
2201.00,9.9084
2201.50,9.9357
2202.00,9.9776
2202.50,10.0172
2203.00,10.0376
2203.50,10.0301
2204.00,9.9984
2204.50,9.9564
2205.00,9.9225
2205.50,9.9109
2206.00,9.9243
2206.50,9.9533
2207.00,9.9846
2207.50,10.0113
2208.00,10.0363
2208.50,10.0658
2209.00,10.1014
2209.50,10.1383
2210.00,10.1699
2210.50,10.1924
2211.00,10.2067
2211.50,10.2163
2212.00,10.2245
2212.50,10.2342
2213.00,10.2494
2213.50,10.2745
2214.00,10.3094
2214.50,10.3463
2215.00,10.3753
2215.50,10.3925
2216.00,10.4021
2216.50,10.4101
2217.00,10.4184
2217.50,10.4258
2218.00,10.4312
2218.50,10.4333
2219.00,10.4279
2219.50,10.4102
2220.00,10.3804
2220.50,10.3470
2221.00,10.3252
2221.50,10.3319
2222.00,10.3782
2222.50,10.4612
2223.00,10.5607
2223.50,10.6457
2224.00,10.6892
2224.50,10.6805
2225.00,10.6304
2225.50,10.5644
2226.00,10.5097
2226.50,10.4831
2227.00,10.4868
2227.50,10.5116
2228.00,10.5439
2228.50,10.5721
2229.00,10.5902
2229.50,10.5987
2230.00,10.6024
2230.50,10.6046
2231.00,10.6046
2231.50,10.5981
2232.00,10.5806
2232.50,10.5502
2233.00,10.5092
2233.50,10.4631
2234.00,10.4187
2234.50,10.3819
2235.00,10.3564
2235.50,10.3458
2236.00,10.3549
2236.50,10.3876
2237.00,10.4409
2237.50,10.5017
2238.00,10.5512
2238.50,10.5743
2239.00,10.5667
2239.50,10.5357
2240.00,10.4962
2240.50,10.4639
2241.00,10.4478
2241.50,10.4469
2242.00,10.4544
2242.50,10.4652
2243.00,10.4782
2243.50,10.4921
2244.00,10.5017
2244.50,10.5007
2245.00,10.4871
2245.50,10.4639
2246.00,10.4351
2246.50,10.4026
2247.00,10.3667
2247.50,10.3304
2248.00,10.3018
2248.50,10.2922
2249.00,10.3093
2249.50,10.3494
2250.00,10.3980
2250.50,10.4378
2251.00,10.4595
2251.50,10.4630
2252.00,10.4527
2252.50,10.4334
2253.00,10.4104
2253.50,10.3910
2254.00,10.3811
2254.50,10.3807
2255.00,10.3849
2255.50,10.3894
2256.00,10.3928
2256.50,10.3919
2257.00,10.3766
2257.50,10.3362
2258.00,10.2708
2258.50,10.1935
2259.00,10.1211
2259.50,10.0630
2260.00,10.0204
2260.50,9.9921
2261.00,9.9766
2261.50,9.9690
2262.00,9.9579
2262.50,9.9289
2263.00,9.8749
2263.50,9.8016
2264.00,9.7245
2264.50,9.6585
2265.00,9.6091
2265.50,9.5726
2266.00,9.5409
2266.50,9.5075
2267.00,9.4679
2267.50,9.4198
2268.00,9.3645
2268.50,9.3097
2269.00,9.2672
2269.50,9.2455
2270.00,9.2419
2270.50,9.2435
2271.00,9.2362
2271.50,9.2145
2272.00,9.1835
2272.50,9.1501
2273.00,9.1175
2273.50,9.0844
2274.00,9.0502
2274.50,9.0167
2275.00,8.9874
2275.50,8.9659
2276.00,8.9535
2276.50,8.9464
2277.00,8.9368
2277.50,8.9171
2278.00,8.8856
2278.50,8.8472
2279.00,8.8094
2279.50,8.7767
2280.00,8.7491
2280.50,8.7248
2281.00,8.7037
2281.50,8.6869
2282.00,8.6729
2282.50,8.6577
2283.00,8.6397
2283.50,8.6243
2284.00,8.6207
2284.50,8.6346
2285.00,8.6626
2285.50,8.6937
2286.00,8.7154
2286.50,8.7202
2287.00,8.7087
2287.50,8.6863
2288.00,8.6566
2288.50,8.6179
2289.00,8.5675
2289.50,8.5101
2290.00,8.4597
2290.50,8.4340
2291.00,8.4407
2291.50,8.4705
2292.00,8.5033
2292.50,8.5224
2293.00,8.5235
2293.50,8.5144
2294.00,8.5063
2294.50,8.5059
2295.00,8.5122
2295.50,8.5171
2296.00,8.5093
2296.50,8.4812
2297.00,8.4353
2297.50,8.3837
2298.00,8.3392
2298.50,8.3074
2299.00,8.2879
2299.50,8.2810
2300.00,8.2877
2300.50,8.3027
2301.00,8.3139
2301.50,8.3099
2302.00,8.2904
2302.50,8.2668
2303.00,8.2524
2303.50,8.2542
2304.00,8.2702
2304.50,8.2928
2305.00,8.3125
2305.50,8.3208
2306.00,8.3131
2306.50,8.2919
2307.00,8.2667
2307.50,8.2483
2308.00,8.2427
2308.50,8.2481
2309.00,8.2576
2309.50,8.2637
2310.00,8.2634
2310.50,8.2618
2311.00,8.2705
2311.50,8.2997
2312.00,8.3491
2312.50,8.4035
2313.00,8.4414
2313.50,8.4495
2314.00,8.4326
2314.50,8.4082
2315.00,8.3922
2315.50,8.3886
2316.00,8.3928
2316.50,8.4001
2317.00,8.4107
2317.50,8.4246
2318.00,8.4353
2318.50,8.4316
2319.00,8.4078
2319.50,8.3713
2320.00,8.3392
2320.50,8.3258
2321.00,8.3352
2321.50,8.3646
2322.00,8.4079
2322.50,8.4559
2323.00,8.4953
2323.50,8.5146
2324.00,8.5120
2324.50,8.4958
2325.00,8.4778
2325.50,8.4670
2326.00,8.4675
2326.50,8.4784
2327.00,8.4937
2327.50,8.5044
2328.00,8.5046
2328.50,8.4981
2329.00,8.4974
2329.50,8.5158
2330.00,8.5580
2330.50,8.6165
2331.00,8.6768
2331.50,8.7273
2332.00,8.7672
2332.50,8.8044
2333.00,8.8455
2333.50,8.8885
2334.00,8.9257
2334.50,8.9521
2335.00,8.9690
2335.50,8.9790
2336.00,8.9822
2336.50,8.9780
2337.00,8.9678
2337.50,8.9559
2338.00,8.9465
2338.50,8.9422
2339.00,8.9436
2339.50,8.9488
2340.00,8.9557
2340.50,8.9634
2341.00,8.9717
2341.50,8.9800
2342.00,8.9877
2342.50,8.9951
2343.00,9.0025
2343.50,9.0100
2344.00,9.0176
2344.50,9.0253
2345.00,9.0309
2345.50,9.0289
2346.00,9.0156
2346.50,8.9950
2347.00,8.9770
2347.50,8.9694
2348.00,8.9700
2348.50,8.9692
2349.00,8.9585
2349.50,8.9357
2350.00,8.9059
2350.50,8.8785
2351.00,8.8623
2351.50,8.8606
2352.00,8.8702
2352.50,8.8858
2353.00,8.9053
2353.50,8.9296
2354.00,8.9566
2354.50,8.9801
2355.00,8.9942
2355.50,8.9974
2356.00,8.9909
2356.50,8.9765
2357.00,8.9575
2357.50,8.9418
2358.00,8.9402
2358.50,8.9604
2359.00,9.0004
2359.50,9.0477
2360.00,9.0855
2360.50,9.1015
2361.00,9.0938
2361.50,9.0714
2362.00,9.0478
2362.50,9.0318
2363.00,9.0228
2363.50,9.0141
2364.00,9.0027
2364.50,8.9952
2365.00,9.0015
2365.50,9.0242
2366.00,9.0544
2366.50,9.0804
2367.00,9.0987
2367.50,9.1169
2368.00,9.1451
2368.50,9.1837
2369.00,9.2204
2369.50,9.2404
2370.00,9.2396
2370.50,9.2260
2371.00,9.2080
2371.50,9.1847
2372.00,9.1501
2372.50,9.1063
2373.00,9.0686
2373.50,9.0579
2374.00,9.0851
2374.50,9.1430
2375.00,9.2108
2375.50,9.2668
2376.00,9.2979
2376.50,9.3030
2377.00,9.2921
2377.50,9.2843
2378.00,9.2984
2378.50,9.3393
2379.00,9.3905
2379.50,9.4232
2380.00,9.4189
2380.50,9.3830
2381.00,9.3401
2381.50,9.3130
2382.00,9.3084
2382.50,9.3182
2383.00,9.3320
2383.50,9.3460
2384.00,9.3631
2384.50,9.3862
2385.00,9.4138
2385.50,9.4409
2386.00,9.4646
2386.50,9.4883
2387.00,9.5199
2387.50,9.5662
2388.00,9.6250
2388.50,9.6837
2389.00,9.7236
2389.50,9.7280
2390.00,9.6898
2390.50,9.6142
2391.00,9.5178
2391.50,9.4231
2392.00,9.3499
2392.50,9.3082
2393.00,9.2959
2393.50,9.3013
2394.00,9.3095
2394.50,9.3089
2395.00,9.2962
2395.50,9.2750
2396.00,9.2513
2396.50,9.2307
2397.00,9.2211
2397.50,9.2328
2398.00,9.2724
2398.50,9.3345
2399.00,9.4013
2399.50,9.4522
2400.00,9.4770
2400.50,9.4789
2401.00,9.4700
2401.50,9.4610
2402.00,9.4570
2402.50,9.4574
2403.00,9.4598
2403.50,9.4610
2404.00,9.4567
2404.50,9.4439
2405.00,9.4239
2405.50,9.4030
2406.00,9.3875
2406.50,9.3785
2407.00,9.3718
2407.50,9.3625
2408.00,9.3517
2408.50,9.3480
2409.00,9.3612
2409.50,9.3926
2410.00,9.4306
2410.50,9.4560
2411.00,9.4535
2411.50,9.4206
2412.00,9.3671
2412.50,9.3091
2413.00,9.2622
2413.50,9.2393
2414.00,9.2489
2414.50,9.2897
2415.00,9.3487
2415.50,9.4062
2416.00,9.4480
2416.50,9.4717
2417.00,9.4839
2417.50,9.4914
2418.00,9.4965
2418.50,9.4973
2419.00,9.4920
2419.50,9.4808
2420.00,9.4645
2420.50,9.4438
2421.00,9.4196
2421.50,9.3948
2422.00,9.3732
2422.50,9.3581
2423.00,9.3508
2423.50,9.3510
2424.00,9.3586
2424.50,9.3749
2425.00,9.4012
2425.50,9.4346
2426.00,9.4648
2426.50,9.4777
2427.00,9.4645
2427.50,9.4296
2428.00,9.3894
2428.50,9.3641
2429.00,9.3662
2429.50,9.3943
2430.00,9.4363
2430.50,9.4779
2431.00,9.5112
2431.50,9.5349
2432.00,9.5490
2432.50,9.5522
2433.00,9.5456
2433.50,9.5361
2434.00,9.5334
2434.50,9.5406
2435.00,9.5502
2435.50,9.5505
2436.00,9.5374
2436.50,9.5182
2437.00,9.5042
2437.50,9.5001
2438.00,9.5016
2438.50,9.5028
2439.00,9.5039
2439.50,9.5108
2440.00,9.5289
2440.50,9.5574
2441.00,9.5882
2441.50,9.6109
2442.00,9.6187
2442.50,9.6131
2443.00,9.6022
2443.50,9.5938
2444.00,9.5884
2444.50,9.5771
2445.00,9.5504
2445.50,9.5097
2446.00,9.4702
2446.50,9.4503
2447.00,9.4573
2447.50,9.4840
2448.00,9.5172
2448.50,9.5472
2449.00,9.5694
2449.50,9.5812
2450.00,9.5803
2450.50,9.5644
2451.00,9.5312
2451.50,9.4805
2452.00,9.4184
2452.50,9.3594
2453.00,9.3229
2453.50,9.3211
2454.00,9.3505
2454.50,9.3934
2455.00,9.4278
2455.50,9.4389
2456.00,9.4241
2456.50,9.3905
2457.00,9.3492
2457.50,9.3106
2458.00,9.2825
2458.50,9.2679
2459.00,9.2652
2459.50,9.2704
2460.00,9.2807
2460.50,9.2941
2461.00,9.3097
2461.50,9.3257
2462.00,9.3382
2462.50,9.3400
2463.00,9.3242
2463.50,9.2924
2464.00,9.2581
2464.50,9.2388
2465.00,9.2411
2465.50,9.2543
2466.00,9.2587
2466.50,9.2411
2467.00,9.2047
2467.50,9.1649
2468.00,9.1365
2468.50,9.1241
2469.00,9.1240
2469.50,9.1309
2470.00,9.1424
2470.50,9.1554
2471.00,9.1630
2471.50,9.1576
2472.00,9.1391
2472.50,9.1168
2473.00,9.1022
2473.50,9.0994
2474.00,9.1037
2474.50,9.1080
2475.00,9.1091
2475.50,9.1084
2476.00,9.1097
2476.50,9.1174
2477.00,9.1355
2477.50,9.1659
2478.00,9.2054
2478.50,9.2446
2479.00,9.2736
2479.50,9.2888
2480.00,9.2963
2480.50,9.3054
2481.00,9.3194
2481.50,9.3317
2482.00,9.3320
2482.50,9.3150
2483.00,9.2853
2483.50,9.2568
2484.00,9.2460
2484.50,9.2636
2485.00,9.3100
2485.50,9.3768
2486.00,9.4514
2486.50,9.5205
2487.00,9.5718
2487.50,9.5976
2488.00,9.5993
2488.50,9.5844
2489.00,9.5598
2489.50,9.5285
2490.00,9.4948
2490.50,9.4677
2491.00,9.4572
2491.50,9.4679
2492.00,9.4981
2492.50,9.5408
2493.00,9.5841
2493.50,9.6105
2494.00,9.6040
2494.50,9.5626
2495.00,9.5051
2495.50,9.4631
2496.00,9.4615
2496.50,9.5041
2497.00,9.5716
2497.50,9.6366
2498.00,9.6792
2498.50,9.6959
2499.00,9.6933
2499.50,9.6778
2500.00,9.6515
2500.50,9.6170
2501.00,9.5821
2501.50,9.5565
2502.00,9.5436
2502.50,9.5385
2503.00,9.5316
2503.50,9.5175
2504.00,9.5000
2504.50,9.4916
2505.00,9.5036
2505.50,9.5353
2506.00,9.5722
2506.50,9.5962
2507.00,9.5977
2507.50,9.5796
2508.00,9.5530
2508.50,9.5305
2509.00,9.5218
2509.50,9.5297
2510.00,9.5476
2510.50,9.5620
2511.00,9.5612
2511.50,9.5426
2512.00,9.5146
2512.50,9.4905
2513.00,9.4817
2513.50,9.4909
2514.00,9.5130
2514.50,9.5407
2515.00,9.5700
2515.50,9.6006
2516.00,9.6320
2516.50,9.6612
2517.00,9.6854
2517.50,9.7047
2518.00,9.7208
2518.50,9.7343
2519.00,9.7455
2519.50,9.7554
2520.00,9.7648
2520.50,9.7729
2521.00,9.7795
2521.50,9.7908
2522.00,9.8180
2522.50,9.8670
2523.00,9.9296
2523.50,9.9866
2524.00,10.0212
2524.50,10.0288
2525.00,10.0165
2525.50,9.9944
2526.00,9.9703
2526.50,9.9486
2527.00,9.9303
2527.50,9.9144
2528.00,9.9004
2528.50,9.8907
2529.00,9.8881
2529.50,9.8899
2530.00,9.8867
2530.50,9.8686
2531.00,9.8323
2531.50,9.7841
2532.00,9.7363
2532.50,9.7006
2533.00,9.6792
2533.50,9.6623
2534.00,9.6370
2534.50,9.5998
2535.00,9.5617
2535.50,9.5399
2536.00,9.5444
2536.50,9.5719
2537.00,9.6083
2537.50,9.6351
2538.00,9.6386
2538.50,9.6187
2539.00,9.5899
2539.50,9.5713
2540.00,9.5730
2540.50,9.5908
2541.00,9.6119
2541.50,9.6242
2542.00,9.6221
2542.50,9.6058
2543.00,9.5771
2543.50,9.5366
2544.00,9.4838
2544.50,9.4223
2545.00,9.3623
2545.50,9.3184
2546.00,9.3004
2546.50,9.3047
2547.00,9.3165
2547.50,9.3208
2548.00,9.3130
2548.50,9.2973
2549.00,9.2786
2549.50,9.2588
2550.00,9.2393
2550.50,9.2238
2551.00,9.2151
2551.50,9.2113
2552.00,9.2071
2552.50,9.1998
2553.00,9.1920
2553.50,9.1896
2554.00,9.1967
2554.50,9.2125
2555.00,9.2306
2555.50,9.2402
2556.00,9.2310
2556.50,9.2005
2557.00,9.1569
2557.50,9.1135
2558.00,9.0776
2558.50,9.0467
2559.00,9.0138
2559.50,8.9772
2560.00,8.9437
2560.50,8.9236
2561.00,8.9243
2561.50,8.9457
2562.00,8.9811
2562.50,9.0214
2563.00,9.0611
2563.50,9.1008
2564.00,9.1437
2564.50,9.1886
2565.00,9.2269
2565.50,9.2463
2566.00,9.2396
2566.50,9.2119
2567.00,9.1781
2567.50,9.1548
2568.00,9.1516
2568.50,9.1685
2569.00,9.1977
2569.50,9.2299
2570.00,9.2599
2570.50,9.2888
2571.00,9.3202
2571.50,9.3568
2572.00,9.3990
2572.50,9.4449
2573.00,9.4923
2573.50,9.5383
2574.00,9.5801
2574.50,9.6150
2575.00,9.6399
2575.50,9.6529
2576.00,9.6565
2576.50,9.6583
2577.00,9.6667
2577.50,9.6855
2578.00,9.7112
2578.50,9.7377
2579.00,9.7634
2579.50,9.7921
2580.00,9.8270
2580.50,9.8637
2581.00,9.8909
2581.50,9.8981
2582.00,9.8849
2582.50,9.8635
2583.00,9.8498
2583.50,9.8525
2584.00,9.8673
2584.50,9.8834
2585.00,9.8918
2585.50,9.8884
2586.00,9.8730
2586.50,9.8471
2587.00,9.8152
2587.50,9.7856
2588.00,9.7655
2588.50,9.7571
2589.00,9.7587
2589.50,9.7695
2590.00,9.7911
2590.50,9.8247
2591.00,9.8690
2591.50,9.9193
2592.00,9.9682
2592.50,10.0056
2593.00,10.0222
2593.50,10.0147
2594.00,9.9892
2594.50,9.9576
2595.00,9.9320
2595.50,9.9184
2596.00,9.9158
2596.50,9.9180
2597.00,9.9197
2597.50,9.9211
2598.00,9.9270
2598.50,9.9421
2599.00,9.9667
2599.50,9.9955
2600.00,10.0201
2600.50,10.0309
2601.00,10.0203
2601.50,9.9857
2602.00,9.9316
2602.50,9.8694
2603.00,9.8127
2603.50,9.7711
2604.00,9.7471
2604.50,9.7372
2605.00,9.7364
2605.50,9.7417
2606.00,9.7535
2606.50,9.7724
2607.00,9.7954
2607.50,9.8153
2608.00,9.8235
2608.50,9.8160
2609.00,9.7972
2609.50,9.7785
2610.00,9.7718
2610.50,9.7817
2611.00,9.8010
2611.50,9.8156
2612.00,9.8129
2612.50,9.7911
2613.00,9.7608
2613.50,9.7403
2614.00,9.7438
2614.50,9.7725
2615.00,9.8144
2615.50,9.8547
2616.00,9.8843
2616.50,9.9020
2617.00,9.9091
2617.50,9.9056
2618.00,9.8909
2618.50,9.8679
2619.00,9.8429
2619.50,9.8221
2620.00,9.8057
2620.50,9.7874
2621.00,9.7613
2621.50,9.7288
2622.00,9.6988
2622.50,9.6802
2623.00,9.6736
2623.50,9.6714
2624.00,9.6637
2624.50,9.6465
2625.00,9.6239
2625.50,9.6032
2626.00,9.5885
2626.50,9.5777
2627.00,9.5664
2627.50,9.5539
2628.00,9.5443
2628.50,9.5412
2629.00,9.5421
2629.50,9.5389
2630.00,9.5219
2630.50,9.4858
2631.00,9.4335
2631.50,9.3775
2632.00,9.3358
2632.50,9.3225
2633.00,9.3374
2633.50,9.3652
2634.00,9.3848
2634.50,9.3839
2635.00,9.3671
2635.50,9.3511
2636.00,9.3524
2636.50,9.3768
2637.00,9.4176
2637.50,9.4599
2638.00,9.4885
2638.50,9.4961
2639.00,9.4859
2639.50,9.4684
2640.00,9.4525
2640.50,9.4401
2641.00,9.4293
2641.50,9.4200
2642.00,9.4154
2642.50,9.4170
2643.00,9.4213
2643.50,9.4237
2644.00,9.4218
2644.50,9.4156
2645.00,9.4055
2645.50,9.3900
2646.00,9.3674
2646.50,9.3390
2647.00,9.3115
2647.50,9.2942
2648.00,9.2925
2648.50,9.3023
2649.00,9.3130
2649.50,9.3157
2650.00,9.3085
2650.50,9.2959
2651.00,9.2849
2651.50,9.2802
2652.00,9.2801
2652.50,9.2780
2653.00,9.2682
2653.50,9.2510
2654.00,9.2310
2654.50,9.2124
2655.00,9.1967
2655.50,9.1853
2656.00,9.1824
2656.50,9.1934
2657.00,9.2199
2657.50,9.2559
2658.00,9.2892
2658.50,9.3092
2659.00,9.3146
2659.50,9.3144
2660.00,9.3202
2660.50,9.3368
2661.00,9.3600
2661.50,9.3820
2662.00,9.3968
2662.50,9.4020
2663.00,9.3990
2663.50,9.3935
2664.00,9.3928
2664.50,9.3996
2665.00,9.4079
2665.50,9.4085
2666.00,9.3980
2666.50,9.3822
2667.00,9.3701
2667.50,9.3668
2668.00,9.3720
2668.50,9.3817
2669.00,9.3905
2669.50,9.3926
2670.00,9.3855
2670.50,9.3718
2671.00,9.3586
2671.50,9.3543
2672.00,9.3636
2672.50,9.3857
2673.00,9.4152
2673.50,9.4448
2674.00,9.4713
2674.50,9.4984
2675.00,9.5334
2675.50,9.5789
2676.00,9.6279
2676.50,9.6675
2677.00,9.6885
2677.50,9.6925
2678.00,9.6925
2678.50,9.7047
2679.00,9.7390
2679.50,9.7946
2680.00,9.8601
2680.50,9.9165
2681.00,9.9440
2681.50,9.9333
2682.00,9.8946
2682.50,9.8545
2683.00,9.8409
2683.50,9.8659
2684.00,9.9199
2684.50,9.9798
2685.00,10.0248
2685.50,10.0478
2686.00,10.0571
2686.50,10.0672
2687.00,10.0878
2687.50,10.1191
2688.00,10.1547
2688.50,10.1877
2689.00,10.2138
2689.50,10.2320
2690.00,10.2433
2690.50,10.2506
2691.00,10.2584
2691.50,10.2728
2692.00,10.2964
2692.50,10.3243
2693.00,10.3444
2693.50,10.3443
2694.00,10.3202
2694.50,10.2795
2695.00,10.2363
2695.50,10.2038
2696.00,10.1898
2696.50,10.1973
2697.00,10.2259
2697.50,10.2706
2698.00,10.3203
2698.50,10.3624
2699.00,10.3914
2699.50,10.4118
2700.00,10.4324
2700.50,10.4560
2701.00,10.4763
2701.50,10.4842
2702.00,10.4754
2702.50,10.4539
2703.00,10.4290
2703.50,10.4086
2704.00,10.3946
2704.50,10.3828
2705.00,10.3674
2705.50,10.3471
2706.00,10.3272
2706.50,10.3154
2707.00,10.3138
2707.50,10.3158
2708.00,10.3106
2708.50,10.2923
2709.00,10.2648
2709.50,10.2394
2710.00,10.2267
2710.50,10.2307
2711.00,10.2464
2711.50,10.2637
2712.00,10.2737
2712.50,10.2745
2713.00,10.2717
2713.50,10.2738
2714.00,10.2859
2714.50,10.3050
2715.00,10.3235
2715.50,10.3347
2716.00,10.3384
2716.50,10.3396
2717.00,10.3417
2717.50,10.3412
2718.00,10.3312
2718.50,10.3084
2719.00,10.2773
2719.50,10.2456
2720.00,10.2189
2720.50,10.1988
2721.00,10.1842
2721.50,10.1736
2722.00,10.1673
2722.50,10.1699
2723.00,10.1882
2723.50,10.2243
2724.00,10.2716
2724.50,10.3189
2725.00,10.3581
2725.50,10.3890
2726.00,10.4148
2726.50,10.4374
2727.00,10.4546
2727.50,10.4624
2728.00,10.4587
2728.50,10.4451
2729.00,10.4256
2729.50,10.4058
2730.00,10.3907
2730.50,10.3827
2731.00,10.3798
2731.50,10.3765
2732.00,10.3689
2732.50,10.3589
2733.00,10.3538
2733.50,10.3602
2734.00,10.3782
2734.50,10.4018
2735.00,10.4246
2735.50,10.4441
2736.00,10.4599
2736.50,10.4705
2737.00,10.4769
2737.50,10.4855
2738.00,10.5054
2738.50,10.5365
2739.00,10.5637
2739.50,10.5652
2740.00,10.5306
2740.50,10.4702
2741.00,10.4083
2741.50,10.3667
2742.00,10.3535
2742.50,10.3639
2743.00,10.3883
2743.50,10.4160
2744.00,10.4379
2744.50,10.4457
2745.00,10.4341
2745.50,10.4028
2746.00,10.3578
2746.50,10.3094
2747.00,10.2679
2747.50,10.2380
2748.00,10.2157
2748.50,10.1917
2749.00,10.1579
2749.50,10.1144
2750.00,10.0710
2750.50,10.0411
2751.00,10.0340
2751.50,10.0490
2752.00,10.0750
2752.50,10.0945
2753.00,10.0897
2753.50,10.0511
2754.00,9.9850
2754.50,9.9121
2755.00,9.8545
2755.50,9.8216
2756.00,9.8045
2756.50,9.7880
2757.00,9.7646
2757.50,9.7420
2758.00,9.7343
2758.50,9.7495
2759.00,9.7822
2759.50,9.8180
2760.00,9.8417
2760.50,9.8438
2761.00,9.8239
2761.50,9.7894
2762.00,9.7522
2762.50,9.7230
2763.00,9.7081
2763.50,9.7068
2764.00,9.7136
2764.50,9.7210
2765.00,9.7236
2765.50,9.7197
2766.00,9.7095
2766.50,9.6929
2767.00,9.6709
2767.50,9.6499
2768.00,9.6397
2768.50,9.6448
2769.00,9.6588
2769.50,9.6693
2770.00,9.6697
2770.50,9.6666
2771.00,9.6734
2771.50,9.6977
2772.00,9.7327
2772.50,9.7618
2773.00,9.7702
2773.50,9.7540
2774.00,9.7205
2774.50,9.6819
2775.00,9.6462
2775.50,9.6131
2776.00,9.5749
2776.50,9.5258
2777.00,9.4698
2777.50,9.4215
2778.00,9.3966
2778.50,9.4019
2779.00,9.4297
2779.50,9.4616
2780.00,9.4772
2780.50,9.4638
2781.00,9.4229
2781.50,9.3670
2782.00,9.3096
2782.50,9.2541
2783.00,9.1947
2783.50,9.1259
2784.00,9.0526
2784.50,8.9907
2785.00,8.9589
2785.50,8.9650
2786.00,8.9976
2786.50,9.0307
2787.00,9.0419
2787.50,9.0295
2788.00,9.0133
2788.50,9.0154
2789.00,9.0407
2789.50,9.0737
2790.00,9.0929
2790.50,9.0872
2791.00,9.0609
2791.50,9.0277
2792.00,8.9991
2792.50,8.9770
2793.00,8.9545
2793.50,8.9252
2794.00,8.8931
2794.50,8.8723
2795.00,8.8739
2795.50,8.8953
2796.00,8.9228
2796.50,8.9432
2797.00,8.9511
2797.50,8.9462
2798.00,8.9289
2798.50,8.8987
2799.00,8.8577
2799.50,8.8132
2800.00,8.7791
2800.50,8.7725
2801.00,8.8048
2801.50,8.8734
2802.00,8.9628
2802.50,9.0525
2803.00,9.1249
2803.50,9.1680
2804.00,9.1751
2804.50,9.1483
2805.00,9.0986
2805.50,9.0432
2806.00,8.9974
2806.50,8.9685
2807.00,8.9568
2807.50,8.9608
2808.00,8.9818
2808.50,9.0221
2809.00,9.0776
2809.50,9.1342
2810.00,9.1743
2810.50,9.1887
2811.00,9.1822
2811.50,9.1675
2812.00,9.1543
2812.50,9.1449
2813.00,9.1375
2813.50,9.1319
2814.00,9.1298
2814.50,9.1335
2815.00,9.1438
2815.50,9.1613
2816.00,9.1864
2816.50,9.2192
2817.00,9.2586
2817.50,9.3010
2818.00,9.3408
2818.50,9.3732
2819.00,9.3965
2819.50,9.4146
2820.00,9.4337
2820.50,9.4565
2821.00,9.4791
2821.50,9.4941
2822.00,9.4994
2822.50,9.5013
2823.00,9.5092
2823.50,9.5279
2824.00,9.5547
2824.50,9.5834
2825.00,9.6105
2825.50,9.6369
2826.00,9.6652
2826.50,9.6969
2827.00,9.7316
2827.50,9.7670
2828.00,9.7982
2828.50,9.8194
2829.00,9.8255
2829.50,9.8176
2830.00,9.8046
2830.50,9.7996
2831.00,9.8108
2831.50,9.8368
2832.00,9.8698
2832.50,9.9021
2833.00,9.9291
2833.50,9.9484
2834.00,9.9611
2834.50,9.9731
2835.00,9.9904
2835.50,10.0128
2836.00,10.0315
2836.50,10.0364
2837.00,10.0249
2837.50,10.0063
2838.00,9.9969
2838.50,10.0115
2839.00,10.0542
2839.50,10.1156
2840.00,10.1776
2840.50,10.2220
2841.00,10.2377
2841.50,10.2245
2842.00,10.1934
2842.50,10.1631
2843.00,10.1524
2843.50,10.1700
2844.00,10.2102
2844.50,10.2570
2845.00,10.2949
2845.50,10.3173
2846.00,10.3273
2846.50,10.3317
2847.00,10.3342
2847.50,10.3337
2848.00,10.3268
2848.50,10.3137
2849.00,10.2999
2849.50,10.2929
2850.00,10.2952
2850.50,10.3025
2851.00,10.3096
2851.50,10.3179
2852.00,10.3334
2852.50,10.3578
2853.00,10.3821
2853.50,10.3930
2854.00,10.3837
2854.50,10.3597
2855.00,10.3333
2855.50,10.3158
2856.00,10.3117
2856.50,10.3177
2857.00,10.3256
2857.50,10.3276
2858.00,10.3212
2858.50,10.3098
2859.00,10.2973
2859.50,10.2814
2860.00,10.2547
2860.50,10.2107
2861.00,10.1523
2861.50,10.0942
2862.00,10.0574
2862.50,10.0555
2863.00,10.0844
2863.50,10.1239
2864.00,10.1521
2864.50,10.1590
2865.00,10.1493
2865.50,10.1330
2866.00,10.1149
2866.50,10.0935
2867.00,10.0680
2867.50,10.0434
2868.00,10.0281
2868.50,10.0262
2869.00,10.0341
2869.50,10.0429
2870.00,10.0456
2870.50,10.0433
2871.00,10.0442
2871.50,10.0557
2872.00,10.0767
2872.50,10.0952
2873.00,10.0973
2873.50,10.0777
2874.00,10.0443
2874.50,10.0121
2875.00,9.9925
2875.50,9.9882
2876.00,9.9940
2876.50,10.0018
2877.00,10.0049
2877.50,10.0017
2878.00,9.9957
2878.50,9.9930
2879.00,9.9970
2879.50,10.0051
2880.00,10.0100
2880.50,10.0059
2881.00,9.9941
2881.50,9.9826
2882.00,9.9780
2882.50,9.9771
2883.00,9.9677
2883.50,9.9383
2884.00,9.8882
2884.50,9.8288
2885.00,9.7763
2885.50,9.7424
2886.00,9.7292
2886.50,9.7320
2887.00,9.7430
2887.50,9.7534
2888.00,9.7545
2888.50,9.7403
2889.00,9.7103
2889.50,9.6694
2890.00,9.6265
2890.50,9.5919
2891.00,9.5760
2891.50,9.5844
2892.00,9.6137
2892.50,9.6518
2893.00,9.6828
2893.50,9.6944
2894.00,9.6829
2894.50,9.6547
2895.00,9.6231
2895.50,9.6011
2896.00,9.5961
2896.50,9.6080
2897.00,9.6305
2897.50,9.6540
2898.00,9.6675
2898.50,9.6625
2899.00,9.6379
2899.50,9.5999
2900.00,9.5587
2900.50,9.5238
2901.00,9.5026
2901.50,9.5013
2902.00,9.5232
2902.50,9.5639
2903.00,9.6091
2903.50,9.6425
2904.00,9.6569
2904.50,9.6609
