0.00,0.0000
0.50,0.1878
1.00,0.4523
1.50,0.7689
2.00,1.1023
2.50,1.4227
3.00,1.7142
3.50,1.9717
4.00,2.1976
4.50,2.3982
5.00,2.5799
5.50,2.7464
6.00,2.8959
6.50,3.0189
7.00,3.1003
7.50,3.1335
8.00,3.1336
8.50,3.1337
9.00,3.1643
9.50,3.2372
10.00,3.3463
10.50,3.4777
11.00,3.6167
11.50,3.7525
12.00,3.8821
12.50,4.0099
13.00,4.1374
13.50,4.2534
14.00,4.3394
14.50,4.3875
15.00,4.4094
15.50,4.4257
16.00,4.4500
16.50,4.4859
17.00,4.5343
17.50,4.5946
18.00,4.6558
18.50,4.6945
19.00,4.6883
19.50,4.6337
20.00,4.5512
20.50,4.4728
21.00,4.4259
21.50,4.4224
22.00,4.4550
22.50,4.5014
23.00,4.5358
23.50,4.5444
24.00,4.5341
24.50,4.5255
25.00,4.5369
25.50,4.5715
26.00,4.6178
26.50,4.6607
27.00,4.6967
27.50,4.7384
28.00,4.8011
28.50,4.8806
29.00,4.9450
29.50,4.9518
30.00,4.8771
30.50,4.7362
31.00,4.5797
31.50,4.4668
32.00,4.4317
32.50,4.4652
33.00,4.5261
33.50,4.5731
34.00,4.5909
34.50,4.5895
35.00,4.5867
35.50,4.5914
36.00,4.5993
36.50,4.5991
37.00,4.5794
37.50,4.5359
38.00,4.4733
38.50,4.4043
39.00,4.3421
39.50,4.2950
40.00,4.2648
40.50,4.2480
41.00,4.2418
41.50,4.2497
42.00,4.2813
42.50,4.3428
43.00,4.4269
43.50,4.5158
44.00,4.5918
44.50,4.6459
45.00,4.6775
45.50,4.6946
46.00,4.7121
46.50,4.7460
47.00,4.8026
47.50,4.8726
48.00,4.9353
48.50,4.9691
49.00,4.9619
49.50,4.9168
50.00,4.8502
50.50,4.7818
51.00,4.7248
51.50,4.6835
52.00,4.6588
52.50,4.6547
53.00,4.6791
53.50,4.7392
54.00,4.8344
54.50,4.9523
55.00,5.0716
55.50,5.1704
56.00,5.2345
56.50,5.2609
57.00,5.2526
57.50,5.2156
58.00,5.1635
58.50,5.1220
59.00,5.1199
59.50,5.1656
60.00,5.2320
60.50,5.2704
61.00,5.2470
61.50,5.1712
62.00,5.0907
62.50,5.0549
63.00,5.0790
63.50,5.1362
64.00,5.1816
64.50,5.1844
65.00,5.1430
65.50,5.0787
66.00,5.0172
66.50,4.9732
67.00,4.9483
67.50,4.9418
68.00,4.9602
68.50,5.0126
69.00,5.0939
69.50,5.1744
70.00,5.2120
70.50,5.1812
71.00,5.0948
71.50,4.9970
72.00,4.9316
72.50,4.9118
73.00,4.9157
73.50,4.9106
74.00,4.8837
74.50,4.8539
75.00,4.8554
75.50,4.9074
76.00,4.9969
76.50,5.0881
77.00,5.1470
77.50,5.1605
78.00,5.1393
78.50,5.1089
79.00,5.0966
79.50,5.1189
80.00,5.1735
80.50,5.2419
81.00,5.3026
81.50,5.3464
82.00,5.3785
82.50,5.4075
83.00,5.4318
83.50,5.4395
84.00,5.4197
84.50,5.3758
85.00,5.3244
85.50,5.2819
86.00,5.2513
86.50,5.2221
87.00,5.1817
87.50,5.1298
88.00,5.0818
88.50,5.0611
89.00,5.0857
89.50,5.1551
90.00,5.2487
90.50,5.3361
91.00,5.3945
91.50,5.4196
92.00,5.4252
92.50,5.4317
93.00,5.4523
93.50,5.4884
94.00,5.5335
94.50,5.5797
95.00,5.6202
95.50,5.6483
96.00,5.6602
96.50,5.6559
97.00,5.6388
97.50,5.6159
98.00,5.6005
98.50,5.6120
99.00,5.6642
99.50,5.7487
100.00,5.8306
100.50,5.8667
101.00,5.8349
101.50,5.7499
102.00,5.6504
102.50,5.5725
103.00,5.5325
103.50,5.5309
104.00,5.5642
104.50,5.6295
105.00,5.7182
105.50,5.8133
106.00,5.8979
106.50,5.9659
107.00,6.0203
107.50,6.0624
108.00,6.0856
108.50,6.0807
109.00,6.0435
109.50,5.9770
110.00,5.8904
110.50,5.7982
111.00,5.7186
111.50,5.6666
112.00,5.6451
112.50,5.6427
113.00,5.6430
113.50,5.6372
114.00,5.6293
114.50,5.6280
115.00,5.6366
115.50,5.6553
116.00,5.6883
116.50,5.7418
117.00,5.8116
117.50,5.8782
118.00,5.9180
118.50,5.9216
119.00,5.8984
119.50,5.8667
120.00,5.8380
120.50,5.8118
121.00,5.7810
121.50,5.7404
122.00,5.6922
122.50,5.6484
123.00,5.6276
123.50,5.6448
124.00,5.6987
124.50,5.7699
125.00,5.8335
125.50,5.8725
126.00,5.8783
126.50,5.8448
127.00,5.7704
127.50,5.6699
128.00,5.5771
128.50,5.5276
129.00,5.5349
129.50,5.5802
130.00,5.6267
130.50,5.6464
131.00,5.6351
131.50,5.6074
132.00,5.5790
132.50,5.5561
133.00,5.5390
133.50,5.5281
134.00,5.5248
134.50,5.5270
135.00,5.5284
135.50,5.5251
136.00,5.5194
136.50,5.5139
137.00,5.5050
137.50,5.4897
138.00,5.4786
138.50,5.4941
139.00,5.5485
139.50,5.6262
140.00,5.6927
140.50,5.7198
141.00,5.7034
141.50,5.6617
142.00,5.6217
142.50,5.6050
143.00,5.6169
143.50,5.6448
144.00,5.6677
144.50,5.6706
145.00,5.6528
145.50,5.6259
146.00,5.6087
146.50,5.6216
147.00,5.6758
147.50,5.7627
148.00,5.8537
148.50,5.9183
149.00,5.9453
149.50,5.9456
150.00,5.9339
150.50,5.9109
151.00,5.8707
151.50,5.8194
152.00,5.7785
152.50,5.7646
153.00,5.7717
153.50,5.7794
154.00,5.7764
154.50,5.7682
155.00,5.7611
155.50,5.7449
156.00,5.6989
156.50,5.6142
157.00,5.5087
157.50,5.4198
158.00,5.3813
158.50,5.4026
159.00,5.4648
159.50,5.5381
160.00,5.6038
160.50,5.6589
161.00,5.7025
161.50,5.7233
162.00,5.7070
162.50,5.6559
163.00,5.5933
163.50,5.5458
164.00,5.5226
164.50,5.5147
165.00,5.5120
165.50,5.5165
166.00,5.5380
166.50,5.5791
167.00,5.6264
167.50,5.6564
168.00,5.6519
168.50,5.6153
169.00,5.5677
169.50,5.5333
170.00,5.5234
170.50,5.5360
171.00,5.5636
171.50,5.5970
172.00,5.6225
172.50,5.6247
173.00,5.5964
173.50,5.5446
174.00,5.4853
174.50,5.4371
175.00,5.4170
175.50,5.4352
176.00,5.4855
176.50,5.5442
177.00,5.5834
177.50,5.5931
178.00,5.5893
178.50,5.6034
179.00,5.6578
179.50,5.7458
180.00,5.8286
180.50,5.8598
181.00,5.8228
181.50,5.7476
182.00,5.6874
182.50,5.6754
183.00,5.7032
183.50,5.7359
184.00,5.7459
184.50,5.7312
185.00,5.7076
185.50,5.6870
186.00,5.6665
186.50,5.6350
187.00,5.5883
187.50,5.5344
188.00,5.4907
188.50,5.4758
189.00,5.5029
189.50,5.5705
190.00,5.6578
190.50,5.7321
191.00,5.7663
191.50,5.7498
192.00,5.6863
192.50,5.5852
193.00,5.4589
193.50,5.3261
194.00,5.2120
194.50,5.1376
195.00,5.1052
195.50,5.1007
196.00,5.1100
196.50,5.1298
197.00,5.1589
197.50,5.1847
198.00,5.1888
198.50,5.1669
199.00,5.1369
199.50,5.1212
200.00,5.1264
200.50,5.1415
201.00,5.1553
201.50,5.1675
202.00,5.1843
202.50,5.2083
203.00,5.2354
203.50,5.2583
204.00,5.2703
204.50,5.2679
205.00,5.2530
205.50,5.2341
206.00,5.2197
206.50,5.2090
207.00,5.1891
207.50,5.1484
208.00,5.0923
208.50,5.0421
209.00,5.0149
209.50,5.0079
210.00,5.0053
210.50,4.9973
211.00,4.9899
211.50,4.9983
212.00,5.0327
212.50,5.0901
213.00,5.1543
213.50,5.2042
214.00,5.2259
214.50,5.2186
215.00,5.1904
215.50,5.1534
216.00,5.1227
216.50,5.1138
217.00,5.1329
217.50,5.1690
218.00,5.2021
218.50,5.2216
219.00,5.2364
219.50,5.2629
220.00,5.3036
220.50,5.3371
221.00,5.3323
221.50,5.2753
222.00,5.1867
222.50,5.1137
223.00,5.1011
223.50,5.1607
224.00,5.2593
224.50,5.3372
225.00,5.3470
225.50,5.2853
226.00,5.1898
226.50,5.1063
227.00,5.0583
227.50,5.0434
228.00,5.0492
228.50,5.0660
229.00,5.0853
229.50,5.0977
230.00,5.0974
230.50,5.0875
231.00,5.0774
231.50,5.0739
232.00,5.0757
232.50,5.0752
233.00,5.0620
233.50,5.0295
234.00,4.9823
234.50,4.9416
235.00,4.9345
235.50,4.9720
236.00,5.0351
236.50,5.0874
237.00,5.1022
237.50,5.0758
238.00,5.0199
238.50,4.9488
239.00,4.8772
239.50,4.8249
240.00,4.8143
240.50,4.8572
241.00,4.9392
241.50,5.0177
242.00,5.0441
242.50,4.9993
243.00,4.9090
243.50,4.8218
244.00,4.7705
244.50,4.7524
245.00,4.7451
245.50,4.7338
246.00,4.7258
246.50,4.7409
247.00,4.7926
247.50,4.8726
248.00,4.9505
248.50,4.9888
249.00,4.9661
249.50,4.8929
250.00,4.8066
250.50,4.7474
251.00,4.7330
251.50,4.7533
252.00,4.7857
252.50,4.8125
253.00,4.8261
253.50,4.8234
254.00,4.8033
254.50,4.7688
255.00,4.7296
255.50,4.6999
256.00,4.6900
256.50,4.7020
257.00,4.7305
257.50,4.7706
258.00,4.8203
258.50,4.8766
259.00,4.9290
259.50,4.9629
260.00,4.9696
260.50,4.9553
261.00,4.9368
261.50,4.9295
262.00,4.9409
262.50,4.9771
263.00,5.0487
263.50,5.1623
264.00,5.3048
264.50,5.4413
265.00,5.5343
265.50,5.5681
266.00,5.5569
266.50,5.5313
267.00,5.5190
267.50,5.5331
268.00,5.5698
268.50,5.6145
269.00,5.6517
269.50,5.6717
270.00,5.6674
270.50,5.6300
271.00,5.5545
271.50,5.4513
272.00,5.3480
272.50,5.2732
273.00,5.2373
273.50,5.2320
274.00,5.2463
274.50,5.2809
275.00,5.3426
275.50,5.4248
276.00,5.4999
276.50,5.5349
277.00,5.5166
277.50,5.4575
278.00,5.3809
278.50,5.3017
279.00,5.2227
279.50,5.1438
280.00,5.0729
280.50,5.0289
281.00,5.0314
281.50,5.0830
282.00,5.1599
282.50,5.2255
283.00,5.2617
283.50,5.2876
284.00,5.3429
284.50,5.4472
285.00,5.5738
285.50,5.6621
286.00,5.6620
286.50,5.5683
287.00,5.4222
287.50,5.2794
288.00,5.1798
288.50,5.1361
289.00,5.1428
289.50,5.1896
290.00,5.2660
290.50,5.3597
291.00,5.4537
291.50,5.5294
292.00,5.5756
292.50,5.5945
293.00,5.5967
293.50,5.5894
294.00,5.5704
294.50,5.5414
295.00,5.5222
295.50,5.5422
296.00,5.6087
296.50,5.6907
297.00,5.7428
297.50,5.7451
298.00,5.7158
298.50,5.6851
299.00,5.6669
299.50,5.6535
300.00,5.6320
300.50,5.5982
301.00,5.5602
301.50,5.5340
302.00,5.5367
302.50,5.5742
303.00,5.6315
303.50,5.6762
304.00,5.6811
304.50,5.6457
305.00,5.5953
305.50,5.5587
306.00,5.5486
306.50,5.5629
307.00,5.5971
307.50,5.6465
308.00,5.6997
308.50,5.7396
309.00,5.7537
309.50,5.7451
310.00,5.7296
310.50,5.7215
311.00,5.7200
311.50,5.7061
312.00,5.6592
312.50,5.5795
313.00,5.4937
313.50,5.4371
314.00,5.4295
314.50,5.4664
315.00,5.5260
315.50,5.5830
316.00,5.6174
316.50,5.6209
317.00,5.5970
317.50,5.5579
318.00,5.5196
318.50,5.4971
319.00,5.4990
319.50,5.5243
320.00,5.5647
320.50,5.6113
321.00,5.6577
321.50,5.6960
322.00,5.7135
322.50,5.6985
323.00,5.6488
323.50,5.5743
324.00,5.4916
324.50,5.4212
325.00,5.3834
325.50,5.3880
326.00,5.4229
326.50,5.4596
327.00,5.4761
327.50,5.4729
328.00,5.4645
328.50,5.4591
329.00,5.4513
329.50,5.4324
330.00,5.4047
330.50,5.3795
331.00,5.3638
331.50,5.3489
332.00,5.3175
332.50,5.2635
333.00,5.2047
333.50,5.1771
334.00,5.2126
334.50,5.3191
335.00,5.4768
335.50,5.6511
336.00,5.8101
336.50,5.9339
337.00,6.0148
337.50,6.0509
338.00,6.0430
338.50,5.9962
339.00,5.9257
339.50,5.8538
340.00,5.7961
340.50,5.7494
341.00,5.6952
341.50,5.6193
342.00,5.5259
342.50,5.4302
343.00,5.3393
343.50,5.2463
344.00,5.1478
344.50,5.0644
345.00,5.0354
345.50,5.0858
346.00,5.1994
346.50,5.3219
347.00,5.3925
347.50,5.3764
348.00,5.2780
348.50,5.1333
349.00,4.9917
349.50,4.8982
350.00,4.8766
350.50,4.9176
351.00,4.9846
351.50,5.0401
352.00,5.0743
352.50,5.1065
353.00,5.1591
353.50,5.2321
354.00,5.3045
354.50,5.3536
355.00,5.3678
355.50,5.3449
356.00,5.2876
356.50,5.2027
357.00,5.1028
357.50,5.0046
358.00,4.9260
358.50,4.8816
359.00,4.8780
359.50,4.9125
360.00,4.9755
360.50,5.0513
361.00,5.1167
361.50,5.1483
362.00,5.1385
362.50,5.1069
363.00,5.0889
363.50,5.1084
364.00,5.1605
364.50,5.2179
365.00,5.2515
365.50,5.2453
366.00,5.2034
366.50,5.1484
367.00,5.1130
367.50,5.1219
368.00,5.1743
368.50,5.2403
369.00,5.2786
369.50,5.2657
370.00,5.2148
370.50,5.1683
371.00,5.1658
371.50,5.2110
372.00,5.2651
372.50,5.2732
373.00,5.2031
373.50,5.0678
374.00,4.9190
374.50,4.8177
375.00,4.8016
375.50,4.8665
376.00,4.9729
376.50,5.0697
377.00,5.1217
377.50,5.1221
378.00,5.0870
378.50,5.0427
379.00,5.0135
379.50,5.0151
380.00,5.0488
380.50,5.0998
381.00,5.1439
381.50,5.1610
382.00,5.1486
382.50,5.1218
383.00,5.1010
383.50,5.0974
384.00,5.1084
384.50,5.1210
385.00,5.1180
385.50,5.0842
386.00,5.0144
386.50,4.9186
387.00,4.8190
387.50,4.7392
388.00,4.6960
388.50,4.7016
389.00,4.7653
389.50,4.8818
390.00,5.0164
390.50,5.1100
391.00,5.1136
391.50,5.0238
392.00,4.8851
392.50,4.7569
393.00,4.6760
393.50,4.6454
394.00,4.6501
394.50,4.6776
395.00,4.7241
395.50,4.7874
396.00,4.8588
396.50,4.9237
397.00,4.9715
397.50,5.0036
398.00,5.0329
398.50,5.0715
399.00,5.1171
399.50,5.1518
400.00,5.1576
400.50,5.1335
401.00,5.0962
401.50,5.0632
402.00,5.0381
402.50,5.0145
403.00,4.9894
403.50,4.9702
404.00,4.9672
404.50,4.9822
405.00,5.0041
405.50,5.0122
406.00,4.9885
406.50,4.9316
407.00,4.8604
407.50,4.8016
408.00,4.7701
408.50,4.7616
409.00,4.7588
409.50,4.7454
410.00,4.7156
410.50,4.6770
411.00,4.6442
411.50,4.6278
412.00,4.6262
412.50,4.6286
413.00,4.6285
413.50,4.6320
414.00,4.6495
414.50,4.6808
415.00,4.7133
415.50,4.7385
416.00,4.7641
416.50,4.8048
417.00,4.8623
417.50,4.9193
418.00,4.9524
418.50,4.9479
419.00,4.9091
419.50,4.8574
420.00,4.8268
420.50,4.8469
421.00,4.9210
421.50,5.0192
422.00,5.0951
422.50,5.1103
423.00,5.0495
423.50,4.9223
424.00,4.7572
424.50,4.5915
425.00,4.4583
425.50,4.3738
426.00,4.3342
426.50,4.3239
427.00,4.3244
427.50,4.3208
428.00,4.3073
428.50,4.2918
429.00,4.2953
429.50,4.3400
430.00,4.4317
430.50,4.5492
431.00,4.6525
431.50,4.7061
432.00,4.6999
432.50,4.6536
433.00,4.5999
433.50,4.5616
434.00,4.5407
434.50,4.5283
435.00,4.5236
435.50,4.5399
436.00,4.5933
436.50,4.6800
437.00,4.7683
437.50,4.8159
438.00,4.7992
438.50,4.7299
439.00,4.6405
439.50,4.5574
440.00,4.4895
440.50,4.4375
441.00,4.4082
441.50,4.4143
442.00,4.4598
442.50,4.5285
443.00,4.5933
443.50,4.6376
444.00,4.6682
444.50,4.7038
445.00,4.7534
445.50,4.8077
446.00,4.8486
446.50,4.8644
447.00,4.8588
447.50,4.8457
448.00,4.8366
448.50,4.8323
449.00,4.8262
449.50,4.8135
450.00,4.7940
450.50,4.7679
451.00,4.7347
451.50,4.6966
452.00,4.6626
452.50,4.6437
453.00,4.6428
453.50,4.6528
454.00,4.6641
454.50,4.6727
455.00,4.6784
455.50,4.6796
456.00,4.6769
456.50,4.6809
457.00,4.7061
457.50,4.7539
458.00,4.8060
458.50,4.8403
459.00,4.8492
459.50,4.8384
460.00,4.8119
460.50,4.7675
461.00,4.7066
461.50,4.6410
462.00,4.5869
462.50,4.5520
463.00,4.5294
463.50,4.5030
464.00,4.4619
464.50,4.4121
465.00,4.3743
465.50,4.3662
466.00,4.3849
466.50,4.4061
467.00,4.4026
467.50,4.3680
468.00,4.3270
468.50,4.3201
469.00,4.3714
469.50,4.4651
470.00,4.5549
470.50,4.5981
471.00,4.5829
471.50,4.5256
472.00,4.4512
472.50,4.3794
473.00,4.3249
473.50,4.2976
474.00,4.2993
474.50,4.3223
475.00,4.3577
475.50,4.4026
476.00,4.4578
476.50,4.5183
477.00,4.5707
477.50,4.6005
478.00,4.6005
478.50,4.5732
479.00,4.5284
479.50,4.4779
480.00,4.4318
480.50,4.3943
481.00,4.3639
481.50,4.3371
482.00,4.3142
482.50,4.3011
483.00,4.3038
483.50,4.3231
484.00,4.3559
484.50,4.4013
485.00,4.4613
485.50,4.5293
486.00,4.5815
486.50,4.5865
487.00,4.5288
487.50,4.4221
488.00,4.2986
488.50,4.1847
489.00,4.0880
489.50,4.0055
490.00,3.9385
490.50,3.8983
491.00,3.9009
491.50,3.9541
492.00,4.0438
492.50,4.1299
493.00,4.1635
493.50,4.1196
494.00,4.0167
494.50,3.9074
495.00,3.8465
495.50,3.8621
496.00,3.9445
496.50,4.0572
497.00,4.1561
497.50,4.2075
498.00,4.1983
498.50,4.1424
499.00,4.0771
499.50,4.0444
500.00,4.0650
500.50,4.1258
501.00,4.1916
501.50,4.2276
502.00,4.2147
502.50,4.1529
503.00,4.0584
503.50,3.9564
504.00,3.8746
504.50,3.8365
505.00,3.8568
505.50,3.9322
506.00,4.0334
506.50,4.1111
507.00,4.1235
507.50,4.0665
508.00,3.9767
508.50,3.8988
509.00,3.8487
509.50,3.8088
510.00,3.7548
510.50,3.6815
511.00,3.6074
511.50,3.5597
512.00,3.5602
512.50,3.6156
513.00,3.7134
513.50,3.8212
514.00,3.8949
514.50,3.8986
515.00,3.8255
515.50,3.7063
516.00,3.5935
516.50,3.5328
517.00,3.5410
517.50,3.6057
518.00,3.6993
518.50,3.7919
519.00,3.8548
519.50,3.8666
520.00,3.8215
520.50,3.7335
521.00,3.6325
521.50,3.5559
522.00,3.5399
522.50,3.6032
523.00,3.7298
523.50,3.8715
524.00,3.9775
524.50,4.0264
525.00,4.0276
525.50,3.9977
526.00,3.9409
526.50,3.8560
527.00,3.7529
527.50,3.6545
528.00,3.5826
528.50,3.5442
529.00,3.5319
529.50,3.5331
530.00,3.5371
530.50,3.5364
531.00,3.5260
531.50,3.5050
532.00,3.4778
532.50,3.4522
533.00,3.4323
533.50,3.4140
534.00,3.3915
534.50,3.3668
535.00,3.3510
535.50,3.3560
536.00,3.3856
536.50,3.4331
537.00,3.4868
537.50,3.5376
538.00,3.5812
538.50,3.6148
539.00,3.6319
539.50,3.6234
540.00,3.5834
540.50,3.5146
541.00,3.4315
541.50,3.3603
542.00,3.3306
542.50,3.3629
543.00,3.4566
543.50,3.5874
544.00,3.7120
544.50,3.7838
545.00,3.7761
545.50,3.7015
546.00,3.6085
546.50,3.5510
547.00,3.5546
547.50,3.6057
548.00,3.6699
548.50,3.7173
549.00,3.7363
549.50,3.7312
550.00,3.7125
550.50,3.6878
551.00,3.6601
551.50,3.6306
552.00,3.6033
552.50,3.5842
553.00,3.5768
553.50,3.5801
554.00,3.5891
554.50,3.5979
555.00,3.6002
555.50,3.5883
556.00,3.5564
556.50,3.5082
557.00,3.4631
557.50,3.4501
558.00,3.4885
558.50,3.5711
559.00,3.6672
559.50,3.7418
560.00,3.7729
560.50,3.7561
561.00,3.6999
561.50,3.6224
562.00,3.5481
562.50,3.5007
563.00,3.4937
563.50,3.5281
564.00,3.5942
564.50,3.6735
565.00,3.7428
565.50,3.7842
566.00,3.7952
566.50,3.7843
567.00,3.7570
567.50,3.7085
568.00,3.6354
568.50,3.5484
569.00,3.4680
569.50,3.4074
570.00,3.3632
570.50,3.3266
571.00,3.3007
571.50,3.3025
572.00,3.3483
572.50,3.4365
573.00,3.5441
573.50,3.6350
574.00,3.6745
574.50,3.6454
575.00,3.5582
575.50,3.4472
576.00,3.3512
576.50,3.2937
577.00,3.2758
577.50,3.2822
578.00,3.2916
578.50,3.2877
579.00,3.2677
579.50,3.2440
580.00,3.2332
580.50,3.2426
581.00,3.2661
581.50,3.2935
582.00,3.3188
582.50,3.3395
583.00,3.3533
583.50,3.3605
584.00,3.3662
584.50,3.3776
585.00,3.4019
585.50,3.4444
586.00,3.5056
586.50,3.5770
587.00,3.6418
587.50,3.6830
588.00,3.6916
588.50,3.6695
589.00,3.6297
589.50,3.5906
590.00,3.5670
590.50,3.5629
591.00,3.5727
591.50,3.5874
592.00,3.5956
592.50,3.5819
593.00,3.5333
593.50,3.4520
594.00,3.3628
594.50,3.3013
595.00,3.2916
595.50,3.3327
596.00,3.4035
596.50,3.4801
597.00,3.5472
597.50,3.6002
598.00,3.6392
598.50,3.6620
599.00,3.6628
599.50,3.6409
600.00,3.6097
600.50,3.5940
601.00,3.6126
601.50,3.6632
602.00,3.7230
602.50,3.7647
603.00,3.7743
603.50,3.7549
604.00,3.7166
604.50,3.6628
605.00,3.5912
605.50,3.5048
606.00,3.4180
606.50,3.3498
607.00,3.3128
607.50,3.3058
608.00,3.3137
608.50,3.3134
609.00,3.2848
609.50,3.2229
610.00,3.1428
610.50,3.0735
611.00,3.0431
611.50,3.0640
612.00,3.1274
612.50,3.2097
613.00,3.2864
613.50,3.3436
614.00,3.3807
614.50,3.4043
615.00,3.4190
615.50,3.4244
616.00,3.4195
616.50,3.4091
617.00,3.4051
617.50,3.4178
618.00,3.4453
618.50,3.4719
619.00,3.4820
619.50,3.4747
620.00,3.4637
620.50,3.4618
621.00,3.4667
621.50,3.4635
622.00,3.4418
622.50,3.4116
623.00,3.3991
623.50,3.4229
624.00,3.4723
624.50,3.5107
625.00,3.5019
625.50,3.4359
626.00,3.3354
626.50,3.2422
627.00,3.1952
627.50,3.2110
628.00,3.2752
628.50,3.3486
629.00,3.3884
629.50,3.3725
630.00,3.3125
630.50,3.2442
631.00,3.2030
631.50,3.2034
632.00,3.2343
632.50,3.2696
633.00,3.2885
633.50,3.2901
634.00,3.2923
634.50,3.3154
635.00,3.3651
635.50,3.4292
636.00,3.4873
636.50,3.5247
637.00,3.5409
637.50,3.5481
638.00,3.5625
638.50,3.5935
639.00,3.6357
639.50,3.6685
640.00,3.6656
640.50,3.6149
641.00,3.5335
641.50,3.4604
642.00,3.4275
642.50,3.4336
643.00,3.4455
643.50,3.4260
644.00,3.3638
644.50,3.2806
645.00,3.2137
645.50,3.1900
646.00,3.2110
646.50,3.2538
647.00,3.2838
647.50,3.2719
648.00,3.2109
648.50,3.1211
649.00,3.0384
649.50,2.9912
650.00,2.9819
650.50,2.9891
651.00,2.9875
651.50,2.9681
652.00,2.9394
652.50,2.9132
653.00,2.8915
653.50,2.8669
654.00,2.8322
654.50,2.7911
655.00,2.7619
655.50,2.7695
656.00,2.8312
656.50,2.9413
657.00,3.0685
657.50,3.1720
658.00,3.2227
658.50,3.2148
659.00,3.1614
659.50,3.0846
660.00,3.0076
660.50,2.9482
661.00,2.9119
661.50,2.8907
662.00,2.8705
662.50,2.8416
663.00,2.8076
663.50,2.7861
664.00,2.7994
664.50,2.8538
665.00,2.9261
665.50,2.9753
666.00,2.9734
666.50,2.9279
667.00,2.8742
667.50,2.8478
668.00,2.8626
668.50,2.9069
669.00,2.9536
669.50,2.9763
670.00,2.9632
670.50,2.9256
671.00,2.8931
671.50,2.8937
672.00,2.9303
672.50,2.9784
673.00,3.0086
673.50,3.0119
674.00,3.0021
674.50,2.9980
675.00,3.0087
675.50,3.0342
676.00,3.0750
676.50,3.1341
677.00,3.2088
677.50,3.2806
678.00,3.3186
678.50,3.2980
679.00,3.2192
679.50,3.1106
680.00,3.0122
680.50,2.9547
681.00,2.9459
681.50,2.9717
682.00,3.0094
682.50,3.0443
683.00,3.0763
683.50,3.1122
684.00,3.1501
684.50,3.1712
685.00,3.1480
685.50,3.0635
686.00,2.9275
686.50,2.7701
687.00,2.6194
687.50,2.4857
688.00,2.3698
688.50,2.2776
689.00,2.2184
689.50,2.1899
690.00,2.1770
690.50,2.1699
691.00,2.1782
691.50,2.2209
692.00,2.3033
692.50,2.4104
693.00,2.5196
693.50,2.6161
694.00,2.6944
694.50,2.7517
695.00,2.7865
695.50,2.8025
696.00,2.8073
696.50,2.8063
697.00,2.7989
697.50,2.7804
698.00,2.7482
698.50,2.7077
699.00,2.6731
699.50,2.6615
700.00,2.6835
700.50,2.7379
701.00,2.8122
701.50,2.8877
702.00,2.9492
702.50,2.9916
703.00,3.0214
703.50,3.0523
704.00,3.1005
704.50,3.1791
705.00,3.2886
705.50,3.4100
706.00,3.5096
706.50,3.5579
707.00,3.5492
707.50,3.5062
708.00,3.4658
708.50,3.4541
709.00,3.4715
709.50,3.4974
710.00,3.5098
710.50,3.4984
711.00,3.4634
711.50,3.4078
712.00,3.3355
712.50,3.2542
713.00,3.1780
713.50,3.1215
714.00,3.0907
714.50,3.0782
715.00,3.0689
715.50,3.0523
716.00,3.0291
716.50,3.0039
717.00,2.9763
717.50,2.9388
718.00,2.8850
718.50,2.8177
719.00,2.7514
719.50,2.7068
720.00,2.6977
720.50,2.7196
721.00,2.7524
721.50,2.7765
722.00,2.7878
722.50,2.7985
723.00,2.8258
723.50,2.8752
724.00,2.9301
724.50,2.9567
725.00,2.9242
725.50,2.8253
726.00,2.6800
726.50,2.5242
727.00,2.3978
727.50,2.3358
728.00,2.3572
728.50,2.4517
729.00,2.5785
729.50,2.6843
730.00,2.7297
730.50,2.7046
731.00,2.6255
731.50,2.5213
732.00,2.4216
732.50,2.3504
733.00,2.3205
733.50,2.3286
734.00,2.3583
734.50,2.3918
735.00,2.4220
735.50,2.4504
736.00,2.4764
736.50,2.4896
737.00,2.4760
737.50,2.4320
738.00,2.3704
738.50,2.3119
739.00,2.2708
739.50,2.2503
740.00,2.2441
740.50,2.2398
741.00,2.2212
741.50,2.1744
742.00,2.0950
742.50,1.9892
743.00,1.8689
743.50,1.7471
744.00,1.6384
744.50,1.5612
745.00,1.5331
745.50,1.5611
746.00,1.6325
746.50,1.7176
747.00,1.7825
747.50,1.8039
748.00,1.7766
748.50,1.7122
749.00,1.6317
749.50,1.5570
750.00,1.5028
750.50,1.4723
751.00,1.4549
751.50,1.4284
752.00,1.3692
752.50,1.2727
753.00,1.1635
753.50,1.0838
754.00,1.0637
754.50,1.0991
755.00,1.1577
755.50,1.2046
756.00,1.2266
756.50,1.2356
757.00,1.2508
757.50,1.2789
758.00,1.3097
758.50,1.3297
759.00,1.3363
759.50,1.3371
760.00,1.3364
760.50,1.3271
761.00,1.2976
761.50,1.2495
762.00,1.2072
762.50,1.2062
763.00,1.2675
763.50,1.3765
764.00,1.4862
764.50,1.5467
765.00,1.5360
765.50,1.4711
766.00,1.3916
766.50,1.3305
767.00,1.2967
767.50,1.2789
768.00,1.2625
768.50,1.2403
769.00,1.2126
769.50,1.1833
770.00,1.1604
770.50,1.1569
771.00,1.1848
771.50,1.2418
772.00,1.3039
772.50,1.3372
773.00,1.3234
773.50,1.2745
774.00,1.2213
774.50,1.1908
775.00,1.1906
775.50,1.2113
776.00,1.2344
776.50,1.2432
777.00,1.2307
777.50,1.2032
778.00,1.1763
778.50,1.1668
779.00,1.1845
779.50,1.2256
780.00,1.2720
780.50,1.2989
781.00,1.2918
781.50,1.2569
782.00,1.2157
782.50,1.1867
783.00,1.1718
783.50,1.1607
784.00,1.1456
784.50,1.1267
785.00,1.1045
785.50,1.0716
786.00,1.0172
786.50,0.9414
787.00,0.8608
787.50,0.8000
788.00,0.7744
788.50,0.7805
789.00,0.8037
789.50,0.8387
790.00,0.9003
790.50,1.0089
791.00,1.1599
791.50,1.3080
792.00,1.3894
792.50,1.3651
793.00,1.2512
793.50,1.1099
794.00,1.0092
794.50,0.9800
795.00,1.0012
795.50,1.0217
796.00,0.9994
796.50,0.9270
797.00,0.8320
797.50,0.7575
798.00,0.7411
798.50,0.7979
799.00,0.9157
799.50,1.0585
800.00,1.1776
800.50,1.2290
801.00,1.1930
801.50,1.0887
802.00,0.9679
802.50,0.8864
803.00,0.8711
803.50,0.9100
804.00,0.9687
804.50,1.0136
805.00,1.0195
805.50,0.9683
806.00,0.8569
806.50,0.7070
807.00,0.5591
807.50,0.4495
808.00,0.3931
808.50,0.3835
809.00,0.4046
809.50,0.4401
810.00,0.4770
810.50,0.5067
811.00,0.5269
811.50,0.5437
812.00,0.5700
812.50,0.6177
813.00,0.6858
813.50,0.7546
814.00,0.7946
814.50,0.7864
815.00,0.7374
815.50,0.6830
816.00,0.6628
816.50,0.6902
817.00,0.7422
817.50,0.7810
818.00,0.7860
818.50,0.7661
819.00,0.7470
819.50,0.7485
820.00,0.7712
820.50,0.7966
821.00,0.8010
821.50,0.7727
822.00,0.7188
822.50,0.6575
823.00,0.6051
823.50,0.5704
824.00,0.5551
824.50,0.5569
825.00,0.5720
825.50,0.5995
826.00,0.6401
826.50,0.6894
827.00,0.7317
827.50,0.7467
828.00,0.7268
828.50,0.6858
829.00,0.6483
829.50,0.6328
830.00,0.6461
830.50,0.6892
831.00,0.7614
831.50,0.8562
832.00,0.9554
832.50,1.0325
833.00,1.0634
833.50,1.0348
834.00,0.9481
834.50,0.8211
835.00,0.6846
835.50,0.5684
836.00,0.4834
836.50,0.4198
837.00,0.3640
837.50,0.3182
838.00,0.3039
838.50,0.3485
839.00,0.4655
839.50,0.6416
840.00,0.8351
840.50,0.9888
841.00,1.0523
841.50,1.0042
842.00,0.8644
842.50,0.6872
843.00,0.5350
843.50,0.4499
844.00,0.4366
844.50,0.4688
845.00,0.5098
845.50,0.5354
846.00,0.5438
846.50,0.5483
847.00,0.5585
847.50,0.5687
848.00,0.5633
848.50,0.5345
849.00,0.4925
849.50,0.4586
850.00,0.4481
850.50,0.4608
851.00,0.4853
851.50,0.5124
852.00,0.5436
852.50,0.5871
853.00,0.6431
853.50,0.6935
854.00,0.7042
854.50,0.6469
855.00,0.5252
855.50,0.3812
856.00,0.2707
856.50,0.2253
857.00,0.2346
857.50,0.2642
858.00,0.2916
858.50,0.3246
859.00,0.3865
859.50,0.4834
860.00,0.5897
860.50,0.6697
861.00,0.7088
861.50,0.7192
862.00,0.7154
862.50,0.6931
863.00,0.6385
863.50,0.5537
864.00,0.4635
864.50,0.3986
865.00,0.3759
865.50,0.3934
866.00,0.4377
866.50,0.4909
867.00,0.5348
867.50,0.5577
868.00,0.5567
868.50,0.5337
869.00,0.4895
869.50,0.4267
870.00,0.3568
870.50,0.2984
871.00,0.2637
871.50,0.2488
872.00,0.2394
872.50,0.2258
873.00,0.2143
873.50,0.2212
874.00,0.2547
874.50,0.3015
875.00,0.3341
875.50,0.3358
876.00,0.3150
876.50,0.2946
877.00,0.2891
877.50,0.2955
878.00,0.3034
878.50,0.3092
879.00,0.3158
879.50,0.3227
880.00,0.3210
880.50,0.3040
881.00,0.2788
881.50,0.2637
882.00,0.2732
882.50,0.3061
883.00,0.3481
883.50,0.3809
884.00,0.3897
884.50,0.3657
885.00,0.3120
885.50,0.2484
886.00,0.2086
886.50,0.2197
887.00,0.2788
887.50,0.3477
888.00,0.3774
888.50,0.3443
889.00,0.2685
889.50,0.1986
890.00,0.1742
890.50,0.2003
891.00,0.2478
891.50,0.2770
892.00,0.2659
892.50,0.2252
893.00,0.1898
893.50,0.1908
894.00,0.2319
894.50,0.2893
895.00,0.3334
895.50,0.3506
896.00,0.3452
896.50,0.3283
897.00,0.3085
897.50,0.2932
898.00,0.2872
898.50,0.2865
899.00,0.2765
899.50,0.2454
900.00,0.2014
900.50,0.1720
901.00,0.1829
901.50,0.2376
902.00,0.3165
902.50,0.3941
903.00,0.4565
903.50,0.5058
904.00,0.5498
904.50,0.5859
905.00,0.5994
905.50,0.5774
906.00,0.5230
906.50,0.4531
907.00,0.3853
907.50,0.3278
908.00,0.2790
908.50,0.2310
909.00,0.1765
909.50,0.1174
910.00,0.0705
910.50,0.0584
911.00,0.0917
911.50,0.1589
912.00,0.2318
912.50,0.2810
913.00,0.2920
913.50,0.2710
914.00,0.2378
914.50,0.2091
915.00,0.1880
915.50,0.1702
916.00,0.1562
916.50,0.1507
917.00,0.1502
917.50,0.1423
918.00,0.1238
918.50,0.1188
919.00,0.1670
919.50,0.2880
920.00,0.4548
920.50,0.6082
921.00,0.6973
921.50,0.7089
922.00,0.6602
922.50,0.5747
923.00,0.4693
923.50,0.3577
924.00,0.2548
924.50,0.1727
925.00,0.1173
925.50,0.0898
926.00,0.0884
926.50,0.1063
927.00,0.1309
927.50,0.1528
928.00,0.1742
928.50,0.2063
929.00,0.2581
929.50,0.3275
930.00,0.4035
930.50,0.4718
931.00,0.5199
931.50,0.5430
932.00,0.5468
932.50,0.5442
933.00,0.5459
933.50,0.5551
934.00,0.5723
934.50,0.6031
935.00,0.6570
935.50,0.7353
936.00,0.8203
936.50,0.8821
937.00,0.9010
937.50,0.8881
938.00,0.8816
938.50,0.9193
939.00,1.0064
939.50,1.1092
940.00,1.1829
940.50,1.2086
941.00,1.2071
941.50,1.2170
942.00,1.2622
942.50,1.3354
943.00,1.4104
943.50,1.4644
944.00,1.4891
944.50,1.4872
945.00,1.4667
945.50,1.4400
946.00,1.4210
946.50,1.4205
947.00,1.4435
947.50,1.4927
948.00,1.5702
948.50,1.6694
949.00,1.7659
949.50,1.8256
950.00,1.8311
950.50,1.8008
951.00,1.7769
951.50,1.7904
952.00,1.8348
952.50,1.8745
953.00,1.8778
953.50,1.8455
954.00,1.8102
954.50,1.8080
955.00,1.8506
955.50,1.9212
956.00,1.9916
956.50,2.0414
957.00,2.0632
957.50,2.0586
958.00,2.0296
958.50,1.9799
959.00,1.9217
959.50,1.8794
960.00,1.8785
960.50,1.9284
961.00,2.0173
961.50,2.1271
962.00,2.2489
962.50,2.3829
963.00,2.5250
963.50,2.6564
964.00,2.7485
964.50,2.7788
965.00,2.7467
965.50,2.6748
966.00,2.5979
966.50,2.5477
967.00,2.5428
967.50,2.5833
968.00,2.6518
968.50,2.7231
969.00,2.7780
969.50,2.8072
970.00,2.8053
970.50,2.7687
971.00,2.7069
971.50,2.6502
972.00,2.6372
972.50,2.6845
973.00,2.7701
973.50,2.8491
974.00,2.8885
974.50,2.8860
975.00,2.8623
975.50,2.8419
976.00,2.8403
976.50,2.8620
977.00,2.9036
977.50,2.9600
978.00,3.0297
978.50,3.1134
979.00,3.2049
979.50,3.2845
980.00,3.3236
980.50,3.2986
981.00,3.2060
981.50,3.0691
982.00,2.9319
982.50,2.8369
983.00,2.8014
983.50,2.8094
984.00,2.8267
984.50,2.8259
985.00,2.8003
985.50,2.7599
986.00,2.7200
986.50,2.6945
987.00,2.6969
987.50,2.7376
988.00,2.8143
988.50,2.9060
989.00,2.9782
989.50,2.9986
990.00,2.9548
990.50,2.8617
991.00,2.7545
991.50,2.6694
992.00,2.6283
992.50,2.6358
993.00,2.6825
993.50,2.7465
994.00,2.7952
994.50,2.7983
995.00,2.7463
995.50,2.6585
996.00,2.5713
996.50,2.5184
997.00,2.5152
997.50,2.5537
998.00,2.6088
998.50,2.6518
999.00,2.6662
999.50,2.6562
1000.00,2.6430
1000.50,2.6503
1001.00,2.6843
1001.50,2.7272
1002.00,2.7506
1002.50,2.7420
1003.00,2.7162
1003.50,2.6983
1004.00,2.6954
1004.50,2.6885
1005.00,2.6515
1005.50,2.5792
1006.00,2.4945
1006.50,2.4314
1007.00,2.4102
1007.50,2.4275
1008.00,2.4644
1008.50,2.4994
1009.00,2.5157
1009.50,2.5044
1010.00,2.4695
1010.50,2.4291
1011.00,2.4060
1011.50,2.4127
1012.00,2.4443
1012.50,2.4824
1013.00,2.5060
1013.50,2.5033
1014.00,2.4796
1014.50,2.4526
1015.00,2.4342
1015.50,2.4149
1016.00,2.3707
1016.50,2.2853
1017.00,2.1649
1017.50,2.0297
1018.00,1.8981
1018.50,1.7794
1019.00,1.6802
1019.50,1.6093
1020.00,1.5755
1020.50,1.5803
1021.00,1.6128
1021.50,1.6538
1022.00,1.6869
1022.50,1.7073
1023.00,1.7189
1023.50,1.7267
1024.00,1.7337
1024.50,1.7433
1025.00,1.7597
1025.50,1.7836
1026.00,1.8096
1026.50,1.8292
1027.00,1.8349
1027.50,1.8222
1028.00,1.7899
1028.50,1.7395
1029.00,1.6759
1029.50,1.6097
1030.00,1.5577
1030.50,1.5367
1031.00,1.5503
1031.50,1.5828
1032.00,1.6077
1032.50,1.6061
1033.00,1.5792
1033.50,1.5443
1034.00,1.5206
1034.50,1.5139
1035.00,1.5126
1035.50,1.4939
1036.00,1.4383
1036.50,1.3406
1037.00,1.2119
1037.50,1.0727
1038.00,0.9428
1038.50,0.8365
1039.00,0.7629
1039.50,0.7247
1040.00,0.7133
1040.50,0.7116
1041.00,0.7090
1041.50,0.7125
1042.00,0.7381
1042.50,0.7859
1043.00,0.8299
1043.50,0.8399
1044.00,0.8126
1044.50,0.7754
1045.00,0.7583
1045.50,0.7654
1046.00,0.7758
1046.50,0.7660
1047.00,0.7250
1047.50,0.6529
1048.00,0.5563
1048.50,0.4459
1049.00,0.3365
1049.50,0.2452
1050.00,0.1876
1050.50,0.1688
1051.00,0.1737
1051.50,0.1690
1052.00,0.1254
1052.50,0.0419
1053.00,-0.0514
1053.50,-0.1153
1054.00,-0.1278
1054.50,-0.0956
1055.00,-0.0475
1055.50,-0.0182
1056.00,-0.0301
1056.50,-0.0824
1057.00,-0.1548
1057.50,-0.2242
1058.00,-0.2780
1058.50,-0.3110
1059.00,-0.3167
1059.50,-0.2892
1060.00,-0.2365
1060.50,-0.1834
1061.00,-0.1528
1061.50,-0.1416
1062.00,-0.1201
1062.50,-0.0605
1063.00,0.0339
1063.50,0.1290
1064.00,0.1924
1064.50,0.2206
1065.00,0.2338
1065.50,0.2491
1066.00,0.2672
1066.50,0.2829
1067.00,0.2965
1067.50,0.3052
1068.00,0.2921
1068.50,0.2333
1069.00,0.1217
1069.50,-0.0192
1070.00,-0.1516
1070.50,-0.2554
1071.00,-0.3406
1071.50,-0.4278
1072.00,-0.5195
1072.50,-0.5952
1073.00,-0.6322
1073.50,-0.6255
1074.00,-0.5847
1074.50,-0.5165
1075.00,-0.4169
1075.50,-0.2813
1076.00,-0.1228
1076.50,0.0200
1077.00,0.0948
1077.50,0.0631
1078.00,-0.0720
1078.50,-0.2624
1079.00,-0.4388
1079.50,-0.5462
1080.00,-0.5660
1080.50,-0.5164
1081.00,-0.4369
1081.50,-0.3685
1082.00,-0.3397
1082.50,-0.3621
1083.00,-0.4301
1083.50,-0.5211
1084.00,-0.5981
1084.50,-0.6237
1085.00,-0.5799
1085.50,-0.4806
1086.00,-0.3627
1086.50,-0.2667
1087.00,-0.2193
1087.50,-0.2242
1088.00,-0.2659
1088.50,-0.3231
1089.00,-0.3807
1089.50,-0.4305
1090.00,-0.4651
1090.50,-0.4744
1091.00,-0.4513
1091.50,-0.3976
1092.00,-0.3289
1092.50,-0.2708
1093.00,-0.2462
1093.50,-0.2588
1094.00,-0.2921
1094.50,-0.3239
1095.00,-0.3442
1095.50,-0.3572
1096.00,-0.3711
1096.50,-0.3883
1097.00,-0.4056
1097.50,-0.4181
1098.00,-0.4240
1098.50,-0.4244
1099.00,-0.4213
1099.50,-0.4160
1100.00,-0.4123
1100.50,-0.4176
1101.00,-0.4366
1101.50,-0.4562
1102.00,-0.4431
1102.50,-0.3651
1103.00,-0.2220
1103.50,-0.0532
1104.00,0.0836
1104.50,0.1438
1105.00,0.1147
1105.50,0.0158
1106.00,-0.1122
1106.50,-0.2229
1107.00,-0.2811
1107.50,-0.2765
1108.00,-0.2256
1108.50,-0.1594
1109.00,-0.1080
1109.50,-0.0928
1110.00,-0.1254
1110.50,-0.2014
1111.00,-0.2928
1111.50,-0.3552
1112.00,-0.3497
1112.50,-0.2636
1113.00,-0.1154
1113.50,0.0571
1114.00,0.2144
1114.50,0.3289
1115.00,0.3887
1115.50,0.3913
1116.00,0.3389
1116.50,0.2429
1117.00,0.1339
1117.50,0.0593
1118.00,0.0628
1118.50,0.1563
1119.00,0.3086
1119.50,0.4627
1120.00,0.5736
1120.50,0.6352
1121.00,0.6731
1121.50,0.7147
1122.00,0.7650
1122.50,0.8066
1123.00,0.8160
1123.50,0.7804
1124.00,0.7078
1124.50,0.6262
1125.00,0.5713
1125.50,0.5670
1126.00,0.6135
1126.50,0.6902
1127.00,0.7726
1127.50,0.8476
1128.00,0.9131
1128.50,0.9683
1129.00,1.0099
1129.50,1.0389
1130.00,1.0696
1130.50,1.1262
1131.00,1.2261
1131.50,1.3595
1132.00,1.4840
1132.50,1.5480
1133.00,1.5292
1133.50,1.4563
1134.00,1.3850
1134.50,1.3505
1135.00,1.3429
1135.50,1.3305
1136.00,1.3016
1136.50,1.2753
1137.00,1.2775
1137.50,1.3132
1138.00,1.3665
1138.50,1.4189
1139.00,1.4622
1139.50,1.4974
1140.00,1.5251
1140.50,1.5416
1141.00,1.5470
1141.50,1.5556
1142.00,1.5907
1142.50,1.6626
1143.00,1.7535
1143.50,1.8301
1144.00,1.8732
1144.50,1.8927
1145.00,1.9132
1145.50,1.9461
1146.00,1.9766
1146.50,1.9787
1147.00,1.9431
1147.50,1.8896
1148.00,1.8476
1148.50,1.8259
1149.00,1.8051
1149.50,1.7636
1150.00,1.7052
1150.50,1.6568
1151.00,1.6424
1151.50,1.6665
1152.00,1.7225
1152.50,1.8110
1153.00,1.9416
1153.50,2.1154
1154.00,2.3052
1154.50,2.4575
1155.00,2.5239
1155.50,2.4955
1156.00,2.4074
1156.50,2.3081
1157.00,2.2249
1157.50,2.1567
1158.00,2.0916
1158.50,2.0267
1159.00,1.9741
1159.50,1.9519
1160.00,1.9687
1160.50,2.0154
1161.00,2.0665
1161.50,2.0941
1162.00,2.0843
1162.50,2.0456
1163.00,1.9996
1163.50,1.9617
1164.00,1.9339
1164.50,1.9128
1165.00,1.9000
1165.50,1.8949
1166.00,1.8835
1166.50,1.8439
1167.00,1.7693
1167.50,1.6831
1168.00,1.6253
1168.50,1.6189
1169.00,1.6509
1169.50,1.6859
1170.00,1.7012
1170.50,1.7060
1171.00,1.7277
1171.50,1.7791
1172.00,1.8421
1172.50,1.8797
1173.00,1.8650
1173.50,1.8001
1174.00,1.7111
1174.50,1.6264
1175.00,1.5597
1175.50,1.5100
1176.00,1.4749
1176.50,1.4595
1177.00,1.4745
1177.50,1.5275
1178.00,1.6166
1178.50,1.7282
1179.00,1.8367
1179.50,1.9084
1180.00,1.9144
1180.50,1.8461
1181.00,1.7230
1181.50,1.5817
1182.00,1.4534
1182.50,1.3508
1183.00,1.2692
1183.50,1.1997
1184.00,1.1429
1184.50,1.1128
1185.00,1.1243
1185.50,1.1718
1186.00,1.2229
1186.50,1.2373
1187.00,1.1954
1187.50,1.1110
1188.00,1.0191
1188.50,0.9535
1189.00,0.9315
1189.50,0.9505
1190.00,0.9945
1190.50,1.0460
1191.00,1.0945
1191.50,1.1412
1192.00,1.1972
1192.50,1.2753
1193.00,1.3768
1193.50,1.4843
1194.00,1.5705
1194.50,1.6171
1195.00,1.6245
1195.50,1.6081
1196.00,1.5904
1196.50,1.5930
1197.00,1.6236
1197.50,1.6627
1198.00,1.6686
1198.50,1.6073
1199.00,1.4852
1199.50,1.3522
1200.00,1.2707
1200.50,1.2777
1201.00,1.3688
1201.50,1.5084
1202.00,1.6481
1202.50,1.7443
1203.00,1.7722
1203.50,1.7393
1204.00,1.6854
1204.50,1.6667
1205.00,1.7263
1205.50,1.8725
1206.00,2.0805
1206.50,2.3170
1207.00,2.5644
1207.50,2.8224
1208.00,3.0905
1208.50,3.3520
1209.00,3.5787
1209.50,3.7479
1210.00,3.8537
1210.50,3.9032
1211.00,3.9054
1211.50,3.8624
1212.00,3.7721
1212.50,3.6400
1213.00,3.4912
1213.50,3.3627
1214.00,3.2830
1214.50,3.2566
1215.00,3.2697
1215.50,3.3059
1216.00,3.3546
1216.50,3.4067
1217.00,3.4448
1217.50,3.4420
1218.00,3.3770
1218.50,3.2555
1219.00,3.1185
1219.50,3.0210
1220.00,2.9961
1220.50,3.0356
1221.00,3.1038
1221.50,3.1646
1222.00,3.1991
1222.50,3.2020
1223.00,3.1732
1223.50,3.1152
1224.00,3.0369
1224.50,2.9603
1225.00,2.9195
1225.50,2.9456
1226.00,3.0438
1226.50,3.1829
1227.00,3.3129
1227.50,3.3964
1228.00,3.4269
1228.50,3.4214
1229.00,3.4018
1229.50,3.3846
1230.00,3.3830
1230.50,3.4077
1231.00,3.4634
1231.50,3.5438
1232.00,3.6325
1232.50,3.7105
1233.00,3.7646
1233.50,3.7920
1234.00,3.7982
1234.50,3.7940
1235.00,3.7927
1235.50,3.8066
1236.00,3.8387
1236.50,3.8780
1237.00,3.9087
1237.50,3.9241
1238.00,3.9289
1238.50,3.9294
1239.00,3.9269
1239.50,3.9205
1240.00,3.9115
1240.50,3.9024
1241.00,3.8937
1241.50,3.8833
1242.00,3.8670
1242.50,3.8378
1243.00,3.7878
1243.50,3.7158
1244.00,3.6350
1244.50,3.5707
1245.00,3.5472
1245.50,3.5713
1246.00,3.6283
1246.50,3.6940
1247.00,3.7505
1247.50,3.7928
1248.00,3.8235
1248.50,3.8477
1249.00,3.8732
1249.50,3.9138
1250.00,3.9808
1250.50,4.0681
1251.00,4.1484
1251.50,4.1923
1252.00,4.1929
1252.50,4.1683
1253.00,4.1421
1253.50,4.1250
1254.00,4.1177
1254.50,4.1217
1255.00,4.1387
1255.50,4.1597
1256.00,4.1667
1256.50,4.1470
1257.00,4.1040
1257.50,4.0526
1258.00,4.0082
1258.50,3.9803
1259.00,3.9709
1259.50,3.9743
1260.00,3.9803
1260.50,3.9814
1261.00,3.9770
1261.50,3.9696
1262.00,3.9592
1262.50,3.9439
1263.00,3.9278
1263.50,3.9238
1264.00,3.9461
1264.50,3.9955
1265.00,4.0525
1265.50,4.0866
1266.00,4.0784
1266.50,4.0339
1267.00,3.9803
1267.50,3.9472
1268.00,3.9524
1268.50,4.0002
1269.00,4.0846
1269.50,4.1867
1270.00,4.2743
1270.50,4.3142
1271.00,4.2910
1271.50,4.2153
1272.00,4.1139
1272.50,4.0154
1273.00,3.9418
1273.50,3.9064
1274.00,3.9155
1274.50,3.9702
1275.00,4.0659
1275.50,4.1915
1276.00,4.3277
1276.50,4.4509
1277.00,4.5382
1277.50,4.5726
1278.00,4.5488
1278.50,4.4843
1279.00,4.4213
1279.50,4.4055
1280.00,4.4480
1280.50,4.5084
1281.00,4.5243
1281.50,4.4644
1282.00,4.3475
1282.50,4.2155
1283.00,4.0979
1283.50,4.0078
1284.00,3.9518
1284.50,3.9287
1285.00,3.9216
1285.50,3.9070
1286.00,3.8743
1286.50,3.8292
1287.00,3.7789
1287.50,3.7260
1288.00,3.6787
1288.50,3.6576
1289.00,3.6826
1289.50,3.7511
1290.00,3.8326
1290.50,3.8848
1291.00,3.8768
1291.50,3.8031
1292.00,3.6840
1292.50,3.5550
1293.00,3.4523
1293.50,3.3985
1294.00,3.3934
1294.50,3.4140
1295.00,3.4291
1295.50,3.4191
1296.00,3.3873
1296.50,3.3496
1297.00,3.3162
1297.50,3.2842
1298.00,3.2473
1298.50,3.2050
1299.00,3.1602
1299.50,3.1153
1300.00,3.0725
1300.50,3.0353
1301.00,3.0026
1301.50,2.9656
1302.00,2.9171
1302.50,2.8636
1303.00,2.8209
1303.50,2.7942
1304.00,2.7696
1304.50,2.7258
1305.00,2.6545
1305.50,2.5677
1306.00,2.4916
1306.50,2.4560
1307.00,2.4798
1307.50,2.5553
1308.00,2.6429
1308.50,2.6895
1309.00,2.6574
1309.50,2.5432
1310.00,2.3759
1310.50,2.2044
1311.00,2.0809
1311.50,2.0419
1312.00,2.0902
1312.50,2.1917
1313.00,2.2922
1313.50,2.3481
1314.00,2.3494
1314.50,2.3201
1315.00,2.2979
1315.50,2.3093
1316.00,2.3573
1316.50,2.4248
1317.00,2.4885
1317.50,2.5376
1318.00,2.5810
1318.50,2.6364
1319.00,2.7083
1319.50,2.7756
1320.00,2.8031
1320.50,2.7651
1321.00,2.6631
1321.50,2.5279
1322.00,2.4078
1322.50,2.3482
1323.00,2.3718
1323.50,2.4652
1324.00,2.5780
1324.50,2.6411
1325.00,2.6014
1325.50,2.4544
1326.00,2.2501
1326.50,2.0620
1327.00,1.9439
1327.50,1.9073
1328.00,1.9323
1328.50,1.9916
1329.00,2.0594
1329.50,2.1082
1330.00,2.1147
1330.50,2.0767
1331.00,2.0186
1331.50,1.9736
1332.00,1.9586
1332.50,1.9696
1333.00,1.9951
1333.50,2.0271
1334.00,2.0603
1334.50,2.0849
1335.00,2.0866
1335.50,2.0576
1336.00,2.0083
1336.50,1.9657
1337.00,1.9557
1337.50,1.9800
1338.00,2.0105
1338.50,2.0112
1339.00,1.9670
1339.50,1.8947
1340.00,1.8278
1340.50,1.7933
1341.00,1.7982
1341.50,1.8277
1342.00,1.8516
1342.50,1.8414
1343.00,1.7908
1343.50,1.7226
1344.00,1.6749
1344.50,1.6778
1345.00,1.7385
1345.50,1.8411
1346.00,1.9533
1346.50,2.0390
1347.00,2.0703
1347.50,2.0364
1348.00,1.9478
1348.50,1.8334
1349.00,1.7273
1349.50,1.6491
1350.00,1.5964
1350.50,1.5548
1351.00,1.5140
1351.50,1.4716
1352.00,1.4266
1352.50,1.3772
1353.00,1.3260
1353.50,1.2817
1354.00,1.2532
1354.50,1.2414
1355.00,1.2392
1355.50,1.2393
1356.00,1.2433
1356.50,1.2610
1357.00,1.2982
1357.50,1.3449
1358.00,1.3783
1358.50,1.3788
1359.00,1.3432
1359.50,1.2854
1360.00,1.2298
1360.50,1.2005
1361.00,1.2095
1361.50,1.2453
1362.00,1.2745
1362.50,1.2615
1363.00,1.1955
1363.50,1.1017
1364.00,1.0260
1364.50,1.0039
1365.00,1.0393
1365.50,1.1044
1366.00,1.1596
1366.50,1.1786
1367.00,1.1638
1367.50,1.1372
1368.00,1.1190
1368.50,1.1113
1369.00,1.1046
1369.50,1.0919
1370.00,1.0757
1370.50,1.0630
1371.00,1.0594
1371.50,1.0682
1372.00,1.0911
1372.50,1.1266
1373.00,1.1675
1373.50,1.2001
1374.00,1.2117
1374.50,1.2038
1375.00,1.1972
1375.50,1.2182
1376.00,1.2695
1376.50,1.3196
1377.00,1.3269
1377.50,1.2774
1378.00,1.1949
1378.50,1.1148
1379.00,1.0528
1379.50,1.0012
1380.00,0.9499
1380.50,0.9054
1381.00,0.8887
1381.50,0.9175
1382.00,0.9883
1382.50,1.0742
1383.00,1.1420
1383.50,1.1753
1384.00,1.1838
1384.50,1.1887
1385.00,1.2018
1385.50,1.2180
1386.00,1.2249
1386.50,1.2135
1387.00,1.1810
1387.50,1.1276
1388.00,1.0577
1388.50,0.9831
1389.00,0.9194
1389.50,0.8766
1390.00,0.8524
1390.50,0.8381
1391.00,0.8314
1391.50,0.8384
1392.00,0.8628
1392.50,0.8924
1393.00,0.9008
1393.50,0.8660
1394.00,0.7915
1394.50,0.7078
1395.00,0.6540
1395.50,0.6556
1396.00,0.7141
1396.50,0.8121
1397.00,0.9246
1397.50,1.0278
1398.00,1.0998
1398.50,1.1209
1399.00,1.0840
1399.50,1.0097
1400.00,0.9417
1400.50,0.9131
1401.00,0.9141
1401.50,0.9012
1402.00,0.8414
1402.50,0.7474
1403.00,0.6662
1403.50,0.6379
1404.00,0.6678
1404.50,0.7330
1405.00,0.8076
1405.50,0.8795
1406.00,0.9474
1406.50,1.0099
1407.00,1.0607
1407.50,1.0953
1408.00,1.1202
1408.50,1.1498
1409.00,1.1926
1409.50,1.2424
1410.00,1.2858
1410.50,1.3147
1411.00,1.3254
1411.50,1.3105
1412.00,1.2619
1412.50,1.1835
1413.00,1.0971
1413.50,1.0298
1414.00,0.9994
1414.50,1.0126
1415.00,1.0678
1415.50,1.1512
1416.00,1.2356
1416.50,1.2910
1417.00,1.3044
1417.50,1.2865
1418.00,1.2601
1418.50,1.2415
1419.00,1.2331
1419.50,1.2300
1420.00,1.2328
1420.50,1.2506
1421.00,1.2911
1421.50,1.3459
1422.00,1.3897
1422.50,1.3984
1423.00,1.3707
1423.50,1.3296
1424.00,1.3010
1424.50,1.2924
1425.00,1.2922
1425.50,1.2865
1426.00,1.2745
1426.50,1.2663
1427.00,1.2667
1427.50,1.2613
1428.00,1.2242
1428.50,1.1467
1429.00,1.0552
1429.50,0.9944
1430.00,0.9889
1430.50,1.0224
1431.00,1.0554
1431.50,1.0598
1432.00,1.0388
1432.50,1.0213
1433.00,1.0364
1433.50,1.0874
1434.00,1.1406
1434.50,1.1429
1435.00,1.0646
1435.50,0.9346
1436.00,0.8260
1436.50,0.8004
1437.00,0.8601
1437.50,0.9530
1438.00,1.0198
1438.50,1.0378
1439.00,1.0307
1439.50,1.0442
1440.00,1.1112
1440.50,1.2267
1441.00,1.3493
1441.50,1.4260
1442.00,1.4278
1442.50,1.3658
1443.00,1.2807
1443.50,1.2139
1444.00,1.1881
1444.50,1.2075
1445.00,1.2676
1445.50,1.3603
1446.00,1.4729
1446.50,1.5904
1447.00,1.7012
1447.50,1.7983
1448.00,1.8740
1448.50,1.9164
1449.00,1.9142
1449.50,1.8648
1450.00,1.7768
1450.50,1.6674
1451.00,1.5562
1451.50,1.4614
1452.00,1.3976
1452.50,1.3746
1453.00,1.3956
1453.50,1.4511
1454.00,1.5173
1454.50,1.5618
1455.00,1.5591
1455.50,1.5067
1456.00,1.4286
1456.50,1.3675
1457.00,1.3636
1457.50,1.4326
1458.00,1.5551
1458.50,1.6870
1459.00,1.7857
1459.50,1.8296
1460.00,1.8215
1460.50,1.7791
1461.00,1.7263
1461.50,1.6866
1462.00,1.6752
1462.50,1.6899
1463.00,1.7102
1463.50,1.7110
1464.00,1.6798
1464.50,1.6227
1465.00,1.5555
1465.50,1.4909
1466.00,1.4367
1466.50,1.4026
1467.00,1.4006
1467.50,1.4356
1468.00,1.4972
1468.50,1.5663
1469.00,1.6272
1469.50,1.6735
1470.00,1.7070
1470.50,1.7344
1471.00,1.7606
1471.50,1.7799
1472.00,1.7753
1472.50,1.7336
1473.00,1.6612
1473.50,1.5813
1474.00,1.5169
1474.50,1.4797
1475.00,1.4732
1475.50,1.4970
1476.00,1.5438
1476.50,1.6001
1477.00,1.6536
1477.50,1.6975
1478.00,1.7274
1478.50,1.7398
1479.00,1.7382
1479.50,1.7343
1480.00,1.7342
1480.50,1.7267
1481.00,1.6956
1481.50,1.6460
1482.00,1.6124
1482.50,1.6327
1483.00,1.7164
1483.50,1.8381
1484.00,1.9589
1484.50,2.0490
1485.00,2.0963
1485.50,2.1048
1486.00,2.0887
1486.50,2.0635
1487.00,2.0372
1487.50,2.0111
1488.00,1.9903
1488.50,1.9867
1489.00,2.0068
1489.50,2.0343
1490.00,2.0307
1490.50,1.9613
1491.00,1.8283
1491.50,1.6801
1492.00,1.5838
1492.50,1.5780
1493.00,1.6469
1493.50,1.7405
1494.00,1.8178
1494.50,1.8680
1495.00,1.8981
1495.50,1.9126
1496.00,1.9102
1496.50,1.8933
1497.00,1.8707
1497.50,1.8504
1498.00,1.8363
1498.50,1.8301
1499.00,1.8319
1499.50,1.8340
1500.00,1.8214
1500.50,1.7857
1501.00,1.7384
1501.50,1.7070
1502.00,1.7144
1502.50,1.7631
1503.00,1.8383
1503.50,1.9253
1504.00,2.0216
1504.50,2.1335
1505.00,2.2643
1505.50,2.4065
1506.00,2.5441
1506.50,2.6589
1507.00,2.7397
1507.50,2.7912
1508.00,2.8368
1508.50,2.9038
1509.00,3.0026
1509.50,3.1214
1510.00,3.2432
1510.50,3.3634
1511.00,3.4916
1511.50,3.6381
1512.00,3.8007
1512.50,3.9659
1513.00,4.1199
1513.50,4.2601
1514.00,4.3988
1514.50,4.5543
1515.00,4.7368
1515.50,4.9373
1516.00,5.1315
1516.50,5.3011
1517.00,5.4551
1517.50,5.6314
1518.00,5.8701
1518.50,6.1823
1519.00,6.5406
1519.50,6.8990
1520.00,7.2229
1520.50,7.5060
1521.00,7.7650
1521.50,8.0247
1522.00,8.3082
1522.50,8.6308
1523.00,8.9944
1523.50,9.3815
1524.00,9.7641
1524.50,10.1234
1525.00,10.4624
1525.50,10.7988
1526.00,11.1473
1526.50,11.5079
1527.00,11.8708
1527.50,12.2313
1528.00,12.6010
1528.50,12.9985
1529.00,13.4271
1529.50,13.8678
1530.00,14.3011
1530.50,14.7342
1531.00,15.2007
1531.50,15.7299
1532.00,16.3164
1532.50,16.9188
1533.00,17.4888
1533.50,18.0039
1534.00,18.4764
1534.50,18.9353
1535.00,19.3976
1535.50,19.8546
1536.00,20.2780
1536.50,20.6397
1537.00,20.9286
1537.50,21.1534
1538.00,21.3294
1538.50,21.4591
1539.00,21.5265
1539.50,21.5078
1540.00,21.3905
1540.50,21.1798
1541.00,20.8887
1541.50,20.5206
1542.00,20.0615
1542.50,19.4880
1543.00,18.7812
1543.50,17.9345
1544.00,16.9504
1544.50,15.8399
1545.00,14.6302
1545.50,13.3684
1546.00,12.1078
1546.50,10.8858
1547.00,9.7118
1547.50,8.5785
1548.00,7.4823
1548.50,6.4385
1549.00,5.4789
1549.50,4.6333
1550.00,3.9076
1550.50,3.2808
1551.00,2.7264
1551.50,2.2396
1552.00,1.8412
1552.50,1.5543
1553.00,1.3808
1553.50,1.2975
1554.00,1.2720
1554.50,1.2818
1555.00,1.3209
1555.50,1.3904
1556.00,1.4845
1556.50,1.5864
1557.00,1.6761
1557.50,1.7437
1558.00,1.7972
1558.50,1.8581
1559.00,1.9459
1559.50,2.0623
1560.00,2.1876
1560.50,2.2950
1561.00,2.3706
1561.50,2.4206
1562.00,2.4644
1562.50,2.5224
1563.00,2.6069
1563.50,2.7167
1564.00,2.8358
1564.50,2.9407
1565.00,3.0143
1565.50,3.0552
1566.00,3.0750
1566.50,3.0869
1567.00,3.0988
1567.50,3.1123
1568.00,3.1267
1568.50,3.1417
1569.00,3.1590
1569.50,3.1808
1570.00,3.2064
1570.50,3.2291
1571.00,3.2372
1571.50,3.2230
1572.00,3.1902
1572.50,3.1549
1573.00,3.1361
1573.50,3.1431
1574.00,3.1671
1574.50,3.1849
1575.00,3.1721
1575.50,3.1200
1576.00,3.0430
1576.50,2.9693
1577.00,2.9229
1577.50,2.9113
1578.00,2.9256
1578.50,2.9469
1579.00,2.9534
1579.50,2.9267
1580.00,2.8586
1580.50,2.7558
1581.00,2.6414
1581.50,2.5431
1582.00,2.4754
1582.50,2.4280
1583.00,2.3735
1583.50,2.2893
1584.00,2.1751
1584.50,2.0508
1585.00,1.9399
1585.50,1.8511
1586.00,1.7763
1586.50,1.7038
1587.00,1.6347
1587.50,1.5856
1588.00,1.5756
1588.50,1.6085
1589.00,1.6638
1589.50,1.7046
1590.00,1.7021
1590.50,1.6581
1591.00,1.6079
1591.50,1.5987
1592.00,1.6574
1592.50,1.7710
1593.00,1.8928
1593.50,1.9680
1594.00,1.9646
1594.50,1.8894
1595.00,1.7813
1595.50,1.6843
1596.00,1.6194
1596.50,1.5766
1597.00,1.5318
1597.50,1.4737
1598.00,1.4171
1598.50,1.3916
1599.00,1.4168
1599.50,1.4865
1600.00,1.5710
1600.50,1.6353
1601.00,1.6560
1601.50,1.6296
1602.00,1.5656
1602.50,1.4755
1603.00,1.3670
1603.50,1.2469
1604.00,1.1263
1604.50,1.0138
1605.00,0.9075
1605.50,0.7982
1606.00,0.6833
1606.50,0.5731
1607.00,0.4822
1607.50,0.4204
1608.00,0.3943
1608.50,0.4142
1609.00,0.4862
1609.50,0.5966
1610.00,0.7083
1610.50,0.7769
1611.00,0.7722
1611.50,0.6879
1612.00,0.5424
1612.50,0.3745
1613.00,0.2296
1613.50,0.1407
1614.00,0.1174
1614.50,0.1513
1615.00,0.2250
1615.50,0.3168
1616.00,0.4025
1616.50,0.4618
1617.00,0.4857
1617.50,0.4792
1618.00,0.4578
1618.50,0.4447
1619.00,0.4654
1619.50,0.5347
1620.00,0.6432
1620.50,0.7566
1621.00,0.8358
1621.50,0.8624
1622.00,0.8502
1622.50,0.8318
1623.00,0.8336
1623.50,0.8595
1624.00,0.8930
1624.50,0.9136
1625.00,0.9128
1625.50,0.8993
1626.00,0.8884
1626.50,0.8867
1627.00,0.8858
1627.50,0.8722
1628.00,0.8426
1628.50,0.8066
1629.00,0.7792
1629.50,0.7717
1630.00,0.7901
1630.50,0.8344
1631.00,0.8948
1631.50,0.9496
1632.00,0.9714
1632.50,0.9445
1633.00,0.8788
1633.50,0.8062
1634.00,0.7601
1634.50,0.7562
1635.00,0.7868
1635.50,0.8294
1636.00,0.8604
1636.50,0.8658
1637.00,0.8455
1637.50,0.8102
1638.00,0.7739
1638.50,0.7474
1639.00,0.7357
1639.50,0.7382
1640.00,0.7504
1640.50,0.7635
1641.00,0.7657
1641.50,0.7468
1642.00,0.7057
1642.50,0.6554
1643.00,0.6151
1643.50,0.5962
1644.00,0.5937
1644.50,0.5919
1645.00,0.5806
1645.50,0.5628
1646.00,0.5499
1646.50,0.5518
1647.00,0.5755
1647.50,0.6278
1648.00,0.7124
1648.50,0.8212
1649.00,0.9308
1649.50,1.0136
1650.00,1.0515
1650.50,1.0460
1651.00,1.0142
1651.50,0.9785
1652.00,0.9545
1652.50,0.9468
1653.00,0.9526
1653.50,0.9695
1654.00,1.0003
1654.50,1.0477
1655.00,1.1011
1655.50,1.1329
1656.00,1.1134
1656.50,1.0346
1657.00,0.9196
1657.50,0.8073
1658.00,0.7298
1658.50,0.7012
1659.00,0.7194
1659.50,0.7706
1660.00,0.8333
1660.50,0.8884
1661.00,0.9322
1661.50,0.9792
1662.00,1.0417
1662.50,1.1087
1663.00,1.1538
1663.50,1.1688
1664.00,1.1781
1664.50,1.2075
1665.00,1.2417
1665.50,1.2289
1666.00,1.1332
1666.50,0.9799
1667.00,0.8403
1667.50,0.7764
1668.00,0.7996
1668.50,0.8749
1669.00,0.9552
1669.50,1.0106
1670.00,1.0370
1670.50,1.0430
1671.00,1.0332
1671.50,1.0048
1672.00,0.9609
1672.50,0.9207
1673.00,0.9050
1673.50,0.9107
1674.00,0.9072
1674.50,0.8665
1675.00,0.7944
1675.50,0.7270
1676.00,0.6965
1676.50,0.7061
1677.00,0.7397
1677.50,0.7848
1678.00,0.8374
1678.50,0.8856
1679.00,0.9001
1679.50,0.8539
1680.00,0.7489
1680.50,0.6209
1681.00,0.5141
1681.50,0.4504
1682.00,0.4213
1682.50,0.4055
1683.00,0.3931
1683.50,0.3923
1684.00,0.4147
1684.50,0.4551
1685.00,0.4885
1685.50,0.4886
1686.00,0.4482
1686.50,0.3807
1687.00,0.3023
1687.50,0.2226
1688.00,0.1519
1688.50,0.1105
1689.00,0.1192
1689.50,0.1824
1690.00,0.2836
1690.50,0.4004
1691.00,0.5208
1691.50,0.6439
1692.00,0.7687
1692.50,0.8819
1693.00,0.9565
1693.50,0.9665
1694.00,0.9085
1694.50,0.8091
1695.00,0.7089
1695.50,0.6364
1696.00,0.5961
1696.50,0.5780
1697.00,0.5720
1697.50,0.5727
1698.00,0.5738
1698.50,0.5677
1699.00,0.5523
1699.50,0.5368
1700.00,0.5358
1700.50,0.5543
1701.00,0.5793
1701.50,0.5874
1702.00,0.5632
1702.50,0.5154
1703.00,0.4748
1703.50,0.4747
1704.00,0.5258
1704.50,0.6093
1705.00,0.6921
1705.50,0.7499
1706.00,0.7770
1706.50,0.7812
1707.00,0.7762
1707.50,0.7769
1708.00,0.7951
1708.50,0.8308
1709.00,0.8713
1709.50,0.9041
1710.00,0.9302
1710.50,0.9597
1711.00,0.9958
1711.50,1.0257
1712.00,1.0320
1712.50,1.0082
1713.00,0.9627
1713.50,0.9094
1714.00,0.8601
1714.50,0.8225
1715.00,0.8028
1715.50,0.8042
1716.00,0.8196
1716.50,0.8305
1717.00,0.8155
1717.50,0.7662
1718.00,0.6939
1718.50,0.6206
1719.00,0.5675
1719.50,0.5505
1720.00,0.5793
1720.50,0.6485
1721.00,0.7324
1721.50,0.7971
1722.00,0.8265
1722.50,0.8345
1723.00,0.8487
1723.50,0.8821
1724.00,0.9212
1724.50,0.9422
1725.00,0.9309
1725.50,0.8907
1726.00,0.8346
1726.50,0.7796
1727.00,0.7452
1727.50,0.7468
1728.00,0.7848
1728.50,0.8410
1729.00,0.8869
1729.50,0.8979
1730.00,0.8658
1730.50,0.8039
1731.00,0.7392
1731.50,0.6923
1732.00,0.6595
1732.50,0.6181
1733.00,0.5499
1733.50,0.4589
1734.00,0.3679
1734.50,0.2996
1735.00,0.2616
1735.50,0.2461
1736.00,0.2428
1736.50,0.2494
1737.00,0.2684
1737.50,0.2942
1738.00,0.3104
1738.50,0.3023
1739.00,0.2704
1739.50,0.2282
1740.00,0.1910
1740.50,0.1666
1741.00,0.1532
1741.50,0.1417
1742.00,0.1202
1742.50,0.0802
1743.00,0.0228
1743.50,-0.0387
1744.00,-0.0834
1744.50,-0.0957
1745.00,-0.0784
1745.50,-0.0556
1746.00,-0.0604
1746.50,-0.1143
1747.00,-0.2126
1747.50,-0.3235
1748.00,-0.4055
1748.50,-0.4315
1749.00,-0.4038
1749.50,-0.3514
1750.00,-0.3132
1750.50,-0.3185
1751.00,-0.3725
1751.50,-0.4512
1752.00,-0.5106
1752.50,-0.5127
1753.00,-0.4531
1753.50,-0.3646
1754.00,-0.2878
1754.50,-0.2413
1755.00,-0.2187
1755.50,-0.2055
1756.00,-0.1915
1756.50,-0.1703
1757.00,-0.1417
1757.50,-0.1156
1758.00,-0.1073
1758.50,-0.1226
1759.00,-0.1518
1759.50,-0.1808
1760.00,-0.2051
1760.50,-0.2299
1761.00,-0.2576
1761.50,-0.2798
1762.00,-0.2835
1762.50,-0.2620
1763.00,-0.2177
1763.50,-0.1605
1764.00,-0.1075
1764.50,-0.0827
1765.00,-0.1054
1765.50,-0.1728
1766.00,-0.2556
1766.50,-0.3200
1767.00,-0.3563
1767.50,-0.3837
1768.00,-0.4253
1768.50,-0.4804
1769.00,-0.5249
1769.50,-0.5328
1770.00,-0.4957
1770.50,-0.4251
1771.00,-0.3436
1771.50,-0.2762
1772.00,-0.2407
1772.50,-0.2395
1773.00,-0.2604
1773.50,-0.2850
1774.00,-0.2983
1774.50,-0.2937
1775.00,-0.2752
1775.50,-0.2592
1776.00,-0.2696
1776.50,-0.3237
1777.00,-0.4143
1777.50,-0.5058
1778.00,-0.5534
1778.50,-0.5378
1779.00,-0.4827
1779.50,-0.4364
1780.00,-0.4319
1780.50,-0.4640
1781.00,-0.5044
1781.50,-0.5348
1782.00,-0.5629
1782.50,-0.6089
1783.00,-0.6824
1783.50,-0.7732
1784.00,-0.8587
1784.50,-0.9192
1785.00,-0.9457
1785.50,-0.9406
1786.00,-0.9132
1786.50,-0.8773
1787.00,-0.8490
1787.50,-0.8418
1788.00,-0.8595
1788.50,-0.8902
1789.00,-0.9084
1789.50,-0.8921
1790.00,-0.8408
1790.50,-0.7814
1791.00,-0.7513
1791.50,-0.7733
1792.00,-0.8422
1792.50,-0.9336
1793.00,-1.0242
1793.50,-1.1044
1794.00,-1.1744
1794.50,-1.2310
1795.00,-1.2586
1795.50,-1.2342
1796.00,-1.1485
1796.50,-1.0216
1797.00,-0.8993
1797.50,-0.8247
1798.00,-0.8101
1798.50,-0.8353
1799.00,-0.8714
1799.50,-0.9071
1800.00,-0.9490
1800.50,-1.0046
1801.00,-1.0690
1801.50,-1.1316
1802.00,-1.1879
1802.50,-1.2396
1803.00,-1.2855
1803.50,-1.3199
1804.00,-1.3393
1804.50,-1.3444
1805.00,-1.3346
1805.50,-1.3104
1806.00,-1.2839
1806.50,-1.2799
1807.00,-1.3153
1807.50,-1.3768
1808.00,-1.4280
1808.50,-1.4394
1809.00,-1.4107
1809.50,-1.3666
1810.00,-1.3386
1810.50,-1.3497
1811.00,-1.4059
1811.50,-1.4899
1812.00,-1.5666
1812.50,-1.6031
1813.00,-1.5920
1813.50,-1.5569
1814.00,-1.5327
1814.50,-1.5381
1815.00,-1.5635
1815.50,-1.5840
1816.00,-1.5806
1816.50,-1.5516
1817.00,-1.5058
1817.50,-1.4490
1818.00,-1.3745
1818.50,-1.2687
1819.00,-1.1259
1819.50,-0.9647
1820.00,-0.8241
1820.50,-0.7373
1821.00,-0.7040
1821.50,-0.6914
1822.00,-0.6700
1822.50,-0.6442
1823.00,-0.6448
1823.50,-0.6895
1824.00,-0.7588
1824.50,-0.8103
1825.00,-0.8144
1825.50,-0.7771
1826.00,-0.7315
1826.50,-0.7089
1827.00,-0.7135
1827.50,-0.7200
1828.00,-0.6969
1828.50,-0.6334
1829.00,-0.5480
1829.50,-0.4745
1830.00,-0.4414
1830.50,-0.4581
1831.00,-0.5134
1831.50,-0.5839
1832.00,-0.6470
1832.50,-0.6919
1833.00,-0.7229
1833.50,-0.7531
1834.00,-0.7895
1834.50,-0.8200
1835.00,-0.8189
1835.50,-0.7673
1836.00,-0.6711
1836.50,-0.5593
1837.00,-0.4663
1837.50,-0.4140
1838.00,-0.4049
1838.50,-0.4288
1839.00,-0.4759
1839.50,-0.5439
1840.00,-0.6313
1840.50,-0.7245
1841.00,-0.7963
1841.50,-0.8243
1842.00,-0.8100
1842.50,-0.7756
1843.00,-0.7394
1843.50,-0.6977
1844.00,-0.6352
1844.50,-0.5500
1845.00,-0.4635
1845.50,-0.4057
1846.00,-0.3913
1846.50,-0.4070
1847.00,-0.4205
1847.50,-0.4058
1848.00,-0.3640
1848.50,-0.3197
1849.00,-0.2961
1849.50,-0.2972
1850.00,-0.3138
1850.50,-0.3371
1851.00,-0.3596
1851.50,-0.3725
1852.00,-0.3723
1852.50,-0.3663
1853.00,-0.3668
1853.50,-0.3792
1854.00,-0.4003
1854.50,-0.4261
1855.00,-0.4557
1855.50,-0.4861
1856.00,-0.5094
1856.50,-0.5175
1857.00,-0.5067
1857.50,-0.4796
1858.00,-0.4424
1858.50,-0.4030
1859.00,-0.3682
1859.50,-0.3413
1860.00,-0.3227
1860.50,-0.3157
1861.00,-0.3303
1861.50,-0.3800
1862.00,-0.4718
1862.50,-0.5964
1863.00,-0.7288
1863.50,-0.8389
1864.00,-0.9034
1864.50,-0.9113
1865.00,-0.8660
1865.50,-0.7835
1866.00,-0.6875
1866.50,-0.6009
1867.00,-0.5386
1867.50,-0.5064
1868.00,-0.5007
1868.50,-0.5077
1869.00,-0.5092
1869.50,-0.4973
1870.00,-0.4854
1870.50,-0.4977
1871.00,-0.5457
1871.50,-0.6177
1872.00,-0.6896
1872.50,-0.7457
1873.00,-0.7864
1873.50,-0.8199
1874.00,-0.8480
1874.50,-0.8618
1875.00,-0.8482
1875.50,-0.7992
1876.00,-0.7185
1876.50,-0.6211
1877.00,-0.5309
1877.50,-0.4693
1878.00,-0.4426
1878.50,-0.4380
1879.00,-0.4355
1879.50,-0.4263
1880.00,-0.4186
1880.50,-0.4247
1881.00,-0.4456
1881.50,-0.4664
1882.00,-0.4651
1882.50,-0.4221
1883.00,-0.3284
1883.50,-0.1961
1884.00,-0.0640
1884.50,0.0184
1885.00,0.0225
1885.50,-0.0402
1886.00,-0.1294
1886.50,-0.2038
1887.00,-0.2416
1887.50,-0.2454
1888.00,-0.2337
1888.50,-0.2257
1889.00,-0.2287
1889.50,-0.2375
1890.00,-0.2437
1890.50,-0.2427
1891.00,-0.2337
1891.50,-0.2155
1892.00,-0.1877
1892.50,-0.1554
1893.00,-0.1322
1893.50,-0.1364
1894.00,-0.1829
1894.50,-0.2743
1895.00,-0.3966
1895.50,-0.5215
1896.00,-0.6163
1896.50,-0.6576
1897.00,-0.6427
1897.50,-0.5919
1898.00,-0.5396
1898.50,-0.5180
1899.00,-0.5394
1899.50,-0.5878
1900.00,-0.6255
1900.50,-0.6137
1901.00,-0.5372
1901.50,-0.4190
1902.00,-0.3111
1902.50,-0.2644
1903.00,-0.2933
1903.50,-0.3643
1904.00,-0.4202
1904.50,-0.4251
1905.00,-0.3885
1905.50,-0.3491
1906.00,-0.3341
1906.50,-0.3376
1907.00,-0.3334
1907.50,-0.3067
1908.00,-0.2712
1908.50,-0.2578
1909.00,-0.2853
1909.50,-0.3415
1910.00,-0.3930
1910.50,-0.4164
1911.00,-0.4182
1911.50,-0.4263
1912.00,-0.4592
1912.50,-0.5045
1913.00,-0.5299
1913.50,-0.5147
1914.00,-0.4719
1914.50,-0.4361
1915.00,-0.4323
1915.50,-0.4561
1916.00,-0.4789
1916.50,-0.4696
1917.00,-0.4130
1917.50,-0.3172
1918.00,-0.2095
1918.50,-0.1228
1919.00,-0.0781
1919.50,-0.0767
1920.00,-0.1083
1920.50,-0.1653
1921.00,-0.2454
1921.50,-0.3422
1922.00,-0.4365
1922.50,-0.5013
1923.00,-0.5176
1923.50,-0.4862
1924.00,-0.4267
1924.50,-0.3679
1925.00,-0.3377
1925.50,-0.3572
1926.00,-0.4313
1926.50,-0.5392
1927.00,-0.6368
1927.50,-0.6825
1928.00,-0.6685
1928.50,-0.6268
1929.00,-0.6019
1929.50,-0.6134
1930.00,-0.6430
1930.50,-0.6546
1931.00,-0.6238
1931.50,-0.5525
1932.00,-0.4617
1932.50,-0.3741
1933.00,-0.3056
1933.50,-0.2674
1934.00,-0.2683
1934.50,-0.3074
1935.00,-0.3659
1935.50,-0.4115
1936.00,-0.4171
1936.50,-0.3780
1937.00,-0.3108
1937.50,-0.2361
1938.00,-0.1639
1938.50,-0.0949
1939.00,-0.0337
1939.50,0.0050
1940.00,0.0047
1940.50,-0.0364
1941.00,-0.0980
1941.50,-0.1487
1942.00,-0.1662
1942.50,-0.1491
1943.00,-0.1136
1943.50,-0.0813
1944.00,-0.0691
1944.50,-0.0828
1945.00,-0.1202
1945.50,-0.1751
1946.00,-0.2357
1946.50,-0.2790
1947.00,-0.2770
1947.50,-0.2177
1948.00,-0.1221
1948.50,-0.0333
1949.00,0.0160
1949.50,0.0291
1950.00,0.0366
1950.50,0.0655
1951.00,0.1159
1951.50,0.1640
1952.00,0.1852
1952.50,0.1752
1953.00,0.1561
1953.50,0.1609
1954.00,0.2075
1954.50,0.2823
1955.00,0.3485
1955.50,0.3708
1956.00,0.3360
1956.50,0.2555
1957.00,0.1557
1957.50,0.0660
1958.00,0.0088
1958.50,-0.0101
1959.00,-0.0054
1959.50,-0.0033
1960.00,-0.0218
1960.50,-0.0572
1961.00,-0.0875
1961.50,-0.0918
1962.00,-0.0632
1962.50,-0.0079
1963.00,0.0659
1963.50,0.1542
1964.00,0.2510
1964.50,0.3399
1965.00,0.3965
1965.50,0.4014
1966.00,0.3521
1966.50,0.2675
1967.00,0.1815
1967.50,0.1290
1968.00,0.1264
1968.50,0.1592
1969.00,0.1908
1969.50,0.1891
1970.00,0.1498
1970.50,0.0969
1971.00,0.0622
1971.50,0.0623
1972.00,0.0892
1972.50,0.1169
1973.00,0.1182
1973.50,0.0791
1974.00,0.0060
1974.50,-0.0782
1975.00,-0.1451
1975.50,-0.1751
1976.00,-0.1634
1976.50,-0.1179
1977.00,-0.0522
1977.50,0.0154
1978.00,0.0647
1978.50,0.0803
1979.00,0.0603
1979.50,0.0174
1980.00,-0.0313
1980.50,-0.0717
1981.00,-0.0946
1981.50,-0.0930
1982.00,-0.0685
1982.50,-0.0370
1983.00,-0.0235
1983.50,-0.0435
1984.00,-0.0897
1984.50,-0.1358
1985.00,-0.1575
1985.50,-0.1503
1986.00,-0.1299
1986.50,-0.1181
1987.00,-0.1259
1987.50,-0.1478
1988.00,-0.1691
1988.50,-0.1788
1989.00,-0.1781
1989.50,-0.1777
1990.00,-0.1895
1990.50,-0.2167
1991.00,-0.2525
1991.50,-0.2857
1992.00,-0.3083
1992.50,-0.3183
1993.00,-0.3185
1993.50,-0.3147
1994.00,-0.3105
1994.50,-0.3052
1995.00,-0.2957
1995.50,-0.2834
1996.00,-0.2777
1996.50,-0.2880
1997.00,-0.3132
1997.50,-0.3402
1998.00,-0.3558
1998.50,-0.3584
1999.00,-0.3583
1999.50,-0.3674
2000.00,-0.3894
2000.50,-0.4219
2001.00,-0.4641
2001.50,-0.5202
2002.00,-0.5926
2002.50,-0.6741
2003.00,-0.7476
2003.50,-0.7958
2004.00,-0.8117
2004.50,-0.8013
2005.00,-0.7765
2005.50,-0.7440
2006.00,-0.7022
2006.50,-0.6512
2007.00,-0.6040
2007.50,-0.5816
2008.00,-0.5971
2008.50,-0.6454
2009.00,-0.7064
2009.50,-0.7571
2010.00,-0.7819
2010.50,-0.7754
2011.00,-0.7389
2011.50,-0.6746
2012.00,-0.5862
2012.50,-0.4878
2013.00,-0.4082
2013.50,-0.3785
2014.00,-0.4094
2014.50,-0.4786
2015.00,-0.5447
2015.50,-0.5750
2016.00,-0.5664
2016.50,-0.5438
2017.00,-0.5403
2017.50,-0.5751
2018.00,-0.6416
2018.50,-0.7113
2019.00,-0.7504
2019.50,-0.7399
2020.00,-0.6880
2020.50,-0.6222
2021.00,-0.5706
2021.50,-0.5430
2022.00,-0.5271
2022.50,-0.5001
2023.00,-0.4470
2023.50,-0.3775
2024.00,-0.3279
2024.50,-0.3432
2025.00,-0.4446
2025.50,-0.6091
2026.00,-0.7804
2026.50,-0.9063
2027.00,-0.9672
2027.50,-0.9758
2028.00,-0.9560
2028.50,-0.9252
2029.00,-0.8917
2029.50,-0.8594
2030.00,-0.8320
2030.50,-0.8136
2031.00,-0.8091
2031.50,-0.8205
2032.00,-0.8446
2032.50,-0.8752
2033.00,-0.9105
2033.50,-0.9560
2034.00,-1.0198
2034.50,-1.1044
2035.00,-1.2027
2035.50,-1.2989
2036.00,-1.3772
2036.50,-1.4286
2037.00,-1.4518
2037.50,-1.4489
2038.00,-1.4225
2038.50,-1.3792
2039.00,-1.3320
2039.50,-1.2961
2040.00,-1.2844
2040.50,-1.3019
2041.00,-1.3409
2041.50,-1.3803
2042.00,-1.3972
2042.50,-1.3836
2043.00,-1.3523
2043.50,-1.3253
2044.00,-1.3166
2044.50,-1.3267
2045.00,-1.3464
2045.50,-1.3640
2046.00,-1.3715
2046.50,-1.3711
2047.00,-1.3749
2047.50,-1.3933
2048.00,-1.4226
2048.50,-1.4466
2049.00,-1.4511
2049.50,-1.4336
2050.00,-1.3984
2050.50,-1.3543
2051.00,-1.3231
2051.50,-1.3388
2052.00,-1.4227
2052.50,-1.5575
2053.00,-1.6943
2053.50,-1.7921
2054.00,-1.8445
2054.50,-1.8732
2055.00,-1.9008
2055.50,-1.9352
2056.00,-1.9706
2056.50,-1.9931
2057.00,-1.9832
2057.50,-1.9250
2058.00,-1.8278
2058.50,-1.7368
2059.00,-1.7085
2059.50,-1.7633
2060.00,-1.8646
2060.50,-1.9494
2061.00,-1.9773
2061.50,-1.9506
2062.00,-1.8953
2062.50,-1.8369
2063.00,-1.7943
2063.50,-1.7849
2064.00,-1.8196
2064.50,-1.8898
2065.00,-1.9658
2065.50,-2.0138
2066.00,-2.0175
2066.50,-1.9870
2067.00,-1.9490
2067.50,-1.9273
2068.00,-1.9264
2068.50,-1.9312
2069.00,-1.9252
2069.50,-1.9066
2070.00,-1.8858
2070.50,-1.8701
2071.00,-1.8578
2071.50,-1.8487
2072.00,-1.8529
2072.50,-1.8832
2073.00,-1.9396
2073.50,-2.0045
2074.00,-2.0538
2074.50,-2.0705
2075.00,-2.0483
2075.50,-1.9889
2076.00,-1.9023
2076.50,-1.8105
2077.00,-1.7392
2077.50,-1.7010
2078.00,-1.6842
2078.50,-1.6626
2079.00,-1.6155
2079.50,-1.5385
2080.00,-1.4406
2080.50,-1.3397
2081.00,-1.2622
2081.50,-1.2389
2082.00,-1.2879
2082.50,-1.3999
2083.00,-1.5376
2083.50,-1.6546
2084.00,-1.7194
2084.50,-1.7306
2085.00,-1.7118
2085.50,-1.6901
2086.00,-1.6776
2086.50,-1.6676
2087.00,-1.6462
2087.50,-1.6052
2088.00,-1.5457
2088.50,-1.4733
2089.00,-1.3926
2089.50,-1.3080
2090.00,-1.2299
2090.50,-1.1764
2091.00,-1.1658
2091.50,-1.2050
2092.00,-1.2847
2092.50,-1.3867
2093.00,-1.4910
2093.50,-1.5765
2094.00,-1.6217
2094.50,-1.6131
2095.00,-1.5616
2095.50,-1.5040
2096.00,-1.4806
2096.50,-1.5018
2097.00,-1.5374
2097.50,-1.5448
2098.00,-1.5108
2098.50,-1.4628
2099.00,-1.4422
2099.50,-1.4684
2100.00,-1.5285
2100.50,-1.5937
2101.00,-1.6387
2101.50,-1.6496
2102.00,-1.6205
2102.50,-1.5514
2103.00,-1.4483
2103.50,-1.3281
2104.00,-1.2187
2104.50,-1.1497
2105.00,-1.1367
2105.50,-1.1718
2106.00,-1.2312
2106.50,-1.2923
2107.00,-1.3449
2107.50,-1.3874
2108.00,-1.4157
2108.50,-1.4177
2109.00,-1.3807
2109.50,-1.3062
2110.00,-1.2160
2110.50,-1.1399
2111.00,-1.0955
2111.50,-1.0811
2112.00,-1.0849
2112.50,-1.0960
2113.00,-1.1071
2113.50,-1.1127
2114.00,-1.1087
2114.50,-1.0931
2115.00,-1.0665
2115.50,-1.0312
2116.00,-0.9894
2116.50,-0.9423
2117.00,-0.8936
2117.50,-0.8516
2118.00,-0.8255
2118.50,-0.8197
2119.00,-0.8314
2119.50,-0.8539
2120.00,-0.8768
2120.50,-0.8863
2121.00,-0.8748
2121.50,-0.8521
2122.00,-0.8418
2122.50,-0.8602
2123.00,-0.8989
2123.50,-0.9283
2124.00,-0.9174
2124.50,-0.8502
2125.00,-0.7324
2125.50,-0.5896
2126.00,-0.4625
2126.50,-0.3945
2127.00,-0.4155
2127.50,-0.5256
2128.00,-0.6915
2128.50,-0.8586
2129.00,-0.9756
2129.50,-1.0151
2130.00,-0.9810
2130.50,-0.8977
2131.00,-0.7938
2131.50,-0.6929
2132.00,-0.6152
2132.50,-0.5774
2133.00,-0.5857
2133.50,-0.6333
2134.00,-0.7083
2134.50,-0.8029
2135.00,-0.9074
2135.50,-0.9977
2136.00,-1.0365
2136.50,-0.9982
2137.00,-0.8912
2137.50,-0.7532
2138.00,-0.6214
2138.50,-0.5105
2139.00,-0.4189
2139.50,-0.3490
2140.00,-0.3142
2140.50,-0.3221
2141.00,-0.3573
2141.50,-0.3883
2142.00,-0.3910
2142.50,-0.3650
2143.00,-0.3267
2143.50,-0.2919
2144.00,-0.2671
2144.50,-0.2491
2145.00,-0.2300
2145.50,-0.2022
2146.00,-0.1607
2146.50,-0.1027
2147.00,-0.0276
2147.50,0.0586
2148.00,0.1390
2148.50,0.1924
2149.00,0.2092
2149.50,0.1982
2150.00,0.1775
2150.50,0.1573
2151.00,0.1335
2151.50,0.0946
2152.00,0.0351
2152.50,-0.0338
2153.00,-0.0844
2153.50,-0.0875
2154.00,-0.0346
2154.50,0.0524
2155.00,0.1354
2155.50,0.1882
2156.00,0.2107
2156.50,0.2169
2157.00,0.2148
2157.50,0.2024
2158.00,0.1795
2158.50,0.1544
2159.00,0.1361
2159.50,0.1258
2160.00,0.1231
2160.50,0.1379
2161.00,0.1863
2161.50,0.2670
2162.00,0.3472
2162.50,0.3785
2163.00,0.3301
2163.50,0.2083
2164.00,0.0481
2164.50,-0.1056
2165.00,-0.2140
2165.50,-0.2565
2166.00,-0.2374
2166.50,-0.1791
2167.00,-0.1057
2167.50,-0.0316
2168.00,0.0354
2168.50,0.0923
2169.00,0.1466
2169.50,0.2152
2170.00,0.3085
2170.50,0.4147
2171.00,0.5030
2171.50,0.5435
2172.00,0.5202
2172.50,0.4345
2173.00,0.3042
2173.50,0.1630
2174.00,0.0490
2174.50,-0.0120
2175.00,-0.0147
2175.50,0.0330
2176.00,0.1194
2176.50,0.2317
2177.00,0.3528
2177.50,0.4602
2178.00,0.5345
2178.50,0.5688
2179.00,0.5725
2179.50,0.5640
2180.00,0.5563
2180.50,0.5495
2181.00,0.5334
2181.50,0.4978
2182.00,0.4421
2182.50,0.3793
2183.00,0.3325
2183.50,0.3236
2184.00,0.3590
2184.50,0.4215
2185.00,0.4748
2185.50,0.4831
2186.00,0.4309
2186.50,0.3308
2187.00,0.2152
2187.50,0.1195
2188.00,0.0686
2188.50,0.0708
2189.00,0.1201
2189.50,0.1989
2190.00,0.2833
2190.50,0.3508
2191.00,0.3887
2191.50,0.3997
2192.00,0.3985
2192.50,0.4031
2193.00,0.4273
2193.50,0.4801
2194.00,0.5643
2194.50,0.6700
2195.00,0.7693
2195.50,0.8264
2196.00,0.8184
2196.50,0.7501
2197.00,0.6538
2197.50,0.5721
2198.00,0.5360
2198.50,0.5499
2199.00,0.5980
2199.50,0.6642
2200.00,0.7427
2200.50,0.8289
2201.00,0.9092
2201.50,0.9670
2202.00,0.9960
2202.50,1.0030
2203.00,0.9963
2203.50,0.9781
2204.00,0.9477
2204.50,0.9069
2205.00,0.8617
2205.50,0.8224
2206.00,0.8020
2206.50,0.8117
2207.00,0.8532
2207.50,0.9125
2208.00,0.9656
2208.50,0.9936
2209.00,0.9924
2209.50,0.9664
2210.00,0.9161
2210.50,0.8411
2211.00,0.7546
2211.50,0.6865
2212.00,0.6619
2212.50,0.6752
2213.00,0.6889
2213.50,0.6642
2214.00,0.5937
2214.50,0.5087
2215.00,0.4554
2215.50,0.4643
2216.00,0.5358
2216.50,0.6443
2217.00,0.7503
2217.50,0.8155
2218.00,0.8186
2218.50,0.7676
2219.00,0.6970
2219.50,0.6473
2220.00,0.6411
2220.50,0.6717
2221.00,0.7094
2221.50,0.7206
2222.00,0.6868
2222.50,0.6095
2223.00,0.5002
2223.50,0.3704
2224.00,0.2328
2224.50,0.1104
2225.00,0.0303
2225.50,0.0065
2226.00,0.0316
2226.50,0.0858
2227.00,0.1535
2227.50,0.2283
2228.00,0.3056
2228.50,0.3739
2229.00,0.4155
2229.50,0.4174
2230.00,0.3803
2230.50,0.3178
2231.00,0.2457
2231.50,0.1706
2232.00,0.0897
2232.50,-0.0009
2233.00,-0.0950
2233.50,-0.1736
2234.00,-0.2142
2234.50,-0.2076
2235.00,-0.1688
2235.50,-0.1311
2236.00,-0.1262
2236.50,-0.1647
2237.00,-0.2326
2237.50,-0.3045
2238.00,-0.3582
2238.50,-0.3812
2239.00,-0.3689
2239.50,-0.3257
2240.00,-0.2696
2240.50,-0.2291
2241.00,-0.2268
2241.50,-0.2638
2242.00,-0.3207
2242.50,-0.3761
2243.00,-0.4228
2243.50,-0.4696
2244.00,-0.5272
2244.50,-0.5963
2245.00,-0.6656
2245.50,-0.7208
2246.00,-0.7530
2246.50,-0.7614
2247.00,-0.7494
2247.50,-0.7213
2248.00,-0.6800
2248.50,-0.6315
2249.00,-0.5906
2249.50,-0.5796
2250.00,-0.6175
2250.50,-0.7064
2251.00,-0.8270
2251.50,-0.9479
2252.00,-1.0381
2252.50,-1.0772
2253.00,-1.0603
2253.50,-1.0043
2254.00,-0.9461
2254.50,-0.9287
2255.00,-0.9776
2255.50,-1.0877
2256.00,-1.2280
2256.50,-1.3601
2257.00,-1.4574
2257.50,-1.5135
2258.00,-1.5354
2258.50,-1.5290
2259.00,-1.4931
2259.50,-1.4299
2260.00,-1.3568
2260.50,-1.3003
2261.00,-1.2758
2261.50,-1.2749
2262.00,-1.2732
2262.50,-1.2508
2263.00,-1.2056
2263.50,-1.1515
2264.00,-1.1054
2264.50,-1.0759
2265.00,-1.0639
2265.50,-1.0725
2266.00,-1.1141
2266.50,-1.2015
2267.00,-1.3316
2267.50,-1.4786
2268.00,-1.6060
2268.50,-1.6859
2269.00,-1.7119
2269.50,-1.6983
2270.00,-1.6688
2270.50,-1.6418
2271.00,-1.6229
2271.50,-1.6078
2272.00,-1.5941
2272.50,-1.5874
2273.00,-1.5936
2273.50,-1.6084
2274.00,-1.6207
2274.50,-1.6310
2275.00,-1.6603
2275.50,-1.7349
2276.00,-1.8570
2276.50,-1.9946
2277.00,-2.1036
2277.50,-2.1580
2278.00,-2.1604
2278.50,-2.1292
2279.00,-2.0810
2279.50,-2.0280
2280.00,-1.9820
2280.50,-1.9540
2281.00,-1.9476
2281.50,-1.9546
2282.00,-1.9600
2282.50,-1.9533
2283.00,-1.9368
2283.50,-1.9240
2284.00,-1.9318
2284.50,-1.9712
2285.00,-2.0392
2285.50,-2.1186
2286.00,-2.1871
2286.50,-2.2296
2287.00,-2.2449
2287.50,-2.2409
2288.00,-2.2247
2288.50,-2.1956
2289.00,-2.1457
2289.50,-2.0694
2290.00,-1.9749
2290.50,-1.8838
2291.00,-1.8188
2291.50,-1.7911
2292.00,-1.8012
2292.50,-1.8447
2293.00,-1.9111
2293.50,-1.9795
2294.00,-2.0261
2294.50,-2.0408
2295.00,-2.0323
2295.50,-2.0156
2296.00,-1.9949
2296.50,-1.9620
2297.00,-1.9071
2297.50,-1.8324
2298.00,-1.7561
2298.50,-1.7020
2299.00,-1.6860
2299.50,-1.7110
2300.00,-1.7702
2300.50,-1.8483
2301.00,-1.9185
2301.50,-1.9483
2302.00,-1.9150
2302.50,-1.8197
2303.00,-1.6865
2303.50,-1.5483
2304.00,-1.4336
2304.50,-1.3581
2305.00,-1.3212
2305.50,-1.3098
2306.00,-1.3067
2306.50,-1.3010
2307.00,-1.2902
2307.50,-1.2754
2308.00,-1.2535
2308.50,-1.2141
2309.00,-1.1454
2309.50,-1.0489
2310.00,-0.9516
2310.50,-0.9008
2311.00,-0.9359
2311.50,-1.0565
2312.00,-1.2165
2312.50,-1.3534
2313.00,-1.4257
2313.50,-1.4293
2314.00,-1.3844
2314.50,-1.3158
2315.00,-1.2443
2315.50,-1.1859
2316.00,-1.1493
2316.50,-1.1301
2317.00,-1.1137
2317.50,-1.0861
2318.00,-1.0412
2318.50,-0.9766
2319.00,-0.8887
2319.50,-0.7805
2320.00,-0.6718
2320.50,-0.5971
2321.00,-0.5873
2321.50,-0.6502
2322.00,-0.7637
2322.50,-0.8824
2323.00,-0.9582
2323.50,-0.9657
2324.00,-0.9157
2324.50,-0.8435
2325.00,-0.7824
2325.50,-0.7464
2326.00,-0.7285
2326.50,-0.7124
2327.00,-0.6861
2327.50,-0.6534
2328.00,-0.6335
2328.50,-0.6447
2329.00,-0.6882
2329.50,-0.7472
2330.00,-0.8015
2330.50,-0.8399
2331.00,-0.8597
2331.50,-0.8578
2332.00,-0.8298
2332.50,-0.7780
2333.00,-0.7186
2333.50,-0.6750
2334.00,-0.6627
2334.50,-0.6785
2335.00,-0.7076
2335.50,-0.7359
2336.00,-0.7578
2336.50,-0.7710
2337.00,-0.7681
2337.50,-0.7398
2338.00,-0.6862
2338.50,-0.6243
2339.00,-0.5794
2339.50,-0.5678
2340.00,-0.5856
2340.50,-0.6121
2341.00,-0.6226
2341.50,-0.6024
2342.00,-0.5548
2342.50,-0.4985
2343.00,-0.4553
2343.50,-0.4375
2344.00,-0.4411
2344.50,-0.4494
2345.00,-0.4439
2345.50,-0.4197
2346.00,-0.3933
2346.50,-0.3937
2347.00,-0.4416
2347.50,-0.5308
2348.00,-0.6287
2348.50,-0.6975
2349.00,-0.7175
2349.50,-0.6940
2350.00,-0.6457
2350.50,-0.5911
2351.00,-0.5449
2351.50,-0.5223
2352.00,-0.5340
2352.50,-0.5736
2353.00,-0.6149
2353.50,-0.6247
2354.00,-0.5797
2354.50,-0.4721
2355.00,-0.3110
2355.50,-0.1245
2356.00,0.0422
2356.50,0.1433
2357.00,0.1571
2357.50,0.0997
2358.00,0.0138
2358.50,-0.0556
2359.00,-0.0809
2359.50,-0.0571
2360.00,-0.0008
2360.50,0.0541
2361.00,0.0707
2361.50,0.0318
2362.00,-0.0466
2362.50,-0.1242
2363.00,-0.1647
2363.50,-0.1598
2364.00,-0.1347
2364.50,-0.1288
2365.00,-0.1671
2365.50,-0.2426
2366.00,-0.3270
2366.50,-0.3948
2367.00,-0.4394
2367.50,-0.4698
2368.00,-0.4966
2368.50,-0.5191
2369.00,-0.5240
2369.50,-0.4965
2370.00,-0.4381
2370.50,-0.3716
2371.00,-0.3225
2371.50,-0.2954
2372.00,-0.2711
2372.50,-0.2291
2373.00,-0.1690
2373.50,-0.1120
2374.00,-0.0807
2374.50,-0.0782
2375.00,-0.0845
2375.50,-0.0751
2376.00,-0.0432
2376.50,-0.0087
2377.00,-0.0036
2377.50,-0.0503
2378.00,-0.1465
2378.50,-0.2641
2379.00,-0.3612
2379.50,-0.4027
2380.00,-0.3796
2380.50,-0.3123
2381.00,-0.2361
2381.50,-0.1798
2382.00,-0.1525
2382.50,-0.1437
2383.00,-0.1318
2383.50,-0.0983
2384.00,-0.0440
2384.50,0.0081
2385.00,0.0283
2385.50,0.0064
2386.00,-0.0406
2386.50,-0.0863
2387.00,-0.1212
2387.50,-0.1570
2388.00,-0.2066
2388.50,-0.2584
2389.00,-0.2749
2389.50,-0.2195
2390.00,-0.0893
2390.50,0.0743
2391.00,0.2086
2391.50,0.2662
2392.00,0.2396
2392.50,0.1587
2393.00,0.0670
2393.50,-0.0020
2394.00,-0.0349
2394.50,-0.0339
2395.00,-0.0065
2395.50,0.0414
2396.00,0.1046
2396.50,0.1677
2397.00,0.1969
2397.50,0.1553
2398.00,0.0340
2398.50,-0.1314
2399.00,-0.2776
2399.50,-0.3511
2400.00,-0.3346
2400.50,-0.2506
2401.00,-0.1460
2401.50,-0.0644
2402.00,-0.0226
2402.50,-0.0065
2403.00,0.0123
2403.50,0.0514
2404.00,0.1043
2404.50,0.1458
2405.00,0.1522
2405.50,0.1188
2406.00,0.0586
2406.50,-0.0110
2407.00,-0.0775
2407.50,-0.1347
2408.00,-0.1848
2408.50,-0.2374
2409.00,-0.2982
2409.50,-0.3575
2410.00,-0.3957
2410.50,-0.4008
2411.00,-0.3768
2411.50,-0.3334
2412.00,-0.2769
2412.50,-0.2166
2413.00,-0.1726
2413.50,-0.1680
2414.00,-0.2082
2414.50,-0.2734
2415.00,-0.3352
2415.50,-0.3862
2416.00,-0.4441
2416.50,-0.5279
2417.00,-0.6319
2417.50,-0.7327
2418.00,-0.8155
2418.50,-0.8875
2419.00,-0.9615
2419.50,-1.0348
2420.00,-1.0873
2420.50,-1.1001
2421.00,-1.0708
2421.50,-1.0139
2422.00,-0.9489
2422.50,-0.8930
2423.00,-0.8623
2423.50,-0.8719
2424.00,-0.9270
2424.50,-1.0157
2425.00,-1.1100
2425.50,-1.1746
2426.00,-1.1807
2426.50,-1.1208
2427.00,-1.0176
2427.50,-0.9153
2428.00,-0.8547
2428.50,-0.8505
2429.00,-0.8904
2429.50,-0.9543
2430.00,-1.0312
2430.50,-1.1181
2431.00,-1.2089
2431.50,-1.2902
2432.00,-1.3500
2432.50,-1.3831
2433.00,-1.3883
2433.50,-1.3640
2434.00,-1.3080
2434.50,-1.2221
2435.00,-1.1190
2435.50,-1.0265
2436.00,-0.9773
2436.50,-0.9855
2437.00,-1.0323
2437.50,-1.0790
2438.00,-1.0955
2438.50,-1.0814
2439.00,-1.0599
2439.50,-1.0556
2440.00,-1.0719
2440.50,-1.0908
2441.00,-1.0919
2441.50,-1.0690
2442.00,-1.0333
2442.50,-1.0053
2443.00,-1.0051
2443.50,-1.0414
2444.00,-1.0981
2444.50,-1.1361
2445.00,-1.1178
2445.50,-1.0389
2446.00,-0.9364
2446.50,-0.8632
2447.00,-0.8511
2447.50,-0.8961
2448.00,-0.9704
2448.50,-1.0444
2449.00,-1.1020
2449.50,-1.1395
2450.00,-1.1576
2450.50,-1.1580
2451.00,-1.1453
2451.50,-1.1300
2452.00,-1.1224
2452.50,-1.1299
2453.00,-1.1591
2453.50,-1.2178
2454.00,-1.3075
2454.50,-1.4091
2455.00,-1.4807
2455.50,-1.4774
2456.00,-1.3821
2456.50,-1.2265
2457.00,-1.0809
2457.50,-1.0155
2458.00,-1.0576
2458.50,-1.1810
2459.00,-1.3346
2459.50,-1.4815
2460.00,-1.6092
2460.50,-1.7103
2461.00,-1.7662
2461.50,-1.7616
2462.00,-1.7089
2462.50,-1.6493
2463.00,-1.6244
2463.50,-1.6485
2464.00,-1.7052
2464.50,-1.7644
2465.00,-1.7990
2465.50,-1.7936
2466.00,-1.7475
2466.50,-1.6742
2467.00,-1.5921
2467.50,-1.5128
2468.00,-1.4395
2468.50,-1.3771
2469.00,-1.3350
2469.50,-1.3154
2470.00,-1.3071
2470.50,-1.2955
2471.00,-1.2771
2471.50,-1.2591
2472.00,-1.2459
2472.50,-1.2349
2473.00,-1.2210
2473.50,-1.2005
2474.00,-1.1719
2474.50,-1.1389
2475.00,-1.1141
2475.50,-1.1111
2476.00,-1.1332
2476.50,-1.1737
2477.00,-1.2258
2477.50,-1.2872
2478.00,-1.3550
2478.50,-1.4216
2479.00,-1.4787
2479.50,-1.5212
2480.00,-1.5471
2480.50,-1.5559
2481.00,-1.5535
2481.50,-1.5536
2482.00,-1.5710
2482.50,-1.6085
2483.00,-1.6560
2483.50,-1.7050
2484.00,-1.7634
2484.50,-1.8491
2485.00,-1.9644
2485.50,-2.0814
2486.00,-2.1568
2486.50,-2.1648
2487.00,-2.1147
2487.50,-2.0383
2488.00,-1.9614
2488.50,-1.8874
2489.00,-1.8040
2489.50,-1.7021
2490.00,-1.5912
2490.50,-1.4978
2491.00,-1.4515
2491.50,-1.4704
2492.00,-1.5545
2492.50,-1.6849
2493.00,-1.8239
2493.50,-1.9232
2494.00,-1.9458
2494.50,-1.8900
2495.00,-1.7961
2495.50,-1.7226
2496.00,-1.7083
2496.50,-1.7502
2497.00,-1.8148
2497.50,-1.8704
2498.00,-1.9082
2498.50,-1.9371
2499.00,-1.9631
2499.50,-1.9767
2500.00,-1.9617
2500.50,-1.9165
2501.00,-1.8616
2501.50,-1.8251
2502.00,-1.8196
2502.50,-1.8336
2503.00,-1.8432
2503.50,-1.8330
2504.00,-1.8095
2504.50,-1.7974
2505.00,-1.8207
2505.50,-1.8818
2506.00,-1.9559
2506.50,-2.0077
2507.00,-2.0137
2507.50,-1.9747
2508.00,-1.9151
2508.50,-1.8680
2509.00,-1.8576
2509.50,-1.8834
2510.00,-1.9205
2510.50,-1.9377
2511.00,-1.9199
2511.50,-1.8770
2512.00,-1.8319
2512.50,-1.7979
2513.00,-1.7686
2513.50,-1.7281
2514.00,-1.6717
2514.50,-1.6147
2515.00,-1.5817
2515.50,-1.5873
2516.00,-1.6265
2516.50,-1.6808
2517.00,-1.7318
2517.50,-1.7687
2518.00,-1.7871
2518.50,-1.7879
2519.00,-1.7783
2519.50,-1.7699
2520.00,-1.7709
2520.50,-1.7792
2521.00,-1.7872
2521.50,-1.7922
2522.00,-1.7986
2522.50,-1.8116
2523.00,-1.8314
2523.50,-1.8537
2524.00,-1.8710
2524.50,-1.8738
2525.00,-1.8573
2525.50,-1.8282
2526.00,-1.7996
2526.50,-1.7775
2527.00,-1.7549
2527.50,-1.7229
2528.00,-1.6853
2528.50,-1.6595
2529.00,-1.6632
2529.50,-1.7014
2530.00,-1.7641
2530.50,-1.8306
2531.00,-1.8791
2531.50,-1.8975
2532.00,-1.8902
2532.50,-1.8708
2533.00,-1.8478
2533.50,-1.8155
2534.00,-1.7618
2534.50,-1.6820
2535.00,-1.5837
2535.50,-1.4818
2536.00,-1.3936
2536.50,-1.3374
2537.00,-1.3264
2537.50,-1.3590
2538.00,-1.4139
2538.50,-1.4624
2539.00,-1.4854
2539.50,-1.4850
2540.00,-1.4807
2540.50,-1.4951
2541.00,-1.5364
2541.50,-1.5895
2542.00,-1.6253
2542.50,-1.6215
2543.00,-1.5778
2543.50,-1.5145
2544.00,-1.4584
2544.50,-1.4319
2545.00,-1.4486
2545.50,-1.5130
2546.00,-1.6169
2546.50,-1.7367
2547.00,-1.8399
2547.50,-1.9026
2548.00,-1.9246
2548.50,-1.9243
2549.00,-1.9184
2549.50,-1.9083
2550.00,-1.8874
2550.50,-1.8545
2551.00,-1.8138
2551.50,-1.7655
2552.00,-1.7047
2552.50,-1.6342
2553.00,-1.5714
2553.50,-1.5384
2554.00,-1.5447
2554.50,-1.5830
2555.00,-1.6375
2555.50,-1.6911
2556.00,-1.7273
2556.50,-1.7328
2557.00,-1.7066
2557.50,-1.6627
2558.00,-1.6189
2558.50,-1.5813
2559.00,-1.5438
2559.50,-1.5011
2560.00,-1.4586
2560.50,-1.4318
2561.00,-1.4353
2561.50,-1.4704
2562.00,-1.5223
2562.50,-1.5706
2563.00,-1.6074
2563.50,-1.6417
2564.00,-1.6850
2564.50,-1.7317
2565.00,-1.7592
2565.50,-1.7491
2566.00,-1.7106
2566.50,-1.6782
2567.00,-1.6843
2567.50,-1.7328
2568.00,-1.7968
2568.50,-1.8412
2569.00,-1.8457
2569.50,-1.8157
2570.00,-1.7773
2570.50,-1.7593
2571.00,-1.7733
2571.50,-1.8087
2572.00,-1.8458
2572.50,-1.8745
2573.00,-1.8968
2573.50,-1.9173
2574.00,-1.9359
2574.50,-1.9513
2575.00,-1.9679
2575.50,-1.9935
2576.00,-2.0318
2576.50,-2.0784
2577.00,-2.1239
2577.50,-2.1608
2578.00,-2.1878
2578.50,-2.2111
2579.00,-2.2396
2579.50,-2.2792
2580.00,-2.3304
2580.50,-2.3913
2581.00,-2.4582
2581.50,-2.5190
2582.00,-2.5529
2582.50,-2.5442
2583.00,-2.5000
2583.50,-2.4501
2584.00,-2.4297
2584.50,-2.4559
2585.00,-2.5189
2585.50,-2.5896
2586.00,-2.6389
2586.50,-2.6537
2587.00,-2.6397
2587.50,-2.6106
2588.00,-2.5766
2588.50,-2.5423
2589.00,-2.5135
2589.50,-2.5002
2590.00,-2.5092
2590.50,-2.5352
2591.00,-2.5605
2591.50,-2.5675
2592.00,-2.5513
2592.50,-2.5189
2593.00,-2.4801
2593.50,-2.4397
2594.00,-2.3986
2594.50,-2.3605
2595.00,-2.3357
2595.50,-2.3394
2596.00,-2.3821
2596.50,-2.4582
2597.00,-2.5448
2597.50,-2.6164
2598.00,-2.6640
2598.50,-2.6996
2599.00,-2.7414
2599.50,-2.7961
2600.00,-2.8535
2600.50,-2.8920
2601.00,-2.8894
2601.50,-2.8333
2602.00,-2.7298
2602.50,-2.6063
2603.00,-2.5016
2603.50,-2.4462
2604.00,-2.4465
2604.50,-2.4856
2605.00,-2.5408
2605.50,-2.5978
2606.00,-2.6517
2606.50,-2.6960
2607.00,-2.7165
2607.50,-2.6960
2608.00,-2.6260
2608.50,-2.5213
2609.00,-2.4249
2609.50,-2.3914
2610.00,-2.4506
2610.50,-2.5821
2611.00,-2.7269
2611.50,-2.8253
2612.00,-2.8491
2612.50,-2.8068
2613.00,-2.7292
2613.50,-2.6510
2614.00,-2.5995
2614.50,-2.5895
2615.00,-2.6236
2615.50,-2.6940
2616.00,-2.7828
2616.50,-2.8640
2617.00,-2.9116
2617.50,-2.9119
2618.00,-2.8708
2618.50,-2.8096
2619.00,-2.7503
2619.50,-2.7034
2620.00,-2.6661
2620.50,-2.6318
2621.00,-2.6015
2621.50,-2.5871
2622.00,-2.6018
2622.50,-2.6447
2623.00,-2.6928
2623.50,-2.7127
2624.00,-2.6861
2624.50,-2.6283
2625.00,-2.5762
2625.50,-2.5546
2626.00,-2.5537
2626.50,-2.5426
2627.00,-2.5027
2627.50,-2.4470
2628.00,-2.4077
2628.50,-2.4045
2629.00,-2.4288
2629.50,-2.4532
2630.00,-2.4566
2630.50,-2.4406
2631.00,-2.4244
2631.50,-2.4288
2632.00,-2.4633
2632.50,-2.5249
2633.00,-2.5990
2633.50,-2.6607
2634.00,-2.6798
2634.50,-2.6369
2635.00,-2.5383
2635.50,-2.4182
2636.00,-2.3192
2636.50,-2.2661
2637.00,-2.2549
2637.50,-2.2652
2638.00,-2.2821
2638.50,-2.3039
2639.00,-2.3363
2639.50,-2.3831
2640.00,-2.4457
2640.50,-2.5267
2641.00,-2.6252
2641.50,-2.7276
2642.00,-2.8044
2642.50,-2.8273
2643.00,-2.7922
2643.50,-2.7261
2644.00,-2.6652
2644.50,-2.6260
2645.00,-2.5984
2645.50,-2.5614
2646.00,-2.5047
2646.50,-2.4347
2647.00,-2.3657
2647.50,-2.3104
2648.00,-2.2765
2648.50,-2.2690
2649.00,-2.2915
2649.50,-2.3425
2650.00,-2.4107
2650.50,-2.4779
2651.00,-2.5309
2651.50,-2.5697
2652.00,-2.5994
2652.50,-2.6164
2653.00,-2.6076
2653.50,-2.5670
2654.00,-2.5101
2654.50,-2.4649
2655.00,-2.4471
2655.50,-2.4468
2656.00,-2.4418
2656.50,-2.4222
2657.00,-2.3986
2657.50,-2.3873
2658.00,-2.3903
2658.50,-2.3894
2659.00,-2.3578
2659.50,-2.2829
2660.00,-2.1806
2660.50,-2.0920
2661.00,-2.0596
2661.50,-2.0981
2662.00,-2.1785
2662.50,-2.2432
2663.00,-2.2435
2663.50,-2.1745
2664.00,-2.0760
2664.50,-2.0004
2665.00,-1.9747
2665.50,-1.9870
2666.00,-2.0045
2666.50,-2.0025
2667.00,-1.9773
2667.50,-1.9410
2668.00,-1.9072
2668.50,-1.8830
2669.00,-1.8726
2669.50,-1.8825
2670.00,-1.9172
2670.50,-1.9678
2671.00,-2.0103
2671.50,-2.0206
2672.00,-1.9963
2672.50,-1.9602
2673.00,-1.9420
2673.50,-1.9568
2674.00,-1.9970
2674.50,-2.0417
2675.00,-2.0694
2675.50,-2.0664
2676.00,-2.0299
2676.50,-1.9677
2677.00,-1.8973
2677.50,-1.8428
2678.00,-1.8277
2678.50,-1.8638
2679.00,-1.9436
2679.50,-2.0441
2680.00,-2.1340
2680.50,-2.1811
2681.00,-2.1612
2681.50,-2.0754
2682.00,-1.9606
2682.50,-1.8759
2683.00,-1.8666
2683.50,-1.9343
2684.00,-2.0407
2684.50,-2.1355
2685.00,-2.1864
2685.50,-2.1890
2686.00,-2.1606
2686.50,-2.1265
2687.00,-2.1090
2687.50,-2.1191
2688.00,-2.1495
2688.50,-2.1756
2689.00,-2.1723
2689.50,-2.1347
2690.00,-2.0816
2690.50,-2.0370
2691.00,-2.0132
2691.50,-2.0128
2692.00,-2.0408
2692.50,-2.1008
2693.00,-2.1800
2693.50,-2.2439
2694.00,-2.2558
2694.50,-2.2051
2695.00,-2.1185
2695.50,-2.0438
2696.00,-2.0223
2696.50,-2.0670
2697.00,-2.1608
2697.50,-2.2692
2698.00,-2.3582
2698.50,-2.4069
2699.00,-2.4124
2699.50,-2.3860
2700.00,-2.3429
2700.50,-2.2940
2701.00,-2.2456
2701.50,-2.2013
2702.00,-2.1592
2702.50,-2.1107
2703.00,-2.0524
2703.50,-1.9988
2704.00,-1.9768
2704.50,-2.0007
2705.00,-2.0553
2705.50,-2.1077
2706.00,-2.1351
2706.50,-2.1385
2707.00,-2.1282
2707.50,-2.1032
2708.00,-2.0500
2708.50,-1.9656
2709.00,-1.8742
2709.50,-1.8185
2710.00,-1.8314
2710.50,-1.9151
2711.00,-2.0414
2711.50,-2.1695
2712.00,-2.2656
2712.50,-2.3162
2713.00,-2.3309
2713.50,-2.3316
2714.00,-2.3387
2714.50,-2.3618
2715.00,-2.3986
2715.50,-2.4389
2716.00,-2.4678
2716.50,-2.4721
2717.00,-2.4469
2717.50,-2.3976
2718.00,-2.3343
2718.50,-2.2650
2719.00,-2.1945
2719.50,-2.1294
2720.00,-2.0808
2720.50,-2.0619
2721.00,-2.0836
2721.50,-2.1497
2722.00,-2.2550
2722.50,-2.3842
2723.00,-2.5169
2723.50,-2.6362
2724.00,-2.7347
2724.50,-2.8120
2725.00,-2.8677
2725.50,-2.8983
2726.00,-2.9030
2726.50,-2.8895
2727.00,-2.8714
2727.50,-2.8604
2728.00,-2.8622
2728.50,-2.8787
2729.00,-2.9099
2729.50,-2.9541
2730.00,-3.0077
2730.50,-3.0643
2731.00,-3.1141
2731.50,-3.1451
2732.00,-3.1490
2732.50,-3.1262
2733.00,-3.0818
2733.50,-3.0186
2734.00,-2.9347
2734.50,-2.8350
2735.00,-2.7438
2735.50,-2.7015
2736.00,-2.7382
2736.50,-2.8459
2737.00,-2.9802
2737.50,-3.0913
2738.00,-3.1532
2738.50,-3.1658
2739.00,-3.1393
2739.50,-3.0826
2740.00,-3.0043
2740.50,-2.9176
2741.00,-2.8416
2741.50,-2.7970
2742.00,-2.8009
2742.50,-2.8611
2743.00,-2.9714
2743.50,-3.1063
2744.00,-3.2232
2744.50,-3.2779
2745.00,-3.2500
2745.50,-3.1597
2746.00,-3.0572
2746.50,-2.9892
2747.00,-2.9716
2747.50,-2.9882
2748.00,-3.0126
2748.50,-3.0271
2749.00,-3.0276
2749.50,-3.0169
2750.00,-3.0009
2750.50,-2.9887
2751.00,-2.9912
2751.50,-3.0175
2752.00,-3.0677
2752.50,-3.1284
2753.00,-3.1748
2753.50,-3.1836
2754.00,-3.1505
2754.50,-3.0983
2755.00,-3.0605
2755.50,-3.0527
2756.00,-3.0619
2756.50,-3.0642
2757.00,-3.0535
2757.50,-3.0489
2758.00,-3.0765
2758.50,-3.1474
2759.00,-3.2514
2759.50,-3.3651
2760.00,-3.4619
2760.50,-3.5207
2761.00,-3.5308
2761.50,-3.4952
2762.00,-3.4313
2762.50,-3.3654
2763.00,-3.3220
2763.50,-3.3112
2764.00,-3.3254
2764.50,-3.3488
2765.00,-3.3708
2765.50,-3.3884
2766.00,-3.4000
2766.50,-3.3991
2767.00,-3.3789
2767.50,-3.3428
2768.00,-3.3106
2768.50,-3.3131
2769.00,-3.3736
2769.50,-3.4898
2770.00,-3.6332
2770.50,-3.7690
2771.00,-3.8770
2771.50,-3.9557
2772.00,-4.0079
2772.50,-4.0318
2773.00,-4.0236
2773.50,-3.9868
2774.00,-3.9364
2774.50,-3.8945
2775.00,-3.8780
2775.50,-3.8861
2776.00,-3.9002
2776.50,-3.8984
2777.00,-3.8724
2777.50,-3.8344
2778.00,-3.8065
2778.50,-3.8051
2779.00,-3.8309
2779.50,-3.8680
2780.00,-3.8933
2780.50,-3.8900
2781.00,-3.8568
2781.50,-3.8035
2782.00,-3.7386
2782.50,-3.6652
2783.00,-3.5878
2783.50,-3.5209
2784.00,-3.4830
2784.50,-3.4832
2785.00,-3.5134
2785.50,-3.5526
2786.00,-3.5789
2786.50,-3.5808
2787.00,-3.5632
2787.50,-3.5452
2788.00,-3.5492
2788.50,-3.5839
2789.00,-3.6360
2789.50,-3.6799
2790.00,-3.7004
2790.50,-3.7031
2791.00,-3.7034
2791.50,-3.7074
2792.00,-3.7070
2792.50,-3.6909
2793.00,-3.6570
2793.50,-3.6143
2794.00,-3.5753
2794.50,-3.5466
2795.00,-3.5276
2795.50,-3.5197
2796.00,-3.5316
2796.50,-3.5708
2797.00,-3.6273
2797.50,-3.6717
2798.00,-3.6731
2798.50,-3.6210
2799.00,-3.5317
2799.50,-3.4365
2800.00,-3.3646
2800.50,-3.3323
2801.00,-3.3448
2801.50,-3.4036
2802.00,-3.5093
2802.50,-3.6531
2803.00,-3.8069
2803.50,-3.9286
2804.00,-3.9805
2804.50,-3.9485
2805.00,-3.8479
2805.50,-3.7143
2806.00,-3.5894
2806.50,-3.5060
2807.00,-3.4775
2807.50,-3.4945
2808.00,-3.5328
2808.50,-3.5668
2809.00,-3.5788
2809.50,-3.5608
2810.00,-3.5156
2810.50,-3.4551
2811.00,-3.3921
2811.50,-3.3300
2812.00,-3.2649
2812.50,-3.1972
2813.00,-3.1399
2813.50,-3.1085
2814.00,-3.1061
2814.50,-3.1198
2815.00,-3.1328
2815.50,-3.1400
2816.00,-3.1522
2816.50,-3.1842
2817.00,-3.2362
2817.50,-3.2860
2818.00,-3.3039
2818.50,-3.2765
2819.00,-3.2157
2819.50,-3.1483
2820.00,-3.0978
2820.50,-3.0753
2821.00,-3.0810
2821.50,-3.1091
2822.00,-3.1529
2822.50,-3.2029
2823.00,-3.2450
2823.50,-3.2655
2824.00,-3.2617
2824.50,-3.2483
2825.00,-3.2471
2825.50,-3.2704
2826.00,-3.3113
2826.50,-3.3513
2827.00,-3.3746
2827.50,-3.3780
2828.00,-3.3706
2828.50,-3.3661
2829.00,-3.3722
2829.50,-3.3852
2830.00,-3.3931
2830.50,-3.3854
2831.00,-3.3612
2831.50,-3.3321
2832.00,-3.3175
2832.50,-3.3342
2833.00,-3.3845
2833.50,-3.4536
2834.00,-3.5181
2834.50,-3.5599
2835.00,-3.5740
2835.50,-3.5675
2836.00,-3.5522
2836.50,-3.5367
2837.00,-3.5216
2837.50,-3.5015
2838.00,-3.4740
2838.50,-3.4478
2839.00,-3.4410
2839.50,-3.4678
2840.00,-3.5246
2840.50,-3.5873
2841.00,-3.6273
2841.50,-3.6317
2842.00,-3.6114
2842.50,-3.5890
2843.00,-3.5831
2843.50,-3.5995
2844.00,-3.6356
2844.50,-3.6875
2845.00,-3.7524
2845.50,-3.8251
2846.00,-3.8947
2846.50,-3.9434
2847.00,-3.9529
2847.50,-3.9144
2848.00,-3.8383
2848.50,-3.7545
2849.00,-3.6994
2849.50,-3.6948
2850.00,-3.7346
2850.50,-3.7926
2851.00,-3.8437
2851.50,-3.8785
2852.00,-3.8987
2852.50,-3.9025
2853.00,-3.8814
2853.50,-3.8340
2854.00,-3.7796
2854.50,-3.7514
2855.00,-3.7702
2855.50,-3.8247
2856.00,-3.8755
2856.50,-3.8833
2857.00,-3.8347
2857.50,-3.7457
2858.00,-3.6467
2858.50,-3.5645
2859.00,-3.5155
2859.50,-3.5054
2860.00,-3.5282
2860.50,-3.5657
2861.00,-3.5937
2861.50,-3.5948
2862.00,-3.5668
2862.50,-3.5226
2863.00,-3.4815
2863.50,-3.4623
2864.00,-3.4769
2864.50,-3.5231
2865.00,-3.5799
2865.50,-3.6131
2866.00,-3.5954
2866.50,-3.5274
2867.00,-3.4400
2867.50,-3.3758
2868.00,-3.3605
2868.50,-3.3886
2869.00,-3.4309
2869.50,-3.4565
2870.00,-3.4543
2870.50,-3.4406
2871.00,-3.4477
2871.50,-3.4995
2872.00,-3.5904
2872.50,-3.6853
2873.00,-3.7429
2873.50,-3.7457
2874.00,-3.7112
2874.50,-3.6774
2875.00,-3.6738
2875.50,-3.7029
2876.00,-3.7408
2876.50,-3.7547
2877.00,-3.7227
2877.50,-3.6453
2878.00,-3.5432
2878.50,-3.4436
2879.00,-3.3664
2879.50,-3.3189
2880.00,-3.2955
2880.50,-3.2814
2881.00,-3.2591
2881.50,-3.2244
2882.00,-3.1950
2882.50,-3.1973
2883.00,-3.2381
2883.50,-3.2923
2884.00,-3.3233
2884.50,-3.3138
2885.00,-3.2752
2885.50,-3.2327
2886.00,-3.2066
2886.50,-3.2043
2887.00,-3.2208
2887.50,-3.2416
2888.00,-3.2501
2888.50,-3.2387
2889.00,-3.2122
2889.50,-3.1811
2890.00,-3.1520
2890.50,-3.1268
2891.00,-3.1078
2891.50,-3.0995
2892.00,-3.1075
2892.50,-3.1364
2893.00,-3.1865
2893.50,-3.2461
2894.00,-3.2885
2894.50,-3.2837
2895.00,-3.2179
2895.50,-3.1060
2896.00,-2.9846
2896.50,-2.8930
2897.00,-2.8504
2897.50,-2.8451
2898.00,-2.8451
2898.50,-2.8231
2899.00,-2.7761
2899.50,-2.7246
2900.00,-2.6952
2900.50,-2.7016
2901.00,-2.7379
2901.50,-2.7852
2902.00,-2.8251
2902.50,-2.8478
2903.00,-2.8517
2903.50,-2.8419
2904.00,-2.8259
2904.50,-2.8100
