0.00,0.0000
0.50,0.0473
1.00,0.1288
1.50,0.2443
2.00,0.3777
2.50,0.5031
3.00,0.5977
3.50,0.6503
4.00,0.6628
4.50,0.6486
5.00,0.6262
5.50,0.6094
6.00,0.6020
6.50,0.6092
7.00,0.6477
7.50,0.7338
8.00,0.8596
8.50,0.9902
9.00,1.0886
9.50,1.1388
10.00,1.1420
10.50,1.1034
11.00,1.0288
11.50,0.9304
12.00,0.8244
12.50,0.7235
13.00,0.6373
13.50,0.5778
14.00,0.5573
14.50,0.5766
15.00,0.6223
15.50,0.6800
16.00,0.7436
16.50,0.8076
17.00,0.8564
17.50,0.8728
18.00,0.8616
18.50,0.8555
19.00,0.8945
19.50,0.9948
20.00,1.1399
20.50,1.2934
21.00,1.4199
21.50,1.4976
22.00,1.5220
22.50,1.5059
23.00,1.4752
23.50,1.4575
24.00,1.4659
24.50,1.4919
25.00,1.5144
25.50,1.5185
26.00,1.5069
26.50,1.4911
27.00,1.4733
27.50,1.4395
28.00,1.3777
28.50,1.3037
29.00,1.2644
29.50,1.3076
30.00,1.4453
30.50,1.6396
31.00,1.8198
31.50,1.9190
32.00,1.9086
32.50,1.8124
33.00,1.6898
33.50,1.6011
34.00,1.5773
34.50,1.6135
35.00,1.6805
35.50,1.7436
36.00,1.7779
36.50,1.7810
37.00,1.7772
37.50,1.8021
38.00,1.8733
38.50,1.9732
39.00,2.0637
39.50,2.1202
40.00,2.1500
40.50,2.1818
41.00,2.2376
41.50,2.3126
42.00,2.3750
42.50,2.3862
43.00,2.3239
43.50,2.1938
44.00,2.0279
44.50,1.8731
45.00,1.7729
45.50,1.7465
46.00,1.7774
46.50,1.8245
47.00,1.8497
47.50,1.8396
48.00,1.8102
48.50,1.7941
49.00,1.8209
49.50,1.8968
50.00,2.0019
50.50,2.1070
51.00,2.1939
51.50,2.2597
52.00,2.3059
52.50,2.3293
53.00,2.3228
53.50,2.2797
54.00,2.1975
54.50,2.0798
55.00,1.9373
55.50,1.7837
56.00,1.6324
56.50,1.5048
57.00,1.4406
57.50,1.4835
58.00,1.6418
58.50,1.8624
59.00,2.0529
59.50,2.1398
60.00,2.1154
60.50,2.0397
61.00,1.9997
61.50,2.0500
62.00,2.1761
62.50,2.3080
63.00,2.3757
63.50,2.3611
64.00,2.3069
64.50,2.2837
65.00,2.3414
65.50,2.4779
66.00,2.6461
66.50,2.7908
67.00,2.8820
67.50,2.9170
68.00,2.8997
68.50,2.8291
69.00,2.7137
69.50,2.5909
70.00,2.5196
70.50,2.5422
71.00,2.6497
71.50,2.7877
72.00,2.9013
72.50,2.9745
73.00,3.0250
73.50,3.0668
74.00,3.0833
74.50,3.0416
75.00,2.9310
75.50,2.7857
76.00,2.6681
76.50,2.6288
77.00,2.6793
77.50,2.7950
78.00,2.9324
78.50,3.0432
79.00,3.0854
79.50,3.0385
80.00,2.9175
80.50,2.7661
81.00,2.6279
81.50,2.5217
82.00,2.4392
82.50,2.3669
83.00,2.3108
83.50,2.2998
84.00,2.3626
84.50,2.4993
85.00,2.6749
85.50,2.8474
86.00,3.0018
86.50,3.1536
87.00,3.3202
87.50,3.4935
88.00,3.6390
88.50,3.7163
89.00,3.7016
89.50,3.6026
90.00,3.4617
90.50,3.3363
91.00,3.2663
91.50,3.2537
92.00,3.2702
92.50,3.2805
93.00,3.2583
93.50,3.1880
94.00,3.0651
94.50,2.9025
95.00,2.7331
95.50,2.5995
96.00,2.5363
96.50,2.5605
97.00,2.6728
97.50,2.8534
98.00,3.0475
98.50,3.1697
99.00,3.1488
99.50,2.9918
100.00,2.8026
100.50,2.7226
101.00,2.8326
101.50,3.1001
102.00,3.4129
102.50,3.6594
103.00,3.7827
103.50,3.7794
104.00,3.6722
104.50,3.4955
105.00,3.2959
105.50,3.1241
106.00,3.0072
106.50,2.9304
107.00,2.8572
107.50,2.7730
108.00,2.7067
108.50,2.7103
109.00,2.8191
109.50,3.0276
110.00,3.2863
110.50,3.5186
111.00,3.6581
111.50,3.6863
112.00,3.6434
112.50,3.5960
113.00,3.5880
113.50,3.6144
114.00,3.6374
114.50,3.6277
115.00,3.5889
115.50,3.5401
116.00,3.4814
116.50,3.3923
117.00,3.2683
117.50,3.1479
118.00,3.0881
118.50,3.1121
119.00,3.1831
119.50,3.2354
120.00,3.2329
120.50,3.1997
121.00,3.1977
121.50,3.2747
122.00,3.4280
122.50,3.6081
123.00,3.7494
123.50,3.8047
124.00,3.7615
124.50,3.6339
125.00,3.4462
125.50,3.2327
126.00,3.0520
126.50,2.9830
127.00,3.0799
127.50,3.3195
128.00,3.5968
128.50,3.7833
129.00,3.8065
129.50,3.6935
130.00,3.5447
130.50,3.4605
131.00,3.4764
131.50,3.5571
132.00,3.6416
132.50,3.6890
133.00,3.6900
133.50,3.6553
134.00,3.6055
134.50,3.5680
135.00,3.5691
135.50,3.6175
136.00,3.6998
136.50,3.8004
137.00,3.9216
137.50,4.0675
138.00,4.2043
138.50,4.2602
139.00,4.1828
139.50,3.9984
140.00,3.8042
140.50,3.6997
141.00,3.7188
141.50,3.8151
142.00,3.9018
142.50,3.9136
143.00,3.8515
143.50,3.7786
144.00,3.7700
144.50,3.8573
145.00,4.0098
145.50,4.1557
146.00,4.2192
146.50,4.1502
147.00,3.9477
147.50,3.6740
148.00,3.4332
148.50,3.3069
149.00,3.2949
149.50,3.3265
150.00,3.3387
150.50,3.3334
151.00,3.3484
151.50,3.3861
152.00,3.4005
152.50,3.3652
153.00,3.3263
153.50,3.3565
154.00,3.4642
154.50,3.5750
155.00,3.6204
155.50,3.6251
156.00,3.6869
156.50,3.8765
157.00,4.1638
157.50,4.4388
158.00,4.5922
158.50,4.5854
159.00,4.4590
159.50,4.2813
160.00,4.0902
160.50,3.8902
161.00,3.7001
161.50,3.5816
162.00,3.5975
162.50,3.7457
163.00,3.9517
163.50,4.1311
164.00,4.2508
164.50,4.3250
165.00,4.3658
165.50,4.3537
166.00,4.2614
166.50,4.0999
167.00,3.9364
167.50,3.8610
168.00,3.9284
168.50,4.1178
169.00,4.3397
169.50,4.4859
170.00,4.4884
170.50,4.3460
171.00,4.1170
171.50,3.8937
172.00,3.7665
172.50,3.7804
173.00,3.9098
173.50,4.0825
174.00,4.2323
174.50,4.3276
175.00,4.3571
175.50,4.3150
176.00,4.2154
176.50,4.1072
177.00,4.0502
177.50,4.0661
178.00,4.1164
178.50,4.1306
179.00,4.0616
179.50,3.9332
180.00,3.8376
180.50,3.8699
181.00,4.0394
181.50,4.2470
182.00,4.3634
182.50,4.3390
183.00,4.2390
183.50,4.1755
184.00,4.2131
184.50,4.3331
185.00,4.4706
185.50,4.5739
186.00,4.6278
186.50,4.6391
187.00,4.6181
187.50,4.5731
188.00,4.5066
188.50,4.4065
189.00,4.2557
189.50,4.0615
190.00,3.8746
190.50,3.7625
191.00,3.7628
191.50,3.8700
192.00,4.0639
192.50,4.3351
193.00,4.6738
193.50,5.0427
194.00,5.3729
194.50,5.5954
195.00,5.6803
195.50,5.6462
196.00,5.5346
196.50,5.3862
197.00,5.2425
197.50,5.1560
198.00,5.1714
198.50,5.2833
199.00,5.4241
199.50,5.5132
200.00,5.5188
200.50,5.4684
201.00,5.4065
201.50,5.3529
202.00,5.3022
202.50,5.2453
203.00,5.1865
203.50,5.1452
204.00,5.1446
204.50,5.1905
205.00,5.2559
205.50,5.2899
206.00,5.2555
206.50,5.1694
207.00,5.1008
207.50,5.1183
208.00,5.2286
208.50,5.3700
209.00,5.4671
209.50,5.4916
210.00,5.4704
210.50,5.4492
211.00,5.4536
211.50,5.4766
212.00,5.4904
212.50,5.4708
213.00,5.4239
213.50,5.3893
214.00,5.4096
214.50,5.4920
215.00,5.6001
215.50,5.6808
216.00,5.6931
216.50,5.6270
217.00,5.5124
217.50,5.4076
218.00,5.3594
218.50,5.3616
219.00,5.3585
219.50,5.3018
220.00,5.2066
220.50,5.1514
221.00,5.2205
221.50,5.4360
222.00,5.7334
222.50,5.9919
223.00,6.1016
223.50,6.0264
224.00,5.8277
224.50,5.6318
225.00,5.5533
225.50,5.6231
226.00,5.7781
226.50,5.9184
227.00,5.9808
227.50,5.9644
228.00,5.9066
228.50,5.8497
229.00,5.8248
229.50,5.8464
230.00,5.9064
230.50,5.9750
231.00,6.0129
231.50,5.9882
232.00,5.8903
232.50,5.7408
233.00,5.5965
233.50,5.5243
234.00,5.5542
234.50,5.6495
235.00,5.7374
235.50,5.7760
236.00,5.7881
236.50,5.8236
237.00,5.9005
237.50,5.9946
238.00,6.0762
238.50,6.1339
239.00,6.1589
239.50,6.1219
240.00,5.9854
240.50,5.7445
241.00,5.4589
241.50,5.2443
242.00,5.2150
242.50,5.4046
243.00,5.7269
243.50,6.0277
244.00,6.1899
244.50,6.2002
245.00,6.1230
245.50,6.0277
246.00,5.9426
246.50,5.8612
247.00,5.7713
247.50,5.6805
248.00,5.6254
248.50,5.6578
249.00,5.8056
249.50,6.0364
250.00,6.2619
250.50,6.3889
251.00,6.3790
251.50,6.2640
252.00,6.1141
252.50,5.9962
253.00,5.9525
253.50,5.9941
254.00,6.0982
254.50,6.2165
255.00,6.2958
255.50,6.2996
256.00,6.2184
256.50,6.0680
257.00,5.8820
257.50,5.6981
258.00,5.5424
258.50,5.4255
259.00,5.3507
259.50,5.3274
260.00,5.3671
260.50,5.4650
261.00,5.5879
261.50,5.6873
262.00,5.7174
262.50,5.6329
263.00,5.3908
263.50,4.9842
264.00,4.4862
264.50,4.0374
265.00,3.7682
265.50,3.7193
266.00,3.8291
266.50,3.9872
267.00,4.0993
267.50,4.1294
268.00,4.1053
268.50,4.0912
269.00,4.1387
269.50,4.2544
270.00,4.4127
270.50,4.5963
271.00,4.8111
271.50,5.0563
272.00,5.2919
272.50,5.4526
273.00,5.5013
273.50,5.4589
274.00,5.3793
274.50,5.2955
275.00,5.2016
275.50,5.0864
276.00,4.9696
276.50,4.8944
277.00,4.8923
277.50,4.9681
278.00,5.1168
278.50,5.3369
279.00,5.6203
279.50,5.9307
280.00,6.1995
280.50,6.3472
281.00,6.3258
281.50,6.1574
282.00,5.9329
282.50,5.7529
283.00,5.6476
283.50,5.5511
284.00,5.3675
284.50,5.0718
285.00,4.7551
285.50,4.5720
286.00,4.6374
286.50,4.9491
287.00,5.3878
287.50,5.7883
288.00,6.0266
288.50,6.0695
289.00,5.9612
289.50,5.7709
290.00,5.5495
290.50,5.3261
291.00,5.1303
291.50,5.0008
292.00,4.9648
292.50,5.0121
293.00,5.0983
293.50,5.1785
294.00,5.2333
294.50,5.2579
295.00,5.2326
295.50,5.1270
296.00,4.9472
296.50,4.7634
297.00,4.6644
297.50,4.6803
298.00,4.7614
298.50,4.8357
299.00,4.8739
299.50,4.8978
300.00,4.9422
300.50,5.0208
301.00,5.1223
301.50,5.2191
302.00,5.2764
302.50,5.2673
303.00,5.1952
303.50,5.1034
304.00,5.0456
304.50,5.0414
305.00,5.0654
305.50,5.0838
306.00,5.0884
306.50,5.0888
307.00,5.0862
307.50,5.0710
308.00,5.0427
308.50,5.0149
309.00,4.9986
309.50,4.9865
310.00,4.9584
310.50,4.9022
311.00,4.8366
311.50,4.8113
312.00,4.8715
312.50,5.0119
313.00,5.1672
313.50,5.2574
314.00,5.2407
314.50,5.1322
315.00,4.9853
315.50,4.8584
316.00,4.7887
316.50,4.7810
317.00,4.8202
317.50,4.8876
318.00,4.9644
318.50,5.0235
319.00,5.0326
319.50,4.9727
320.00,4.8535
320.50,4.7087
321.00,4.5821
321.50,4.5175
322.00,4.5489
322.50,4.6889
323.00,4.9217
323.50,5.2116
324.00,5.5139
324.50,5.7733
325.00,5.9271
325.50,5.9316
326.00,5.7972
326.50,5.5837
327.00,5.3577
327.50,5.1639
328.00,5.0371
328.50,5.0185
329.00,5.1328
329.50,5.3487
330.00,5.5769
330.50,5.7248
331.00,5.7658
331.50,5.7613
332.00,5.8100
332.50,5.9638
333.00,6.1764
333.50,6.3249
334.00,6.2873
334.50,6.0196
335.00,5.5816
335.50,5.0951
336.00,4.6721
336.50,4.3686
337.00,4.1911
337.50,4.1289
338.00,4.1689
338.50,4.2854
339.00,4.4317
339.50,4.5640
340.00,4.6800
340.50,4.8250
341.00,5.0440
341.50,5.3232
342.00,5.5879
342.50,5.7680
343.00,5.8723
343.50,5.9835
344.00,6.1653
344.50,6.3694
345.00,6.4506
345.50,6.2875
346.00,5.8992
346.50,5.4532
347.00,5.1637
347.50,5.1686
348.00,5.4714
348.50,5.9598
349.00,6.4674
349.50,6.8386
350.00,6.9866
350.50,6.9270
351.00,6.7565
351.50,6.5764
352.00,6.4187
352.50,6.2473
353.00,6.0317
353.50,5.8090
354.00,5.6587
354.50,5.6264
355.00,5.6867
355.50,5.7802
356.00,5.8696
356.50,5.9618
357.00,6.0894
357.50,6.2752
358.00,6.5016
358.50,6.7062
359.00,6.8116
359.50,6.7661
360.00,6.5695
360.50,6.2792
361.00,5.9968
361.50,5.8281
362.00,5.8189
362.50,5.9115
363.00,5.9719
363.50,5.8832
364.00,5.6347
364.50,5.3329
365.00,5.1292
365.50,5.1247
366.00,5.3157
366.50,5.6003
367.00,5.8286
367.50,5.8788
368.00,5.7253
368.50,5.4601
369.00,5.2368
369.50,5.1649
370.00,5.2366
370.50,5.3463
371.00,5.3871
371.50,5.3402
372.00,5.2897
372.50,5.3599
373.00,5.6254
373.50,6.0509
374.00,6.4997
374.50,6.8053
375.00,6.8639
375.50,6.6850
376.00,6.3735
376.50,6.0621
377.00,5.8486
377.50,5.7718
378.00,5.8233
378.50,5.9644
379.00,6.1340
379.50,6.2631
380.00,6.3044
380.50,6.2566
381.00,6.1576
381.50,6.0512
382.00,5.9600
382.50,5.8836
383.00,5.8139
383.50,5.7427
384.00,5.6631
384.50,5.5771
385.00,5.5075
385.50,5.4994
386.00,5.5954
386.50,5.8026
387.00,6.0785
387.50,6.3472
388.00,6.5291
388.50,6.5578
389.00,6.3908
389.50,6.0418
390.00,5.6180
390.50,5.3034
391.00,5.2609
391.50,5.5211
392.00,5.9613
392.50,6.3924
393.00,6.6740
393.50,6.7688
394.00,6.7185
394.50,6.5870
395.00,6.4184
395.50,6.2277
396.00,6.0202
396.50,5.8154
397.00,5.6477
397.50,5.5395
398.00,5.4776
398.50,5.4263
399.00,5.3710
399.50,5.3398
400.00,5.3740
400.50,5.4779
401.00,5.6096
401.50,5.7222
402.00,5.8043
402.50,5.8734
403.00,5.9383
403.50,5.9820
404.00,5.9766
404.50,5.9098
405.00,5.8004
405.50,5.6973
406.00,5.6564
406.50,5.7004
407.00,5.8002
407.50,5.8987
408.00,5.9585
408.50,5.9878
409.00,6.0263
409.50,6.1109
410.00,6.2488
410.50,6.4128
411.00,6.5591
411.50,6.6567
412.00,6.7059
412.50,6.7272
413.00,6.7298
413.50,6.6975
414.00,6.6135
414.50,6.4942
415.00,6.3828
415.50,6.3002
416.00,6.2131
416.50,6.0667
417.00,5.8500
417.50,5.6197
418.00,5.4625
418.50,5.4405
419.00,5.5559
419.50,5.7440
420.00,5.8954
420.50,5.9144
421.00,5.7797
421.50,5.5584
422.00,5.3650
422.50,5.3040
423.00,5.4324
423.50,5.7453
424.00,6.1784
424.50,6.6313
425.00,7.0093
425.50,7.2620
426.00,7.3901
426.50,7.4245
427.00,7.4047
427.50,7.3696
428.00,7.3497
428.50,7.3503
429.00,7.3408
429.50,7.2735
430.00,7.1267
430.50,6.9347
431.00,6.7721
431.50,6.7059
432.00,6.7534
432.50,6.8770
433.00,7.0107
433.50,7.0971
434.00,7.1095
434.50,7.0535
435.00,6.9505
435.50,6.8174
436.00,6.6628
436.50,6.5056
437.00,6.3898
437.50,6.3648
438.00,6.4446
438.50,6.5947
439.00,6.7673
439.50,6.9442
440.00,7.1368
440.50,7.3448
441.00,7.5257
441.50,7.6116
442.00,7.5632
442.50,7.4079
443.00,7.2173
443.50,7.0465
444.00,6.9020
444.50,6.7650
445.00,6.6322
445.50,6.5237
446.00,6.4594
446.50,6.4368
447.00,6.4299
447.50,6.4102
448.00,6.3717
448.50,6.3374
449.00,6.3330
449.50,6.3585
450.00,6.3894
450.50,6.4068
451.00,6.4175
451.50,6.4406
452.00,6.4807
452.50,6.5199
453.00,6.5353
453.50,6.5192
454.00,6.4805
454.50,6.4384
455.00,6.4211
455.50,6.4573
456.00,6.5472
456.50,6.6400
457.00,6.6612
457.50,6.5741
458.00,6.4089
458.50,6.2293
459.00,6.0850
459.50,6.0050
460.00,6.0169
460.50,6.1447
461.00,6.3798
461.50,6.6706
462.00,6.9520
462.50,7.1842
463.00,7.3626
463.50,7.4963
464.00,7.5863
464.50,7.6202
465.00,7.5867
465.50,7.4965
466.00,7.3916
466.50,7.3317
467.00,7.3601
467.50,7.4693
468.00,7.5925
468.50,7.6418
469.00,7.5727
469.50,7.4211
470.00,7.2763
470.50,7.2137
471.00,7.2495
471.50,7.3509
472.00,7.4746
472.50,7.5858
473.00,7.6519
473.50,7.6451
474.00,7.5652
474.50,7.4502
475.00,7.3509
475.50,7.2919
476.00,7.2666
476.50,7.2632
477.00,7.2833
477.50,7.3329
478.00,7.4106
478.50,7.5087
479.00,7.6174
479.50,7.7199
480.00,7.7892
480.50,7.7997
481.00,7.7435
481.50,7.6331
482.00,7.4912
482.50,7.3436
483.00,7.2174
483.50,7.1326
484.00,7.0800
484.50,7.0087
485.00,6.8568
485.50,6.6152
486.00,6.3630
486.50,6.2249
487.00,6.2804
487.50,6.5103
488.00,6.8270
488.50,7.1463
489.00,7.4288
489.50,7.6641
490.00,7.8374
490.50,7.9160
491.00,7.8664
491.50,7.6886
492.00,7.4483
492.50,7.2693
493.00,7.2689
493.50,7.4773
494.00,7.8108
494.50,8.1217
495.00,8.2790
495.50,8.2230
496.00,7.9765
496.50,7.6268
497.00,7.2937
497.50,7.0888
498.00,7.0694
498.50,7.2027
499.00,7.3730
499.50,7.4490
500.00,7.3727
500.50,7.1947
501.00,7.0290
501.50,6.9739
502.00,7.0665
502.50,7.2851
503.00,7.5739
503.50,7.8639
504.00,8.0839
504.50,8.1659
505.00,8.0619
505.50,7.7774
506.00,7.3995
506.50,7.0757
507.00,6.9337
507.50,6.9952
508.00,7.1663
508.50,7.3222
509.00,7.4065
509.50,7.4551
510.00,7.5363
510.50,7.6778
511.00,7.8421
511.50,7.9544
512.00,7.9470
512.50,7.7920
513.00,7.5144
513.50,7.1889
514.00,6.9220
514.50,6.8145
515.00,6.9083
515.50,7.1490
516.00,7.4082
516.50,7.5603
517.00,7.5507
517.50,7.4011
518.00,7.1691
518.50,6.9260
519.00,6.7599
519.50,6.7547
520.00,6.9339
520.50,7.2288
521.00,7.5155
521.50,7.6807
522.00,7.6591
522.50,7.4456
523.00,7.1054
523.50,6.7600
524.00,6.5272
524.50,6.4540
525.00,6.5133
525.50,6.6597
526.00,6.8754
526.50,7.1599
527.00,7.4922
527.50,7.8182
528.00,8.0763
528.50,8.2283
529.00,8.2703
529.50,8.2218
530.00,8.1134
530.50,7.9858
531.00,7.8909
531.50,7.8740
532.00,7.9414
532.50,8.0491
533.00,8.1371
533.50,8.1770
534.00,8.1834
534.50,8.1829
535.00,8.1795
535.50,8.1477
536.00,8.0541
536.50,7.8874
537.00,7.6702
537.50,7.4451
538.00,7.2546
538.50,7.1344
539.00,7.1137
539.50,7.2084
540.00,7.4121
540.50,7.6902
541.00,7.9835
541.50,8.2188
542.00,8.3267
542.50,8.2644
543.00,8.0386
543.50,7.7204
544.00,7.4408
544.50,7.3410
545.00,7.4907
545.50,7.8289
546.00,8.1940
546.50,8.4280
547.00,8.4727
547.50,8.3832
548.00,8.2677
548.50,8.2150
549.00,8.2577
549.50,8.3761
550.00,8.5231
550.50,8.6520
551.00,8.7349
551.50,8.7695
552.00,8.7734
552.50,8.7725
553.00,8.7858
553.50,8.8166
554.00,8.8549
554.50,8.8913
555.00,8.9307
555.50,8.9931
556.00,9.0974
556.50,9.2380
557.00,9.3791
557.50,9.4759
558.00,9.5028
558.50,9.4650
559.00,9.3870
559.50,9.2971
560.00,9.2223
560.50,9.1895
561.00,9.2194
561.50,9.3094
562.00,9.4253
562.50,9.5151
563.00,9.5377
563.50,9.4841
564.00,9.3778
564.50,9.2630
565.00,9.1855
565.50,9.1718
566.00,9.2151
566.50,9.2873
567.00,9.3676
567.50,9.4600
568.00,9.5800
568.50,9.7276
569.00,9.8792
569.50,10.0038
570.00,10.0841
570.50,10.1191
571.00,10.1110
571.50,10.0579
572.00,9.9570
572.50,9.8156
573.00,9.6559
573.50,9.5150
574.00,9.4367
574.50,9.4533
575.00,9.5647
575.50,9.7319
576.00,9.8960
576.50,10.0098
577.00,10.0581
577.50,10.0568
578.00,10.0389
578.50,10.0357
579.00,10.0602
579.50,10.1006
580.00,10.1314
580.50,10.1360
581.00,10.1183
581.50,10.0951
582.00,10.0820
582.50,10.0863
583.00,10.1053
583.50,10.1275
584.00,10.1388
584.50,10.1317
585.00,10.1082
585.50,10.0750
586.00,10.0403
586.50,10.0142
587.00,10.0075
587.50,10.0256
588.00,10.0654
588.50,10.1191
589.00,10.1777
589.50,10.2330
590.00,10.2791
590.50,10.3149
591.00,10.3416
591.50,10.3619
592.00,10.3840
592.50,10.4250
593.00,10.5008
593.50,10.6070
594.00,10.7117
594.50,10.7734
595.00,10.7697
595.50,10.7099
596.00,10.6238
596.50,10.5400
597.00,10.4750
597.50,10.4333
598.00,10.4137
598.50,10.4144
599.00,10.4344
599.50,10.4691
600.00,10.5051
600.50,10.5229
601.00,10.5075
601.50,10.4586
602.00,10.3925
602.50,10.3337
603.00,10.3024
603.50,10.3067
604.00,10.3458
604.50,10.4173
605.00,10.5175
605.50,10.6343
606.00,10.7463
606.50,10.8322
607.00,10.8819
607.50,10.9028
608.00,10.9159
608.50,10.9464
609.00,11.0102
609.50,11.1031
610.00,11.2012
610.50,11.2733
611.00,11.2981
611.50,11.2725
612.00,11.2086
612.50,11.1252
613.00,11.0398
613.50,10.9662
614.00,10.9140
614.50,10.8895
615.00,10.8948
615.50,10.9267
616.00,10.9754
616.50,11.0257
617.00,11.0603
617.50,11.0650
618.00,11.0372
618.50,10.9901
619.00,10.9464
619.50,10.9225
620.00,10.9169
620.50,10.9172
621.00,10.9158
621.50,10.9170
622.00,10.9258
622.50,10.9320
623.00,10.9098
623.50,10.8398
624.00,10.7315
624.50,10.6249
625.00,10.5677
625.50,10.5878
626.00,10.6780
626.50,10.7989
627.00,10.8985
627.50,10.9388
628.00,10.9165
628.50,10.8645
629.00,10.8300
629.50,10.8449
630.00,10.9073
630.50,10.9882
631.00,11.0545
631.50,11.0896
632.00,11.0977
632.50,11.0952
633.00,11.0973
633.50,11.1058
634.00,11.1088
634.50,11.0931
635.00,11.0585
635.50,11.0178
636.00,10.9823
636.50,10.9481
637.00,10.9010
637.50,10.8327
638.00,10.7509
638.50,10.6707
639.00,10.6032
639.50,10.5556
640.00,10.5397
640.50,10.5677
641.00,10.6351
641.50,10.7116
642.00,10.7582
642.50,10.7571
643.00,10.7259
643.50,10.7014
644.00,10.7106
644.50,10.7522
645.00,10.7996
645.50,10.8191
646.00,10.7909
646.50,10.7214
647.00,10.6456
647.50,10.6109
648.00,10.6486
648.50,10.7496
649.00,10.8672
649.50,10.9495
650.00,10.9753
650.50,10.9636
651.00,10.9501
651.50,10.9561
652.00,10.9768
652.50,10.9953
653.00,11.0033
653.50,11.0079
654.00,11.0193
654.50,11.0356
655.00,11.0389
655.50,11.0078
656.00,10.9334
656.50,10.8295
657.00,10.7275
657.50,10.6605
658.00,10.6463
658.50,10.6833
659.00,10.7555
659.50,10.8396
660.00,10.9095
660.50,10.9459
661.00,10.9479
661.50,10.9365
662.00,10.9407
662.50,10.9786
663.00,11.0436
663.50,11.1075
664.00,11.1366
664.50,11.1149
665.00,11.0573
665.50,10.9991
666.00,10.9694
666.50,10.9728
667.00,10.9923
667.50,11.0061
668.00,11.0031
668.50,10.9889
669.00,10.9810
669.50,10.9955
670.00,11.0319
670.50,11.0680
671.00,11.0724
671.50,11.0300
672.00,10.9590
672.50,10.9013
673.00,10.8923
673.50,10.9368
674.00,11.0103
674.50,11.0786
675.00,11.1155
675.50,11.1097
676.00,11.0618
676.50,10.9807
677.00,10.8834
677.50,10.7963
678.00,10.7497
678.50,10.7625
679.00,10.8287
679.50,10.9193
680.00,11.0005
680.50,11.0500
681.00,11.0645
681.50,11.0534
682.00,11.0282
682.50,10.9919
683.00,10.9396
683.50,10.8668
684.00,10.7811
684.50,10.7073
685.00,10.6804
685.50,10.7266
686.00,10.8434
686.50,10.9971
687.00,11.1428
687.50,11.2489
688.00,11.3055
688.50,11.3186
689.00,11.3023
689.50,11.2751
690.00,11.2528
690.50,11.2390
691.00,11.2247
691.50,11.2006
692.00,11.1668
692.50,11.1276
693.00,11.0793
693.50,11.0107
694.00,10.9194
694.50,10.8238
695.00,10.7517
695.50,10.7175
696.00,10.7125
696.50,10.7192
697.00,10.7337
697.50,10.7718
698.00,10.8515
698.50,10.9692
699.00,11.0941
699.50,11.1890
700.00,11.2362
700.50,11.2420
701.00,11.2200
701.50,11.1785
702.00,11.1228
702.50,11.0634
703.00,11.0149
703.50,10.9864
704.00,10.9740
704.50,10.9648
705.00,10.9453
705.50,10.9086
706.00,10.8582
706.50,10.8089
707.00,10.7823
707.50,10.7928
708.00,10.8340
708.50,10.8809
709.00,10.9055
709.50,10.8940
710.00,10.8521
710.50,10.8014
711.00,10.7719
711.50,10.7912
712.00,10.8707
712.50,10.9950
713.00,11.1248
713.50,11.2161
714.00,11.2457
714.50,11.2251
715.00,11.1885
715.50,11.1672
716.00,11.1721
716.50,11.1980
717.00,11.2367
717.50,11.2833
718.00,11.3345
718.50,11.3855
719.00,11.4268
719.50,11.4428
720.00,11.4188
720.50,11.3555
721.00,11.2756
721.50,11.2115
722.00,11.1831
722.50,11.1811
723.00,11.1727
723.50,11.1275
724.00,11.0473
724.50,10.9728
725.00,10.9566
725.50,11.0263
726.00,11.1706
726.50,11.3523
727.00,11.5246
727.50,11.6410
728.00,11.6689
728.50,11.6085
729.00,11.4996
729.50,11.3998
730.00,11.3504
730.50,11.3589
731.00,11.4084
731.50,11.4752
732.00,11.5375
732.50,11.5745
733.00,11.5701
733.50,11.5215
734.00,11.4438
734.50,11.3612
735.00,11.2923
735.50,11.2414
736.00,11.2026
736.50,11.1732
737.00,11.1613
737.50,11.1791
738.00,11.2301
738.50,11.3058
739.00,11.3923
739.50,11.4752
740.00,11.5440
740.50,11.5978
741.00,11.6473
741.50,11.7067
742.00,11.7827
742.50,11.8714
743.00,11.9645
743.50,12.0532
744.00,12.1240
744.50,12.1567
745.00,12.1319
745.50,12.0457
746.00,11.9196
746.50,11.7940
747.00,11.7091
747.50,11.6869
748.00,11.7250
748.50,11.8016
749.00,11.8875
749.50,11.9590
750.00,12.0062
750.50,12.0344
751.00,12.0577
751.50,12.0938
752.00,12.1571
752.50,12.2489
753.00,12.3519
753.50,12.4367
754.00,12.4796
754.50,12.4757
755.00,12.4377
755.50,12.3843
756.00,12.3269
756.50,12.2670
757.00,12.2015
757.50,12.1316
758.00,12.0660
758.50,12.0149
759.00,11.9826
759.50,11.9656
760.00,11.9598
760.50,11.9697
761.00,12.0067
761.50,12.0743
762.00,12.1528
762.50,12.2024
763.00,12.1873
763.50,12.1057
764.00,11.9982
764.50,11.9260
765.00,11.9322
765.50,12.0161
766.00,12.1382
766.50,12.2522
767.00,12.3336
767.50,12.3848
768.00,12.4208
768.50,12.4536
769.00,12.4888
769.50,12.5269
770.00,12.5627
770.50,12.5832
771.00,12.5751
771.50,12.5412
772.00,12.5069
772.50,12.5053
773.00,12.5491
773.50,12.6186
774.00,12.6763
774.50,12.6946
775.00,12.6725
775.50,12.6320
776.00,12.6023
776.50,12.6021
777.00,12.6305
777.50,12.6707
778.00,12.7016
778.50,12.7096
779.00,12.6925
779.50,12.6603
780.00,12.6313
780.50,12.6224
781.00,12.6374
781.50,12.6649
782.00,12.6895
782.50,12.7067
783.00,12.7241
783.50,12.7495
784.00,12.7804
784.50,12.8078
785.00,12.8292
785.50,12.8552
786.00,12.9008
786.50,12.9689
787.00,13.0435
787.50,13.0993
788.00,13.1218
788.50,13.1177
789.00,13.1031
789.50,13.0798
790.00,13.0271
790.50,12.9226
791.00,12.7731
791.50,12.6241
792.00,12.5340
792.50,12.5370
793.00,12.6226
793.50,12.7450
794.00,12.8527
794.50,12.9183
795.00,12.9475
795.50,12.9651
796.00,12.9910
796.50,13.0270
797.00,13.0598
797.50,13.0698
798.00,13.0397
798.50,12.9614
799.00,12.8427
799.50,12.7120
800.00,12.6120
800.50,12.5806
801.00,12.6273
801.50,12.7241
802.00,12.8213
802.50,12.8777
803.00,12.8817
803.50,12.8477
804.00,12.7971
804.50,12.7483
805.00,12.7227
805.50,12.7467
806.00,12.8355
806.50,12.9724
807.00,13.1135
807.50,13.2165
808.00,13.2658
808.50,13.2728
809.00,13.2602
809.50,13.2457
810.00,13.2354
810.50,13.2272
811.00,13.2160
811.50,13.1944
812.00,13.1516
812.50,13.0783
813.00,12.9787
813.50,12.8795
814.00,12.8190
814.50,12.8231
815.00,12.8834
815.50,12.9578
816.00,12.9972
816.50,12.9800
817.00,12.9259
817.50,12.8755
818.00,12.8566
818.50,12.8673
819.00,12.8869
819.50,12.8977
820.00,12.8999
820.50,12.9103
821.00,12.9504
821.50,13.0298
822.00,13.1379
822.50,13.2498
823.00,13.3381
823.50,13.3822
824.00,13.3741
824.50,13.3237
825.00,13.2568
825.50,13.2028
826.00,13.1764
826.50,13.1721
827.00,13.1742
827.50,13.1718
828.00,13.1635
828.50,13.1519
829.00,13.1390
829.50,13.1250
830.00,13.1073
830.50,13.0782
831.00,13.0287
831.50,12.9583
832.00,12.8825
832.50,12.8276
833.00,12.8178
833.50,12.8648
834.00,12.9637
834.50,13.0935
835.00,13.2226
835.50,13.3244
836.00,13.3921
836.50,13.4384
837.00,13.4783
837.50,13.5125
838.00,13.5252
838.50,13.4972
839.00,13.4203
839.50,13.3030
840.00,13.1691
840.50,13.0520
841.00,12.9860
841.50,12.9932
842.00,13.0683
842.50,13.1754
843.00,13.2638
843.50,13.2965
844.00,13.2712
844.50,13.2166
845.00,13.1692
845.50,13.1465
846.00,13.1376
846.50,13.1180
847.00,13.0739
847.50,13.0164
848.00,12.9731
848.50,12.9650
849.00,12.9913
849.50,13.0332
850.00,13.0711
850.50,13.0980
851.00,13.1170
851.50,13.1279
852.00,13.1197
852.50,13.0788
853.00,13.0056
853.50,12.9253
854.00,12.8796
854.50,12.9029
855.00,12.9955
855.50,13.1186
856.00,13.2198
856.50,13.2688
857.00,13.2728
857.50,13.2589
858.00,13.2425
858.50,13.2124
859.00,13.1452
859.50,13.0340
860.00,12.9032
860.50,12.7932
861.00,12.7312
861.50,12.7176
862.00,12.7390
862.50,12.7889
863.00,12.8698
863.50,12.9776
864.00,13.0895
864.50,13.1719
865.00,13.2004
865.50,13.1713
866.00,13.0966
866.50,12.9922
867.00,12.8734
867.50,12.7568
868.00,12.6639
868.50,12.6185
869.00,12.6353
869.50,12.7078
870.00,12.8073
870.50,12.8969
871.00,12.9519
871.50,12.9700
872.00,12.9659
872.50,12.9565
873.00,12.9501
873.50,12.9469
874.00,12.9479
874.50,12.9627
875.00,13.0000
875.50,13.0528
876.00,13.0960
876.50,13.1069
877.00,13.0882
877.50,13.0656
878.00,13.0617
878.50,13.0737
879.00,13.0802
879.50,13.0674
880.00,13.0442
880.50,13.0281
881.00,13.0215
881.50,13.0091
882.00,12.9797
882.50,12.9407
883.00,12.9110
883.50,12.9040
884.00,12.9230
884.50,12.9669
885.00,13.0308
885.50,13.0994
886.00,13.1472
886.50,13.1531
887.00,13.1213
887.50,13.0852
888.00,13.0850
888.50,13.1360
889.00,13.2151
889.50,13.2802
890.00,13.3035
890.50,13.2893
891.00,13.2649
891.50,13.2596
892.00,13.2883
892.50,13.3438
893.00,13.4011
893.50,13.4316
894.00,13.4201
894.50,13.3715
895.00,13.3046
895.50,13.2400
896.00,13.1933
896.50,13.1731
897.00,13.1797
897.50,13.2033
898.00,13.2276
898.50,13.2414
899.00,13.2462
899.50,13.2517
900.00,13.2624
900.50,13.2723
901.00,13.2702
901.50,13.2504
902.00,13.2170
902.50,13.1789
903.00,13.1395
903.50,13.0920
904.00,13.0302
904.50,12.9655
905.00,12.9285
905.50,12.9463
906.00,13.0189
906.50,13.1203
907.00,13.2193
907.50,13.2976
908.00,13.3533
908.50,13.3928
909.00,13.4235
909.50,13.4485
910.00,13.4665
910.50,13.4751
911.00,13.4748
911.50,13.4687
912.00,13.4620
912.50,13.4621
913.00,13.4764
913.50,13.5075
914.00,13.5507
914.50,13.5987
915.00,13.6479
915.50,13.6977
916.00,13.7459
916.50,13.7887
917.00,13.8263
917.50,13.8604
918.00,13.8837
918.50,13.8733
919.00,13.8041
919.50,13.6729
920.00,13.5113
920.50,13.3694
921.00,13.2847
921.50,13.2652
922.00,13.2988
922.50,13.3690
923.00,13.4608
923.50,13.5586
924.00,13.6480
924.50,13.7191
925.00,13.7650
925.50,13.7786
926.00,13.7568
926.50,13.7089
927.00,13.6559
927.50,13.6167
928.00,13.5952
928.50,13.5826
929.00,13.5678
929.50,13.5459
930.00,13.5191
930.50,13.4953
931.00,13.4829
931.50,13.4839
932.00,13.4911
932.50,13.4971
933.00,13.5051
933.50,13.5266
934.00,13.5654
934.50,13.6045
935.00,13.6143
935.50,13.5795
936.00,13.5165
936.50,13.4641
937.00,13.4521
937.50,13.4767
938.00,13.5037
938.50,13.4965
939.00,13.4463
939.50,13.3787
940.00,13.3334
940.50,13.3346
941.00,13.3767
941.50,13.4334
942.00,13.4772
942.50,13.4958
943.00,13.4942
943.50,13.4875
944.00,13.4906
944.50,13.5103
945.00,13.5427
945.50,13.5760
946.00,13.5976
946.50,13.6015
947.00,13.5884
947.50,13.5591
948.00,13.5118
948.50,13.4495
949.00,13.3898
949.50,13.3606
950.00,13.3781
950.50,13.4291
951.00,13.4778
951.50,13.4938
952.00,13.4769
952.50,13.4567
953.00,13.4659
953.50,13.5109
954.00,13.5665
954.50,13.5970
955.00,13.5844
955.50,13.5357
956.00,13.4722
956.50,13.4147
957.00,13.3785
957.50,13.3743
958.00,13.4078
958.50,13.4746
959.00,13.5550
959.50,13.6175
960.00,13.6348
960.50,13.6008
961.00,13.5331
961.50,13.4550
962.00,13.3759
962.50,13.2906
963.00,13.1962
963.50,13.1079
964.00,13.0572
964.50,13.0716
965.00,13.1518
965.50,13.2693
966.00,13.3827
966.50,13.4599
967.00,13.4882
967.50,13.4750
968.00,13.4415
968.50,13.4113
969.00,13.3978
969.50,13.4023
970.00,13.4227
970.50,13.4605
971.00,13.5126
971.50,13.5610
972.00,13.5803
972.50,13.5606
973.00,13.5203
973.50,13.4919
974.00,13.4930
974.50,13.5145
975.00,13.5315
975.50,13.5254
976.00,13.4970
976.50,13.4639
977.00,13.4429
977.50,13.4324
978.00,13.4072
978.50,13.3381
979.00,13.2200
979.50,13.0838
980.00,12.9829
980.50,12.9646
981.00,13.0441
981.50,13.1930
982.00,13.3495
982.50,13.4506
983.00,13.4682
983.50,13.4248
984.00,13.3766
984.50,13.3754
985.00,13.4350
985.50,13.5291
986.00,13.6157
986.50,13.6628
987.00,13.6567
987.50,13.5990
988.00,13.5055
988.50,13.4070
989.00,13.3408
989.50,13.3336
990.00,13.3867
990.50,13.4746
991.00,13.5592
991.50,13.6113
992.00,13.6224
992.50,13.6010
993.00,13.5620
993.50,13.5222
994.00,13.5001
994.50,13.5101
995.00,13.5508
995.50,13.6028
996.00,13.6402
996.50,13.6448
997.00,13.6123
997.50,13.5522
998.00,13.4836
998.50,13.4288
999.00,13.4014
999.50,13.3992
1000.00,13.4048
1000.50,13.3988
1001.00,13.3765
1001.50,13.3547
1002.00,13.3591
1002.50,13.3997
1003.00,13.4590
1003.50,13.5049
1004.00,13.5179
1004.50,13.5061
1005.00,13.4976
1005.50,13.5173
1006.00,13.5690
1006.50,13.6350
1007.00,13.6913
1007.50,13.7244
1008.00,13.7360
1008.50,13.7379
1009.00,13.7427
1009.50,13.7568
1010.00,13.7758
1010.50,13.7887
1011.00,13.7877
1011.50,13.7756
1012.00,13.7615
1012.50,13.7514
1013.00,13.7452
1013.50,13.7410
1014.00,13.7352
1014.50,13.7226
1015.00,13.7019
1015.50,13.6851
1016.00,13.6932
1016.50,13.7382
1017.00,13.8120
1017.50,13.8953
1018.00,13.9722
1018.50,14.0353
1019.00,14.0779
1019.50,14.0931
1020.00,14.0811
1020.50,14.0555
1021.00,14.0373
1021.50,14.0400
1022.00,14.0593
1022.50,14.0768
1023.00,14.0754
1023.50,14.0505
1024.00,14.0080
1024.50,13.9527
1025.00,13.8820
1025.50,13.7925
1026.00,13.6925
1026.50,13.6078
1027.00,13.5705
1027.50,13.5973
1028.00,13.6794
1028.50,13.7895
1029.00,13.8994
1029.50,13.9882
1030.00,14.0432
1030.50,14.0606
1031.00,14.0481
1031.50,14.0225
1032.00,13.9995
1032.50,13.9843
1033.00,13.9718
1033.50,13.9548
1034.00,13.9327
1034.50,13.9157
1035.00,13.9194
1035.50,13.9575
1036.00,14.0316
1036.50,14.1279
1037.00,14.2245
1037.50,14.3040
1038.00,14.3602
1038.50,14.3933
1039.00,14.4033
1039.50,14.3930
1040.00,14.3745
1040.50,14.3641
1041.00,14.3644
1041.50,14.3565
1042.00,14.3179
1042.50,14.2518
1043.00,14.1922
1043.50,14.1734
1044.00,14.1948
1044.50,14.2198
1045.00,14.2120
1045.50,14.1670
1046.00,14.1102
1046.50,14.0701
1047.00,14.0605
1047.50,14.0823
1048.00,14.1333
1048.50,14.2093
1049.00,14.2994
1049.50,14.3823
1050.00,14.4325
1050.50,14.4362
1051.00,14.4070
1051.50,14.3832
1052.00,14.4011
1052.50,14.4652
1053.00,14.5440
1053.50,14.5933
1054.00,14.5868
1054.50,14.5303
1055.00,14.4558
1055.50,14.4026
1056.00,14.3961
1056.50,14.4349
1057.00,14.4953
1057.50,14.5494
1058.00,14.5829
1058.50,14.5968
1059.00,14.5954
1059.50,14.5802
1060.00,14.5538
1060.50,14.5265
1061.00,14.5079
1061.50,14.4911
1062.00,14.4505
1062.50,14.3639
1063.00,14.2394
1063.50,14.1155
1064.00,14.0280
1064.50,13.9799
1065.00,13.9489
1065.50,13.9191
1066.00,13.8945
1066.50,13.8822
1067.00,13.8765
1067.50,13.8706
1068.00,13.8767
1068.50,13.9212
1069.00,14.0160
1069.50,14.1391
1070.00,14.2516
1070.50,14.3318
1071.00,14.3905
1071.50,14.4520
1072.00,14.5236
1072.50,14.5900
1073.00,14.6322
1073.50,14.6446
1074.00,14.6299
1074.50,14.5815
1075.00,14.4800
1075.50,14.3122
1076.00,14.0957
1076.50,13.8869
1077.00,13.7590
1077.50,13.7619
1078.00,13.8888
1078.50,14.0767
1079.00,14.2427
1079.50,14.3281
1080.00,14.3209
1080.50,14.2487
1081.00,14.1571
1081.50,14.0878
1082.00,14.0659
1082.50,14.0969
1083.00,14.1675
1083.50,14.2484
1084.00,14.3020
1084.50,14.2980
1085.00,14.2310
1085.50,14.1241
1086.00,14.0177
1086.50,13.9497
1087.00,13.9393
1087.50,13.9797
1088.00,14.0443
1088.50,14.1052
1089.00,14.1490
1089.50,14.1759
1090.00,14.1887
1090.50,14.1871
1091.00,14.1716
1091.50,14.1483
1092.00,14.1285
1092.50,14.1241
1093.00,14.1414
1093.50,14.1754
1094.00,14.2118
1094.50,14.2391
1095.00,14.2574
1095.50,14.2754
1096.00,14.3004
1096.50,14.3312
1097.00,14.3607
1097.50,14.3820
1098.00,14.3921
1098.50,14.3921
1099.00,14.3860
1099.50,14.3802
1100.00,14.3816
1100.50,14.3954
1101.00,14.4182
1101.50,14.4320
1102.00,14.4088
1102.50,14.3290
1103.00,14.2016
1103.50,14.0644
1104.00,13.9659
1104.50,13.9426
1105.00,14.0046
1105.50,14.1323
1106.00,14.2816
1106.50,14.4008
1107.00,14.4533
1107.50,14.4367
1108.00,14.3799
1108.50,14.3200
1109.00,14.2818
1109.50,14.2760
1110.00,14.3088
1110.50,14.3800
1111.00,14.4707
1111.50,14.5417
1112.00,14.5544
1112.50,14.4947
1113.00,14.3807
1113.50,14.2509
1114.00,14.1442
1114.50,14.0845
1115.00,14.0753
1115.50,14.1075
1116.00,14.1694
1116.50,14.2494
1117.00,14.3314
1117.50,14.3905
1118.00,14.3994
1118.50,14.3448
1119.00,14.2402
1119.50,14.1224
1120.00,14.0293
1120.50,13.9761
1121.00,13.9525
1121.50,13.9408
1122.00,13.9349
1122.50,13.9430
1123.00,13.9767
1123.50,14.0387
1124.00,14.1179
1124.50,14.1936
1125.00,14.2457
1125.50,14.2644
1126.00,14.2532
1126.50,14.2249
1127.00,14.1909
1127.50,14.1555
1128.00,14.1195
1128.50,14.0880
1129.00,14.0703
1129.50,14.0670
1130.00,14.0617
1130.50,14.0282
1131.00,13.9518
1131.50,13.8470
1132.00,13.7578
1132.50,13.7323
1133.00,13.7845
1133.50,13.8763
1134.00,13.9463
1134.50,13.9649
1135.00,13.9575
1135.50,13.9697
1136.00,14.0154
1136.50,14.0656
1137.00,14.0837
1137.50,14.0611
1138.00,14.0196
1138.50,13.9869
1139.00,13.9756
1139.50,13.9787
1140.00,13.9809
1140.50,13.9738
1141.00,13.9588
1141.50,13.9377
1142.00,13.9083
1142.50,13.8708
1143.00,13.8357
1143.50,13.8167
1144.00,13.8160
1144.50,13.8201
1145.00,13.8139
1145.50,13.7988
1146.00,13.7962
1146.50,13.8300
1147.00,13.9021
1147.50,13.9863
1148.00,14.0506
1148.50,14.0866
1149.00,14.1128
1149.50,14.1488
1150.00,14.1916
1150.50,14.2170
1151.00,14.2033
1151.50,14.1466
1152.00,14.0560
1152.50,13.9387
1153.00,13.7943
1153.50,13.6255
1154.00,13.4559
1154.50,13.3335
1155.00,13.3046
1155.50,13.3783
1156.00,13.5155
1156.50,13.6572
1157.00,13.7644
1157.50,13.8364
1158.00,13.8954
1158.50,13.9590
1159.00,14.0235
1159.50,14.0689
1160.00,14.0772
1160.50,14.0486
1161.00,14.0044
1161.50,13.9746
1162.00,13.9785
1162.50,14.0119
1163.00,14.0546
1163.50,14.0917
1164.00,14.1241
1164.50,14.1586
1165.00,14.1926
1165.50,14.2153
1166.00,14.2232
1166.50,14.2257
1167.00,14.2302
1167.50,14.2269
1168.00,14.1938
1168.50,14.1218
1169.00,14.0329
1169.50,13.9687
1170.00,13.9567
1170.50,13.9860
1171.00,14.0149
1171.50,14.0036
1172.00,13.9430
1172.50,13.8586
1173.00,13.7915
1173.50,13.7741
1174.00,13.8151
1174.50,13.8996
1175.00,14.0018
1175.50,14.0986
1176.00,14.1737
1176.50,14.2130
1177.00,14.2021
1177.50,14.1317
1178.00,14.0071
1178.50,13.8542
1179.00,13.7146
1179.50,13.6301
1180.00,13.6226
1180.50,13.6834
1181.00,13.7796
1181.50,13.8747
1182.00,13.9490
1182.50,14.0024
1183.00,14.0442
1183.50,14.0807
1184.00,14.1094
1184.50,14.1209
1185.00,14.1085
1185.50,14.0790
1186.00,14.0551
1186.50,14.0620
1187.00,14.1110
1187.50,14.1933
1188.00,14.2872
1188.50,14.3685
1189.00,14.4182
1189.50,14.4291
1190.00,14.4072
1190.50,14.3663
1191.00,14.3181
1191.50,14.2667
1192.00,14.2076
1192.50,14.1336
1193.00,14.0441
1193.50,13.9529
1194.00,13.8828
1194.50,13.8508
1195.00,13.8590
1195.50,13.8971
1196.00,13.9465
1196.50,13.9836
1197.00,13.9909
1197.50,13.9763
1198.00,13.9773
1198.50,14.0339
1199.00,14.1521
1199.50,14.2914
1200.00,14.3920
1200.50,14.4137
1201.00,14.3554
1201.50,14.2476
1202.00,14.1324
1202.50,14.0480
1203.00,14.0168
1203.50,14.0373
1204.00,14.0856
1204.50,14.1295
1205.00,14.1497
1205.50,14.1492
1206.00,14.1436
1206.50,14.1397
1207.00,14.1276
1207.50,14.0937
1208.00,14.0393
1208.50,13.9830
1209.00,13.9442
1209.50,13.9285
1210.00,13.9287
1210.50,13.9380
1211.00,13.9589
1211.50,14.0022
1212.00,14.0774
1212.50,14.1806
1213.00,14.2902
1213.50,14.3771
1214.00,14.4216
1214.50,14.4203
1215.00,14.3786
1215.50,14.3035
1216.00,14.2067
1216.50,14.1131
1217.00,14.0587
1217.50,14.0743
1218.00,14.1663
1218.50,14.3068
1219.00,14.4444
1219.50,14.5287
1220.00,14.5358
1220.50,14.4756
1221.00,14.3785
1221.50,14.2766
1222.00,14.1953
1222.50,14.1543
1223.00,14.1674
1223.50,14.2355
1224.00,14.3415
1224.50,14.4528
1225.00,14.5311
1225.50,14.5469
1226.00,14.4927
1226.50,14.3889
1227.00,14.2720
1227.50,14.1759
1228.00,14.1180
1228.50,14.0985
1229.00,14.1065
1229.50,14.1259
1230.00,14.1384
1230.50,14.1253
1231.00,14.0751
1231.50,13.9913
1232.00,13.8962
1232.50,13.8228
1233.00,13.7971
1233.50,13.8240
1234.00,13.8857
1234.50,13.9535
1235.00,14.0007
1235.50,14.0137
1236.00,13.9959
1236.50,13.9635
1237.00,13.9346
1237.50,13.9186
1238.00,13.9167
1238.50,13.9270
1239.00,13.9470
1239.50,13.9723
1240.00,13.9990
1240.50,14.0276
1241.00,14.0610
1241.50,14.0988
1242.00,14.1355
1242.50,14.1678
1243.00,14.2005
1243.50,14.2432
1244.00,14.2984
1244.50,14.3530
1245.00,14.3849
1245.50,14.3815
1246.00,14.3503
1246.50,14.3119
1247.00,14.2825
1247.50,14.2641
1248.00,14.2493
1248.50,14.2315
1249.00,14.2063
1249.50,14.1699
1250.00,14.1211
1250.50,14.0690
1251.00,14.0349
1251.50,14.0374
1252.00,14.0753
1252.50,14.1271
1253.00,14.1699
1253.50,14.1954
1254.00,14.2062
1254.50,14.2060
1255.00,14.1985
1255.50,14.1951
1256.00,14.2099
1256.50,14.2453
1257.00,14.2865
1257.50,14.3134
1258.00,14.3156
1258.50,14.2965
1259.00,14.2671
1259.50,14.2394
1260.00,14.2229
1260.50,14.2206
1261.00,14.2280
1261.50,14.2391
1262.00,14.2536
1262.50,14.2772
1263.00,14.3103
1263.50,14.3409
1264.00,14.3492
1264.50,14.3242
1265.00,14.2747
1265.50,14.2250
1266.00,14.1988
1266.50,14.2045
1267.00,14.2319
1267.50,14.2607
1268.00,14.2698
1268.50,14.2447
1269.00,14.1830
1269.50,14.1008
1270.00,14.0321
1270.50,14.0130
1271.00,14.0601
1271.50,14.1610
1272.00,14.2824
1272.50,14.3863
1273.00,14.4454
1273.50,14.4529
1274.00,14.4208
1274.50,14.3682
1275.00,14.3076
1275.50,14.2407
1276.00,14.1647
1276.50,14.0790
1277.00,13.9900
1277.50,13.9135
1278.00,13.8693
1278.50,13.8636
1279.00,13.8738
1279.50,13.8604
1280.00,13.8071
1280.50,13.7472
1281.00,13.7390
1281.50,13.8110
1282.00,13.9364
1282.50,14.0641
1283.00,14.1629
1283.50,14.2309
1284.00,14.2760
1284.50,14.3038
1285.00,14.3202
1285.50,14.3323
1286.00,14.3428
1286.50,14.3521
1287.00,14.3649
1287.50,14.3860
1288.00,14.4076
1288.50,14.4055
1289.00,14.3576
1289.50,14.2656
1290.00,14.1587
1290.50,14.0757
1291.00,14.0430
1291.50,14.0652
1292.00,14.1281
1292.50,14.2074
1293.00,14.2784
1293.50,14.3238
1294.00,14.3402
1294.50,14.3370
1295.00,14.3292
1295.50,14.3251
1296.00,14.3229
1296.50,14.3192
1297.00,14.3219
1297.50,14.3461
1298.00,14.3972
1298.50,14.4603
1299.00,14.5115
1299.50,14.5353
1300.00,14.5307
1300.50,14.5066
1301.00,14.4774
1301.50,14.4584
1302.00,14.4568
1302.50,14.4643
1303.00,14.4645
1303.50,14.4505
1304.00,14.4333
1304.50,14.4320
1305.00,14.4559
1305.50,14.4951
1306.00,14.5238
1306.50,14.5099
1307.00,14.4332
1307.50,14.3039
1308.00,14.1693
1308.50,14.0905
1309.00,14.1060
1309.50,14.2116
1310.00,14.3691
1310.50,14.5275
1311.00,14.6404
1311.50,14.6775
1312.00,14.6352
1312.50,14.5397
1313.00,14.4362
1313.50,14.3649
1314.00,14.3410
1314.50,14.3518
1315.00,14.3715
1315.50,14.3800
1316.00,14.3723
1316.50,14.3565
1317.00,14.3446
1317.50,14.3407
1318.00,14.3337
1318.50,14.3046
1319.00,14.2453
1319.50,14.1714
1320.00,14.1151
1320.50,14.1026
1321.00,14.1366
1321.50,14.1971
1322.00,14.2558
1322.50,14.2893
1323.00,14.2848
1323.50,14.2439
1324.00,14.1870
1324.50,14.1510
1325.00,14.1733
1325.50,14.2653
1326.00,14.3992
1326.50,14.5213
1327.00,14.5876
1327.50,14.5887
1328.00,14.5448
1328.50,14.4820
1329.00,14.4211
1329.50,14.3813
1330.00,14.3799
1330.50,14.4198
1331.00,14.4808
1331.50,14.5309
1332.00,14.5456
1332.50,14.5165
1333.00,14.4483
1333.50,14.3568
1334.00,14.2706
1334.50,14.2239
1335.00,14.2388
1335.50,14.3083
1336.00,14.3973
1336.50,14.4627
1337.00,14.4778
1337.50,14.4474
1338.00,14.4031
1338.50,14.3797
1339.00,14.3913
1339.50,14.4252
1340.00,14.4586
1340.50,14.4761
1341.00,14.4759
1341.50,14.4656
1342.00,14.4598
1342.50,14.4730
1343.00,14.5081
1343.50,14.5493
1344.00,14.5686
1344.50,14.5412
1345.00,14.4600
1345.50,14.3413
1346.00,14.2189
1346.50,14.1287
1347.00,14.0929
1347.50,14.1140
1348.00,14.1777
1348.50,14.2603
1349.00,14.3386
1349.50,14.3997
1350.00,14.4427
1350.50,14.4703
1351.00,14.4839
1351.50,14.4880
1352.00,14.4935
1352.50,14.5084
1353.00,14.5261
1353.50,14.5302
1354.00,14.5128
1354.50,14.4858
1355.00,14.4704
1355.50,14.4768
1356.00,14.4931
1356.50,14.4951
1357.00,14.4675
1357.50,14.4166
1358.00,14.3653
1358.50,14.3376
1359.00,14.3446
1359.50,14.3805
1360.00,14.4249
1360.50,14.4518
1361.00,14.4463
1361.50,14.4175
1362.00,14.3968
1362.50,14.4141
1363.00,14.4720
1363.50,14.5404
1364.00,14.5775
1364.50,14.5612
1365.00,14.5030
1365.50,14.4393
1366.00,14.4070
1366.50,14.4213
1367.00,14.4692
1367.50,14.5215
1368.00,14.5553
1368.50,14.5677
1369.00,14.5712
1369.50,14.5779
1370.00,14.5886
1370.50,14.5940
1371.00,14.5822
1371.50,14.5455
1372.00,14.4854
1372.50,14.4146
1373.00,14.3542
1373.50,14.3255
1374.00,14.3363
1374.50,14.3699
1375.00,14.3883
1375.50,14.3581
1376.00,14.2822
1376.50,14.2061
1377.00,14.1852
1377.50,14.2413
1378.00,14.3493
1378.50,14.4639
1379.00,14.5556
1379.50,14.6217
1380.00,14.6707
1380.50,14.7035
1381.00,14.7088
1381.50,14.6768
1382.00,14.6128
1382.50,14.5386
1383.00,14.4790
1383.50,14.4452
1384.00,14.4323
1384.50,14.4288
1385.00,14.4288
1385.50,14.4327
1386.00,14.4423
1386.50,14.4577
1387.00,14.4792
1387.50,14.5095
1388.00,14.5493
1388.50,14.5926
1389.00,14.6286
1389.50,14.6517
1390.00,14.6683
1390.50,14.6892
1391.00,14.7128
1391.50,14.7214
1392.00,14.6981
1392.50,14.6505
1393.00,14.6109
1393.50,14.6089
1394.00,14.6438
1394.50,14.6874
1395.00,14.7113
1395.50,14.7060
1396.00,14.6767
1396.50,14.6305
1397.00,14.5735
1397.50,14.5181
1398.00,14.4843
1398.50,14.4892
1399.00,14.5311
1399.50,14.5833
1400.00,14.6079
1400.50,14.5863
1401.00,14.5385
1401.50,14.5114
1402.00,14.5413
1402.50,14.6229
1403.00,14.7163
1403.50,14.7807
1404.00,14.8023
1404.50,14.7923
1405.00,14.7678
1405.50,14.7379
1406.00,14.7041
1406.50,14.6666
1407.00,14.6270
1407.50,14.5866
1408.00,14.5428
1408.50,14.4912
1409.00,14.4340
1409.50,14.3837
1410.00,14.3572
1410.50,14.3643
1411.00,14.4053
1411.50,14.4756
1412.00,14.5683
1412.50,14.6698
1413.00,14.7589
1413.50,14.8169
1414.00,14.8371
1414.50,14.8248
1415.00,14.7899
1415.50,14.7444
1416.00,14.7034
1416.50,14.6805
1417.00,14.6771
1417.50,14.6787
1418.00,14.6679
1418.50,14.6425
1419.00,14.6192
1419.50,14.6150
1420.00,14.6242
1420.50,14.6177
1421.00,14.5694
1421.50,14.4846
1422.00,14.4014
1422.50,14.3604
1423.00,14.3723
1423.50,14.4156
1424.00,14.4606
1424.50,14.4917
1425.00,14.5081
1425.50,14.5117
1426.00,14.5010
1426.50,14.4760
1427.00,14.4484
1427.50,14.4433
1428.00,14.4843
1428.50,14.5680
1429.00,14.6566
1429.50,14.7016
1430.00,14.6826
1430.50,14.6214
1431.00,14.5594
1431.50,14.5224
1432.00,14.5056
1432.50,14.4867
1433.00,14.4482
1433.50,14.3963
1434.00,14.3641
1434.50,14.3944
1435.00,14.5032
1435.50,14.6542
1436.00,14.7743
1436.50,14.8066
1437.00,14.7523
1437.50,14.6640
1438.00,14.6007
1438.50,14.5853
1439.00,14.5956
1439.50,14.5865
1440.00,14.5249
1440.50,14.4157
1441.00,14.3009
1441.50,14.2336
1442.00,14.2426
1442.50,14.3172
1443.00,14.4187
1443.50,14.5066
1444.00,14.5548
1444.50,14.5532
1445.00,14.5035
1445.50,14.4181
1446.00,14.3196
1446.50,14.2325
1447.00,14.1717
1447.50,14.1385
1448.00,14.1283
1448.50,14.1421
1449.00,14.1899
1449.50,14.2828
1450.00,14.4201
1450.50,14.5852
1451.00,14.7509
1451.50,14.8912
1452.00,14.9883
1452.50,15.0335
1453.00,15.0267
1453.50,14.9789
1454.00,14.9147
1454.50,14.8670
1455.00,14.8618
1455.50,14.9033
1456.00,14.9695
1456.50,15.0229
1457.00,15.0311
1457.50,14.9850
1458.00,14.9028
1458.50,14.8180
1459.00,14.7610
1459.50,14.7437
1460.00,14.7583
1460.50,14.7853
1461.00,14.8064
1461.50,14.8124
1462.00,14.8050
1462.50,14.7917
1463.00,14.7789
1463.50,14.7680
1464.00,14.7574
1464.50,14.7500
1465.00,14.7594
1465.50,14.8000
1466.00,14.8700
1466.50,14.9410
1467.00,14.9751
1467.50,14.9529
1468.00,14.8856
1468.50,14.7998
1469.00,14.7158
1469.50,14.6412
1470.00,14.5742
1470.50,14.5087
1471.00,14.4407
1471.50,14.3800
1472.00,14.3517
1472.50,14.3758
1473.00,14.4446
1473.50,14.5257
1474.00,14.5876
1474.50,14.6192
1475.00,14.6263
1475.50,14.6175
1476.00,14.5991
1476.50,14.5772
1477.00,14.5591
1477.50,14.5531
1478.00,14.5668
1478.50,14.6006
1479.00,14.6414
1479.50,14.6686
1480.00,14.6735
1480.50,14.6716
1481.00,14.6870
1481.50,14.7217
1482.00,14.7478
1482.50,14.7326
1483.00,14.6688
1483.50,14.5778
1484.00,14.4906
1484.50,14.4301
1485.00,14.4079
1485.50,14.4262
1486.00,14.4782
1486.50,14.5484
1487.00,14.6192
1487.50,14.6754
1488.00,14.7054
1488.50,14.7003
1489.00,14.6615
1489.50,14.6107
1490.00,14.5896
1490.50,14.6371
1491.00,14.7553
1491.50,14.8985
1492.00,15.0012
1492.50,15.0257
1493.00,14.9830
1493.50,14.9092
1494.00,14.8283
1494.50,14.7458
1495.00,14.6684
1495.50,14.6143
1496.00,14.6004
1496.50,14.6248
1497.00,14.6691
1497.50,14.7146
1498.00,14.7505
1498.50,14.7716
1499.00,14.7785
1499.50,14.7837
1500.00,14.8077
1500.50,14.8612
1501.00,14.9303
1501.50,14.9847
1502.00,15.0016
1502.50,14.9808
1503.00,14.9399
1503.50,14.8966
1504.00,14.8579
1504.50,14.8228
1505.00,14.7912
1505.50,14.7663
1506.00,14.7517
1506.50,14.7486
1507.00,14.7549
1507.50,14.7653
1508.00,14.7718
1508.50,14.7682
1509.00,14.7553
1509.50,14.7385
1510.00,14.7199
1510.50,14.6939
1511.00,14.6542
1511.50,14.6039
1512.00,14.5581
1512.50,14.5342
1513.00,14.5396
1513.50,14.5689
1514.00,14.6111
1514.50,14.6565
1515.00,14.6994
1515.50,14.7379
1516.00,14.7759
1516.50,14.8206
1517.00,14.8729
1517.50,14.9197
1518.00,14.9395
1518.50,14.9179
1519.00,14.8589
1519.50,14.7831
1520.00,14.7174
1520.50,14.6833
1521.00,14.6880
1521.50,14.7224
1522.00,14.7644
1522.50,14.7916
1523.00,14.7965
1523.50,14.7934
1524.00,14.8040
1524.50,14.8361
1525.00,14.8780
1525.50,14.9124
1526.00,14.9337
1526.50,14.9498
1527.00,14.9713
1527.50,14.9998
1528.00,15.0255
1528.50,15.0383
1529.00,15.0426
1529.50,15.0559
1530.00,15.0895
1530.50,15.1309
1531.00,15.1472
1531.50,15.1098
1532.00,15.0173
1532.50,14.8995
1533.00,14.7970
1533.50,14.7333
1534.00,14.7013
1534.50,14.6750
1535.00,14.6342
1535.50,14.5828
1536.00,14.5442
1536.50,14.5445
1537.00,14.5923
1537.50,14.6717
1538.00,14.7510
1538.50,14.8056
1539.00,14.8341
1539.50,14.8535
1540.00,14.8772
1540.50,14.8994
1541.00,14.9009
1541.50,14.8703
1542.00,14.8179
1542.50,14.7698
1543.00,14.7506
1543.50,14.7719
1544.00,14.8318
1544.50,14.9182
1545.00,15.0090
1545.50,15.0758
1546.00,15.0968
1546.50,15.0702
1547.00,15.0136
1547.50,14.9496
1548.00,14.8932
1548.50,14.8469
1549.00,14.8067
1549.50,14.7728
1550.00,14.7584
1550.50,14.7849
1551.00,14.8615
1551.50,14.9693
1552.00,15.0696
1552.50,15.1310
1553.00,15.1486
1553.50,15.1405
1554.00,15.1281
1554.50,15.1183
1555.00,15.1017
1555.50,15.0667
1556.00,15.0144
1556.50,14.9602
1557.00,14.9214
1557.50,14.9052
1558.00,14.9041
1558.50,14.9017
1559.00,14.8836
1559.50,14.8495
1560.00,14.8153
1560.50,14.8008
1561.00,14.8139
1561.50,14.8448
1562.00,14.8729
1562.50,14.8772
1563.00,14.8455
1563.50,14.7804
1564.00,14.7002
1564.50,14.6308
1565.00,14.5936
1565.50,14.5982
1566.00,14.6408
1566.50,14.7074
1567.00,14.7774
1567.50,14.8299
1568.00,14.8512
1568.50,14.8387
1569.00,14.7989
1569.50,14.7446
1570.00,14.6939
1570.50,14.6670
1571.00,14.6772
1571.50,14.7216
1572.00,14.7807
1572.50,14.8296
1573.00,14.8518
1573.50,14.8463
1574.00,14.8266
1574.50,14.8124
1575.00,14.8178
1575.50,14.8402
1576.00,14.8619
1576.50,14.8643
1577.00,14.8397
1577.50,14.7906
1578.00,14.7221
1578.50,14.6430
1579.00,14.5716
1579.50,14.5335
1580.00,14.5484
1580.50,14.6142
1581.00,14.7038
1581.50,14.7803
1582.00,14.8229
1582.50,14.8398
1583.00,14.8581
1583.50,14.8980
1584.00,14.9580
1584.50,15.0202
1585.00,15.0689
1585.50,15.1032
1586.00,15.1327
1586.50,15.1631
1587.00,15.1861
1587.50,15.1842
1588.00,15.1452
1588.50,15.0737
1589.00,14.9920
1589.50,14.9283
1590.00,14.8995
1590.50,14.9002
1591.00,14.9037
1591.50,14.8778
1592.00,14.8062
1592.50,14.7054
1593.00,14.6190
1593.50,14.5906
1594.00,14.6348
1594.50,14.7275
1595.00,14.8236
1595.50,14.8873
1596.00,14.9125
1596.50,14.9214
1597.00,14.9410
1597.50,14.9794
1598.00,15.0181
1598.50,15.0267
1599.00,14.9856
1599.50,14.8990
1600.00,14.7939
1600.50,14.7049
1601.00,14.6561
1601.50,14.6523
1602.00,14.6841
1602.50,14.7380
1603.00,14.8023
1603.50,14.8629
1604.00,14.9037
1604.50,14.9175
1605.00,14.9180
1605.50,14.9339
1606.00,14.9833
1606.50,15.0554
1607.00,15.1162
1607.50,15.1341
1608.00,15.0972
1608.50,15.0132
1609.00,14.9008
1609.50,14.7821
1610.00,14.6804
1610.50,14.6168
1611.00,14.6082
1611.50,14.6628
1612.00,14.7727
1612.50,14.9079
1613.00,15.0266
1613.50,15.0972
1614.00,15.1122
1614.50,15.0825
1615.00,15.0227
1615.50,14.9453
1616.00,14.8654
1616.50,14.8016
1617.00,14.7694
1617.50,14.7730
1618.00,14.8022
1618.50,14.8352
1619.00,14.8459
1619.50,14.8199
1620.00,14.7676
1620.50,14.7218
1621.00,14.7133
1621.50,14.7444
1622.00,14.7851
1622.50,14.7958
1623.00,14.7550
1623.50,14.6720
1624.00,14.5776
1624.50,14.5073
1625.00,14.4831
1625.50,14.5046
1626.00,14.5533
1626.50,14.6098
1627.00,14.6654
1627.50,14.7190
1628.00,14.7661
1628.50,14.7963
1629.00,14.8028
1629.50,14.7884
1630.00,14.7618
1630.50,14.7317
1631.00,14.7057
1631.50,14.6944
1632.00,14.7094
1632.50,14.7548
1633.00,14.8194
1633.50,14.8809
1634.00,14.9192
1634.50,14.9267
1635.00,14.9090
1635.50,14.8791
1636.00,14.8528
1636.50,14.8438
1637.00,14.8592
1637.50,14.8954
1638.00,14.9400
1638.50,14.9782
1639.00,15.0004
1639.50,15.0048
1640.00,14.9970
1640.50,14.9874
1641.00,14.9875
1641.50,15.0035
1642.00,15.0304
1642.50,15.0529
1643.00,15.0561
1643.50,15.0384
1644.00,15.0148
1644.50,15.0045
1645.00,15.0136
1645.50,15.0299
1646.00,15.0352
1646.50,15.0185
1647.00,14.9757
1647.50,14.9034
1648.00,14.8011
1648.50,14.6835
1649.00,14.5821
1649.50,14.5300
1650.00,14.5393
1650.50,14.5937
1651.00,14.6601
1651.50,14.7088
1652.00,14.7265
1652.50,14.7164
1653.00,14.6900
1653.50,14.6568
1654.00,14.6195
1654.50,14.5772
1655.00,14.5366
1655.50,14.5186
1656.00,14.5480
1656.50,14.6330
1657.00,14.7556
1657.50,14.8817
1658.00,14.9798
1658.50,15.0312
1659.00,15.0299
1659.50,14.9831
1660.00,14.9131
1660.50,14.8471
1661.00,14.7976
1661.50,14.7527
1662.00,14.6953
1662.50,14.6318
1663.00,14.5884
1663.50,14.5771
1664.00,14.5771
1664.50,14.5642
1665.00,14.5521
1665.50,14.5888
1666.00,14.7047
1666.50,14.8718
1667.00,15.0188
1667.50,15.0849
1668.00,15.0581
1668.50,14.9714
1669.00,14.8708
1669.50,14.7882
1670.00,14.7349
1670.50,14.7112
1671.00,14.7180
1671.50,14.7566
1672.00,14.8178
1672.50,14.8760
1673.00,14.9037
1673.50,14.8986
1674.00,14.8870
1674.50,14.8959
1675.00,14.9222
1675.50,14.9363
1676.00,14.9143
1676.50,14.8613
1677.00,14.7993
1677.50,14.7419
1678.00,14.6889
1678.50,14.6449
1679.00,14.6313
1679.50,14.6728
1680.00,14.7705
1680.50,14.8923
1681.00,14.9926
1681.50,15.0432
1682.00,15.0475
1682.50,15.0297
1683.00,15.0107
1683.50,14.9948
1684.00,14.9757
1684.50,14.9517
1685.00,14.9327
1685.50,14.9321
1686.00,14.9550
1686.50,14.9967
1687.00,15.0492
1687.50,15.1044
1688.00,15.1489
1688.50,15.1628
1689.00,15.1313
1689.50,15.0594
1690.00,14.9713
1690.50,14.8934
1691.00,14.8384
1691.50,14.8038
1692.00,14.7802
1692.50,14.7614
1693.00,14.7482
1693.50,14.7472
1694.00,14.7635
1694.50,14.7967
1695.00,14.8400
1695.50,14.8835
1696.00,14.9160
1696.50,14.9285
1697.00,14.9195
1697.50,14.8978
1698.00,14.8788
1698.50,14.8731
1699.00,14.8783
1699.50,14.8787
1700.00,14.8581
1700.50,14.8144
1701.00,14.7662
1701.50,14.7418
1702.00,14.7600
1702.50,14.8137
1703.00,14.8723
1703.50,14.9034
1704.00,14.8965
1704.50,14.8667
1705.00,14.8361
1705.50,14.8146
1706.00,14.7998
1706.50,14.7875
1707.00,14.7763
1707.50,14.7617
1708.00,14.7364
1708.50,14.6985
1709.00,14.6568
1709.50,14.6223
1710.00,14.5975
1710.50,14.5781
1711.00,14.5648
1711.50,14.5660
1712.00,14.5873
1712.50,14.6235
1713.00,14.6626
1713.50,14.6959
1714.00,14.7199
1714.50,14.7325
1715.00,14.7325
1715.50,14.7248
1716.00,14.7254
1716.50,14.7550
1717.00,14.8248
1717.50,14.9242
1718.00,15.0263
1718.50,15.1064
1719.00,15.1545
1719.50,15.1726
1720.00,15.1657
1720.50,15.1416
1721.00,15.1151
1721.50,15.1031
1722.00,15.1084
1722.50,15.1137
1723.00,15.0951
1723.50,15.0459
1724.00,14.9845
1724.50,14.9389
1725.00,14.9253
1725.50,14.9409
1726.00,14.9741
1726.50,15.0139
1727.00,15.0503
1727.50,15.0732
1728.00,15.0766
1728.50,15.0656
1729.00,15.0562
1729.50,15.0660
1730.00,15.0998
1730.50,15.1428
1731.00,15.1694
1731.50,15.1662
1732.00,15.1472
1732.50,15.1442
1733.00,15.1803
1733.50,15.2517
1734.00,15.3332
1734.50,15.3981
1735.00,15.4360
1735.50,15.4561
1736.00,15.4740
1736.50,15.4971
1737.00,15.5209
1737.50,15.5398
1738.00,15.5560
1738.50,15.5754
1739.00,15.5980
1739.50,15.6150
1740.00,15.6164
1740.50,15.5998
1741.00,15.5709
1741.50,15.5401
1742.00,15.5187
1742.50,15.5166
1743.00,15.5388
1743.50,15.5794
1744.00,15.6200
1744.50,15.6392
1745.00,15.6296
1745.50,15.6065
1746.00,15.5988
1746.50,15.6297
1747.00,15.7015
1747.50,15.7960
1748.00,15.8857
1748.50,15.9480
1749.00,15.9711
1749.50,15.9551
1750.00,15.9131
1750.50,15.8687
1751.00,15.8446
1751.50,15.8453
1752.00,15.8513
1752.50,15.8358
1753.00,15.7917
1753.50,15.7380
1754.00,15.6999
1754.50,15.6839
1755.00,15.6761
1755.50,15.6591
1756.00,15.6265
1756.50,15.5844
1757.00,15.5477
1757.50,15.5359
1758.00,15.5625
1758.50,15.6223
1759.00,15.6907
1759.50,15.7411
1760.00,15.7653
1760.50,15.7760
1761.00,15.7911
1761.50,15.8144
1762.00,15.8315
1762.50,15.8211
1763.00,15.7729
1763.50,15.6974
1764.00,15.6251
1764.50,15.5930
1765.00,15.6228
1765.50,15.7022
1766.00,15.7888
1766.50,15.8400
1767.00,15.8464
1767.50,15.8351
1768.00,15.8410
1768.50,15.8747
1769.00,15.9175
1769.50,15.9411
1770.00,15.9284
1770.50,15.8808
1771.00,15.8173
1771.50,15.7672
1772.00,15.7548
1772.50,15.7829
1773.00,15.8304
1773.50,15.8683
1774.00,15.8785
1774.50,15.8607
1775.00,15.8289
1775.50,15.8056
1776.00,15.8131
1776.50,15.8608
1777.00,15.9347
1777.50,16.0009
1778.00,16.0267
1778.50,16.0033
1779.00,15.9539
1779.50,15.9162
1780.00,15.9131
1780.50,15.9395
1781.00,15.9727
1781.50,15.9961
1782.00,16.0118
1782.50,16.0347
1783.00,16.0770
1783.50,16.1373
1784.00,16.2013
1784.50,16.2493
1785.00,16.2667
1785.50,16.2503
1786.00,16.2097
1786.50,16.1619
1787.00,16.1222
1787.50,16.0955
1788.00,16.0737
1788.50,16.0407
1789.00,15.9832
1789.50,15.9029
1790.00,15.8221
1790.50,15.7732
1791.00,15.7791
1791.50,15.8381
1792.00,15.9277
1792.50,16.0198
1793.00,16.0960
1793.50,16.1514
1794.00,16.1892
1794.50,16.2113
1795.00,16.2118
1795.50,16.1802
1796.00,16.1131
1796.50,16.0250
1797.00,15.9456
1797.50,15.8996
1798.00,15.8886
1798.50,15.8942
1799.00,15.8996
1799.50,15.9061
1800.00,15.9268
1800.50,15.9687
1801.00,16.0261
1801.50,16.0896
1802.00,16.1535
1802.50,16.2116
1803.00,16.2531
1803.50,16.2687
1804.00,16.2576
1804.50,16.2230
1805.00,16.1648
1805.50,16.0849
1806.00,16.0017
1806.50,15.9508
1807.00,15.9572
1807.50,16.0087
1808.00,16.0639
1808.50,16.0886
1809.00,16.0818
1809.50,16.0679
1810.00,16.0743
1810.50,16.1168
1811.00,16.1979
1811.50,16.3062
1812.00,16.4167
1812.50,16.4998
1813.00,16.5384
1813.50,16.5401
1814.00,16.5309
1814.50,16.5345
1815.00,16.5534
1815.50,16.5703
1816.00,16.5671
1816.50,16.5422
1817.00,16.5081
1817.50,16.4758
1818.00,16.4412
1818.50,16.3894
1819.00,16.3110
1819.50,16.2169
1820.00,16.1345
1820.50,16.0858
1821.00,16.0668
1821.50,16.0522
1822.00,16.0238
1822.50,15.9931
1823.00,15.9897
1823.50,16.0282
1824.00,16.0897
1824.50,16.1381
1825.00,16.1528
1825.50,16.1445
1826.00,16.1407
1826.50,16.1601
1827.00,16.1959
1827.50,16.2223
1828.00,16.2162
1828.50,16.1740
1829.00,16.1135
1829.50,16.0599
1830.00,16.0322
1830.50,16.0371
1831.00,16.0708
1831.50,16.1239
1832.00,16.1846
1832.50,16.2420
1833.00,16.2911
1833.50,16.3338
1834.00,16.3692
1834.50,16.3837
1835.00,16.3553
1835.50,16.2750
1836.00,16.1619
1836.50,16.0563
1837.00,15.9954
1837.50,15.9925
1838.00,16.0335
1838.50,16.0902
1839.00,16.1421
1839.50,16.1876
1840.00,16.2367
1840.50,16.2933
1841.00,16.3480
1841.50,16.3862
1842.00,16.4036
1842.50,16.4073
1843.00,16.4031
1843.50,16.3862
1844.00,16.3466
1844.50,16.2843
1845.00,16.2170
1845.50,16.1698
1846.00,16.1582
1846.50,16.1749
1847.00,16.1937
1847.50,16.1907
1848.00,16.1635
1848.50,16.1291
1849.00,16.1023
1849.50,16.0837
1850.00,16.0684
1850.50,16.0592
1851.00,16.0635
1851.50,16.0818
1852.00,16.1048
1852.50,16.1231
1853.00,16.1332
1853.50,16.1382
1854.00,16.1436
1854.50,16.1550
1855.00,16.1744
1855.50,16.1978
1856.00,16.2164
1856.50,16.2233
1857.00,16.2179
1857.50,16.2051
1858.00,16.1897
1858.50,16.1713
1859.00,16.1437
1859.50,16.0997
1860.00,16.0393
1860.50,15.9766
1861.00,15.9370
1861.50,15.9456
1862.00,16.0096
1862.50,16.1110
1863.00,16.2161
1863.50,16.2926
1864.00,16.3215
1864.50,16.2980
1865.00,16.2289
1865.50,16.1313
1866.00,16.0291
1866.50,15.9451
1867.00,15.8941
1867.50,15.8803
1868.00,15.8987
1868.50,15.9355
1869.00,15.9711
1869.50,15.9907
1870.00,15.9946
1870.50,15.9980
1871.00,16.0169
1871.50,16.0551
1872.00,16.1035
1872.50,16.1497
1873.00,16.1872
1873.50,16.2139
1874.00,16.2268
1874.50,16.2210
1875.00,16.1953
1875.50,16.1539
1876.00,16.1023
1876.50,16.0464
1877.00,15.9961
1877.50,15.9640
1878.00,15.9565
1878.50,15.9654
1879.00,15.9753
1879.50,15.9783
1880.00,15.9820
1880.50,15.9991
1881.00,16.0328
1881.50,16.0709
1882.00,16.0916
1882.50,16.0731
1883.00,16.0039
1883.50,15.8958
1884.00,15.7891
1884.50,15.7332
1885.00,15.7535
1885.50,15.8341
1886.00,15.9352
1886.50,16.0212
1887.00,16.0754
1887.50,16.0991
1888.00,16.1042
1888.50,16.1055
1889.00,16.1121
1889.50,16.1232
1890.00,16.1319
1890.50,16.1304
1891.00,16.1133
1891.50,16.0783
1892.00,16.0289
1892.50,15.9746
1893.00,15.9295
1893.50,15.9087
1894.00,15.9266
1894.50,15.9923
1895.00,16.0999
1895.50,16.2222
1896.00,16.3184
1896.50,16.3552
1897.00,16.3268
1897.50,16.2569
1898.00,16.1848
1898.50,16.1459
1899.00,16.1542
1899.50,16.1959
1900.00,16.2332
1900.50,16.2230
1901.00,16.1444
1901.50,16.0176
1902.00,15.8967
1902.50,15.8359
1903.00,15.8520
1903.50,15.9138
1904.00,15.9691
1904.50,15.9851
1905.00,15.9686
1905.50,15.9483
1906.00,15.9420
1906.50,15.9402
1907.00,15.9199
1907.50,15.8722
1908.00,15.8160
1908.50,15.7836
1909.00,15.7929
1909.50,15.8305
1910.00,15.8656
1910.50,15.8787
1911.00,15.8788
1911.50,15.8928
1912.00,15.9363
1912.50,15.9960
1913.00,16.0399
1913.50,16.0469
1914.00,16.0249
1914.50,15.9993
1915.00,15.9888
1915.50,15.9952
1916.00,16.0097
1916.50,16.0219
1917.00,16.0218
1917.50,16.0033
1918.00,15.9689
1918.50,15.9315
1919.00,15.9042
1919.50,15.8919
1920.00,15.8935
1920.50,15.9105
1921.00,15.9477
1921.50,16.0057
1922.00,16.0730
1922.50,16.1293
1923.00,16.1568
1923.50,16.1502
1924.00,16.1193
1924.50,16.0834
1925.00,16.0657
1925.50,16.0866
1926.00,16.1542
1926.50,16.2527
1927.00,16.3445
1927.50,16.3918
1928.00,16.3843
1928.50,16.3465
1929.00,16.3141
1929.50,16.3024
1930.00,16.2973
1930.50,16.2734
1931.00,16.2190
1931.50,16.1448
1932.00,16.0737
1932.50,16.0253
1933.00,16.0068
1933.50,16.0159
1934.00,16.0460
1934.50,16.0895
1935.00,16.1355
1935.50,16.1698
1936.00,16.1810
1936.50,16.1674
1937.00,16.1362
1937.50,16.0933
1938.00,16.0366
1938.50,15.9630
1939.00,15.8814
1939.50,15.8166
1940.00,15.7942
1940.50,15.8187
1941.00,15.8678
1941.50,15.9087
1942.00,15.9212
1942.50,15.9073
1943.00,15.8823
1943.50,15.8610
1944.00,15.8503
1944.50,15.8511
1945.00,15.8646
1945.50,15.8936
1946.00,15.9380
1946.50,15.9871
1947.00,16.0222
1947.50,16.0311
1948.00,16.0220
1948.50,16.0198
1949.00,16.0434
1949.50,16.0849
1950.00,16.1124
1950.50,16.0967
1951.00,16.0381
1951.50,15.9673
1952.00,15.9203
1952.50,15.9091
1953.00,15.9115
1953.50,15.8920
1954.00,15.8355
1954.50,15.7654
1955.00,15.7280
1955.50,15.7586
1956.00,15.8576
1956.50,15.9944
1957.00,16.1294
1957.50,16.2332
1958.00,16.2943
1958.50,16.3185
1959.00,16.3239
1959.50,16.3315
1960.00,16.3529
1960.50,16.3838
1961.00,16.4087
1961.50,16.4142
1962.00,16.3976
1962.50,16.3643
1963.00,16.3196
1963.50,16.2642
1964.00,16.2000
1964.50,16.1373
1965.00,16.0963
1965.50,16.0979
1966.00,16.1517
1966.50,16.2463
1967.00,16.3507
1967.50,16.4281
1968.00,16.4573
1968.50,16.4476
1969.00,16.4325
1969.50,16.4446
1970.00,16.4926
1970.50,16.5573
1971.00,16.6075
1971.50,16.6213
1972.00,16.5989
1972.50,16.5625
1973.00,16.5428
1973.50,16.5593
1974.00,16.6070
1974.50,16.6606
1975.00,16.6935
1975.50,16.6951
1976.00,16.6715
1976.50,16.6343
1977.00,16.5934
1977.50,16.5617
1978.00,16.5566
1978.50,16.5900
1979.00,16.6563
1979.50,16.7339
1980.00,16.8001
1980.50,16.8421
1981.00,16.8579
1981.50,16.8523
1982.00,16.8366
1982.50,16.8266
1983.00,16.8353
1983.50,16.8634
1984.00,16.8978
1984.50,16.9207
1985.00,16.9231
1985.50,16.9097
1986.00,16.8939
1986.50,16.8866
1987.00,16.8881
1987.50,16.8888
1988.00,16.8772
1988.50,16.8486
1989.00,16.8097
1989.50,16.7751
1990.00,16.7588
1990.50,16.7654
1991.00,16.7885
1991.50,16.8172
1992.00,16.8421
1992.50,16.8576
1993.00,16.8597
1993.50,16.8464
1994.00,16.8179
1994.50,16.7783
1995.00,16.7356
1995.50,16.7026
1996.00,16.6921
1996.50,16.7092
1997.00,16.7454
1997.50,16.7842
1998.00,16.8108
1998.50,16.8206
1999.00,16.8198
1999.50,16.8209
2000.00,16.8345
2000.50,16.8646
2001.00,16.9094
2001.50,16.9649
2002.00,17.0283
2002.50,17.0959
2003.00,17.1603
2003.50,17.2112
2004.00,17.2394
2004.50,17.2409
2005.00,17.2167
2005.50,17.1716
2006.00,17.1140
2006.50,17.0587
2007.00,17.0237
2007.50,17.0195
2008.00,17.0409
2008.50,17.0715
2009.00,17.0942
2009.50,17.0991
2010.00,17.0839
2010.50,17.0532
2011.00,17.0158
2011.50,16.9782
2012.00,16.9405
2012.50,16.9011
2013.00,16.8677
2013.50,16.8561
2014.00,16.8754
2014.50,16.9128
2015.00,16.9392
2015.50,16.9313
2016.00,16.8896
2016.50,16.8372
2017.00,16.8018
2017.50,16.7976
2018.00,16.8177
2018.50,16.8400
2019.00,16.8425
2019.50,16.8168
2020.00,16.7711
2020.50,16.7230
2021.00,16.6858
2021.50,16.6591
2022.00,16.6287
2022.50,16.5777
2023.00,16.5008
2023.50,16.4153
2024.00,16.3586
2024.50,16.3686
2025.00,16.4573
2025.50,16.5976
2026.00,16.7384
2026.50,16.8355
2027.00,16.8744
2027.50,16.8690
2028.00,16.8447
2028.50,16.8212
2029.00,16.8045
2029.50,16.7881
2030.00,16.7604
2030.50,16.7153
2031.00,16.6581
2031.50,16.6009
2032.00,16.5545
2032.50,16.5231
2033.00,16.5079
2033.50,16.5113
2034.00,16.5370
2034.50,16.5875
2035.00,16.6579
2035.50,16.7335
2036.00,16.7942
2036.50,16.8245
2037.00,16.8210
2037.50,16.7906
2038.00,16.7436
2038.50,16.6891
2039.00,16.6347
2039.50,16.5873
2040.00,16.5554
2040.50,16.5462
2041.00,16.5586
2041.50,16.5765
2042.00,16.5756
2042.50,16.5428
2043.00,16.4895
2043.50,16.4430
2044.00,16.4259
2044.50,16.4412
2045.00,16.4729
2045.50,16.4968
2046.00,16.4932
2046.50,16.4567
2047.00,16.3974
2047.50,16.3312
2048.00,16.2684
2048.50,16.2130
2049.00,16.1708
2049.50,16.1507
2050.00,16.1541
2050.50,16.1715
2051.00,16.1980
2051.50,16.2465
2052.00,16.3326
2052.50,16.4468
2053.00,16.5547
2053.50,16.6268
2054.00,16.6624
2054.50,16.6819
2055.00,16.7027
2055.50,16.7261
2056.00,16.7398
2056.50,16.7260
2057.00,16.6673
2057.50,16.5587
2058.00,16.4257
2058.50,16.3262
2059.00,16.3190
2059.50,16.4172
2060.00,16.5714
2060.50,16.7030
2061.00,16.7576
2061.50,16.7313
2062.00,16.6562
2062.50,16.5720
2063.00,16.5118
2063.50,16.4986
2064.00,16.5378
2064.50,16.6103
2065.00,16.6785
2065.50,16.7096
2066.00,16.6971
2066.50,16.6612
2067.00,16.6297
2067.50,16.6144
2068.00,16.6034
2068.50,16.5751
2069.00,16.5234
2069.50,16.4665
2070.00,16.4315
2070.50,16.4309
2071.00,16.4583
2071.50,16.5026
2072.00,16.5599
2072.50,16.6281
2073.00,16.6958
2073.50,16.7428
2074.00,16.7541
2074.50,16.7309
2075.00,16.6865
2075.50,16.6338
2076.00,16.5807
2076.50,16.5351
2077.00,16.5071
2077.50,16.5011
2078.00,16.5072
2078.50,16.5042
2079.00,16.4731
2079.50,16.4072
2080.00,16.3133
2080.50,16.2103
2081.00,16.1262
2081.50,16.0906
2082.00,16.1233
2082.50,16.2248
2083.00,16.3740
2083.50,16.5325
2084.00,16.6590
2084.50,16.7293
2085.00,16.7479
2085.50,16.7381
2086.00,16.7217
2086.50,16.7075
2087.00,16.6940
2087.50,16.6773
2088.00,16.6533
2088.50,16.6178
2089.00,16.5675
2089.50,16.5039
2090.00,16.4366
2090.50,16.3821
2091.00,16.3548
2091.50,16.3588
2092.00,16.3874
2092.50,16.4297
2093.00,16.4753
2093.50,16.5124
2094.00,16.5263
2094.50,16.5092
2095.00,16.4733
2095.50,16.4506
2096.00,16.4706
2096.50,16.5317
2097.00,16.5971
2097.50,16.6245
2098.00,16.6011
2098.50,16.5508
2099.00,16.5101
2099.50,16.5010
2100.00,16.5239
2100.50,16.5657
2101.00,16.6098
2101.50,16.6380
2102.00,16.6328
2102.50,16.5814
2103.00,16.4834
2103.50,16.3572
2104.00,16.2408
2104.50,16.1785
2105.00,16.1962
2105.50,16.2846
2106.00,16.4071
2106.50,16.5260
2107.00,16.6230
2107.50,16.6974
2108.00,16.7493
2108.50,16.7689
2109.00,16.7432
2109.50,16.6740
2110.00,16.5875
2110.50,16.5205
2111.00,16.4985
2111.50,16.5250
2112.00,16.5881
2112.50,16.6698
2113.00,16.7513
2113.50,16.8171
2114.00,16.8590
2114.50,16.8762
2115.00,16.8706
2115.50,16.8436
2116.00,16.7972
2116.50,16.7367
2117.00,16.6714
2117.50,16.6130
2118.00,16.5725
2118.50,16.5573
2119.00,16.5691
2119.50,16.6009
2120.00,16.6350
2120.50,16.6496
2121.00,16.6367
2121.50,16.6150
2122.00,16.6180
2122.50,16.6638
2123.00,16.7363
2123.50,16.7966
2124.00,16.8094
2124.50,16.7602
2125.00,16.6559
2125.50,16.5180
2126.00,16.3781
2126.50,16.2750
2127.00,16.2459
2127.50,16.3093
2128.00,16.4497
2128.50,16.6185
2129.00,16.7559
2129.50,16.8204
2130.00,16.8058
2130.50,16.7352
2131.00,16.6408
2131.50,16.5483
2132.00,16.4762
2132.50,16.4406
2133.00,16.4520
2133.50,16.5082
2134.00,16.5946
2134.50,16.6925
2135.00,16.7841
2135.50,16.8507
2136.00,16.8740
2136.50,16.8453
2137.00,16.7749
2137.50,16.6879
2138.00,16.6078
2138.50,16.5440
2139.00,16.4944
2139.50,16.4567
2140.00,16.4364
2140.50,16.4399
2141.00,16.4642
2141.50,16.4952
2142.00,16.5182
2142.50,16.5271
2143.00,16.5246
2143.50,16.5175
2144.00,16.5123
2144.50,16.5117
2145.00,16.5115
2145.50,16.5023
2146.00,16.4752
2146.50,16.4268
2147.00,16.3606
2147.50,16.2891
2148.00,16.2322
2148.50,16.2092
2149.00,16.2264
2149.50,16.2718
2150.00,16.3254
2150.50,16.3740
2151.00,16.4186
2151.50,16.4686
2152.00,16.5294
2152.50,16.5929
2153.00,16.6387
2153.50,16.6460
2154.00,16.6105
2154.50,16.5513
2155.00,16.4989
2155.50,16.4749
2156.00,16.4804
2156.50,16.5046
2157.00,16.5385
2157.50,16.5786
2158.00,16.6201
2158.50,16.6544
2159.00,16.6754
2159.50,16.6839
2160.00,16.6798
2160.50,16.6540
2161.00,16.5957
2161.50,16.5120
2162.00,16.4347
2162.50,16.4048
2163.00,16.4469
2163.50,16.5591
2164.00,16.7188
2164.50,16.8917
2165.00,17.0367
2165.50,17.1186
2166.00,17.1243
2166.50,17.0692
2167.00,16.9846
2167.50,16.9000
2168.00,16.8326
2168.50,16.7835
2169.00,16.7372
2169.50,16.6714
2170.00,16.5750
2170.50,16.4606
2171.00,16.3590
2171.50,16.3021
2172.00,16.3096
2172.50,16.3825
2173.00,16.5007
2173.50,16.6251
2174.00,16.7140
2174.50,16.7442
2175.00,16.7205
2175.50,16.6662
2176.00,16.6051
2176.50,16.5494
2177.00,16.5012
2177.50,16.4607
2178.00,16.4320
2178.50,16.4193
2179.00,16.4183
2179.50,16.4175
2180.00,16.4093
2180.50,16.4009
2181.00,16.4097
2181.50,16.4476
2182.00,16.5090
2182.50,16.5757
2183.00,16.6290
2183.50,16.6570
2184.00,16.6563
2184.50,16.6333
2185.00,16.6041
2185.50,16.5892
2186.00,16.6035
2186.50,16.6497
2187.00,16.7184
2187.50,16.7918
2188.00,16.8498
2188.50,16.8770
2189.00,16.8680
2189.50,16.8292
2190.00,16.7757
2190.50,16.7241
2191.00,16.6864
2191.50,16.6651
2192.00,16.6535
2192.50,16.6392
2193.00,16.6094
2193.50,16.5553
2194.00,16.4776
2194.50,16.3933
2195.00,16.3321
2195.50,16.3208
2196.00,16.3656
2196.50,16.4501
2197.00,16.5466
2197.50,16.6283
2198.00,16.6772
2198.50,16.6875
2199.00,16.6621
2199.50,16.6042
2200.00,16.5162
2200.50,16.4105
2201.00,16.3144
2201.50,16.2565
2202.00,16.2447
2202.50,16.2631
2203.00,16.2879
2203.50,16.3048
2204.00,16.3139
2204.50,16.3234
2205.00,16.3418
2205.50,16.3696
2206.00,16.3954
2206.50,16.3999
2207.00,16.3694
2207.50,16.3111
2208.00,16.2539
2208.50,16.2293
2209.00,16.2502
2209.50,16.3079
2210.00,16.3871
2210.50,16.4754
2211.00,16.5596
2211.50,16.6189
2212.00,16.6343
2212.50,16.6104
2213.00,16.5809
2213.50,16.5860
2214.00,16.6389
2214.50,16.7148
2215.00,16.7718
2215.50,16.7811
2216.00,16.7408
2216.50,16.6692
2217.00,16.5936
2217.50,16.5400
2218.00,16.5240
2218.50,16.5425
2219.00,16.5733
2219.50,16.5873
2220.00,16.5652
2220.50,16.5080
2221.00,16.4384
2221.50,16.3897
2222.00,16.3883
2222.50,16.4399
2223.00,16.5300
2223.50,16.6330
2224.00,16.7206
2224.50,16.7676
2225.00,16.7605
2225.50,16.7050
2226.00,16.6239
2226.50,16.5450
2227.00,16.4882
2227.50,16.4595
2228.00,16.4523
2228.50,16.4542
2229.00,16.4565
2229.50,16.4606
2230.00,16.4733
2230.50,16.4972
2231.00,16.5268
2231.50,16.5555
2232.00,16.5832
2232.50,16.6143
2233.00,16.6480
2233.50,16.6733
2234.00,16.6768
2234.50,16.6550
2235.00,16.6197
2235.50,16.5916
2236.00,16.5880
2236.50,16.6135
2237.00,16.6582
2237.50,16.7031
2238.00,16.7289
2238.50,16.7223
2239.00,16.6795
2239.50,16.6087
2240.00,16.5317
2240.50,16.4772
2241.00,16.4629
2241.50,16.4834
2242.00,16.5160
2242.50,16.5405
2243.00,16.5533
2243.50,16.5636
2244.00,16.5798
2244.50,16.6009
2245.00,16.6195
2245.50,16.6274
2246.00,16.6179
2246.50,16.5857
2247.00,16.5289
2247.50,16.4517
2248.00,16.3655
2248.50,16.2857
2249.00,16.2278
2249.50,16.2045
2250.00,16.2239
2250.50,16.2850
2251.00,16.3756
2251.50,16.4718
2252.00,16.5434
2252.50,16.5643
2253.00,16.5259
2253.50,16.4466
2254.00,16.3679
2254.50,16.3325
2255.00,16.3617
2255.50,16.4467
2256.00,16.5596
2256.50,16.6684
2257.00,16.7482
2257.50,16.7848
2258.00,16.7769
2258.50,16.7323
2259.00,16.6634
2259.50,16.5855
2260.00,16.5171
2260.50,16.4753
2261.00,16.4642
2261.50,16.4662
2262.00,16.4486
2262.50,16.3852
2263.00,16.2777
2263.50,16.1575
2264.00,16.0642
2264.50,16.0204
2265.00,16.0250
2265.50,16.0672
2266.00,16.1408
2266.50,16.2426
2267.00,16.3618
2267.50,16.4762
2268.00,16.5615
2268.50,16.6051
2269.00,16.6139
2269.50,16.6101
2270.00,16.6153
2270.50,16.6335
2271.00,16.6471
2271.50,16.6332
2272.00,16.5856
2272.50,16.5204
2273.00,16.4614
2273.50,16.4197
2274.00,16.3914
2274.50,16.3729
2275.00,16.3751
2275.50,16.4161
2276.00,16.4997
2276.50,16.6048
2277.00,16.6998
2277.50,16.7614
2278.00,16.7826
2278.50,16.7667
2279.00,16.7220
2279.50,16.6621
2280.00,16.6056
2280.50,16.5696
2281.00,16.5601
2281.50,16.5671
2282.00,16.5726
2282.50,16.5658
2283.00,16.5525
2283.50,16.5507
2284.00,16.5770
2284.50,16.6349
2285.00,16.7120
2285.50,16.7875
2286.00,16.8420
2286.50,16.8659
2287.00,16.8614
2287.50,16.8366
2288.00,16.7965
2288.50,16.7359
2289.00,16.6448
2289.50,16.5229
2290.00,16.3929
2290.50,16.2931
2291.00,16.2529
2291.50,16.2743
2292.00,16.3393
2292.50,16.4280
2293.00,16.5242
2293.50,16.6090
2294.00,16.6634
2294.50,16.6814
2295.00,16.6739
2295.50,16.6567
2296.00,16.6356
2296.50,16.6057
2297.00,16.5619
2297.50,16.5089
2298.00,16.4612
2298.50,16.4340
2299.00,16.4344
2299.50,16.4622
2300.00,16.5150
2300.50,16.5874
2301.00,16.6644
2301.50,16.7215
2302.00,16.7381
2302.50,16.7122
2303.00,16.6596
2303.50,16.6001
2304.00,16.5456
2304.50,16.4994
2305.00,16.4614
2305.50,16.4309
2306.00,16.4083
2306.50,16.3956
2307.00,16.3961
2307.50,16.4091
2308.00,16.4242
2308.50,16.4211
2309.00,16.3833
2309.50,16.3151
2310.00,16.2502
2310.50,16.2387
2311.00,16.3155
2311.50,16.4721
2312.00,16.6579
2312.50,16.8109
2313.00,16.8931
2313.50,16.9029
2314.00,16.8649
2314.50,16.8113
2315.00,16.7677
2315.50,16.7449
2316.00,16.7368
2316.50,16.7280
2317.00,16.7084
2317.50,16.6803
2318.00,16.6485
2318.50,16.6073
2319.00,16.5426
2319.50,16.4521
2320.00,16.3600
2320.50,16.3053
2321.00,16.3176
2321.50,16.4007
2322.00,16.5327
2322.50,16.6732
2323.00,16.7767
2323.50,16.8136
2324.00,16.7839
2324.50,16.7129
2325.00,16.6328
2325.50,16.5680
2326.00,16.5305
2326.50,16.5181
2327.00,16.5187
2327.50,16.5225
2328.00,16.5322
2328.50,16.5595
2329.00,16.6102
2329.50,16.6762
2330.00,16.7414
2330.50,16.7930
2331.00,16.8269
2331.50,16.8455
2332.00,16.8533
2332.50,16.8553
2333.00,16.8547
2333.50,16.8509
2334.00,16.8413
2334.50,16.8261
2335.00,16.8099
2335.50,16.7982
2336.00,16.7932
2336.50,16.7920
2337.00,16.7890
2337.50,16.7789
2338.00,16.7613
2338.50,16.7420
2339.00,16.7315
2339.50,16.7386
2340.00,16.7634
2340.50,16.7937
2341.00,16.8076
2341.50,16.7879
2342.00,16.7355
2342.50,16.6720
2343.00,16.6254
2343.50,16.6113
2344.00,16.6239
2344.50,16.6426
2345.00,16.6491
2345.50,16.6418
2346.00,16.6356
2346.50,16.6484
2347.00,16.6848
2347.50,16.7312
2348.00,16.7659
2348.50,16.7735
2349.00,16.7546
2349.50,16.7221
2350.00,16.6923
2350.50,16.6767
2351.00,16.6824
2351.50,16.7141
2352.00,16.7715
2352.50,16.8431
2353.00,16.9059
2353.50,16.9348
2354.00,16.9124
2354.50,16.8351
2355.00,16.7135
2355.50,16.5723
2356.00,16.4458
2356.50,16.3662
2357.00,16.3498
2357.50,16.3904
2358.00,16.4637
2358.50,16.5391
2359.00,16.5890
2359.50,16.5976
2360.00,16.5689
2360.50,16.5291
2361.00,16.5128
2361.50,16.5404
2362.00,16.6028
2362.50,16.6648
2363.00,16.6875
2363.50,16.6547
2364.00,16.5861
2364.50,16.5270
2365.00,16.5174
2365.50,16.5662
2366.00,16.6520
2366.50,16.7453
2367.00,16.8287
2367.50,16.8987
2368.00,16.9552
2368.50,16.9920
2369.00,16.9972
2369.50,16.9636
2370.00,16.9022
2370.50,16.8404
2371.00,16.8016
2371.50,16.7835
2372.00,16.7603
2372.50,16.7072
2373.00,16.6251
2373.50,16.5424
2374.00,16.4950
2374.50,16.5000
2375.00,16.5450
2375.50,16.5991
2376.00,16.6358
2376.50,16.6487
2377.00,16.6510
2377.50,16.6640
2378.00,16.7025
2378.50,16.7651
2379.00,16.8333
2379.50,16.8813
2380.00,16.8942
2380.50,16.8780
2381.00,16.8533
2381.50,16.8364
2382.00,16.8286
2382.50,16.8191
2383.00,16.7969
2383.50,16.7594
2384.00,16.7158
2384.50,16.6853
2385.00,16.6850
2385.50,16.7163
2386.00,16.7620
2386.50,16.8018
2387.00,16.8301
2387.50,16.8570
2388.00,16.8897
2388.50,16.9155
2389.00,16.9047
2389.50,16.8350
2390.00,16.7133
2390.50,16.5778
2391.00,16.4778
2391.50,16.4467
2392.00,16.4856
2392.50,16.5653
2393.00,16.6437
2393.50,16.6869
2394.00,16.6831
2394.50,16.6413
2395.00,16.5780
2395.50,16.5008
2396.00,16.4070
2396.50,16.3035
2397.00,16.2279
2397.50,16.2347
2398.00,16.3483
2398.50,16.5321
2399.00,16.7068
2399.50,16.8017
2400.00,16.7942
2400.50,16.7141
2401.00,16.6196
2401.50,16.5606
2402.00,16.5497
2402.50,16.5607
2403.00,16.5538
2403.50,16.5080
2404.00,16.4360
2404.50,16.3718
2405.00,16.3435
2405.50,16.3557
2406.00,16.3941
2406.50,16.4419
2407.00,16.4886
2407.50,16.5304
2408.00,16.5709
2408.50,16.6193
2409.00,16.6801
2409.50,16.7434
2410.00,16.7909
2410.50,16.8116
2411.00,16.8075
2411.50,16.7846
2412.00,16.7461
2412.50,16.6982
2413.00,16.6560
2413.50,16.6350
2414.00,16.6359
2414.50,16.6407
2415.00,16.6316
2415.50,16.6150
2416.00,16.6218
2416.50,16.6797
2417.00,16.7846
2417.50,16.9026
2418.00,17.0010
2418.50,17.0710
2419.00,17.1227
2419.50,17.1652
2420.00,17.1965
2420.50,17.2088
2421.00,17.1983
2421.50,17.1680
2422.00,17.1245
2422.50,17.0775
2423.00,17.0391
2423.50,17.0212
2424.00,17.0281
2424.50,17.0530
2425.00,17.0802
2425.50,17.0888
2426.00,17.0588
2426.50,16.9822
2427.00,16.8731
2427.50,16.7649
2428.00,16.6947
2428.50,16.6841
2429.00,16.7317
2429.50,16.8181
2430.00,16.9195
2430.50,17.0187
2431.00,17.1072
2431.50,17.1813
2432.00,17.2384
2432.50,17.2749
2433.00,17.2866
2433.50,17.2705
2434.00,17.2266
2434.50,17.1589
2435.00,17.0782
2435.50,17.0058
2436.00,16.9676
2436.50,16.9762
2437.00,17.0183
2437.50,17.0615
2438.00,17.0770
2438.50,17.0580
2439.00,17.0228
2439.50,16.9989
2440.00,17.0038
2440.50,17.0338
2441.00,17.0696
2441.50,17.0908
2442.00,17.0896
2442.50,17.0774
2443.00,17.0765
2443.50,17.0979
2444.00,17.1212
2444.50,17.1018
2445.00,17.0083
2445.50,16.8569
2446.00,16.7082
2446.50,16.6257
2447.00,16.6333
2447.50,16.7082
2448.00,16.8083
2448.50,16.9034
2449.00,16.9842
2449.50,17.0504
2450.00,17.0963
2450.50,17.1119
2451.00,17.0940
2451.50,17.0535
2452.00,17.0097
2452.50,16.9806
2453.00,16.9782
2453.50,17.0075
2454.00,17.0611
2454.50,17.1136
2455.00,17.1270
2455.50,17.0713
2456.00,16.9448
2456.50,16.7807
2457.00,16.6340
2457.50,16.5557
2458.00,16.5678
2458.50,16.6525
2459.00,16.7679
2459.50,16.8795
2460.00,16.9754
2460.50,17.0552
2461.00,17.1127
2461.50,17.1373
2462.00,17.1293
2462.50,17.1041
2463.00,17.0810
2463.50,17.0722
2464.00,17.0813
2464.50,17.1059
2465.00,17.1357
2465.50,17.1526
2466.00,17.1413
2466.50,17.1023
2467.00,17.0513
2467.50,17.0049
2468.00,16.9701
2468.50,16.9467
2469.00,16.9340
2469.50,16.9309
2470.00,16.9332
2470.50,16.9356
2471.00,16.9353
2471.50,16.9323
2472.00,16.9278
2472.50,16.9248
2473.00,16.9265
2473.50,16.9296
2474.00,16.9230
2474.50,16.9003
2475.00,16.8739
2475.50,16.8666
2476.00,16.8920
2476.50,16.9455
2477.00,17.0155
2477.50,17.0948
2478.00,17.1782
2478.50,17.2577
2479.00,17.3220
2479.50,17.3609
2480.00,17.3699
2480.50,17.3526
2481.00,17.3226
2481.50,17.2987
2482.00,17.2939
2482.50,17.3065
2483.00,17.3248
2483.50,17.3444
2484.00,17.3791
2484.50,17.4486
2485.00,17.5536
2485.50,17.6647
2486.00,17.7409
2486.50,17.7581
2487.00,17.7225
2487.50,17.6601
2488.00,17.5949
2488.50,17.5323
2489.00,17.4598
2489.50,17.3626
2490.00,17.2450
2490.50,17.1375
2491.00,17.0817
2491.50,17.1047
2492.00,17.2039
2492.50,17.3471
2493.00,17.4834
2493.50,17.5602
2494.00,17.5472
2494.50,17.4553
2495.00,17.3380
2495.50,17.2631
2496.00,17.2705
2496.50,17.3497
2497.00,17.4546
2497.50,17.5425
2498.00,17.6008
2498.50,17.6421
2499.00,17.6788
2499.50,17.7044
2500.00,17.6999
2500.50,17.6581
2501.00,17.5960
2501.50,17.5429
2502.00,17.5159
2502.50,17.5099
2503.00,17.5089
2503.50,17.5043
2504.00,17.5034
2504.50,17.5238
2505.00,17.5782
2505.50,17.6605
2506.00,17.7470
2506.50,17.8101
2507.00,17.8347
2507.50,17.8236
2508.00,17.7952
2508.50,17.7749
2509.00,17.7841
2509.50,17.8269
2510.00,17.8857
2510.50,17.9308
2511.00,17.9421
2511.50,17.9232
2512.00,17.8956
2512.50,17.8765
2513.00,17.8629
2513.50,17.8378
2514.00,17.7912
2514.50,17.7335
2515.00,17.6896
2515.50,17.6793
2516.00,17.7039
2516.50,17.7491
2517.00,17.7979
2517.50,17.8399
2518.00,17.8710
2518.50,17.8918
2519.00,17.9080
2519.50,17.9282
2520.00,17.9563
2520.50,17.9859
2521.00,18.0067
2521.50,18.0163
2522.00,18.0235
2522.50,18.0395
2523.00,18.0665
2523.50,18.0955
2524.00,18.1124
2524.50,18.1076
2525.00,18.0842
2525.50,18.0551
2526.00,18.0298
2526.50,18.0032
2527.00,17.9596
2527.50,17.8931
2528.00,17.8211
2528.50,17.7753
2529.00,17.7774
2529.50,17.8238
2530.00,17.8889
2530.50,17.9406
2531.00,17.9552
2531.50,17.9291
2532.00,17.8805
2532.50,17.8381
2533.00,17.8208
2533.50,17.8242
2534.00,17.8276
2534.50,17.8113
2535.00,17.7684
2535.50,17.7038
2536.00,17.6305
2536.50,17.5652
2537.00,17.5233
2537.50,17.5103
2538.00,17.5196
2538.50,17.5375
2539.00,17.5514
2539.50,17.5566
2540.00,17.5591
2540.50,17.5722
2541.00,17.6061
2541.50,17.6546
2542.00,17.6965
2542.50,17.7106
2543.00,17.6903
2543.50,17.6426
2544.00,17.5791
2544.50,17.5122
2545.00,17.4582
2545.50,17.4364
2546.00,17.4576
2546.50,17.5129
2547.00,17.5757
2547.50,17.6217
2548.00,17.6464
2548.50,17.6624
2549.00,17.6810
2549.50,17.7000
2550.00,17.7096
2550.50,17.7034
2551.00,17.6798
2551.50,17.6373
2552.00,17.5763
2552.50,17.5097
2553.00,17.4635
2553.50,17.4622
2554.00,17.5108
2554.50,17.5916
2555.00,17.6764
2555.50,17.7400
2556.00,17.7671
2556.50,17.7566
2557.00,17.7217
2557.50,17.6840
2558.00,17.6607
2558.50,17.6554
2559.00,17.6604
2559.50,17.6654
2560.00,17.6652
2560.50,17.6634
2561.00,17.6696
2561.50,17.6905
2562.00,17.7216
2562.50,17.7516
2563.00,17.7750
2563.50,17.7978
2564.00,17.8276
2564.50,17.8589
2565.00,17.8735
2565.50,17.8587
2566.00,17.8248
2566.50,17.8009
2567.00,17.8111
2567.50,17.8533
2568.00,17.9008
2568.50,17.9240
2569.00,17.9111
2569.50,17.8742
2570.00,17.8402
2570.50,17.8324
2571.00,17.8546
2571.50,17.8912
2572.00,17.9217
2572.50,17.9368
2573.00,17.9402
2573.50,17.9385
2574.00,17.9329
2574.50,17.9210
2575.00,17.9040
2575.50,17.8893
2576.00,17.8855
2576.50,17.8948
2577.00,17.9095
2577.50,17.9173
2578.00,17.9105
2578.50,17.8941
2579.00,17.8829
2579.50,17.8903
2580.00,17.9195
2580.50,17.9646
2581.00,18.0155
2581.50,18.0587
2582.00,18.0799
2582.50,18.0724
2583.00,18.0456
2583.50,18.0205
2584.00,18.0157
2584.50,18.0358
2585.00,18.0708
2585.50,18.1048
2586.00,18.1244
2586.50,18.1241
2587.00,18.1059
2587.50,18.0772
2588.00,18.0469
2588.50,18.0234
2589.00,18.0146
2589.50,18.0269
2590.00,18.0616
2590.50,18.1104
2591.00,18.1559
2591.50,18.1792
2592.00,18.1698
2592.50,18.1291
2593.00,18.0677
2593.50,17.9993
2594.00,17.9371
2594.50,17.8939
2595.00,17.8830
2595.50,17.9149
2596.00,17.9898
2596.50,18.0915
2597.00,18.1925
2597.50,18.2682
2598.00,18.3103
2598.50,18.3279
2599.00,18.3369
2599.50,18.3470
2600.00,18.3554
2600.50,18.3496
2601.00,18.3155
2601.50,18.2475
2602.00,18.1549
2602.50,18.0584
2603.00,17.9817
2603.50,17.9401
2604.00,17.9351
2604.50,17.9560
2605.00,17.9886
2605.50,18.0226
2606.00,18.0524
2606.50,18.0734
2607.00,18.0789
2607.50,18.0603
2608.00,18.0135
2608.50,17.9488
2609.00,17.8947
2609.50,17.8865
2610.00,17.9413
2610.50,18.0409
2611.00,18.1401
2611.50,18.1958
2612.00,18.1901
2612.50,18.1346
2613.00,18.0588
2613.50,17.9963
2614.00,17.9720
2614.50,17.9936
2615.00,18.0527
2615.50,18.1318
2616.00,18.2104
2616.50,18.2682
2617.00,18.2894
2617.50,18.2698
2618.00,18.2196
2618.50,18.1564
2619.00,18.0944
2619.50,18.0396
2620.00,17.9933
2620.50,17.9580
2621.00,17.9396
2621.50,17.9439
2622.00,17.9717
2622.50,18.0134
2623.00,18.0494
2623.50,18.0577
2624.00,18.0297
2624.50,17.9788
2625.00,17.9320
2625.50,17.9072
2626.00,17.8988
2626.50,17.8864
2627.00,17.8578
2627.50,17.8236
2628.00,17.8081
2628.50,17.8260
2629.00,17.8690
2629.50,17.9122
2630.00,17.9331
2630.50,17.9273
2631.00,17.9085
2631.50,17.8960
2632.00,17.9014
2632.50,17.9245
2633.00,17.9556
2633.50,17.9795
2634.00,17.9790
2634.50,17.9440
2635.00,17.8797
2635.50,17.8080
2636.00,17.7568
2636.50,17.7416
2637.00,17.7572
2637.50,17.7863
2638.00,17.8168
2638.50,17.8489
2639.00,17.8881
2639.50,17.9348
2640.00,17.9859
2640.50,18.0416
2641.00,18.1059
2641.50,18.1761
2642.00,18.2364
2642.50,18.2662
2643.00,18.2576
2643.50,18.2211
2644.00,18.1737
2644.50,18.1227
2645.00,18.0643
2645.50,17.9946
2646.00,17.9200
2646.50,17.8563
2647.00,17.8182
2647.50,17.8096
2648.00,17.8218
2648.50,17.8424
2649.00,17.8671
2649.50,17.9015
2650.00,17.9501
2650.50,18.0064
2651.00,18.0580
2651.50,18.0962
2652.00,18.1202
2652.50,18.1302
2653.00,18.1251
2653.50,18.1093
2654.00,18.0977
2654.50,18.1070
2655.00,18.1398
2655.50,18.1793
2656.00,18.2040
2656.50,18.2075
2657.00,18.2015
2657.50,18.2023
2658.00,18.2145
2658.50,18.2258
2659.00,18.2180
2659.50,18.1821
2660.00,18.1276
2660.50,18.0800
2661.00,18.0694
2661.50,18.1115
2662.00,18.1920
2662.50,18.2673
2663.00,18.2921
2663.50,18.2546
2664.00,18.1863
2664.50,18.1372
2665.00,18.1378
2665.50,18.1826
2666.00,18.2427
2666.50,18.2890
2667.00,18.3067
2667.50,18.2971
2668.00,18.2715
2668.50,18.2436
2669.00,18.2249
2669.50,18.2227
2670.00,18.2392
2670.50,18.2684
2671.00,18.2949
2671.50,18.3011
2672.00,18.2788
2672.50,18.2363
2673.00,18.1936
2673.50,18.1701
2674.00,18.1740
2674.50,18.1994
2675.00,18.2300
2675.50,18.2476
2676.00,18.2405
2676.50,18.2084
2677.00,18.1627
2677.50,18.1249
2678.00,18.1189
2678.50,18.1590
2679.00,18.2390
2679.50,18.3340
2680.00,18.4110
2680.50,18.4397
2681.00,18.4027
2681.50,18.3066
2682.00,18.1890
2682.50,18.1046
2683.00,18.0934
2683.50,18.1546
2684.00,18.2511
2684.50,18.3370
2685.00,18.3843
2685.50,18.3912
2686.00,18.3751
2686.50,18.3589
2687.00,18.3611
2687.50,18.3875
2688.00,18.4274
2688.50,18.4591
2689.00,18.4648
2689.50,18.4448
2690.00,18.4173
2690.50,18.4001
2691.00,18.3996
2691.50,18.4138
2692.00,18.4431
2692.50,18.4878
2693.00,18.5379
2693.50,18.5700
2694.00,18.5629
2694.50,18.5169
2695.00,18.4589
2695.50,18.4256
2696.00,18.4417
2696.50,18.5068
2697.00,18.5993
2697.50,18.6887
2698.00,18.7479
2698.50,18.7627
2699.00,18.7380
2699.50,18.6935
2700.00,18.6491
2700.50,18.6130
2701.00,18.5843
2701.50,18.5614
2702.00,18.5441
2702.50,18.5299
2703.00,18.5165
2703.50,18.5084
2704.00,18.5139
2704.50,18.5315
2705.00,18.5455
2705.50,18.5394
2706.00,18.5145
2706.50,18.4901
2707.00,18.4799
2707.50,18.4720
2708.00,18.4377
2708.50,18.3637
2709.00,18.2737
2709.50,18.2158
2710.00,18.2276
2710.50,18.3110
2711.00,18.4347
2711.50,18.5560
2712.00,18.6444
2712.50,18.6946
2713.00,18.7226
2713.50,18.7505
2714.00,18.7902
2714.50,18.8384
2715.00,18.8828
2715.50,18.9104
2716.00,18.9141
2716.50,18.8950
2717.00,18.8617
2717.50,18.8248
2718.00,18.7909
2718.50,18.7588
2719.00,18.7246
2719.50,18.6876
2720.00,18.6533
2720.50,18.6310
2721.00,18.6313
2721.50,18.6623
2722.00,18.7260
2722.50,18.8137
2723.00,18.9073
2723.50,18.9875
2724.00,19.0436
2724.50,19.0768
2725.00,19.0931
2725.50,19.0951
2726.00,19.0823
2726.50,19.0571
2727.00,19.0290
2727.50,19.0095
2728.00,19.0065
2728.50,19.0224
2729.00,19.0558
2729.50,19.1015
2730.00,19.1515
2730.50,19.1974
2731.00,19.2322
2731.50,19.2514
2732.00,19.2521
2732.50,19.2351
2733.00,19.2024
2733.50,19.1548
2734.00,19.0917
2734.50,19.0177
2735.00,18.9500
2735.50,18.9146
2736.00,18.9301
2736.50,18.9921
2737.00,19.0749
2737.50,19.1478
2738.00,19.1911
2738.50,19.2005
2739.00,19.1807
2739.50,19.1391
2740.00,19.0832
2740.50,19.0220
2741.00,18.9681
2741.50,18.9347
2742.00,18.9294
2742.50,18.9509
2743.00,18.9932
2743.50,19.0467
2744.00,19.0971
2744.50,19.1249
2745.00,19.1153
2745.50,19.0725
2746.00,19.0195
2746.50,18.9801
2747.00,18.9602
2747.50,18.9472
2748.00,18.9262
2748.50,18.8940
2749.00,18.8582
2749.50,18.8292
2750.00,18.8153
2750.50,18.8215
2751.00,18.8481
2751.50,18.8900
2752.00,18.9379
2752.50,18.9791
2753.00,18.9995
2753.50,18.9883
2754.00,18.9473
2754.50,18.8932
2755.00,18.8469
2755.50,18.8172
2756.00,18.7948
2756.50,18.7659
2757.00,18.7299
2757.50,18.7018
2758.00,18.7003
2758.50,18.7327
2759.00,18.7906
2759.50,18.8553
2760.00,18.9049
2760.50,18.9225
2761.00,18.9031
2761.50,18.8575
2762.00,18.8099
2762.50,18.7857
2763.00,18.7961
2763.50,18.8310
2764.00,18.8674
2764.50,18.8866
2765.00,18.8845
2765.50,18.8667
2766.00,18.8369
2766.50,18.7925
2767.00,18.7320
2767.50,18.6652
2768.00,18.6161
2768.50,18.6111
2769.00,18.6594
2769.50,18.7424
2770.00,18.8265
2770.50,18.8891
2771.00,18.9328
2771.50,18.9716
2772.00,19.0075
2772.50,19.0263
2773.00,19.0132
2773.50,18.9715
2774.00,18.9233
2774.50,18.8949
2775.00,18.8979
2775.50,18.9217
2776.00,18.9417
2776.50,18.9354
2777.00,18.8953
2777.50,18.8316
2778.00,18.7666
2778.50,18.7240
2779.00,18.7178
2779.50,18.7449
2780.00,18.7857
2780.50,18.8154
2781.00,18.8191
2781.50,18.7970
2782.00,18.7573
2782.50,18.7061
2783.00,18.6467
2783.50,18.5863
2784.00,18.5395
2784.50,18.5198
2785.00,18.5291
2785.50,18.5533
2786.00,18.5706
2786.50,18.5651
2787.00,18.5380
2787.50,18.5099
2788.00,18.5089
2788.50,18.5518
2789.00,18.6292
2789.50,18.7125
2790.00,18.7757
2790.50,18.8123
2791.00,18.8317
2791.50,18.8438
2792.00,18.8465
2792.50,18.8274
2793.00,18.7752
2793.50,18.6929
2794.00,18.6000
2794.50,18.5209
2795.00,18.4709
2795.50,18.4540
2796.00,18.4687
2796.50,18.5107
2797.00,18.5657
2797.50,18.6079
2798.00,18.6114
2798.50,18.5674
2799.00,18.4904
2799.50,18.4100
2800.00,18.3546
2800.50,18.3395
2801.00,18.3673
2801.50,18.4352
2802.00,18.5394
2802.50,18.6697
2803.00,18.8051
2803.50,18.9177
2804.00,18.9833
2804.50,18.9910
2805.00,18.9458
2805.50,18.8674
2806.00,18.7856
2806.50,18.7296
2807.00,18.7168
2807.50,18.7457
2808.00,18.7992
2808.50,18.8540
2809.00,18.8884
2809.50,18.8884
2810.00,18.8525
2810.50,18.7930
2811.00,18.7283
2811.50,18.6709
2812.00,18.6237
2812.50,18.5885
2813.00,18.5741
2813.50,18.5918
2814.00,18.6420
2814.50,18.7066
2815.00,18.7585
2815.50,18.7817
2816.00,18.7846
2816.50,18.7932
2817.00,18.8269
2817.50,18.8815
2818.00,18.9325
2818.50,18.9556
2819.00,18.9412
2819.50,18.8974
2820.00,18.8432
2820.50,18.7994
2821.00,18.7782
2821.50,18.7792
2822.00,18.7951
2822.50,18.8184
2823.00,18.8421
2823.50,18.8600
2824.00,18.8700
2824.50,18.8793
2825.00,18.8995
2825.50,18.9349
2826.00,18.9768
2826.50,19.0102
2827.00,19.0279
2827.50,19.0364
2828.00,19.0493
2828.50,19.0761
2829.00,19.1153
2829.50,19.1558
2830.00,19.1843
2830.50,19.1927
2831.00,19.1808
2831.50,19.1569
2832.00,19.1360
2832.50,19.1348
2833.00,19.1607
2833.50,19.2060
2834.00,19.2529
2834.50,19.2864
2835.00,19.3033
2835.50,19.3093
2836.00,19.3114
2836.50,19.3108
2837.00,19.3033
2837.50,19.2837
2838.00,19.2526
2838.50,19.2202
2839.00,19.2030
2839.50,19.2119
2840.00,19.2420
2840.50,19.2740
2841.00,19.2869
2841.50,19.2722
2842.00,19.2375
2842.50,19.1992
2843.00,19.1734
2843.50,19.1681
2844.00,19.1827
2844.50,19.2117
2845.00,19.2502
2845.50,19.2942
2846.00,19.3359
2846.50,19.3618
2847.00,19.3577
2847.50,19.3188
2848.00,19.2561
2848.50,19.1943
2849.00,19.1606
2849.50,19.1676
2850.00,19.2044
2850.50,19.2436
2851.00,19.2630
2851.50,19.2606
2852.00,19.2494
2852.50,19.2381
2853.00,19.2236
2853.50,19.2018
2854.00,19.1821
2854.50,19.1835
2855.00,19.2154
2855.50,19.2641
2856.00,19.3006
2856.50,19.3003
2857.00,19.2587
2857.50,19.1915
2858.00,19.1208
2858.50,19.0628
2859.00,19.0246
2859.50,19.0057
2860.00,19.0014
2860.50,19.0022
2861.00,18.9967
2861.50,18.9764
2862.00,18.9407
2862.50,18.8981
2863.00,18.8644
2863.50,18.8574
2864.00,18.8873
2864.50,18.9479
2865.00,19.0128
2865.50,19.0469
2866.00,19.0279
2866.50,18.9628
2867.00,18.8845
2867.50,18.8304
2868.00,18.8193
2868.50,18.8439
2869.00,18.8800
2869.50,18.9043
2870.00,18.9093
2870.50,18.9066
2871.00,18.9182
2871.50,18.9601
2872.00,19.0281
2872.50,19.0983
2873.00,19.1424
2873.50,19.1464
2874.00,19.1201
2874.50,19.0908
2875.00,19.0857
2875.50,19.1160
2876.00,19.1712
2876.50,19.2263
2877.00,19.2571
2877.50,19.2525
2878.00,19.2175
2878.50,19.1672
2879.00,19.1187
2879.50,19.0862
2880.00,19.0765
2880.50,19.0854
2881.00,19.1005
2881.50,19.1118
2882.00,19.1199
2882.50,19.1309
2883.00,19.1452
2883.50,19.1554
2884.00,19.1560
2884.50,19.1511
2885.00,19.1505
2885.50,19.1603
2886.00,19.1809
2886.50,19.2091
2887.00,19.2386
2887.50,19.2584
2888.00,19.2575
2888.50,19.2323
2889.00,19.1893
2889.50,19.1392
2890.00,19.0896
2890.50,19.0467
2891.00,19.0184
2891.50,19.0126
2892.00,19.0322
2892.50,19.0751
2893.00,19.1347
2893.50,19.1975
2894.00,19.2416
2894.50,19.2449
2895.00,19.1985
2895.50,19.1137
2896.00,19.0176
2896.50,18.9412
2897.00,18.9037
2897.50,18.9005
2898.00,18.9065
2898.50,18.8970
2899.00,18.8691
2899.50,18.8444
2900.00,18.8498
2900.50,18.8967
2901.00,18.9747
2901.50,19.0611
2902.00,19.1328
2902.50,19.1724
2903.00,19.1721
2903.50,19.1377
2904.00,19.0869
2904.50,19.0415
