0.00,0.0000
0.50,0.1406
1.00,0.3775
1.50,0.7064
2.00,1.0923
2.50,1.4839
3.00,1.8331
3.50,2.1098
4.00,2.3087
4.50,2.4500
5.00,2.5694
5.50,2.6955
6.00,2.8327
6.50,2.9650
7.00,3.0770
7.50,3.1682
8.00,3.2500
8.50,3.3366
9.00,3.4417
9.50,3.5738
10.00,3.7264
10.50,3.8734
11.00,3.9830
11.50,4.0413
12.00,4.0615
12.50,4.0699
13.00,4.0871
13.50,4.1215
14.00,4.1732
14.50,4.2395
15.00,4.3178
15.50,4.4072
16.00,4.5071
16.50,4.6118
17.00,4.7087
17.50,4.7838
18.00,4.8312
18.50,4.8578
19.00,4.8785
19.50,4.9073
20.00,4.9516
20.50,5.0109
21.00,5.0783
21.50,5.1425
22.00,5.1902
22.50,5.2129
23.00,5.2156
23.50,5.2193
24.00,5.2477
24.50,5.3069
25.00,5.3788
25.50,5.4374
26.00,5.4718
26.50,5.4928
27.00,5.5185
27.50,5.5579
28.00,5.6089
28.50,5.6671
29.00,5.7312
29.50,5.8004
30.00,5.8699
30.50,5.9310
31.00,5.9741
31.50,5.9926
32.00,5.9848
32.50,5.9559
33.00,5.9173
33.50,5.8854
34.00,5.8768
34.50,5.9009
35.00,5.9536
35.50,6.0177
36.00,6.0731
36.50,6.1102
37.00,6.1371
37.50,6.1704
38.00,6.2176
38.50,6.2690
39.00,6.3094
39.50,6.3363
40.00,6.3647
40.50,6.4137
41.00,6.4910
41.50,6.5882
42.00,6.6845
42.50,6.7549
43.00,6.7775
43.50,6.7449
44.00,6.6727
44.50,6.5971
45.00,6.5566
45.50,6.5698
46.00,6.6275
46.50,6.7050
47.00,6.7788
47.50,6.8366
48.00,6.8776
48.50,6.9092
49.00,6.9407
49.50,6.9745
50.00,7.0012
50.50,7.0093
51.00,6.9997
51.50,6.9888
52.00,6.9958
52.50,7.0289
53.00,7.0847
53.50,7.1536
54.00,7.2216
54.50,7.2737
55.00,7.2990
55.50,7.2951
56.00,7.2682
56.50,7.2306
57.00,7.1992
57.50,7.1903
58.00,7.2135
58.50,7.2684
59.00,7.3451
59.50,7.4256
60.00,7.4869
60.50,7.5129
61.00,7.5078
61.50,7.4969
62.00,7.5068
62.50,7.5436
63.00,7.5895
63.50,7.6200
64.00,7.6240
64.50,7.6094
65.00,7.5941
65.50,7.5922
66.00,7.6072
66.50,7.6341
67.00,7.6645
67.50,7.6919
68.00,7.7136
68.50,7.7287
69.00,7.7351
69.50,7.7297
70.00,7.7113
70.50,7.6821
71.00,7.6487
71.50,7.6211
72.00,7.6101
72.50,7.6219
73.00,7.6498
73.50,7.6737
74.00,7.6716
74.50,7.6394
75.00,7.6001
75.50,7.5900
76.00,7.6310
76.50,7.7138
77.00,7.8078
77.50,7.8860
78.00,7.9387
78.50,7.9672
79.00,7.9720
79.50,7.9517
80.00,7.9083
80.50,7.8502
81.00,7.7882
81.50,7.7309
82.00,7.6842
82.50,7.6527
83.00,7.6404
83.50,7.6493
84.00,7.6781
84.50,7.7200
85.00,7.7638
85.50,7.7989
86.00,7.8197
86.50,7.8277
87.00,7.8303
87.50,7.8374
88.00,7.8549
88.50,7.8799
89.00,7.9014
89.50,7.9095
90.00,7.9041
90.50,7.8925
91.00,7.8800
91.50,7.8652
92.00,7.8471
92.50,7.8301
93.00,7.8210
93.50,7.8193
94.00,7.8160
94.50,7.7992
95.00,7.7625
95.50,7.7109
96.00,7.6613
96.50,7.6372
97.00,7.6564
97.50,7.7206
98.00,7.8125
98.50,7.9047
99.00,7.9735
99.50,8.0093
100.00,8.0180
100.50,8.0138
101.00,8.0106
101.50,8.0176
102.00,8.0394
102.50,8.0752
103.00,8.1174
103.50,8.1544
104.00,8.1776
104.50,8.1897
105.00,8.2027
105.50,8.2272
106.00,8.2630
106.50,8.2996
107.00,8.3265
107.50,8.3418
108.00,8.3535
108.50,8.3756
109.00,8.4192
109.50,8.4830
110.00,8.5498
110.50,8.5949
111.00,8.6030
111.50,8.5806
112.00,8.5503
112.50,8.5337
113.00,8.5370
113.50,8.5505
114.00,8.5603
114.50,8.5583
115.00,8.5473
115.50,8.5383
116.00,8.5443
116.50,8.5730
117.00,8.6227
117.50,8.6829
118.00,8.7382
118.50,8.7733
119.00,8.7771
119.50,8.7469
120.00,8.6924
120.50,8.6337
121.00,8.5936
121.50,8.5860
122.00,8.6117
122.50,8.6642
123.00,8.7375
123.50,8.8263
124.00,8.9178
124.50,8.9903
125.00,9.0220
125.50,9.0072
126.00,8.9628
126.50,8.9187
127.00,8.9001
127.50,8.9149
128.00,8.9538
128.50,8.9983
129.00,9.0308
129.50,9.0433
130.00,9.0411
130.50,9.0389
131.00,9.0478
131.50,9.0663
132.00,9.0825
132.50,9.0855
133.00,9.0760
133.50,9.0657
134.00,9.0669
134.50,9.0814
135.00,9.0985
135.50,9.1050
136.00,9.0977
136.50,9.0887
137.00,9.0987
137.50,9.1426
138.00,9.2165
138.50,9.2963
139.00,9.3501
139.50,9.3598
140.00,9.3355
140.50,9.3072
141.00,9.3008
141.50,9.3197
142.00,9.3492
142.50,9.3744
143.00,9.3934
143.50,9.4152
144.00,9.4498
144.50,9.4976
145.00,9.5453
145.50,9.5729
146.00,9.5672
146.50,9.5311
147.00,9.4819
147.50,9.4423
148.00,9.4298
148.50,9.4477
149.00,9.4797
149.50,9.4972
150.00,9.4800
150.50,9.4320
151.00,9.3760
151.50,9.3309
152.00,9.3000
152.50,9.2812
153.00,9.2815
153.50,9.3128
154.00,9.3725
154.50,9.4370
155.00,9.4811
155.50,9.4994
156.00,9.5071
156.50,9.5205
157.00,9.5422
157.50,9.5624
158.00,9.5718
158.50,9.5709
159.00,9.5698
159.50,9.5782
160.00,9.5949
160.50,9.6079
161.00,9.6072
161.50,9.5949
162.00,9.5827
162.50,9.5818
163.00,9.5980
163.50,9.6330
164.00,9.6841
164.50,9.7427
165.00,9.7957
165.50,9.8315
166.00,9.8459
166.50,9.8438
167.00,9.8362
167.50,9.8335
168.00,9.8411
168.50,9.8570
169.00,9.8736
169.50,9.8807
170.00,9.8697
170.50,9.8415
171.00,9.8084
171.50,9.7880
172.00,9.7925
172.50,9.8201
173.00,9.8546
173.50,9.8748
174.00,9.8677
174.50,9.8366
175.00,9.7988
175.50,9.7729
176.00,9.7684
176.50,9.7800
177.00,9.7928
177.50,9.7942
178.00,9.7867
178.50,9.7893
179.00,9.8235
179.50,9.8974
180.00,9.9990
180.50,10.1030
181.00,10.1822
181.50,10.2185
182.00,10.2111
182.50,10.1766
183.00,10.1407
183.50,10.1231
184.00,10.1286
184.50,10.1511
185.00,10.1821
185.50,10.2134
186.00,10.2332
186.50,10.2267
187.00,10.1844
187.50,10.1118
188.00,10.0278
188.50,9.9544
189.00,9.9079
189.50,9.8972
190.00,9.9234
190.50,9.9800
191.00,10.0531
191.50,10.1266
192.00,10.1911
192.50,10.2463
193.00,10.2963
193.50,10.3415
194.00,10.3775
194.50,10.3988
195.00,10.4013
195.50,10.3849
196.00,10.3562
196.50,10.3307
197.00,10.3262
197.50,10.3524
198.00,10.4028
198.50,10.4562
199.00,10.4883
199.50,10.4871
200.00,10.4604
200.50,10.4281
201.00,10.4077
201.50,10.4059
202.00,10.4202
202.50,10.4455
203.00,10.4787
203.50,10.5207
204.00,10.5733
204.50,10.6329
205.00,10.6890
205.50,10.7304
206.00,10.7532
206.50,10.7630
207.00,10.7692
207.50,10.7799
208.00,10.7982
208.50,10.8214
209.00,10.8420
209.50,10.8532
210.00,10.8558
210.50,10.8611
211.00,10.8843
211.50,10.9332
212.00,11.0016
212.50,11.0714
213.00,11.1224
213.50,11.1432
214.00,11.1366
214.50,11.1147
215.00,11.0892
215.50,11.0653
216.00,11.0445
216.50,11.0312
217.00,11.0342
217.50,11.0592
218.00,11.1013
218.50,11.1458
219.00,11.1808
219.50,11.2071
220.00,11.2350
220.50,11.2712
221.00,11.3132
221.50,11.3556
222.00,11.3968
222.50,11.4389
223.00,11.4800
223.50,11.5108
224.00,11.5195
224.50,11.5014
225.00,11.4640
225.50,11.4236
226.00,11.3945
226.50,11.3812
227.00,11.3788
227.50,11.3802
228.00,11.3826
228.50,11.3890
229.00,11.4051
229.50,11.4333
230.00,11.4720
230.50,11.5159
231.00,11.5546
231.50,11.5724
232.00,11.5564
232.50,11.5086
233.00,11.4518
233.50,11.4148
234.00,11.4126
234.50,11.4391
235.00,11.4786
235.50,11.5223
236.00,11.5719
236.50,11.6313
237.00,11.6955
237.50,11.7504
238.00,11.7808
238.50,11.7795
239.00,11.7480
239.50,11.6934
240.00,11.6257
240.50,11.5560
241.00,11.4956
241.50,11.4551
242.00,11.4426
242.50,11.4610
243.00,11.5038
243.50,11.5546
244.00,11.5924
244.50,11.6021
245.00,11.5804
245.50,11.5379
246.00,11.4934
246.50,11.4649
247.00,11.4613
247.50,11.4809
248.00,11.5175
248.50,11.5661
249.00,11.6231
249.50,11.6822
250.00,11.7315
250.50,11.7559
251.00,11.7455
251.50,11.7042
252.00,11.6518
252.50,11.6152
253.00,11.6140
253.50,11.6491
254.00,11.7022
254.50,11.7469
255.00,11.7632
255.50,11.7449
256.00,11.6988
256.50,11.6405
257.00,11.5909
257.50,11.5698
258.00,11.5845
258.50,11.6215
259.00,11.6537
259.50,11.6605
260.00,11.6438
260.50,11.6244
261.00,11.6219
261.50,11.6389
262.00,11.6602
262.50,11.6641
263.00,11.6348
263.50,11.5710
264.00,11.4883
264.50,11.4142
265.00,11.3749
265.50,11.3822
266.00,11.4271
266.50,11.4852
267.00,11.5301
267.50,11.5502
268.00,11.5561
268.50,11.5740
269.00,11.6241
269.50,11.7025
270.00,11.7809
270.50,11.8293
271.00,11.8394
271.50,11.8279
272.00,11.8151
272.50,11.8041
273.00,11.7824
273.50,11.7432
274.00,11.6996
274.50,11.6764
275.00,11.6888
275.50,11.7291
276.00,11.7713
276.50,11.7893
277.00,11.7743
277.50,11.7388
278.00,11.7059
278.50,11.6920
279.00,11.6981
279.50,11.7154
280.00,11.7372
280.50,11.7626
281.00,11.7928
281.50,11.8261
282.00,11.8567
282.50,11.8768
283.00,11.8794
283.50,11.8629
284.00,11.8353
284.50,11.8113
285.00,11.8026
285.50,11.8111
286.00,11.8323
286.50,11.8599
287.00,11.8859
287.50,11.8999
288.00,11.8951
288.50,11.8773
289.00,11.8631
289.50,11.8671
290.00,11.8900
290.50,11.9229
291.00,11.9584
291.50,11.9944
292.00,12.0281
292.50,12.0521
293.00,12.0579
293.50,12.0428
294.00,12.0121
294.50,11.9777
295.00,11.9538
295.50,11.9495
296.00,11.9632
296.50,11.9825
297.00,11.9912
297.50,11.9789
298.00,11.9475
298.50,11.9116
299.00,11.8902
299.50,11.8938
300.00,11.9174
300.50,11.9450
301.00,11.9629
301.50,11.9705
302.00,11.9791
302.50,11.9983
303.00,12.0237
303.50,12.0377
304.00,12.0219
304.50,11.9717
305.00,11.9005
305.50,11.8327
306.00,11.7905
306.50,11.7847
307.00,11.8122
307.50,11.8599
308.00,11.9100
308.50,11.9476
309.00,11.9675
309.50,11.9743
310.00,11.9757
310.50,11.9754
311.00,11.9728
311.50,11.9672
312.00,11.9605
312.50,11.9571
313.00,11.9617
313.50,11.9767
314.00,12.0009
314.50,12.0300
315.00,12.0596
315.50,12.0860
316.00,12.1036
316.50,12.1052
317.00,12.0888
317.50,12.0634
318.00,12.0447
318.50,12.0429
319.00,12.0546
319.50,12.0668
320.00,12.0678
320.50,12.0556
321.00,12.0385
321.50,12.0298
322.00,12.0391
322.50,12.0685
323.00,12.1127
323.50,12.1645
324.00,12.2176
324.50,12.2693
325.00,12.3187
325.50,12.3622
326.00,12.3877
326.50,12.3769
327.00,12.3183
327.50,12.2228
328.00,12.1259
328.50,12.0687
329.00,12.0711
329.50,12.1191
330.00,12.1789
330.50,12.2220
331.00,12.2413
331.50,12.2489
332.00,12.2624
332.50,12.2930
333.00,12.3400
333.50,12.3926
334.00,12.4351
334.50,12.4553
335.00,12.4540
335.50,12.4449
336.00,12.4432
336.50,12.4516
337.00,12.4600
337.50,12.4575
338.00,12.4439
338.50,12.4267
339.00,12.4134
339.50,12.4087
340.00,12.4175
340.50,12.4446
341.00,12.4874
341.50,12.5318
342.00,12.5591
342.50,12.5612
343.00,12.5474
343.50,12.5361
344.00,12.5378
344.50,12.5443
345.00,12.5366
345.50,12.5019
346.00,12.4474
346.50,12.3969
347.00,12.3758
347.50,12.3955
348.00,12.4483
348.50,12.5159
349.00,12.5806
349.50,12.6315
350.00,12.6629
350.50,12.6712
351.00,12.6547
351.50,12.6180
352.00,12.5742
352.50,12.5393
353.00,12.5244
353.50,12.5319
354.00,12.5562
354.50,12.5850
355.00,12.6019
355.50,12.5918
356.00,12.5510
356.50,12.4930
357.00,12.4443
357.50,12.4324
358.00,12.4715
358.50,12.5551
359.00,12.6595
359.50,12.7542
360.00,12.8137
360.50,12.8270
361.00,12.8028
361.50,12.7654
362.00,12.7429
362.50,12.7478
363.00,12.7670
363.50,12.7718
364.00,12.7443
364.50,12.6965
365.00,12.6616
365.50,12.6665
366.00,12.7117
366.50,12.7753
367.00,12.8294
367.50,12.8568
368.00,12.8583
368.50,12.8497
369.00,12.8479
369.50,12.8582
370.00,12.8756
370.50,12.8986
371.00,12.9377
371.50,13.0028
372.00,13.0860
372.50,13.1614
373.00,13.2034
373.50,13.2034
374.00,13.1726
374.50,13.1343
375.00,13.1120
375.50,13.1179
376.00,13.1436
376.50,13.1632
377.00,13.1511
377.50,13.1034
378.00,13.0439
378.50,13.0088
379.00,13.0243
379.50,13.0943
380.00,13.2034
380.50,13.3227
381.00,13.4180
381.50,13.4633
382.00,13.4563
382.50,13.4211
383.00,13.3886
383.50,13.3740
384.00,13.3704
384.50,13.3628
385.00,13.3450
385.50,13.3238
386.00,13.3124
386.50,13.3203
387.00,13.3479
387.50,13.3854
388.00,13.4185
388.50,13.4350
389.00,13.4283
389.50,13.3996
390.00,13.3584
390.50,13.3216
391.00,13.3073
391.50,13.3228
392.00,13.3587
392.50,13.3938
393.00,13.4095
393.50,13.4014
394.00,13.3812
394.50,13.3674
395.00,13.3702
395.50,13.3826
396.00,13.3869
396.50,13.3706
397.00,13.3379
397.50,13.3046
398.00,13.2857
398.50,13.2878
399.00,13.3108
399.50,13.3504
400.00,13.3977
400.50,13.4387
401.00,13.4609
401.50,13.4616
402.00,13.4504
402.50,13.4420
403.00,13.4464
403.50,13.4633
404.00,13.4815
404.50,13.4851
405.00,13.4628
405.50,13.4152
406.00,13.3540
406.50,13.2946
407.00,13.2479
407.50,13.2183
408.00,13.2055
408.50,13.2073
409.00,13.2216
409.50,13.2457
410.00,13.2755
410.50,13.3058
411.00,13.3317
411.50,13.3516
412.00,13.3676
412.50,13.3828
413.00,13.3960
413.50,13.4023
414.00,13.3997
414.50,13.3963
415.00,13.4043
415.50,13.4273
416.00,13.4518
416.50,13.4558
417.00,13.4261
417.50,13.3706
418.00,13.3146
418.50,13.2832
419.00,13.2853
419.50,13.3112
420.00,13.3456
420.50,13.3813
421.00,13.4213
421.50,13.4687
422.00,13.5178
422.50,13.5565
423.00,13.5752
423.50,13.5719
424.00,13.5514
424.50,13.5223
425.00,13.4958
425.50,13.4810
426.00,13.4801
426.50,13.4867
427.00,13.4923
427.50,13.4939
428.00,13.4962
428.50,13.5073
429.00,13.5317
429.50,13.5693
430.00,13.6167
430.50,13.6682
431.00,13.7138
431.50,13.7400
432.00,13.7397
432.50,13.7219
433.00,13.7092
433.50,13.7200
434.00,13.7519
434.50,13.7828
435.00,13.7927
435.50,13.7829
436.00,13.7740
436.50,13.7861
437.00,13.8197
437.50,13.8555
438.00,13.8706
438.50,13.8561
439.00,13.8226
439.50,13.7923
440.00,13.7842
440.50,13.8030
441.00,13.8379
441.50,13.8702
442.00,13.8848
442.50,13.8763
443.00,13.8508
443.50,13.8218
444.00,13.8048
444.50,13.8096
445.00,13.8329
445.50,13.8578
446.00,13.8658
446.50,13.8500
447.00,13.8186
447.50,13.7863
448.00,13.7637
448.50,13.7550
449.00,13.7592
449.50,13.7721
450.00,13.7864
450.50,13.7944
451.00,13.7927
451.50,13.7839
452.00,13.7754
452.50,13.7754
453.00,13.7879
453.50,13.8094
454.00,13.8288
454.50,13.8333
455.00,13.8181
455.50,13.7921
456.00,13.7728
456.50,13.7749
457.00,13.8026
457.50,13.8469
458.00,13.8893
458.50,13.9099
459.00,13.8999
459.50,13.8700
460.00,13.8448
460.50,13.8464
461.00,13.8796
461.50,13.9315
462.00,13.9851
462.50,14.0313
463.00,14.0678
463.50,14.0916
464.00,14.0983
464.50,14.0889
465.00,14.0750
465.50,14.0720
466.00,14.0884
466.50,14.1179
467.00,14.1444
467.50,14.1551
468.00,14.1547
468.50,14.1633
469.00,14.1989
469.50,14.2574
470.00,14.3108
470.50,14.3274
471.00,14.2957
471.50,14.2303
472.00,14.1588
472.50,14.1020
473.00,14.0635
473.50,14.0341
474.00,14.0064
474.50,13.9843
475.00,13.9800
475.50,14.0039
476.00,14.0578
476.50,14.1343
477.00,14.2192
477.50,14.2947
478.00,14.3464
478.50,14.3721
479.00,14.3810
479.50,14.3846
480.00,14.3850
480.50,14.3743
481.00,14.3418
481.50,14.2834
482.00,14.2081
482.50,14.1368
483.00,14.0916
483.50,14.0821
484.00,14.1010
484.50,14.1294
485.00,14.1482
485.50,14.1458
486.00,14.1203
486.50,14.0766
487.00,14.0229
487.50,13.9700
488.00,13.9323
488.50,13.9238
489.00,13.9516
489.50,14.0138
490.00,14.1004
490.50,14.1928
491.00,14.2637
491.50,14.2892
492.00,14.2692
492.50,14.2350
493.00,14.2285
493.50,14.2688
494.00,14.3413
494.50,14.4139
495.00,14.4607
495.50,14.4715
496.00,14.4481
496.50,14.3998
497.00,14.3415
497.50,14.2908
498.00,14.2594
498.50,14.2487
499.00,14.2507
499.50,14.2566
500.00,14.2640
500.50,14.2775
501.00,14.3020
501.50,14.3376
502.00,14.3788
502.50,14.4200
503.00,14.4599
503.50,14.4999
504.00,14.5369
504.50,14.5586
505.00,14.5492
505.50,14.5020
506.00,14.4280
506.50,14.3501
507.00,14.2895
507.50,14.2558
508.00,14.2450
508.50,14.2444
509.00,14.2413
509.50,14.2327
510.00,14.2269
510.50,14.2347
511.00,14.2585
511.50,14.2891
512.00,14.3135
512.50,14.3238
513.00,14.3186
513.50,14.3002
514.00,14.2723
514.50,14.2427
515.00,14.2220
515.50,14.2157
516.00,14.2191
516.50,14.2220
517.00,14.2184
517.50,14.2084
518.00,14.1944
518.50,14.1797
519.00,14.1723
519.50,14.1823
520.00,14.2095
520.50,14.2370
521.00,14.2421
521.50,14.2153
522.00,14.1646
522.50,14.1045
523.00,14.0463
523.50,13.9996
524.00,13.9770
524.50,13.9897
525.00,14.0374
525.50,14.1044
526.00,14.1690
526.50,14.2189
527.00,14.2590
527.50,14.3020
528.00,14.3514
528.50,14.3946
529.00,14.4122
529.50,14.3927
530.00,14.3401
530.50,14.2739
531.00,14.2216
531.50,14.2062
532.00,14.2298
532.50,14.2697
533.00,14.2933
533.50,14.2820
534.00,14.2434
534.50,14.2027
535.00,14.1812
535.50,14.1795
536.00,14.1786
536.50,14.1578
537.00,14.1128
537.50,14.0588
538.00,14.0189
538.50,14.0097
539.00,14.0356
539.50,14.0905
540.00,14.1620
540.50,14.2350
541.00,14.2946
541.50,14.3296
542.00,14.3382
542.50,14.3281
543.00,14.3111
543.50,14.2979
544.00,14.2988
544.50,14.3225
545.00,14.3700
545.50,14.4278
546.00,14.4724
546.50,14.4864
547.00,14.4708
547.50,14.4426
548.00,14.4228
548.50,14.4238
549.00,14.4458
549.50,14.4797
550.00,14.5130
550.50,14.5323
551.00,14.5264
551.50,14.4922
552.00,14.4420
552.50,14.3996
553.00,14.3853
553.50,14.4005
554.00,14.4274
554.50,14.4470
555.00,14.4546
555.50,14.4600
556.00,14.4724
556.50,14.4896
557.00,14.5036
557.50,14.5123
558.00,14.5220
558.50,14.5375
559.00,14.5551
559.50,14.5658
560.00,14.5657
560.50,14.5604
561.00,14.5609
561.50,14.5738
562.00,14.5930
562.50,14.6023
563.00,14.5870
563.50,14.5468
564.00,14.4979
564.50,14.4635
565.00,14.4620
565.50,14.4975
566.00,14.5589
566.50,14.6269
567.00,14.6860
567.50,14.7327
568.00,14.7735
568.50,14.8152
569.00,14.8549
569.50,14.8795
570.00,14.8740
570.50,14.8318
571.00,14.7608
571.50,14.6801
572.00,14.6090
572.50,14.5579
573.00,14.5275
573.50,14.5143
574.00,14.5178
574.50,14.5403
575.00,14.5834
575.50,14.6414
576.00,14.7007
576.50,14.7445
577.00,14.7620
577.50,14.7555
578.00,14.7401
578.50,14.7335
579.00,14.7418
579.50,14.7538
580.00,14.7505
580.50,14.7225
581.00,14.6788
581.50,14.6402
582.00,14.6253
582.50,14.6413
583.00,14.6820
583.50,14.7323
584.00,14.7763
584.50,14.8049
585.00,14.8188
585.50,14.8229
586.00,14.8202
586.50,14.8130
587.00,14.8063
587.50,14.8073
588.00,14.8198
588.50,14.8406
589.00,14.8621
589.50,14.8787
590.00,14.8899
590.50,14.8977
591.00,14.9004
591.50,14.8941
592.00,14.8816
592.50,14.8786
593.00,14.9034
593.50,14.9589
594.00,15.0259
594.50,15.0751
595.00,15.0870
595.50,15.0617
596.00,15.0153
596.50,14.9699
597.00,14.9448
597.50,14.9482
598.00,14.9728
598.50,14.9996
599.00,15.0089
599.50,14.9930
600.00,14.9604
600.50,14.9298
601.00,14.9178
601.50,14.9265
602.00,14.9431
602.50,14.9494
603.00,14.9378
603.50,14.9174
604.00,14.9064
604.50,14.9175
605.00,14.9471
605.50,14.9786
606.00,14.9927
606.50,14.9788
607.00,14.9401
607.50,14.8931
608.00,14.8614
608.50,14.8644
609.00,14.9039
609.50,14.9605
610.00,15.0042
610.50,15.0154
611.00,14.9971
611.50,14.9686
612.00,14.9461
612.50,14.9292
613.00,14.9051
613.50,14.8658
614.00,14.8223
614.50,14.8012
615.00,14.8242
615.50,14.8890
616.00,14.9699
616.50,15.0378
617.00,15.0777
617.50,15.0883
618.00,15.0725
618.50,15.0348
619.00,14.9874
619.50,14.9496
620.00,14.9359
620.50,14.9446
621.00,14.9591
621.50,14.9605
622.00,14.9382
622.50,14.8925
623.00,14.8321
623.50,14.7705
624.00,14.7209
624.50,14.6913
625.00,14.6848
625.50,14.7022
626.00,14.7408
626.50,14.7893
627.00,14.8296
627.50,14.8482
628.00,14.8461
628.50,14.8372
629.00,14.8368
629.50,14.8525
630.00,14.8832
630.50,14.9250
631.00,14.9756
631.50,15.0335
632.00,15.0930
632.50,15.1425
633.00,15.1697
633.50,15.1694
634.00,15.1471
634.50,15.1156
635.00,15.0880
635.50,15.0697
636.00,15.0510
636.50,15.0101
637.00,14.9304
637.50,14.8213
638.00,14.7176
638.50,14.6545
639.00,14.6407
639.50,14.6577
640.00,14.6837
640.50,14.7135
641.00,14.7534
641.50,14.8030
642.00,14.8457
642.50,14.8591
643.00,14.8325
643.50,14.7767
644.00,14.7184
644.50,14.6832
645.00,14.6813
645.50,14.7038
646.00,14.7311
646.50,14.7458
647.00,14.7427
647.50,14.7326
648.00,14.7352
648.50,14.7650
649.00,14.8184
649.50,14.8765
650.00,14.9211
650.50,14.9483
651.00,14.9679
651.50,14.9882
652.00,15.0053
652.50,15.0069
653.00,14.9874
653.50,14.9528
654.00,14.9120
654.50,14.8660
655.00,14.8114
655.50,14.7523
656.00,14.7047
656.50,14.6881
657.00,14.7105
657.50,14.7627
658.00,14.8239
658.50,14.8742
659.00,14.9053
659.50,14.9205
660.00,14.9251
660.50,14.9198
661.00,14.9066
661.50,14.8974
662.00,14.9121
662.50,14.9615
663.00,15.0351
663.50,15.1086
664.00,15.1613
664.50,15.1860
665.00,15.1846
665.50,15.1616
666.00,15.1233
666.50,15.0778
667.00,15.0334
667.50,14.9967
668.00,14.9727
668.50,14.9679
669.00,14.9876
669.50,15.0283
670.00,15.0734
670.50,15.0999
671.00,15.0943
671.50,15.0628
672.00,15.0249
672.50,14.9987
673.00,14.9924
673.50,15.0071
674.00,15.0414
674.50,15.0890
675.00,15.1328
675.50,15.1504
676.00,15.1290
676.50,15.0757
677.00,15.0137
677.50,14.9673
678.00,14.9501
678.50,14.9609
679.00,14.9893
679.50,15.0248
680.00,15.0634
680.50,15.1063
681.00,15.1538
681.50,15.2007
682.00,15.2376
682.50,15.2562
683.00,15.2539
683.50,15.2335
684.00,15.1975
684.50,15.1462
685.00,15.0837
685.50,15.0244
686.00,14.9877
686.50,14.9828
687.00,14.9993
687.50,15.0166
688.00,15.0216
688.50,15.0180
689.00,15.0164
689.50,15.0203
690.00,15.0236
690.50,15.0223
691.00,15.0232
691.50,15.0380
692.00,15.0697
692.50,15.1040
693.00,15.1147
693.50,15.0806
694.00,15.0013
694.50,14.9004
695.00,14.8111
695.50,14.7561
696.00,14.7372
696.50,14.7438
697.00,14.7703
697.50,14.8233
698.00,14.9098
698.50,15.0179
699.00,15.1158
699.50,15.1755
700.00,15.1969
700.50,15.2023
701.00,15.2079
701.50,15.2062
702.00,15.1801
702.50,15.1296
703.00,15.0769
703.50,15.0473
704.00,15.0510
704.50,15.0826
705.00,15.1280
705.50,15.1679
706.00,15.1828
706.50,15.1665
707.00,15.1359
707.50,15.1215
708.00,15.1424
708.50,15.1916
709.00,15.2421
709.50,15.2677
710.00,15.2609
710.50,15.2364
711.00,15.2201
711.50,15.2323
712.00,15.2772
712.50,15.3432
713.00,15.4088
713.50,15.4514
714.00,15.4567
714.50,15.4272
715.00,15.3816
715.50,15.3453
716.00,15.3365
716.50,15.3602
717.00,15.4085
717.50,15.4641
718.00,15.5084
718.50,15.5295
719.00,15.5279
719.50,15.5119
720.00,15.4888
720.50,15.4615
721.00,15.4331
721.50,15.4102
722.00,15.3993
722.50,15.3987
723.00,15.3971
723.50,15.3815
724.00,15.3488
724.50,15.3087
725.00,15.2746
725.50,15.2557
726.00,15.2553
726.50,15.2747
727.00,15.3106
727.50,15.3518
728.00,15.3844
728.50,15.4030
729.00,15.4147
729.50,15.4293
730.00,15.4477
730.50,15.4630
731.00,15.4689
731.50,15.4629
732.00,15.4431
732.50,15.4073
733.00,15.3579
733.50,15.3041
734.00,15.2584
734.50,15.2296
735.00,15.2185
735.50,15.2185
736.00,15.2196
736.50,15.2157
737.00,15.2093
737.50,15.2092
738.00,15.2225
738.50,15.2505
739.00,15.2894
739.50,15.3328
740.00,15.3743
740.50,15.4103
741.00,15.4388
741.50,15.4566
742.00,15.4592
742.50,15.4470
743.00,15.4288
743.50,15.4166
744.00,15.4147
744.50,15.4134
745.00,15.3960
745.50,15.3527
746.00,15.2893
746.50,15.2236
747.00,15.1741
747.50,15.1524
748.00,15.1619
748.50,15.1966
749.00,15.2405
749.50,15.2733
750.00,15.2828
750.50,15.2737
751.00,15.2625
751.50,15.2651
752.00,15.2862
752.50,15.3207
753.00,15.3614
753.50,15.4044
754.00,15.4450
754.50,15.4703
755.00,15.4603
755.50,15.4022
756.00,15.3053
756.50,15.2015
757.00,15.1263
757.50,15.0959
758.00,15.0989
758.50,15.1079
759.00,15.1000
759.50,15.0698
760.00,15.0280
760.50,14.9931
761.00,14.9829
761.50,15.0071
762.00,15.0602
762.50,15.1203
763.00,15.1580
763.50,15.1534
764.00,15.1100
764.50,15.0526
765.00,15.0117
765.50,15.0039
766.00,15.0251
766.50,15.0583
767.00,15.0883
767.50,15.1108
768.00,15.1315
768.50,15.1569
769.00,15.1890
769.50,15.2234
770.00,15.2519
770.50,15.2676
771.00,15.2715
771.50,15.2758
772.00,15.2957
772.50,15.3345
773.00,15.3758
773.50,15.3951
774.00,15.3780
774.50,15.3294
775.00,15.2697
775.50,15.2219
776.00,15.1996
776.50,15.2002
777.00,15.2065
777.50,15.1974
778.00,15.1601
778.50,15.0970
779.00,15.0250
779.50,14.9673
780.00,14.9422
780.50,14.9522
781.00,14.9834
781.50,15.0164
782.00,15.0410
782.50,15.0614
783.00,15.0857
783.50,15.1145
784.00,15.1398
784.50,15.1550
785.00,15.1624
785.50,15.1714
786.00,15.1897
786.50,15.2162
787.00,15.2422
787.50,15.2594
788.00,15.2667
788.50,15.2685
789.00,15.2682
789.50,15.2642
790.00,15.2545
790.50,15.2427
791.00,15.2351
791.50,15.2322
792.00,15.2285
792.50,15.2214
793.00,15.2174
793.50,15.2266
794.00,15.2533
794.50,15.2909
795.00,15.3253
795.50,15.3401
796.00,15.3218
796.50,15.2683
797.00,15.1932
797.50,15.1218
798.00,15.0751
798.50,15.0567
799.00,15.0549
799.50,15.0552
800.00,15.0513
800.50,15.0453
801.00,15.0408
801.50,15.0394
802.00,15.0445
802.50,15.0629
803.00,15.0993
803.50,15.1474
804.00,15.1872
804.50,15.1979
805.00,15.1756
805.50,15.1395
806.00,15.1167
806.50,15.1215
807.00,15.1462
807.50,15.1716
808.00,15.1843
808.50,15.1841
809.00,15.1800
809.50,15.1813
810.00,15.1917
810.50,15.2094
811.00,15.2280
811.50,15.2359
812.00,15.2169
812.50,15.1581
813.00,15.0620
813.50,14.9516
814.00,14.8620
814.50,14.8218
815.00,14.8366
815.50,14.8859
816.00,14.9347
816.50,14.9549
817.00,14.9407
817.50,14.9064
818.00,14.8712
818.50,14.8462
819.00,14.8346
819.50,14.8373
820.00,14.8573
820.50,14.8982
821.00,14.9622
821.50,15.0454
822.00,15.1348
822.50,15.2117
823.00,15.2586
823.50,15.2664
824.00,15.2365
824.50,15.1813
825.00,15.1240
825.50,15.0901
826.00,15.0928
826.50,15.1228
827.00,15.1534
827.50,15.1592
828.00,15.1322
828.50,15.0834
829.00,15.0345
829.50,15.0060
830.00,15.0097
830.50,15.0426
831.00,15.0888
831.50,15.1297
832.00,15.1567
832.50,15.1746
833.00,15.1940
833.50,15.2211
834.00,15.2541
834.50,15.2880
835.00,15.3191
835.50,15.3447
836.00,15.3637
836.50,15.3777
837.00,15.3907
837.50,15.4060
838.00,15.4261
838.50,15.4528
839.00,15.4866
839.50,15.5198
840.00,15.5357
840.50,15.5196
841.00,15.4717
841.50,15.4107
842.00,15.3613
842.50,15.3365
843.00,15.3312
843.50,15.3300
844.00,15.3230
844.50,15.3129
845.00,15.3078
845.50,15.3076
846.00,15.3008
846.50,15.2730
847.00,15.2197
847.50,15.1489
848.00,15.0775
848.50,15.0233
849.00,14.9991
849.50,15.0083
850.00,15.0466
850.50,15.1071
851.00,15.1820
851.50,15.2591
852.00,15.3191
852.50,15.3428
853.00,15.3260
853.50,15.2868
854.00,15.2539
854.50,15.2455
855.00,15.2574
855.50,15.2720
856.00,15.2778
856.50,15.2801
857.00,15.2923
857.50,15.3186
858.00,15.3473
858.50,15.3595
859.00,15.3412
859.50,15.2895
860.00,15.2141
860.50,15.1367
861.00,15.0861
861.50,15.0834
862.00,15.1285
862.50,15.2030
863.00,15.2869
863.50,15.3686
864.00,15.4389
864.50,15.4840
865.00,15.4908
865.50,15.4572
866.00,15.3938
866.50,15.3139
867.00,15.2296
867.50,15.1551
868.00,15.1071
868.50,15.0968
869.00,15.1210
869.50,15.1641
870.00,15.2096
870.50,15.2504
871.00,15.2872
871.50,15.3193
872.00,15.3415
872.50,15.3500
873.00,15.3524
873.50,15.3658
874.00,15.4046
874.50,15.4660
875.00,15.5281
875.50,15.5602
876.00,15.5418
876.50,15.4779
877.00,15.3998
877.50,15.3461
878.00,15.3371
878.50,15.3621
879.00,15.3889
879.50,15.3903
880.00,15.3608
880.50,15.3122
881.00,15.2573
881.50,15.2032
882.00,15.1569
882.50,15.1297
883.00,15.1291
883.50,15.1507
884.00,15.1822
884.50,15.2155
885.00,15.2529
885.50,15.3004
886.00,15.3561
886.50,15.4088
887.00,15.4462
887.50,15.4660
888.00,15.4729
888.50,15.4695
889.00,15.4516
889.50,15.4182
890.00,15.3813
890.50,15.3609
891.00,15.3668
891.50,15.3907
892.00,15.4164
892.50,15.4353
893.00,15.4496
893.50,15.4599
894.00,15.4569
894.50,15.4274
895.00,15.3690
895.50,15.2963
896.00,15.2310
896.50,15.1878
897.00,15.1682
897.50,15.1665
898.00,15.1765
898.50,15.1946
899.00,15.2167
899.50,15.2358
900.00,15.2457
900.50,15.2461
901.00,15.2435
901.50,15.2461
902.00,15.2579
902.50,15.2763
903.00,15.2921
903.50,15.2931
904.00,15.2722
904.50,15.2367
905.00,15.2084
905.50,15.2116
906.00,15.2553
906.50,15.3286
907.00,15.4077
907.50,15.4702
908.00,15.5036
908.50,15.5054
909.00,15.4796
909.50,15.4363
910.00,15.3920
910.50,15.3669
911.00,15.3733
911.50,15.4054
912.00,15.4405
912.50,15.4546
913.00,15.4397
913.50,15.4093
914.00,15.3868
914.50,15.3877
915.00,15.4107
915.50,15.4447
916.00,15.4828
916.50,15.5273
917.00,15.5801
917.50,15.6288
918.00,15.6487
918.50,15.6197
919.00,15.5449
919.50,15.4489
920.00,15.3612
920.50,15.2983
921.00,15.2605
921.50,15.2415
922.00,15.2364
922.50,15.2394
923.00,15.2403
923.50,15.2276
924.00,15.1978
924.50,15.1565
925.00,15.1096
925.50,15.0568
926.00,14.9969
926.50,14.9368
927.00,14.8936
927.50,14.8842
928.00,14.9147
928.50,14.9764
929.00,15.0515
929.50,15.1221
930.00,15.1787
930.50,15.2211
931.00,15.2524
931.50,15.2714
932.00,15.2727
932.50,15.2555
933.00,15.2302
933.50,15.2127
934.00,15.2105
934.50,15.2154
935.00,15.2114
935.50,15.1887
936.00,15.1502
936.50,15.1066
937.00,15.0690
937.50,15.0434
938.00,15.0312
938.50,15.0294
939.00,15.0309
939.50,15.0265
940.00,15.0100
940.50,14.9841
941.00,14.9601
941.50,14.9494
942.00,14.9538
942.50,14.9654
943.00,14.9769
943.50,14.9880
944.00,15.0009
944.50,15.0112
945.00,15.0070
945.50,14.9778
946.00,14.9245
946.50,14.8613
947.00,14.8090
947.50,14.7858
948.00,14.7998
948.50,14.8456
949.00,14.9067
949.50,14.9628
950.00,14.9997
950.50,15.0131
951.00,15.0068
951.50,14.9860
952.00,14.9549
952.50,14.9169
953.00,14.8762
953.50,14.8388
954.00,14.8109
954.50,14.7971
955.00,14.7969
955.50,14.8026
956.00,14.8026
956.50,14.7884
957.00,14.7604
957.50,14.7252
958.00,14.6897
958.50,14.6596
959.00,14.6416
959.50,14.6425
960.00,14.6627
960.50,14.6923
961.00,14.7169
961.50,14.7267
962.00,14.7190
962.50,14.6945
963.00,14.6538
963.50,14.6009
964.00,14.5487
964.50,14.5165
965.00,14.5170
965.50,14.5446
966.00,14.5781
966.50,14.5975
967.00,14.5993
967.50,14.5955
968.00,14.6005
968.50,14.6172
969.00,14.6345
969.50,14.6365
970.00,14.6158
970.50,14.5794
971.00,14.5396
971.50,14.5027
972.00,14.4683
972.50,14.4398
973.00,14.4286
973.50,14.4451
974.00,14.4866
974.50,14.5365
975.00,14.5733
975.50,14.5837
976.00,14.5712
976.50,14.5533
977.00,14.5462
977.50,14.5483
978.00,14.5398
978.50,14.5026
979.00,14.4406
979.50,14.3808
980.00,14.3541
980.50,14.3747
981.00,14.4332
981.50,14.5066
982.00,14.5727
982.50,14.6175
983.00,14.6356
983.50,14.6300
984.00,14.6123
984.50,14.5995
985.00,14.6033
985.50,14.6202
986.00,14.6348
986.50,14.6324
987.00,14.6081
987.50,14.5672
988.00,14.5241
988.50,14.4998
989.00,14.5134
989.50,14.5676
990.00,14.6414
990.50,14.7017
991.00,14.7253
991.50,14.7139
992.00,14.6913
992.50,14.6875
993.00,14.7186
993.50,14.7758
994.00,14.8307
994.50,14.8535
995.00,14.8311
995.50,14.7748
996.00,14.7112
996.50,14.6658
997.00,14.6488
997.50,14.6525
998.00,14.6610
998.50,14.6632
999.00,14.6581
999.50,14.6507
1000.00,14.6440
1000.50,14.6373
1001.00,14.6302
1001.50,14.6295
1002.00,14.6470
1002.50,14.6924
1003.00,14.7635
1003.50,14.8451
1004.00,14.9143
1004.50,14.9531
1005.00,14.9587
1005.50,14.9471
1006.00,14.9432
1006.50,14.9634
1007.00,15.0048
1007.50,15.0495
1008.00,15.0792
1008.50,15.0866
1009.00,15.0754
1009.50,15.0529
1010.00,15.0257
1010.50,15.0010
1011.00,14.9910
1011.50,15.0097
1012.00,15.0629
1012.50,15.1400
1013.00,15.2182
1013.50,15.2783
1014.00,15.3158
1014.50,15.3380
1015.00,15.3521
1015.50,15.3588
1016.00,15.3546
1016.50,15.3392
1017.00,15.3205
1017.50,15.3110
1018.00,15.3197
1018.50,15.3441
1019.00,15.3702
1019.50,15.3839
1020.00,15.3838
1020.50,15.3847
1021.00,15.4064
1021.50,15.4556
1022.00,15.5176
1022.50,15.5654
1023.00,15.5792
1023.50,15.5595
1024.00,15.5230
1024.50,15.4844
1025.00,15.4453
1025.50,15.4002
1026.00,15.3517
1026.50,15.3187
1027.00,15.3242
1027.50,15.3757
1028.00,15.4563
1028.50,15.5358
1029.00,15.5908
1029.50,15.6165
1030.00,15.6256
1030.50,15.6378
1031.00,15.6672
1031.50,15.7135
1032.00,15.7594
1032.50,15.7779
1033.00,15.7488
1033.50,15.6759
1034.00,15.5918
1034.50,15.5424
1035.00,15.5591
1035.50,15.6393
1036.00,15.7482
1036.50,15.8405
1037.00,15.8855
1037.50,15.8785
1038.00,15.8338
1038.50,15.7695
1039.00,15.7015
1039.50,15.6446
1040.00,15.6118
1040.50,15.6062
1041.00,15.6156
1041.50,15.6200
1042.00,15.6098
1042.50,15.5942
1043.00,15.5915
1043.50,15.6079
1044.00,15.6294
1044.50,15.6338
1045.00,15.6122
1045.50,15.5793
1046.00,15.5624
1046.50,15.5785
1047.00,15.6213
1047.50,15.6677
1048.00,15.6979
1048.50,15.7094
1049.00,15.7116
1049.50,15.7097
1050.00,15.6999
1050.50,15.6832
1051.00,15.6767
1051.50,15.7040
1052.00,15.7710
1052.50,15.8511
1053.00,15.8989
1053.50,15.8767
1054.00,15.7772
1054.50,15.6274
1055.00,15.4754
1055.50,15.3672
1056.00,15.3262
1056.50,15.3453
1057.00,15.3944
1057.50,15.4386
1058.00,15.4561
1058.50,15.4456
1059.00,15.4184
1059.50,15.3868
1060.00,15.3579
1060.50,15.3358
1061.00,15.3245
1061.50,15.3247
1062.00,15.3295
1062.50,15.3256
1063.00,15.3045
1063.50,15.2708
1064.00,15.2387
1064.50,15.2192
1065.00,15.2127
1065.50,15.2147
1066.00,15.2214
1066.50,15.2290
1067.00,15.2330
1067.50,15.2336
1068.00,15.2398
1068.50,15.2620
1069.00,15.3009
1069.50,15.3445
1070.00,15.3778
1070.50,15.3925
1071.00,15.3919
1071.50,15.3874
1072.00,15.3920
1072.50,15.4125
1073.00,15.4460
1073.50,15.4795
1074.00,15.4942
1074.50,15.4725
1075.00,15.4063
1075.50,15.3040
1076.00,15.1895
1076.50,15.0940
1077.00,15.0439
1077.50,15.0494
1078.00,15.1004
1078.50,15.1701
1079.00,15.2268
1079.50,15.2474
1080.00,15.2255
1080.50,15.1729
1081.00,15.1126
1081.50,15.0688
1082.00,15.0585
1082.50,15.0856
1083.00,15.1383
1083.50,15.1928
1084.00,15.2236
1084.50,15.2166
1085.00,15.1736
1085.50,15.1095
1086.00,15.0461
1086.50,15.0044
1087.00,14.9949
1087.50,15.0110
1088.00,15.0349
1088.50,15.0530
1089.00,15.0650
1089.50,15.0775
1090.00,15.0920
1090.50,15.1031
1091.00,15.1086
1091.50,15.1158
1092.00,15.1348
1092.50,15.1653
1093.00,15.1937
1093.50,15.2032
1094.00,15.1871
1094.50,15.1529
1095.00,15.1143
1095.50,15.0800
1096.00,15.0496
1096.50,15.0178
1097.00,14.9815
1097.50,14.9428
1098.00,14.9062
1098.50,14.8760
1099.00,14.8549
1099.50,14.8435
1100.00,14.8418
1100.50,14.8506
1101.00,14.8718
1101.50,14.9040
1102.00,14.9375
1102.50,14.9580
1103.00,14.9564
1103.50,14.9364
1104.00,14.9124
1104.50,14.9012
1105.00,14.9140
1105.50,14.9506
1106.00,14.9982
1106.50,15.0363
1107.00,15.0504
1107.50,15.0436
1108.00,15.0334
1108.50,15.0338
1109.00,15.0410
1109.50,15.0428
1110.00,15.0382
1110.50,15.0403
1111.00,15.0566
1111.50,15.0728
1112.00,15.0628
1112.50,15.0132
1113.00,14.9372
1113.50,14.8640
1114.00,14.8189
1114.50,14.8092
1115.00,14.8229
1115.50,14.8408
1116.00,14.8503
1116.50,14.8518
1117.00,14.8536
1117.50,14.8621
1118.00,14.8761
1118.50,14.8869
1119.00,14.8844
1119.50,14.8631
1120.00,14.8265
1120.50,14.7870
1121.00,14.7599
1121.50,14.7562
1122.00,14.7787
1122.50,14.8219
1123.00,14.8743
1123.50,14.9230
1124.00,14.9585
1124.50,14.9795
1125.00,14.9903
1125.50,14.9936
1126.00,14.9852
1126.50,14.9584
1127.00,14.9141
1127.50,14.8643
1128.00,14.8246
1128.50,14.8038
1129.00,14.7980
1129.50,14.7939
1130.00,14.7775
1130.50,14.7450
1131.00,14.7059
1131.50,14.6791
1132.00,14.6843
1132.50,14.7318
1133.00,14.8138
1133.50,14.8998
1134.00,14.9510
1134.50,14.9457
1135.00,14.8956
1135.50,14.8356
1136.00,14.7985
1136.50,14.7946
1137.00,14.8115
1137.50,14.8300
1138.00,14.8424
1138.50,14.8536
1139.00,14.8688
1139.50,14.8813
1140.00,14.8755
1140.50,14.8417
1141.00,14.7868
1141.50,14.7305
1142.00,14.6926
1142.50,14.6826
1143.00,14.6963
1143.50,14.7192
1144.00,14.7374
1144.50,14.7467
1145.00,14.7538
1145.50,14.7668
1146.00,14.7856
1146.50,14.8026
1147.00,14.8118
1147.50,14.8163
1148.00,14.8255
1148.50,14.8468
1149.00,14.8794
1149.50,14.9151
1150.00,14.9448
1150.50,14.9639
1151.00,14.9750
1151.50,14.9818
1152.00,14.9818
1152.50,14.9637
1153.00,14.9164
1153.50,14.8395
1154.00,14.7484
1154.50,14.6675
1155.00,14.6172
1155.50,14.6041
1156.00,14.6201
1156.50,14.6498
1157.00,14.6811
1157.50,14.7103
1158.00,14.7422
1158.50,14.7847
1159.00,14.8406
1159.50,14.9032
1160.00,14.9582
1160.50,14.9927
1161.00,15.0023
1161.50,14.9934
1162.00,14.9791
1162.50,14.9696
1163.00,14.9656
1163.50,14.9614
1164.00,14.9550
1164.50,14.9512
1165.00,14.9543
1165.50,14.9594
1166.00,14.9532
1166.50,14.9249
1167.00,14.8739
1167.50,14.8077
1168.00,14.7362
1168.50,14.6689
1169.00,14.6150
1169.50,14.5838
1170.00,14.5832
1170.50,14.6153
1171.00,14.6722
1171.50,14.7345
1172.00,14.7785
1172.50,14.7889
1173.00,14.7692
1173.50,14.7406
1174.00,14.7268
1174.50,14.7355
1175.00,14.7557
1175.50,14.7708
1176.00,14.7759
1176.50,14.7803
1177.00,14.7929
1177.50,14.8093
1178.00,14.8159
1178.50,14.8069
1179.00,14.7925
1179.50,14.7851
1180.00,14.7817
1180.50,14.7640
1181.00,14.7160
1181.50,14.6410
1182.00,14.5622
1182.50,14.5063
1183.00,14.4859
1183.50,14.4946
1184.00,14.5165
1184.50,14.5399
1185.00,14.5619
1185.50,14.5837
1186.00,14.6048
1186.50,14.6233
1187.00,14.6379
1187.50,14.6488
1188.00,14.6539
1188.50,14.6468
1189.00,14.6203
1189.50,14.5740
1190.00,14.5178
1190.50,14.4667
1191.00,14.4301
1191.50,14.4068
1192.00,14.3896
1192.50,14.3729
1193.00,14.3580
1193.50,14.3515
1194.00,14.3582
1194.50,14.3743
1195.00,14.3890
1195.50,14.3940
1196.00,14.3914
1196.50,14.3890
1197.00,14.3909
1197.50,14.3941
1198.00,14.3948
1198.50,14.3933
1199.00,14.3938
1199.50,14.3990
1200.00,14.4082
1200.50,14.4193
1201.00,14.4300
1201.50,14.4360
1202.00,14.4301
1202.50,14.4060
1203.00,14.3640
1203.50,14.3116
1204.00,14.2587
1204.50,14.2152
1205.00,14.1913
1205.50,14.1946
1206.00,14.2238
1206.50,14.2638
1207.00,14.2917
1207.50,14.2922
1208.00,14.2689
1208.50,14.2411
1209.00,14.2289
1209.50,14.2391
1210.00,14.2632
1210.50,14.2873
1211.00,14.3056
1211.50,14.3246
1212.00,14.3535
1212.50,14.3907
1213.00,14.4222
1213.50,14.4318
1214.00,14.4132
1214.50,14.3714
1215.00,14.3160
1215.50,14.2545
1216.00,14.1937
1216.50,14.1436
1217.00,14.1195
1217.50,14.1350
1218.00,14.1912
1218.50,14.2734
1219.00,14.3572
1219.50,14.4206
1220.00,14.4533
1220.50,14.4560
1221.00,14.4342
1221.50,14.3941
1222.00,14.3453
1222.50,14.3049
1223.00,14.2911
1223.50,14.3117
1224.00,14.3607
1224.50,14.4252
1225.00,14.4920
1225.50,14.5465
1226.00,14.5734
1226.50,14.5622
1227.00,14.5154
1227.50,14.4477
1228.00,14.3782
1228.50,14.3205
1229.00,14.2785
1229.50,14.2482
1230.00,14.2227
1230.50,14.1970
1231.00,14.1717
1231.50,14.1551
1232.00,14.1608
1232.50,14.1986
1233.00,14.2646
1233.50,14.3399
1234.00,14.3972
1234.50,14.4142
1235.00,14.3854
1235.50,14.3272
1236.00,14.2702
1236.50,14.2429
1237.00,14.2549
1237.50,14.2959
1238.00,14.3461
1238.50,14.3911
1239.00,14.4256
1239.50,14.4499
1240.00,14.4655
1240.50,14.4748
1241.00,14.4807
1241.50,14.4839
1242.00,14.4813
1242.50,14.4687
1243.00,14.4459
1243.50,14.4189
1244.00,14.3966
1244.50,14.3822
1245.00,14.3716
1245.50,14.3586
1246.00,14.3451
1246.50,14.3424
1247.00,14.3600
1247.50,14.3926
1248.00,14.4191
1248.50,14.4208
1249.00,14.3991
1249.50,14.3740
1250.00,14.3647
1250.50,14.3731
1251.00,14.3880
1251.50,14.4014
1252.00,14.4150
1252.50,14.4343
1253.00,14.4591
1253.50,14.4835
1254.00,14.5017
1254.50,14.5123
1255.00,14.5186
1255.50,14.5245
1256.00,14.5289
1256.50,14.5244
1257.00,14.5019
1257.50,14.4599
1258.00,14.4094
1258.50,14.3680
1259.00,14.3481
1259.50,14.3500
1260.00,14.3672
1260.50,14.3952
1261.00,14.4335
1261.50,14.4820
1262.00,14.5370
1262.50,14.5914
1263.00,14.6378
1263.50,14.6688
1264.00,14.6770
1264.50,14.6568
1265.00,14.6070
1265.50,14.5327
1266.00,14.4479
1266.50,14.3746
1267.00,14.3338
1267.50,14.3323
1268.00,14.3568
1268.50,14.3824
1269.00,14.3908
1269.50,14.3849
1270.00,14.3862
1270.50,14.4169
1271.00,14.4797
1271.50,14.5536
1272.00,14.6065
1272.50,14.6153
1273.00,14.5801
1273.50,14.5241
1274.00,14.4801
1274.50,14.4699
1275.00,14.4920
1275.50,14.5271
1276.00,14.5528
1276.50,14.5552
1277.00,14.5306
1277.50,14.4858
1278.00,14.4370
1278.50,14.4025
1279.00,14.3913
1279.50,14.3984
1280.00,14.4119
1280.50,14.4231
1281.00,14.4281
1281.50,14.4228
1282.00,14.4035
1282.50,14.3740
1283.00,14.3486
1283.50,14.3436
1284.00,14.3642
1284.50,14.4003
1285.00,14.4343
1285.50,14.4540
1286.00,14.4593
1286.50,14.4585
1287.00,14.4595
1287.50,14.4615
1288.00,14.4544
1288.50,14.4267
1289.00,14.3752
1289.50,14.3101
1290.00,14.2497
1290.50,14.2085
1291.00,14.1894
1291.50,14.1862
1292.00,14.1923
1292.50,14.2054
1293.00,14.2255
1293.50,14.2520
1294.00,14.2840
1294.50,14.3202
1295.00,14.3570
1295.50,14.3864
1296.00,14.3994
1296.50,14.3949
1297.00,14.3848
1297.50,14.3883
1298.00,14.4161
1298.50,14.4605
1299.00,14.4996
1299.50,14.5136
1300.00,14.4987
1300.50,14.4666
1301.00,14.4332
1301.50,14.4054
1302.00,14.3798
1302.50,14.3512
1303.00,14.3206
1303.50,14.2957
1304.00,14.2846
1304.50,14.2900
1305.00,14.3081
1305.50,14.3298
1306.00,14.3429
1306.50,14.3372
1307.00,14.3097
1307.50,14.2677
1308.00,14.2264
1308.50,14.2028
1309.00,14.2101
1309.50,14.2531
1310.00,14.3249
1310.50,14.4061
1311.00,14.4702
1311.50,14.4977
1312.00,14.4873
1312.50,14.4546
1313.00,14.4218
1313.50,14.4043
1314.00,14.4058
1314.50,14.4199
1315.00,14.4388
1315.50,14.4610
1316.00,14.4916
1316.50,14.5343
1317.00,14.5855
1317.50,14.6348
1318.00,14.6720
1318.50,14.6899
1319.00,14.6824
1319.50,14.6443
1320.00,14.5778
1320.50,14.4964
1321.00,14.4181
1321.50,14.3565
1322.00,14.3190
1322.50,14.3120
1323.00,14.3398
1323.50,14.3936
1324.00,14.4492
1324.50,14.4823
1325.00,14.4908
1325.50,14.4961
1326.00,14.5192
1326.50,14.5591
1327.00,14.5950
1327.50,14.6080
1328.00,14.5950
1328.50,14.5664
1329.00,14.5373
1329.50,14.5213
1330.00,14.5275
1330.50,14.5577
1331.00,14.6034
1331.50,14.6473
1332.00,14.6689
1332.50,14.6539
1333.00,14.6047
1333.50,14.5449
1334.00,14.5114
1334.50,14.5321
1335.00,14.6059
1335.50,14.7029
1336.00,14.7838
1336.50,14.8243
1337.00,14.8220
1337.50,14.7895
1338.00,14.7440
1338.50,14.7011
1339.00,14.6698
1339.50,14.6516
1340.00,14.6445
1340.50,14.6476
1341.00,14.6598
1341.50,14.6757
1342.00,14.6876
1342.50,14.6928
1343.00,14.6970
1343.50,14.7054
1344.00,14.7135
1344.50,14.7074
1345.00,14.6774
1345.50,14.6308
1346.00,14.5878
1346.50,14.5642
1347.00,14.5588
1347.50,14.5598
1348.00,14.5592
1348.50,14.5610
1349.00,14.5749
1349.50,14.6052
1350.00,14.6450
1350.50,14.6768
1351.00,14.6819
1351.50,14.6524
1352.00,14.5959
1352.50,14.5283
1353.00,14.4609
1353.50,14.3996
1354.00,14.3541
1354.50,14.3409
1355.00,14.3711
1355.50,14.4376
1356.00,14.5185
1356.50,14.5928
1357.00,14.6499
1357.50,14.6848
1358.00,14.6917
1358.50,14.6667
1359.00,14.6182
1359.50,14.5670
1360.00,14.5336
1360.50,14.5235
1361.00,14.5275
1361.50,14.5345
1362.00,14.5419
1362.50,14.5518
1363.00,14.5603
1363.50,14.5550
1364.00,14.5262
1364.50,14.4797
1365.00,14.4377
1365.50,14.4234
1366.00,14.4459
1366.50,14.4974
1367.00,14.5628
1367.50,14.6307
1368.00,14.6946
1368.50,14.7486
1369.00,14.7828
1369.50,14.7870
1370.00,14.7592
1370.50,14.7110
1371.00,14.6628
1371.50,14.6322
1372.00,14.6256
1372.50,14.6381
1373.00,14.6595
1373.50,14.6786
1374.00,14.6853
1374.50,14.6708
1375.00,14.6304
1375.50,14.5677
1376.00,14.4975
1376.50,14.4399
1377.00,14.4108
1377.50,14.4152
1378.00,14.4482
1378.50,14.5006
1379.00,14.5627
1379.50,14.6249
1380.00,14.6773
1380.50,14.7123
1381.00,14.7282
1381.50,14.7284
1382.00,14.7172
1382.50,14.6970
1383.00,14.6706
1383.50,14.6454
1384.00,14.6341
1384.50,14.6483
1385.00,14.6895
1385.50,14.7435
1386.00,14.7846
1386.50,14.7898
1387.00,14.7525
1387.50,14.6868
1388.00,14.6173
1388.50,14.5653
1389.00,14.5406
1389.50,14.5435
1390.00,14.5707
1390.50,14.6172
1391.00,14.6706
1391.50,14.7082
1392.00,14.7075
1392.50,14.6652
1393.00,14.6028
1393.50,14.5495
1394.00,14.5201
1394.50,14.5112
1395.00,14.5128
1395.50,14.5178
1396.00,14.5201
1396.50,14.5124
1397.00,14.4953
1397.50,14.4854
1398.00,14.5063
1398.50,14.5668
1399.00,14.6466
1399.50,14.7066
1400.00,14.7144
1400.50,14.6651
1401.00,14.5840
1401.50,14.5125
1402.00,14.4867
1402.50,14.5190
1403.00,14.5917
1403.50,14.6713
1404.00,14.7295
1404.50,14.7567
1405.00,14.7578
1405.50,14.7418
1406.00,14.7145
1406.50,14.6773
1407.00,14.6298
1407.50,14.5722
1408.00,14.5086
1408.50,14.4480
1409.00,14.4018
1409.50,14.3779
1410.00,14.3757
1410.50,14.3858
1411.00,14.3962
1411.50,14.4013
1412.00,14.4062
1412.50,14.4191
1413.00,14.4395
1413.50,14.4551
1414.00,14.4541
1414.50,14.4406
1415.00,14.4362
1415.50,14.4647
1416.00,14.5305
1416.50,14.6105
1417.00,14.6653
1417.50,14.6622
1418.00,14.5953
1418.50,14.4905
1419.00,14.3889
1419.50,14.3223
1420.00,14.2967
1420.50,14.2959
1421.00,14.2987
1421.50,14.2948
1422.00,14.2865
1422.50,14.2800
1423.00,14.2776
1423.50,14.2789
1424.00,14.2848
1424.50,14.2960
1425.00,14.3067
1425.50,14.3045
1426.00,14.2822
1426.50,14.2485
1427.00,14.2263
1427.50,14.2364
1428.00,14.2836
1428.50,14.3552
1429.00,14.4298
1429.50,14.4887
1430.00,14.5229
1430.50,14.5315
1431.00,14.5162
1431.50,14.4768
1432.00,14.4136
1432.50,14.3345
1433.00,14.2584
1433.50,14.2106
1434.00,14.2094
1434.50,14.2564
1435.00,14.3360
1435.50,14.4244
1436.00,14.4997
1436.50,14.5482
1437.00,14.5649
1437.50,14.5536
1438.00,14.5252
1438.50,14.4924
1439.00,14.4628
1439.50,14.4368
1440.00,14.4144
1440.50,14.4019
1441.00,14.4080
1441.50,14.4333
1442.00,14.4674
1442.50,14.4994
1443.00,14.5263
1443.50,14.5496
1444.00,14.5643
1444.50,14.5572
1445.00,14.5206
1445.50,14.4631
1446.00,14.4066
1446.50,14.3709
1447.00,14.3630
1447.50,14.3781
1448.00,14.4098
1448.50,14.4562
1449.00,14.5184
1449.50,14.5938
1450.00,14.6727
1450.50,14.7398
1451.00,14.7816
1451.50,14.7928
1452.00,14.7795
1452.50,14.7563
1453.00,14.7394
1453.50,14.7382
1454.00,14.7545
1454.50,14.7865
1455.00,14.8313
1455.50,14.8826
1456.00,14.9307
1456.50,14.9676
1457.00,14.9919
1457.50,15.0064
1458.00,15.0107
1458.50,14.9997
1459.00,14.9698
1459.50,14.9244
1460.00,14.8730
1460.50,14.8274
1461.00,14.7991
1461.50,14.7954
1462.00,14.8154
1462.50,14.8475
1463.00,14.8746
1463.50,14.8828
1464.00,14.8709
1464.50,14.8544
1465.00,14.8586
1465.50,14.9010
1466.00,14.9743
1466.50,15.0485
1467.00,15.0939
1467.50,15.1049
1468.00,15.0983
1468.50,15.0927
1469.00,15.0919
1469.50,15.0887
1470.00,15.0753
1470.50,15.0483
1471.00,15.0068
1471.50,14.9551
1472.00,14.9061
1472.50,14.8754
1473.00,14.8700
1473.50,14.8827
1474.00,14.9012
1474.50,14.9213
1475.00,14.9497
1475.50,14.9932
1476.00,15.0463
1476.50,15.0916
1477.00,15.1126
1477.50,15.1076
1478.00,15.0896
1478.50,15.0750
1479.00,15.0692
1479.50,15.0646
1480.00,15.0507
1480.50,15.0252
1481.00,14.9937
1481.50,14.9613
1482.00,14.9275
1482.50,14.8917
1483.00,14.8597
1483.50,14.8411
1484.00,14.8420
1484.50,14.8606
1485.00,14.8899
1485.50,14.9244
1486.00,14.9612
1486.50,14.9965
1487.00,15.0233
1487.50,15.0350
1488.00,15.0307
1488.50,15.0145
1489.00,14.9899
1489.50,14.9603
1490.00,14.9342
1490.50,14.9209
1491.00,14.9194
1491.50,14.9179
1492.00,14.9083
1492.50,14.8993
1493.00,14.9061
1493.50,14.9296
1494.00,14.9526
1494.50,14.9582
1495.00,14.9470
1495.50,14.9328
1496.00,14.9246
1496.50,14.9189
1497.00,14.9093
1497.50,14.8997
1498.00,14.9026
1498.50,14.9238
1499.00,14.9549
1499.50,14.9816
1500.00,14.9965
1500.50,15.0023
1501.00,15.0041
1501.50,15.0047
1502.00,15.0045
1502.50,15.0037
1503.00,15.0008
1503.50,14.9923
1504.00,14.9778
1504.50,14.9662
1505.00,14.9744
1505.50,15.0138
1506.00,15.0744
1506.50,15.1269
1507.00,15.1436
1507.50,15.1221
1508.00,15.0878
1508.50,15.0732
1509.00,15.0909
1509.50,15.1239
1510.00,15.1406
1510.50,15.1212
1511.00,15.0732
1511.50,15.0237
1512.00,14.9979
1512.50,15.0015
1513.00,15.0214
1513.50,15.0406
1514.00,15.0520
1514.50,15.0592
1515.00,15.0676
1515.50,15.0767
1516.00,15.0838
1516.50,15.0928
1517.00,15.1150
1517.50,15.1584
1518.00,15.2184
1518.50,15.2777
1519.00,15.3152
1519.50,15.3168
1520.00,15.2829
1520.50,15.2279
1521.00,15.1712
1521.50,15.1278
1522.00,15.1040
1522.50,15.1035
1523.00,15.1323
1523.50,15.1946
1524.00,15.2816
1524.50,15.3681
1525.00,15.4242
1525.50,15.4347
1526.00,15.4057
1526.50,15.3551
1527.00,15.2984
1527.50,15.2412
1528.00,15.1820
1528.50,15.1180
1529.00,15.0524
1529.50,14.9966
1530.00,14.9669
1530.50,14.9738
1531.00,15.0118
1531.50,15.0569
1532.00,15.0795
1532.50,15.0649
1533.00,15.0228
1533.50,14.9780
1534.00,14.9495
1534.50,14.9393
1535.00,14.9372
1535.50,14.9339
1536.00,14.9295
1536.50,14.9331
1537.00,14.9540
1537.50,14.9917
1538.00,15.0329
1538.50,15.0606
1539.00,15.0678
1539.50,15.0612
1540.00,15.0506
1540.50,15.0373
1541.00,15.0154
1541.50,14.9851
1542.00,14.9588
1542.50,14.9535
1543.00,14.9765
1543.50,15.0178
1544.00,15.0575
1544.50,15.0786
1545.00,15.0747
1545.50,15.0482
1546.00,15.0047
1546.50,14.9500
1547.00,14.8910
1547.50,14.8350
1548.00,14.7881
1548.50,14.7545
1549.00,14.7373
1549.50,14.7399
1550.00,14.7649
1550.50,14.8124
1551.00,14.8770
1551.50,14.9472
1552.00,15.0114
1552.50,15.0622
1553.00,15.0987
1553.50,15.1216
1554.00,15.1294
1554.50,15.1168
1555.00,15.0791
1555.50,15.0180
1556.00,14.9458
1556.50,14.8789
1557.00,14.8277
1557.50,14.7921
1558.00,14.7668
1558.50,14.7484
1559.00,14.7398
1559.50,14.7481
1560.00,14.7800
1560.50,14.8357
1561.00,14.9055
1561.50,14.9709
1562.00,15.0126
1562.50,15.0199
1563.00,14.9972
1563.50,14.9607
1564.00,14.9252
1564.50,14.8940
1565.00,14.8610
1565.50,14.8235
1566.00,14.7903
1566.50,14.7767
1567.00,14.7911
1567.50,14.8273
1568.00,14.8675
1568.50,14.8912
1569.00,14.8838
1569.50,14.8443
1570.00,14.7892
1570.50,14.7459
1571.00,14.7365
1571.50,14.7608
1572.00,14.7976
1572.50,14.8227
1573.00,14.8281
1573.50,14.8238
1574.00,14.8268
1574.50,14.8476
1575.00,14.8839
1575.50,14.9216
1576.00,14.9423
1576.50,14.9347
1577.00,14.8995
1577.50,14.8454
1578.00,14.7842
1578.50,14.7289
1579.00,14.6941
1579.50,14.6917
1580.00,14.7238
1580.50,14.7797
1581.00,14.8404
1581.50,14.8884
1582.00,14.9160
1582.50,14.9235
1583.00,14.9133
1583.50,14.8857
1584.00,14.8446
1584.50,14.8031
1585.00,14.7808
1585.50,14.7924
1586.00,14.8361
1586.50,14.8948
1587.00,14.9467
1587.50,14.9766
1588.00,14.9811
1588.50,14.9670
1589.00,14.9452
1589.50,14.9237
1590.00,14.9036
1590.50,14.8819
1591.00,14.8591
1591.50,14.8415
1592.00,14.8372
1592.50,14.8490
1593.00,14.8728
1593.50,14.9021
1594.00,14.9317
1594.50,14.9573
1595.00,14.9737
1595.50,14.9759
1596.00,14.9627
1596.50,14.9384
1597.00,14.9108
1597.50,14.8880
1598.00,14.8752
1598.50,14.8712
1599.00,14.8672
1599.50,14.8506
1600.00,14.8160
1600.50,14.7706
1601.00,14.7292
1601.50,14.7032
1602.00,14.6942
1602.50,14.6959
1603.00,14.6994
1603.50,14.6972
1604.00,14.6856
1604.50,14.6672
1605.00,14.6516
1605.50,14.6497
1606.00,14.6643
1606.50,14.6859
1607.00,14.6982
1607.50,14.6888
1608.00,14.6571
1608.50,14.6132
1609.00,14.5706
1609.50,14.5372
1610.00,14.5139
1610.50,14.5014
1611.00,14.5078
1611.50,14.5437
1612.00,14.6094
1612.50,14.6900
1613.00,14.7643
1613.50,14.8177
1614.00,14.8468
1614.50,14.8522
1615.00,14.8309
1615.50,14.7795
1616.00,14.7044
1616.50,14.6277
1617.00,14.5734
1617.50,14.5504
1618.00,14.5489
1618.50,14.5533
1619.00,14.5576
1619.50,14.5676
1620.00,14.5933
1620.50,14.6378
1621.00,14.6895
1621.50,14.7233
1622.00,14.7125
1622.50,14.6443
1623.00,14.5274
1623.50,14.3859
1624.00,14.2487
1624.50,14.1415
1625.00,14.0808
1625.50,14.0697
1626.00,14.0960
1626.50,14.1387
1627.00,14.1785
1627.50,14.2041
1628.00,14.2123
1628.50,14.2052
1629.00,14.1912
1629.50,14.1837
1630.00,14.1947
1630.50,14.2271
1631.00,14.2739
1631.50,14.3234
1632.00,14.3662
1632.50,14.3968
1633.00,14.4148
1633.50,14.4240
1634.00,14.4319
1634.50,14.4455
1635.00,14.4656
1635.50,14.4824
1636.00,14.4808
1636.50,14.4529
1637.00,14.4084
1637.50,14.3687
1638.00,14.3507
1638.50,14.3545
1639.00,14.3648
1639.50,14.3633
1640.00,14.3403
1640.50,14.2999
1641.00,14.2564
1641.50,14.2252
1642.00,14.2134
1642.50,14.2175
1643.00,14.2276
1643.50,14.2383
1644.00,14.2529
1644.50,14.2792
1645.00,14.3173
1645.50,14.3548
1646.00,14.3752
1646.50,14.3711
1647.00,14.3478
1647.50,14.3150
1648.00,14.2781
1648.50,14.2411
1649.00,14.2141
1649.50,14.2115
1650.00,14.2414
1650.50,14.2971
1651.00,14.3588
1651.50,14.4046
1652.00,14.4197
1652.50,14.4003
1653.00,14.3527
1653.50,14.2889
1654.00,14.2215
1654.50,14.1607
1655.00,14.1159
1655.50,14.0952
1656.00,14.1039
1656.50,14.1383
1657.00,14.1846
1657.50,14.2234
1658.00,14.2394
1658.50,14.2285
1659.00,14.1978
1659.50,14.1587
1660.00,14.1213
1660.50,14.0910
1661.00,14.0670
1661.50,14.0446
1662.00,14.0212
1662.50,14.0022
1663.00,13.9975
1663.50,14.0101
1664.00,14.0334
1664.50,14.0599
1665.00,14.0932
1665.50,14.1444
1666.00,14.2129
1666.50,14.2761
1667.00,14.3004
1667.50,14.2666
1668.00,14.1841
1668.50,14.0824
1669.00,13.9903
1669.50,13.9250
1670.00,13.8936
1670.50,13.8982
1671.00,13.9349
1671.50,13.9926
1672.00,14.0567
1672.50,14.1138
1673.00,14.1529
1673.50,14.1646
1674.00,14.1442
1674.50,14.0953
1675.00,14.0298
1675.50,13.9656
1676.00,13.9213
1676.50,13.9091
1677.00,13.9269
1677.50,13.9581
1678.00,13.9799
1678.50,13.9791
1679.00,13.9604
1679.50,13.9419
1680.00,13.9380
1680.50,13.9463
1681.00,13.9487
1681.50,13.9294
1682.00,13.8916
1682.50,13.8573
1683.00,13.8502
1683.50,13.8774
1684.00,13.9235
1684.50,13.9605
1685.00,13.9660
1685.50,13.9392
1686.00,13.9016
1686.50,13.8828
1687.00,13.8975
1687.50,13.9355
1688.00,13.9702
1688.50,13.9793
1689.00,13.9591
1689.50,13.9234
1690.00,13.8903
1690.50,13.8715
1691.00,13.8693
1691.50,13.8821
1692.00,13.9080
1692.50,13.9411
1693.00,13.9682
1693.50,13.9716
1694.00,13.9429
1694.50,13.8921
1695.00,13.8435
1695.50,13.8171
1696.00,13.8123
1696.50,13.8116
1697.00,13.7966
1697.50,13.7629
1698.00,13.7192
1698.50,13.6770
1699.00,13.6398
1699.50,13.6025
1700.00,13.5599
1700.50,13.5167
1701.00,13.4895
1701.50,13.4972
1702.00,13.5478
1702.50,13.6317
1703.00,13.7256
1703.50,13.8046
1704.00,13.8557
1704.50,13.8816
1705.00,13.8924
1705.50,13.8952
1706.00,13.8891
1706.50,13.8704
1707.00,13.8393
1707.50,13.8041
1708.00,13.7793
1708.50,13.7768
1709.00,13.7959
1709.50,13.8213
1710.00,13.8346
1710.50,13.8305
1711.00,13.8195
1711.50,13.8175
1712.00,13.8310
1712.50,13.8544
1713.00,13.8761
1713.50,13.8856
1714.00,13.8766
1714.50,13.8509
1715.00,13.8227
1715.50,13.8142
1716.00,13.8416
1716.50,13.9023
1717.00,13.9756
1717.50,14.0369
1718.00,14.0723
1718.50,14.0836
1719.00,14.0840
1719.50,14.0910
1720.00,14.1190
1720.50,14.1732
1721.00,14.2471
1721.50,14.3252
1722.00,14.3899
1722.50,14.4269
1723.00,14.4277
1723.50,14.3919
1724.00,14.3290
1724.50,14.2551
1725.00,14.1852
1725.50,14.1279
1726.00,14.0874
1726.50,14.0701
1727.00,14.0844
1727.50,14.1330
1728.00,14.2059
1728.50,14.2835
1729.00,14.3490
1729.50,14.3964
1730.00,14.4253
1730.50,14.4306
1731.00,14.4012
1731.50,14.3330
1732.00,14.2415
1732.50,14.1574
1733.00,14.1068
1733.50,14.0941
1734.00,14.1037
1734.50,14.1153
1735.00,14.1176
1735.50,14.1121
1736.00,14.1070
1736.50,14.1113
1737.00,14.1306
1737.50,14.1679
1738.00,14.2228
1738.50,14.2873
1739.00,14.3450
1739.50,14.3767
1740.00,14.3718
1740.50,14.3329
1741.00,14.2715
1741.50,14.2029
1742.00,14.1438
1742.50,14.1134
1743.00,14.1276
1743.50,14.1881
1744.00,14.2760
1744.50,14.3588
1745.00,14.4058
1745.50,14.4026
1746.00,14.3581
1746.50,14.3001
1747.00,14.2620
1747.50,14.2672
1748.00,14.3188
1748.50,14.3989
1749.00,14.4759
1749.50,14.5170
1750.00,14.5028
1750.50,14.4378
1751.00,14.3467
1751.50,14.2596
1752.00,14.1959
1752.50,14.1596
1753.00,14.1448
1753.50,14.1437
1754.00,14.1496
1754.50,14.1569
1755.00,14.1617
1755.50,14.1626
1756.00,14.1604
1756.50,14.1577
1757.00,14.1602
1757.50,14.1764
1758.00,14.2113
1758.50,14.2570
1759.00,14.2937
1759.50,14.3025
1760.00,14.2805
1760.50,14.2434
1761.00,14.2129
1761.50,14.1997
1762.00,14.1969
1762.50,14.1850
1763.00,14.1490
1763.50,14.0927
1764.00,14.0406
1764.50,14.0215
1765.00,14.0472
1765.50,14.1031
1766.00,14.1579
1766.50,14.1866
1767.00,14.1852
1767.50,14.1675
1768.00,14.1477
1768.50,14.1285
1769.00,14.1029
1769.50,14.0665
1770.00,14.0238
1770.50,13.9858
1771.00,13.9656
1771.50,13.9741
1772.00,14.0130
1772.50,14.0658
1773.00,14.1012
1773.50,14.0920
1774.00,14.0361
1774.50,13.9591
1775.00,13.8960
1775.50,13.8697
1776.00,13.8803
1776.50,13.9093
1777.00,13.9327
1777.50,13.9338
1778.00,13.9101
1778.50,13.8706
1779.00,13.8275
1779.50,13.7889
1780.00,13.7568
1780.50,13.7305
1781.00,13.7108
1781.50,13.7001
1782.00,13.6989
1782.50,13.7024
1783.00,13.7035
1783.50,13.6985
1784.00,13.6904
1784.50,13.6853
1785.00,13.6855
1785.50,13.6872
1786.00,13.6850
1786.50,13.6778
1787.00,13.6687
1787.50,13.6599
1788.00,13.6487
1788.50,13.6318
1789.00,13.6107
1789.50,13.5935
1790.00,13.5885
1790.50,13.5976
1791.00,13.6156
1791.50,13.6362
1792.00,13.6575
1792.50,13.6820
1793.00,13.7129
1793.50,13.7498
1794.00,13.7857
1794.50,13.8088
1795.00,13.8074
1795.50,13.7781
1796.00,13.7289
1796.50,13.6757
1797.00,13.6344
1797.50,13.6124
1798.00,13.6066
1798.50,13.6069
1799.00,13.6050
1799.50,13.5993
1800.00,13.5956
1800.50,13.6032
1801.00,13.6306
1801.50,13.6797
1802.00,13.7407
1802.50,13.7946
1803.00,13.8244
1803.50,13.8257
1804.00,13.8068
1804.50,13.7775
1805.00,13.7404
1805.50,13.6923
1806.00,13.6319
1806.50,13.5665
1807.00,13.5105
1807.50,13.4748
1808.00,13.4577
1808.50,13.4478
1809.00,13.4364
1809.50,13.4267
1810.00,13.4306
1810.50,13.4578
1811.00,13.5072
1811.50,13.5669
1812.00,13.6213
1812.50,13.6591
1813.00,13.6780
1813.50,13.6857
1814.00,13.6940
1814.50,13.7088
1815.00,13.7223
1815.50,13.7164
1816.00,13.6782
1816.50,13.6135
1817.00,13.5439
1817.50,13.4895
1818.00,13.4559
1818.50,13.4368
1819.00,13.4260
1819.50,13.4232
1820.00,13.4292
1820.50,13.4382
1821.00,13.4381
1821.50,13.4208
1822.00,13.3900
1822.50,13.3591
1823.00,13.3382
1823.50,13.3267
1824.00,13.3190
1824.50,13.3138
1825.00,13.3159
1825.50,13.3302
1826.00,13.3559
1826.50,13.3888
1827.00,13.4241
1827.50,13.4560
1828.00,13.4754
1828.50,13.4728
1829.00,13.4449
1829.50,13.3969
1830.00,13.3400
1830.50,13.2869
1831.00,13.2510
1831.50,13.2448
1832.00,13.2738
1832.50,13.3318
1833.00,13.4054
1833.50,13.4792
1834.00,13.5357
1834.50,13.5557
1835.00,13.5302
1835.50,13.4753
1836.00,13.4274
1836.50,13.4185
1837.00,13.4526
1837.50,13.5077
1838.00,13.5563
1838.50,13.5838
1839.00,13.5929
1839.50,13.5955
1840.00,13.6013
1840.50,13.6120
1841.00,13.6233
1841.50,13.6315
1842.00,13.6363
1842.50,13.6357
1843.00,13.6217
1843.50,13.5853
1844.00,13.5278
1844.50,13.4652
1845.00,13.4211
1845.50,13.4129
1846.00,13.4437
1846.50,13.5010
1847.00,13.5650
1847.50,13.6182
1848.00,13.6513
1848.50,13.6593
1849.00,13.6357
1849.50,13.5770
1850.00,13.4953
1850.50,13.4220
1851.00,13.3888
1851.50,13.4015
1852.00,13.4343
1852.50,13.4526
1853.00,13.4410
1853.50,13.4093
1854.00,13.3776
1854.50,13.3592
1855.00,13.3574
1855.50,13.3705
1856.00,13.3948
1856.50,13.4245
1857.00,13.4540
1857.50,13.4801
1858.00,13.4996
1858.50,13.5056
1859.00,13.4901
1859.50,13.4533
1860.00,13.4092
1860.50,13.3779
1861.00,13.3729
1861.50,13.3936
1862.00,13.4271
1862.50,13.4582
1863.00,13.4786
1863.50,13.4889
1864.00,13.4925
1864.50,13.4897
1865.00,13.4777
1865.50,13.4565
1866.00,13.4317
1866.50,13.4111
1867.00,13.3996
1867.50,13.3984
1868.00,13.4069
1868.50,13.4247
1869.00,13.4492
1869.50,13.4748
1870.00,13.4958
1870.50,13.5113
1871.00,13.5256
1871.50,13.5415
1872.00,13.5533
1872.50,13.5492
1873.00,13.5219
1873.50,13.4755
1874.00,13.4236
1874.50,13.3798
1875.00,13.3509
1875.50,13.3347
1876.00,13.3239
1876.50,13.3142
1877.00,13.3112
1877.50,13.3245
1878.00,13.3558
1878.50,13.3931
1879.00,13.4208
1879.50,13.4335
1880.00,13.4386
1880.50,13.4465
1881.00,13.4602
1881.50,13.4743
1882.00,13.4792
1882.50,13.4657
1883.00,13.4274
1883.50,13.3673
1884.00,13.3040
1884.50,13.2645
1885.00,13.2650
1885.50,13.2980
1886.00,13.3419
1886.50,13.3805
1887.00,13.4123
1887.50,13.4430
1888.00,13.4737
1888.50,13.4977
1889.00,13.5064
1889.50,13.4985
1890.00,13.4820
1890.50,13.4702
1891.00,13.4722
1891.50,13.4873
1892.00,13.5043
1892.50,13.5061
1893.00,13.4788
1893.50,13.4239
1894.00,13.3674
1894.50,13.3522
1895.00,13.4089
1895.50,13.5273
1896.00,13.6591
1896.50,13.7508
1897.00,13.7772
1897.50,13.7467
1898.00,13.6862
1898.50,13.6259
1899.00,13.5906
1899.50,13.5916
1900.00,13.6193
1900.50,13.6474
1901.00,13.6504
1901.50,13.6205
1902.00,13.5698
1902.50,13.5186
1903.00,13.4836
1903.50,13.4729
1904.00,13.4872
1904.50,13.5202
1905.00,13.5581
1905.50,13.5829
1906.00,13.5819
1906.50,13.5548
1907.00,13.5141
1907.50,13.4756
1908.00,13.4503
1908.50,13.4408
1909.00,13.4443
1909.50,13.4549
1910.00,13.4665
1910.50,13.4773
1911.00,13.4908
1911.50,13.5129
1912.00,13.5434
1912.50,13.5747
1913.00,13.6000
1913.50,13.6216
1914.00,13.6469
1914.50,13.6764
1915.00,13.7020
1915.50,13.7176
1916.00,13.7278
1916.50,13.7425
1917.00,13.7658
1917.50,13.7944
1918.00,13.8226
1918.50,13.8455
1919.00,13.8567
1919.50,13.8496
1920.00,13.8232
1920.50,13.7873
1921.00,13.7583
1921.50,13.7478
1922.00,13.7529
1922.50,13.7599
1923.00,13.7570
1923.50,13.7442
1924.00,13.7325
1924.50,13.7360
1925.00,13.7646
1925.50,13.8205
1926.00,13.8949
1926.50,13.9698
1927.00,14.0237
1927.50,14.0431
1928.00,14.0298
1928.50,13.9979
1929.00,13.9628
1929.50,13.9298
1930.00,13.8914
1930.50,13.8355
1931.00,13.7580
1931.50,13.6702
1932.00,13.5950
1932.50,13.5544
1933.00,13.5571
1933.50,13.5937
1934.00,13.6445
1934.50,13.6916
1935.00,13.7260
1935.50,13.7470
1936.00,13.7592
1936.50,13.7698
1937.00,13.7845
1937.50,13.7998
1938.00,13.8014
1938.50,13.7747
1939.00,13.7184
1939.50,13.6484
1940.00,13.5865
1940.50,13.5446
1941.00,13.5195
1941.50,13.4994
1942.00,13.4758
1942.50,13.4480
1943.00,13.4185
1943.50,13.3884
1944.00,13.3591
1944.50,13.3360
1945.00,13.3260
1945.50,13.3309
1946.00,13.3447
1946.50,13.3594
1947.00,13.3733
1947.50,13.3924
1948.00,13.4260
1948.50,13.4812
1949.00,13.5576
1949.50,13.6426
1950.00,13.7109
1950.50,13.7362
1951.00,13.7098
1951.50,13.6493
1952.00,13.5851
1952.50,13.5383
1953.00,13.5083
1953.50,13.4837
1954.00,13.4625
1954.50,13.4606
1955.00,13.4988
1955.50,13.5823
1956.00,13.6915
1956.50,13.7940
1957.00,13.8661
1957.50,13.9061
1958.00,13.9300
1958.50,13.9559
1959.00,13.9901
1959.50,14.0229
1960.00,14.0372
1960.50,14.0230
1961.00,13.9852
1961.50,13.9427
1962.00,13.9166
1962.50,13.9171
1963.00,13.9383
1963.50,13.9618
1964.00,13.9684
1964.50,13.9489
1965.00,13.9115
1965.50,13.8786
1966.00,13.8728
1966.50,13.9002
1967.00,13.9469
1967.50,13.9904
1968.00,14.0141
1968.50,14.0134
1969.00,13.9943
1969.50,13.9692
1970.00,13.9507
1970.50,13.9440
1971.00,13.9437
1971.50,13.9397
1972.00,13.9270
1972.50,13.9118
1973.00,13.9075
1973.50,13.9232
1974.00,13.9548
1974.50,13.9870
1975.00,14.0045
1975.50,14.0038
1976.00,13.9931
1976.50,13.9833
1977.00,13.9796
1977.50,13.9819
1978.00,13.9882
1978.50,13.9990
1979.00,14.0154
1979.50,14.0365
1980.00,14.0574
1980.50,14.0722
1981.00,14.0795
1981.50,14.0865
1982.00,14.1035
1982.50,14.1358
1983.00,14.1785
1983.50,14.2201
1984.00,14.2488
1984.50,14.2583
1985.00,14.2509
1985.50,14.2347
1986.00,14.2181
1986.50,14.2066
1987.00,14.2042
1987.50,14.2127
1988.00,14.2291
1988.50,14.2446
1989.00,14.2528
1989.50,14.2561
1990.00,14.2621
1990.50,14.2742
1991.00,14.2878
1991.50,14.2968
1992.00,14.2988
1992.50,14.2942
1993.00,14.2808
1993.50,14.2534
1994.00,14.2107
1994.50,14.1603
1995.00,14.1180
1995.50,14.0982
1996.00,14.1042
1996.50,14.1269
1997.00,14.1544
1997.50,14.1806
1998.00,14.2030
1998.50,14.2126
1999.00,14.1939
1999.50,14.1419
2000.00,14.0774
2000.50,14.0387
2001.00,14.0541
2001.50,14.1216
2002.00,14.2142
2002.50,14.3028
2003.00,14.3740
2003.50,14.4283
2004.00,14.4690
2004.50,14.4939
2005.00,14.4962
2005.50,14.4743
2006.00,14.4392
2006.50,14.4104
2007.00,14.4013
2007.50,14.4066
2008.00,14.4057
2008.50,14.3818
2009.00,14.3369
2009.50,14.2885
2010.00,14.2516
2010.50,14.2268
2011.00,14.2060
2011.50,14.1852
2012.00,14.1689
2012.50,14.1641
2013.00,14.1746
2013.50,14.2002
2014.00,14.2361
2014.50,14.2680
2015.00,14.2717
2015.50,14.2264
2016.00,14.1326
2016.50,14.0196
2017.00,13.9308
2017.50,13.8972
2018.00,13.9210
2018.50,13.9801
2019.00,14.0477
2019.50,14.1079
2020.00,14.1565
2020.50,14.1941
2021.00,14.2195
2021.50,14.2302
2022.00,14.2229
2022.50,14.1971
2023.00,14.1593
2023.50,14.1255
2024.00,14.1150
2024.50,14.1375
2025.00,14.1821
2025.50,14.2233
2026.00,14.2383
2026.50,14.2226
2027.00,14.1893
2027.50,14.1590
2028.00,14.1493
2028.50,14.1679
2029.00,14.2069
2029.50,14.2426
2030.00,14.2439
2030.50,14.1891
2031.00,14.0808
2031.50,13.9467
2032.00,13.8258
2032.50,13.7464
2033.00,13.7139
2033.50,13.7153
2034.00,13.7358
2034.50,13.7723
2035.00,13.8313
2035.50,13.9150
2036.00,14.0094
2036.50,14.0880
2037.00,14.1285
2037.50,14.1263
2038.00,14.0932
2038.50,14.0452
2039.00,13.9927
2039.50,13.9419
2040.00,13.9010
2040.50,13.8797
2041.00,13.8812
2041.50,13.8950
2042.00,13.9009
2042.50,13.8846
2043.00,13.8511
2043.50,13.8224
2044.00,13.8203
2044.50,13.8490
2045.00,13.8934
2045.50,13.9335
2046.00,13.9589
2046.50,13.9711
2047.00,13.9730
2047.50,13.9591
2048.00,13.9191
2048.50,13.8484
2049.00,13.7570
2049.50,13.6665
2050.00,13.5999
2050.50,13.5726
2051.00,13.5913
2051.50,13.6549
2052.00,13.7519
2052.50,13.8580
2053.00,13.9444
2053.50,13.9906
2054.00,13.9919
2054.50,13.9564
2055.00,13.8979
2055.50,13.8299
2056.00,13.7614
2056.50,13.6990
2057.00,13.6494
2057.50,13.6212
2058.00,13.6218
2058.50,13.6543
2059.00,13.7153
2059.50,13.7928
2060.00,13.8671
2060.50,13.9163
2061.00,13.9254
2061.50,13.8924
2062.00,13.8292
2062.50,13.7566
2063.00,13.6999
2063.50,13.6815
2064.00,13.7088
2064.50,13.7663
2065.00,13.8223
2065.50,13.8510
2066.00,13.8512
2066.50,13.8425
2067.00,13.8423
2067.50,13.8476
2068.00,13.8400
2068.50,13.8072
2069.00,13.7569
2069.50,13.7110
2070.00,13.6907
2070.50,13.7046
2071.00,13.7480
2071.50,13.8081
2072.00,13.8686
2072.50,13.9126
2073.00,13.9237
2073.50,13.8938
2074.00,13.8332
2074.50,13.7716
2075.00,13.7451
2075.50,13.7738
2076.00,13.8499
2076.50,13.9430
2077.00,14.0183
2077.50,14.0531
2078.00,14.0433
2078.50,13.9997
2079.00,13.9391
2079.50,13.8764
2080.00,13.8214
2080.50,13.7809
2081.00,13.7605
2081.50,13.7662
2082.00,13.8035
2082.50,13.8762
2083.00,13.9804
2083.50,14.0960
2084.00,14.1893
2084.50,14.2314
2085.00,14.2171
2085.50,14.1664
2086.00,14.1080
2086.50,14.0639
2087.00,14.0444
2087.50,14.0499
2088.00,14.0736
2088.50,14.1031
2089.00,14.1250
2089.50,14.1292
2090.00,14.1127
2090.50,14.0821
2091.00,14.0517
2091.50,14.0357
2092.00,14.0386
2092.50,14.0532
2093.00,14.0694
2093.50,14.0831
2094.00,14.0968
2094.50,14.1125
2095.00,14.1286
2095.50,14.1417
2096.00,14.1486
2096.50,14.1453
2097.00,14.1276
2097.50,14.0959
2098.00,14.0562
2098.50,14.0126
2099.00,13.9629
2099.50,13.9027
2100.00,13.8371
2100.50,13.7836
2101.00,13.7621
2101.50,13.7794
2102.00,13.8216
2102.50,13.8620
2103.00,13.8792
2103.50,13.8711
2104.00,13.8558
2104.50,13.8590
2105.00,13.8970
2105.50,13.9677
2106.00,14.0541
2106.50,14.1351
2107.00,14.1946
2107.50,14.2238
2108.00,14.2189
2108.50,14.1791
2109.00,14.1075
2109.50,14.0164
2110.00,13.9276
2110.50,13.8645
2111.00,13.8406
2111.50,13.8552
2112.00,13.8980
2112.50,13.9559
2113.00,14.0197
2113.50,14.0878
2114.00,14.1621
2114.50,14.2367
2115.00,14.2928
2115.50,14.3089
2116.00,14.2797
2116.50,14.2230
2117.00,14.1674
2117.50,14.1322
2118.00,14.1183
2118.50,14.1124
2119.00,14.0988
2119.50,14.0671
2120.00,14.0163
2120.50,13.9548
2121.00,13.8997
2121.50,13.8707
2122.00,13.8810
2122.50,13.9276
2123.00,13.9879
2123.50,14.0293
2124.00,14.0264
2124.50,13.9745
2125.00,13.8903
2125.50,13.7991
2126.00,13.7216
2126.50,13.6679
2127.00,13.6413
2127.50,13.6423
2128.00,13.6677
2128.50,13.7039
2129.00,13.7281
2129.50,13.7212
2130.00,13.6827
2130.50,13.6330
2131.00,13.6002
2131.50,13.6003
2132.00,13.6296
2132.50,13.6726
2133.00,13.7138
2133.50,13.7416
2134.00,13.7471
2134.50,13.7270
2135.00,13.6889
2135.50,13.6499
2136.00,13.6251
2136.50,13.6175
2137.00,13.6194
2137.50,13.6210
2138.00,13.6177
2138.50,13.6100
2139.00,13.5952
2139.50,13.5658
2140.00,13.5168
2140.50,13.4562
2141.00,13.4046
2141.50,13.3804
2142.00,13.3838
2142.50,13.3956
2143.00,13.3930
2143.50,13.3679
2144.00,13.3308
2144.50,13.3006
2145.00,13.2900
2145.50,13.2995
2146.00,13.3190
2146.50,13.3350
2147.00,13.3392
2147.50,13.3314
2148.00,13.3162
2148.50,13.2968
2149.00,13.2721
2149.50,13.2410
2150.00,13.2070
2150.50,13.1800
2151.00,13.1721
2151.50,13.1897
2152.00,13.2294
2152.50,13.2777
2153.00,13.3156
2153.50,13.3240
2154.00,13.2912
2154.50,13.2199
2155.00,13.1300
2155.50,13.0508
2156.00,13.0082
2156.50,13.0163
2157.00,13.0742
2157.50,13.1659
2158.00,13.2632
2158.50,13.3362
2159.00,13.3684
2159.50,13.3626
2160.00,13.3321
2160.50,13.2886
2161.00,13.2394
2161.50,13.1934
2162.00,13.1651
2162.50,13.1665
2163.00,13.1992
2163.50,13.2544
2164.00,13.3184
2164.50,13.3770
2165.00,13.4160
2165.50,13.4257
2166.00,13.4076
2166.50,13.3755
2167.00,13.3460
2167.50,13.3285
2168.00,13.3209
2168.50,13.3130
2169.00,13.2920
2169.50,13.2491
2170.00,13.1846
2170.50,13.1112
2171.00,13.0525
2171.50,13.0343
2172.00,13.0714
2172.50,13.1553
2173.00,13.2544
2173.50,13.3278
2174.00,13.3464
2174.50,13.3084
2175.00,13.2392
2175.50,13.1754
2176.00,13.1448
2176.50,13.1530
2177.00,13.1848
2177.50,13.2153
2178.00,13.2240
2178.50,13.2042
2179.00,13.1628
2179.50,13.1115
2180.00,13.0605
2180.50,13.0191
2181.00,12.9973
2181.50,13.0029
2182.00,13.0354
2182.50,13.0860
2183.00,13.1421
2183.50,13.1918
2184.00,13.2261
2184.50,13.2425
2185.00,13.2461
2185.50,13.2462
2186.00,13.2488
2186.50,13.2536
2187.00,13.2564
2187.50,13.2561
2188.00,13.2566
2188.50,13.2639
2189.00,13.2779
2189.50,13.2921
2190.00,13.2990
2190.50,13.2966
2191.00,13.2891
2191.50,13.2819
2192.00,13.2759
2192.50,13.2659
2193.00,13.2437
2193.50,13.2064
2194.00,13.1609
2194.50,13.1233
2195.00,13.1100
2195.50,13.1270
2196.00,13.1653
2196.50,13.2104
2197.00,13.2550
2197.50,13.3014
2198.00,13.3521
2198.50,13.4002
2199.00,13.4314
2199.50,13.4347
2200.00,13.4127
2200.50,13.3841
2201.00,13.3740
2201.50,13.3976
2202.00,13.4482
2202.50,13.5002
2203.00,13.5239
2203.50,13.5019
2204.00,13.4391
2204.50,13.3607
2205.00,13.3003
2205.50,13.2824
2206.00,13.3090
2206.50,13.3585
2207.00,13.4011
2207.50,13.4210
2208.00,13.4256
2208.50,13.4337
2209.00,13.4550
2209.50,13.4808
2210.00,13.4948
2210.50,13.4894
2211.00,13.4719
2211.50,13.4558
2212.00,13.4469
2212.50,13.4421
2213.00,13.4394
2213.50,13.4439
2214.00,13.4620
2214.50,13.4916
2215.00,13.5232
2215.50,13.5503
2216.00,13.5747
2216.50,13.6007
2217.00,13.6268
2217.50,13.6458
2218.00,13.6496
2218.50,13.6341
2219.00,13.5996
2219.50,13.5494
2220.00,13.4878
2220.50,13.4220
2221.00,13.3659
2221.50,13.3417
2222.00,13.3711
2222.50,13.4591
2223.00,13.5807
2223.50,13.6884
2224.00,13.7354
2224.50,13.7012
2225.00,13.6033
2225.50,13.4857
2226.00,13.3979
2226.50,13.3742
2227.00,13.4259
2227.50,13.5385
2228.00,13.6735
2228.50,13.7817
2229.00,13.8291
2229.50,13.8189
2230.00,13.7867
2230.50,13.7707
2231.00,13.7839
2231.50,13.8092
2232.00,13.8181
2232.50,13.7929
2233.00,13.7387
2233.50,13.6794
2234.00,13.6420
2234.50,13.6410
2235.00,13.6704
2235.50,13.7116
2236.00,13.7499
2236.50,13.7840
2237.00,13.8209
2237.50,13.8619
2238.00,13.8968
2238.50,13.9105
2239.00,13.8956
2239.50,13.8577
2240.00,13.8096
2240.50,13.7625
2241.00,13.7210
2241.50,13.6858
2242.00,13.6601
2242.50,13.6503
2243.00,13.6592
2243.50,13.6776
2244.00,13.6862
2244.50,13.6692
2245.00,13.6262
2245.50,13.5706
2246.00,13.5154
2246.50,13.4630
2247.00,13.4102
2247.50,13.3604
2248.00,13.3277
2248.50,13.3274
2249.00,13.3634
2249.50,13.4241
2250.00,13.4918
2250.50,13.5536
2251.00,13.6061
2251.50,13.6498
2252.00,13.6814
2252.50,13.6938
2253.00,13.6839
2253.50,13.6611
2254.00,13.6430
2254.50,13.6424
2255.00,13.6594
2255.50,13.6870
2256.00,13.7192
2256.50,13.7497
2257.00,13.7651
2257.50,13.7479
2258.00,13.6897
2258.50,13.6020
2259.00,13.5112
2259.50,13.4457
2260.00,13.4247
2260.50,13.4547
2261.00,13.5267
2261.50,13.6125
2262.00,13.6693
2262.50,13.6605
2263.00,13.5820
2263.50,13.4706
2264.00,13.3819
2264.50,13.3532
2265.00,13.3837
2265.50,13.4425
2266.00,13.4939
2266.50,13.5180
2267.00,13.5142
2267.50,13.4916
2268.00,13.4596
2268.50,13.4280
2269.00,13.4123
2269.50,13.4290
2270.00,13.4781
2270.50,13.5330
2271.00,13.5546
2271.50,13.5219
2272.00,13.4475
2272.50,13.3631
2273.00,13.2956
2273.50,13.2548
2274.00,13.2385
2274.50,13.2412
2275.00,13.2581
2275.50,13.2861
2276.00,13.3204
2276.50,13.3522
2277.00,13.3707
2277.50,13.3693
2278.00,13.3506
2278.50,13.3270
2279.00,13.3132
2279.50,13.3175
2280.00,13.3363
2280.50,13.3576
2281.00,13.3695
2281.50,13.3668
2282.00,13.3511
2282.50,13.3277
2283.00,13.3048
2283.50,13.2928
2284.00,13.3027
2284.50,13.3398
2285.00,13.4001
2285.50,13.4703
2286.00,13.5325
2286.50,13.5716
2287.00,13.5817
2287.50,13.5663
2288.00,13.5301
2288.50,13.4736
2289.00,13.3966
2289.50,13.3093
2290.00,13.2363
2290.50,13.2062
2291.00,13.2328
2291.50,13.3053
2292.00,13.3947
2292.50,13.4722
2293.00,13.5217
2293.50,13.5433
2294.00,13.5477
2294.50,13.5487
2295.00,13.5552
2295.50,13.5656
2296.00,13.5686
2296.50,13.5536
2297.00,13.5202
2297.50,13.4789
2298.00,13.4414
2298.50,13.4134
2299.00,13.3966
2299.50,13.3921
2300.00,13.3992
2300.50,13.4122
2301.00,13.4234
2301.50,13.4300
2302.00,13.4369
2302.50,13.4510
2303.00,13.4721
2303.50,13.4905
2304.00,13.4946
2304.50,13.4815
2305.00,13.4603
2305.50,13.4438
2306.00,13.4400
2306.50,13.4503
2307.00,13.4718
2307.50,13.4981
2308.00,13.5201
2308.50,13.5305
2309.00,13.5281
2309.50,13.5200
2310.00,13.5196
2310.50,13.5420
2311.00,13.5949
2311.50,13.6717
2312.00,13.7509
2312.50,13.8054
2313.00,13.8166
2313.50,13.7848
2314.00,13.7307
2314.50,13.6835
2315.00,13.6617
2315.50,13.6609
2316.00,13.6593
2316.50,13.6392
2317.00,13.6042
2317.50,13.5730
2318.00,13.5557
2318.50,13.5415
2319.00,13.5123
2319.50,13.4669
2320.00,13.4250
2320.50,13.4078
2321.00,13.4200
2321.50,13.4508
2322.00,13.4871
2322.50,13.5193
2323.00,13.5397
2323.50,13.5410
2324.00,13.5199
2324.50,13.4806
2325.00,13.4342
2325.50,13.3959
2326.00,13.3777
2326.50,13.3800
2327.00,13.3905
2327.50,13.3926
2328.00,13.3801
2328.50,13.3641
2329.00,13.3668
2329.50,13.4052
2330.00,13.4769
2330.50,13.5577
2331.00,13.6150
2331.50,13.6308
2332.00,13.6159
2332.50,13.6003
2333.00,13.6066
2333.50,13.6324
2334.00,13.6569
2334.50,13.6606
2335.00,13.6363
2335.50,13.5872
2336.00,13.5208
2336.50,13.4490
2337.00,13.3858
2337.50,13.3408
2338.00,13.3144
2338.50,13.3016
2339.00,13.2999
2339.50,13.3115
2340.00,13.3403
2340.50,13.3837
2341.00,13.4300
2341.50,13.4635
2342.00,13.4757
2342.50,13.4708
2343.00,13.4601
2343.50,13.4504
2344.00,13.4408
2344.50,13.4291
2345.00,13.4181
2345.50,13.4123
2346.00,13.4115
2346.50,13.4096
2347.00,13.3990
2347.50,13.3754
2348.00,13.3391
2348.50,13.2934
2349.00,13.2418
2349.50,13.1870
2350.00,13.1338
2350.50,13.0920
2351.00,13.0727
2351.50,13.0790
2352.00,13.1020
2352.50,13.1276
2353.00,13.1468
2353.50,13.1600
2354.00,13.1717
2354.50,13.1852
2355.00,13.2013
2355.50,13.2168
2356.00,13.2239
2356.50,13.2127
2357.00,13.1798
2357.50,13.1357
2358.00,13.1014
2358.50,13.0955
2359.00,13.1201
2359.50,13.1593
2360.00,13.1904
2360.50,13.1989
2361.00,13.1873
2361.50,13.1693
2362.00,13.1563
2362.50,13.1440
2363.00,13.1135
2363.50,13.0466
2364.00,12.9476
2364.50,12.8487
2365.00,12.7899
2365.50,12.7900
2366.00,12.8363
2366.50,12.8990
2367.00,12.9549
2367.50,12.9980
2368.00,13.0334
2368.50,13.0656
2369.00,13.0924
2369.50,13.1093
2370.00,13.1165
2370.50,13.1196
2371.00,13.1217
2371.50,13.1157
2372.00,13.0889
2372.50,13.0371
2373.00,12.9742
2373.50,12.9276
2374.00,12.9202
2374.50,12.9557
2375.00,13.0168
2375.50,13.0765
2376.00,13.1103
2376.50,13.1054
2377.00,13.0686
2377.50,13.0307
2378.00,13.0321
2378.50,13.0949
2379.00,13.2000
2379.50,13.2978
2380.00,13.3440
2380.50,13.3319
2381.00,13.2899
2381.50,13.2510
2382.00,13.2267
2382.50,13.2087
2383.00,13.1907
2383.50,13.1803
2384.00,13.1913
2384.50,13.2258
2385.00,13.2675
2385.50,13.2946
2386.00,13.2962
2386.50,13.2811
2387.00,13.2702
2387.50,13.2820
2388.00,13.3207
2388.50,13.3737
2389.00,13.4194
2389.50,13.4392
2390.00,13.4251
2390.50,13.3811
2391.00,13.3199
2391.50,13.2592
2392.00,13.2170
2392.50,13.2046
2393.00,13.2197
2393.50,13.2467
2394.00,13.2646
2394.50,13.2590
2395.00,13.2277
2395.50,13.1755
2396.00,13.1067
2396.50,13.0274
2397.00,12.9561
2397.50,12.9227
2398.00,12.9509
2398.50,13.0376
2399.00,13.1519
2399.50,13.2548
2400.00,13.3221
2400.50,13.3539
2401.00,13.3687
2401.50,13.3866
2402.00,13.4143
2402.50,13.4424
2403.00,13.4548
2403.50,13.4419
2404.00,13.4068
2404.50,13.3631
2405.00,13.3284
2405.50,13.3149
2406.00,13.3248
2406.50,13.3504
2407.00,13.3805
2407.50,13.4078
2408.00,13.4337
2408.50,13.4657
2409.00,13.5096
2409.50,13.5637
2410.00,13.6173
2410.50,13.6566
2411.00,13.6733
2411.50,13.6697
2412.00,13.6550
2412.50,13.6354
2413.00,13.6075
2413.50,13.5647
2414.00,13.5090
2414.50,13.4539
2415.00,13.4175
2415.50,13.4127
2416.00,13.4423
2416.50,13.4966
2417.00,13.5547
2417.50,13.5944
2418.00,13.6050
2418.50,13.5933
2419.00,13.5753
2419.50,13.5612
2420.00,13.5490
2420.50,13.5303
2421.00,13.5005
2421.50,13.4632
2422.00,13.4260
2422.50,13.3945
2423.00,13.3704
2423.50,13.3529
2424.00,13.3424
2424.50,13.3410
2425.00,13.3505
2425.50,13.3680
2426.00,13.3828
2426.50,13.3808
2427.00,13.3530
2427.50,13.3052
2428.00,13.2595
2428.50,13.2455
2429.00,13.2832
2429.50,13.3677
2430.00,13.4697
2430.50,13.5534
2431.00,13.5968
2431.50,13.5990
2432.00,13.5723
2432.50,13.5313
2433.00,13.4883
2433.50,13.4508
2434.00,13.4205
2434.50,13.3917
2435.00,13.3558
2435.50,13.3105
2436.00,13.2656
2436.50,13.2379
2437.00,13.2372
2437.50,13.2575
2438.00,13.2816
2438.50,13.2957
2439.00,13.2996
2439.50,13.3064
2440.00,13.3332
2440.50,13.3892
2441.00,13.4682
2441.50,13.5508
2442.00,13.6167
2442.50,13.6588
2443.00,13.6839
2443.50,13.6977
2444.00,13.6904
2444.50,13.6412
2445.00,13.5420
2445.50,13.4154
2446.00,13.3056
2446.50,13.2476
2447.00,13.2465
2447.50,13.2822
2448.00,13.3321
2448.50,13.3863
2449.00,13.4455
2449.50,13.5098
2450.00,13.5696
2450.50,13.6055
2451.00,13.5982
2451.50,13.5425
2452.00,13.4563
2452.50,13.3727
2453.00,13.3214
2453.50,13.3111
2454.00,13.3264
2454.50,13.3397
2455.00,13.3314
2455.50,13.3007
2456.00,13.2600
2456.50,13.2191
2457.00,13.1794
2457.50,13.1437
2458.00,13.1253
2458.50,13.1388
2459.00,13.1832
2459.50,13.2404
2460.00,13.2911
2460.50,13.3310
2461.00,13.3702
2461.50,13.4185
2462.00,13.4703
2462.50,13.5054
2463.00,13.5055
2463.50,13.4732
2464.00,13.4311
2464.50,13.4026
2465.00,13.3918
2465.50,13.3836
2466.00,13.3599
2466.50,13.3150
2467.00,13.2588
2467.50,13.2083
2468.00,13.1764
2468.50,13.1652
2469.00,13.1694
2469.50,13.1843
2470.00,13.2092
2470.50,13.2397
2471.00,13.2613
2471.50,13.2566
2472.00,13.2211
2472.50,13.1707
2473.00,13.1311
2473.50,13.1208
2474.00,13.1401
2474.50,13.1750
2475.00,13.2061
2475.50,13.2186
2476.00,13.2090
2476.50,13.1867
2477.00,13.1683
2477.50,13.1664
2478.00,13.1814
2478.50,13.2036
2479.00,13.2235
2479.50,13.2382
2480.00,13.2512
2480.50,13.2656
2481.00,13.2786
2481.50,13.2819
2482.00,13.2681
2482.50,13.2355
2483.00,13.1904
2483.50,13.1469
2484.00,13.1208
2484.50,13.1216
2485.00,13.1473
2485.50,13.1900
2486.00,13.2441
2486.50,13.3063
2487.00,13.3681
2487.50,13.4137
2488.00,13.4304
2488.50,13.4145
2489.00,13.3686
2489.50,13.2964
2490.00,13.2073
2490.50,13.1218
2491.00,13.0669
2491.50,13.0609
2492.00,13.1028
2492.50,13.1729
2493.00,13.2401
2493.50,13.2701
2494.00,13.2379
2494.50,13.1444
2495.00,13.0254
2495.50,12.9354
2496.00,12.9129
2496.50,12.9551
2497.00,13.0281
2497.50,13.0969
2498.00,13.1481
2498.50,13.1883
2499.00,13.2255
2499.50,13.2577
2500.00,13.2767
2500.50,13.2795
2501.00,13.2725
2501.50,13.2638
2502.00,13.2547
2502.50,13.2416
2503.00,13.2218
2503.50,13.1971
2504.00,13.1740
2504.50,13.1619
2505.00,13.1699
2505.50,13.1993
2506.00,13.2401
2506.50,13.2766
2507.00,13.2980
2507.50,13.3028
2508.00,13.2960
2508.50,13.2858
2509.00,13.2809
2509.50,13.2874
2510.00,13.3044
2510.50,13.3218
2511.00,13.3263
2511.50,13.3103
2512.00,13.2787
2512.50,13.2471
2513.00,13.2311
2513.50,13.2360
2514.00,13.2545
2514.50,13.2738
2515.00,13.2846
2515.50,13.2851
2516.00,13.2786
2516.50,13.2720
2517.00,13.2737
2517.50,13.2901
2518.00,13.3202
2518.50,13.3548
2519.00,13.3834
2519.50,13.4008
2520.00,13.4096
2520.50,13.4162
2521.00,13.4291
2521.50,13.4580
2522.00,13.5095
2522.50,13.5814
2523.00,13.6586
2523.50,13.7198
2524.00,13.7498
2524.50,13.7488
2525.00,13.7281
2525.50,13.6994
2526.00,13.6653
2526.50,13.6205
2527.00,13.5609
2527.50,13.4934
2528.00,13.4365
2528.50,13.4104
2529.00,13.4211
2529.50,13.4535
2530.00,13.4805
2530.50,13.4800
2531.00,13.4478
2531.50,13.3975
2532.00,13.3514
2532.50,13.3279
2533.00,13.3296
2533.50,13.3406
2534.00,13.3376
2534.50,13.3080
2535.00,13.2595
2535.50,13.2127
2536.00,13.1862
2536.50,13.1855
2537.00,13.2027
2537.50,13.2217
2538.00,13.2276
2538.50,13.2157
2539.00,13.1956
2539.50,13.1850
2540.00,13.1977
2540.50,13.2361
2541.00,13.2917
2541.50,13.3512
2542.00,13.4034
2542.50,13.4416
2543.00,13.4618
2543.50,13.4578
2544.00,13.4223
2544.50,13.3542
2545.00,13.2679
2545.50,13.1903
2546.00,13.1461
2546.50,13.1416
2547.00,13.1621
2547.50,13.1881
2548.00,13.2104
2548.50,13.2317
2549.00,13.2544
2549.50,13.2740
2550.00,13.2847
2550.50,13.2850
2551.00,13.2771
2551.50,13.2613
2552.00,13.2373
2552.50,13.2083
2553.00,13.1818
2553.50,13.1672
2554.00,13.1715
2554.50,13.1961
2555.00,13.2329
2555.50,13.2651
2556.00,13.2767
2556.50,13.2641
2557.00,13.2407
2557.50,13.2282
2558.00,13.2410
2558.50,13.2776
2559.00,13.3238
2559.50,13.3625
2560.00,13.3816
2560.50,13.3789
2561.00,13.3616
2561.50,13.3420
2562.00,13.3309
2562.50,13.3345
2563.00,13.3559
2563.50,13.3970
2564.00,13.4544
2564.50,13.5153
2565.00,13.5597
2565.50,13.5716
2566.00,13.5492
2566.50,13.5066
2567.00,13.4637
2567.50,13.4345
2568.00,13.4216
2568.50,13.4204
2569.00,13.4269
2569.50,13.4420
2570.00,13.4700
2570.50,13.5137
2571.00,13.5700
2571.50,13.6296
2572.00,13.6805
2572.50,13.7130
2573.00,13.7242
2573.50,13.7182
2574.00,13.7027
2574.50,13.6832
2575.00,13.6592
2575.50,13.6284
2576.00,13.5929
2576.50,13.5611
2577.00,13.5425
2577.50,13.5394
2578.00,13.5455
2578.50,13.5534
2579.00,13.5627
2579.50,13.5787
2580.00,13.6033
2580.50,13.6296
2581.00,13.6476
2581.50,13.6532
2582.00,13.6516
2582.50,13.6531
2583.00,13.6654
2583.50,13.6884
2584.00,13.7137
2584.50,13.7303
2585.00,13.7299
2585.50,13.7105
2586.00,13.6743
2586.50,13.6256
2587.00,13.5740
2587.50,13.5353
2588.00,13.5239
2588.50,13.5429
2589.00,13.5823
2589.50,13.6292
2590.00,13.6784
2590.50,13.7339
2591.00,13.8011
2591.50,13.8764
2592.00,13.9435
2592.50,13.9800
2593.00,13.9715
2593.50,13.9210
2594.00,13.8485
2594.50,13.7809
2595.00,13.7406
2595.50,13.7376
2596.00,13.7662
2596.50,13.8080
2597.00,13.8423
2597.50,13.8571
2598.00,13.8522
2598.50,13.8346
2599.00,13.8119
2599.50,13.7894
2600.00,13.7691
2600.50,13.7503
2601.00,13.7317
2601.50,13.7152
2602.00,13.7063
2602.50,13.7095
2603.00,13.7226
2603.50,13.7364
2604.00,13.7419
2604.50,13.7350
2605.00,13.7167
2605.50,13.6925
2606.00,13.6738
2606.50,13.6747
2607.00,13.7011
2607.50,13.7432
2608.00,13.7804
2608.50,13.7953
2609.00,13.7847
2609.50,13.7602
2610.00,13.7404
2610.50,13.7394
2611.00,13.7577
2611.50,13.7807
2612.00,13.7874
2612.50,13.7655
2613.00,13.7242
2613.50,13.6903
2614.00,13.6908
2614.50,13.7336
2615.00,13.8061
2615.50,13.8874
2616.00,13.9600
2616.50,14.0120
2617.00,14.0370
2617.50,14.0347
2618.00,14.0129
2618.50,13.9831
2619.00,13.9527
2619.50,13.9215
2620.00,13.8864
2620.50,13.8476
2621.00,13.8117
2621.50,13.7891
2622.00,13.7881
2622.50,13.8086
2623.00,13.8410
2623.50,13.8714
2624.00,13.8910
2624.50,13.9008
2625.00,13.9088
2625.50,13.9219
2626.00,13.9392
2626.50,13.9527
2627.00,13.9591
2627.50,13.9674
2628.00,13.9934
2628.50,14.0437
2629.00,14.1057
2629.50,14.1550
2630.00,14.1712
2630.50,14.1489
2631.00,14.0973
2631.50,14.0329
2632.00,13.9719
2632.50,13.9248
2633.00,13.8962
2633.50,13.8857
2634.00,13.8890
2634.50,13.8988
2635.00,13.9076
2635.50,13.9110
2636.00,13.9110
2636.50,13.9149
2637.00,13.9293
2637.50,13.9543
2638.00,13.9846
2638.50,14.0137
2639.00,14.0370
2639.50,14.0522
2640.00,14.0566
2640.50,14.0479
2641.00,14.0281
2641.50,14.0051
2642.00,13.9888
2642.50,13.9820
2643.00,13.9765
2643.50,13.9585
2644.00,13.9203
2644.50,13.8673
2645.00,13.8124
2645.50,13.7658
2646.00,13.7277
2646.50,13.6930
2647.00,13.6611
2647.50,13.6390
2648.00,13.6312
2648.50,13.6324
2649.00,13.6304
2649.50,13.6180
2650.00,13.5979
2650.50,13.5797
2651.00,13.5724
2651.50,13.5789
2652.00,13.5939
2652.50,13.6087
2653.00,13.6175
2653.50,13.6189
2654.00,13.6112
2654.50,13.5918
2655.00,13.5609
2655.50,13.5233
2656.00,13.4853
2656.50,13.4510
2657.00,13.4220
2657.50,13.4004
2658.00,13.3877
2658.50,13.3842
2659.00,13.3911
2659.50,13.4101
2660.00,13.4392
2660.50,13.4698
2661.00,13.4936
2661.50,13.5110
2662.00,13.5289
2662.50,13.5495
2663.00,13.5675
2663.50,13.5800
2664.00,13.5930
2664.50,13.6136
2665.00,13.6387
2665.50,13.6580
2666.00,13.6667
2666.50,13.6692
2667.00,13.6690
2667.50,13.6623
2668.00,13.6432
2668.50,13.6132
2669.00,13.5798
2669.50,13.5470
2670.00,13.5113
2670.50,13.4694
2671.00,13.4255
2671.50,13.3888
2672.00,13.3638
2672.50,13.3438
2673.00,13.3167
2673.50,13.2758
2674.00,13.2289
2674.50,13.1978
2675.00,13.2052
2675.50,13.2566
2676.00,13.3321
2676.50,13.3974
2677.00,13.4279
2677.50,13.4247
2678.00,13.4102
2678.50,13.4095
2679.00,13.4351
2679.50,13.4834
2680.00,13.5398
2680.50,13.5831
2681.00,13.5905
2681.50,13.5508
2682.00,13.4761
2682.50,13.4006
2683.00,13.3601
2683.50,13.3699
2684.00,13.4188
2684.50,13.4799
2685.00,13.5289
2685.50,13.5565
2686.00,13.5698
2686.50,13.5839
2687.00,13.6091
2687.50,13.6440
2688.00,13.6795
2688.50,13.7090
2689.00,13.7331
2689.50,13.7573
2690.00,13.7835
2690.50,13.8101
2691.00,13.8384
2691.50,13.8760
2692.00,13.9280
2692.50,13.9846
2693.00,14.0220
2693.50,14.0191
2694.00,13.9757
2694.50,13.9136
2695.00,13.8617
2695.50,13.8383
2696.00,13.8450
2696.50,13.8737
2697.00,13.9143
2697.50,13.9549
2698.00,13.9806
2698.50,13.9797
2699.00,13.9542
2699.50,13.9220
2700.00,13.9059
2700.50,13.9206
2701.00,13.9688
2701.50,14.0443
2702.00,14.1366
2702.50,14.2357
2703.00,14.3367
2703.50,14.4378
2704.00,14.5341
2704.50,14.6150
2705.00,14.6722
2705.50,14.7085
2706.00,14.7384
2706.50,14.7769
2707.00,14.8268
2707.50,14.8756
2708.00,14.9050
2708.50,14.9088
2709.00,14.9017
2709.50,14.9100
2710.00,14.9511
2710.50,15.0199
2711.00,15.0930
2711.50,15.1456
2712.00,15.1691
2712.50,15.1752
2713.00,15.1845
2713.50,15.2102
2714.00,15.2487
2714.50,15.2854
2715.00,15.3075
2715.50,15.3136
2716.00,15.3125
2716.50,15.3145
2717.00,15.3203
2717.50,15.3204
2718.00,15.3043
2718.50,15.2708
2719.00,15.2270
2719.50,15.1790
2720.00,15.1270
2720.50,15.0706
2721.00,15.0175
2721.50,14.9826
2722.00,14.9823
2722.50,15.0275
2723.00,15.1185
2723.50,15.2401
2724.00,15.3640
2724.50,15.4620
2725.00,15.5213
2725.50,15.5482
2726.00,15.5579
2726.50,15.5607
2727.00,15.5584
2727.50,15.5482
2728.00,15.5302
2728.50,15.5079
2729.00,15.4854
2729.50,15.4631
2730.00,15.4405
2730.50,15.4183
2731.00,15.3989
2731.50,15.3820
2732.00,15.3632
2732.50,15.3375
2733.00,15.3037
2733.50,15.2656
2734.00,15.2315
2734.50,15.2122
2735.00,15.2153
2735.50,15.2379
2736.00,15.2662
2736.50,15.2861
2737.00,15.2946
2737.50,15.3005
2738.00,15.3131
2738.50,15.3327
2739.00,15.3499
2739.50,15.3529
2740.00,15.3354
2740.50,15.3006
2741.00,15.2588
2741.50,15.2192
2742.00,15.1845
2742.50,15.1542
2743.00,15.1301
2743.50,15.1160
2744.00,15.1102
2744.50,15.1010
2745.00,15.0738
2745.50,15.0242
2746.00,14.9657
2746.50,14.9242
2747.00,14.9202
2747.50,14.9545
2748.00,15.0056
2748.50,15.0441
2749.00,15.0506
2749.50,15.0281
2750.00,14.9989
2750.50,14.9895
2751.00,15.0124
2751.50,15.0578
2752.00,15.1011
2752.50,15.1193
2753.00,15.1006
2753.50,15.0462
2754.00,14.9684
2754.50,14.8876
2755.00,14.8235
2755.50,14.7830
2756.00,14.7545
2756.50,14.7181
2757.00,14.6641
2757.50,14.6031
2758.00,14.5581
2758.50,14.5468
2759.00,14.5707
2759.50,14.6167
2760.00,14.6660
2760.50,14.7013
2761.00,14.7137
2761.50,14.7077
2762.00,14.6996
2762.50,14.7070
2763.00,14.7357
2763.50,14.7765
2764.00,14.8141
2764.50,14.8369
2765.00,14.8397
2765.50,14.8170
2766.00,14.7610
2766.50,14.6678
2767.00,14.5500
2767.50,14.4396
2768.00,14.3733
2768.50,14.3696
2769.00,14.4148
2769.50,14.4719
2770.00,14.5084
2770.50,14.5193
2771.00,14.5257
2771.50,14.5503
2772.00,14.5951
2772.50,14.6395
2773.00,14.6595
2773.50,14.6474
2774.00,14.6174
2774.50,14.5944
2775.00,14.5945
2775.50,14.6126
2776.00,14.6276
2776.50,14.6210
2777.00,14.5923
2777.50,14.5597
2778.00,14.5473
2778.50,14.5701
2779.00,14.6237
2779.50,14.6867
2780.00,14.7329
2780.50,14.7455
2781.00,14.7247
2781.50,14.6847
2782.00,14.6401
2782.50,14.5945
2783.00,14.5393
2783.50,14.4655
2784.00,14.3800
2784.50,14.3092
2785.00,14.2846
2785.50,14.3190
2786.00,14.3933
2786.50,14.4664
2787.00,14.5041
2787.50,14.5041
2788.00,14.4930
2788.50,14.5010
2789.00,14.5370
2789.50,14.5856
2790.00,14.6236
2790.50,14.6364
2791.00,14.6237
2791.50,14.5949
2792.00,14.5590
2792.50,14.5163
2793.00,14.4589
2793.50,14.3842
2794.00,14.3090
2794.50,14.2655
2795.00,14.2768
2795.50,14.3365
2796.00,14.4123
2796.50,14.4715
2797.00,14.4987
2797.50,14.4943
2798.00,14.4624
2798.50,14.4059
2799.00,14.3330
2799.50,14.2628
2800.00,14.2221
2800.50,14.2323
2801.00,14.2976
2801.50,14.4018
2802.00,14.5171
2802.50,14.6167
2803.00,14.6842
2803.50,14.7164
2804.00,14.7198
2804.50,14.7034
2805.00,14.6717
2805.50,14.6252
2806.00,14.5670
2806.50,14.5101
2807.00,14.4759
2807.50,14.4821
2808.00,14.5284
2808.50,14.5950
2809.00,14.6541
2809.50,14.6862
2810.00,14.6859
2810.50,14.6594
2811.00,14.6185
2811.50,14.5765
2812.00,14.5435
2812.50,14.5221
2813.00,14.5084
2813.50,14.4981
2814.00,14.4922
2814.50,14.4964
2815.00,14.5159
2815.50,14.5525
2816.00,14.6039
2816.50,14.6640
2817.00,14.7224
2817.50,14.7653
2818.00,14.7819
2818.50,14.7685
2819.00,14.7307
2819.50,14.6810
2820.00,14.6356
2820.50,14.6067
2821.00,14.5961
2821.50,14.5954
2822.00,14.5959
2822.50,14.5966
2823.00,14.6020
2823.50,14.6138
2824.00,14.6262
2824.50,14.6293
2825.00,14.6176
2825.50,14.5940
2826.00,14.5691
2826.50,14.5550
2827.00,14.5592
2827.50,14.5795
2828.00,14.6029
2828.50,14.6127
2829.00,14.5989
2829.50,14.5653
2830.00,14.5258
2830.50,14.4944
2831.00,14.4763
2831.50,14.4682
2832.00,14.4646
2832.50,14.4637
2833.00,14.4655
2833.50,14.4684
2834.00,14.4696
2834.50,14.4692
2835.00,14.4704
2835.50,14.4745
2836.00,14.4757
2836.50,14.4636
2837.00,14.4313
2837.50,14.3847
2838.00,14.3453
2838.50,14.3402
2839.00,14.3822
2839.50,14.4574
2840.00,14.5315
2840.50,14.5737
2841.00,14.5735
2841.50,14.5416
2842.00,14.4984
2842.50,14.4672
2843.00,14.4676
2843.50,14.5071
2844.00,14.5726
2844.50,14.6345
2845.00,14.6636
2845.50,14.6483
2846.00,14.5969
2846.50,14.5273
2847.00,14.4542
2847.50,14.3843
2848.00,14.3213
2848.50,14.2730
2849.00,14.2499
2849.50,14.2566
2850.00,14.2840
2850.50,14.3141
2851.00,14.3333
2851.50,14.3418
2852.00,14.3476
2852.50,14.3540
2853.00,14.3556
2853.50,14.3466
2854.00,14.3279
2854.50,14.3050
2855.00,14.2794
2855.50,14.2485
2856.00,14.2132
2856.50,14.1814
2857.00,14.1616
2857.50,14.1541
2858.00,14.1516
2858.50,14.1435
2859.00,14.1202
2859.50,14.0749
2860.00,14.0054
2860.50,13.9169
2861.00,13.8229
2861.50,13.7420
2862.00,13.6908
2862.50,13.6764
2863.00,13.6929
2863.50,13.7261
2864.00,13.7625
2864.50,13.7939
2865.00,13.8172
2865.50,13.8319
2866.00,13.8381
2866.50,13.8361
2867.00,13.8274
2867.50,13.8142
2868.00,13.7983
2868.50,13.7801
2869.00,13.7584
2869.50,13.7327
2870.00,13.7058
2870.50,13.6877
2871.00,13.6914
2871.50,13.7212
2872.00,13.7634
2872.50,13.7922
2873.00,13.7895
2873.50,13.7596
2874.00,13.7231
2874.50,13.6984
2875.00,13.6907
2875.50,13.6956
2876.00,13.7082
2876.50,13.7249
2877.00,13.7415
2877.50,13.7534
2878.00,13.7594
2878.50,13.7638
2879.00,13.7739
2879.50,13.7944
2880.00,13.8243
2880.50,13.8577
2881.00,13.8892
2881.50,13.9156
2882.00,13.9332
2882.50,13.9333
2883.00,13.9040
2883.50,13.8401
2884.00,13.7520
2884.50,13.6640
2885.00,13.6033
2885.50,13.5868
2886.00,13.6126
2886.50,13.6628
2887.00,13.7149
2887.50,13.7536
2888.00,13.7726
2888.50,13.7688
2889.00,13.7389
2889.50,13.6828
2890.00,13.6116
2890.50,13.5470
2891.00,13.5109
2891.50,13.5117
2892.00,13.5404
2892.50,13.5786
2893.00,13.6085
2893.50,13.6189
2894.00,13.6085
2894.50,13.5865
2895.00,13.5695
2895.50,13.5726
2896.00,13.6004
2896.50,13.6436
2897.00,13.6843
2897.50,13.7044
2898.00,13.6925
2898.50,13.6489
2899.00,13.5871
2899.50,13.5277
2900.00,13.4861
2900.50,13.4653
2901.00,13.4600
2901.50,13.4677
2902.00,13.4910
2902.50,13.5271
2903.00,13.5604
2903.50,13.5712
2904.00,13.5534
2904.50,13.5229
