0.00,0.0000
0.50,-0.0537
1.00,-0.0883
1.50,-0.0862
2.00,-0.0421
2.50,0.0361
3.00,0.1306
3.50,0.2197
4.00,0.2868
4.50,0.3316
5.00,0.3698
5.50,0.4187
6.00,0.4810
6.50,0.5435
7.00,0.5887
7.50,0.6088
8.00,0.6105
8.50,0.6118
9.00,0.6354
9.50,0.6972
10.00,0.7951
10.50,0.9056
11.00,0.9966
11.50,1.0503
12.00,1.0760
12.50,1.0998
13.00,1.1404
13.50,1.1945
14.00,1.2437
14.50,1.2736
15.00,1.2875
15.50,1.3036
16.00,1.3396
16.50,1.3997
17.00,1.4732
17.50,1.5424
18.00,1.5924
18.50,1.6177
19.00,1.6224
19.50,1.6160
20.00,1.6093
20.50,1.6111
21.00,1.6282
21.50,1.6619
22.00,1.7031
22.50,1.7341
23.00,1.7410
23.50,1.7289
24.00,1.7195
24.50,1.7318
25.00,1.7654
25.50,1.8046
26.00,1.8349
26.50,1.8542
27.00,1.8700
27.50,1.8917
28.00,1.9242
28.50,1.9653
29.00,2.0040
29.50,2.0252
30.00,2.0177
30.50,1.9817
31.00,1.9282
31.50,1.8711
32.00,1.8190
32.50,1.7716
33.00,1.7244
33.50,1.6782
34.00,1.6427
34.50,1.6292
35.00,1.6396
35.50,1.6631
36.00,1.6828
36.50,1.6871
37.00,1.6754
37.50,1.6555
38.00,1.6335
38.50,1.6080
39.00,1.5751
39.50,1.5384
40.00,1.5113
40.50,1.5083
41.00,1.5345
41.50,1.5850
42.00,1.6474
42.50,1.7038
43.00,1.7328
43.50,1.7185
44.00,1.6636
44.50,1.5929
45.00,1.5397
45.50,1.5266
46.00,1.5552
46.50,1.6123
47.00,1.6809
47.50,1.7475
48.00,1.8022
48.50,1.8383
49.00,1.8523
49.50,1.8429
50.00,1.8107
50.50,1.7589
51.00,1.6972
51.50,1.6405
52.00,1.6038
52.50,1.5979
53.00,1.6298
53.50,1.7004
54.00,1.7994
54.50,1.9038
55.00,1.9860
55.50,2.0258
56.00,2.0191
56.50,1.9785
57.00,1.9276
57.50,1.8904
58.00,1.8845
58.50,1.9176
59.00,1.9862
59.50,2.0705
60.00,2.1367
60.50,2.1547
61.00,2.1208
61.50,2.0651
62.00,2.0316
62.50,2.0464
63.00,2.1006
63.50,2.1614
64.00,2.1978
64.50,2.2001
65.00,2.1793
65.50,2.1538
66.00,2.1359
66.50,2.1291
67.00,2.1320
67.50,2.1443
68.00,2.1685
68.50,2.2058
69.00,2.2501
69.50,2.2857
70.00,2.2948
70.50,2.2681
71.00,2.2136
71.50,2.1546
72.00,2.1183
72.50,2.1189
73.00,2.1469
73.50,2.1730
74.00,2.1695
74.50,2.1341
75.00,2.0960
75.50,2.0942
76.00,2.1466
76.50,2.2376
77.00,2.3335
77.50,2.4081
78.00,2.4532
78.50,2.4741
79.00,2.4783
79.50,2.4730
80.00,2.4640
80.50,2.4552
81.00,2.4468
81.50,2.4381
82.00,2.4305
82.50,2.4272
83.00,2.4295
83.50,2.4342
84.00,2.4367
84.50,2.4336
85.00,2.4257
85.50,2.4164
86.00,2.4098
86.50,2.4072
87.00,2.4071
87.50,2.4082
88.00,2.4119
88.50,2.4205
89.00,2.4353
89.50,2.4545
90.00,2.4754
90.50,2.4938
91.00,2.5041
91.50,2.5040
92.00,2.4994
92.50,2.5024
93.00,2.5209
93.50,2.5513
94.00,2.5839
94.50,2.6107
95.00,2.6277
95.50,2.6314
96.00,2.6210
96.50,2.6037
97.00,2.5956
97.50,2.6127
98.00,2.6609
98.50,2.7334
99.00,2.8143
99.50,2.8852
100.00,2.9313
100.50,2.9462
101.00,2.9347
101.50,2.9113
102.00,2.8919
102.50,2.8852
103.00,2.8893
103.50,2.8978
104.00,2.9091
104.50,2.9297
105.00,2.9684
105.50,3.0269
106.00,3.0960
106.50,3.1620
107.00,3.2136
107.50,3.2456
108.00,3.2584
108.50,3.2581
109.00,3.2548
109.50,3.2554
110.00,3.2581
110.50,3.2540
111.00,3.2373
111.50,3.2129
112.00,3.1919
112.50,3.1801
113.00,3.1741
113.50,3.1663
114.00,3.1534
114.50,3.1380
115.00,3.1252
115.50,3.1206
116.00,3.1305
116.50,3.1583
117.00,3.1998
117.50,3.2432
118.00,3.2758
118.50,3.2888
119.00,3.2777
119.50,3.2411
120.00,3.1827
120.50,3.1145
121.00,3.0543
121.50,3.0165
122.00,3.0054
122.50,3.0176
123.00,3.0502
123.50,3.1020
124.00,3.1655
124.50,3.2220
125.00,3.2514
125.50,3.2456
126.00,3.2135
126.50,3.1718
127.00,3.1348
127.50,3.1109
128.00,3.1042
128.50,3.1147
129.00,3.1363
129.50,3.1585
130.00,3.1725
130.50,3.1766
131.00,3.1755
131.50,3.1740
132.00,3.1718
132.50,3.1649
133.00,3.1513
133.50,3.1342
134.00,3.1180
134.50,3.1023
135.00,3.0813
135.50,3.0508
136.00,3.0136
136.50,2.9796
137.00,2.9589
137.50,2.9580
138.00,2.9785
138.50,3.0151
139.00,3.0538
139.50,3.0777
140.00,3.0781
140.50,3.0600
141.00,3.0351
141.50,3.0114
142.00,2.9924
142.50,2.9827
143.00,2.9895
143.50,3.0170
144.00,3.0610
144.50,3.1097
145.00,3.1491
145.50,3.1688
146.00,3.1672
146.50,3.1549
147.00,3.1494
147.50,3.1644
148.00,3.2024
148.50,3.2543
149.00,3.3055
149.50,3.3427
150.00,3.3586
150.50,3.3537
151.00,3.3354
151.50,3.3148
152.00,3.3008
152.50,3.2981
153.00,3.3074
153.50,3.3274
154.00,3.3543
154.50,3.3798
155.00,3.3931
155.50,3.3862
156.00,3.3592
156.50,3.3199
157.00,3.2805
157.50,3.2535
158.00,3.2478
158.50,3.2667
159.00,3.3061
159.50,3.3556
160.00,3.4012
160.50,3.4304
161.00,3.4361
161.50,3.4183
162.00,3.3831
162.50,3.3407
163.00,3.3034
163.50,3.2814
164.00,3.2771
164.50,3.2847
165.00,3.2945
165.50,3.2989
166.00,3.2943
166.50,3.2815
167.00,3.2653
167.50,3.2522
168.00,3.2455
168.50,3.2441
169.00,3.2434
169.50,3.2362
170.00,3.2149
170.50,3.1790
171.00,3.1384
171.50,3.1096
172.00,3.1021
172.50,3.1103
173.00,3.1160
173.50,3.1001
174.00,3.0557
174.50,2.9952
175.00,2.9452
175.50,2.9293
176.00,2.9518
176.50,2.9951
177.00,3.0340
177.50,3.0539
178.00,3.0609
178.50,3.0764
179.00,3.1216
179.50,3.2009
180.00,3.2948
180.50,3.3704
181.00,3.4031
181.50,3.3933
182.00,3.3628
182.50,3.3360
183.00,3.3247
183.50,3.3260
184.00,3.3311
184.50,3.3348
185.00,3.3359
185.50,3.3321
186.00,3.3147
186.50,3.2725
187.00,3.2016
187.50,3.1119
188.00,3.0234
188.50,2.9573
189.00,2.9285
189.50,2.9412
190.00,2.9870
190.50,3.0473
191.00,3.1012
191.50,3.1349
192.00,3.1453
192.50,3.1369
193.00,3.1156
193.50,3.0880
194.00,3.0622
194.50,3.0442
195.00,3.0305
195.50,3.0110
196.00,2.9815
196.50,2.9517
197.00,2.9369
197.50,2.9434
198.00,2.9623
198.50,2.9778
199.00,2.9787
199.50,2.9638
200.00,2.9402
200.50,2.9176
201.00,2.9035
201.50,2.9016
202.00,2.9111
202.50,2.9274
203.00,2.9436
203.50,2.9557
204.00,2.9650
204.50,2.9745
205.00,2.9844
205.50,2.9907
206.00,2.9879
206.50,2.9718
207.00,2.9407
207.50,2.8996
208.00,2.8600
208.50,2.8337
209.00,2.8240
209.50,2.8239
210.00,2.8253
210.50,2.8294
211.00,2.8468
211.50,2.8867
212.00,2.9474
212.50,3.0148
213.00,3.0689
213.50,3.0954
214.00,3.0934
214.50,3.0726
215.00,3.0437
215.50,3.0123
216.00,2.9825
216.50,2.9621
217.00,2.9602
217.50,2.9768
218.00,2.9999
218.50,3.0138
219.00,3.0139
219.50,3.0104
220.00,3.0161
220.50,3.0320
221.00,3.0479
221.50,3.0559
222.00,3.0616
222.50,3.0796
223.00,3.1207
223.50,3.1792
224.00,3.2329
224.50,3.2562
225.00,3.2392
225.50,3.1960
226.00,3.1520
226.50,3.1226
227.00,3.1051
227.50,3.0892
228.00,3.0722
228.50,3.0621
229.00,3.0680
229.50,3.0916
230.00,3.1269
230.50,3.1647
231.00,3.1945
231.50,3.2044
232.00,3.1858
232.50,3.1404
233.00,3.0828
233.50,3.0336
234.00,3.0090
234.50,3.0175
235.00,3.0592
235.50,3.1261
236.00,3.2012
236.50,3.2629
237.00,3.2946
237.50,3.2915
238.00,3.2596
238.50,3.2092
239.00,3.1493
239.50,3.0866
240.00,3.0283
240.50,2.9828
241.00,2.9551
241.50,2.9426
242.00,2.9384
242.50,2.9391
243.00,2.9470
243.50,2.9631
244.00,2.9787
244.50,2.9788
245.00,2.9556
245.50,2.9181
246.00,2.8873
246.50,2.8826
247.00,2.9086
247.50,2.9557
248.00,3.0072
248.50,3.0482
249.00,3.0711
249.50,3.0780
250.00,3.0786
250.50,3.0826
251.00,3.0911
251.50,3.0964
252.00,3.0917
252.50,3.0794
253.00,3.0708
253.50,3.0735
254.00,3.0838
254.50,3.0889
255.00,3.0774
255.50,3.0476
256.00,3.0058
256.50,2.9618
257.00,2.9265
257.50,2.9113
258.00,2.9229
258.50,2.9571
259.00,2.9971
259.50,3.0249
260.00,3.0339
260.50,3.0330
261.00,3.0368
261.50,3.0537
262.00,3.0802
262.50,3.1061
263.00,3.1239
263.50,3.1350
264.00,3.1476
264.50,3.1689
265.00,3.1992
265.50,3.2335
266.00,3.2664
266.50,3.2940
267.00,3.3144
267.50,3.3288
268.00,3.3434
268.50,3.3687
269.00,3.4120
269.50,3.4690
270.00,3.5214
270.50,3.5480
271.00,3.5419
271.50,3.5168
272.00,3.4938
272.50,3.4816
273.00,3.4719
273.50,3.4541
274.00,3.4330
274.50,3.4291
275.00,3.4596
275.50,3.5191
276.00,3.5783
276.50,3.6042
277.00,3.5848
277.50,3.5362
278.00,3.4872
278.50,3.4578
279.00,3.4490
279.50,3.4500
280.00,3.4513
280.50,3.4535
281.00,3.4641
281.50,3.4888
282.00,3.5234
282.50,3.5542
283.00,3.5693
283.50,3.5703
284.00,3.5744
284.50,3.6007
285.00,3.6517
285.50,3.7091
286.00,3.7480
286.50,3.7552
287.00,3.7350
287.50,3.7006
288.00,3.6656
288.50,3.6417
289.00,3.6398
289.50,3.6651
290.00,3.7129
290.50,3.7712
291.00,3.8293
291.50,3.8825
292.00,3.9281
292.50,3.9614
293.00,3.9760
293.50,3.9664
294.00,3.9329
294.50,3.8869
295.00,3.8512
295.50,3.8472
296.00,3.8762
296.50,3.9148
297.00,3.9326
297.50,3.9170
298.00,3.8795
298.50,3.8421
299.00,3.8197
299.50,3.8134
300.00,3.8155
300.50,3.8165
301.00,3.8117
301.50,3.8051
302.00,3.8082
302.50,3.8293
303.00,3.8622
303.50,3.8852
304.00,3.8760
304.50,3.8297
305.00,3.7645
305.50,3.7099
306.00,3.6879
306.50,3.7058
307.00,3.7579
307.50,3.8302
308.00,3.9035
308.50,3.9584
309.00,3.9854
309.50,3.9895
310.00,3.9845
310.50,3.9809
311.00,3.9785
311.50,3.9683
312.00,3.9428
312.50,3.9068
313.00,3.8773
313.50,3.8719
314.00,3.8953
314.50,3.9381
315.00,3.9852
315.50,4.0230
316.00,4.0413
316.50,4.0349
317.00,4.0068
317.50,3.9699
318.00,3.9403
318.50,3.9261
319.00,3.9244
319.50,3.9263
320.00,3.9266
320.50,3.9276
321.00,3.9362
321.50,3.9569
322.00,3.9864
322.50,4.0163
323.00,4.0389
323.50,4.0504
324.00,4.0515
324.50,4.0467
325.00,4.0438
325.50,4.0474
326.00,4.0509
326.50,4.0375
327.00,3.9953
327.50,3.9334
328.00,3.8797
328.50,3.8609
329.00,3.8809
329.50,3.9183
330.00,3.9449
330.50,3.9464
331.00,3.9286
331.50,3.9080
332.00,3.8977
332.50,3.9023
333.00,3.9204
333.50,3.9498
334.00,3.9885
334.50,4.0335
335.00,4.0820
335.50,4.1323
336.00,4.1827
336.50,4.2287
337.00,4.2628
337.50,4.2788
338.00,4.2741
338.50,4.2489
339.00,4.2080
339.50,4.1625
340.00,4.1270
340.50,4.1091
341.00,4.1020
341.50,4.0875
342.00,4.0499
342.50,3.9869
343.00,3.9100
343.50,3.8366
344.00,3.7804
344.50,3.7476
345.00,3.7368
345.50,3.7407
346.00,3.7491
346.50,3.7528
347.00,3.7464
347.50,3.7281
348.00,3.6990
348.50,3.6647
349.00,3.6366
349.50,3.6281
350.00,3.6447
350.50,3.6754
351.00,3.6971
351.50,3.6927
352.00,3.6650
352.50,3.6323
353.00,3.6121
353.50,3.6099
354.00,3.6207
354.50,3.6339
355.00,3.6358
355.50,3.6124
356.00,3.5584
356.50,3.4842
357.00,3.4138
357.50,3.3737
358.00,3.3792
358.50,3.4261
359.00,3.4928
359.50,3.5528
360.00,3.5879
360.50,3.5929
361.00,3.5716
361.50,3.5334
362.00,3.4933
362.50,3.4684
363.00,3.4670
363.50,3.4804
364.00,3.4903
364.50,3.4865
365.00,3.4752
365.50,3.4682
366.00,3.4714
366.50,3.4824
367.00,3.4969
367.50,3.5120
368.00,3.5251
368.50,3.5322
369.00,3.5273
369.50,3.5049
370.00,3.4689
370.50,3.4381
371.00,3.4365
371.50,3.4716
372.00,3.5219
372.50,3.5518
373.00,3.5378
373.50,3.4837
374.00,3.4144
374.50,3.3592
375.00,3.3369
375.50,3.3479
376.00,3.3746
376.50,3.3908
377.00,3.3783
377.50,3.3390
378.00,3.2930
378.50,3.2649
379.00,3.2703
379.50,3.3118
380.00,3.3811
380.50,3.4606
381.00,3.5265
381.50,3.5579
382.00,3.5509
382.50,3.5230
383.00,3.5001
383.50,3.4966
384.00,3.5085
384.50,3.5203
385.00,3.5165
385.50,3.4897
386.00,3.4453
386.50,3.3996
387.00,3.3710
387.50,3.3664
388.00,3.3786
388.50,3.3948
389.00,3.4077
389.50,3.4145
390.00,3.4109
390.50,3.3917
391.00,3.3582
391.50,3.3221
392.00,3.2982
392.50,3.2920
393.00,3.2961
393.50,3.2977
394.00,3.2908
394.50,3.2810
395.00,3.2774
395.50,3.2815
396.00,3.2852
396.50,3.2798
397.00,3.2659
397.50,3.2525
398.00,3.2496
398.50,3.2619
399.00,3.2866
399.50,3.3167
400.00,3.3434
400.50,3.3605
401.00,3.3665
401.50,3.3649
402.00,3.3602
402.50,3.3555
403.00,3.3525
403.50,3.3518
404.00,3.3515
404.50,3.3466
405.00,3.3302
405.50,3.2980
406.00,3.2511
406.50,3.1969
407.00,3.1469
407.50,3.1104
408.00,3.0893
408.50,3.0799
409.00,3.0769
409.50,3.0773
410.00,3.0798
410.50,3.0851
411.00,3.0955
411.50,3.1123
412.00,3.1325
412.50,3.1503
413.00,3.1607
413.50,3.1638
414.00,3.1638
414.50,3.1643
415.00,3.1663
415.50,3.1679
416.00,3.1653
416.50,3.1532
417.00,3.1256
417.50,3.0814
418.00,3.0287
418.50,2.9815
419.00,2.9513
419.50,2.9424
420.00,2.9546
420.50,2.9861
421.00,3.0307
421.50,3.0758
422.00,3.1038
422.50,3.1008
423.00,3.0624
423.50,2.9950
424.00,2.9129
424.50,2.8350
425.00,2.7773
425.50,2.7465
426.00,2.7368
426.50,2.7345
427.00,2.7272
427.50,2.7103
428.00,2.6887
428.50,2.6737
429.00,2.6779
429.50,2.7092
430.00,2.7667
430.50,2.8379
431.00,2.9015
431.50,2.9367
432.00,2.9367
432.50,2.9145
433.00,2.8934
433.50,2.8882
434.00,2.8939
434.50,2.8941
435.00,2.8819
435.50,2.8707
436.00,2.8839
436.50,2.9318
437.00,2.9984
437.50,3.0515
438.00,3.0675
438.50,3.0481
439.00,3.0157
439.50,2.9941
440.00,2.9934
440.50,3.0094
441.00,3.0337
441.50,3.0604
442.00,3.0859
442.50,3.1065
443.00,3.1191
443.50,3.1264
444.00,3.1386
444.50,3.1655
445.00,3.2048
445.50,3.2400
446.00,3.2523
446.50,3.2357
447.00,3.2021
447.50,3.1709
448.00,3.1551
448.50,3.1557
449.00,3.1661
449.50,3.1785
450.00,3.1861
450.50,3.1831
451.00,3.1677
451.50,3.1455
452.00,3.1293
452.50,3.1299
453.00,3.1467
453.50,3.1675
454.00,3.1782
454.50,3.1738
455.00,3.1597
455.50,3.1465
456.00,3.1433
456.50,3.1564
457.00,3.1867
457.50,3.2244
458.00,3.2507
458.50,3.2490
459.00,3.2181
459.50,3.1723
460.00,3.1297
460.50,3.1021
461.00,3.0929
461.50,3.1002
462.00,3.1204
462.50,3.1479
463.00,3.1745
463.50,3.1883
464.00,3.1799
464.50,3.1505
465.00,3.1141
465.50,3.0882
466.00,3.0804
466.50,3.0814
467.00,3.0738
467.50,3.0479
468.00,3.0153
468.50,3.0034
469.00,3.0336
469.50,3.0993
470.00,3.1673
470.50,3.2013
471.00,3.1860
471.50,3.1313
472.00,3.0592
472.50,2.9894
473.00,2.9341
473.50,2.8988
474.00,2.8850
474.50,2.8912
475.00,2.9145
475.50,2.9539
476.00,3.0097
476.50,3.0788
477.00,3.1504
477.50,3.2076
478.00,3.2368
478.50,3.2369
479.00,3.2184
479.50,3.1936
480.00,3.1683
480.50,3.1395
481.00,3.1001
481.50,3.0452
482.00,2.9775
482.50,2.9088
483.00,2.8547
483.50,2.8253
484.00,2.8199
484.50,2.8300
485.00,2.8455
485.50,2.8569
486.00,2.8552
486.50,2.8329
487.00,2.7896
487.50,2.7359
488.00,2.6895
488.50,2.6624
489.00,2.6544
489.50,2.6586
490.00,2.6704
490.50,2.6893
491.00,2.7132
491.50,2.7374
492.00,2.7583
492.50,2.7753
493.00,2.7874
493.50,2.7908
494.00,2.7835
494.50,2.7712
495.00,2.7637
495.50,2.7655
496.00,2.7705
496.50,2.7676
497.00,2.7506
497.50,2.7221
498.00,2.6900
498.50,2.6636
499.00,2.6511
499.50,2.6573
500.00,2.6807
500.50,2.7148
501.00,2.7507
501.50,2.7800
502.00,2.7952
502.50,2.7923
503.00,2.7750
503.50,2.7543
504.00,2.7426
504.50,2.7450
505.00,2.7579
505.50,2.7730
506.00,2.7821
506.50,2.7786
507.00,2.7593
507.50,2.7273
508.00,2.6919
508.50,2.6618
509.00,2.6391
509.50,2.6201
510.00,2.6025
510.50,2.5879
511.00,2.5791
511.50,2.5786
512.00,2.5891
512.50,2.6126
513.00,2.6449
513.50,2.6710
514.00,2.6707
514.50,2.6336
515.00,2.5691
515.50,2.5021
516.00,2.4574
516.50,2.4478
517.00,2.4708
517.50,2.5121
518.00,2.5529
518.50,2.5781
519.00,2.5832
519.50,2.5736
520.00,2.5562
520.50,2.5322
521.00,2.4998
521.50,2.4638
522.00,2.4381
522.50,2.4360
523.00,2.4578
523.50,2.4909
524.00,2.5224
524.50,2.5502
525.00,2.5797
525.50,2.6117
526.00,2.6376
526.50,2.6478
527.00,2.6430
527.50,2.6331
528.00,2.6249
528.50,2.6152
529.00,2.5945
529.50,2.5571
530.00,2.5065
530.50,2.4548
531.00,2.4181
531.50,2.4077
532.00,2.4221
532.50,2.4445
533.00,2.4525
533.50,2.4317
534.00,2.3857
534.50,2.3325
535.00,2.2911
535.50,2.2692
536.00,2.2607
536.50,2.2543
537.00,2.2425
537.50,2.2265
538.00,2.2126
538.50,2.2068
539.00,2.2107
539.50,2.2208
540.00,2.2302
540.50,2.2320
541.00,2.2225
541.50,2.2049
542.00,2.1892
542.50,2.1870
543.00,2.2034
543.50,2.2345
544.00,2.2697
544.50,2.2977
545.00,2.3097
545.50,2.3022
546.00,2.2803
546.50,2.2571
547.00,2.2463
547.50,2.2537
548.00,2.2755
548.50,2.3021
549.00,2.3260
549.50,2.3449
550.00,2.3593
550.50,2.3676
551.00,2.3639
551.50,2.3449
552.00,2.3169
552.50,2.2951
553.00,2.2927
553.50,2.3108
554.00,2.3388
554.50,2.3641
555.00,2.3805
555.50,2.3893
556.00,2.3934
556.50,2.3946
557.00,2.3971
557.50,2.4103
558.00,2.4436
558.50,2.4948
559.00,2.5486
559.50,2.5864
560.00,2.5991
560.50,2.5902
561.00,2.5708
561.50,2.5518
562.00,2.5397
562.50,2.5353
563.00,2.5376
563.50,2.5480
564.00,2.5705
564.50,2.6062
565.00,2.6501
565.50,2.6947
566.00,2.7368
566.50,2.7760
567.00,2.8094
567.50,2.8304
568.00,2.8366
568.50,2.8338
569.00,2.8295
569.50,2.8223
570.00,2.8020
570.50,2.7612
571.00,2.7073
571.50,2.6591
572.00,2.6341
572.50,2.6371
573.00,2.6609
573.50,2.6923
574.00,2.7180
574.50,2.7294
575.00,2.7265
575.50,2.7175
576.00,2.7120
576.50,2.7134
577.00,2.7185
577.50,2.7217
578.00,2.7207
578.50,2.7177
579.00,2.7164
579.50,2.7184
580.00,2.7209
580.50,2.7200
581.00,2.7138
581.50,2.7049
582.00,2.6981
582.50,2.6962
583.00,2.6981
583.50,2.7017
584.00,2.7078
584.50,2.7222
585.00,2.7512
585.50,2.7957
586.00,2.8488
586.50,2.9003
587.00,2.9435
587.50,2.9750
588.00,2.9908
588.50,2.9865
589.00,2.9634
589.50,2.9331
590.00,2.9122
590.50,2.9115
591.00,2.9296
591.50,2.9563
592.00,2.9806
592.50,2.9977
593.00,3.0088
593.50,3.0178
594.00,3.0266
594.50,3.0360
595.00,3.0469
595.50,3.0618
596.00,3.0843
596.50,3.1175
597.00,3.1624
597.50,3.2156
598.00,3.2669
598.50,3.3007
599.00,3.3032
599.50,3.2734
600.00,3.2279
600.50,3.1935
601.00,3.1899
601.50,3.2163
602.00,3.2538
602.50,3.2801
603.00,3.2852
603.50,3.2752
604.00,3.2625
604.50,3.2533
605.00,3.2432
605.50,3.2232
606.00,3.1889
606.50,3.1450
607.00,3.1038
607.50,3.0800
608.00,3.0828
608.50,3.1098
609.00,3.1452
609.50,3.1667
610.00,3.1602
610.50,3.1305
611.00,3.0981
611.50,3.0838
612.00,3.0941
612.50,3.1186
613.00,3.1397
613.50,3.1465
614.00,3.1435
614.50,3.1475
615.00,3.1738
615.50,3.2233
616.00,3.2826
616.50,3.3358
617.00,3.3755
617.50,3.4001
618.00,3.4063
618.50,3.3887
619.00,3.3504
619.50,3.3088
620.00,3.2866
620.50,3.2933
621.00,3.3179
621.50,3.3389
622.00,3.3413
622.50,3.3267
623.00,3.3080
623.50,3.2970
624.00,3.2947
624.50,3.2927
625.00,3.2835
625.50,3.2685
626.00,3.2567
626.50,3.2570
627.00,3.2713
627.50,3.2961
628.00,3.3269
628.50,3.3580
629.00,3.3825
629.50,3.3940
630.00,3.3922
630.50,3.3867
631.00,3.3921
631.50,3.4176
632.00,3.4584
632.50,3.4968
633.00,3.5147
633.50,3.5063
634.00,3.4822
634.50,3.4607
635.00,3.4566
635.50,3.4738
636.00,3.5027
636.50,3.5246
637.00,3.5238
637.50,3.5020
638.00,3.4795
638.50,3.4784
639.00,3.5022
639.50,3.5322
640.00,3.5465
640.50,3.5395
641.00,3.5261
641.50,3.5254
642.00,3.5414
642.50,3.5590
643.00,3.5570
643.50,3.5260
644.00,3.4763
644.50,3.4303
645.00,3.4075
645.50,3.4132
646.00,3.4375
646.50,3.4624
647.00,3.4718
647.50,3.4606
648.00,3.4364
648.50,3.4141
649.00,3.4050
649.50,3.4110
650.00,3.4252
650.50,3.4395
651.00,3.4503
651.50,3.4595
652.00,3.4693
652.50,3.4771
653.00,3.4767
653.50,3.4620
654.00,3.4306
654.50,3.3857
655.00,3.3374
655.50,3.3030
656.00,3.3005
656.50,3.3368
657.00,3.4004
657.50,3.4666
658.00,3.5113
658.50,3.5235
659.00,3.5074
659.50,3.4751
660.00,3.4393
660.50,3.4078
661.00,3.3846
661.50,3.3735
662.00,3.3783
662.50,3.3987
663.00,3.4280
663.50,3.4579
664.00,3.4850
664.50,3.5094
665.00,3.5277
665.50,3.5308
666.00,3.5120
666.50,3.4737
667.00,3.4276
667.50,3.3878
668.00,3.3656
668.50,3.3669
669.00,3.3907
669.50,3.4274
670.00,3.4598
670.50,3.4724
671.00,3.4621
671.50,3.4405
672.00,3.4228
672.50,3.4157
673.00,3.4186
673.50,3.4319
674.00,3.4585
674.50,3.4951
675.00,3.5287
675.50,3.5446
676.00,3.5390
676.50,3.5217
677.00,3.5049
677.50,3.4930
678.00,3.4821
678.50,3.4670
679.00,3.4473
679.50,3.4271
680.00,3.4124
680.50,3.4083
681.00,3.4172
681.50,3.4378
682.00,3.4646
682.50,3.4903
683.00,3.5084
683.50,3.5143
684.00,3.5037
684.50,3.4719
685.00,3.4186
685.50,3.3522
686.00,3.2873
686.50,3.2332
687.00,3.1847
687.50,3.1285
688.00,3.0608
688.50,2.9969
689.00,2.9573
689.50,2.9461
690.00,2.9468
690.50,2.9432
691.00,2.9387
691.50,2.9516
692.00,2.9933
692.50,3.0528
693.00,3.1021
693.50,3.1142
694.00,3.0805
694.50,3.0163
695.00,2.9509
695.50,2.9093
696.00,2.8980
696.50,2.9056
697.00,2.9169
697.50,2.9268
698.00,2.9390
698.50,2.9559
699.00,2.9727
699.50,2.9832
700.00,2.9902
700.50,3.0038
701.00,3.0278
701.50,3.0513
702.00,3.0577
702.50,3.0441
703.00,3.0268
703.50,3.0288
704.00,3.0646
704.50,3.1341
705.00,3.2224
705.50,3.3016
706.00,3.3409
706.50,3.3254
707.00,3.2704
707.50,3.2124
708.00,3.1830
708.50,3.1897
709.00,3.2168
709.50,3.2420
710.00,3.2525
710.50,3.2497
711.00,3.2428
711.50,3.2405
712.00,3.2475
712.50,3.2648
713.00,3.2891
713.50,3.3119
714.00,3.3228
714.50,3.3168
715.00,3.2994
715.50,3.2837
716.00,3.2827
716.50,3.3008
717.00,3.3314
717.50,3.3610
718.00,3.3774
718.50,3.3765
719.00,3.3641
719.50,3.3506
720.00,3.3434
720.50,3.3441
721.00,3.3521
721.50,3.3687
722.00,3.3950
722.50,3.4263
723.00,3.4514
723.50,3.4598
724.00,3.4482
724.50,3.4195
725.00,3.3787
725.50,3.3292
726.00,3.2762
726.50,3.2297
727.00,3.2032
727.50,3.2079
728.00,3.2463
728.50,3.3109
729.00,3.3846
729.50,3.4454
730.00,3.4734
730.50,3.4610
731.00,3.4156
731.50,3.3530
732.00,3.2865
732.50,3.2239
733.00,3.1707
733.50,3.1320
734.00,3.1091
734.50,3.0984
735.00,3.0936
735.50,3.0896
736.00,3.0824
736.50,3.0688
737.00,3.0476
737.50,3.0227
738.00,3.0025
738.50,2.9954
739.00,3.0053
739.50,3.0288
740.00,3.0568
740.50,3.0793
741.00,3.0892
741.50,3.0829
742.00,3.0599
742.50,3.0238
743.00,2.9818
743.50,2.9443
744.00,2.9203
744.50,2.9153
745.00,2.9298
745.50,2.9614
746.00,3.0057
746.50,3.0566
747.00,3.1074
747.50,3.1543
748.00,3.1987
748.50,3.2437
749.00,3.2882
749.50,3.3266
750.00,3.3539
750.50,3.3728
751.00,3.3903
751.50,3.4106
752.00,3.4304
752.50,3.4464
753.00,3.4634
753.50,3.4935
754.00,3.5431
754.50,3.6019
755.00,3.6470
755.50,3.6600
756.00,3.6427
756.50,3.6155
757.00,3.6003
757.50,3.6043
758.00,3.6170
758.50,3.6202
759.00,3.6023
759.50,3.5626
760.00,3.5081
760.50,3.4481
761.00,3.3923
761.50,3.3503
762.00,3.3293
762.50,3.3292
763.00,3.3382
763.50,3.3359
764.00,3.3042
764.50,3.2399
765.00,3.1580
765.50,3.0804
766.00,3.0202
766.50,2.9760
767.00,2.9385
767.50,2.9022
768.00,2.8687
768.50,2.8409
769.00,2.8163
769.50,2.7895
770.00,2.7588
770.50,2.7312
771.00,2.7173
771.50,2.7227
772.00,2.7419
772.50,2.7599
773.00,2.7623
773.50,2.7431
774.00,2.7068
774.50,2.6632
775.00,2.6238
775.50,2.5979
776.00,2.5880
776.50,2.5873
777.00,2.5829
777.50,2.5641
778.00,2.5296
778.50,2.4882
779.00,2.4546
779.50,2.4406
780.00,2.4486
780.50,2.4688
781.00,2.4868
781.50,2.4938
782.00,2.4936
782.50,2.4964
783.00,2.5073
783.50,2.5214
784.00,2.5302
784.50,2.5300
785.00,2.5229
785.50,2.5124
786.00,2.5009
786.50,2.4898
787.00,2.4821
787.50,2.4820
788.00,2.4924
788.50,2.5114
789.00,2.5323
789.50,2.5491
790.00,2.5645
790.50,2.5898
791.00,2.6337
791.50,2.6889
792.00,2.7329
792.50,2.7444
793.00,2.7215
793.50,2.6849
794.00,2.6619
794.50,2.6655
795.00,2.6848
795.50,2.6929
796.00,2.6671
796.50,2.6050
797.00,2.5276
797.50,2.4672
798.00,2.4483
798.50,2.4753
799.00,2.5323
799.50,2.5940
800.00,2.6362
800.50,2.6437
801.00,2.6147
801.50,2.5632
802.00,2.5153
802.50,2.4966
803.00,2.5171
803.50,2.5649
804.00,2.6154
804.50,2.6464
805.00,2.6472
805.50,2.6187
806.00,2.5691
806.50,2.5101
807.00,2.4534
807.50,2.4078
808.00,2.3785
808.50,2.3669
809.00,2.3714
809.50,2.3855
810.00,2.3997
810.50,2.4057
811.00,2.4001
811.50,2.3844
812.00,2.3598
812.50,2.3255
813.00,2.2807
813.50,2.2293
814.00,2.1802
814.50,2.1453
815.00,2.1343
815.50,2.1513
816.00,2.1891
816.50,2.2301
817.00,2.2533
817.50,2.2475
818.00,2.2163
818.50,2.1752
819.00,2.1427
819.50,2.1315
820.00,2.1439
820.50,2.1719
821.00,2.2051
821.50,2.2373
822.00,2.2671
822.50,2.2935
823.00,2.3117
823.50,2.3139
824.00,2.2949
824.50,2.2599
825.00,2.2269
825.50,2.2186
826.00,2.2462
826.50,2.2983
827.00,2.3458
827.50,2.3597
828.00,2.3298
828.50,2.2697
829.00,2.2071
829.50,2.1682
830.00,2.1676
830.50,2.2044
831.00,2.2645
831.50,2.3279
832.00,2.3777
832.50,2.4062
833.00,2.4142
833.50,2.4056
834.00,2.3848
834.50,2.3576
835.00,2.3326
835.50,2.3168
836.00,2.3108
836.50,2.3081
837.00,2.3022
837.50,2.2931
838.00,2.2897
838.50,2.3055
839.00,2.3495
839.50,2.4168
840.00,2.4870
840.50,2.5337
841.00,2.5376
841.50,2.4968
842.00,2.4268
842.50,2.3516
843.00,2.2921
843.50,2.2569
844.00,2.2431
844.50,2.2428
845.00,2.2467
845.50,2.2461
846.00,2.2341
846.50,2.2083
847.00,2.1710
847.50,2.1255
848.00,2.0767
848.50,2.0328
849.00,2.0064
849.50,2.0081
850.00,2.0384
850.50,2.0881
851.00,2.1436
851.50,2.1927
852.00,2.2269
852.50,2.2419
853.00,2.2378
853.50,2.2189
854.00,2.1897
854.50,2.1523
855.00,2.1090
855.50,2.0677
856.00,2.0422
856.50,2.0432
857.00,2.0679
857.50,2.0998
858.00,2.1209
858.50,2.1248
859.00,2.1158
859.50,2.0963
860.00,2.0638
860.50,2.0213
861.00,1.9862
861.50,1.9790
862.00,2.0019
862.50,2.0337
863.00,2.0499
863.50,2.0447
864.00,2.0295
864.50,2.0168
865.00,2.0083
865.50,1.9977
866.00,1.9763
866.50,1.9361
867.00,1.8742
867.50,1.7999
868.00,1.7327
868.50,1.6883
869.00,1.6658
869.50,1.6516
870.00,1.6347
870.50,1.6157
871.00,1.5986
871.50,1.5809
872.00,1.5542
872.50,1.5162
873.00,1.4793
873.50,1.4633
874.00,1.4791
874.50,1.5158
875.00,1.5463
875.50,1.5462
876.00,1.5094
876.50,1.4494
877.00,1.3878
877.50,1.3422
878.00,1.3218
878.50,1.3263
879.00,1.3457
879.50,1.3630
880.00,1.3612
880.50,1.3322
881.00,1.2827
881.50,1.2301
882.00,1.1937
882.50,1.1835
883.00,1.1953
883.50,1.2134
884.00,1.2209
884.50,1.2105
885.00,1.1886
885.50,1.1701
886.00,1.1680
886.50,1.1847
887.00,1.2107
887.50,1.2310
888.00,1.2322
888.50,1.2084
889.00,1.1636
889.50,1.1114
890.00,1.0708
890.50,1.0564
891.00,1.0667
891.50,1.0838
892.00,1.0881
892.50,1.0750
893.00,1.0579
893.50,1.0522
894.00,1.0569
894.50,1.0546
895.00,1.0286
895.50,0.9801
896.00,0.9260
896.50,0.8831
897.00,0.8566
897.50,0.8421
898.00,0.8353
898.50,0.8348
899.00,0.8374
899.50,0.8372
900.00,0.8317
900.50,0.8272
901.00,0.8346
901.50,0.8600
902.00,0.8998
902.50,0.9441
903.00,0.9826
903.50,1.0074
904.00,1.0133
904.50,0.9996
905.00,0.9716
905.50,0.9395
906.00,0.9136
906.50,0.8992
907.00,0.8956
907.50,0.8984
908.00,0.9022
908.50,0.9004
909.00,0.8872
909.50,0.8624
910.00,0.8357
910.50,0.8226
911.00,0.8337
911.50,0.8655
912.00,0.9026
912.50,0.9297
913.00,0.9420
913.50,0.9485
914.00,0.9621
914.50,0.9870
915.00,1.0149
915.50,1.0354
916.00,1.0500
916.50,1.0710
917.00,1.1051
917.50,1.1421
918.00,1.1646
918.50,1.1675
919.00,1.1645
919.50,1.1741
920.00,1.2013
920.50,1.2357
921.00,1.2635
921.50,1.2791
922.00,1.2843
922.50,1.2815
923.00,1.2710
923.50,1.2545
924.00,1.2359
924.50,1.2186
925.00,1.2009
925.50,1.1787
926.00,1.1517
926.50,1.1249
927.00,1.1058
927.50,1.1018
928.00,1.1192
928.50,1.1612
929.00,1.2228
929.50,1.2912
930.00,1.3516
930.50,1.3928
931.00,1.4092
931.50,1.4008
932.00,1.3736
932.50,1.3393
933.00,1.3119
933.50,1.3002
934.00,1.3041
934.50,1.3170
935.00,1.3320
935.50,1.3470
936.00,1.3626
936.50,1.3786
937.00,1.3944
937.50,1.4114
938.00,1.4347
938.50,1.4678
939.00,1.5068
939.50,1.5391
940.00,1.5525
940.50,1.5465
941.00,1.5365
941.50,1.5431
942.00,1.5765
942.50,1.6292
943.00,1.6846
943.50,1.7305
944.00,1.7620
944.50,1.7774
945.00,1.7755
945.50,1.7581
946.00,1.7321
946.50,1.7066
947.00,1.6909
947.50,1.6950
948.00,1.7282
948.50,1.7923
949.00,1.8745
949.50,1.9519
950.00,2.0071
950.50,2.0408
951.00,2.0685
951.50,2.1046
952.00,2.1490
952.50,2.1888
953.00,2.2114
953.50,2.2169
954.00,2.2190
954.50,2.2345
955.00,2.2703
955.50,2.3192
956.00,2.3663
956.50,2.3994
957.00,2.4155
957.50,2.4201
958.00,2.4205
958.50,2.4224
959.00,2.4322
959.50,2.4571
960.00,2.5013
960.50,2.5607
961.00,2.6259
961.50,2.6905
962.00,2.7544
962.50,2.8191
963.00,2.8826
963.50,2.9403
964.00,2.9909
964.50,3.0377
965.00,3.0850
965.50,3.1328
966.00,3.1770
966.50,3.2163
967.00,3.2561
967.50,3.3042
968.00,3.3621
968.50,3.4233
969.00,3.4784
969.50,3.5205
970.00,3.5475
970.50,3.5609
971.00,3.5652
971.50,3.5678
972.00,3.5776
972.50,3.6015
973.00,3.6399
973.50,3.6870
974.00,3.7343
974.50,3.7743
975.00,3.8022
975.50,3.8159
976.00,3.8189
976.50,3.8203
977.00,3.8303
977.50,3.8515
978.00,3.8765
978.50,3.8951
979.00,3.9033
979.50,3.9057
980.00,3.9087
980.50,3.9129
981.00,3.9125
981.50,3.9023
982.00,3.8843
982.50,3.8661
983.00,3.8534
983.50,3.8452
984.00,3.8378
984.50,3.8309
985.00,3.8284
985.50,3.8328
986.00,3.8412
986.50,3.8465
987.00,3.8443
987.50,3.8373
988.00,3.8351
988.50,3.8474
989.00,3.8740
989.50,3.9004
990.00,3.9062
990.50,3.8804
991.00,3.8302
991.50,3.7754
992.00,3.7381
992.50,3.7339
993.00,3.7663
993.50,3.8221
994.00,3.8736
994.50,3.8926
995.00,3.8677
995.50,3.8118
996.00,3.7534
996.50,3.7180
997.00,3.7119
997.50,3.7217
998.00,3.7271
998.50,3.7173
999.00,3.6968
999.50,3.6790
1000.00,3.6769
1000.50,3.6952
1001.00,3.7305
1001.50,3.7736
1002.00,3.8155
1002.50,3.8528
1003.00,3.8874
1003.50,3.9199
1004.00,3.9442
1004.50,3.9504
1005.00,3.9351
1005.50,3.9087
1006.00,3.8889
1006.50,3.8879
1007.00,3.9033
1007.50,3.9236
1008.00,3.9394
1008.50,3.9492
1009.00,3.9560
1009.50,3.9602
1010.00,3.9598
1010.50,3.9566
1011.00,3.9606
1011.50,3.9849
1012.00,4.0344
1012.50,4.0996
1013.00,4.1611
1013.50,4.2027
1014.00,4.2221
1014.50,4.2282
1015.00,4.2283
1015.50,4.2196
1016.00,4.1937
1016.50,4.1497
1017.00,4.0984
1017.50,4.0550
1018.00,4.0264
1018.50,4.0078
1019.00,3.9900
1019.50,3.9691
1020.00,3.9510
1020.50,3.9468
1021.00,3.9635
1021.50,3.9960
1022.00,4.0295
1022.50,4.0484
1023.00,4.0457
1023.50,4.0256
1024.00,3.9997
1024.50,3.9772
1025.00,3.9590
1025.50,3.9389
1026.00,3.9127
1026.50,3.8866
1027.00,3.8734
1027.50,3.8802
1028.00,3.9008
1028.50,3.9191
1029.00,3.9218
1029.50,3.9067
1030.00,3.8850
1030.50,3.8739
1031.00,3.8846
1031.50,3.9128
1032.00,3.9392
1032.50,3.9419
1033.00,3.9109
1033.50,3.8563
1034.00,3.8028
1034.50,3.7736
1035.00,3.7764
1035.50,3.7999
1036.00,3.8228
1036.50,3.8265
1037.00,3.8030
1037.50,3.7554
1038.00,3.6932
1038.50,3.6275
1039.00,3.5687
1039.50,3.5253
1040.00,3.4998
1040.50,3.4872
1041.00,3.4773
1041.50,3.4631
1042.00,3.4460
1042.50,3.4334
1043.00,3.4299
1043.50,3.4327
1044.00,3.4341
1044.50,3.4289
1045.00,3.4175
1045.50,3.4058
1046.00,3.4018
1046.50,3.4091
1047.00,3.4220
1047.50,3.4275
1048.00,3.4152
1048.50,3.3868
1049.00,3.3527
1049.50,3.3213
1050.00,3.2945
1050.50,3.2728
1051.00,3.2616
1051.50,3.2662
1052.00,3.2826
1052.50,3.2952
1053.00,3.2856
1053.50,3.2440
1054.00,3.1734
1054.50,3.0873
1055.00,3.0038
1055.50,2.9394
1056.00,2.9014
1056.50,2.8865
1057.00,2.8827
1057.50,2.8762
1058.00,2.8584
1058.50,2.8298
1059.00,2.7978
1059.50,2.7703
1060.00,2.7481
1060.50,2.7256
1061.00,2.6982
1061.50,2.6711
1062.00,2.6563
1062.50,2.6615
1063.00,2.6810
1063.50,2.6993
1064.00,2.7041
1064.50,2.6955
1065.00,2.6831
1065.50,2.6773
1066.00,2.6813
1066.50,2.6895
1067.00,2.6921
1067.50,2.6816
1068.00,2.6554
1068.50,2.6156
1069.00,2.5674
1069.50,2.5187
1070.00,2.4754
1070.50,2.4369
1071.00,2.3979
1071.50,2.3559
1072.00,2.3190
1072.50,2.3013
1073.00,2.3113
1073.50,2.3436
1074.00,2.3812
1074.50,2.4055
1075.00,2.4069
1075.50,2.3881
1076.00,2.3588
1076.50,2.3271
1077.00,2.2945
1077.50,2.2599
1078.00,2.2241
1078.50,2.1912
1079.00,2.1648
1079.50,2.1449
1080.00,2.1301
1080.50,2.1197
1081.00,2.1147
1081.50,2.1161
1082.00,2.1237
1082.50,2.1344
1083.00,2.1409
1083.50,2.1350
1084.00,2.1143
1084.50,2.0858
1085.00,2.0618
1085.50,2.0510
1086.00,2.0542
1086.50,2.0655
1087.00,2.0754
1087.50,2.0753
1088.00,2.0613
1088.50,2.0381
1089.00,2.0162
1089.50,2.0053
1090.00,2.0076
1090.50,2.0188
1091.00,2.0346
1091.50,2.0552
1092.00,2.0809
1092.50,2.1049
1093.00,2.1132
1093.50,2.0944
1094.00,2.0497
1094.50,1.9925
1095.00,1.9375
1095.50,1.8908
1096.00,1.8490
1096.50,1.8072
1097.00,1.7658
1097.50,1.7309
1098.00,1.7072
1098.50,1.6936
1099.00,1.6849
1099.50,1.6766
1100.00,1.6662
1100.50,1.6535
1101.00,1.6420
1101.50,1.6407
1102.00,1.6605
1102.50,1.7058
1103.00,1.7680
1103.50,1.8281
1104.00,1.8674
1104.50,1.8785
1105.00,1.8679
1105.50,1.8492
1106.00,1.8332
1106.50,1.8222
1107.00,1.8140
1107.50,1.8088
1108.00,1.8104
1108.50,1.8209
1109.00,1.8344
1109.50,1.8407
1110.00,1.8336
1110.50,1.8170
1111.00,1.7996
1111.50,1.7859
1112.00,1.7747
1112.50,1.7653
1113.00,1.7637
1113.50,1.7793
1114.00,1.8159
1114.50,1.8644
1115.00,1.9055
1115.50,1.9207
1116.00,1.9032
1116.50,1.8638
1117.00,1.8254
1117.50,1.8114
1118.00,1.8329
1118.50,1.8816
1119.00,1.9352
1119.50,1.9712
1120.00,1.9817
1120.50,1.9768
1121.00,1.9764
1121.50,1.9957
1122.00,2.0362
1122.50,2.0860
1123.00,2.1268
1123.50,2.1443
1124.00,2.1356
1124.50,2.1114
1125.00,2.0890
1125.50,2.0810
1126.00,2.0855
1126.50,2.0904
1127.00,2.0867
1127.50,2.0786
1128.00,2.0784
1128.50,2.0939
1129.00,2.1205
1129.50,2.1464
1130.00,2.1625
1130.50,2.1716
1131.00,2.1853
1131.50,2.2137
1132.00,2.2555
1132.50,2.2997
1133.00,2.3344
1133.50,2.3530
1134.00,2.3531
1134.50,2.3334
1135.00,2.2947
1135.50,2.2451
1136.00,2.2016
1136.50,2.1826
1137.00,2.1955
1137.50,2.2329
1138.00,2.2813
1138.50,2.3311
1139.00,2.3772
1139.50,2.4140
1140.00,2.4349
1140.50,2.4377
1141.00,2.4311
1141.50,2.4330
1142.00,2.4600
1142.50,2.5155
1143.00,2.5856
1143.50,2.6497
1144.00,2.6971
1144.50,2.7337
1145.00,2.7726
1145.50,2.8181
1146.00,2.8609
1146.50,2.8880
1147.00,2.8982
1147.50,2.9060
1148.00,2.9298
1148.50,2.9751
1149.00,3.0295
1149.50,3.0740
1150.00,3.0988
1150.50,3.1095
1151.00,3.1181
1151.50,3.1323
1152.00,3.1523
1152.50,3.1759
1153.00,3.2047
1153.50,3.2404
1154.00,3.2780
1154.50,3.3034
1155.00,3.3035
1155.50,3.2769
1156.00,3.2355
1156.50,3.1940
1157.00,3.1606
1157.50,3.1367
1158.00,3.1222
1158.50,3.1196
1159.00,3.1331
1159.50,3.1651
1160.00,3.2115
1160.50,3.2601
1161.00,3.2945
1161.50,3.3041
1162.00,3.2918
1162.50,3.2718
1163.00,3.2582
1163.50,3.2557
1164.00,3.2631
1164.50,3.2799
1165.00,3.3061
1165.50,3.3357
1166.00,3.3538
1166.50,3.3458
1167.00,3.3096
1167.50,3.2587
1168.00,3.2138
1168.50,3.1898
1169.00,3.1888
1169.50,3.2048
1170.00,3.2332
1170.50,3.2770
1171.00,3.3402
1171.50,3.4174
1172.00,3.4898
1172.50,3.5354
1173.00,3.5442
1173.50,3.5267
1174.00,3.5048
1174.50,3.4939
1175.00,3.4931
1175.50,3.4936
1176.00,3.4929
1176.50,3.4986
1177.00,3.5183
1177.50,3.5516
1178.00,3.5937
1178.50,3.6438
1179.00,3.7039
1179.50,3.7669
1180.00,3.8098
1180.50,3.8052
1181.00,3.7423
1181.50,3.6375
1182.00,3.5245
1182.50,3.4339
1183.00,3.3780
1183.50,3.3500
1184.00,3.3374
1184.50,3.3357
1185.00,3.3488
1185.50,3.3783
1186.00,3.4134
1186.50,3.4360
1187.00,3.4347
1187.50,3.4123
1188.00,3.3817
1188.50,3.3542
1189.00,3.3324
1189.50,3.3138
1190.00,3.2964
1190.50,3.2823
1191.00,3.2743
1191.50,3.2722
1192.00,3.2739
1192.50,3.2779
1193.00,3.2846
1193.50,3.2946
1194.00,3.3052
1194.50,3.3096
1195.00,3.3004
1195.50,3.2769
1196.00,3.2502
1196.50,3.2364
1197.00,3.2426
1197.50,3.2577
1198.00,3.2609
1198.50,3.2399
1199.00,3.2013
1199.50,3.1643
1200.00,3.1470
1200.50,3.1562
1201.00,3.1877
1201.50,3.2295
1202.00,3.2655
1202.50,3.2799
1203.00,3.2646
1203.50,3.2231
1204.00,3.1694
1204.50,3.1206
1205.00,3.0897
1205.50,3.0813
1206.00,3.0928
1206.50,3.1174
1207.00,3.1485
1207.50,3.1816
1208.00,3.2139
1208.50,3.2440
1209.00,3.2711
1209.50,3.2944
1210.00,3.3120
1210.50,3.3233
1211.00,3.3300
1211.50,3.3351
1212.00,3.3377
1212.50,3.3325
1213.00,3.3143
1213.50,3.2844
1214.00,3.2493
1214.50,3.2164
1215.00,3.1898
1215.50,3.1714
1216.00,3.1624
1216.50,3.1650
1217.00,3.1815
1217.50,3.2103
1218.00,3.2451
1218.50,3.2792
1219.00,3.3101
1219.50,3.3395
1220.00,3.3670
1220.50,3.3876
1221.00,3.3944
1221.50,3.3861
1222.00,3.3707
1222.50,3.3621
1223.00,3.3706
1223.50,3.3967
1224.00,3.4340
1224.50,3.4773
1225.00,3.5261
1225.50,3.5794
1226.00,3.6285
1226.50,3.6582
1227.00,3.6559
1227.50,3.6222
1228.00,3.5721
1228.50,3.5249
1229.00,3.4928
1229.50,3.4770
1230.00,3.4720
1230.50,3.4731
1231.00,3.4790
1231.50,3.4937
1232.00,3.5237
1232.50,3.5722
1233.00,3.6330
1233.50,3.6920
1234.00,3.7341
1234.50,3.7511
1235.00,3.7447
1235.50,3.7234
1236.00,3.6967
1236.50,3.6695
1237.00,3.6430
1237.50,3.6209
1238.00,3.6108
1238.50,3.6198
1239.00,3.6471
1239.50,3.6836
1240.00,3.7175
1240.50,3.7408
1241.00,3.7519
1241.50,3.7535
1242.00,3.7486
1242.50,3.7375
1243.00,3.7187
1243.50,3.6929
1244.00,3.6658
1244.50,3.6456
1245.00,3.6380
1245.50,3.6438
1246.00,3.6616
1246.50,3.6909
1247.00,3.7309
1247.50,3.7742
1248.00,3.8065
1248.50,3.8162
1249.00,3.8073
1249.50,3.8000
1250.00,3.8151
1250.50,3.8563
1251.00,3.9090
1251.50,3.9551
1252.00,3.9872
1252.50,4.0090
1253.00,4.0261
1253.50,4.0400
1254.00,4.0500
1254.50,4.0598
1255.00,4.0783
1255.50,4.1157
1256.00,4.1812
1256.50,4.2815
1257.00,4.4212
1257.50,4.6019
1258.00,4.8220
1258.50,5.0756
1259.00,5.3499
1259.50,5.6249
1260.00,5.8778
1260.50,6.0905
1261.00,6.2555
1261.50,6.3756
1262.00,6.4599
1262.50,6.5201
1263.00,6.5673
1263.50,6.6092
1264.00,6.6461
1264.50,6.6711
1265.00,6.6733
1265.50,6.6451
1266.00,6.5903
1266.50,6.5268
1267.00,6.4803
1267.50,6.4692
1268.00,6.4957
1268.50,6.5471
1269.00,6.6061
1269.50,6.6603
1270.00,6.7049
1270.50,6.7385
1271.00,6.7584
1271.50,6.7586
1272.00,6.7332
1272.50,6.6816
1273.00,6.6124
1273.50,6.5422
1274.00,6.4889
1274.50,6.4635
1275.00,6.4657
1275.50,6.4870
1276.00,6.5173
1276.50,6.5477
1277.00,6.5695
1277.50,6.5747
1278.00,6.5606
1278.50,6.5341
1279.00,6.5092
1279.50,6.4994
1280.00,6.5090
1280.50,6.5304
1281.00,6.5489
1281.50,6.5527
1282.00,6.5394
1282.50,6.5169
1283.00,6.4992
1283.50,6.4993
1284.00,6.5208
1284.50,6.5534
1285.00,6.5782
1285.50,6.5822
1286.00,6.5676
1286.50,6.5470
1287.00,6.5310
1287.50,6.5218
1288.00,6.5165
1288.50,6.5143
1289.00,6.5176
1289.50,6.5278
1290.00,6.5412
1290.50,6.5482
1291.00,6.5381
1291.50,6.5076
1292.00,6.4654
1292.50,6.4295
1293.00,6.4159
1293.50,6.4302
1294.00,6.4662
1294.50,6.5102
1295.00,6.5475
1295.50,6.5688
1296.00,6.5730
1296.50,6.5664
1297.00,6.5574
1297.50,6.5513
1298.00,6.5473
1298.50,6.5388
1299.00,6.5170
1299.50,6.4777
1300.00,6.4267
1300.50,6.3763
1301.00,6.3353
1301.50,6.3010
1302.00,6.2644
1302.50,6.2224
1303.00,6.1818
1303.50,6.1520
1304.00,6.1346
1304.50,6.1230
1305.00,6.1084
1305.50,6.0859
1306.00,6.0563
1306.50,6.0254
1307.00,6.0009
1307.50,5.9870
1308.00,5.9800
1308.50,5.9712
1309.00,5.9536
1309.50,5.9267
1310.00,5.8948
1310.50,5.8639
1311.00,5.8395
1311.50,5.8261
1312.00,5.8257
1312.50,5.8363
1313.00,5.8517
1313.50,5.8654
1314.00,5.8751
1314.50,5.8845
1315.00,5.9006
1315.50,5.9296
1316.00,5.9715
1316.50,6.0172
1317.00,6.0529
1317.50,6.0695
1318.00,6.0693
1318.50,6.0608
1319.00,6.0470
1319.50,6.0213
1320.00,5.9741
1320.50,5.9028
1321.00,5.8131
1321.50,5.7165
1322.00,5.6306
1322.50,5.5785
1323.00,5.5784
1323.50,5.6262
1324.00,5.6879
1324.50,5.7176
1325.00,5.6888
1325.50,5.6113
1326.00,5.5195
1326.50,5.4459
1327.00,5.4027
1327.50,5.3846
1328.00,5.3803
1328.50,5.3814
1329.00,5.3837
1329.50,5.3830
1330.00,5.3747
1330.50,5.3579
1331.00,5.3387
1331.50,5.3251
1332.00,5.3186
1332.50,5.3116
1333.00,5.2954
1333.50,5.2708
1334.00,5.2499
1334.50,5.2462
1335.00,5.2611
1335.50,5.2804
1336.00,5.2868
1336.50,5.2737
1337.00,5.2468
1337.50,5.2132
1338.00,5.1736
1338.50,5.1255
1339.00,5.0703
1339.50,5.0146
1340.00,4.9676
1340.50,4.9371
1341.00,4.9259
1341.50,4.9275
1342.00,4.9265
1342.50,4.9087
1343.00,4.8745
1343.50,4.8398
1344.00,4.8229
1344.50,4.8283
1345.00,4.8467
1345.50,4.8655
1346.00,4.8784
1346.50,4.8834
1347.00,4.8778
1347.50,4.8584
1348.00,4.8271
1348.50,4.7940
1349.00,4.7718
1349.50,4.7668
1350.00,4.7733
1350.50,4.7769
1351.00,4.7630
1351.50,4.7249
1352.00,4.6666
1352.50,4.5983
1353.00,4.5304
1353.50,4.4718
1354.00,4.4322
1354.50,4.4204
1355.00,4.4376
1355.50,4.4738
1356.00,4.5140
1356.50,4.5482
1357.00,4.5727
1357.50,4.5839
1358.00,4.5742
1358.50,4.5376
1359.00,4.4779
1359.50,4.4092
1360.00,4.3490
1360.50,4.3090
1361.00,4.2912
1361.50,4.2886
1362.00,4.2887
1362.50,4.2775
1363.00,4.2442
1363.50,4.1881
1364.00,4.1205
1364.50,4.0608
1365.00,4.0263
1365.50,4.0218
1366.00,4.0377
1366.50,4.0590
1367.00,4.0781
1367.50,4.0976
1368.00,4.1214
1368.50,4.1453
1369.00,4.1578
1369.50,4.1492
1370.00,4.1198
1370.50,4.0797
1371.00,4.0438
1371.50,4.0244
1372.00,4.0271
1372.50,4.0487
1373.00,4.0801
1373.50,4.1102
1374.00,4.1305
1374.50,4.1378
1375.00,4.1362
1375.50,4.1331
1376.00,4.1325
1376.50,4.1306
1377.00,4.1205
1377.50,4.1033
1378.00,4.0911
1378.50,4.0975
1379.00,4.1245
1379.50,4.1600
1380.00,4.1884
1380.50,4.2044
1381.00,4.2153
1381.50,4.2319
1382.00,4.2561
1382.50,4.2789
1383.00,4.2892
1383.50,4.2850
1384.00,4.2762
1384.50,4.2759
1385.00,4.2898
1385.50,4.3129
1386.00,4.3318
1386.50,4.3325
1387.00,4.3061
1387.50,4.2534
1388.00,4.1853
1388.50,4.1208
1389.00,4.0799
1389.50,4.0752
1390.00,4.1066
1390.50,4.1625
1391.00,4.2243
1391.50,4.2725
1392.00,4.2930
1392.50,4.2821
1393.00,4.2460
1393.50,4.1963
1394.00,4.1469
1394.50,4.1120
1395.00,4.1028
1395.50,4.1205
1396.00,4.1542
1396.50,4.1884
1397.00,4.2152
1397.50,4.2397
1398.00,4.2715
1398.50,4.3106
1399.00,4.3455
1399.50,4.3645
1400.00,4.3664
1400.50,4.3578
1401.00,4.3429
1401.50,4.3217
1402.00,4.2984
1402.50,4.2853
1403.00,4.2949
1403.50,4.3285
1404.00,4.3746
1404.50,4.4190
1405.00,4.4534
1405.50,4.4778
1406.00,4.4945
1406.50,4.5034
1407.00,4.5013
1407.50,4.4866
1408.00,4.4654
1408.50,4.4483
1409.00,4.4426
1409.50,4.4470
1410.00,4.4563
1410.50,4.4679
1411.00,4.4825
1411.50,4.4997
1412.00,4.5172
1412.50,4.5327
1413.00,4.5444
1413.50,4.5506
1414.00,4.5526
1414.50,4.5595
1415.00,4.5851
1415.50,4.6359
1416.00,4.7012
1416.50,4.7578
1417.00,4.7850
1417.50,4.7776
1418.00,4.7478
1418.50,4.7168
1419.00,4.7025
1419.50,4.7106
1420.00,4.7343
1420.50,4.7616
1421.00,4.7826
1421.50,4.7916
1422.00,4.7860
1422.50,4.7664
1423.00,4.7399
1423.50,4.7195
1424.00,4.7174
1424.50,4.7355
1425.00,4.7616
1425.50,4.7780
1426.00,4.7759
1426.50,4.7633
1427.00,4.7568
1427.50,4.7651
1428.00,4.7812
1428.50,4.7911
1429.00,4.7883
1429.50,4.7783
1430.00,4.7694
1430.50,4.7616
1431.00,4.7457
1431.50,4.7119
1432.00,4.6604
1432.50,4.6036
1433.00,4.5599
1433.50,4.5426
1434.00,4.5496
1434.50,4.5640
1435.00,4.5667
1435.50,4.5538
1436.00,4.5393
1436.50,4.5392
1437.00,4.5527
1437.50,4.5605
1438.00,4.5425
1438.50,4.4967
1439.00,4.4392
1439.50,4.3910
1440.00,4.3637
1440.50,4.3555
1441.00,4.3544
1441.50,4.3451
1442.00,4.3180
1442.50,4.2764
1443.00,4.2350
1443.50,4.2063
1444.00,4.1892
1444.50,4.1701
1445.00,4.1360
1445.50,4.0847
1446.00,4.0256
1446.50,3.9722
1447.00,3.9341
1447.50,3.9132
1448.00,3.9043
1448.50,3.8989
1449.00,3.8897
1449.50,3.8730
1450.00,3.8480
1450.50,3.8150
1451.00,3.7746
1451.50,3.7289
1452.00,3.6827
1452.50,3.6415
1453.00,3.6083
1453.50,3.5808
1454.00,3.5548
1454.50,3.5270
1455.00,3.4968
1455.50,3.4636
1456.00,3.4282
1456.50,3.3965
1457.00,3.3790
1457.50,3.3822
1458.00,3.3990
1458.50,3.4122
1459.00,3.4067
1459.50,3.3785
1460.00,3.3343
1460.50,3.2856
1461.00,3.2441
1461.50,3.2179
1462.00,3.2081
1462.50,3.2067
1463.00,3.2004
1463.50,3.1789
1464.00,3.1434
1464.50,3.1085
1465.00,3.0938
1465.50,3.1098
1466.00,3.1493
1466.50,3.1933
1467.00,3.2241
1467.50,3.2370
1468.00,3.2393
1468.50,3.2413
1469.00,3.2478
1469.50,3.2557
1470.00,3.2583
1470.50,3.2501
1471.00,3.2292
1471.50,3.1977
1472.00,3.1600
1472.50,3.1213
1473.00,3.0855
1473.50,3.0544
1474.00,3.0289
1474.50,3.0134
1475.00,3.0163
1475.50,3.0423
1476.00,3.0839
1476.50,3.1227
1477.00,3.1430
1477.50,3.1426
1478.00,3.1316
1478.50,3.1219
1479.00,3.1190
1479.50,3.1206
1480.00,3.1193
1480.50,3.1069
1481.00,3.0791
1481.50,3.0398
1482.00,3.0011
1482.50,2.9766
1483.00,2.9729
1483.50,2.9865
1484.00,3.0074
1484.50,3.0269
1485.00,3.0420
1485.50,3.0557
1486.00,3.0716
1486.50,3.0875
1487.00,3.0944
1487.50,3.0843
1488.00,3.0603
1488.50,3.0343
1489.00,3.0153
1489.50,3.0008
1490.00,2.9806
1490.50,2.9473
1491.00,2.9030
1491.50,2.8604
1492.00,2.8384
1492.50,2.8516
1493.00,2.8975
1493.50,2.9559
1494.00,3.0043
1494.50,3.0351
1495.00,3.0567
1495.50,3.0796
1496.00,3.1042
1496.50,3.1230
1497.00,3.1301
1497.50,3.1278
1498.00,3.1237
1498.50,3.1242
1499.00,3.1287
1499.50,3.1305
1500.00,3.1218
1500.50,3.0999
1501.00,3.0703
1501.50,3.0443
1502.00,3.0321
1502.50,3.0369
1503.00,3.0542
1503.50,3.0772
1504.00,3.1035
1504.50,3.1365
1505.00,3.1802
1505.50,3.2327
1506.00,3.2826
1506.50,3.3127
1507.00,3.3098
1507.50,3.2767
1508.00,3.2353
1508.50,3.2136
1509.00,3.2240
1509.50,3.2543
1510.00,3.2788
1510.50,3.2816
1511.00,3.2679
1511.50,3.2558
1512.00,3.2579
1512.50,3.2720
1513.00,3.2857
1513.50,3.2899
1514.00,3.2867
1514.50,3.2859
1515.00,3.2946
1515.50,3.3100
1516.00,3.3233
1516.50,3.3302
1517.00,3.3368
1517.50,3.3550
1518.00,3.3902
1518.50,3.4341
1519.00,3.4692
1519.50,3.4805
1520.00,3.4658
1520.50,3.4364
1521.00,3.4084
1521.50,3.3941
1522.00,3.3986
1522.50,3.4235
1523.00,3.4687
1523.50,3.5292
1524.00,3.5918
1524.50,3.6381
1525.00,3.6540
1525.50,3.6370
1526.00,3.5966
1526.50,3.5463
1527.00,3.4954
1527.50,3.4480
1528.00,3.4061
1528.50,3.3729
1529.00,3.3508
1529.50,3.3396
1530.00,3.3388
1530.50,3.3524
1531.00,3.3878
1531.50,3.4460
1532.00,3.5145
1532.50,3.5727
1533.00,3.6072
1533.50,3.6208
1534.00,3.6285
1534.50,3.6442
1535.00,3.6725
1535.50,3.7075
1536.00,3.7397
1536.50,3.7644
1537.00,3.7848
1537.50,3.8083
1538.00,3.8369
1538.50,3.8625
1539.00,3.8724
1539.50,3.8610
1540.00,3.8346
1540.50,3.8073
1541.00,3.7922
1541.50,3.7954
1542.00,3.8166
1542.50,3.8513
1543.00,3.8935
1543.50,3.9352
1544.00,3.9654
1544.50,3.9752
1545.00,3.9635
1545.50,3.9391
1546.00,3.9145
1546.50,3.8978
1547.00,3.8896
1547.50,3.8865
1548.00,3.8854
1548.50,3.8875
1549.00,3.8970
1549.50,3.9179
1550.00,3.9484
1550.50,3.9814
1551.00,4.0100
1551.50,4.0324
1552.00,4.0530
1552.50,4.0764
1553.00,4.1017
1553.50,4.1230
1554.00,4.1341
1554.50,4.1323
1555.00,4.1193
1555.50,4.0998
1556.00,4.0805
1556.50,4.0667
1557.00,4.0577
1557.50,4.0477
1558.00,4.0327
1558.50,4.0169
1559.00,4.0113
1559.50,4.0247
1560.00,4.0583
1560.50,4.1054
1561.00,4.1562
1561.50,4.2007
1562.00,4.2308
1562.50,4.2446
1563.00,4.2485
1563.50,4.2523
1564.00,4.2586
1564.50,4.2587
1565.00,4.2418
1565.50,4.2090
1566.00,4.1759
1566.50,4.1606
1567.00,4.1699
1567.50,4.1957
1568.00,4.2227
1568.50,4.2397
1569.00,4.2437
1569.50,4.2386
1570.00,4.2309
1570.50,4.2266
1571.00,4.2288
1571.50,4.2368
1572.00,4.2468
1572.50,4.2554
1573.00,4.2636
1573.50,4.2767
1574.00,4.2998
1574.50,4.3329
1575.00,4.3703
1575.50,4.4031
1576.00,4.4258
1576.50,4.4392
1577.00,4.4479
1577.50,4.4562
1578.00,4.4652
1578.50,4.4740
1579.00,4.4823
1579.50,4.4919
1580.00,4.5064
1580.50,4.5297
1581.00,4.5638
1581.50,4.6064
1582.00,4.6508
1582.50,4.6877
1583.00,4.7075
1583.50,4.7051
1584.00,4.6860
1584.50,4.6673
1585.00,4.6694
1585.50,4.7022
1586.00,4.7585
1586.50,4.8208
1587.00,4.8769
1587.50,4.9261
1588.00,4.9746
1588.50,5.0260
1589.00,5.0753
1589.50,5.1110
1590.00,5.1233
1590.50,5.1138
1591.00,5.0988
1591.50,5.1018
1592.00,5.1389
1592.50,5.2081
1593.00,5.2895
1593.50,5.3588
1594.00,5.4007
1594.50,5.4169
1595.00,5.4204
1595.50,5.4236
1596.00,5.4290
1596.50,5.4304
1597.00,5.4219
1597.50,5.4078
1598.00,5.4026
1598.50,5.4210
1599.00,5.4654
1599.50,5.5258
1600.00,5.5881
1600.50,5.6444
1601.00,5.6941
1601.50,5.7397
1602.00,5.7842
1602.50,5.8297
1603.00,5.8769
1603.50,5.9245
1604.00,5.9697
1604.50,6.0098
1605.00,6.0455
1605.50,6.0827
1606.00,6.1311
1606.50,6.1988
1607.00,6.2861
1607.50,6.3854
1608.00,6.4899
1608.50,6.6008
1609.00,6.7236
1609.50,6.8587
1610.00,6.9995
1610.50,7.1410
1611.00,7.2871
1611.50,7.4454
1612.00,7.6180
1612.50,7.7993
1613.00,7.9826
1613.50,8.1667
1614.00,8.3552
1614.50,8.5512
1615.00,8.7530
1615.50,8.9535
1616.00,9.1479
1616.50,9.3399
1617.00,9.5395
1617.50,9.7537
1618.00,9.9829
1618.50,10.2275
1619.00,10.4949
1619.50,10.7969
1620.00,11.1384
1620.50,11.5094
1621.00,11.8869
1621.50,12.2457
1622.00,12.5717
1622.50,12.8673
1623.00,13.1463
1623.50,13.4234
1624.00,13.7087
1624.50,14.0100
1625.00,14.3357
1625.50,14.6922
1626.00,15.0776
1626.50,15.4808
1627.00,15.8871
1627.50,16.2871
1628.00,16.6798
1628.50,17.0715
1629.00,17.4713
1629.50,17.8883
1630.00,18.3280
1630.50,18.7894
1631.00,19.2633
1631.50,19.7343
1632.00,20.1864
1632.50,20.6126
1633.00,21.0199
1633.50,21.4255
1634.00,21.8454
1634.50,22.2825
1635.00,22.7230
1635.50,23.1411
1636.00,23.5120
1636.50,23.8252
1637.00,24.0900
1637.50,24.3264
1638.00,24.5500
1638.50,24.7609
1639.00,24.9436
1639.50,25.0770
1640.00,25.1457
1640.50,25.1448
1641.00,25.0740
1641.50,24.9289
1642.00,24.6982
1642.50,24.3702
1643.00,23.9403
1643.50,23.4123
1644.00,22.7932
1644.50,22.0867
1645.00,21.2889
1645.50,20.3908
1646.00,19.3868
1646.50,18.2848
1647.00,17.1084
1647.50,15.8882
1648.00,14.6506
1648.50,13.4166
1649.00,12.2076
1649.50,11.0483
1650.00,9.9610
1650.50,8.9593
1651.00,8.0481
1651.50,7.2289
1652.00,6.5018
1652.50,5.8643
1653.00,5.3103
1653.50,4.8330
1654.00,4.4299
1654.50,4.1007
1655.00,3.8422
1655.50,3.6455
1656.00,3.4999
1656.50,3.3989
1657.00,3.3398
1657.50,3.3180
1658.00,3.3244
1658.50,3.3487
1659.00,3.3853
1659.50,3.4328
1660.00,3.4894
1660.50,3.5505
1661.00,3.6124
1661.50,3.6769
1662.00,3.7498
1662.50,3.8337
1663.00,3.9251
1663.50,4.0202
1664.00,4.1201
1664.50,4.2271
1665.00,4.3353
1665.50,4.4310
1666.00,4.5026
1666.50,4.5506
1667.00,4.5854
1667.50,4.6182
1668.00,4.6525
1668.50,4.6855
1669.00,4.7131
1669.50,4.7369
1670.00,4.7647
1670.50,4.8061
1671.00,4.8628
1671.50,4.9281
1672.00,4.9933
1672.50,5.0543
1673.00,5.1089
1673.50,5.1498
1674.00,5.1648
1674.50,5.1466
1675.00,5.1020
1675.50,5.0499
1676.00,5.0106
1676.50,4.9942
1677.00,4.9971
1677.50,5.0069
1678.00,5.0099
1678.50,4.9949
1679.00,4.9562
1679.50,4.8956
1680.00,4.8222
1680.50,4.7465
1681.00,4.6737
1681.50,4.6022
1682.00,4.5300
1682.50,4.4614
1683.00,4.4066
1683.50,4.3735
1684.00,4.3578
1684.50,4.3402
1685.00,4.2970
1685.50,4.2177
1686.00,4.1155
1686.50,4.0158
1687.00,3.9353
1687.50,3.8694
1688.00,3.8033
1688.50,3.7291
1689.00,3.6535
1689.50,3.5895
1690.00,3.5454
1690.50,3.5204
1691.00,3.5089
1691.50,3.5068
1692.00,3.5119
1692.50,3.5184
1693.00,3.5118
1693.50,3.4745
1694.00,3.3997
1694.50,3.3011
1695.00,3.2063
1695.50,3.1374
1696.00,3.0974
1696.50,3.0745
1697.00,3.0570
1697.50,3.0423
1698.00,3.0332
1698.50,3.0292
1699.00,3.0246
1699.50,3.0139
1700.00,2.9982
1700.50,2.9860
1701.00,2.9867
1701.50,3.0041
1702.00,3.0363
1702.50,3.0811
1703.00,3.1384
1703.50,3.2082
1704.00,3.2861
1704.50,3.3632
1705.00,3.4291
1705.50,3.4779
1706.00,3.5087
1706.50,3.5245
1707.00,3.5307
1707.50,3.5350
1708.00,3.5456
1708.50,3.5671
1709.00,3.5971
1709.50,3.6299
1710.00,3.6633
1710.50,3.7007
1711.00,3.7441
1711.50,3.7877
1712.00,3.8200
1712.50,3.8343
1713.00,3.8330
1713.50,3.8237
1714.00,3.8115
1714.50,3.7988
1715.00,3.7907
1715.50,3.7966
1716.00,3.8235
1716.50,3.8684
1717.00,3.9181
1717.50,3.9587
1718.00,3.9832
1718.50,3.9936
1719.00,3.9984
1719.50,4.0103
1720.00,4.0412
1720.50,4.0949
1721.00,4.1623
1721.50,4.2255
1722.00,4.2694
1722.50,4.2896
1723.00,4.2908
1723.50,4.2798
1724.00,4.2616
1724.50,4.2394
1725.00,4.2151
1725.50,4.1893
1726.00,4.1623
1726.50,4.1388
1727.00,4.1290
1727.50,4.1429
1728.00,4.1804
1728.50,4.2292
1729.00,4.2717
1729.50,4.2970
1730.00,4.3034
1730.50,4.2940
1731.00,4.2706
1731.50,4.2330
1732.00,4.1812
1732.50,4.1178
1733.00,4.0479
1733.50,3.9777
1734.00,3.9133
1734.50,3.8571
1735.00,3.8066
1735.50,3.7571
1736.00,3.7078
1736.50,3.6656
1737.00,3.6412
1737.50,3.6403
1738.00,3.6577
1738.50,3.6788
1739.00,3.6865
1739.50,3.6680
1740.00,3.6203
1740.50,3.5494
1741.00,3.4649
1741.50,3.3744
1742.00,3.2843
1742.50,3.2029
1743.00,3.1419
1743.50,3.1108
1744.00,3.1097
1744.50,3.1244
1745.00,3.1298
1745.50,3.1015
1746.00,3.0298
1746.50,2.9264
1747.00,2.8193
1747.50,2.7389
1748.00,2.7042
1748.50,2.7133
1749.00,2.7443
1749.50,2.7656
1750.00,2.7527
1750.50,2.7014
1751.00,2.6260
1751.50,2.5497
1752.00,2.4920
1752.50,2.4613
1753.00,2.4529
1753.50,2.4530
1754.00,2.4476
1754.50,2.4316
1755.00,2.4091
1755.50,2.3882
1756.00,2.3761
1756.50,2.3770
1757.00,2.3911
1757.50,2.4140
1758.00,2.4384
1758.50,2.4574
1759.00,2.4674
1759.50,2.4693
1760.00,2.4662
1760.50,2.4629
1761.00,2.4659
1761.50,2.4804
1762.00,2.5064
1762.50,2.5369
1763.00,2.5650
1763.50,2.5908
1764.00,2.6222
1764.50,2.6662
1765.00,2.7216
1765.50,2.7805
1766.00,2.8363
1766.50,2.8880
1767.00,2.9372
1767.50,2.9819
1768.00,3.0170
1768.50,3.0392
1769.00,3.0518
1769.50,3.0624
1770.00,3.0790
1770.50,3.1069
1771.00,3.1495
1771.50,3.2079
1772.00,3.2761
1772.50,3.3392
1773.00,3.3788
1773.50,3.3851
1774.00,3.3659
1774.50,3.3426
1775.00,3.3370
1775.50,3.3564
1776.00,3.3881
1776.50,3.4080
1777.00,3.3983
1777.50,3.3619
1778.00,3.3207
1778.50,3.2967
1779.00,3.2940
1779.50,3.2978
1780.00,3.2907
1780.50,3.2683
1781.00,3.2411
1781.50,3.2217
1782.00,3.2137
1782.50,3.2105
1783.00,3.2028
1783.50,3.1875
1784.00,3.1691
1784.50,3.1550
1785.00,3.1497
1785.50,3.1519
1786.00,3.1568
1786.50,3.1596
1787.00,3.1566
1787.50,3.1451
1788.00,3.1237
1788.50,3.0956
1789.00,3.0705
1789.50,3.0601
1790.00,3.0696
1790.50,3.0929
1791.00,3.1164
1791.50,3.1292
1792.00,3.1290
1792.50,3.1199
1793.00,3.1064
1793.50,3.0890
1794.00,3.0661
1794.50,3.0383
1795.00,3.0115
1795.50,2.9940
1796.00,2.9905
1796.50,2.9974
1797.00,3.0040
1797.50,2.9999
1798.00,2.9826
1798.50,2.9582
1799.00,2.9346
1799.50,2.9146
1800.00,2.8949
1800.50,2.8728
1801.00,2.8518
1801.50,2.8385
1802.00,2.8354
1802.50,2.8384
1803.00,2.8411
1803.50,2.8408
1804.00,2.8386
1804.50,2.8374
1805.00,2.8398
1805.50,2.8444
1806.00,2.8434
1806.50,2.8268
1807.00,2.7914
1807.50,2.7468
1808.00,2.7085
1808.50,2.6853
1809.00,2.6760
1809.50,2.6742
1810.00,2.6749
1810.50,2.6756
1811.00,2.6756
1811.50,2.6762
1812.00,2.6818
1812.50,2.6958
1813.00,2.7165
1813.50,2.7363
1814.00,2.7469
1814.50,2.7431
1815.00,2.7242
1815.50,2.6908
1816.00,2.6455
1816.50,2.5952
1817.00,2.5525
1817.50,2.5307
1818.00,2.5368
1818.50,2.5681
1819.00,2.6154
1819.50,2.6666
1820.00,2.7088
1820.50,2.7298
1821.00,2.7248
1821.50,2.7015
1822.00,2.6755
1822.50,2.6581
1823.00,2.6493
1823.50,2.6419
1824.00,2.6333
1824.50,2.6293
1825.00,2.6379
1825.50,2.6603
1826.00,2.6881
1826.50,2.7101
1827.00,2.7211
1827.50,2.7262
1828.00,2.7346
1828.50,2.7521
1829.00,2.7770
1829.50,2.8020
1830.00,2.8193
1830.50,2.8254
1831.00,2.8254
1831.50,2.8308
1832.00,2.8520
1832.50,2.8905
1833.00,2.9381
1833.50,2.9815
1834.00,3.0079
1834.50,3.0110
1835.00,2.9972
1835.50,2.9855
1836.00,2.9968
1836.50,3.0399
1837.00,3.1048
1837.50,3.1711
1838.00,3.2213
1838.50,3.2480
1839.00,3.2534
1839.50,3.2437
1840.00,3.2256
1840.50,3.2056
1841.00,3.1896
1841.50,3.1812
1842.00,3.1796
1842.50,3.1798
1843.00,3.1767
1843.50,3.1685
1844.00,3.1564
1844.50,3.1429
1845.00,3.1319
1845.50,3.1303
1846.00,3.1470
1846.50,3.1877
1847.00,3.2499
1847.50,3.3211
1848.00,3.3814
1848.50,3.4109
1849.00,3.3981
1849.50,3.3453
1850.00,3.2683
1850.50,3.1909
1851.00,3.1350
1851.50,3.1090
1852.00,3.1032
1852.50,3.1000
1853.00,3.0903
1853.50,3.0782
1854.00,3.0709
1854.50,3.0676
1855.00,3.0609
1855.50,3.0462
1856.00,3.0267
1856.50,3.0095
1857.00,3.0009
1857.50,3.0040
1858.00,3.0178
1858.50,3.0351
1859.00,3.0458
1859.50,3.0426
1860.00,3.0268
1860.50,3.0074
1861.00,2.9938
1861.50,2.9887
1862.00,2.9866
1862.50,2.9790
1863.00,2.9618
1863.50,2.9389
1864.00,2.9189
1864.50,2.9093
1865.00,2.9132
1865.50,2.9299
1866.00,2.9557
1866.50,2.9854
1867.00,3.0135
1867.50,3.0340
1868.00,3.0425
1868.50,3.0394
1869.00,3.0300
1869.50,3.0191
1870.00,3.0057
1870.50,2.9858
1871.00,2.9601
1871.50,2.9353
1872.00,2.9167
1872.50,2.9011
1873.00,2.8808
1873.50,2.8527
1874.00,2.8233
1874.50,2.8033
1875.00,2.8003
1875.50,2.8145
1876.00,2.8403
1876.50,2.8709
1877.00,2.9011
1877.50,2.9288
1878.00,2.9524
1878.50,2.9696
1879.00,2.9773
1879.50,2.9738
1880.00,2.9614
1880.50,2.9465
1881.00,2.9371
1881.50,2.9384
1882.00,2.9505
1882.50,2.9701
1883.00,2.9926
1883.50,3.0140
1884.00,3.0302
1884.50,3.0390
1885.00,3.0411
1885.50,3.0413
1886.00,3.0471
1886.50,3.0649
1887.00,3.0952
1887.50,3.1301
1888.00,3.1566
1888.50,3.1645
1889.00,3.1525
1889.50,3.1291
1890.00,3.1054
1890.50,3.0908
1891.00,3.0898
1891.50,3.1028
1892.00,3.1248
1892.50,3.1446
1893.00,3.1477
1893.50,3.1264
1894.00,3.0895
1894.50,3.0603
1895.00,3.0600
1895.50,3.0907
1896.00,3.1347
1896.50,3.1700
1897.00,3.1855
1897.50,3.1818
1898.00,3.1642
1898.50,3.1388
1899.00,3.1147
1899.50,3.1026
1900.00,3.1095
1900.50,3.1339
1901.00,3.1673
1901.50,3.1974
1902.00,3.2111
1902.50,3.1992
1903.00,3.1642
1903.50,3.1239
1904.00,3.1011
1904.50,3.1064
1905.00,3.1306
1905.50,3.1541
1906.00,3.1661
1906.50,3.1714
1907.00,3.1822
1907.50,3.2033
1908.00,3.2273
1908.50,3.2416
1909.00,3.2408
1909.50,3.2303
1910.00,3.2204
1910.50,3.2175
1911.00,3.2216
1911.50,3.2282
1912.00,3.2331
1912.50,3.2344
1913.00,3.2352
1913.50,3.2419
1914.00,3.2581
1914.50,3.2801
1915.00,3.2996
1915.50,3.3128
1916.00,3.3258
1916.50,3.3479
1917.00,3.3833
1917.50,3.4266
1918.00,3.4663
1918.50,3.4911
1919.00,3.4942
1919.50,3.4753
1920.00,3.4396
1920.50,3.3964
1921.00,3.3538
1921.50,3.3161
1922.00,3.2845
1922.50,3.2607
1923.00,3.2496
1923.50,3.2543
1924.00,3.2725
1924.50,3.2981
1925.00,3.3263
1925.50,3.3533
1926.00,3.3739
1926.50,3.3833
1927.00,3.3827
1927.50,3.3800
1928.00,3.3830
1928.50,3.3917
1929.00,3.3985
1929.50,3.3944
1930.00,3.3758
1930.50,3.3455
1931.00,3.3115
1931.50,3.2851
1932.00,3.2785
1932.50,3.2990
1933.00,3.3436
1933.50,3.3979
1934.00,3.4441
1934.50,3.4720
1935.00,3.4850
1935.50,3.4950
1936.00,3.5138
1936.50,3.5450
1937.00,3.5839
1937.50,3.6202
1938.00,3.6446
1938.50,3.6516
1939.00,3.6410
1939.50,3.6159
1940.00,3.5793
1940.50,3.5340
1941.00,3.4838
1941.50,3.4342
1942.00,3.3901
1942.50,3.3532
1943.00,3.3217
1943.50,3.2924
1944.00,3.2647
1944.50,3.2408
1945.00,3.2231
1945.50,3.2098
1946.00,3.1973
1946.50,3.1865
1947.00,3.1861
1947.50,3.2047
1948.00,3.2419
1948.50,3.2884
1949.00,3.3350
1949.50,3.3782
1950.00,3.4150
1950.50,3.4368
1951.00,3.4334
1951.50,3.4042
1952.00,3.3622
1952.50,3.3253
1953.00,3.3058
1953.50,3.3076
1954.00,3.3302
1954.50,3.3722
1955.00,3.4296
1955.50,3.4934
1956.00,3.5501
1956.50,3.5878
1957.00,3.6026
1957.50,3.6016
1958.00,3.5973
1958.50,3.5983
1959.00,3.6036
1959.50,3.6038
1960.00,3.5916
1960.50,3.5683
1961.00,3.5448
1961.50,3.5338
1962.00,3.5415
1962.50,3.5653
1963.00,3.5969
1963.50,3.6269
1964.00,3.6470
1964.50,3.6511
1965.00,3.6383
1965.50,3.6158
1966.00,3.5946
1966.50,3.5825
1967.00,3.5808
1967.50,3.5877
1968.00,3.6002
1968.50,3.6121
1969.00,3.6149
1969.50,3.6040
1970.00,3.5847
1970.50,3.5685
1971.00,3.5622
1971.50,3.5621
1972.00,3.5596
1972.50,3.5510
1973.00,3.5404
1973.50,3.5330
1974.00,3.5284
1974.50,3.5227
1975.00,3.5145
1975.50,3.5090
1976.00,3.5131
1976.50,3.5296
1977.00,3.5543
1977.50,3.5792
1978.00,3.5974
1978.50,3.6066
1979.00,3.6086
1979.50,3.6061
1980.00,3.5999
1980.50,3.5905
1981.00,3.5826
1981.50,3.5853
1982.00,3.6041
1982.50,3.6346
1983.00,3.6642
1983.50,3.6818
1984.00,3.6854
1984.50,3.6821
1985.00,3.6808
1985.50,3.6864
1986.00,3.6973
1986.50,3.7086
1987.00,3.7181
1987.50,3.7282
1988.00,3.7431
1988.50,3.7642
1989.00,3.7882
1989.50,3.8082
1990.00,3.8171
1990.50,3.8127
1991.00,3.7992
1991.50,3.7850
1992.00,3.7766
1992.50,3.7745
1993.00,3.7736
1993.50,3.7679
1994.00,3.7553
1994.50,3.7410
1995.00,3.7350
1995.50,3.7455
1996.00,3.7728
1996.50,3.8095
1997.00,3.8462
1997.50,3.8771
1998.00,3.9000
1998.50,3.9108
1999.00,3.9042
1999.50,3.8819
2000.00,3.8591
2000.50,3.8578
2001.00,3.8897
2001.50,3.9469
2002.00,4.0089
2002.50,4.0607
2003.00,4.1018
2003.50,4.1420
2004.00,4.1898
2004.50,4.2446
2005.00,4.2973
2005.50,4.3388
2006.00,4.3667
2006.50,4.3839
2007.00,4.3924
2007.50,4.3882
2008.00,4.3649
2008.50,4.3218
2009.00,4.2691
2009.50,4.2228
2010.00,4.1938
2010.50,4.1824
2011.00,4.1835
2011.50,4.1971
2012.00,4.2278
2012.50,4.2754
2013.00,4.3295
2013.50,4.3748
2014.00,4.4021
2014.50,4.4095
2015.00,4.3965
2015.50,4.3619
2016.00,4.3078
2016.50,4.2452
2017.00,4.1904
2017.50,4.1548
2018.00,4.1397
2018.50,4.1398
2019.00,4.1504
2019.50,4.1706
2020.00,4.1990
2020.50,4.2301
2021.00,4.2546
2021.50,4.2640
2022.00,4.2556
2022.50,4.2353
2023.00,4.2150
2023.50,4.2050
2024.00,4.2049
2024.50,4.2016
2025.00,4.1774
2025.50,4.1230
2026.00,4.0456
2026.50,3.9636
2027.00,3.8959
2027.50,3.8545
2028.00,3.8439
2028.50,3.8618
2029.00,3.8965
2029.50,3.9281
2030.00,3.9356
2030.50,3.9078
2031.00,3.8491
2031.50,3.7780
2032.00,3.7170
2032.50,3.6809
2033.00,3.6687
2033.50,3.6660
2034.00,3.6574
2034.50,3.6387
2035.00,3.6192
2035.50,3.6116
2036.00,3.6195
2036.50,3.6338
2037.00,3.6422
2037.50,3.6402
2038.00,3.6317
2038.50,3.6211
2039.00,3.6071
2039.50,3.5855
2040.00,3.5555
2040.50,3.5216
2041.00,3.4895
2041.50,3.4612
2042.00,3.4341
2042.50,3.4048
2043.00,3.3750
2043.50,3.3519
2044.00,3.3418
2044.50,3.3437
2045.00,3.3492
2045.50,3.3502
2046.00,3.3450
2046.50,3.3355
2047.00,3.3205
2047.50,3.2951
2048.00,3.2548
2048.50,3.2008
2049.00,3.1391
2049.50,3.0786
2050.00,3.0292
2050.50,2.9986
2051.00,2.9873
2051.50,2.9873
2052.00,2.9878
2052.50,2.9822
2053.00,2.9692
2053.50,2.9491
2054.00,2.9202
2054.50,2.8801
2055.00,2.8273
2055.50,2.7630
2056.00,2.6920
2056.50,2.6245
2057.00,2.5758
2057.50,2.5600
2058.00,2.5793
2058.50,2.6196
2059.00,2.6583
2059.50,2.6785
2060.00,2.6766
2060.50,2.6576
2061.00,2.6265
2061.50,2.5854
2062.00,2.5375
2062.50,2.4910
2063.00,2.4561
2063.50,2.4384
2064.00,2.4346
2064.50,2.4336
2065.00,2.4233
2065.50,2.3981
2066.00,2.3633
2066.50,2.3297
2067.00,2.3026
2067.50,2.2763
2068.00,2.2412
2068.50,2.1956
2069.00,2.1502
2069.50,2.1184
2070.00,2.1071
2070.50,2.1139
2071.00,2.1305
2071.50,2.1471
2072.00,2.1550
2072.50,2.1467
2073.00,2.1165
2073.50,2.0646
2074.00,2.0011
2074.50,1.9468
2075.00,1.9244
2075.50,1.9471
2076.00,2.0092
2076.50,2.0865
2077.00,2.1479
2077.50,2.1708
2078.00,2.1528
2078.50,2.1106
2079.00,2.0674
2079.50,2.0412
2080.00,2.0379
2080.50,2.0523
2081.00,2.0717
2081.50,2.0845
2082.00,2.0878
2082.50,2.0915
2083.00,2.1098
2083.50,2.1475
2084.00,2.1922
2084.50,2.2225
2085.00,2.2242
2085.50,2.2003
2086.00,2.1682
2086.50,2.1474
2087.00,2.1485
2087.50,2.1693
2088.00,2.1999
2088.50,2.2317
2089.00,2.2622
2089.50,2.2913
2090.00,2.3156
2090.50,2.3279
2091.00,2.3234
2091.50,2.3041
2092.00,2.2748
2092.50,2.2377
2093.00,2.1942
2093.50,2.1508
2094.00,2.1197
2094.50,2.1116
2095.00,2.1274
2095.50,2.1563
2096.00,2.1817
2096.50,2.1910
2097.00,2.1826
2097.50,2.1651
2098.00,2.1463
2098.50,2.1242
2099.00,2.0890
2099.50,2.0353
2100.00,1.9712
2100.50,1.9149
2101.00,1.8841
2101.50,1.8856
2102.00,1.9125
2102.50,1.9498
2103.00,1.9835
2103.50,2.0083
2104.00,2.0280
2104.50,2.0510
2105.00,2.0830
2105.50,2.1222
2106.00,2.1613
2106.50,2.1929
2107.00,2.2131
2107.50,2.2213
2108.00,2.2164
2108.50,2.1970
2109.00,2.1649
2109.50,2.1288
2110.00,2.1015
2110.50,2.0939
2111.00,2.1099
2111.50,2.1454
2112.00,2.1900
2112.50,2.2320
2113.00,2.2662
2113.50,2.2970
2114.00,2.3342
2114.50,2.3818
2115.00,2.4310
2115.50,2.4669
2116.00,2.4810
2116.50,2.4789
2117.00,2.4741
2117.50,2.4759
2118.00,2.4839
2118.50,2.4921
2119.00,2.4946
2119.50,2.4875
2120.00,2.4702
2120.50,2.4467
2121.00,2.4266
2121.50,2.4211
2122.00,2.4367
2122.50,2.4704
2123.00,2.5115
2123.50,2.5477
2124.00,2.5728
2124.50,2.5894
2125.00,2.6042
2125.50,2.6199
2126.00,2.6319
2126.50,2.6327
2127.00,2.6181
2127.50,2.5912
2128.00,2.5592
2128.50,2.5277
2129.00,2.4984
2129.50,2.4731
2130.00,2.4571
2130.50,2.4593
2131.00,2.4856
2131.50,2.5322
2132.00,2.5850
2132.50,2.6278
2133.00,2.6514
2133.50,2.6558
2134.00,2.6439
2134.50,2.6176
2135.00,2.5824
2135.50,2.5520
2136.00,2.5437
2136.50,2.5653
2137.00,2.6083
2137.50,2.6537
2138.00,2.6865
2138.50,2.7038
2139.00,2.7088
2139.50,2.7007
2140.00,2.6749
2140.50,2.6332
2141.00,2.5904
2141.50,2.5645
2142.00,2.5619
2142.50,2.5729
2143.00,2.5822
2143.50,2.5821
2144.00,2.5760
2144.50,2.5730
2145.00,2.5820
2145.50,2.6074
2146.00,2.6459
2146.50,2.6877
2147.00,2.7231
2147.50,2.7481
2148.00,2.7634
2148.50,2.7691
2149.00,2.7637
2149.50,2.7474
2150.00,2.7269
2150.50,2.7134
2151.00,2.7165
2151.50,2.7364
2152.00,2.7637
2152.50,2.7872
2153.00,2.8022
2153.50,2.8105
2154.00,2.8144
2154.50,2.8139
2155.00,2.8104
2155.50,2.8109
2156.00,2.8254
2156.50,2.8594
2157.00,2.9098
2157.50,2.9668
2158.00,3.0192
2158.50,3.0587
2159.00,3.0817
2159.50,3.0893
2160.00,3.0870
2160.50,3.0840
2161.00,3.0906
2161.50,3.1133
2162.00,3.1513
2162.50,3.1968
2163.00,3.2394
2163.50,3.2702
2164.00,3.2857
2164.50,3.2886
2165.00,3.2860
2165.50,3.2858
2166.00,3.2932
2166.50,3.3108
2167.00,3.3387
2167.50,3.3738
2168.00,3.4087
2168.50,3.4349
2169.00,3.4486
2169.50,3.4523
2170.00,3.4500
2170.50,3.4415
2171.00,3.4279
2171.50,3.4171
2172.00,3.4206
2172.50,3.4408
2173.00,3.4659
2173.50,3.4781
2174.00,3.4661
2174.50,3.4315
2175.00,3.3878
2175.50,3.3556
2176.00,3.3532
2176.50,3.3871
2177.00,3.4477
2177.50,3.5130
2178.00,3.5614
2178.50,3.5821
2179.00,3.5790
2179.50,3.5637
2180.00,3.5476
2180.50,3.5390
2181.00,3.5430
2181.50,3.5608
2182.00,3.5891
2182.50,3.6227
2183.00,3.6590
2183.50,3.6980
2184.00,3.7393
2184.50,3.7782
2185.00,3.8072
2185.50,3.8204
2186.00,3.8182
2186.50,3.8077
2187.00,3.7985
2187.50,3.7978
2188.00,3.8097
2188.50,3.8354
2189.00,3.8724
2189.50,3.9143
2190.00,3.9518
2190.50,3.9776
2191.00,3.9889
2191.50,3.9887
2192.00,3.9826
2192.50,3.9750
2193.00,3.9673
2193.50,3.9597
2194.00,3.9542
2194.50,3.9562
2195.00,3.9700
2195.50,3.9943
2196.00,4.0217
2196.50,4.0448
2197.00,4.0637
2197.50,4.0866
2198.00,4.1203
2198.50,4.1625
2199.00,4.2015
2199.50,4.2263
2200.00,4.2357
2200.50,4.2391
2201.00,4.2506
2201.50,4.2799
2202.00,4.3248
2202.50,4.3721
2203.00,4.4040
2203.50,4.4079
2204.00,4.3837
2204.50,4.3459
2205.00,4.3169
2205.50,4.3155
2206.00,4.3457
2206.50,4.3952
2207.00,4.4448
2207.50,4.4821
2208.00,4.5081
2208.50,4.5308
2209.00,4.5545
2209.50,4.5732
2210.00,4.5762
2210.50,4.5590
2211.00,4.5314
2211.50,4.5120
2212.00,4.5132
2212.50,4.5337
2213.00,4.5616
2213.50,4.5864
2214.00,4.6046
2214.50,4.6189
2215.00,4.6355
2215.50,4.6626
2216.00,4.7070
2216.50,4.7667
2217.00,4.8273
2217.50,4.8683
2218.00,4.8762
2218.50,4.8518
2219.00,4.8083
2219.50,4.7622
2220.00,4.7259
2220.50,4.7042
2221.00,4.6965
2221.50,4.7021
2222.00,4.7239
2222.50,4.7632
2223.00,4.8100
2223.50,4.8416
2224.00,4.8354
2224.50,4.7873
2225.00,4.7165
2225.50,4.6534
2226.00,4.6232
2226.50,4.6365
2227.00,4.6923
2227.50,4.7812
2228.00,4.8845
2228.50,4.9755
2229.00,5.0302
2229.50,5.0423
2230.00,5.0263
2230.50,5.0030
2231.00,4.9817
2231.50,4.9562
2232.00,4.9139
2232.50,4.8495
2233.00,4.7712
2233.50,4.6980
2234.00,4.6495
2234.50,4.6349
2235.00,4.6481
2235.50,4.6721
2236.00,4.6915
2236.50,4.7019
2237.00,4.7097
2237.50,4.7216
2238.00,4.7363
2238.50,4.7453
2239.00,4.7420
2239.50,4.7269
2240.00,4.7058
2240.50,4.6840
2241.00,4.6642
2241.50,4.6471
2242.00,4.6338
2242.50,4.6255
2243.00,4.6211
2243.50,4.6154
2244.00,4.6020
2244.50,4.5787
2245.00,4.5504
2245.50,4.5249
2246.00,4.5066
2246.50,4.4938
2247.00,4.4826
2247.50,4.4738
2248.00,4.4736
2248.50,4.4875
2249.00,4.5113
2249.50,4.5303
2250.00,4.5304
2250.50,4.5097
2251.00,4.4800
2251.50,4.4558
2252.00,4.4432
2252.50,4.4404
2253.00,4.4442
2253.50,4.4538
2254.00,4.4657
2254.50,4.4700
2255.00,4.4555
2255.50,4.4208
2256.00,4.3757
2256.50,4.3307
2257.00,4.2856
2257.50,4.2314
2258.00,4.1644
2258.50,4.0957
2259.00,4.0454
2259.50,4.0261
2260.00,4.0340
2260.50,4.0543
2261.00,4.0733
2261.50,4.0835
2262.00,4.0781
2262.50,4.0503
2263.00,3.9991
2263.50,3.9368
2264.00,3.8845
2264.50,3.8581
2265.00,3.8558
2265.50,3.8584
2266.00,3.8416
2266.50,3.7916
2267.00,3.7123
2267.50,3.6205
2268.00,3.5359
2268.50,3.4735
2269.00,3.4415
2269.50,3.4406
2270.00,3.4606
2270.50,3.4813
2271.00,3.4805
2271.50,3.4480
2272.00,3.3895
2272.50,3.3188
2273.00,3.2493
2273.50,3.1909
2274.00,3.1489
2274.50,3.1205
2275.00,3.0937
2275.50,3.0561
2276.00,3.0056
2276.50,2.9521
2277.00,2.9080
2277.50,2.8771
2278.00,2.8544
2278.50,2.8344
2279.00,2.8166
2279.50,2.8019
2280.00,2.7872
2280.50,2.7658
2281.00,2.7353
2281.50,2.7014
2282.00,2.6736
2282.50,2.6578
2283.00,2.6536
2283.50,2.6569
2284.00,2.6640
2284.50,2.6720
2285.00,2.6795
2285.50,2.6862
2286.00,2.6913
2286.50,2.6912
2287.00,2.6805
2287.50,2.6546
2288.00,2.6129
2288.50,2.5595
2289.00,2.5032
2289.50,2.4565
2290.00,2.4330
2290.50,2.4402
2291.00,2.4749
2291.50,2.5229
2292.00,2.5651
2292.50,2.5865
2293.00,2.5828
2293.50,2.5622
2294.00,2.5396
2294.50,2.5273
2295.00,2.5282
2295.50,2.5361
2296.00,2.5405
2296.50,2.5342
2297.00,2.5175
2297.50,2.4958
2298.00,2.4721
2298.50,2.4451
2299.00,2.4128
2299.50,2.3778
2300.00,2.3446
2300.50,2.3162
2301.00,2.2933
2301.50,2.2785
2302.00,2.2781
2302.50,2.2985
2303.00,2.3393
2303.50,2.3901
2304.00,2.4338
2304.50,2.4548
2305.00,2.4465
2305.50,2.4129
2306.00,2.3651
2306.50,2.3180
2307.00,2.2854
2307.50,2.2746
2308.00,2.2829
2308.50,2.3021
2309.00,2.3257
2309.50,2.3518
2310.00,2.3787
2310.50,2.4006
2311.00,2.4102
2311.50,2.4051
2312.00,2.3891
2312.50,2.3673
2313.00,2.3413
2313.50,2.3126
2314.00,2.2890
2314.50,2.2829
2315.00,2.3003
2315.50,2.3333
2316.00,2.3646
2316.50,2.3825
2317.00,2.3894
2317.50,2.3945
2318.00,2.4014
2318.50,2.4044
2319.00,2.3983
2319.50,2.3863
2320.00,2.3780
2320.50,2.3790
2321.00,2.3869
2321.50,2.3954
2322.00,2.4013
2322.50,2.4064
2323.00,2.4136
2323.50,2.4211
2324.00,2.4224
2324.50,2.4113
2325.00,2.3885
2325.50,2.3635
2326.00,2.3494
2326.50,2.3532
2327.00,2.3703
2327.50,2.3869
2328.00,2.3900
2328.50,2.3781
2329.00,2.3634
2329.50,2.3621
2330.00,2.3824
2330.50,2.4195
2331.00,2.4607
2331.50,2.4982
2332.00,2.5353
2332.50,2.5796
2333.00,2.6305
2333.50,2.6743
2334.00,2.6949
2334.50,2.6880
2335.00,2.6640
2335.50,2.6379
2336.00,2.6195
2336.50,2.6122
2337.00,2.6162
2337.50,2.6308
2338.00,2.6529
2338.50,2.6772
2339.00,2.6990
2339.50,2.7177
2340.00,2.7368
2340.50,2.7608
2341.00,2.7900
2341.50,2.8205
2342.00,2.8473
2342.50,2.8682
2343.00,2.8833
2343.50,2.8920
2344.00,2.8931
2344.50,2.8883
2345.00,2.8833
2345.50,2.8819
2346.00,2.8810
2346.50,2.8728
2347.00,2.8516
2347.50,2.8194
2348.00,2.7834
2348.50,2.7498
2349.00,2.7191
2349.50,2.6887
2350.00,2.6585
2350.50,2.6336
2351.00,2.6200
2351.50,2.6167
2352.00,2.6169
2352.50,2.6157
2353.00,2.6167
2353.50,2.6295
2354.00,2.6599
2354.50,2.7065
2355.00,2.7620
2355.50,2.8152
2356.00,2.8514
2356.50,2.8572
2357.00,2.8295
2357.50,2.7820
2358.00,2.7402
2358.50,2.7271
2359.00,2.7506
2359.50,2.8008
2360.00,2.8561
2360.50,2.8942
2361.00,2.9024
2361.50,2.8834
2362.00,2.8518
2362.50,2.8223
2363.00,2.7986
2363.50,2.7742
2364.00,2.7420
2364.50,2.7062
2365.00,2.6816
2365.50,2.6815
2366.00,2.7066
2366.50,2.7456
2367.00,2.7853
2367.50,2.8196
2368.00,2.8503
2368.50,2.8809
2369.00,2.9119
2369.50,2.9405
2370.00,2.9631
2370.50,2.9766
2371.00,2.9788
2371.50,2.9690
2372.00,2.9507
2372.50,2.9324
2373.00,2.9253
2373.50,2.9373
2374.00,2.9688
2374.50,3.0142
2375.00,3.0656
2375.50,3.1160
2376.00,3.1580
2376.50,3.1819
2377.00,3.1806
2377.50,3.1582
2378.00,3.1305
2378.50,3.1160
2379.00,3.1218
2379.50,3.1406
2380.00,3.1598
2380.50,3.1727
2381.00,3.1820
2381.50,3.1918
2382.00,3.2008
2382.50,3.2044
2383.00,3.2044
2383.50,3.2097
2384.00,3.2269
2384.50,3.2503
2385.00,3.2645
2385.50,3.2576
2386.00,3.2328
2386.50,3.2042
2387.00,3.1855
2387.50,3.1804
2388.00,3.1864
2388.50,3.2023
2389.00,3.2308
2389.50,3.2725
2390.00,3.3178
2390.50,3.3483
2391.00,3.3479
2391.50,3.3138
2392.00,3.2593
2392.50,3.2058
2393.00,3.1717
2393.50,3.1630
2394.00,3.1719
2394.50,3.1836
2395.00,3.1870
2395.50,3.1798
2396.00,3.1663
2396.50,3.1517
2397.00,3.1395
2397.50,3.1329
2398.00,3.1355
2398.50,3.1506
2399.00,3.1788
2399.50,3.2179
2400.00,3.2644
2400.50,3.3132
2401.00,3.3584
2401.50,3.3950
2402.00,3.4222
2402.50,3.4449
2403.00,3.4694
2403.50,3.4979
2404.00,3.5249
2404.50,3.5412
2405.00,3.5422
2405.50,3.5322
2406.00,3.5194
2406.50,3.5081
2407.00,3.4967
2407.50,3.4831
2408.00,3.4691
2408.50,3.4608
2409.00,3.4649
2409.50,3.4836
2410.00,3.5099
2410.50,3.5298
2411.00,3.5305
2411.50,3.5121
2412.00,3.4872
2412.50,3.4699
2413.00,3.4635
2413.50,3.4616
2414.00,3.4586
2414.50,3.4562
2415.00,3.4588
2415.50,3.4658
2416.00,3.4716
2416.50,3.4716
2417.00,3.4661
2417.50,3.4555
2418.00,3.4368
2418.50,3.4069
2419.00,3.3701
2419.50,3.3388
2420.00,3.3258
2420.50,3.3355
2421.00,3.3618
2421.50,3.3926
2422.00,3.4171
2422.50,3.4296
2423.00,3.4284
2423.50,3.4136
2424.00,3.3885
2424.50,3.3605
2425.00,3.3397
2425.50,3.3335
2426.00,3.3416
2426.50,3.3558
2427.00,3.3664
2427.50,3.3678
2428.00,3.3634
2428.50,3.3639
2429.00,3.3796
2429.50,3.4109
2430.00,3.4460
2430.50,3.4703
2431.00,3.4776
2431.50,3.4723
2432.00,3.4610
2432.50,3.4480
2433.00,3.4365
2433.50,3.4305
2434.00,3.4334
2434.50,3.4444
2435.00,3.4571
2435.50,3.4623
2436.00,3.4540
2436.50,3.4350
2437.00,3.4161
2437.50,3.4079
2438.00,3.4117
2438.50,3.4181
2439.00,3.4147
2439.50,3.3978
2440.00,3.3771
2440.50,3.3699
2441.00,3.3866
2441.50,3.4209
2442.00,3.4552
2442.50,3.4737
2443.00,3.4711
2443.50,3.4508
2444.00,3.4186
2444.50,3.3807
2445.00,3.3442
2445.50,3.3173
2446.00,3.3048
2446.50,3.3049
2447.00,3.3091
2447.50,3.3096
2448.00,3.3055
2448.50,3.3040
2449.00,3.3135
2449.50,3.3372
2450.00,3.3700
2450.50,3.4007
2451.00,3.4160
2451.50,3.4067
2452.00,3.3746
2452.50,3.3324
2453.00,3.2961
2453.50,3.2739
2454.00,3.2636
2454.50,3.2594
2455.00,3.2624
2455.50,3.2814
2456.00,3.3226
2456.50,3.3767
2457.00,3.4191
2457.50,3.4281
2458.00,3.4024
2458.50,3.3608
2459.00,3.3230
2459.50,3.2948
2460.00,3.2720
2460.50,3.2556
2461.00,3.2561
2461.50,3.2815
2462.00,3.3221
2462.50,3.3507
2463.00,3.3416
2463.50,3.2923
2464.00,3.2267
2464.50,3.1770
2465.00,3.1597
2465.50,3.1665
2466.00,3.1736
2466.50,3.1612
2467.00,3.1260
2467.50,3.0806
2468.00,3.0425
2468.50,3.0211
2469.00,3.0161
2469.50,3.0238
2470.00,3.0414
2470.50,3.0628
2471.00,3.0754
2471.50,3.0676
2472.00,3.0402
2472.50,3.0066
2473.00,2.9816
2473.50,2.9716
2474.00,2.9739
2474.50,2.9816
2475.00,2.9870
2475.50,2.9858
2476.00,2.9789
2476.50,2.9718
2477.00,2.9703
2477.50,2.9778
2478.00,2.9938
2478.50,3.0145
2479.00,3.0341
2479.50,3.0484
2480.00,3.0579
2480.50,3.0653
2481.00,3.0711
2481.50,3.0712
2482.00,3.0613
2482.50,3.0425
2483.00,3.0210
2483.50,3.0045
2484.00,2.9969
2484.50,2.9968
2485.00,3.0020
2485.50,3.0155
2486.00,3.0441
2486.50,3.0895
2487.00,3.1406
2487.50,3.1799
2488.00,3.1989
2488.50,3.2030
2489.00,3.2031
2489.50,3.2032
2490.00,3.2004
2490.50,3.1919
2491.00,3.1800
2491.50,3.1694
2492.00,3.1632
2492.50,3.1609
2493.00,3.1595
2493.50,3.1542
2494.00,3.1405
2494.50,3.1173
2495.00,3.0906
2495.50,3.0720
2496.00,3.0714
2496.50,3.0904
2497.00,3.1203
2497.50,3.1480
2498.00,3.1637
2498.50,3.1659
2499.00,3.1604
2499.50,3.1546
2500.00,3.1526
2500.50,3.1542
2501.00,3.1551
2501.50,3.1507
2502.00,3.1388
2502.50,3.1221
2503.00,3.1058
2503.50,3.0928
2504.00,3.0819
2504.50,3.0701
2505.00,3.0553
2505.50,3.0381
2506.00,3.0202
2506.50,3.0051
2507.00,2.9978
2507.50,3.0019
2508.00,3.0142
2508.50,3.0257
2509.00,3.0292
2509.50,3.0264
2510.00,3.0261
2510.50,3.0346
2511.00,3.0494
2511.50,3.0625
2512.00,3.0696
2512.50,3.0761
2513.00,3.0939
2513.50,3.1295
2514.00,3.1762
2514.50,3.2170
2515.00,3.2371
2515.50,3.2356
2516.00,3.2237
2516.50,3.2153
2517.00,3.2185
2517.50,3.2334
2518.00,3.2547
2518.50,3.2752
2519.00,3.2884
2519.50,3.2905
2520.00,3.2816
2520.50,3.2663
2521.00,3.2523
2521.50,3.2488
2522.00,3.2618
2522.50,3.2905
2523.00,3.3262
2523.50,3.3565
2524.00,3.3729
2524.50,3.3754
2525.00,3.3693
2525.50,3.3593
2526.00,3.3473
2526.50,3.3348
2527.00,3.3245
2527.50,3.3183
2528.00,3.3167
2528.50,3.3197
2529.00,3.3272
2529.50,3.3353
2530.00,3.3365
2530.50,3.3236
2531.00,3.2963
2531.50,3.2625
2532.00,3.2345
2532.50,3.2218
2533.00,3.2257
2533.50,3.2387
2534.00,3.2501
2534.50,3.2551
2535.00,3.2592
2535.50,3.2719
2536.00,3.2970
2536.50,3.3287
2537.00,3.3551
2537.50,3.3662
2538.00,3.3603
2538.50,3.3463
2539.00,3.3384
2539.50,3.3473
2540.00,3.3720
2540.50,3.4008
2541.00,3.4203
2541.50,3.4263
2542.00,3.4255
2542.50,3.4268
2543.00,3.4309
2543.50,3.4274
2544.00,3.4016
2544.50,3.3458
2545.00,3.2667
2545.50,3.1826
2546.00,3.1133
2546.50,3.0692
2547.00,3.0490
2547.50,3.0436
2548.00,3.0439
2548.50,3.0447
2549.00,3.0441
2549.50,3.0409
2550.00,3.0336
2550.50,3.0213
2551.00,3.0054
2551.50,2.9897
2552.00,2.9787
2552.50,2.9742
2553.00,2.9733
2553.50,2.9720
2554.00,2.9694
2554.50,2.9681
2555.00,2.9680
2555.50,2.9634
2556.00,2.9479
2556.50,2.9218
2557.00,2.8920
2557.50,2.8656
2558.00,2.8440
2558.50,2.8253
2559.00,2.8089
2559.50,2.7958
2560.00,2.7877
2560.50,2.7850
2561.00,2.7879
2561.50,2.7967
2562.00,2.8105
2562.50,2.8261
2563.00,2.8389
2563.50,2.8477
2564.00,2.8563
2564.50,2.8714
2565.00,2.8959
2565.50,2.9251
2566.00,2.9473
2566.50,2.9520
2567.00,2.9371
2567.50,2.9129
2568.00,2.8962
2568.50,2.9004
2569.00,2.9277
2569.50,2.9683
2570.00,3.0071
2570.50,3.0338
2571.00,3.0495
2571.50,3.0638
2572.00,3.0851
2572.50,3.1125
2573.00,3.1373
2573.50,3.1518
2574.00,3.1562
2574.50,3.1547
2575.00,3.1494
2575.50,3.1377
2576.00,3.1181
2576.50,3.0969
2577.00,3.0852
2577.50,3.0904
2578.00,3.1108
2578.50,3.1368
2579.00,3.1604
2579.50,3.1795
2580.00,3.1955
2580.50,3.2066
2581.00,3.2067
2581.50,3.1930
2582.00,3.1725
2582.50,3.1575
2583.00,3.1549
2583.50,3.1595
2584.00,3.1587
2584.50,3.1427
2585.00,3.1110
2585.50,3.0706
2586.00,3.0298
2586.50,2.9925
2587.00,2.9606
2587.50,2.9371
2588.00,2.9266
2588.50,2.9300
2589.00,2.9425
2589.50,2.9577
2590.00,2.9726
2590.50,2.9909
2591.00,3.0192
2591.50,3.0595
2592.00,3.1042
2592.50,3.1381
2593.00,3.1474
2593.50,3.1295
2594.00,3.0948
2594.50,3.0591
2595.00,3.0337
2595.50,3.0198
2596.00,3.0107
2596.50,2.9994
2597.00,2.9860
2597.50,2.9764
2598.00,2.9753
2598.50,2.9796
2599.00,2.9819
2599.50,2.9774
2600.00,2.9674
2600.50,2.9573
2601.00,2.9540
2601.50,2.9623
2602.00,2.9824
2602.50,3.0067
2603.00,3.0230
2603.50,3.0211
2604.00,2.9993
2604.50,2.9621
2605.00,2.9150
2605.50,2.8622
2606.00,2.8122
2606.50,2.7796
2607.00,2.7780
2607.50,2.8095
2608.00,2.8626
2608.50,2.9175
2609.00,2.9545
2609.50,2.9618
2610.00,2.9412
2610.50,2.9078
2611.00,2.8808
2611.50,2.8706
2612.00,2.8741
2612.50,2.8822
2613.00,2.8903
2613.50,2.9032
2614.00,2.9275
2614.50,2.9623
2615.00,2.9967
2615.50,3.0176
2616.00,3.0200
2616.50,3.0108
2617.00,3.0031
2617.50,3.0072
2618.00,3.0241
2618.50,3.0464
2619.00,3.0647
2619.50,3.0735
2620.00,3.0744
2620.50,3.0730
2621.00,3.0730
2621.50,3.0713
2622.00,3.0600
2622.50,3.0353
2623.00,3.0050
2623.50,2.9844
2624.00,2.9832
2624.50,2.9962
2625.00,3.0081
2625.50,3.0090
2626.00,3.0018
2626.50,2.9965
2627.00,2.9997
2627.50,3.0109
2628.00,3.0260
2628.50,3.0402
2629.00,3.0497
2629.50,3.0523
2630.00,3.0465
2630.50,3.0297
2631.00,3.0000
2631.50,2.9595
2632.00,2.9161
2632.50,2.8786
2633.00,2.8514
2633.50,2.8349
2634.00,2.8300
2634.50,2.8402
2635.00,2.8671
2635.50,2.9056
2636.00,2.9452
2636.50,2.9774
2637.00,3.0001
2637.50,3.0158
2638.00,3.0271
2638.50,3.0334
2639.00,3.0323
2639.50,3.0213
2640.00,2.9989
2640.50,2.9651
2641.00,2.9238
2641.50,2.8853
2642.00,2.8636
2642.50,2.8668
2643.00,2.8896
2643.50,2.9163
2644.00,2.9326
2644.50,2.9356
2645.00,2.9323
2645.50,2.9300
2646.00,2.9297
2646.50,2.9287
2647.00,2.9269
2647.50,2.9286
2648.00,2.9340
2648.50,2.9359
2649.00,2.9239
2649.50,2.8934
2650.00,2.8494
2650.50,2.8010
2651.00,2.7561
2651.50,2.7178
2652.00,2.6872
2652.50,2.6665
2653.00,2.6596
2653.50,2.6666
2654.00,2.6784
2654.50,2.6812
2655.00,2.6695
2655.50,2.6517
2656.00,2.6419
2656.50,2.6456
2657.00,2.6570
2657.50,2.6663
2658.00,2.6690
2658.50,2.6697
2659.00,2.6791
2659.50,2.7069
2660.00,2.7528
2660.50,2.8024
2661.00,2.8356
2661.50,2.8412
2662.00,2.8252
2662.50,2.8050
2663.00,2.7962
2663.50,2.8050
2664.00,2.8268
2664.50,2.8505
2665.00,2.8635
2665.50,2.8611
2666.00,2.8508
2666.50,2.8465
2667.00,2.8550
2667.50,2.8710
2668.00,2.8831
2668.50,2.8840
2669.00,2.8722
2669.50,2.8468
2670.00,2.8076
2670.50,2.7612
2671.00,2.7226
2671.50,2.7074
2672.00,2.7191
2672.50,2.7446
2673.00,2.7636
2673.50,2.7634
2674.00,2.7477
2674.50,2.7344
2675.00,2.7433
2675.50,2.7831
2676.00,2.8466
2676.50,2.9161
2677.00,2.9728
2677.50,3.0054
2678.00,3.0127
2678.50,3.0043
2679.00,2.9952
2679.50,2.9980
2680.00,3.0156
2680.50,3.0400
2681.00,3.0582
2681.50,3.0612
2682.00,3.0489
2682.50,3.0298
2683.00,3.0151
2683.50,3.0120
2684.00,3.0218
2684.50,3.0420
2685.00,3.0692
2685.50,3.1014
2686.00,3.1389
2686.50,3.1807
2687.00,3.2217
2687.50,3.2539
2688.00,3.2736
2688.50,3.2855
2689.00,3.2996
2689.50,3.3211
2690.00,3.3462
2690.50,3.3676
2691.00,3.3831
2691.50,3.3966
2692.00,3.4108
2692.50,3.4208
2693.00,3.4177
2693.50,3.3974
2694.00,3.3666
2694.50,3.3393
2695.00,3.3266
2695.50,3.3270
2696.00,3.3282
2696.50,3.3185
2697.00,3.2972
2697.50,3.2726
2698.00,3.2527
2698.50,3.2405
2699.00,3.2363
2699.50,3.2412
2700.00,3.2563
2700.50,3.2805
2701.00,3.3082
2701.50,3.3327
2702.00,3.3508
2702.50,3.3663
2703.00,3.3856
2703.50,3.4078
2704.00,3.4221
2704.50,3.4163
2705.00,3.3902
2705.50,3.3571
2706.00,3.3331
2706.50,3.3253
2707.00,3.3293
2707.50,3.3353
2708.00,3.3357
2708.50,3.3278
2709.00,3.3141
2709.50,3.3002
2710.00,3.2894
2710.50,3.2794
2711.00,3.2642
2711.50,3.2397
2712.00,3.2091
2712.50,3.1817
2713.00,3.1655
2713.50,3.1621
2714.00,3.1663
2714.50,3.1708
2715.00,3.1698
2715.50,3.1636
2716.00,3.1581
2716.50,3.1609
2717.00,3.1737
2717.50,3.1898
2718.00,3.2012
2718.50,3.2065
2719.00,3.2109
2719.50,3.2173
2720.00,3.2217
2720.50,3.2170
2721.00,3.1997
2721.50,3.1717
2722.00,3.1395
2722.50,3.1122
2723.00,3.0987
2723.50,3.1025
2724.00,3.1185
2724.50,3.1367
2725.00,3.1507
2725.50,3.1617
2726.00,3.1757
2726.50,3.1969
2727.00,3.2240
2727.50,3.2505
2728.00,3.2685
2728.50,3.2720
2729.00,3.2603
2729.50,3.2382
2730.00,3.2147
2730.50,3.1986
2731.00,3.1949
2731.50,3.2036
2732.00,3.2208
2732.50,3.2414
2733.00,3.2627
2733.50,3.2869
2734.00,3.3193
2734.50,3.3625
2735.00,3.4096
2735.50,3.4437
2736.00,3.4485
2736.50,3.4219
2737.00,3.3806
2737.50,3.3493
2738.00,3.3438
2738.50,3.3626
2739.00,3.3917
2739.50,3.4155
2740.00,3.4272
2740.50,3.4295
2741.00,3.4288
2741.50,3.4260
2742.00,3.4151
2742.50,3.3903
2743.00,3.3535
2743.50,3.3142
2744.00,3.2841
2744.50,3.2708
2745.00,3.2741
2745.50,3.2869
2746.00,3.2987
2746.50,3.3024
2747.00,3.2972
2747.50,3.2879
2748.00,3.2794
2748.50,3.2721
2749.00,3.2624
2749.50,3.2479
2750.00,3.2325
2750.50,3.2240
2751.00,3.2262
2751.50,3.2334
2752.00,3.2348
2752.50,3.2218
2753.00,3.1926
2753.50,3.1517
2754.00,3.1072
2754.50,3.0672
2755.00,3.0367
2755.50,3.0152
2756.00,2.9964
2756.50,2.9724
2757.00,2.9377
2757.50,2.8938
2758.00,2.8479
2758.50,2.8089
2759.00,2.7810
2759.50,2.7631
2760.00,2.7512
2760.50,2.7425
2761.00,2.7379
2761.50,2.7402
2762.00,2.7510
2762.50,2.7684
2763.00,2.7878
2763.50,2.8036
2764.00,2.8109
2764.50,2.8060
2765.00,2.7872
2765.50,2.7566
2766.00,2.7189
2766.50,2.6799
2767.00,2.6459
2767.50,2.6238
2768.00,2.6183
2768.50,2.6255
2769.00,2.6305
2769.50,2.6176
2770.00,2.5831
2770.50,2.5400
2771.00,2.5078
2771.50,2.4976
2772.00,2.5066
2772.50,2.5239
2773.00,2.5403
2773.50,2.5533
2774.00,2.5652
2774.50,2.5765
2775.00,2.5831
2775.50,2.5788
2776.00,2.5594
2776.50,2.5260
2777.00,2.4853
2777.50,2.4478
2778.00,2.4230
2778.50,2.4150
2779.00,2.4201
2779.50,2.4302
2780.00,2.4377
2780.50,2.4373
2781.00,2.4264
2781.50,2.4049
2782.00,2.3752
2782.50,2.3373
2783.00,2.2863
2783.50,2.2161
2784.00,2.1295
2784.50,2.0442
2785.00,1.9857
2785.50,1.9703
2786.00,1.9921
2786.50,2.0266
2787.00,2.0478
2787.50,2.0452
2788.00,2.0264
2788.50,2.0060
2789.00,1.9938
2789.50,1.9904
2790.00,1.9893
2790.50,1.9827
2791.00,1.9679
2791.50,1.9505
2792.00,1.9406
2792.50,1.9412
2793.00,1.9434
2793.50,1.9359
2794.00,1.9188
2794.50,1.9069
2795.00,1.9152
2795.50,1.9425
2796.00,1.9711
2796.50,1.9829
2797.00,1.9738
2797.50,1.9527
2798.00,1.9303
2798.50,1.9104
2799.00,1.8911
2799.50,1.8714
2800.00,1.8576
2800.50,1.8612
2801.00,1.8907
2801.50,1.9418
2802.00,1.9975
2802.50,2.0379
2803.00,2.0520
2803.50,2.0431
2804.00,2.0246
2804.50,2.0110
2805.00,2.0107
2805.50,2.0217
2806.00,2.0359
2806.50,2.0461
2807.00,2.0518
2807.50,2.0599
2808.00,2.0774
2808.50,2.1057
2809.00,2.1390
2809.50,2.1686
2810.00,2.1868
2810.50,2.1903
2811.00,2.1852
2811.50,2.1851
2812.00,2.2025
2812.50,2.2376
2813.00,2.2771
2813.50,2.3061
2814.00,2.3199
2814.50,2.3256
2815.00,2.3336
2815.50,2.3486
2816.00,2.3674
2816.50,2.3841
2817.00,2.3956
2817.50,2.4045
2818.00,2.4164
2818.50,2.4354
2819.00,2.4604
2819.50,2.4870
2820.00,2.5098
2820.50,2.5239
2821.00,2.5260
2821.50,2.5155
2822.00,2.4974
2822.50,2.4826
2823.00,2.4833
2823.50,2.5052
2824.00,2.5420
2824.50,2.5793
2825.00,2.6026
2825.50,2.6057
2826.00,2.5924
2826.50,2.5729
2827.00,2.5592
2827.50,2.5585
2828.00,2.5688
2828.50,2.5792
2829.00,2.5784
2829.50,2.5652
2830.00,2.5509
2830.50,2.5505
2831.00,2.5706
2831.50,2.6036
2832.00,2.6331
2832.50,2.6457
2833.00,2.6367
2833.50,2.6105
2834.00,2.5776
2834.50,2.5503
2835.00,2.5382
2835.50,2.5421
2836.00,2.5532
2836.50,2.5600
2837.00,2.5579
2837.50,2.5548
2838.00,2.5651
2838.50,2.5989
2839.00,2.6514
2839.50,2.7045
2840.00,2.7396
2840.50,2.7496
2841.00,2.7401
2841.50,2.7214
2842.00,2.7024
2842.50,2.6917
2843.00,2.6971
2843.50,2.7201
2844.00,2.7503
2844.50,2.7705
2845.00,2.7688
2845.50,2.7464
2846.00,2.7151
2846.50,2.6884
2847.00,2.6747
2847.50,2.6750
2848.00,2.6848
2848.50,2.6953
2849.00,2.6988
2849.50,2.6930
2850.00,2.6815
2850.50,2.6702
2851.00,2.6635
2851.50,2.6632
2852.00,2.6713
2852.50,2.6885
2853.00,2.7129
2853.50,2.7376
2854.00,2.7532
2854.50,2.7514
2855.00,2.7310
2855.50,2.7015
2856.00,2.6801
2856.50,2.6822
2857.00,2.7108
2857.50,2.7546
2858.00,2.7968
2858.50,2.8244
2859.00,2.8306
2859.50,2.8127
2860.00,2.7722
2860.50,2.7178
2861.00,2.6654
2861.50,2.6321
2862.00,2.6288
2862.50,2.6552
2863.00,2.7014
2863.50,2.7524
2864.00,2.7932
2864.50,2.8145
2865.00,2.8174
2865.50,2.8127
2866.00,2.8138
2866.50,2.8266
2867.00,2.8468
2867.50,2.8648
2868.00,2.8728
2868.50,2.8702
2869.00,2.8617
2869.50,2.8537
2870.00,2.8506
2870.50,2.8535
2871.00,2.8607
2871.50,2.8680
2872.00,2.8703
2872.50,2.8639
2873.00,2.8487
2873.50,2.8276
2874.00,2.8025
2874.50,2.7729
2875.00,2.7389
2875.50,2.7049
2876.00,2.6799
2876.50,2.6731
2877.00,2.6881
2877.50,2.7202
2878.00,2.7593
2878.50,2.7955
2879.00,2.8232
2879.50,2.8414
2880.00,2.8520
2880.50,2.8603
2881.00,2.8736
2881.50,2.8948
2882.00,2.9157
2882.50,2.9194
2883.00,2.8942
2883.50,2.8447
2884.00,2.7886
2884.50,2.7437
2885.00,2.7182
2885.50,2.7111
2886.00,2.7178
2886.50,2.7334
2887.00,2.7546
2887.50,2.7788
2888.00,2.8013
2888.50,2.8149
2889.00,2.8132
2889.50,2.7965
2890.00,2.7725
2890.50,2.7528
2891.00,2.7453
2891.50,2.7506
2892.00,2.7622
2892.50,2.7696
2893.00,2.7626
2893.50,2.7385
2894.00,2.7054
2894.50,2.6804
2895.00,2.6797
2895.50,2.7074
2896.00,2.7527
2896.50,2.7967
2897.00,2.8253
2897.50,2.8356
2898.00,2.8324
2898.50,2.8210
2899.00,2.8039
2899.50,2.7811
2900.00,2.7522
2900.50,2.7181
2901.00,2.6837
2901.50,2.6594
2902.00,2.6566
2902.50,2.6781
2903.00,2.7124
2903.50,2.7396
2904.00,2.7452
2904.50,2.7321
