0.00,0.0000
0.50,0.2070
1.00,0.5056
1.50,0.8793
2.00,1.2940
2.50,1.7127
3.00,2.1051
3.50,2.4510
4.00,2.7413
4.50,2.9802
5.00,3.1823
5.50,3.3636
6.00,3.5327
6.50,3.6857
7.00,3.8099
7.50,3.8960
8.00,3.9507
8.50,3.9983
9.00,4.0683
9.50,4.1794
10.00,4.3307
10.50,4.5028
11.00,4.6679
11.50,4.8061
12.00,4.9181
12.50,5.0214
13.00,5.1310
13.50,5.2436
14.00,5.3414
14.50,5.4119
15.00,5.4606
15.50,5.5052
16.00,5.5596
16.50,5.6268
17.00,5.7012
17.50,5.7732
18.00,5.8301
18.50,5.8593
19.00,5.8561
19.50,5.8292
20.00,5.7976
20.50,5.7815
21.00,5.7950
21.50,5.8408
22.00,5.9065
22.50,5.9676
23.00,6.0020
23.50,6.0081
24.00,6.0071
24.50,6.0244
25.00,6.0695
25.50,6.1322
26.00,6.1954
26.50,6.2487
27.00,6.2950
27.50,6.3459
28.00,6.4110
28.50,6.4860
29.00,6.5502
29.50,6.5771
30.00,6.5509
30.50,6.4784
31.00,6.3876
31.50,6.3150
32.00,6.2868
32.50,6.3035
33.00,6.3426
33.50,6.3775
34.00,6.3967
34.50,6.4065
35.00,6.4191
35.50,6.4397
36.00,6.4623
36.50,6.4755
37.00,6.4701
37.50,6.4450
38.00,6.4075
38.50,6.3679
39.00,6.3352
39.50,6.3156
40.00,6.3134
40.50,6.3297
41.00,6.3621
41.50,6.4070
42.00,6.4619
42.50,6.5235
43.00,6.5817
43.50,6.6228
44.00,6.6390
44.50,6.6357
45.00,6.6283
45.50,6.6331
46.00,6.6622
46.50,6.7204
47.00,6.8038
47.50,6.8986
48.00,6.9845
48.50,7.0431
49.00,7.0651
49.50,7.0523
50.00,7.0128
50.50,6.9562
51.00,6.8923
51.50,6.8311
52.00,6.7837
52.50,6.7629
53.00,6.7817
53.50,6.8478
54.00,6.9563
54.50,7.0873
55.00,7.2128
55.50,7.3082
56.00,7.3621
56.50,7.3775
57.00,7.3669
57.50,7.3450
58.00,7.3274
58.50,7.3339
59.00,7.3813
59.50,7.4664
60.00,7.5565
60.50,7.6049
61.00,7.5860
61.50,7.5186
62.00,7.4546
62.50,7.4406
63.00,7.4846
63.50,7.5557
64.00,7.6109
64.50,7.6254
65.00,7.6019
65.50,7.5613
66.00,7.5261
66.50,7.5090
67.00,7.5119
67.50,7.5323
68.00,7.5707
68.50,7.6295
69.00,7.7027
69.50,7.7688
70.00,7.7991
70.50,7.7776
71.00,7.7168
71.50,7.6523
72.00,7.6202
72.50,7.6316
73.00,7.6662
73.50,7.6887
74.00,7.6769
74.50,7.6410
75.00,7.6172
75.50,7.6404
76.00,7.7167
76.50,7.8207
77.00,7.9151
77.50,7.9758
78.00,8.0010
78.50,8.0062
79.00,8.0110
79.50,8.0289
80.00,8.0610
80.50,8.0979
81.00,8.1271
81.50,8.1436
82.00,8.1519
82.50,8.1605
83.00,8.1718
83.50,8.1806
84.00,8.1794
84.50,8.1657
85.00,8.1442
85.50,8.1222
86.00,8.1047
86.50,8.0915
87.00,8.0811
87.50,8.0741
88.00,8.0741
88.50,8.0857
89.00,8.1118
89.50,8.1511
90.00,8.1970
90.50,8.2389
91.00,8.2657
91.50,8.2741
92.00,8.2723
92.50,8.2765
93.00,8.2990
93.50,8.3403
94.00,8.3921
94.50,8.4448
95.00,8.4893
95.50,8.5154
96.00,8.5160
96.50,8.4947
97.00,8.4675
97.50,8.4556
98.00,8.4772
98.50,8.5418
99.00,8.6451
99.50,8.7653
100.00,8.8660
100.50,8.9129
101.00,8.8946
101.50,8.8298
102.00,8.7526
102.50,8.6899
103.00,8.6511
103.50,8.6354
104.00,8.6437
104.50,8.6808
105.00,8.7475
105.50,8.8336
106.00,8.9222
106.50,9.0007
107.00,9.0651
107.50,9.1144
108.00,9.1448
108.50,9.1524
109.00,9.1385
109.50,9.1104
110.00,9.0759
110.50,9.0415
111.00,9.0131
111.50,8.9971
112.00,8.9963
112.50,9.0060
113.00,9.0160
113.50,9.0185
114.00,9.0142
114.50,9.0081
115.00,9.0045
115.50,9.0076
116.00,9.0256
116.50,9.0664
117.00,9.1276
117.50,9.1921
118.00,9.2379
118.50,9.2519
119.00,9.2358
119.50,9.2006
120.00,9.1576
120.50,9.1149
121.00,9.0779
121.50,9.0488
122.00,9.0278
122.50,9.0174
123.00,9.0263
123.50,9.0639
124.00,9.1271
124.50,9.1963
125.00,9.2475
125.50,9.2684
126.00,9.2601
126.50,9.2282
127.00,9.1779
127.50,9.1191
128.00,9.0713
128.50,9.0555
129.00,9.0791
129.50,9.1292
130.00,9.1800
130.50,9.2100
131.00,9.2130
131.50,9.1952
132.00,9.1676
132.50,9.1394
133.00,9.1192
133.50,9.1137
134.00,9.1232
134.50,9.1382
135.00,9.1436
135.50,9.1314
136.00,9.1064
136.50,9.0801
137.00,9.0598
137.50,9.0469
138.00,9.0448
138.50,9.0609
139.00,9.0967
139.50,9.1388
140.00,9.1662
140.50,9.1649
141.00,9.1357
141.50,9.0910
142.00,9.0487
142.50,9.0266
143.00,9.0347
143.50,9.0682
144.00,9.1096
144.50,9.1397
145.00,9.1475
145.50,9.1336
146.00,9.1105
146.50,9.0987
147.00,9.1170
147.50,9.1696
148.00,9.2414
148.50,9.3074
149.00,9.3496
149.50,9.3650
150.00,9.3599
150.50,9.3412
151.00,9.3141
151.50,9.2880
152.00,9.2746
152.50,9.2803
153.00,9.3006
153.50,9.3271
154.00,9.3550
154.50,9.3825
155.00,9.4025
155.50,9.4005
156.00,9.3644
156.50,9.2979
157.00,9.2236
157.50,9.1720
158.00,9.1643
158.50,9.2026
159.00,9.2714
159.50,9.3500
160.00,9.4231
160.50,9.4837
161.00,9.5272
161.50,9.5457
162.00,9.5315
162.50,9.4869
163.00,9.4296
163.50,9.3821
164.00,9.3563
164.50,9.3474
165.00,9.3444
165.50,9.3431
166.00,9.3481
166.50,9.3651
167.00,9.3915
167.50,9.4157
168.00,9.4254
168.50,9.4172
169.00,9.3988
169.50,9.3802
170.00,9.3649
170.50,9.3516
171.00,9.3415
171.50,9.3390
172.00,9.3441
172.50,9.3488
173.00,9.3404
173.50,9.3095
174.00,9.2560
174.50,9.1927
175.00,9.1434
175.50,9.1309
176.00,9.1602
176.50,9.2129
177.00,9.2601
177.50,9.2853
178.00,9.2978
178.50,9.3252
179.00,9.3904
179.50,9.4910
180.00,9.5944
180.50,9.6580
181.00,9.6613
181.50,9.6220
182.00,9.5798
182.50,9.5648
183.00,9.5787
183.50,9.6030
184.00,9.6185
184.50,9.6187
185.00,9.6080
185.50,9.5907
186.00,9.5629
186.50,9.5154
187.00,9.4443
187.50,9.3575
188.00,9.2729
188.50,9.2117
189.00,9.1916
189.50,9.2194
190.00,9.2850
190.50,9.3638
191.00,9.4287
191.50,9.4619
192.00,9.4589
192.50,9.4243
193.00,9.3678
193.50,9.3035
194.00,9.2486
194.50,9.2149
195.00,9.1988
195.50,9.1865
196.00,9.1705
196.50,9.1584
197.00,9.1614
197.50,9.1769
198.00,9.1889
198.50,9.1851
199.00,9.1682
199.50,9.1507
200.00,9.1417
200.50,9.1423
201.00,9.1518
201.50,9.1712
202.00,9.2015
202.50,9.2389
203.00,9.2746
203.50,9.2997
204.00,9.3118
204.50,9.3148
205.00,9.3158
205.50,9.3202
206.00,9.3269
206.50,9.3260
207.00,9.3047
207.50,9.2596
208.00,9.2050
208.50,9.1635
209.00,9.1482
209.50,9.1530
210.00,9.1648
210.50,9.1791
211.00,9.2047
211.50,9.2527
212.00,9.3252
212.50,9.4105
213.00,9.4871
213.50,9.5340
214.00,9.5432
214.50,9.5235
215.00,9.4917
215.50,9.4618
216.00,9.4437
216.50,9.4455
217.00,9.4699
217.50,9.5072
218.00,9.5386
218.50,9.5512
219.00,9.5510
219.50,9.5556
220.00,9.5743
220.50,9.5952
221.00,9.5970
221.50,9.5720
222.00,9.5376
222.50,9.5255
223.00,9.5586
223.50,9.6328
224.00,9.7159
224.50,9.7660
225.00,9.7589
225.50,9.7037
226.00,9.6332
226.50,9.5764
227.00,9.5413
227.50,9.5207
228.00,9.5081
228.50,9.5044
229.00,9.5116
229.50,9.5272
230.00,9.5476
230.50,9.5715
231.00,9.5970
231.50,9.6164
232.00,9.6192
232.50,9.6007
233.00,9.5656
233.50,9.5247
234.00,9.4911
234.50,9.4799
235.00,9.5038
235.50,9.5631
236.00,9.6403
236.50,9.7097
237.00,9.7536
237.50,9.7678
238.00,9.7535
238.50,9.7123
239.00,9.6485
239.50,9.5774
240.00,9.5232
240.50,9.5071
241.00,9.5300
241.50,9.5673
242.00,9.5846
242.50,9.5649
243.00,9.5221
243.50,9.4840
244.00,9.4655
244.50,9.4582
245.00,9.4456
245.50,9.4246
246.00,9.4095
246.50,9.4190
247.00,9.4604
247.50,9.5255
248.00,9.5947
248.50,9.6467
249.00,9.6684
249.50,9.6628
250.00,9.6487
250.50,9.6478
251.00,9.6675
251.50,9.6962
252.00,9.7148
252.50,9.7137
253.00,9.6978
253.50,9.6765
254.00,9.6542
254.50,9.6299
255.00,9.6033
255.50,9.5788
256.00,9.5610
256.50,9.5519
257.00,9.5530
257.50,9.5684
258.00,9.6014
258.50,9.6470
259.00,9.6894
259.50,9.7122
260.00,9.7111
260.50,9.6976
261.00,9.6896
261.50,9.6977
262.00,9.7207
262.50,9.7533
263.00,9.7950
263.50,9.8503
264.00,9.9190
264.50,9.9914
265.00,10.0532
265.50,10.0944
266.00,10.1141
266.50,10.1179
267.00,10.1142
267.50,10.1128
268.00,10.1241
268.50,10.1556
269.00,10.2073
269.50,10.2686
270.00,10.3171
270.50,10.3283
271.00,10.2917
271.50,10.2222
272.00,10.1509
272.50,10.1019
273.00,10.0771
273.50,10.0648
274.00,10.0592
274.50,10.0688
275.00,10.1049
275.50,10.1622
276.00,10.2148
276.50,10.2338
277.00,10.2095
277.50,10.1558
278.00,10.0943
278.50,10.0371
279.00,9.9835
279.50,9.9302
280.00,9.8816
280.50,9.8517
281.00,9.8563
281.50,9.8999
282.00,9.9681
282.50,10.0337
283.00,10.0770
283.50,10.1018
284.00,10.1324
284.50,10.1887
285.00,10.2641
285.50,10.3253
286.00,10.3389
286.50,10.2975
287.00,10.2242
287.50,10.1538
288.00,10.1114
288.50,10.1057
289.00,10.1348
289.50,10.1914
290.00,10.2643
290.50,10.3403
291.00,10.4077
291.50,10.4595
292.00,10.4936
292.50,10.5118
293.00,10.5163
293.50,10.5053
294.00,10.4739
294.50,10.4269
295.00,10.3876
295.50,10.3852
296.00,10.4269
296.50,10.4847
297.00,10.5174
297.50,10.5054
298.00,10.4634
298.50,10.4206
299.00,10.3950
299.50,10.3847
300.00,10.3771
300.50,10.3627
301.00,10.3416
301.50,10.3246
302.00,10.3277
302.50,10.3599
303.00,10.4122
303.50,10.4565
304.00,10.4638
304.50,10.4252
305.00,10.3590
305.50,10.2967
306.00,10.2625
306.50,10.2663
307.00,10.3070
307.50,10.3744
308.00,10.4492
308.50,10.5086
309.00,10.5396
309.50,10.5475
310.00,10.5485
310.50,10.5553
311.00,10.5658
311.50,10.5647
312.00,10.5387
312.50,10.4924
313.00,10.4493
313.50,10.4341
314.00,10.4552
314.50,10.5028
315.00,10.5593
315.50,10.6091
316.00,10.6407
316.50,10.6473
317.00,10.6300
317.50,10.5992
318.00,10.5711
318.50,10.5590
319.00,10.5672
319.50,10.5909
320.00,10.6205
320.50,10.6492
321.00,10.6760
321.50,10.7018
322.00,10.7231
322.50,10.7320
323.00,10.7215
323.50,10.6915
324.00,10.6501
324.50,10.6123
325.00,10.5959
325.50,10.6102
326.00,10.6447
326.50,10.6725
327.00,10.6711
327.50,10.6411
328.00,10.6042
328.50,10.5831
329.00,10.5834
329.50,10.5930
330.00,10.5960
330.50,10.5853
331.00,10.5634
331.50,10.5350
332.00,10.5036
332.50,10.4742
333.00,10.4583
333.50,10.4716
334.00,10.5250
334.50,10.6161
335.00,10.7302
335.50,10.8490
336.00,10.9587
336.50,11.0495
337.00,11.1136
337.50,11.1439
338.00,11.1366
338.50,11.0951
339.00,11.0335
339.50,10.9732
340.00,10.9312
340.50,10.9076
341.00,10.8857
341.50,10.8464
342.00,10.7846
342.50,10.7104
343.00,10.6357
343.50,10.5636
344.00,10.4957
344.50,10.4431
345.00,10.4258
345.50,10.4549
346.00,10.5192
346.50,10.5870
347.00,10.6236
347.50,10.6087
348.00,10.5445
348.50,10.4538
349.00,10.3704
349.50,10.3253
350.00,10.3311
350.50,10.3731
351.00,10.4187
351.50,10.4417
352.00,10.4434
352.50,10.4463
353.00,10.4696
353.50,10.5120
354.00,10.5566
354.50,10.5856
355.00,10.5871
355.50,10.5553
356.00,10.4920
356.50,10.4099
357.00,10.3309
357.50,10.2781
358.00,10.2658
358.50,10.2944
359.00,10.3508
359.50,10.4166
360.00,10.4785
360.50,10.5300
361.00,10.5646
361.50,10.5740
362.00,10.5570
362.50,10.5290
363.00,10.5142
363.50,10.5254
364.00,10.5555
364.50,10.5870
365.00,10.6062
365.50,10.6073
366.00,10.5907
366.50,10.5642
367.00,10.5435
367.50,10.5439
368.00,10.5683
368.50,10.6031
369.00,10.6263
369.50,10.6221
370.00,10.5960
370.50,10.5752
371.00,10.5894
371.50,10.6435
372.00,10.7069
372.50,10.7327
373.00,10.6899
373.50,10.5845
374.00,10.4543
374.50,10.3486
375.00,10.3030
375.50,10.3217
376.00,10.3767
376.50,10.4259
377.00,10.4388
377.50,10.4128
378.00,10.3695
378.50,10.3384
379.00,10.3422
379.50,10.3896
380.00,10.4739
380.50,10.5731
381.00,10.6572
381.50,10.7018
382.00,10.7041
382.50,10.6847
383.00,10.6724
383.50,10.6830
384.00,10.7120
384.50,10.7407
385.00,10.7485
385.50,10.7223
386.00,10.6634
386.50,10.5890
387.00,10.5236
387.50,10.4835
388.00,10.4709
388.50,10.4814
389.00,10.5127
389.50,10.5593
390.00,10.6021
390.50,10.6125
391.00,10.5743
391.50,10.4985
392.00,10.4163
392.50,10.3554
393.00,10.3235
393.50,10.3120
394.00,10.3114
394.50,10.3216
395.00,10.3475
395.50,10.3879
396.00,10.4307
396.50,10.4606
397.00,10.4707
397.50,10.4679
398.00,10.4687
398.50,10.4879
399.00,10.5278
399.50,10.5751
400.00,10.6087
400.50,10.6148
401.00,10.5962
401.50,10.5674
402.00,10.5431
402.50,10.5300
403.00,10.5285
403.50,10.5362
404.00,10.5490
404.50,10.5599
405.00,10.5603
405.50,10.5419
406.00,10.5006
406.50,10.4412
407.00,10.3785
407.50,10.3294
408.00,10.3031
408.50,10.2973
409.00,10.3024
409.50,10.3105
410.00,10.3189
410.50,10.3300
411.00,10.3479
411.50,10.3731
412.00,10.4011
412.50,10.4251
413.00,10.4426
413.50,10.4583
414.00,10.4788
414.50,10.5048
415.00,10.5310
415.50,10.5533
416.00,10.5743
416.50,10.5961
417.00,10.6136
417.50,10.6165
418.00,10.6009
418.50,10.5728
419.00,10.5439
419.50,10.5264
420.00,10.5331
420.50,10.5722
421.00,10.6383
421.50,10.7084
422.00,10.7513
422.50,10.7423
423.00,10.6726
423.50,10.5504
424.00,10.3987
424.50,10.2496
425.00,10.1335
425.50,10.0654
426.00,10.0404
426.50,10.0398
427.00,10.0415
427.50,10.0301
428.00,10.0032
428.50,9.9735
429.00,9.9651
429.50,9.9998
430.00,10.0815
430.50,10.1878
431.00,10.2798
431.50,10.3235
432.00,10.3107
432.50,10.2621
433.00,10.2106
433.50,10.1765
434.00,10.1568
434.50,10.1372
435.00,10.1150
435.50,10.1086
436.00,10.1411
436.50,10.2143
437.00,10.2978
437.50,10.3472
438.00,10.3364
438.50,10.2752
439.00,10.1979
439.50,10.1356
440.00,10.0994
440.50,10.0849
441.00,10.0865
441.50,10.1038
442.00,10.1360
442.50,10.1739
443.00,10.2036
443.50,10.2202
444.00,10.2345
444.50,10.2626
445.00,10.3077
445.50,10.3546
446.00,10.3813
446.50,10.3774
447.00,10.3525
447.50,10.3263
448.00,10.3127
448.50,10.3115
449.00,10.3152
449.50,10.3183
450.00,10.3190
450.50,10.3145
451.00,10.3005
451.50,10.2784
452.00,10.2600
452.50,10.2588
453.00,10.2770
453.50,10.3020
454.00,10.3178
454.50,10.3186
455.00,10.3092
455.50,10.2977
456.00,10.2916
456.50,10.3013
457.00,10.3358
457.50,10.3906
458.00,10.4430
458.50,10.4684
459.00,10.4594
459.50,10.4284
460.00,10.3923
460.50,10.3598
461.00,10.3311
461.50,10.3059
462.00,10.2870
462.50,10.2777
463.00,10.2755
463.50,10.2698
464.00,10.2499
464.50,10.2165
465.00,10.1841
465.50,10.1681
466.00,10.1696
466.50,10.1727
467.00,10.1580
467.50,10.1219
468.00,10.0858
468.50,10.0836
469.00,10.1336
469.50,10.2194
470.00,10.2986
470.50,10.3334
471.00,10.3143
471.50,10.2564
472.00,10.1817
472.50,10.1071
473.00,10.0455
473.50,10.0089
474.00,10.0041
474.50,10.0288
475.00,10.0747
475.50,10.1349
476.00,10.2073
476.50,10.2883
477.00,10.3661
477.50,10.4235
478.00,10.4474
478.50,10.4374
479.00,10.4050
479.50,10.3648
480.00,10.3274
480.50,10.2961
481.00,10.2678
481.50,10.2376
482.00,10.2035
482.50,10.1710
483.00,10.1486
483.50,10.1406
484.00,10.1446
484.50,10.1563
485.00,10.1726
485.50,10.1890
486.00,10.1943
486.50,10.1734
487.00,10.1194
487.50,10.0416
488.00,9.9606
488.50,9.8938
489.00,9.8465
489.50,9.8165
490.00,9.8038
490.50,9.8120
491.00,9.8437
491.50,9.8963
492.00,9.9610
492.50,10.0220
493.00,10.0602
493.50,10.0611
494.00,10.0266
494.50,9.9777
495.00,9.9429
495.50,9.9410
496.00,9.9699
496.50,10.0111
497.00,10.0428
497.50,10.0502
498.00,10.0299
498.50,9.9925
499.00,9.9608
499.50,9.9586
500.00,9.9946
500.50,10.0561
501.00,10.1178
501.50,10.1564
502.00,10.1592
502.50,10.1269
503.00,10.0730
503.50,10.0187
504.00,9.9846
504.50,9.9822
505.00,10.0126
505.50,10.0668
506.00,10.1271
506.50,10.1700
507.00,10.1775
507.50,10.1497
508.00,10.1044
508.50,10.0616
509.00,10.0269
509.50,9.9928
510.00,9.9528
510.50,9.9115
511.00,9.8819
511.50,9.8759
512.00,9.8997
512.50,9.9516
513.00,10.0195
513.50,10.0794
514.00,10.1025
514.50,10.0713
515.00,9.9943
515.50,9.9037
516.00,9.8378
516.50,9.8207
517.00,9.8545
517.50,9.9246
518.00,10.0083
518.50,10.0802
519.00,10.1180
519.50,10.1096
520.00,10.0591
520.50,9.9831
521.00,9.9040
521.50,9.8456
522.00,9.8295
522.50,9.8655
523.00,9.9412
523.50,10.0255
524.00,10.0908
524.50,10.1302
525.00,10.1530
525.50,10.1646
526.00,10.1565
526.50,10.1190
527.00,10.0582
527.50,9.9961
528.00,9.9531
528.50,9.9328
529.00,9.9237
529.50,9.9115
530.00,9.8903
530.50,9.8652
531.00,9.8478
531.50,9.8477
532.00,9.8663
532.50,9.8937
533.00,9.9118
533.50,9.9038
534.00,9.8657
534.50,9.8109
535.00,9.7616
535.50,9.7358
536.00,9.7379
536.50,9.7603
537.00,9.7907
537.50,9.8205
538.00,9.8467
538.50,9.8687
539.00,9.8846
539.50,9.8905
540.00,9.8824
540.50,9.8581
541.00,9.8194
541.50,9.7757
542.00,9.7439
542.50,9.7415
543.00,9.7756
543.50,9.8359
544.00,9.8973
544.50,9.9321
545.00,9.9238
545.50,9.8783
546.00,9.8218
546.50,9.7862
547.00,9.7887
547.50,9.8238
548.00,9.8705
548.50,9.9089
549.00,9.9303
549.50,9.9371
550.00,9.9345
550.50,9.9233
551.00,9.8991
551.50,9.8601
552.00,9.8136
552.50,9.7739
553.00,9.7525
553.50,9.7495
554.00,9.7540
554.50,9.7527
555.00,9.7383
555.50,9.7110
556.00,9.6736
556.50,9.6300
557.00,9.5889
557.50,9.5676
558.00,9.5824
558.50,9.6340
559.00,9.7029
559.50,9.7605
560.00,9.7860
560.50,9.7730
561.00,9.7282
561.50,9.6656
562.00,9.6018
562.50,9.5510
563.00,9.5226
563.50,9.5229
564.00,9.5538
564.50,9.6091
565.00,9.6736
565.50,9.7305
566.00,9.7711
566.50,9.7943
567.00,9.7975
567.50,9.7751
568.00,9.7274
568.50,9.6684
569.00,9.6166
569.50,9.5788
570.00,9.5446
570.50,9.5015
571.00,9.4514
571.50,9.4123
572.00,9.4023
572.50,9.4258
573.00,9.4706
573.50,9.5147
574.00,9.5349
574.50,9.5171
575.00,9.4645
575.50,9.3982
576.00,9.3439
576.50,9.3168
577.00,9.3152
577.50,9.3257
578.00,9.3338
578.50,9.3309
579.00,9.3173
579.50,9.2997
580.00,9.2855
580.50,9.2772
581.00,9.2719
581.50,9.2673
582.00,9.2642
582.50,9.2645
583.00,9.2668
583.50,9.2687
584.00,9.2705
584.50,9.2777
585.00,9.2986
585.50,9.3384
586.00,9.3938
586.50,9.4529
587.00,9.5023
587.50,9.5320
588.00,9.5371
588.50,9.5172
589.00,9.4785
589.50,9.4352
590.00,9.4048
590.50,9.3975
591.00,9.4111
591.50,9.4332
592.00,9.4487
592.50,9.4466
593.00,9.4245
593.50,9.3892
594.00,9.3532
594.50,9.3291
595.00,9.3241
595.50,9.3389
596.00,9.3705
596.50,9.4144
597.00,9.4654
597.50,9.5172
598.00,9.5622
598.50,9.5906
599.00,9.5916
599.50,9.5607
600.00,9.5094
600.50,9.4648
601.00,9.4524
601.50,9.4772
602.00,9.5213
602.50,9.5590
603.00,9.5755
603.50,9.5721
604.00,9.5569
604.50,9.5318
605.00,9.4924
605.50,9.4354
606.00,9.3657
606.50,9.2954
607.00,9.2374
607.50,9.2010
608.00,9.1879
608.50,9.1897
609.00,9.1895
609.50,9.1696
610.00,9.1243
610.50,9.0673
611.00,9.0254
611.50,9.0205
612.00,9.0537
612.50,9.1045
613.00,9.1453
613.50,9.1608
614.00,9.1580
614.50,9.1596
615.00,9.1851
615.50,9.2354
616.00,9.2944
616.50,9.3439
617.00,9.3774
617.50,9.3982
618.00,9.4079
618.50,9.4025
619.00,9.3815
619.50,9.3576
620.00,9.3508
620.50,9.3701
621.00,9.4034
621.50,9.4251
622.00,9.4179
622.50,9.3874
623.00,9.3582
623.50,9.3525
624.00,9.3713
624.50,9.3936
625.00,9.3965
625.50,9.3736
626.00,9.3383
626.50,9.3123
627.00,9.3124
627.50,9.3444
628.00,9.4007
628.50,9.4617
629.00,9.5038
629.50,9.5132
630.00,9.4965
630.50,9.4778
631.00,9.4832
631.50,9.5229
632.00,9.5845
632.50,9.6414
633.00,9.6710
633.50,9.6717
634.00,9.6626
634.50,9.6678
635.00,9.7002
635.50,9.7549
636.00,9.8147
636.50,9.8602
637.00,9.8822
637.50,9.8891
638.00,9.9026
638.50,9.9402
639.00,9.9981
639.50,10.0505
640.00,10.0687
640.50,10.0451
641.00,9.9996
641.50,9.9651
642.00,9.9608
642.50,9.9789
643.00,9.9922
643.50,9.9783
644.00,9.9376
644.50,9.8920
645.00,9.8670
645.50,9.8745
646.00,9.9070
646.50,9.9442
647.00,9.9644
647.50,9.9554
648.00,9.9219
648.50,9.8834
649.00,9.8624
649.50,9.8702
650.00,9.9001
650.50,9.9343
651.00,9.9571
651.50,9.9644
652.00,9.9602
652.50,9.9486
653.00,9.9291
653.50,9.8997
654.00,9.8612
654.50,9.8203
655.00,9.7900
655.50,9.7881
656.00,9.8287
656.50,9.9105
657.00,10.0120
657.50,10.1007
658.00,10.1510
658.50,10.1558
659.00,10.1253
659.50,10.0775
660.00,10.0296
660.50,9.9919
661.00,9.9672
661.50,9.9528
662.00,9.9449
662.50,9.9401
663.00,9.9372
663.50,9.9414
664.00,9.9619
664.50,10.0015
665.00,10.0455
665.50,10.0676
666.00,10.0513
666.50,10.0044
667.00,9.9532
667.50,9.9226
668.00,9.9223
668.50,9.9459
669.00,9.9800
669.50,10.0097
670.00,10.0225
670.50,10.0139
671.00,9.9939
671.50,9.9812
672.00,9.9866
672.50,10.0042
673.00,10.0219
673.50,10.0373
674.00,10.0588
674.50,10.0905
675.00,10.1250
675.50,10.1501
676.00,10.1635
676.50,10.1739
677.00,10.1895
677.50,10.2078
678.00,10.2169
678.50,10.2076
679.00,10.1823
679.50,10.1532
680.00,10.1344
680.50,10.1347
681.00,10.1557
681.50,10.1927
682.00,10.2372
682.50,10.2803
683.00,10.3159
683.50,10.3388
684.00,10.3437
684.50,10.3238
685.00,10.2753
685.50,10.2021
686.00,10.1166
686.50,10.0312
687.00,9.9485
687.50,9.8633
688.00,9.7765
688.50,9.7042
689.00,9.6651
689.50,9.6599
690.00,9.6696
690.50,9.6776
691.00,9.6892
691.50,9.7245
692.00,9.7936
692.50,9.8822
693.00,9.9599
693.50,10.0007
694.00,9.9970
694.50,9.9615
695.00,9.9181
695.50,9.8879
696.00,9.8780
696.50,9.8806
697.00,9.8823
697.50,9.8746
698.00,9.8570
698.50,9.8338
699.00,9.8100
699.50,9.7922
700.00,9.7887
700.50,9.8052
701.00,9.8361
701.50,9.8626
702.00,9.8659
702.50,9.8429
703.00,9.8104
703.50,9.7937
704.00,9.8141
704.50,9.8811
705.00,9.9864
705.50,10.1013
706.00,10.1854
706.50,10.2094
707.00,10.1749
707.50,10.1139
708.00,10.0658
708.50,10.0522
709.00,10.0672
709.50,10.0882
710.00,10.0960
710.50,10.0860
711.00,10.0650
711.50,10.0426
712.00,10.0255
712.50,10.0168
713.00,10.0170
713.50,10.0225
714.00,10.0266
714.50,10.0232
715.00,10.0109
715.50,9.9955
716.00,9.9857
716.50,9.9854
717.00,9.9895
717.50,9.9868
718.00,9.9695
718.50,9.9397
719.00,9.9108
719.50,9.9003
720.00,9.9162
720.50,9.9508
721.00,9.9845
721.50,10.0019
722.00,10.0022
722.50,9.9966
723.00,9.9975
723.50,10.0083
724.00,10.0188
724.50,10.0110
725.00,9.9700
725.50,9.8941
726.00,9.7962
726.50,9.6987
727.00,9.6261
727.50,9.5997
728.00,9.6304
728.50,9.7109
729.00,9.8131
729.50,9.8979
730.00,9.9335
730.50,9.9099
731.00,9.8399
731.50,9.7480
732.00,9.6578
732.50,9.5868
733.00,9.5462
733.50,9.5387
734.00,9.5561
734.50,9.5848
735.00,9.6142
735.50,9.6403
736.00,9.6609
736.50,9.6715
737.00,9.6678
737.50,9.6515
738.00,9.6313
738.50,9.6177
739.00,9.6166
739.50,9.6280
740.00,9.6465
740.50,9.6629
741.00,9.6651
741.50,9.6423
742.00,9.5910
742.50,9.5166
743.00,9.4320
743.50,9.3519
744.00,9.2890
744.50,9.2520
745.00,9.2446
745.50,9.2654
746.00,9.3064
746.50,9.3532
747.00,9.3898
747.50,9.4060
748.00,9.4020
748.50,9.3849
749.00,9.3621
749.50,9.3365
750.00,9.3097
750.50,9.2840
751.00,9.2608
751.50,9.2349
752.00,9.1964
752.50,9.1431
753.00,9.0907
753.50,9.0661
754.00,9.0853
754.50,9.1370
755.00,9.1893
755.50,9.2145
756.00,9.2097
756.50,9.1937
757.00,9.1865
757.50,9.1909
758.00,9.1931
758.50,9.1785
759.00,9.1452
759.50,9.1030
760.00,9.0602
760.50,9.0154
761.00,8.9639
761.50,8.9105
762.00,8.8726
762.50,8.8698
763.00,8.9066
763.50,8.9643
764.00,9.0113
764.50,9.0235
765.00,8.9993
765.50,8.9565
766.00,8.9166
766.50,8.8911
767.00,8.8790
767.50,8.8746
768.00,8.8745
768.50,8.8783
769.00,8.8849
769.50,8.8932
770.00,8.9054
770.50,8.9300
771.00,8.9758
771.50,9.0426
772.00,9.1148
772.50,9.1688
773.00,9.1887
773.50,9.1771
774.00,9.1512
774.50,9.1300
775.00,9.1256
775.50,9.1409
776.00,9.1686
776.50,9.1920
777.00,9.1941
777.50,9.1690
778.00,9.1275
778.50,9.0920
779.00,9.0824
779.50,9.1044
780.00,9.1449
780.50,9.1790
781.00,9.1870
781.50,9.1679
782.00,9.1378
782.50,9.1140
783.00,9.0991
783.50,9.0825
784.00,9.0543
784.50,9.0135
785.00,8.9647
785.50,8.9107
786.00,8.8520
786.50,8.7921
787.00,8.7399
787.50,8.7061
788.00,8.6951
788.50,8.7007
789.00,8.7104
789.50,8.7173
790.00,8.7300
790.50,8.7679
791.00,8.8396
791.50,8.9264
792.00,8.9883
792.50,8.9913
793.00,8.9337
793.50,8.8500
794.00,8.7865
794.50,8.7683
795.00,8.7824
795.50,8.7892
796.00,8.7522
796.50,8.6643
797.00,8.5516
797.50,8.4570
798.00,8.4155
798.50,8.4380
799.00,8.5105
799.50,8.6032
800.00,8.6802
800.50,8.7094
801.00,8.6757
801.50,8.5927
802.00,8.5008
802.50,8.4452
803.00,8.4483
803.50,8.4990
804.00,8.5639
804.50,8.6093
805.00,8.6126
805.50,8.5661
806.00,8.4779
806.50,8.3718
807.00,8.2780
807.50,8.2187
808.00,8.1995
808.50,8.2122
809.00,8.2430
809.50,8.2785
810.00,8.3084
810.50,8.3264
811.00,8.3308
811.50,8.3243
812.00,8.3116
812.50,8.2980
813.00,8.2862
813.50,8.2752
814.00,8.2600
814.50,8.2367
815.00,8.2110
815.50,8.1982
816.00,8.2103
816.50,8.2404
817.00,8.2629
817.50,8.2536
818.00,8.2107
818.50,8.1563
819.00,8.1192
819.50,8.1152
820.00,8.1394
820.50,8.1727
821.00,8.1971
821.50,8.2063
822.00,8.2049
822.50,8.1991
823.00,8.1888
823.50,8.1683
824.00,8.1342
824.50,8.0910
825.00,8.0534
825.50,8.0396
826.00,8.0600
826.50,8.1070
827.00,8.1544
827.50,8.1724
828.00,8.1472
828.50,8.0899
829.00,8.0267
829.50,7.9830
830.00,7.9723
830.50,7.9957
831.00,8.0456
831.50,8.1089
832.00,8.1695
832.50,8.2118
833.00,8.2251
833.50,8.2050
834.00,8.1537
834.50,8.0794
835.00,7.9958
835.50,7.9166
836.00,7.8482
836.50,7.7894
837.00,7.7398
837.50,7.7073
838.00,7.7076
838.50,7.7551
839.00,7.8528
839.50,7.9851
840.00,8.1192
840.50,8.2164
841.00,8.2464
841.50,8.2014
842.00,8.0996
842.50,7.9789
843.00,7.8788
843.50,7.8217
844.00,7.8066
844.50,7.8164
845.00,7.8318
845.50,7.8404
846.00,7.8397
846.50,7.8334
847.00,7.8236
847.50,7.8060
848.00,7.7749
848.50,7.7331
849.00,7.6970
849.50,7.6866
850.00,7.7119
850.50,7.7663
851.00,7.8327
851.50,7.8955
852.00,7.9482
852.50,7.9917
853.00,8.0267
853.50,8.0465
854.00,8.0387
854.50,7.9950
855.00,7.9240
855.50,7.8515
856.00,7.8077
856.50,7.8086
857.00,7.8471
857.50,7.9022
858.00,7.9578
858.50,8.0140
859.00,8.0786
859.50,8.1483
860.00,8.2047
860.50,8.2336
861.00,8.2439
861.50,8.2585
862.00,8.2853
862.50,8.3061
863.00,8.2978
863.50,8.2604
864.00,8.2171
864.50,8.1915
865.00,8.1908
865.50,8.2073
866.00,8.2282
866.50,8.2398
867.00,8.2316
867.50,8.2033
868.00,8.1662
868.50,8.1324
869.00,8.1045
869.50,8.0781
870.00,8.0541
870.50,8.0419
871.00,8.0474
871.50,8.0625
872.00,8.0700
872.50,8.0614
873.00,8.0465
873.50,8.0452
874.00,8.0677
874.50,8.1018
875.00,8.1216
875.50,8.1097
876.00,8.0714
876.50,8.0279
877.00,7.9973
877.50,7.9853
878.00,7.9885
878.50,8.0029
879.00,8.0225
879.50,8.0366
880.00,8.0313
880.50,8.0007
881.00,7.9555
881.50,7.9172
882.00,7.9036
882.50,7.9160
883.00,7.9401
883.50,7.9558
884.00,7.9485
884.50,7.9165
885.00,7.8712
885.50,7.8328
886.00,7.8203
886.50,7.8400
887.00,7.8793
887.50,7.9103
888.00,7.9058
888.50,7.8546
889.00,7.7699
889.50,7.6831
890.00,7.6267
890.50,7.6152
891.00,7.6356
891.50,7.6562
892.00,7.6505
892.50,7.6188
893.00,7.5868
893.50,7.5808
894.00,7.6009
894.50,7.6214
895.00,7.6156
895.50,7.5791
896.00,7.5281
896.50,7.4798
897.00,7.4392
897.50,7.4035
898.00,7.3719
898.50,7.3461
899.00,7.3248
899.50,7.3046
900.00,7.2877
900.50,7.2853
901.00,7.3081
901.50,7.3564
902.00,7.4179
902.50,7.4778
903.00,7.5273
903.50,7.5658
904.00,7.5947
904.50,7.6109
905.00,7.6079
905.50,7.5827
906.00,7.5418
906.50,7.4981
907.00,7.4622
907.50,7.4375
908.00,7.4192
908.50,7.3966
909.00,7.3585
909.50,7.3036
910.00,7.2475
910.50,7.2158
911.00,7.2246
911.50,7.2662
912.00,7.3138
912.50,7.3407
913.00,7.3381
913.50,7.3164
914.00,7.2923
914.50,7.2739
915.00,7.2575
915.50,7.2389
916.00,7.2235
916.50,7.2218
917.00,7.2329
917.50,7.2391
918.00,7.2239
918.50,7.1941
919.00,7.1792
919.50,7.2033
920.00,7.2613
920.50,7.3237
921.00,7.3625
921.50,7.3688
922.00,7.3475
922.50,7.3035
923.00,7.2396
923.50,7.1630
924.00,7.0876
924.50,7.0261
925.00,6.9819
925.50,6.9524
926.00,6.9350
926.50,6.9276
927.00,6.9268
927.50,6.9300
928.00,6.9419
928.50,6.9738
929.00,7.0328
929.50,7.1132
930.00,7.1978
930.50,7.2653
931.00,7.2995
931.50,7.2942
932.00,7.2544
932.50,7.1944
933.00,7.1316
933.50,7.0817
934.00,7.0541
934.50,7.0520
935.00,7.0721
935.50,7.1057
936.00,7.1377
936.50,7.1515
937.00,7.1392
937.50,7.1099
938.00,7.0868
938.50,7.0892
939.00,7.1153
939.50,7.1409
940.00,7.1403
940.50,7.1102
941.00,7.0745
941.50,7.0642
942.00,7.0907
942.50,7.1390
943.00,7.1832
943.50,7.2068
944.00,7.2061
944.50,7.1818
945.00,7.1348
945.50,7.0703
946.00,7.0023
946.50,6.9481
947.00,6.9218
947.50,6.9301
948.00,6.9721
948.50,7.0353
949.00,7.0954
949.50,7.1271
950.00,7.1228
950.50,7.1010
951.00,7.0927
951.50,7.1146
952.00,7.1548
952.50,7.1845
953.00,7.1837
953.50,7.1596
954.00,7.1393
954.50,7.1470
955.00,7.1855
955.50,7.2377
956.00,7.2822
956.50,7.3079
957.00,7.3158
957.50,7.3113
958.00,7.2979
958.50,7.2778
959.00,7.2597
959.50,7.2599
960.00,7.2919
960.50,7.3537
961.00,7.4288
961.50,7.5006
962.00,7.5647
962.50,7.6270
963.00,7.6912
963.50,7.7519
964.00,7.7972
964.50,7.8181
965.00,7.8146
965.50,7.7952
966.00,7.7723
966.50,7.7594
967.00,7.7682
967.50,7.8025
968.00,7.8539
968.50,7.9051
969.00,7.9413
969.50,7.9564
970.00,7.9511
970.50,7.9284
971.00,7.8960
971.50,7.8709
972.00,7.8750
972.50,7.9198
973.00,7.9943
973.50,8.0725
974.00,8.1318
974.50,8.1640
975.00,8.1726
975.50,8.1651
976.00,8.1511
976.50,8.1427
977.00,8.1516
977.50,8.1840
978.00,8.2379
978.50,8.3049
979.00,8.3740
979.50,8.4346
980.00,8.4771
980.50,8.4926
981.00,8.4763
981.50,8.4346
982.00,8.3864
982.50,8.3538
983.00,8.3467
983.50,8.3586
984.00,8.3755
984.50,8.3879
985.00,8.3955
985.50,8.4020
986.00,8.4094
986.50,8.4193
987.00,8.4374
987.50,8.4740
988.00,8.5370
988.50,8.6230
989.00,8.7134
989.50,8.7804
990.00,8.8003
990.50,8.7693
991.00,8.7065
991.50,8.6440
992.00,8.6124
992.50,8.6318
993.00,8.7063
993.50,8.8177
994.00,8.9283
994.50,8.9974
995.00,9.0068
995.50,8.9712
996.00,8.9277
996.50,8.9112
997.00,8.9352
997.50,8.9877
998.00,9.0446
998.50,9.0881
999.00,9.1156
999.50,9.1376
1000.00,9.1678
1000.50,9.2157
1001.00,9.2805
1001.50,9.3512
1002.00,9.4137
1002.50,9.4625
1003.00,9.5044
1003.50,9.5481
1004.00,9.5889
1004.50,9.6080
1005.00,9.5891
1005.50,9.5381
1006.00,9.4818
1006.50,9.4480
1007.00,9.4454
1007.50,9.4618
1008.00,9.4797
1008.50,9.4896
1009.00,9.4909
1009.50,9.4848
1010.00,9.4726
1010.50,9.4592
1011.00,9.4559
1011.50,9.4743
1012.00,9.5171
1012.50,9.5729
1013.00,9.6213
1013.50,9.6443
1014.00,9.6391
1014.50,9.6185
1015.00,9.5967
1015.50,9.5742
1016.00,9.5388
1016.50,9.4812
1017.00,9.4078
1017.50,9.3355
1018.00,9.2769
1018.50,9.2332
1019.00,9.1993
1019.50,9.1731
1020.00,9.1595
1020.50,9.1654
1021.00,9.1916
1021.50,9.2303
1022.00,9.2699
1022.50,9.3028
1023.00,9.3268
1023.50,9.3425
1024.00,9.3507
1024.50,9.3521
1025.00,9.3477
1025.50,9.3380
1026.00,9.3253
1026.50,9.3168
1027.00,9.3210
1027.50,9.3395
1028.00,9.3640
1028.50,9.3810
1029.00,9.3825
1029.50,9.3725
1030.00,9.3659
1030.50,9.3809
1031.00,9.4256
1031.50,9.4892
1032.00,9.5459
1032.50,9.5701
1033.00,9.5536
1033.50,9.5117
1034.00,9.4731
1034.50,9.4603
1035.00,9.4756
1035.50,9.5018
1036.00,9.5156
1036.50,9.5019
1037.00,9.4586
1037.50,9.3935
1038.00,9.3179
1038.50,9.2447
1039.00,9.1872
1039.50,9.1552
1040.00,9.1488
1040.50,9.1572
1041.00,9.1683
1041.50,9.1804
1042.00,9.2018
1042.50,9.2371
1043.00,9.2773
1043.50,9.3060
1044.00,9.3167
1044.50,9.3183
1045.00,9.3242
1045.50,9.3393
1046.00,9.3586
1046.50,9.3745
1047.00,9.3786
1047.50,9.3628
1048.00,9.3234
1048.50,9.2674
1049.00,9.2098
1049.50,9.1634
1050.00,9.1340
1050.50,9.1210
1051.00,9.1200
1051.50,9.1217
1052.00,9.1139
1052.50,9.0880
1053.00,9.0453
1053.50,8.9946
1054.00,8.9452
1054.50,8.9016
1055.00,8.8642
1055.50,8.8307
1056.00,8.7985
1056.50,8.7666
1057.00,8.7352
1057.50,8.7044
1058.00,8.6733
1058.50,8.6448
1059.00,8.6277
1059.50,8.6307
1060.00,8.6513
1060.50,8.6734
1061.00,8.6812
1061.50,8.6768
1062.00,8.6804
1062.50,8.7105
1063.00,8.7633
1063.50,8.8147
1064.00,8.8421
1064.50,8.8443
1065.00,8.8385
1065.50,8.8428
1066.00,8.8618
1066.50,8.8878
1067.00,8.9083
1067.50,8.9114
1068.00,8.8871
1068.50,8.8299
1069.00,8.7452
1069.50,8.6522
1070.00,8.5726
1070.50,8.5154
1071.00,8.4713
1071.50,8.4264
1072.00,8.3795
1072.50,8.3437
1073.00,8.3321
1073.50,8.3453
1074.00,8.3732
1074.50,8.4066
1075.00,8.4430
1075.50,8.4840
1076.00,8.5265
1076.50,8.5562
1077.00,8.5521
1077.50,8.4982
1078.00,8.3976
1078.50,8.2738
1079.00,8.1603
1079.50,8.0846
1080.00,8.0588
1080.50,8.0774
1081.00,8.1228
1081.50,8.1729
1082.00,8.2096
1082.50,8.2207
1083.00,8.1998
1083.50,8.1486
1084.00,8.0822
1084.50,8.0255
1085.00,7.9996
1085.50,8.0091
1086.00,8.0404
1086.50,8.0712
1087.00,8.0826
1087.50,8.0664
1088.00,8.0278
1088.50,7.9809
1089.00,7.9409
1089.50,7.9175
1090.00,7.9134
1090.50,7.9270
1091.00,7.9560
1091.50,7.9993
1092.00,8.0508
1092.50,8.0942
1093.00,8.1075
1093.50,8.0784
1094.00,8.0145
1094.50,7.9378
1095.00,7.8676
1095.50,7.8103
1096.00,7.7609
1096.50,7.7141
1097.00,7.6703
1097.50,7.6335
1098.00,7.6047
1098.50,7.5790
1099.00,7.5508
1099.50,7.5195
1100.00,7.4894
1100.50,7.4633
1101.00,7.4429
1101.50,7.4348
1102.00,7.4543
1102.50,7.5138
1103.00,7.6079
1103.50,7.7095
1104.00,7.7842
1104.50,7.8100
1105.00,7.7871
1105.50,7.7331
1106.00,7.6715
1106.50,7.6218
1107.00,7.5960
1107.50,7.5978
1108.00,7.6233
1108.50,7.6608
1109.00,7.6940
1109.50,7.7057
1110.00,7.6856
1110.50,7.6372
1111.00,7.5790
1111.50,7.5348
1112.00,7.5215
1112.50,7.5430
1113.00,7.5938
1113.50,7.6642
1114.00,7.7420
1114.50,7.8117
1115.00,7.8565
1115.50,7.8631
1116.00,7.8283
1116.50,7.7642
1117.00,7.6973
1117.50,7.6593
1118.00,7.6704
1118.50,7.7269
1119.00,7.8029
1119.50,7.8663
1120.00,7.9010
1120.50,7.9154
1121.00,7.9326
1121.50,7.9698
1122.00,8.0239
1122.50,8.0738
1123.00,8.0945
1123.50,8.0717
1124.00,8.0122
1124.50,7.9420
1125.00,7.8923
1125.50,7.8807
1126.00,7.8999
1126.50,7.9271
1127.00,7.9452
1127.50,7.9545
1128.00,7.9650
1128.50,7.9799
1129.00,7.9915
1129.50,7.9916
1130.00,7.9846
1130.50,7.9885
1131.00,8.0221
1131.50,8.0876
1132.00,8.1626
1132.50,8.2131
1133.00,8.2167
1133.50,8.1775
1134.00,8.1176
1134.50,8.0553
1135.00,7.9930
1135.50,7.9270
1136.00,7.8639
1136.50,7.8222
1137.00,7.8155
1137.50,7.8399
1138.00,7.8795
1138.50,7.9195
1139.00,7.9512
1139.50,7.9697
1140.00,7.9702
1140.50,7.9517
1141.00,7.9229
1141.50,7.9050
1142.00,7.9209
1142.50,7.9772
1143.00,8.0551
1143.50,8.1235
1144.00,8.1644
1144.50,8.1862
1145.00,8.2107
1145.50,8.2466
1146.00,8.2788
1146.50,8.2823
1147.00,8.2492
1147.50,8.1999
1148.00,8.1664
1148.50,8.1644
1149.00,8.1809
1149.50,8.1904
1150.00,8.1810
1150.50,8.1623
1151.00,8.1539
1151.50,8.1695
1152.00,8.2137
1152.50,8.2869
1153.00,8.3890
1153.50,8.5137
1154.00,8.6393
1154.50,8.7303
1155.00,8.7575
1155.50,8.7193
1156.00,8.6423
1156.50,8.5597
1157.00,8.4905
1157.50,8.4360
1158.00,8.3923
1158.50,8.3605
1159.00,8.3490
1159.50,8.3656
1160.00,8.4097
1160.50,8.4674
1161.00,8.5164
1161.50,8.5391
1162.00,8.5347
1162.50,8.5189
1163.00,8.5102
1163.50,8.5149
1164.00,8.5272
1164.50,8.5417
1165.00,8.5599
1165.50,8.5810
1166.00,8.5925
1166.50,8.5744
1167.00,8.5190
1167.50,8.4429
1168.00,8.3771
1168.50,8.3451
1169.00,8.3487
1169.50,8.3747
1170.00,8.4137
1170.50,8.4692
1171.00,8.5505
1171.50,8.6546
1172.00,8.7588
1172.50,8.8294
1173.00,8.8435
1173.50,8.8046
1174.00,8.7389
1174.50,8.6756
1175.00,8.6306
1175.50,8.6051
1176.00,8.5984
1176.50,8.6144
1177.00,8.6575
1177.50,8.7257
1178.00,8.8118
1178.50,8.9087
1179.00,9.0079
1179.50,9.0916
1180.00,9.1328
1180.50,9.1103
1181.00,9.0264
1181.50,8.9083
1182.00,8.7915
1182.50,8.7005
1183.00,8.6413
1183.50,8.6073
1184.00,8.5927
1184.50,8.6020
1185.00,8.6441
1185.50,8.7165
1186.00,8.7957
1186.50,8.8483
1187.00,8.8532
1187.50,8.8149
1188.00,8.7565
1188.50,8.7037
1189.00,8.6712
1189.50,8.6608
1190.00,8.6678
1190.50,8.6877
1191.00,8.7188
1191.50,8.7607
1192.00,8.8122
1192.50,8.8714
1193.00,8.9346
1193.50,8.9945
1194.00,9.0413
1194.50,9.0653
1195.00,9.0611
1195.50,9.0336
1196.00,9.0010
1196.50,8.9880
1197.00,9.0068
1197.50,9.0407
1198.00,9.0514
1198.50,9.0094
1199.00,8.9206
1199.50,8.8253
1200.00,8.7704
1200.50,8.7812
1201.00,8.8528
1201.50,8.9563
1202.00,9.0536
1202.50,9.1115
1203.00,9.1142
1203.50,9.0681
1204.00,8.9963
1204.50,8.9262
1205.00,8.8771
1205.50,8.8553
1206.00,8.8567
1206.50,8.8750
1207.00,8.9072
1207.50,8.9533
1208.00,9.0095
1208.50,9.0662
1209.00,9.1124
1209.50,9.1428
1210.00,9.1578
1210.50,9.1596
1211.00,9.1489
1211.50,9.1237
1212.00,9.0798
1212.50,9.0151
1213.00,8.9361
1213.50,8.8590
1214.00,8.8002
1214.50,8.7651
1215.00,8.7489
1215.50,8.7443
1216.00,8.7495
1216.50,8.7672
1217.00,8.7959
1217.50,8.8230
1218.00,8.8303
1218.50,8.8092
1219.00,8.7727
1219.50,8.7474
1220.00,8.7515
1220.50,8.7811
1221.00,8.8172
1221.50,8.8428
1222.00,8.8549
1222.50,8.8603
1223.00,8.8647
1223.50,8.8674
1224.00,8.8652
1224.50,8.8623
1225.00,8.8732
1225.50,8.9108
1226.00,8.9704
1226.50,9.0273
1227.00,9.0538
1227.50,9.0408
1228.00,9.0033
1228.50,8.9654
1229.00,8.9422
1229.50,8.9345
1230.00,8.9372
1230.50,8.9484
1231.00,8.9712
1231.50,9.0095
1232.00,9.0641
1232.50,9.1302
1233.00,9.1980
1233.50,9.2560
1234.00,9.2951
1234.50,9.3123
1235.00,9.3135
1235.50,9.3098
1236.00,9.3081
1236.50,9.3047
1237.00,9.2915
1237.50,9.2691
1238.00,9.2508
1238.50,9.2516
1239.00,9.2752
1239.50,9.3119
1240.00,9.3466
1240.50,9.3673
1241.00,9.3698
1241.50,9.3569
1242.00,9.3342
1242.50,9.3035
1243.00,9.2609
1243.50,9.2035
1244.00,9.1390
1244.50,9.0870
1245.00,9.0681
1245.50,9.0903
1246.00,9.1455
1246.50,9.2170
1247.00,9.2888
1247.50,9.3467
1248.00,9.3784
1248.50,9.3795
1249.00,9.3630
1249.50,9.3567
1250.00,9.3819
1250.50,9.4345
1251.00,9.4871
1251.50,9.5149
1252.00,9.5172
1252.50,9.5136
1253.00,9.5217
1253.50,9.5416
1254.00,9.5609
1254.50,9.5702
1255.00,9.5705
1255.50,9.5665
1256.00,9.5594
1256.50,9.5468
1257.00,9.5267
1257.50,9.5025
1258.00,9.4841
1258.50,9.4831
1259.00,9.5042
1259.50,9.5389
1260.00,9.5718
1260.50,9.5919
1261.00,9.5988
1261.50,9.5982
1262.00,9.5947
1262.50,9.5907
1263.00,9.5902
1263.50,9.5994
1264.00,9.6212
1264.50,9.6492
1265.00,9.6662
1265.50,9.6527
1266.00,9.6018
1266.50,9.5279
1267.00,9.4607
1267.50,9.4266
1268.00,9.4355
1268.50,9.4818
1269.00,9.5540
1269.50,9.6390
1270.00,9.7218
1270.50,9.7863
1271.00,9.8192
1271.50,9.8142
1272.00,9.7737
1272.50,9.7090
1273.00,9.6394
1273.50,9.5870
1274.00,9.5695
1274.50,9.5934
1275.00,9.6540
1275.50,9.7383
1276.00,9.8309
1276.50,9.9165
1277.00,9.9796
1277.50,10.0050
1278.00,9.9840
1278.50,9.9255
1279.00,9.8586
1279.50,9.8187
1280.00,9.8216
1280.50,9.8488
1281.00,9.8616
1281.50,9.8323
1282.00,9.7631
1282.50,9.6769
1283.00,9.5988
1283.50,9.5471
1284.00,9.5298
1284.50,9.5396
1285.00,9.5542
1285.50,9.5525
1286.00,9.5313
1286.50,9.5037
1287.00,9.4823
1287.50,9.4699
1288.00,9.4668
1288.50,9.4796
1289.00,9.5190
1289.50,9.5883
1290.00,9.6797
1290.50,9.7808
1291.00,9.8847
1291.50,9.9943
1292.00,10.1189
1292.50,10.2688
1293.00,10.4514
1293.50,10.6686
1294.00,10.9142
1294.50,11.1710
1295.00,11.4128
1295.50,11.6148
1296.00,11.7641
1296.50,11.8631
1297.00,11.9233
1297.50,11.9580
1298.00,11.9785
1298.50,11.9909
1299.00,11.9932
1299.50,11.9802
1300.00,11.9521
1300.50,11.9187
1301.00,11.8911
1301.50,11.8710
1302.00,11.8526
1302.50,11.8322
1303.00,11.8125
1303.50,11.7957
1304.00,11.7766
1304.50,11.7458
1305.00,11.6978
1305.50,11.6366
1306.00,11.5758
1306.50,11.5349
1307.00,11.5295
1307.50,11.5576
1308.00,11.5940
1308.50,11.6034
1309.00,11.5635
1309.50,11.4778
1310.00,11.3719
1310.50,11.2795
1311.00,11.2291
1311.50,11.2347
1312.00,11.2906
1312.50,11.3736
1313.00,11.4533
1313.50,11.5082
1314.00,11.5369
1314.50,11.5566
1315.00,11.5897
1315.50,11.6493
1316.00,11.7313
1316.50,11.8183
1317.00,11.8919
1317.50,11.9463
1318.00,11.9913
1318.50,12.0403
1319.00,12.0925
1319.50,12.1290
1320.00,12.1254
1320.50,12.0681
1321.00,11.9642
1321.50,11.8396
1322.00,11.7338
1322.50,11.6873
1323.00,11.7233
1323.50,11.8292
1324.00,11.9545
1324.50,12.0335
1325.00,12.0232
1325.50,11.9283
1326.00,11.7946
1326.50,11.6755
1327.00,11.6020
1327.50,11.5748
1328.00,11.5791
1328.50,11.5993
1329.00,11.6215
1329.50,11.6300
1330.00,11.6117
1330.50,11.5693
1331.00,11.5239
1331.50,11.5001
1332.00,11.5063
1332.50,11.5312
1333.00,11.5588
1333.50,11.5825
1334.00,11.6067
1334.50,11.6351
1335.00,11.6608
1335.50,11.6705
1336.00,11.6590
1336.50,11.6380
1337.00,11.6257
1337.50,11.6279
1338.00,11.6320
1338.50,11.6200
1339.00,11.5866
1339.50,11.5418
1340.00,11.5020
1340.50,11.4803
1341.00,11.4821
1341.50,11.5007
1342.00,11.5170
1342.50,11.5093
1343.00,11.4725
1343.50,11.4251
1344.00,11.3953
1344.50,11.4006
1345.00,11.4408
1345.50,11.5030
1346.00,11.5691
1346.50,11.6190
1347.00,11.6349
1347.50,11.6083
1348.00,11.5463
1348.50,11.4702
1349.00,11.4044
1349.50,11.3636
1350.00,11.3457
1350.50,11.3365
1351.00,11.3197
1351.50,11.2848
1352.00,11.2311
1352.50,11.1666
1353.00,11.1039
1353.50,11.0565
1354.00,11.0353
1354.50,11.0450
1355.00,11.0815
1355.50,11.1327
1356.00,11.1864
1356.50,11.2362
1357.00,11.2777
1357.50,11.3016
1358.00,11.2942
1358.50,11.2490
1359.00,11.1745
1359.50,11.0919
1360.00,11.0243
1360.50,10.9863
1361.00,10.9797
1361.50,10.9909
1362.00,10.9955
1362.50,10.9690
1363.00,10.9010
1363.50,10.8047
1364.00,10.7109
1364.50,10.6507
1365.00,10.6368
1365.50,10.6569
1366.00,10.6825
1366.50,10.6894
1367.00,10.6744
1367.50,10.6538
1368.00,10.6443
1368.50,10.6469
1369.00,10.6486
1369.50,10.6360
1370.00,10.6056
1370.50,10.5633
1371.00,10.5215
1371.50,10.4945
1372.00,10.4941
1372.50,10.5226
1373.00,10.5703
1373.50,10.6187
1374.00,10.6511
1374.50,10.6637
1375.00,10.6685
1375.50,10.6823
1376.00,10.7080
1376.50,10.7272
1377.00,10.7166
1377.50,10.6714
1378.00,10.6120
1378.50,10.5644
1379.00,10.5384
1379.50,10.5234
1380.00,10.5058
1380.50,10.4851
1381.00,10.4753
1381.50,10.4894
1382.00,10.5242
1382.50,10.5593
1383.00,10.5727
1383.50,10.5597
1384.00,10.5354
1384.50,10.5203
1385.00,10.5227
1385.50,10.5350
1386.00,10.5419
1386.50,10.5312
1387.00,10.4980
1387.50,10.4435
1388.00,10.3744
1388.50,10.3042
1389.00,10.2491
1389.50,10.2197
1390.00,10.2150
1390.50,10.2240
1391.00,10.2343
1391.50,10.2376
1392.00,10.2304
1392.50,10.2109
1393.00,10.1755
1393.50,10.1216
1394.00,10.0548
1394.50,9.9926
1395.00,9.9558
1395.50,9.9546
1396.00,9.9838
1396.50,10.0294
1397.00,10.0813
1397.50,10.1372
1398.00,10.1957
1398.50,10.2464
1399.00,10.2747
1399.50,10.2763
1400.00,10.2649
1400.50,10.2564
1401.00,10.2486
1401.50,10.2238
1402.00,10.1725
1402.50,10.1110
1403.00,10.0704
1403.50,10.0711
1404.00,10.1090
1404.50,10.1636
1405.00,10.2149
1405.50,10.2521
1406.00,10.2723
1406.50,10.2757
1407.00,10.2630
1407.50,10.2374
1408.00,10.2085
1408.50,10.1889
1409.00,10.1850
1409.50,10.1922
1410.00,10.2005
1410.50,10.2036
1411.00,10.2002
1411.50,10.1887
1412.00,10.1669
1412.50,10.1356
1413.00,10.1003
1413.50,10.0682
1414.00,10.0475
1414.50,10.0503
1415.00,10.0871
1415.50,10.1545
1416.00,10.2277
1416.50,10.2737
1417.00,10.2738
1417.50,10.2345
1418.00,10.1803
1418.50,10.1358
1419.00,10.1134
1419.50,10.1125
1420.00,10.1258
1420.50,10.1470
1421.00,10.1710
1421.50,10.1896
1422.00,10.1912
1422.50,10.1681
1423.00,10.1276
1423.50,10.0911
1424.00,10.0809
1424.50,10.1033
1425.00,10.1438
1425.50,10.1805
1426.00,10.2025
1426.50,10.2161
1427.00,10.2327
1427.50,10.2517
1428.00,10.2583
1428.50,10.2413
1429.00,10.2104
1429.50,10.1903
1430.00,10.1973
1430.50,10.2239
1431.00,10.2452
1431.50,10.2419
1432.00,10.2158
1432.50,10.1872
1433.00,10.1801
1433.50,10.2027
1434.00,10.2390
1434.50,10.2565
1435.00,10.2338
1435.50,10.1840
1436.00,10.1495
1436.50,10.1659
1437.00,10.2298
1437.50,10.3017
1438.00,10.3412
1438.50,10.3387
1439.00,10.3177
1439.50,10.3129
1440.00,10.3445
1440.50,10.4065
1441.00,10.4720
1441.50,10.5099
1442.00,10.5059
1442.50,10.4727
1443.00,10.4402
1443.50,10.4330
1444.00,10.4545
1444.50,10.4906
1445.00,10.5245
1445.50,10.5472
1446.00,10.5587
1446.50,10.5644
1447.00,10.5703
1447.50,10.5784
1448.00,10.5854
1448.50,10.5859
1449.00,10.5759
1449.50,10.5541
1450.00,10.5193
1450.50,10.4697
1451.00,10.4067
1451.50,10.3385
1452.00,10.2793
1452.50,10.2425
1453.00,10.2342
1453.50,10.2490
1454.00,10.2725
1454.50,10.2878
1455.00,10.2828
1455.50,10.2546
1456.00,10.2129
1456.50,10.1794
1457.00,10.1792
1457.50,10.2232
1458.00,10.2982
1458.50,10.3727
1459.00,10.4178
1459.50,10.4214
1460.00,10.3901
1460.50,10.3408
1461.00,10.2937
1461.50,10.2653
1462.00,10.2622
1462.50,10.2772
1463.00,10.2923
1463.50,10.2898
1464.00,10.2636
1464.50,10.2239
1465.00,10.1889
1465.50,10.1724
1466.00,10.1766
1466.50,10.1948
1467.00,10.2204
1467.50,10.2495
1468.00,10.2804
1468.50,10.3096
1469.00,10.3321
1469.50,10.3426
1470.00,10.3382
1470.50,10.3203
1471.00,10.2925
1471.50,10.2566
1472.00,10.2107
1472.50,10.1537
1473.00,10.0904
1473.50,10.0294
1474.00,9.9785
1474.50,9.9448
1475.00,9.9366
1475.50,9.9580
1476.00,9.9997
1476.50,10.0398
1477.00,10.0586
1477.50,10.0520
1478.00,10.0296
1478.50,10.0043
1479.00,9.9856
1479.50,9.9759
1480.00,9.9686
1480.50,9.9481
1481.00,9.9024
1481.50,9.8384
1482.00,9.7832
1482.50,9.7660
1483.00,9.7962
1483.50,9.8577
1484.00,9.9218
1484.50,9.9640
1485.00,9.9749
1485.50,9.9595
1486.00,9.9300
1486.50,9.8947
1487.00,9.8528
1487.50,9.8015
1488.00,9.7480
1488.50,9.7090
1489.00,9.6951
1489.50,9.6951
1490.00,9.6807
1490.50,9.6278
1491.00,9.5363
1491.50,9.4345
1492.00,9.3627
1492.50,9.3465
1493.00,9.3795
1493.50,9.4308
1494.00,9.4715
1494.50,9.4940
1495.00,9.5062
1495.50,9.5141
1496.00,9.5128
1496.50,9.4948
1497.00,9.4601
1497.50,9.4183
1498.00,9.3815
1498.50,9.3565
1499.00,9.3397
1499.50,9.3173
1500.00,9.2722
1500.50,9.1967
1501.00,9.1020
1501.50,9.0138
1502.00,8.9558
1502.50,8.9338
1503.00,8.9359
1503.50,8.9455
1504.00,8.9556
1504.50,8.9706
1505.00,8.9976
1505.50,9.0373
1506.00,9.0803
1506.50,9.1091
1507.00,9.1075
1507.50,9.0749
1508.00,9.0321
1508.50,9.0066
1509.00,9.0089
1509.50,9.0238
1510.00,9.0276
1510.50,9.0126
1511.00,8.9929
1511.50,8.9885
1512.00,9.0046
1512.50,9.0274
1513.00,9.0368
1513.50,9.0251
1514.00,9.0042
1514.50,8.9948
1515.00,9.0077
1515.50,9.0324
1516.00,9.0464
1516.50,9.0381
1517.00,9.0207
1517.50,9.0228
1518.00,9.0627
1518.50,9.1306
1519.00,9.1949
1519.50,9.2248
1520.00,9.2116
1520.50,9.1699
1521.00,9.1239
1521.50,9.0910
1522.00,9.0789
1522.50,9.0911
1523.00,9.1288
1523.50,9.1843
1524.00,9.2379
1524.50,9.2683
1525.00,9.2651
1525.50,9.2313
1526.00,9.1748
1526.50,9.1000
1527.00,9.0083
1527.50,8.9056
1528.00,8.8071
1528.50,8.7303
1529.00,8.6811
1529.50,8.6498
1530.00,8.6232
1530.50,8.6031
1531.00,8.6080
1531.50,8.6530
1532.00,8.7298
1532.50,8.8080
1533.00,8.8593
1533.50,8.8793
1534.00,8.8872
1534.50,8.9065
1535.00,8.9456
1535.50,8.9927
1536.00,9.0255
1536.50,9.0290
1537.00,9.0074
1537.50,8.9807
1538.00,8.9678
1538.50,8.9702
1539.00,8.9714
1539.50,8.9525
1540.00,8.9098
1540.50,8.8588
1541.00,8.8223
1541.50,8.8139
1542.00,8.8302
1542.50,8.8570
1543.00,8.8804
1543.50,8.8896
1544.00,8.8758
1544.50,8.8346
1545.00,8.7740
1545.50,8.7163
1546.00,8.6854
1546.50,8.6899
1547.00,8.7182
1547.50,8.7498
1548.00,8.7698
1548.50,8.7772
1549.00,8.7804
1549.50,8.7885
1550.00,8.8023
1550.50,8.8136
1551.00,8.8145
1551.50,8.8075
1552.00,8.8056
1552.50,8.8211
1553.00,8.8540
1553.50,8.8915
1554.00,8.9183
1554.50,8.9275
1555.00,8.9236
1555.50,8.9175
1556.00,8.9183
1556.50,8.9268
1557.00,8.9355
1557.50,8.9371
1558.00,8.9327
1558.50,8.9349
1559.00,8.9574
1559.50,9.0034
1560.00,9.0622
1560.50,9.1182
1561.00,9.1609
1561.50,9.1871
1562.00,9.1978
1562.50,9.1980
1563.00,9.1983
1563.50,9.2099
1564.00,9.2331
1564.50,9.2544
1565.00,9.2591
1565.50,9.2463
1566.00,9.2308
1566.50,9.2280
1567.00,9.2409
1567.50,9.2596
1568.00,9.2727
1568.50,9.2767
1569.00,9.2763
1569.50,9.2784
1570.00,9.2860
1570.50,9.2964
1571.00,9.3033
1571.50,9.3017
1572.00,9.2929
1572.50,9.2854
1573.00,9.2900
1573.50,9.3108
1574.00,9.3412
1574.50,9.3677
1575.00,9.3786
1575.50,9.3727
1576.00,9.3597
1576.50,9.3532
1577.00,9.3603
1577.50,9.3777
1578.00,9.3961
1578.50,9.4073
1579.00,9.4074
1579.50,9.3968
1580.00,9.3795
1580.50,9.3624
1581.00,9.3550
1581.50,9.3642
1582.00,9.3880
1582.50,9.4126
1583.00,9.4178
1583.50,9.3909
1584.00,9.3386
1584.50,9.2854
1585.00,9.2567
1585.50,9.2595
1586.00,9.2791
1586.50,9.2953
1587.00,9.3028
1587.50,9.3142
1588.00,9.3473
1588.50,9.4078
1589.00,9.4809
1589.50,9.5371
1590.00,9.5508
1590.50,9.5203
1591.00,9.4743
1591.50,9.4554
1592.00,9.4931
1592.50,9.5842
1593.00,9.6933
1593.50,9.7742
1594.00,9.7964
1594.50,9.7610
1595.00,9.6946
1595.50,9.6294
1596.00,9.5821
1596.50,9.5469
1597.00,9.5077
1597.50,9.4584
1598.00,9.4128
1598.50,9.3953
1599.00,9.4207
1599.50,9.4816
1600.00,9.5546
1600.50,9.6164
1601.00,9.6547
1601.50,9.6693
1602.00,9.6659
1602.50,9.6506
1603.00,9.6270
1603.50,9.5974
1604.00,9.5646
1604.50,9.5298
1605.00,9.4906
1605.50,9.4454
1606.00,9.3998
1606.50,9.3652
1607.00,9.3491
1607.50,9.3503
1608.00,9.3666
1608.50,9.4026
1609.00,9.4657
1609.50,9.5517
1610.00,9.6411
1610.50,9.7104
1611.00,9.7467
1611.50,9.7497
1612.00,9.7265
1612.50,9.6878
1613.00,9.6471
1613.50,9.6169
1614.00,9.6058
1614.50,9.6170
1615.00,9.6475
1615.50,9.6874
1616.00,9.7234
1616.50,9.7456
1617.00,9.7501
1617.50,9.7379
1618.00,9.7137
1618.50,9.6894
1619.00,9.6849
1619.50,9.7182
1620.00,9.7898
1620.50,9.8774
1621.00,9.9468
1621.50,9.9738
1622.00,9.9586
1622.50,9.9211
1623.00,9.8827
1623.50,9.8507
1624.00,9.8199
1624.50,9.7865
1625.00,9.7573
1625.50,9.7454
1626.00,9.7568
1626.50,9.7826
1627.00,9.8044
1627.50,9.8085
1628.00,9.7934
1628.50,9.7674
1629.00,9.7422
1629.50,9.7308
1630.00,9.7473
1630.50,9.8009
1631.00,9.8873
1631.50,9.9842
1632.00,10.0599
1632.50,10.0925
1633.00,10.0851
1633.50,10.0645
1634.00,10.0617
1634.50,10.0911
1635.00,10.1435
1635.50,10.1948
1636.00,10.2220
1636.50,10.2167
1637.00,10.1892
1637.50,10.1602
1638.00,10.1482
1638.50,10.1614
1639.00,10.1953
1639.50,10.2385
1640.00,10.2794
1640.50,10.3109
1641.00,10.3299
1641.50,10.3340
1642.00,10.3229
1642.50,10.3018
1643.00,10.2818
1643.50,10.2738
1644.00,10.2819
1644.50,10.3019
1645.00,10.3272
1645.50,10.3524
1646.00,10.3749
1646.50,10.3947
1647.00,10.4174
1647.50,10.4530
1648.00,10.5089
1648.50,10.5836
1649.00,10.6685
1649.50,10.7526
1650.00,10.8272
1650.50,10.8878
1651.00,10.9363
1651.50,10.9794
1652.00,11.0243
1652.50,11.0726
1653.00,11.1194
1653.50,11.1603
1654.00,11.1983
1654.50,11.2424
1655.00,11.2967
1655.50,11.3535
1656.00,11.3992
1656.50,11.4287
1657.00,11.4508
1657.50,11.4816
1658.00,11.5333
1658.50,11.6107
1659.00,11.7150
1659.50,11.8439
1660.00,11.9885
1660.50,12.1350
1661.00,12.2753
1661.50,12.4163
1662.00,12.5726
1662.50,12.7496
1663.00,12.9398
1663.50,13.1377
1664.00,13.3515
1664.50,13.5896
1665.00,13.8387
1665.50,14.0661
1666.00,14.2485
1666.50,14.3972
1667.00,14.5515
1667.50,14.7483
1668.00,14.9973
1668.50,15.2810
1669.00,15.5732
1669.50,15.8583
1670.00,16.1396
1670.50,16.4306
1671.00,16.7402
1671.50,17.0667
1672.00,17.4050
1672.50,17.7563
1673.00,18.1221
1673.50,18.4910
1674.00,18.8395
1674.50,19.1513
1675.00,19.4347
1675.50,19.7199
1676.00,20.0357
1676.50,20.3915
1677.00,20.7793
1677.50,21.1859
1678.00,21.5974
1678.50,21.9947
1679.00,22.3543
1679.50,22.6619
1680.00,22.9245
1680.50,23.1671
1681.00,23.4137
1681.50,23.6735
1682.00,23.9406
1682.50,24.2066
1683.00,24.4710
1683.50,24.7389
1684.00,25.0079
1684.50,25.2573
1685.00,25.4541
1685.50,25.5744
1686.00,25.6208
1686.50,25.6135
1687.00,25.5667
1687.50,25.4739
1688.00,25.3194
1688.50,25.0977
1689.00,24.8178
1689.50,24.4911
1690.00,24.1185
1690.50,23.6895
1691.00,23.1913
1691.50,22.6164
1692.00,21.9626
1692.50,21.2271
1693.00,20.4022
1693.50,19.4823
1694.00,18.4782
1694.50,17.4247
1695.00,16.3706
1695.50,15.3580
1696.00,14.4080
1696.50,13.5244
1697.00,12.7056
1697.50,11.9515
1698.00,11.2641
1698.50,10.6452
1699.00,10.0976
1699.50,9.6265
1700.00,9.2367
1700.50,8.9276
1701.00,8.6886
1701.50,8.5013
1702.00,8.3498
1702.50,8.2310
1703.00,8.1555
1703.50,8.1357
1704.00,8.1706
1704.50,8.2409
1705.00,8.3196
1705.50,8.3867
1706.00,8.4372
1706.50,8.4770
1707.00,8.5170
1707.50,8.5688
1708.00,8.6398
1708.50,8.7273
1709.00,8.8199
1709.50,8.9083
1710.00,8.9949
1710.50,9.0892
1711.00,9.1930
1711.50,9.2939
1712.00,9.3740
1712.50,9.4236
1713.00,9.4452
1713.50,9.4470
1714.00,9.4380
1714.50,9.4292
1715.00,9.4355
1715.50,9.4703
1716.00,9.5354
1716.50,9.6158
1717.00,9.6879
1717.50,9.7344
1718.00,9.7541
1718.50,9.7589
1719.00,9.7669
1719.50,9.7972
1720.00,9.8646
1720.50,9.9696
1721.00,10.0923
1721.50,10.2009
1722.00,10.2724
1722.50,10.3070
1723.00,10.3215
1723.50,10.3296
1724.00,10.3320
1724.50,10.3213
1725.00,10.2932
1725.50,10.2510
1726.00,10.2030
1726.50,10.1624
1727.00,10.1461
1727.50,10.1673
1728.00,10.2230
1728.50,10.2916
1729.00,10.3448
1729.50,10.3630
1730.00,10.3436
1730.50,10.2976
1731.00,10.2398
1731.50,10.1785
1732.00,10.1114
1732.50,10.0309
1733.00,9.9350
1733.50,9.8313
1734.00,9.7333
1734.50,9.6512
1735.00,9.5860
1735.50,9.5321
1736.00,9.4853
1736.50,9.4494
1737.00,9.4333
1737.50,9.4408
1738.00,9.4641
1738.50,9.4876
1739.00,9.4954
1739.50,9.4798
1740.00,9.4429
1740.50,9.3945
1741.00,9.3436
1741.50,9.2921
1742.00,9.2368
1742.50,9.1778
1743.00,9.1248
1743.50,9.0938
1744.00,9.0978
1744.50,9.1363
1745.00,9.1888
1745.50,9.2225
1746.00,9.2093
1746.50,9.1435
1747.00,9.0473
1747.50,8.9601
1748.00,8.9172
1748.50,8.9302
1749.00,8.9801
1749.50,9.0296
1750.00,9.0450
1750.50,9.0137
1751.00,8.9479
1751.50,8.8751
1752.00,8.8244
1752.50,8.8131
1753.00,8.8382
1753.50,8.8802
1754.00,8.9177
1754.50,8.9412
1755.00,8.9521
1755.50,8.9543
1756.00,8.9503
1756.50,8.9436
1757.00,8.9377
1757.50,8.9302
1758.00,8.9129
1758.50,8.8799
1759.00,8.8339
1759.50,8.7821
1760.00,8.7276
1760.50,8.6692
1761.00,8.6080
1761.50,8.5524
1762.00,8.5121
1762.50,8.4886
1763.00,8.4758
1763.50,8.4670
1764.00,8.4578
1764.50,8.4425
1765.00,8.4118
1765.50,8.3609
1766.00,8.2978
1766.50,8.2387
1767.00,8.1925
1767.50,8.1526
1768.00,8.1063
1768.50,8.0494
1769.00,7.9905
1769.50,7.9408
1770.00,7.9053
1770.50,7.8836
1771.00,7.8746
1771.50,7.8780
1772.00,7.8892
1772.50,7.8978
1773.00,7.8916
1773.50,7.8664
1774.00,7.8309
1774.50,7.8029
1775.00,7.7965
1775.50,7.8092
1776.00,7.8202
1776.50,7.8028
1777.00,7.7463
1777.50,7.6700
1778.00,7.6118
1778.50,7.5977
1779.00,7.6187
1779.50,7.6397
1780.00,7.6323
1780.50,7.5983
1781.00,7.5612
1781.50,7.5411
1782.00,7.5381
1782.50,7.5391
1783.00,7.5319
1783.50,7.5138
1784.00,7.4905
1784.50,7.4720
1785.00,7.4668
1785.50,7.4789
1786.00,7.5056
1786.50,7.5384
1787.00,7.5666
1787.50,7.5791
1788.00,7.5707
1788.50,7.5473
1789.00,7.5269
1789.50,7.5289
1790.00,7.5580
1790.50,7.5985
1791.00,7.6263
1791.50,7.6278
1792.00,7.6079
1792.50,7.5808
1793.00,7.5551
1793.50,7.5279
1794.00,7.4921
1794.50,7.4485
1795.00,7.4124
1795.50,7.4069
1796.00,7.4460
1796.50,7.5206
1797.00,7.6011
1797.50,7.6566
1798.00,7.6738
1798.50,7.6615
1799.00,7.6371
1799.50,7.6114
1800.00,7.5852
1800.50,7.5568
1801.00,7.5294
1801.50,7.5083
1802.00,7.4946
1802.50,7.4855
1803.00,7.4791
1803.50,7.4769
1804.00,7.4815
1804.50,7.4962
1805.00,7.5246
1805.50,7.5648
1806.00,7.6015
1806.50,7.6109
1807.00,7.5815
1807.50,7.5294
1808.00,7.4859
1808.50,7.4714
1809.00,7.4822
1809.50,7.5005
1810.00,7.5099
1810.50,7.5018
1811.00,7.4759
1811.50,7.4405
1812.00,7.4122
1812.50,7.4056
1813.00,7.4213
1813.50,7.4444
1814.00,7.4563
1814.50,7.4487
1815.00,7.4265
1815.50,7.3985
1816.00,7.3696
1816.50,7.3423
1817.00,7.3228
1817.50,7.3233
1818.00,7.3553
1818.50,7.4226
1819.00,7.5165
1819.50,7.6168
1820.00,7.6959
1820.50,7.7324
1821.00,7.7259
1821.50,7.6989
1822.00,7.6779
1822.50,7.6713
1823.00,7.6660
1823.50,7.6473
1824.00,7.6167
1824.50,7.5911
1825.00,7.5862
1825.50,7.6022
1826.00,7.6240
1826.50,7.6348
1827.00,7.6312
1827.50,7.6261
1828.00,7.6368
1828.50,7.6691
1829.00,7.7129
1829.50,7.7489
1830.00,7.7607
1830.50,7.7445
1831.00,7.7119
1831.50,7.6838
1832.00,7.6768
1832.50,7.6929
1833.00,7.7199
1833.50,7.7394
1834.00,7.7383
1834.50,7.7156
1835.00,7.6845
1835.50,7.6649
1836.00,7.6714
1836.50,7.7060
1837.00,7.7586
1837.50,7.8141
1838.00,7.8593
1838.50,7.8849
1839.00,7.8832
1839.50,7.8490
1840.00,7.7857
1840.50,7.7089
1841.00,7.6408
1841.50,7.5970
1842.00,7.5760
1842.50,7.5638
1843.00,7.5490
1843.50,7.5335
1844.00,7.5274
1844.50,7.5359
1845.00,7.5537
1845.50,7.5708
1846.00,7.5835
1846.50,7.5998
1847.00,7.6330
1847.50,7.6885
1848.00,7.7529
1848.50,7.7990
1849.00,7.8040
1849.50,7.7657
1850.00,7.7023
1850.50,7.6392
1851.00,7.5966
1851.50,7.5801
1852.00,7.5801
1852.50,7.5815
1853.00,7.5778
1853.50,7.5743
1854.00,7.5770
1854.50,7.5828
1855.00,7.5832
1855.50,7.5750
1856.00,7.5647
1856.50,7.5622
1857.00,7.5750
1857.50,7.6058
1858.00,7.6507
1858.50,7.7006
1859.00,7.7439
1859.50,7.7729
1860.00,7.7854
1860.50,7.7833
1861.00,7.7689
1861.50,7.7420
1862.00,7.7014
1862.50,7.6488
1863.00,7.5920
1863.50,7.5446
1864.00,7.5214
1864.50,7.5322
1865.00,7.5780
1865.50,7.6506
1866.00,7.7354
1866.50,7.8176
1867.00,7.8866
1867.50,7.9363
1868.00,7.9651
1868.50,7.9781
1869.00,7.9853
1869.50,7.9928
1870.00,7.9960
1870.50,7.9855
1871.00,7.9596
1871.50,7.9284
1872.00,7.9033
1872.50,7.8853
1873.00,7.8660
1873.50,7.8386
1874.00,7.8075
1874.50,7.7878
1875.00,7.7944
1875.50,7.8323
1876.00,7.8927
1876.50,7.9585
1877.00,8.0131
1877.50,8.0489
1878.00,8.0690
1878.50,8.0821
1879.00,8.0951
1879.50,8.1074
1880.00,8.1132
1880.50,8.1084
1881.00,8.0970
1881.50,8.0890
1882.00,8.0949
1882.50,8.1212
1883.00,8.1681
1883.50,8.2271
1884.00,8.2803
1884.50,8.3076
1885.00,8.3013
1885.50,8.2717
1886.00,8.2406
1886.50,8.2271
1887.00,8.2375
1887.50,8.2630
1888.00,8.2867
1888.50,8.2947
1889.00,8.2835
1889.50,8.2618
1890.00,8.2426
1890.50,8.2365
1891.00,8.2484
1891.50,8.2778
1892.00,8.3175
1892.50,8.3529
1893.00,8.3652
1893.50,8.3421
1894.00,8.2876
1894.50,8.2217
1895.00,8.1684
1895.50,8.1408
1896.00,8.1377
1896.50,8.1499
1897.00,8.1673
1897.50,8.1808
1898.00,8.1809
1898.50,8.1616
1899.00,8.1269
1899.50,8.0921
1900.00,8.0769
1900.50,8.0960
1901.00,8.1498
1901.50,8.2198
1902.00,8.2713
1902.50,8.2716
1903.00,8.2135
1903.50,8.1249
1904.00,8.0511
1904.50,8.0213
1905.00,8.0299
1905.50,8.0484
1906.00,8.0562
1906.50,8.0572
1907.00,8.0692
1907.50,8.0998
1908.00,8.1334
1908.50,8.1434
1909.00,8.1167
1909.50,8.0662
1910.00,8.0203
1910.50,7.9984
1911.00,7.9975
1911.50,7.9989
1912.00,7.9871
1912.50,7.9624
1913.00,7.9402
1913.50,7.9364
1914.00,7.9532
1914.50,7.9771
1915.00,7.9930
1915.50,7.9996
1916.00,8.0120
1916.50,8.0485
1917.00,8.1154
1917.50,8.2007
1918.00,8.2808
1918.50,8.3333
1919.00,8.3468
1919.50,8.3243
1920.00,8.2782
1920.50,8.2222
1921.00,8.1657
1921.50,8.1136
1922.00,8.0693
1922.50,8.0391
1923.00,8.0304
1923.50,8.0460
1924.00,8.0793
1924.50,8.1160
1925.00,8.1400
1925.50,8.1375
1926.00,8.1034
1926.50,8.0479
1927.00,7.9968
1927.50,7.9763
1928.00,7.9919
1928.50,8.0231
1929.00,8.0394
1929.50,8.0237
1930.00,7.9811
1930.50,7.9315
1931.00,7.8958
1931.50,7.8880
1932.00,7.9135
1932.50,7.9693
1933.00,8.0426
1933.50,8.1118
1934.00,8.1543
1934.50,8.1600
1935.00,8.1403
1935.50,8.1231
1936.00,8.1356
1936.50,8.1863
1937.00,8.2623
1937.50,8.3406
1938.00,8.4033
1938.50,8.4445
1939.00,8.4650
1939.50,8.4633
1940.00,8.4339
1940.50,8.3749
1941.00,8.2966
1941.50,8.2199
1942.00,8.1638
1942.50,8.1341
1943.00,8.1220
1943.50,8.1132
1944.00,8.0977
1944.50,8.0744
1945.00,8.0460
1945.50,8.0139
1946.00,7.9794
1946.50,7.9515
1947.00,7.9471
1947.50,7.9768
1948.00,8.0327
1948.50,8.0937
1949.00,8.1438
1949.50,8.1831
1950.00,8.2190
1950.50,8.2514
1951.00,8.2706
1951.50,8.2690
1952.00,8.2502
1952.50,8.2282
1953.00,8.2197
1953.50,8.2371
1954.00,8.2833
1954.50,8.3486
1955.00,8.4131
1955.50,8.4552
1956.00,8.4613
1956.50,8.4316
1957.00,8.3798
1957.50,8.3272
1958.00,8.2923
1958.50,8.2806
1959.00,8.2803
1959.50,8.2703
1960.00,8.2355
1960.50,8.1782
1961.00,8.1170
1961.50,8.0741
1962.00,8.0619
1962.50,8.0806
1963.00,8.1227
1963.50,8.1785
1964.00,8.2350
1964.50,8.2752
1965.00,8.2833
1965.50,8.2540
1966.00,8.1963
1966.50,8.1281
1967.00,8.0696
1967.50,8.0356
1968.00,8.0282
1968.50,8.0319
1969.00,8.0211
1969.50,7.9790
1970.00,7.9118
1970.50,7.8432
1971.00,7.7951
1971.50,7.7720
1972.00,7.7622
1972.50,7.7515
1973.00,7.7326
1973.50,7.7049
1974.00,7.6695
1974.50,7.6292
1975.00,7.5915
1975.50,7.5682
1976.00,7.5687
1976.50,7.5938
1977.00,7.6350
1977.50,7.6790
1978.00,7.7128
1978.50,7.7281
1979.00,7.7250
1979.50,7.7091
1980.00,7.6873
1980.50,7.6661
1981.00,7.6536
1981.50,7.6599
1982.00,7.6891
1982.50,7.7310
1983.00,7.7635
1983.50,7.7683
1984.00,7.7452
1984.50,7.7118
1985.00,7.6892
1985.50,7.6871
1986.00,7.6987
1986.50,7.7095
1987.00,7.7120
1987.50,7.7120
1988.00,7.7222
1988.50,7.7497
1989.00,7.7889
1989.50,7.8245
1990.00,7.8424
1990.50,7.8391
1991.00,7.8236
1991.50,7.8087
1992.00,7.8017
1992.50,7.8008
1993.00,7.7987
1993.50,7.7903
1994.00,7.7769
1994.50,7.7669
1995.00,7.7702
1995.50,7.7890
1996.00,7.8140
1996.50,7.8313
1997.00,7.8344
1997.50,7.8284
1998.00,7.8225
1998.50,7.8182
1999.00,7.8073
1999.50,7.7837
2000.00,7.7553
2000.50,7.7391
2001.00,7.7444
2001.50,7.7630
2002.00,7.7773
2002.50,7.7783
2003.00,7.7732
2003.50,7.7767
2004.00,7.7974
2004.50,7.8308
2005.00,7.8657
2005.50,7.8955
2006.00,7.9226
2006.50,7.9514
2007.00,7.9775
2007.50,7.9861
2008.00,7.9629
2008.50,7.9064
2009.00,7.8330
2009.50,7.7678
2010.00,7.7302
2010.50,7.7257
2011.00,7.7508
2011.50,7.8038
2012.00,7.8847
2012.50,7.9848
2013.00,8.0810
2013.50,8.1475
2014.00,8.1727
2014.50,8.1654
2015.00,8.1430
2015.50,8.1176
2016.00,8.0919
2016.50,8.0643
2017.00,8.0345
2017.50,8.0053
2018.00,7.9819
2018.50,7.9724
2019.00,7.9867
2019.50,8.0311
2020.00,8.1018
2020.50,8.1821
2021.00,8.2511
2021.50,8.2964
2022.00,8.3211
2022.50,8.3413
2023.00,8.3735
2023.50,8.4207
2024.00,8.4654
2024.50,8.4767
2025.00,8.4306
2025.50,8.3297
2026.00,8.2037
2026.50,8.0916
2027.00,8.0203
2027.50,7.9973
2028.00,8.0168
2028.50,8.0665
2029.00,8.1286
2029.50,8.1819
2030.00,8.2087
2030.50,8.2030
2031.00,8.1725
2031.50,8.1349
2032.00,8.1090
2032.50,8.1055
2033.00,8.1198
2033.50,8.1347
2034.00,8.1325
2034.50,8.1090
2035.00,8.0770
2035.50,8.0561
2036.00,8.0566
2036.50,8.0728
2037.00,8.0928
2037.50,8.1136
2038.00,8.1420
2038.50,8.1811
2039.00,8.2207
2039.50,8.2435
2040.00,8.2390
2040.50,8.2105
2041.00,8.1722
2041.50,8.1420
2042.00,8.1329
2042.50,8.1466
2043.00,8.1751
2043.50,8.2071
2044.00,8.2356
2044.50,8.2584
2045.00,8.2756
2045.50,8.2890
2046.00,8.3015
2046.50,8.3128
2047.00,8.3161
2047.50,8.3026
2048.00,8.2709
2048.50,8.2308
2049.00,8.1976
2049.50,8.1835
2050.00,8.1939
2050.50,8.2243
2051.00,8.2572
2051.50,8.2673
2052.00,8.2385
2052.50,8.1782
2053.00,8.1095
2053.50,8.0516
2054.00,8.0073
2054.50,7.9679
2055.00,7.9247
2055.50,7.8743
2056.00,7.8184
2056.50,7.7659
2057.00,7.7353
2057.50,7.7457
2058.00,7.7978
2058.50,7.8631
2059.00,7.9004
2059.50,7.8881
2060.00,7.8410
2060.50,7.7933
2061.00,7.7683
2061.50,7.7641
2062.00,7.7646
2062.50,7.7573
2063.00,7.7392
2063.50,7.7122
2064.00,7.6792
2064.50,7.6452
2065.00,7.6174
2065.50,7.6027
2066.00,7.6034
2066.50,7.6147
2067.00,7.6244
2067.50,7.6177
2068.00,7.5886
2068.50,7.5469
2069.00,7.5109
2069.50,7.4927
2070.00,7.4923
2070.50,7.5050
2071.00,7.5262
2071.50,7.5499
2072.00,7.5637
2072.50,7.5520
2073.00,7.5041
2073.50,7.4233
2074.00,7.3295
2074.50,7.2543
2075.00,7.2290
2075.50,7.2702
2076.00,7.3691
2076.50,7.4914
2077.00,7.5939
2077.50,7.6475
2078.00,7.6531
2078.50,7.6353
2079.00,7.6226
2079.50,7.6321
2080.00,7.6652
2080.50,7.7106
2081.00,7.7471
2081.50,7.7523
2082.00,7.7180
2082.50,7.6603
2083.00,7.6106
2083.50,7.5919
2084.00,7.6030
2084.50,7.6216
2085.00,7.6246
2085.50,7.6042
2086.00,7.5701
2086.50,7.5397
2087.00,7.5266
2087.50,7.5351
2088.00,7.5630
2088.50,7.6064
2089.00,7.6621
2089.50,7.7247
2090.00,7.7815
2090.50,7.8132
2091.00,7.8056
2091.50,7.7589
2092.00,7.6865
2092.50,7.6034
2093.00,7.5208
2093.50,7.4488
2094.00,7.4004
2094.50,7.3849
2095.00,7.3972
2095.50,7.4161
2096.00,7.4164
2096.50,7.3886
2097.00,7.3465
2097.50,7.3134
2098.00,7.2986
2098.50,7.2864
2099.00,7.2516
2099.50,7.1827
2100.00,7.0915
2100.50,7.0027
2101.00,6.9389
2101.50,6.9123
2102.00,6.9235
2102.50,6.9644
2103.00,7.0213
2103.50,7.0793
2104.00,7.1253
2104.50,7.1511
2105.00,7.1567
2105.50,7.1490
2106.00,7.1366
2106.50,7.1229
2107.00,7.1045
2107.50,7.0766
2108.00,7.0399
2108.50,7.0033
2109.00,6.9797
2109.50,6.9778
2110.00,6.9954
2110.50,7.0219
2111.00,7.0474
2111.50,7.0666
2112.00,7.0787
2112.50,7.0838
2113.00,7.0856
2113.50,7.0926
2114.00,7.1148
2114.50,7.1566
2115.00,7.2105
2115.50,7.2605
2116.00,7.2938
2116.50,7.3098
2117.00,7.3172
2117.50,7.3225
2118.00,7.3237
2118.50,7.3142
2119.00,7.2919
2119.50,7.2611
2120.00,7.2308
2120.50,7.2104
2121.00,7.2044
2121.50,7.2087
2122.00,7.2131
2122.50,7.2102
2123.00,7.2012
2123.50,7.1951
2124.00,7.2040
2124.50,7.2376
2125.00,7.2985
2125.50,7.3771
2126.00,7.4516
2126.50,7.4948
2127.00,7.4870
2127.50,7.4268
2128.00,7.3316
2128.50,7.2291
2129.00,7.1448
2129.50,7.0943
2130.00,7.0818
2130.50,7.1047
2131.00,7.1569
2131.50,7.2268
2132.00,7.2954
2132.50,7.3413
2133.00,7.3517
2133.50,7.3278
2134.00,7.2776
2134.50,7.2079
2135.00,7.1271
2135.50,7.0543
2136.00,7.0170
2136.50,7.0341
2137.00,7.0991
2137.50,7.1829
2138.00,7.2548
2138.50,7.3013
2139.00,7.3236
2139.50,7.3242
2140.00,7.3008
2140.50,7.2567
2141.00,7.2085
2141.50,7.1775
2142.00,7.1728
2142.50,7.1860
2143.00,7.2023
2143.50,7.2134
2144.00,7.2186
2144.50,7.2205
2145.00,7.2238
2145.50,7.2350
2146.00,7.2600
2146.50,7.2998
2147.00,7.3495
2147.50,7.3990
2148.00,7.4343
2148.50,7.4430
2149.00,7.4222
2149.50,7.3822
2150.00,7.3402
2150.50,7.3084
2151.00,7.2876
2151.50,7.2702
2152.00,7.2473
2152.50,7.2176
2153.00,7.1896
2153.50,7.1750
2154.00,7.1777
2154.50,7.1897
2155.00,7.1996
2155.50,7.2046
2156.00,7.2130
2156.50,7.2332
2157.00,7.2630
2157.50,7.2909
2158.00,7.3068
2158.50,7.3088
2159.00,7.3003
2159.50,7.2851
2160.00,7.2675
2160.50,7.2566
2161.00,7.2637
2161.50,7.2920
2162.00,7.3291
2162.50,7.3529
2163.00,7.3465
2163.50,7.3088
2164.00,7.2519
2164.50,7.1935
2165.00,7.1494
2165.50,7.1292
2166.00,7.1339
2166.50,7.1588
2167.00,7.1985
2167.50,7.2478
2168.00,7.2990
2168.50,7.3441
2169.00,7.3825
2169.50,7.4200
2170.00,7.4581
2170.50,7.4867
2171.00,7.4934
2171.50,7.4796
2172.00,7.4594
2172.50,7.4442
2173.00,7.4324
2173.50,7.4153
2174.00,7.3873
2174.50,7.3514
2175.00,7.3187
2175.50,7.3062
2176.00,7.3293
2176.50,7.3918
2177.00,7.4806
2177.50,7.5703
2178.00,7.6363
2178.50,7.6684
2179.00,7.6740
2179.50,7.6694
2180.00,7.6672
2180.50,7.6711
2181.00,7.6788
2181.50,7.6864
2182.00,7.6919
2182.50,7.6975
2183.00,7.7107
2183.50,7.7396
2184.00,7.7855
2184.50,7.8370
2185.00,7.8738
2185.50,7.8786
2186.00,7.8479
2186.50,7.7933
2187.00,7.7336
2187.50,7.6868
2188.00,7.6657
2188.50,7.6775
2189.00,7.7227
2189.50,7.7931
2190.00,7.8713
2190.50,7.9373
2191.00,7.9774
2191.50,7.9920
2192.00,7.9938
2192.50,7.9982
2193.00,8.0162
2193.50,8.0533
2194.00,8.1122
2194.50,8.1903
2195.00,8.2753
2195.50,8.3455
2196.00,8.3806
2196.50,8.3742
2197.00,8.3412
2197.50,8.3109
2198.00,8.3086
2198.50,8.3399
2199.00,8.3913
2199.50,8.4452
2200.00,8.4934
2200.50,8.5386
2201.00,8.5860
2201.50,8.6366
2202.00,8.6853
2202.50,8.7222
2203.00,8.7368
2203.50,8.7244
2204.00,8.6906
2204.50,8.6497
2205.00,8.6188
2205.50,8.6116
2206.00,8.6328
2206.50,8.6756
2207.00,8.7253
2207.50,8.7681
2208.00,8.7978
2208.50,8.8166
2209.00,8.8283
2209.50,8.8294
2210.00,8.8092
2210.50,8.7618
2211.00,8.7001
2211.50,8.6526
2212.00,8.6414
2212.50,8.6626
2213.00,8.6899
2213.50,8.6979
2214.00,8.6835
2214.50,8.6670
2215.00,8.6757
2215.50,8.7268
2216.00,8.8176
2216.50,8.9268
2217.00,9.0228
2217.50,9.0764
2218.00,9.0750
2218.50,9.0295
2219.00,8.9684
2219.50,8.9215
2220.00,8.9043
2220.50,8.9130
2221.00,8.9317
2221.50,8.9468
2222.00,8.9557
2222.50,8.9636
2223.00,8.9693
2223.50,8.9591
2224.00,8.9185
2224.50,8.8501
2225.00,8.7772
2225.50,8.7284
2226.00,8.7210
2226.50,8.7576
2227.00,8.8312
2227.50,8.9310
2228.00,9.0410
2228.50,9.1394
2229.00,9.2065
2229.50,9.2354
2230.00,9.2358
2230.50,9.2231
2231.00,9.2044
2231.50,9.1736
2232.00,9.1185
2232.50,9.0344
2233.00,8.9328
2233.50,8.8402
2234.00,8.7858
2234.50,8.7841
2235.00,8.8243
2235.50,8.8761
2236.00,8.9093
2236.50,8.9134
2237.00,8.9004
2237.50,8.8904
2238.00,8.8939
2238.50,8.9082
2239.00,8.9256
2239.50,8.9423
2240.00,8.9578
2240.50,8.9701
2241.00,8.9760
2241.50,8.9747
2242.00,8.9699
2242.50,8.9662
2243.00,8.9623
2243.50,8.9507
2244.00,8.9240
2244.50,8.8833
2245.00,8.8403
2245.50,8.8099
2246.00,8.8011
2246.50,8.8123
2247.00,8.8366
2247.50,8.8699
2248.00,8.9142
2248.50,8.9719
2249.00,9.0345
2249.50,9.0817
2250.00,9.0945
2250.50,9.0721
2251.00,9.0340
2251.50,9.0051
2252.00,8.9994
2252.50,9.0167
2253.00,9.0505
2253.50,9.0932
2254.00,9.1322
2254.50,9.1495
2255.00,9.1304
2255.50,9.0774
2256.00,9.0106
2256.50,8.9512
2257.00,8.9061
2257.50,8.8679
2258.00,8.8314
2258.50,8.8046
2259.00,8.8024
2259.50,8.8288
2260.00,8.8700
2260.50,8.9061
2261.00,8.9281
2261.50,8.9407
2262.00,8.9521
2262.50,8.9634
2263.00,8.9705
2263.50,8.9728
2264.00,8.9772
2264.50,8.9920
2265.00,9.0149
2265.50,9.0287
2266.00,9.0089
2266.50,8.9406
2267.00,8.8300
2267.50,8.7017
2268.00,8.5847
2268.50,8.5019
2269.00,8.4664
2269.50,8.4806
2270.00,8.5328
2270.50,8.5972
2271.00,8.6454
2271.50,8.6608
2272.00,8.6439
2272.50,8.6049
2273.00,8.5564
2273.50,8.5130
2274.00,8.4873
2274.50,8.4793
2275.00,8.4696
2275.50,8.4324
2276.00,8.3582
2276.50,8.2644
2277.00,8.1799
2277.50,8.1225
2278.00,8.0924
2278.50,8.0820
2279.00,8.0871
2279.50,8.1042
2280.00,8.1240
2280.50,8.1324
2281.00,8.1218
2281.50,8.0983
2282.00,8.0767
2282.50,8.0686
2283.00,8.0762
2283.50,8.0934
2284.00,8.1108
2284.50,8.1198
2285.00,8.1151
2285.50,8.0974
2286.00,8.0710
2286.50,8.0401
2287.00,8.0061
2287.50,7.9690
2288.00,7.9306
2288.50,7.8957
2289.00,7.8728
2289.50,7.8707
2290.00,7.8940
2290.50,7.9392
2291.00,7.9956
2291.50,8.0485
2292.00,8.0827
2292.50,8.0869
2293.00,8.0620
2293.50,8.0245
2294.00,7.9965
2294.50,7.9893
2295.00,7.9973
2295.50,8.0070
2296.00,8.0090
2296.50,8.0041
2297.00,7.9999
2297.50,8.0018
2298.00,8.0056
2298.50,7.9998
2299.00,7.9752
2299.50,7.9318
2300.00,7.8754
2300.50,7.8143
2301.00,7.7583
2301.50,7.7216
2302.00,7.7182
2302.50,7.7544
2303.00,7.8229
2303.50,7.9030
2304.00,7.9690
2304.50,8.0015
2305.00,7.9962
2305.50,7.9633
2306.00,7.9187
2306.50,7.8770
2307.00,7.8477
2307.50,7.8336
2308.00,7.8335
2308.50,7.8475
2309.00,7.8797
2309.50,7.9316
2310.00,7.9901
2310.50,8.0248
2311.00,8.0067
2311.50,7.9316
2312.00,7.8265
2312.50,7.7296
2313.00,7.6647
2313.50,7.6347
2314.00,7.6333
2314.50,7.6548
2315.00,7.6912
2315.50,7.7258
2316.00,7.7402
2316.50,7.7301
2317.00,7.7095
2317.50,7.6974
2318.00,7.7015
2318.50,7.7169
2319.00,7.7377
2319.50,7.7621
2320.00,7.7874
2320.50,7.8040
2321.00,7.7993
2321.50,7.7670
2322.00,7.7148
2322.50,7.6619
2323.00,7.6280
2323.50,7.6204
2324.00,7.6274
2324.50,7.6273
2325.00,7.6059
2325.50,7.5672
2326.00,7.5289
2326.50,7.5086
2327.00,7.5089
2327.50,7.5144
2328.00,7.5039
2328.50,7.4697
2329.00,7.4238
2329.50,7.3860
2330.00,7.3657
2330.50,7.3568
2331.00,7.3495
2331.50,7.3441
2332.00,7.3518
2332.50,7.3812
2333.00,7.4239
2333.50,7.4548
2334.00,7.4499
2334.50,7.4042
2335.00,7.3327
2335.50,7.2568
2336.00,7.1932
2336.50,7.1513
2337.00,7.1359
2337.50,7.1467
2338.00,7.1752
2338.50,7.2063
2339.00,7.2259
2339.50,7.2288
2340.00,7.2211
2340.50,7.2151
2341.00,7.2212
2341.50,7.2417
2342.00,7.2704
2342.50,7.2970
2343.00,7.3120
2343.50,7.3097
2344.00,7.2912
2344.50,7.2665
2345.00,7.2490
2345.50,7.2440
2346.00,7.2415
2346.50,7.2225
2347.00,7.1748
2347.50,7.1042
2348.00,7.0309
2348.50,6.9744
2349.00,6.9388
2349.50,6.9135
2350.00,6.8862
2350.50,6.8570
2351.00,6.8351
2351.50,6.8259
2352.00,6.8247
2352.50,6.8258
2353.00,6.8342
2353.50,6.8637
2354.00,6.9253
2354.50,7.0186
2355.00,7.1313
2355.50,7.2416
2356.00,7.3216
2356.50,7.3465
2357.00,7.3104
2357.50,7.2340
2358.00,7.1571
2358.50,7.1168
2359.00,7.1300
2359.50,7.1882
2360.00,7.2640
2360.50,7.3234
2361.00,7.3416
2361.50,7.3151
2362.00,7.2616
2362.50,7.2057
2363.00,7.1612
2363.50,7.1244
2364.00,7.0823
2364.50,7.0277
2365.00,6.9682
2365.50,6.9205
2366.00,6.8968
2366.50,6.8961
2367.00,6.9080
2367.50,6.9241
2368.00,6.9423
2368.50,6.9647
2369.00,6.9935
2369.50,7.0289
2370.00,7.0655
2370.50,7.0906
2371.00,7.0920
2371.50,7.0696
2372.00,7.0400
2372.50,7.0266
2373.00,7.0427
2373.50,7.0842
2374.00,7.1365
2374.50,7.1875
2375.00,7.2353
2375.50,7.2843
2376.00,7.3333
2376.50,7.3697
2377.00,7.3765
2377.50,7.3474
2378.00,7.2943
2378.50,7.2413
2379.00,7.2100
2379.50,7.2093
2380.00,7.2329
2380.50,7.2666
2381.00,7.2971
2381.50,7.3182
2382.00,7.3309
2382.50,7.3424
2383.00,7.3636
2383.50,7.4036
2384.00,7.4592
2384.50,7.5106
2385.00,7.5329
2385.50,7.5160
2386.00,7.4744
2386.50,7.4334
2387.00,7.4071
2387.50,7.3912
2388.00,7.3770
2388.50,7.3696
2389.00,7.3897
2389.50,7.4538
2390.00,7.5543
2390.50,7.6572
2391.00,7.7222
2391.50,7.7274
2392.00,7.6795
2392.50,7.6066
2393.00,7.5394
2393.50,7.4965
2394.00,7.4799
2394.50,7.4806
2395.00,7.4891
2395.50,7.5011
2396.00,7.5158
2396.50,7.5294
2397.00,7.5309
2397.50,7.5089
2398.00,7.4655
2398.50,7.4205
2399.00,7.4015
2399.50,7.4274
2400.00,7.4989
2400.50,7.5989
2401.00,7.7004
2401.50,7.7808
2402.00,7.8345
2402.50,7.8732
2403.00,7.9157
2403.50,7.9715
2404.00,8.0326
2404.50,8.0804
2405.00,8.1005
2405.50,8.0949
2406.00,8.0778
2406.50,8.0622
2407.00,8.0538
2407.50,8.0517
2408.00,8.0519
2408.50,8.0498
2409.00,8.0452
2409.50,8.0449
2410.00,8.0567
2410.50,8.0795
2411.00,8.1040
2411.50,8.1251
2412.00,8.1479
2412.50,8.1782
2413.00,8.2103
2413.50,8.2295
2414.00,8.2274
2414.50,8.2122
2415.00,8.1991
2415.50,8.1914
2416.00,8.1776
2416.50,8.1473
2417.00,8.1045
2417.50,8.0617
2418.00,8.0225
2418.50,7.9798
2419.00,7.9285
2419.50,7.8774
2420.00,7.8447
2420.50,7.8434
2421.00,7.8713
2421.50,7.9159
2422.00,7.9648
2422.50,8.0102
2423.00,8.0437
2423.50,8.0540
2424.00,8.0344
2424.50,7.9922
2425.00,7.9492
2425.50,7.9302
2426.00,7.9484
2426.50,7.9977
2427.00,8.0569
2427.50,8.1034
2428.00,8.1271
2428.50,8.1359
2429.00,8.1454
2429.50,8.1630
2430.00,8.1812
2430.50,8.1868
2431.00,8.1750
2431.50,8.1508
2432.00,8.1222
2432.50,8.0963
2433.00,8.0812
2433.50,8.0866
2434.00,8.1180
2434.50,8.1728
2435.00,8.2382
2435.50,8.2935
2436.00,8.3178
2436.50,8.3043
2437.00,8.2670
2437.50,8.2315
2438.00,8.2166
2438.50,8.2233
2439.00,8.2391
2439.50,8.2519
2440.00,8.2613
2440.50,8.2779
2441.00,8.3099
2441.50,8.3511
2442.00,8.3836
2442.50,8.3905
2443.00,8.3664
2443.50,8.3187
2444.00,8.2643
2444.50,8.2230
2445.00,8.2092
2445.50,8.2226
2446.00,8.2475
2446.50,8.2628
2447.00,8.2554
2447.50,8.2259
2448.00,8.1845
2448.50,8.1437
2449.00,8.1128
2449.50,8.0979
2450.00,8.1009
2450.50,8.1172
2451.00,8.1329
2451.50,8.1308
2452.00,8.1017
2452.50,8.0511
2453.00,7.9911
2453.50,7.9285
2454.00,7.8631
2454.50,7.8005
2455.00,7.7619
2455.50,7.7779
2456.00,7.8640
2456.50,7.9971
2457.00,8.1202
2457.50,8.1777
2458.00,8.1526
2458.50,8.0714
2459.00,7.9745
2459.50,7.8856
2460.00,7.8105
2460.50,7.7575
2461.00,7.7446
2461.50,7.7824
2462.00,7.8529
2462.50,7.9134
2463.00,7.9261
2463.50,7.8846
2464.00,7.8153
2464.50,7.7549
2465.00,7.7262
2465.50,7.7293
2466.00,7.7489
2466.50,7.7680
2467.00,7.7784
2467.50,7.7843
2468.00,7.7932
2468.50,7.8051
2469.00,7.8134
2469.50,7.8162
2470.00,7.8224
2470.50,7.8387
2471.00,7.8575
2471.50,7.8643
2472.00,7.8551
2472.50,7.8406
2473.00,7.8341
2473.50,7.8408
2474.00,7.8581
2474.50,7.8784
2475.00,7.8908
2475.50,7.8850
2476.00,7.8579
2476.50,7.8161
2477.00,7.7699
2477.50,7.7275
2478.00,7.6929
2478.50,7.6654
2479.00,7.6405
2479.50,7.6147
2480.00,7.5908
2480.50,7.5753
2481.00,7.5685
2481.50,7.5597
2482.00,7.5342
2482.50,7.4869
2483.00,7.4285
2483.50,7.3745
2484.00,7.3313
2484.50,7.2918
2485.00,7.2489
2485.50,7.2093
2486.00,7.1910
2486.50,7.2041
2487.00,7.2382
2487.50,7.2720
2488.00,7.2957
2488.50,7.3201
2489.00,7.3625
2489.50,7.4271
2490.00,7.4987
2490.50,7.5536
2491.00,7.5741
2491.50,7.5551
2492.00,7.5032
2492.50,7.4333
2493.00,7.3651
2493.50,7.3190
2494.00,7.3073
2494.50,7.3280
2495.00,7.3666
2495.50,7.4054
2496.00,7.4336
2496.50,7.4498
2497.00,7.4561
2497.50,7.4517
2498.00,7.4339
2498.50,7.4042
2499.00,7.3726
2499.50,7.3543
2500.00,7.3597
2500.50,7.3858
2501.00,7.4165
2501.50,7.4318
2502.00,7.4224
2502.50,7.3943
2503.00,7.3616
2503.50,7.3327
2504.00,7.3036
2504.50,7.2632
2505.00,7.2049
2505.50,7.1350
2506.00,7.0703
2506.50,7.0294
2507.00,7.0226
2507.50,7.0464
2508.00,7.0828
2508.50,7.1086
2509.00,7.1093
2509.50,7.0887
2510.00,7.0648
2510.50,7.0552
2511.00,7.0642
2511.50,7.0830
2512.00,7.1006
2512.50,7.1158
2513.00,7.1372
2513.50,7.1720
2514.00,7.2154
2514.50,7.2521
2515.00,7.2680
2515.50,7.2609
2516.00,7.2403
2516.50,7.2184
2517.00,7.2021
2517.50,7.1928
2518.00,7.1902
2518.50,7.1930
2519.00,7.1981
2519.50,7.2002
2520.00,7.1967
2520.50,7.1909
2521.00,7.1906
2521.50,7.2010
2522.00,7.2206
2522.50,7.2426
2523.00,7.2569
2523.50,7.2553
2524.00,7.2363
2524.50,7.2084
2525.00,7.1835
2525.50,7.1681
2526.00,7.1614
2526.50,7.1619
2527.00,7.1702
2527.50,7.1850
2528.00,7.1987
2528.50,7.2027
2529.00,7.1936
2529.50,7.1742
2530.00,7.1483
2530.50,7.1185
2531.00,7.0883
2531.50,7.0627
2532.00,7.0467
2532.50,7.0434
2533.00,7.0527
2533.50,7.0717
2534.00,7.0972
2534.50,7.1281
2535.00,7.1680
2535.50,7.2198
2536.00,7.2779
2536.50,7.3257
2537.00,7.3450
2537.50,7.3302
2538.00,7.2945
2538.50,7.2615
2539.00,7.2512
2539.50,7.2692
2540.00,7.3046
2540.50,7.3379
2541.00,7.3549
2541.50,7.3590
2542.00,7.3677
2542.50,7.3974
2543.00,7.4476
2543.50,7.4998
2544.00,7.5284
2544.50,7.5166
2545.00,7.4642
2545.50,7.3860
2546.00,7.3039
2546.50,7.2389
2547.00,7.2044
2547.50,7.2022
2548.00,7.2221
2548.50,7.2492
2549.00,7.2737
2549.50,7.2952
2550.00,7.3176
2550.50,7.3414
2551.00,7.3622
2551.50,7.3778
2552.00,7.3910
2552.50,7.4053
2553.00,7.4187
2553.50,7.4241
2554.00,7.4166
2554.50,7.3974
2555.00,7.3705
2555.50,7.3392
2556.00,7.3079
2556.50,7.2833
2557.00,7.2699
2557.50,7.2637
2558.00,7.2552
2558.50,7.2376
2559.00,7.2136
2559.50,7.1919
2560.00,7.1788
2560.50,7.1741
2561.00,7.1717
2561.50,7.1651
2562.00,7.1521
2562.50,7.1342
2563.00,7.1125
2563.50,7.0864
2564.00,7.0584
2564.50,7.0386
2565.00,7.0404
2565.50,7.0683
2566.00,7.1075
2566.50,7.1294
2567.00,7.1125
2567.50,7.0600
2568.00,6.9984
2568.50,6.9591
2569.00,6.9580
2569.50,6.9881
2570.00,7.0264
2570.50,7.0502
2571.00,7.0521
2571.50,7.0416
2572.00,7.0326
2572.50,7.0305
2573.00,7.0298
2573.50,7.0247
2574.00,7.0158
2574.50,7.0063
2575.00,6.9940
2575.50,6.9732
2576.00,6.9432
2576.50,6.9131
2577.00,6.8960
2577.50,6.8981
2578.00,6.9131
2578.50,6.9289
2579.00,6.9366
2579.50,6.9353
2580.00,6.9275
2580.50,6.9115
2581.00,6.8836
2581.50,6.8474
2582.00,6.8179
2582.50,6.8108
2583.00,6.8284
2583.50,6.8551
2584.00,6.8684
2584.50,6.8537
2585.00,6.8128
2585.50,6.7616
2586.00,6.7197
2586.50,6.6990
2587.00,6.7029
2587.50,6.7299
2588.00,6.7767
2588.50,6.8356
2589.00,6.8922
2589.50,6.9309
2590.00,6.9446
2590.50,6.9410
2591.00,6.9393
2591.50,6.9570
2592.00,6.9970
2592.50,7.0467
2593.00,7.0892
2593.50,7.1149
2594.00,7.1240
2594.50,7.1213
2595.00,7.1089
2595.50,7.0853
2596.00,7.0478
2596.50,6.9999
2597.00,6.9536
2597.50,6.9228
2598.00,6.9104
2598.50,6.9048
2599.00,6.8921
2599.50,6.8703
2600.00,6.8512
2600.50,6.8508
2601.00,6.8787
2601.50,6.9347
2602.00,7.0104
2602.50,7.0897
2603.00,7.1516
2603.50,7.1772
2604.00,7.1585
2604.50,7.1016
2605.00,7.0217
2605.50,6.9364
2606.00,6.8634
2606.50,6.8195
2607.00,6.8180
2607.50,6.8640
2608.00,6.9503
2608.50,7.0553
2609.00,7.1426
2609.50,7.1752
2610.00,7.1388
2610.50,7.0557
2611.00,6.9698
2611.50,6.9166
2612.00,6.9049
2612.50,6.9229
2613.00,6.9556
2613.50,6.9947
2614.00,7.0341
2614.50,7.0651
2615.00,7.0763
2615.50,7.0618
2616.00,7.0265
2616.50,6.9858
2617.00,6.9586
2617.50,6.9572
2618.00,6.9808
2618.50,7.0172
2619.00,7.0511
2619.50,7.0730
2620.00,7.0819
2620.50,7.0819
2621.00,7.0748
2621.50,7.0577
2622.00,7.0264
2622.50,6.9850
2623.00,6.9511
2623.50,6.9473
2624.00,6.9815
2624.50,7.0362
2625.00,7.0812
2625.50,7.0992
2626.00,7.1009
2626.50,7.1113
2627.00,7.1448
2627.50,7.1937
2628.00,7.2361
2628.50,7.2547
2629.00,7.2472
2629.50,7.2260
2630.00,7.2067
2630.50,7.1962
2631.00,7.1882
2631.50,7.1702
2632.00,7.1345
2632.50,7.0837
2633.00,7.0305
2633.50,6.9930
2634.00,6.9896
2634.50,7.0307
2635.00,7.1113
2635.50,7.2105
2636.00,7.3013
2636.50,7.3646
2637.00,7.3972
2637.50,7.4061
2638.00,7.3986
2638.50,7.3771
2639.00,7.3417
2639.50,7.2922
2640.00,7.2279
2640.50,7.1491
2641.00,7.0608
2641.50,6.9787
2642.00,6.9262
2642.50,6.9206
2643.00,6.9579
2643.50,7.0145
2644.00,7.0638
2644.50,7.0948
2645.00,7.1125
2645.50,7.1258
2646.00,7.1372
2646.50,7.1439
2647.00,7.1447
2647.50,7.1419
2648.00,7.1362
2648.50,7.1240
2649.00,7.1008
2649.50,7.0657
2650.00,7.0234
2650.50,6.9792
2651.00,6.9339
2651.50,6.8847
2652.00,6.8327
2652.50,6.7886
2653.00,6.7692
2653.50,6.7817
2654.00,6.8140
2654.50,6.8435
2655.00,6.8575
2655.50,6.8633
2656.00,6.8761
2656.50,6.8999
2657.00,6.9236
2657.50,6.9331
2658.00,6.9261
2658.50,6.9161
2659.00,6.9234
2659.50,6.9614
2660.00,7.0247
2660.50,7.0875
2661.00,7.1182
2661.50,7.1011
2662.00,7.0496
2662.50,6.9975
2663.00,6.9749
2663.50,6.9898
2664.00,7.0263
2664.50,7.0574
2665.00,7.0619
2665.50,7.0371
2666.00,6.9994
2666.50,6.9715
2667.00,6.9654
2667.50,6.9762
2668.00,6.9896
2668.50,6.9939
2669.00,6.9851
2669.50,6.9607
2670.00,6.9194
2670.50,6.8664
2671.00,6.8180
2671.50,6.7940
2672.00,6.8018
2672.50,6.8287
2673.00,6.8507
2673.50,6.8494
2674.00,6.8259
2674.50,6.7991
2675.00,6.7931
2675.50,6.8210
2676.00,6.8774
2676.50,6.9444
2677.00,7.0019
2677.50,7.0354
2678.00,7.0382
2678.50,7.0131
2679.00,6.9714
2679.50,6.9288
2680.00,6.8991
2680.50,6.8909
2681.00,6.9061
2681.50,6.9378
2682.00,6.9705
2682.50,6.9858
2683.00,6.9738
2683.50,6.9391
2684.00,6.8966
2684.50,6.8616
2685.00,6.8419
2685.50,6.8374
2686.00,6.8439
2686.50,6.8544
2687.00,6.8595
2687.50,6.8511
2688.00,6.8313
2688.50,6.8149
2689.00,6.8189
2689.50,6.8454
2690.00,6.8792
2690.50,6.9014
2691.00,6.9050
2691.50,6.8937
2692.00,6.8699
2692.50,6.8308
2693.00,6.7765
2693.50,6.7183
2694.00,6.6762
2694.50,6.6653
2695.00,6.6837
2695.50,6.7105
2696.00,6.7179
2696.50,6.6895
2697.00,6.6291
2697.50,6.5552
2698.00,6.4880
2698.50,6.4397
2699.00,6.4153
2699.50,6.4158
2700.00,6.4407
2700.50,6.4867
2701.00,6.5446
2701.50,6.6012
2702.00,6.6477
2702.50,6.6864
2703.00,6.7256
2703.50,6.7654
2704.00,6.7925
2704.50,6.7930
2705.00,6.7682
2705.50,6.7356
2706.00,6.7138
2706.50,6.7100
2707.00,6.7206
2707.50,6.7397
2708.00,6.7645
2708.50,6.7915
2709.00,6.8120
2709.50,6.8132
2710.00,6.7840
2710.50,6.7227
2711.00,6.6404
2711.50,6.5585
2712.00,6.4981
2712.50,6.4680
2713.00,6.4605
2713.50,6.4600
2714.00,6.4537
2714.50,6.4374
2715.00,6.4137
2715.50,6.3895
2716.00,6.3751
2716.50,6.3798
2717.00,6.4050
2717.50,6.4443
2718.00,6.4902
2718.50,6.5421
2719.00,6.6029
2719.50,6.6685
2720.00,6.7248
2720.50,6.7548
2721.00,6.7482
2721.50,6.7059
2722.00,6.6398
2722.50,6.5680
2723.00,6.5083
2723.50,6.4698
2724.00,6.4496
2724.50,6.4380
2725.00,6.4299
2725.50,6.4286
2726.00,6.4397
2726.50,6.4624
2727.00,6.4876
2727.50,6.5052
2728.00,6.5089
2728.50,6.4975
2729.00,6.4726
2729.50,6.4379
2730.00,6.3988
2730.50,6.3626
2731.00,6.3373
2731.50,6.3294
2732.00,6.3399
2732.50,6.3636
2733.00,6.3936
2733.50,6.4283
2734.00,6.4729
2734.50,6.5302
2735.00,6.5901
2735.50,6.6277
2736.00,6.6201
2736.50,6.5675
2737.00,6.4970
2737.50,6.4435
2738.00,6.4264
2738.50,6.4429
2739.00,6.4780
2739.50,6.5179
2740.00,6.5561
2740.50,6.5922
2741.00,6.6251
2741.50,6.6469
2742.00,6.6441
2742.50,6.6059
2743.00,6.5350
2743.50,6.4501
2744.00,6.3803
2744.50,6.3527
2745.00,6.3775
2745.50,6.4404
2746.00,6.5112
2746.50,6.5621
2747.00,6.5846
2747.50,6.5895
2748.00,6.5953
2748.50,6.6125
2749.00,6.6394
2749.50,6.6675
2750.00,6.6902
2750.50,6.7057
2751.00,6.7136
2751.50,6.7112
2752.00,6.6958
2752.50,6.6700
2753.00,6.6424
2753.50,6.6233
2754.00,6.6166
2754.50,6.6172
2755.00,6.6156
2755.50,6.6064
2756.00,6.5919
2756.50,6.5770
2757.00,6.5619
2757.50,6.5425
2758.00,6.5153
2758.50,6.4813
2759.00,6.4445
2759.50,6.4095
2760.00,6.3825
2760.50,6.3718
2761.00,6.3854
2761.50,6.4254
2762.00,6.4845
2762.50,6.5467
2763.00,6.5941
2763.50,6.6159
2764.00,6.6120
2764.50,6.5900
2765.00,6.5585
2765.50,6.5256
2766.00,6.4976
2766.50,6.4789
2767.00,6.4707
2767.50,6.4711
2768.00,6.4737
2768.50,6.4664
2769.00,6.4351
2769.50,6.3747
2770.00,6.2964
2770.50,6.2218
2771.00,6.1690
2771.50,6.1430
2772.00,6.1385
2772.50,6.1477
2773.00,6.1651
2773.50,6.1881
2774.00,6.2154
2774.50,6.2427
2775.00,6.2627
2775.50,6.2683
2776.00,6.2578
2776.50,6.2358
2777.00,6.2102
2777.50,6.1892
2778.00,6.1782
2778.50,6.1777
2779.00,6.1839
2779.50,6.1938
2780.00,6.2079
2780.50,6.2270
2781.00,6.2471
2781.50,6.2607
2782.00,6.2631
2782.50,6.2523
2783.00,6.2238
2783.50,6.1710
2784.00,6.0950
2784.50,6.0113
2785.00,5.9436
2785.50,5.9089
2786.00,5.9073
2786.50,5.9244
2787.00,5.9424
2787.50,5.9492
2788.00,5.9403
2788.50,5.9171
2789.00,5.8862
2789.50,5.8561
2790.00,5.8307
2790.50,5.8064
2791.00,5.7783
2791.50,5.7502
2792.00,5.7331
2792.50,5.7329
2793.00,5.7422
2793.50,5.7481
2794.00,5.7485
2794.50,5.7560
2795.00,5.7838
2795.50,5.8273
2796.00,5.8635
2796.50,5.8709
2797.00,5.8490
2797.50,5.8188
2798.00,5.8040
2798.50,5.8137
2799.00,5.8401
2799.50,5.8694
2800.00,5.8937
2800.50,5.9137
2801.00,5.9317
2801.50,5.9423
2802.00,5.9318
2802.50,5.8899
2803.00,5.8220
2803.50,5.7506
2804.00,5.7045
2804.50,5.7030
2805.00,5.7458
2805.50,5.8138
2806.00,5.8798
2806.50,5.9221
2807.00,5.9338
2807.50,5.9236
2808.00,5.9081
2808.50,5.9029
2809.00,5.9156
2809.50,5.9430
2810.00,5.9737
2810.50,5.9948
2811.00,6.0041
2811.50,6.0142
2812.00,6.0421
2812.50,6.0915
2813.00,6.1469
2813.50,6.1869
2814.00,6.2007
2814.50,6.1931
2815.00,6.1763
2815.50,6.1597
2816.00,6.1444
2816.50,6.1275
2817.00,6.1100
2817.50,6.1003
2818.00,6.1083
2818.50,6.1357
2819.00,6.1740
2819.50,6.2100
2820.00,6.2325
2820.50,6.2350
2821.00,6.2156
2821.50,6.1770
2822.00,6.1274
2822.50,6.0806
2823.00,6.0523
2823.50,6.0510
2824.00,6.0704
2824.50,6.0899
2825.00,6.0879
2825.50,6.0557
2826.00,6.0023
2826.50,5.9456
2827.00,5.9020
2827.50,5.8774
2828.00,5.8651
2828.50,5.8502
2829.00,5.8210
2829.50,5.7784
2830.00,5.7370
2830.50,5.7146
2831.00,5.7186
2831.50,5.7395
2832.00,5.7568
2832.50,5.7508
2833.00,5.7148
2833.50,5.6571
2834.00,5.5959
2834.50,5.5494
2835.00,5.5284
2835.50,5.5318
2836.00,5.5480
2836.50,5.5631
2837.00,5.5717
2837.50,5.5812
2838.00,5.6064
2838.50,5.6541
2839.00,5.7137
2839.50,5.7626
2840.00,5.7847
2840.50,5.7837
2841.00,5.7767
2841.50,5.7767
2842.00,5.7843
2842.50,5.7949
2843.00,5.8083
2843.50,5.8276
2844.00,5.8500
2844.50,5.8642
2845.00,5.8575
2845.50,5.8255
2846.00,5.7760
2846.50,5.7252
2847.00,5.6899
2847.50,5.6810
2848.00,5.6973
2848.50,5.7238
2849.00,5.7389
2849.50,5.7284
2850.00,5.6941
2850.50,5.6505
2851.00,5.6127
2851.50,5.5898
2852.00,5.5861
2852.50,5.6041
2853.00,5.6417
2853.50,5.6869
2854.00,5.7181
2854.50,5.7145
2855.00,5.6709
2855.50,5.6054
2856.00,5.5521
2856.50,5.5400
2857.00,5.5750
2857.50,5.6397
2858.00,5.7086
2858.50,5.7628
2859.00,5.7920
2859.50,5.7902
2860.00,5.7559
2860.50,5.6968
2861.00,5.6314
2861.50,5.5825
2862.00,5.5672
2862.50,5.5898
2863.00,5.6388
2863.50,5.6912
2864.00,5.7224
2864.50,5.7201
2865.00,5.6943
2865.50,5.6730
2866.00,5.6831
2866.50,5.7310
2867.00,5.7975
2867.50,5.8516
2868.00,5.8719
2868.50,5.8584
2869.00,5.8294
2869.50,5.8066
2870.00,5.8005
2870.50,5.8060
2871.00,5.8080
2871.50,5.7929
2872.00,5.7581
2872.50,5.7142
2873.00,5.6770
2873.50,5.6548
2874.00,5.6427
2874.50,5.6269
2875.00,5.5974
2875.50,5.5575
2876.00,5.5239
2876.50,5.5165
2877.00,5.5459
2877.50,5.6079
2878.00,5.6877
2878.50,5.7705
2879.00,5.8462
2879.50,5.9084
2880.00,5.9528
2880.50,5.9820
2881.00,6.0072
2881.50,6.0366
2882.00,6.0624
2882.50,6.0633
2883.00,6.0266
2883.50,5.9647
2884.00,5.9077
2884.50,5.8806
2885.00,5.8890
2885.50,5.9201
2886.00,5.9541
2886.50,5.9762
2887.00,5.9840
2887.50,5.9871
2888.00,5.9970
2888.50,6.0160
2889.00,6.0356
2889.50,6.0457
2890.00,6.0432
2890.50,6.0325
2891.00,6.0192
2891.50,6.0064
2892.00,5.9934
2892.50,5.9764
2893.00,5.9514
2893.50,5.9194
2894.00,5.8913
2894.50,5.8857
2895.00,5.9174
2895.50,5.9852
2896.00,6.0684
2896.50,6.1370
2897.00,6.1705
2897.50,6.1720
2898.00,6.1637
2898.50,6.1666
2899.00,6.1850
2899.50,6.2044
2900.00,6.2035
2900.50,6.1697
2901.00,6.1092
2901.50,6.0457
2902.00,6.0065
2902.50,6.0053
2903.00,6.0342
2903.50,6.0702
2904.00,6.0934
2904.50,6.1005
