0.00,0.0000
0.50,0.5223
1.00,1.2355
1.50,2.0828
2.00,2.9738
2.50,3.8191
3.00,4.5578
3.50,5.1646
4.00,5.6458
4.50,6.0293
5.00,6.3523
5.50,6.6436
6.00,6.9134
6.50,7.1554
7.00,7.3617
7.50,7.5335
8.00,7.6823
8.50,7.8234
9.00,7.9701
9.50,8.1293
10.00,8.2975
10.50,8.4604
11.00,8.6018
11.50,8.7169
12.00,8.8148
12.50,8.9086
13.00,9.0037
13.50,9.0971
14.00,9.1846
14.50,9.2674
15.00,9.3516
15.50,9.4453
16.00,9.5526
16.50,9.6705
17.00,9.7875
17.50,9.8882
18.00,9.9605
18.50,10.0010
19.00,10.0158
19.50,10.0184
20.00,10.0247
20.50,10.0474
21.00,10.0896
21.50,10.1433
22.00,10.1939
22.50,10.2312
23.00,10.2595
23.50,10.2967
24.00,10.3603
24.50,10.4506
25.00,10.5484
25.50,10.6312
26.00,10.6924
26.50,10.7435
27.00,10.8023
27.50,10.8789
28.00,10.9722
28.50,11.0738
29.00,11.1718
29.50,11.2541
30.00,11.3118
30.50,11.3435
31.00,11.3547
31.50,11.3550
32.00,11.3536
32.50,11.3571
33.00,11.3693
33.50,11.3939
34.00,11.4355
34.50,11.4966
35.00,11.5718
35.50,11.6459
36.00,11.7010
36.50,11.7290
37.00,11.7380
37.50,11.7450
38.00,11.7608
38.50,11.7807
39.00,11.7943
39.50,11.8009
40.00,11.8146
40.50,11.8539
41.00,11.9257
41.50,12.0191
42.00,12.1111
42.50,12.1780
43.00,12.2058
43.50,12.1961
44.00,12.1667
44.50,12.1426
45.00,12.1430
45.50,12.1716
46.00,12.2196
46.50,12.2755
47.00,12.3313
47.50,12.3802
48.00,12.4162
48.50,12.4376
49.00,12.4500
49.50,12.4607
50.00,12.4700
50.50,12.4724
51.00,12.4654
51.50,12.4546
52.00,12.4486
52.50,12.4526
53.00,12.4687
53.50,12.4984
54.00,12.5412
54.50,12.5930
55.00,12.6464
55.50,12.6929
56.00,12.7248
56.50,12.7385
57.00,12.7384
57.50,12.7353
58.00,12.7409
58.50,12.7642
59.00,12.8089
59.50,12.8706
60.00,12.9341
60.50,12.9795
61.00,12.9964
61.50,12.9952
62.00,12.9995
62.50,13.0273
63.00,13.0760
63.50,13.1262
64.00,13.1579
64.50,13.1645
65.00,13.1541
65.50,13.1432
66.00,13.1492
66.50,13.1831
67.00,13.2438
67.50,13.3193
68.00,13.3947
68.50,13.4610
69.00,13.5152
69.50,13.5547
70.00,13.5765
70.50,13.5815
71.00,13.5798
71.50,13.5873
72.00,13.6146
72.50,13.6580
73.00,13.7010
73.50,13.7249
74.00,13.7234
74.50,13.7106
75.00,13.7155
75.50,13.7637
76.00,13.8567
76.50,13.9692
77.00,14.0679
77.50,14.1361
78.00,14.1804
78.50,14.2192
79.00,14.2655
79.50,14.3187
80.00,14.3679
80.50,14.3988
81.00,14.4020
81.50,14.3799
82.00,14.3470
82.50,14.3210
83.00,14.3138
83.50,14.3272
84.00,14.3562
84.50,14.3935
85.00,14.4314
85.50,14.4626
86.00,14.4814
86.50,14.4867
87.00,14.4847
87.50,14.4877
88.00,14.5073
88.50,14.5459
89.00,14.5942
89.50,14.6374
90.00,14.6666
90.50,14.6815
91.00,14.6843
91.50,14.6745
92.00,14.6530
92.50,14.6289
93.00,14.6171
93.50,14.6275
94.00,14.6571
94.50,14.6924
95.00,14.7196
95.50,14.7326
96.00,14.7359
96.50,14.7402
97.00,14.7567
97.50,14.7908
98.00,14.8411
98.50,14.9011
99.00,14.9612
99.50,15.0123
100.00,15.0490
100.50,15.0704
101.00,15.0806
101.50,15.0872
102.00,15.0989
102.50,15.1199
103.00,15.1475
103.50,15.1758
104.00,15.2019
104.50,15.2300
105.00,15.2672
105.50,15.3152
106.00,15.3681
106.50,15.4171
107.00,15.4583
107.50,15.4937
108.00,15.5293
108.50,15.5724
109.00,15.6281
109.50,15.6931
110.00,15.7530
110.50,15.7891
111.00,15.7926
111.50,15.7725
112.00,15.7478
112.50,15.7334
113.00,15.7317
113.50,15.7361
114.00,15.7392
114.50,15.7382
115.00,15.7375
115.50,15.7472
116.00,15.7790
116.50,15.8381
117.00,15.9181
117.50,16.0025
118.00,16.0734
118.50,16.1197
119.00,16.1399
119.50,16.1380
120.00,16.1202
120.50,16.0953
121.00,16.0751
121.50,16.0719
122.00,16.0937
122.50,16.1428
123.00,16.2161
123.50,16.3036
124.00,16.3874
124.50,16.4481
125.00,16.4769
125.50,16.4803
126.00,16.4729
126.50,16.4656
127.00,16.4624
127.50,16.4665
128.00,16.4840
128.50,16.5199
129.00,16.5710
129.50,16.6256
130.00,16.6725
130.50,16.7080
131.00,16.7350
131.50,16.7555
132.00,16.7674
132.50,16.7701
133.00,16.7693
133.50,16.7744
134.00,16.7895
134.50,16.8080
135.00,16.8191
135.50,16.8189
136.00,16.8147
136.50,16.8187
137.00,16.8391
137.50,16.8780
138.00,16.9323
138.50,16.9943
139.00,17.0519
139.50,17.0938
140.00,17.1160
140.50,17.1240
141.00,17.1266
141.50,17.1304
142.00,17.1409
142.50,17.1642
143.00,17.2044
143.50,17.2587
144.00,17.3173
144.50,17.3671
145.00,17.3967
145.50,17.4000
146.00,17.3810
146.50,17.3538
147.00,17.3354
147.50,17.3357
148.00,17.3556
148.50,17.3889
149.00,17.4255
149.50,17.4535
150.00,17.4637
150.50,17.4552
151.00,17.4355
151.50,17.4134
152.00,17.3951
152.50,17.3853
153.00,17.3904
153.50,17.4147
154.00,17.4538
154.50,17.4948
155.00,17.5250
155.50,17.5397
156.00,17.5415
156.50,17.5352
157.00,17.5250
157.50,17.5159
158.00,17.5134
158.50,17.5221
159.00,17.5425
159.50,17.5706
160.00,17.5982
160.50,17.6158
161.00,17.6181
161.50,17.6065
162.00,17.5877
162.50,17.5713
163.00,17.5670
163.50,17.5821
164.00,17.6165
164.50,17.6618
165.00,17.7061
165.50,17.7409
166.00,17.7644
166.50,17.7793
167.00,17.7884
167.50,17.7924
168.00,17.7899
168.50,17.7812
169.00,17.7688
169.50,17.7556
170.00,17.7434
170.50,17.7346
171.00,17.7353
171.50,17.7531
172.00,17.7903
172.50,17.8386
173.00,17.8813
173.50,17.9013
174.00,17.8921
174.50,17.8627
175.00,17.8329
175.50,17.8203
176.00,17.8285
176.50,17.8457
177.00,17.8541
177.50,17.8445
178.00,17.8262
178.50,17.8226
179.00,17.8566
179.50,17.9350
180.00,18.0433
180.50,18.1531
181.00,18.2357
181.50,18.2749
182.00,18.2726
182.50,18.2461
183.00,18.2160
183.50,18.1951
184.00,18.1869
184.50,18.1937
185.00,18.2189
185.50,18.2609
186.00,18.3039
186.50,18.3228
187.00,18.2995
187.50,18.2353
188.00,18.1502
188.50,18.0716
189.00,18.0231
189.50,18.0176
190.00,18.0541
190.50,18.1184
191.00,18.1885
191.50,18.2425
192.00,18.2678
192.50,18.2638
193.00,18.2412
193.50,18.2157
194.00,18.2014
194.50,18.2033
195.00,18.2150
195.50,18.2247
196.00,18.2266
196.50,18.2269
197.00,18.2365
197.50,18.2604
198.00,18.2919
198.50,18.3179
199.00,18.3281
199.50,18.3207
200.00,18.3027
200.50,18.2840
201.00,18.2711
201.50,18.2653
202.00,18.2657
202.50,18.2718
203.00,18.2850
203.50,18.3083
204.00,18.3439
204.50,18.3902
205.00,18.4391
205.50,18.4791
206.00,18.5006
206.50,18.5001
207.00,18.4809
207.50,18.4534
208.00,18.4322
208.50,18.4296
209.00,18.4479
209.50,18.4779
210.00,18.5078
210.50,18.5331
211.00,18.5572
211.50,18.5856
212.00,18.6208
212.50,18.6596
213.00,18.6943
213.50,18.7151
214.00,18.7170
214.50,18.7030
215.00,18.6803
215.50,18.6539
216.00,18.6257
216.50,18.5987
217.00,18.5795
217.50,18.5742
218.00,18.5828
218.50,18.6005
219.00,18.6247
219.50,18.6575
220.00,18.6993
220.50,18.7427
221.00,18.7768
221.50,18.7993
222.00,18.8205
222.50,18.8526
223.00,18.8946
223.50,18.9298
224.00,18.9377
224.50,18.9105
225.00,18.8609
225.50,18.8142
226.00,18.7915
226.50,18.7978
227.00,18.8215
227.50,18.8444
228.00,18.8545
228.50,18.8527
229.00,18.8485
229.50,18.8511
230.00,18.8640
230.50,18.8845
231.00,18.9062
231.50,18.9200
232.00,18.9201
232.50,18.9109
233.00,18.9070
233.50,18.9210
234.00,18.9537
234.50,18.9958
235.00,19.0389
235.50,19.0823
236.00,19.1288
236.50,19.1789
237.00,19.2270
237.50,19.2629
238.00,19.2756
238.50,19.2593
239.00,19.2182
239.50,19.1662
240.00,19.1206
240.50,19.0932
241.00,19.0846
241.50,19.0836
242.00,19.0750
242.50,19.0514
243.00,19.0197
243.50,18.9940
244.00,18.9815
244.50,18.9758
245.00,18.9634
245.50,18.9386
246.00,18.9090
246.50,18.8883
247.00,18.8846
247.50,18.8958
248.00,18.9140
248.50,18.9336
249.00,18.9540
249.50,18.9784
250.00,19.0079
250.50,19.0375
251.00,19.0595
251.50,19.0703
252.00,19.0749
252.50,19.0835
253.00,19.1029
253.50,19.1326
254.00,19.1678
254.50,19.2033
255.00,19.2352
255.50,19.2603
256.00,19.2742
256.50,19.2744
257.00,19.2663
257.50,19.2635
258.00,19.2784
258.50,19.3094
259.00,19.3384
259.50,19.3454
260.00,19.3242
260.50,19.2879
261.00,19.2576
261.50,19.2475
262.00,19.2573
262.50,19.2751
263.00,19.2864
263.50,19.2826
264.00,19.2656
264.50,19.2476
265.00,19.2466
265.50,19.2768
266.00,19.3391
266.50,19.4174
267.00,19.4887
267.50,19.5391
268.00,19.5741
268.50,19.6131
269.00,19.6706
269.50,19.7401
270.00,19.7955
270.50,19.8114
271.00,19.7852
271.50,19.7396
272.00,19.7010
272.50,19.6759
273.00,19.6494
273.50,19.6070
274.00,19.5544
274.50,19.5158
275.00,19.5134
275.50,19.5502
276.00,19.6056
276.50,19.6497
277.00,19.6614
277.50,19.6417
278.00,19.6088
278.50,19.5826
279.00,19.5719
279.50,19.5757
280.00,19.5942
280.50,19.6337
281.00,19.7002
281.50,19.7869
282.00,19.8714
282.50,19.9274
283.00,19.9425
283.50,19.9261
284.00,19.9020
284.50,19.8909
285.00,19.8983
285.50,19.9171
286.00,19.9387
286.50,19.9602
287.00,19.9817
287.50,20.0030
288.00,20.0253
288.50,20.0560
289.00,20.1045
289.50,20.1722
290.00,20.2469
290.50,20.3120
291.00,20.3604
291.50,20.3967
292.00,20.4271
292.50,20.4507
293.00,20.4590
293.50,20.4436
294.00,20.4042
294.50,20.3537
295.00,20.3144
295.50,20.3051
296.00,20.3260
296.50,20.3573
297.00,20.3736
297.50,20.3635
298.00,20.3374
298.50,20.3187
299.00,20.3268
299.50,20.3641
300.00,20.4138
300.50,20.4503
301.00,20.4562
301.50,20.4349
302.00,20.4085
302.50,20.3984
303.00,20.4073
303.50,20.4163
304.00,20.4019
304.50,20.3562
305.00,20.2931
305.50,20.2366
306.00,20.2059
306.50,20.2074
307.00,20.2360
307.50,20.2775
308.00,20.3140
308.50,20.3308
309.00,20.3237
309.50,20.2991
310.00,20.2680
310.50,20.2399
311.00,20.2206
311.50,20.2122
312.00,20.2130
312.50,20.2210
313.00,20.2369
313.50,20.2624
314.00,20.2952
314.50,20.3288
315.00,20.3566
315.50,20.3774
316.00,20.3939
316.50,20.4080
317.00,20.4201
317.50,20.4296
318.00,20.4362
318.50,20.4401
319.00,20.4414
319.50,20.4408
320.00,20.4394
320.50,20.4399
321.00,20.4450
321.50,20.4548
322.00,20.4646
322.50,20.4669
323.00,20.4577
323.50,20.4413
324.00,20.4301
324.50,20.4392
325.00,20.4778
325.50,20.5404
326.00,20.6031
326.50,20.6348
327.00,20.6182
327.50,20.5637
328.00,20.5025
328.50,20.4644
329.00,20.4588
329.50,20.4746
330.00,20.4936
330.50,20.5052
331.00,20.5106
331.50,20.5184
332.00,20.5375
332.50,20.5724
333.00,20.6217
333.50,20.6796
334.00,20.7389
334.50,20.7926
335.00,20.8370
335.50,20.8714
336.00,20.8954
336.50,20.9054
337.00,20.8955
337.50,20.8642
338.00,20.8191
338.50,20.7733
339.00,20.7371
339.50,20.7135
340.00,20.7012
340.50,20.6995
341.00,20.7089
341.50,20.7291
342.00,20.7583
342.50,20.7947
343.00,20.8357
343.50,20.8760
344.00,20.9077
344.50,20.9248
345.00,20.9284
345.50,20.9258
346.00,20.9249
346.50,20.9287
347.00,20.9353
347.50,20.9400
348.00,20.9396
348.50,20.9339
349.00,20.9266
349.50,20.9242
350.00,20.9311
350.50,20.9439
351.00,20.9509
351.50,20.9420
352.00,20.9195
352.50,20.8997
353.00,20.8994
353.50,20.9222
354.00,20.9535
354.50,20.9702
355.00,20.9535
355.50,20.8981
356.00,20.8146
356.50,20.7257
357.00,20.6558
357.50,20.6214
358.00,20.6265
358.50,20.6659
359.00,20.7305
359.50,20.8088
360.00,20.8856
360.50,20.9438
361.00,20.9711
361.50,20.9681
362.00,20.9480
362.50,20.9255
363.00,20.9037
363.50,20.8747
364.00,20.8333
364.50,20.7894
365.00,20.7627
365.50,20.7657
366.00,20.7941
366.50,20.8329
367.00,20.8677
367.50,20.8903
368.00,20.9018
368.50,20.9097
369.00,20.9224
369.50,20.9441
370.00,20.9754
370.50,21.0202
371.00,21.0842
371.50,21.1633
372.00,21.2352
372.50,21.2682
373.00,21.2428
373.50,21.1658
374.00,21.0675
374.50,20.9856
375.00,20.9477
375.50,20.9586
376.00,20.9981
376.50,21.0320
377.00,21.0318
377.50,20.9921
378.00,20.9329
378.50,20.8872
379.00,20.8834
379.50,20.9345
380.00,21.0346
380.50,21.1595
381.00,21.2736
381.50,21.3458
382.00,21.3667
382.50,21.3539
383.00,21.3356
383.50,21.3265
384.00,21.3197
384.50,21.2985
385.00,21.2543
385.50,21.1935
386.00,21.1323
386.50,21.0864
387.00,21.0636
387.50,21.0599
388.00,21.0632
388.50,21.0609
389.00,21.0484
389.50,21.0298
390.00,21.0127
390.50,21.0028
391.00,21.0019
391.50,21.0091
392.00,21.0216
392.50,21.0339
393.00,21.0401
393.50,21.0377
394.00,21.0320
394.50,21.0339
395.00,21.0511
395.50,21.0786
396.00,21.1005
396.50,21.1020
397.00,21.0826
397.50,21.0556
398.00,21.0385
398.50,21.0414
399.00,21.0634
399.50,21.0947
400.00,21.1217
400.50,21.1328
401.00,21.1245
401.50,21.1051
402.00,21.0917
402.50,21.1005
403.00,21.1379
403.50,21.1965
404.00,21.2559
404.50,21.2909
405.00,21.2845
405.50,21.2384
406.00,21.1713
406.50,21.1061
407.00,21.0562
407.50,21.0220
408.00,20.9978
408.50,20.9807
409.00,20.9729
409.50,20.9763
410.00,20.9891
410.50,21.0066
411.00,21.0257
411.50,21.0475
412.00,21.0747
412.50,21.1072
413.00,21.1382
413.50,21.1574
414.00,21.1596
414.50,21.1523
415.00,21.1507
415.50,21.1642
416.00,21.1866
416.50,21.1999
417.00,21.1905
417.50,21.1611
418.00,21.1300
418.50,21.1161
419.00,21.1248
419.50,21.1473
420.00,21.1719
420.50,21.1963
421.00,21.2292
421.50,21.2794
422.00,21.3432
422.50,21.4011
423.00,21.4274
423.50,21.4059
424.00,21.3398
424.50,21.2508
425.00,21.1680
425.50,21.1131
426.00,21.0900
426.50,21.0868
427.00,21.0869
427.50,21.0813
428.00,21.0722
428.50,21.0700
429.00,21.0862
429.50,21.1285
430.00,21.1980
430.50,21.2855
431.00,21.3711
431.50,21.4297
432.00,21.4451
432.50,21.4234
433.00,21.3919
433.50,21.3794
434.00,21.3932
434.50,21.4152
435.00,21.4229
435.50,21.4135
436.00,21.4070
436.50,21.4250
437.00,21.4661
437.50,21.5046
438.00,21.5111
438.50,21.4766
439.00,21.4178
439.50,21.3620
440.00,21.3277
440.50,21.3159
441.00,21.3174
441.50,21.3228
442.00,21.3291
442.50,21.3366
443.00,21.3447
443.50,21.3532
444.00,21.3645
444.50,21.3820
445.00,21.4032
445.50,21.4164
446.00,21.4090
446.50,21.3770
447.00,21.3291
447.50,21.2797
448.00,21.2409
448.50,21.2195
449.00,21.2183
449.50,21.2350
450.00,21.2607
450.50,21.2800
451.00,21.2777
451.50,21.2488
452.00,21.2039
452.50,21.1646
453.00,21.1493
453.50,21.1618
454.00,21.1880
454.50,21.2059
455.00,21.1993
455.50,21.1677
456.00,21.1259
456.50,21.0986
457.00,21.1081
457.50,21.1621
458.00,21.2446
458.50,21.3229
459.00,21.3671
459.50,21.3684
460.00,21.3418
460.50,21.3120
461.00,21.2946
461.50,21.2891
462.00,21.2866
462.50,21.2806
463.00,21.2692
463.50,21.2502
464.00,21.2206
464.50,21.1832
465.00,21.1515
465.50,21.1402
466.00,21.1527
466.50,21.1751
467.00,21.1872
467.50,21.1802
468.00,21.1680
468.50,21.1785
469.00,21.2305
469.50,21.3137
470.00,21.3918
470.50,21.4271
471.00,21.4060
471.50,21.3438
472.00,21.2705
472.50,21.2110
473.00,21.1735
473.50,21.1543
474.00,21.1492
474.50,21.1596
475.00,21.1888
475.50,21.2353
476.00,21.2924
476.50,21.3525
477.00,21.4098
477.50,21.4580
478.00,21.4914
478.50,21.5094
479.00,21.5164
479.50,21.5177
480.00,21.5141
480.50,21.5031
481.00,21.4829
481.50,21.4566
482.00,21.4316
482.50,21.4166
483.00,21.4155
483.50,21.4237
484.00,21.4312
484.50,21.4293
485.00,21.4167
485.50,21.3968
486.00,21.3710
486.50,21.3357
487.00,21.2865
487.50,21.2261
488.00,21.1654
488.50,21.1165
489.00,21.0870
489.50,21.0807
490.00,21.1007
490.50,21.1452
491.00,21.2013
491.50,21.2490
492.00,21.2762
492.50,21.2876
493.00,21.2986
493.50,21.3202
494.00,21.3526
494.50,21.3902
495.00,21.4262
495.50,21.4518
496.00,21.4549
496.50,21.4269
497.00,21.3702
497.50,21.2987
498.00,21.2310
498.50,21.1841
499.00,21.1719
499.50,21.2033
500.00,21.2757
500.50,21.3719
501.00,21.4647
501.50,21.5292
502.00,21.5527
502.50,21.5390
503.00,21.5035
503.50,21.4645
504.00,21.4329
504.50,21.4096
505.00,21.3909
505.50,21.3770
506.00,21.3720
506.50,21.3769
507.00,21.3848
507.50,21.3850
508.00,21.3686
508.50,21.3315
509.00,21.2758
509.50,21.2140
510.00,21.1683
510.50,21.1580
511.00,21.1849
511.50,21.2318
512.00,21.2767
512.50,21.3043
513.00,21.3071
513.50,21.2797
514.00,21.2215
514.50,21.1450
515.00,21.0752
515.50,21.0363
516.00,21.0353
516.50,21.0604
517.00,21.0940
517.50,21.1247
518.00,21.1478
518.50,21.1610
519.00,21.1625
519.50,21.1530
520.00,21.1323
520.50,21.0949
521.00,21.0325
521.50,20.9477
522.00,20.8586
522.50,20.7891
523.00,20.7520
523.50,20.7447
524.00,20.7580
524.50,20.7844
525.00,20.8185
525.50,20.8521
526.00,20.8757
526.50,20.8872
527.00,20.8980
527.50,20.9247
528.00,20.9698
528.50,21.0145
529.00,21.0316
529.50,21.0080
530.00,20.9531
530.50,20.8912
531.00,20.8470
531.50,20.8351
532.00,20.8548
532.50,20.8903
533.00,20.9185
533.50,20.9217
534.00,20.8985
534.50,20.8650
535.00,20.8421
535.50,20.8394
536.00,20.8518
536.50,20.8687
537.00,20.8872
537.50,20.9117
538.00,20.9467
538.50,20.9911
539.00,21.0398
539.50,21.0873
540.00,21.1283
540.50,21.1559
541.00,21.1641
541.50,21.1524
542.00,21.1292
542.50,21.1080
543.00,21.1006
543.50,21.1118
544.00,21.1374
544.50,21.1671
545.00,21.1900
545.50,21.1999
546.00,21.1990
546.50,21.1955
547.00,21.1975
547.50,21.2080
548.00,21.2238
548.50,21.2377
549.00,21.2427
549.50,21.2371
550.00,21.2249
550.50,21.2121
551.00,21.1996
551.50,21.1843
552.00,21.1657
552.50,21.1508
553.00,21.1477
553.50,21.1563
554.00,21.1673
554.50,21.1704
555.00,21.1622
555.50,21.1446
556.00,21.1192
556.50,21.0868
557.00,21.0535
557.50,21.0333
558.00,21.0396
558.50,21.0720
559.00,21.1137
559.50,21.1439
560.00,21.1526
560.50,21.1451
561.00,21.1347
561.50,21.1299
562.00,21.1280
562.50,21.1184
563.00,21.0931
563.50,21.0553
564.00,21.0180
564.50,20.9963
565.00,20.9991
565.50,21.0258
566.00,21.0682
566.50,21.1142
567.00,21.1519
567.50,21.1749
568.00,21.1852
568.50,21.1911
569.00,21.1989
569.50,21.2053
570.00,21.1979
570.50,21.1672
571.00,21.1159
571.50,21.0590
572.00,21.0129
572.50,20.9838
573.00,20.9676
573.50,20.9560
574.00,20.9447
574.50,20.9371
575.00,20.9418
575.50,20.9646
576.00,21.0023
576.50,21.0416
577.00,21.0671
577.50,21.0712
578.00,21.0592
578.50,21.0439
579.00,21.0337
579.50,21.0245
580.00,21.0035
580.50,20.9617
581.00,20.9038
581.50,20.8473
582.00,20.8128
582.50,20.8132
583.00,20.8470
583.50,20.8998
584.00,20.9526
584.50,20.9928
585.00,21.0194
585.50,21.0371
586.00,21.0477
586.50,21.0490
587.00,21.0411
587.50,21.0289
588.00,21.0178
588.50,21.0082
589.00,20.9959
589.50,20.9780
590.00,20.9564
590.50,20.9359
591.00,20.9185
591.50,20.9029
592.00,20.8911
592.50,20.8911
593.00,20.9119
593.50,20.9532
594.00,21.0021
594.50,21.0412
595.00,21.0571
595.50,21.0455
596.00,21.0124
596.50,20.9735
597.00,20.9490
597.50,20.9518
598.00,20.9767
598.50,21.0017
599.00,21.0021
599.50,20.9693
600.00,20.9183
600.50,20.8781
601.00,20.8709
601.50,20.8969
602.00,20.9355
602.50,20.9620
603.00,20.9643
603.50,20.9490
604.00,20.9325
604.50,20.9272
605.00,20.9334
605.50,20.9419
606.00,20.9409
606.50,20.9232
607.00,20.8895
607.50,20.8495
608.00,20.8175
608.50,20.8037
609.00,20.8050
609.50,20.8046
610.00,20.7859
610.50,20.7484
611.00,20.7110
611.50,20.6965
612.00,20.7111
612.50,20.7377
613.00,20.7483
613.50,20.7286
614.00,20.6919
614.50,20.6704
615.00,20.6868
615.50,20.7330
616.00,20.7768
616.50,20.7898
617.00,20.7669
617.50,20.7220
618.00,20.6692
618.50,20.6146
619.00,20.5635
619.50,20.5271
620.00,20.5169
620.50,20.5316
621.00,20.5533
621.50,20.5568
622.00,20.5244
622.50,20.4548
623.00,20.3641
623.50,20.2771
624.00,20.2149
624.50,20.1845
625.00,20.1816
625.50,20.1999
626.00,20.2358
626.50,20.2823
627.00,20.3252
627.50,20.3500
628.00,20.3516
628.50,20.3352
629.00,20.3094
629.50,20.2811
630.00,20.2566
630.50,20.2470
631.00,20.2656
631.50,20.3176
632.00,20.3901
632.50,20.4553
633.00,20.4863
633.50,20.4741
634.00,20.4290
634.50,20.3687
635.00,20.3078
635.50,20.2522
636.00,20.1990
636.50,20.1404
637.00,20.0741
637.50,20.0112
638.00,19.9716
638.50,19.9671
639.00,19.9892
639.50,20.0156
640.00,20.0298
640.50,20.0333
641.00,20.0381
641.50,20.0506
642.00,20.0612
642.50,20.0521
643.00,20.0131
643.50,19.9518
644.00,19.8904
644.50,19.8507
645.00,19.8396
645.50,19.8465
646.00,19.8525
646.50,19.8423
647.00,19.8126
647.50,19.7734
648.00,19.7442
648.50,19.7432
649.00,19.7747
649.50,19.8261
650.00,19.8785
650.50,19.9204
651.00,19.9508
651.50,19.9683
652.00,19.9629
652.50,19.9231
653.00,19.8505
653.50,19.7627
654.00,19.6803
654.50,19.6134
655.00,19.5639
655.50,19.5349
656.00,19.5334
656.50,19.5625
657.00,19.6153
657.50,19.6777
658.00,19.7343
658.50,19.7748
659.00,19.7973
659.50,19.8066
660.00,19.8098
660.50,19.8113
661.00,19.8137
661.50,19.8237
662.00,19.8502
662.50,19.8958
663.00,19.9525
663.50,20.0087
664.00,20.0584
664.50,20.0989
665.00,20.1224
665.50,20.1181
666.00,20.0847
666.50,20.0365
667.00,19.9928
667.50,19.9637
668.00,19.9473
668.50,19.9410
669.00,19.9478
669.50,19.9692
670.00,19.9947
670.50,20.0044
671.00,19.9840
671.50,19.9374
672.00,19.8819
672.50,19.8348
673.00,19.8073
673.50,19.8073
674.00,19.8400
674.50,19.9002
675.00,19.9678
675.50,20.0172
676.00,20.0350
676.50,20.0277
677.00,20.0136
677.50,20.0074
678.00,20.0109
678.50,20.0155
679.00,20.0118
679.50,20.0002
680.00,19.9928
680.50,20.0063
681.00,20.0495
681.50,20.1167
682.00,20.1908
682.50,20.2515
683.00,20.2829
683.50,20.2750
684.00,20.2223
684.50,20.1246
685.00,19.9931
685.50,19.8530
686.00,19.7364
686.50,19.6643
687.00,19.6337
687.50,19.6225
688.00,19.6093
688.50,19.5898
689.00,19.5728
689.50,19.5658
690.00,19.5684
690.50,19.5803
691.00,19.6059
691.50,19.6479
692.00,19.6968
692.50,19.7316
693.00,19.7340
693.50,19.7010
694.00,19.6461
694.50,19.5892
695.00,19.5455
695.50,19.5194
696.00,19.5072
696.50,19.5047
697.00,19.5134
697.50,19.5390
698.00,19.5834
698.50,19.6370
699.00,19.6839
699.50,19.7164
700.00,19.7433
700.50,19.7779
701.00,19.8169
701.50,19.8363
702.00,19.8130
702.50,19.7499
703.00,19.6777
703.50,19.6314
704.00,19.6290
704.50,19.6674
705.00,19.7312
705.50,19.7991
706.00,19.8520
706.50,19.8830
707.00,19.9049
707.50,19.9425
708.00,20.0128
708.50,20.1105
709.00,20.2102
709.50,20.2828
710.00,20.3147
710.50,20.3156
711.00,20.3113
711.50,20.3284
712.00,20.3799
712.50,20.4609
713.00,20.5522
713.50,20.6292
714.00,20.6719
714.50,20.6742
715.00,20.6467
715.50,20.6099
716.00,20.5844
716.50,20.5818
717.00,20.6015
717.50,20.6339
718.00,20.6664
718.50,20.6911
719.00,20.7085
719.50,20.7262
720.00,20.7508
720.50,20.7810
721.00,20.8069
721.50,20.8156
722.00,20.7992
722.50,20.7604
723.00,20.7112
723.50,20.6652
724.00,20.6287
724.50,20.5985
725.00,20.5671
725.50,20.5312
726.00,20.4954
726.50,20.4693
727.00,20.4611
727.50,20.4743
728.00,20.5083
728.50,20.5600
729.00,20.6230
729.50,20.6840
730.00,20.7261
730.50,20.7387
731.00,20.7266
731.50,20.7071
732.00,20.6962
732.50,20.6980
733.00,20.7072
733.50,20.7165
734.00,20.7234
734.50,20.7295
735.00,20.7381
735.50,20.7506
736.00,20.7640
736.50,20.7737
737.00,20.7779
737.50,20.7795
738.00,20.7838
738.50,20.7951
739.00,20.8141
739.50,20.8385
740.00,20.8653
740.50,20.8926
741.00,20.9190
741.50,20.9399
742.00,20.9494
742.50,20.9455
743.00,20.9356
743.50,20.9315
744.00,20.9391
744.50,20.9517
745.00,20.9549
745.50,20.9388
746.00,20.9049
746.50,20.8617
747.00,20.8175
747.50,20.7784
748.00,20.7507
748.50,20.7380
749.00,20.7376
749.50,20.7423
750.00,20.7496
750.50,20.7650
751.00,20.7940
751.50,20.8325
752.00,20.8691
752.50,20.8966
753.00,20.9212
753.50,20.9577
754.00,21.0135
754.50,21.0765
755.00,21.1194
755.50,21.1194
756.00,21.0778
756.50,21.0208
757.00,20.9814
757.50,20.9776
758.00,21.0026
758.50,21.0326
759.00,21.0423
759.50,21.0178
760.00,20.9612
760.50,20.8900
761.00,20.8308
761.50,20.8074
762.00,20.8284
762.50,20.8820
763.00,20.9426
763.50,20.9853
764.00,20.9981
764.50,20.9856
765.00,20.9628
765.50,20.9445
766.00,20.9371
766.50,20.9384
767.00,20.9437
767.50,20.9511
768.00,20.9616
768.50,20.9747
769.00,20.9880
769.50,21.0002
770.00,21.0138
770.50,21.0349
771.00,21.0691
771.50,21.1181
772.00,21.1756
772.50,21.2260
773.00,21.2518
773.50,21.2454
774.00,21.2147
774.50,21.1771
775.00,21.1491
775.50,21.1402
776.00,21.1518
776.50,21.1758
777.00,21.1962
777.50,21.1968
778.00,21.1717
778.50,21.1300
779.00,21.0902
779.50,21.0690
780.00,21.0722
780.50,21.0944
781.00,21.1248
781.50,21.1555
782.00,21.1850
782.50,21.2144
783.00,21.2418
783.50,21.2630
784.00,21.2770
784.50,21.2875
785.00,21.2983
785.50,21.3083
786.00,21.3147
786.50,21.3182
787.00,21.3251
787.50,21.3421
788.00,21.3694
788.50,21.3989
789.00,21.4197
789.50,21.4260
790.00,21.4253
790.50,21.4345
791.00,21.4658
791.50,21.5122
792.00,21.5506
792.50,21.5608
793.00,21.5423
793.50,21.5142
794.00,21.4987
794.50,21.5053
795.00,21.5266
795.50,21.5437
796.00,21.5359
796.50,21.4915
797.00,21.4154
797.50,21.3281
798.00,21.2545
798.50,21.2085
799.00,21.1885
799.50,21.1836
800.00,21.1828
800.50,21.1786
801.00,21.1680
801.50,21.1562
802.00,21.1567
802.50,21.1854
803.00,21.2458
803.50,21.3218
804.00,21.3838
804.50,21.4071
805.00,21.3878
805.50,21.3439
806.00,21.3032
806.50,21.2856
807.00,21.2938
807.50,21.3164
808.00,21.3402
808.50,21.3598
809.00,21.3767
809.50,21.3939
810.00,21.4113
810.50,21.4252
811.00,21.4302
811.50,21.4193
812.00,21.3860
812.50,21.3305
813.00,21.2635
813.50,21.2024
814.00,21.1611
814.50,21.1439
815.00,21.1459
815.50,21.1594
816.00,21.1768
816.50,21.1920
817.00,21.1998
817.50,21.1981
818.00,21.1876
818.50,21.1728
819.00,21.1608
819.50,21.1596
820.00,21.1748
820.50,21.2090
821.00,21.2616
821.50,21.3266
822.00,21.3896
822.50,21.4299
823.00,21.4299
823.50,21.3863
824.00,21.3142
824.50,21.2392
825.00,21.1869
825.50,21.1703
826.00,21.1830
826.50,21.2017
827.00,21.1999
827.50,21.1642
828.00,21.1022
828.50,21.0347
829.00,20.9839
829.50,20.9641
830.00,20.9793
830.50,21.0219
831.00,21.0749
831.50,21.1187
832.00,21.1412
832.50,21.1429
833.00,21.1352
833.50,21.1308
834.00,21.1356
834.50,21.1476
835.00,21.1616
835.50,21.1740
836.00,21.1841
836.50,21.1924
837.00,21.2001
837.50,21.2085
838.00,21.2229
838.50,21.2532
839.00,21.3074
839.50,21.3792
840.00,21.4442
840.50,21.4743
841.00,21.4580
841.50,21.4097
842.00,21.3584
842.50,21.3257
843.00,21.3114
843.50,21.2988
844.00,21.2722
844.50,21.2302
845.00,21.1831
845.50,21.1397
846.00,21.0991
846.50,21.0548
847.00,21.0038
847.50,20.9506
848.00,20.9048
848.50,20.8767
849.00,20.8731
849.50,20.8953
850.00,20.9377
850.50,20.9911
851.00,21.0462
851.50,21.0964
852.00,21.1362
852.50,21.1611
853.00,21.1692
853.50,21.1627
854.00,21.1461
854.50,21.1223
855.00,21.0923
855.50,21.0597
856.00,21.0351
856.50,21.0336
857.00,21.0638
857.50,21.1207
858.00,21.1891
858.50,21.2527
859.00,21.2991
859.50,21.3181
860.00,21.3061
860.50,21.2752
861.00,21.2538
861.50,21.2698
862.00,21.3302
862.50,21.4165
863.00,21.5022
863.50,21.5708
864.00,21.6173
864.50,21.6376
865.00,21.6247
865.50,21.5761
866.00,21.5014
866.50,21.4190
867.00,21.3473
867.50,21.2991
868.00,21.2801
868.50,21.2885
869.00,21.3160
869.50,21.3553
870.00,21.4081
870.50,21.4844
871.00,21.5897
871.50,21.7116
872.00,21.8219
872.50,21.8965
873.00,21.9341
873.50,21.9565
874.00,21.9885
874.50,22.0356
875.00,22.0795
875.50,22.0926
876.00,22.0601
876.50,21.9929
877.00,21.9229
877.50,21.8840
878.00,21.8906
878.50,21.9302
879.00,21.9726
879.50,21.9903
880.00,21.9715
880.50,21.9208
881.00,21.8501
881.50,21.7736
882.00,21.7076
882.50,21.6673
883.00,21.6590
883.50,21.6755
884.00,21.7034
884.50,21.7339
885.00,21.7684
885.50,21.8140
886.00,21.8739
886.50,21.9429
887.00,22.0096
887.50,22.0621
888.00,22.0907
888.50,22.0889
889.00,22.0563
889.50,22.0032
890.00,21.9499
890.50,21.9148
891.00,21.9005
891.50,21.8940
892.00,21.8813
892.50,21.8628
893.00,21.8524
893.50,21.8601
894.00,21.8796
894.50,21.8933
895.00,21.8899
895.50,21.8739
896.00,21.8568
896.50,21.8427
897.00,21.8252
897.50,21.7981
898.00,21.7649
898.50,21.7343
899.00,21.7100
899.50,21.6870
900.00,21.6602
900.50,21.6327
901.00,21.6150
901.50,21.6166
902.00,21.6393
902.50,21.6771
903.00,21.7197
903.50,21.7570
904.00,21.7851
904.50,21.8090
905.00,21.8414
905.50,21.8936
906.00,21.9680
906.50,22.0541
907.00,22.1349
907.50,22.1954
908.00,22.2291
908.50,22.2367
909.00,22.2220
909.50,22.1925
910.00,22.1626
910.50,22.1525
911.00,22.1767
911.50,22.2313
912.00,22.2923
912.50,22.3299
913.00,22.3287
913.50,22.2985
914.00,22.2651
914.50,22.2509
915.00,22.2611
915.50,22.2881
916.00,22.3246
916.50,22.3689
917.00,22.4151
917.50,22.4448
918.00,22.4357
918.50,22.3811
919.00,22.2982
919.50,22.2155
920.00,22.1527
920.50,22.1123
921.00,22.0873
921.50,22.0721
922.00,22.0645
922.50,22.0590
923.00,22.0433
923.50,22.0060
924.00,21.9474
924.50,21.8797
925.00,21.8168
925.50,21.7665
926.00,21.7318
926.50,21.7167
927.00,21.7268
927.50,21.7640
928.00,21.8226
928.50,21.8906
929.00,21.9539
929.50,22.0022
930.00,22.0343
930.50,22.0593
931.00,22.0891
931.50,22.1291
932.00,22.1734
932.50,22.2093
933.00,22.2279
933.50,22.2293
934.00,22.2205
934.50,22.2103
935.00,22.2049
935.50,22.2045
936.00,22.2029
936.50,22.1907
937.00,22.1636
937.50,22.1297
938.00,22.1073
938.50,22.1137
939.00,22.1505
939.50,22.2001
940.00,22.2384
940.50,22.2536
941.00,22.2546
941.50,22.2586
942.00,22.2708
942.50,22.2798
943.00,22.2708
943.50,22.2436
944.00,22.2113
944.50,22.1860
945.00,22.1682
945.50,22.1511
946.00,22.1313
946.50,22.1149
947.00,22.1143
947.50,22.1415
948.00,22.1994
948.50,22.2769
949.00,22.3515
949.50,22.4014
950.00,22.4175
950.50,22.4080
951.00,22.3889
951.50,22.3698
952.00,22.3468
952.50,22.3092
953.00,22.2526
953.50,22.1871
954.00,22.1321
954.50,22.1042
955.00,22.1061
955.50,22.1270
956.00,22.1503
956.50,22.1648
957.00,22.1675
957.50,22.1580
958.00,22.1316
958.50,22.0828
959.00,22.0186
959.50,21.9624
960.00,21.9394
960.50,21.9557
961.00,21.9932
961.50,22.0252
962.00,22.0343
962.50,22.0189
963.00,21.9873
963.50,21.9502
964.00,21.9165
964.50,21.8935
965.00,21.8835
965.50,21.8815
966.00,21.8768
966.50,21.8609
967.00,21.8359
967.50,21.8148
968.00,21.8137
968.50,21.8397
969.00,21.8816
969.50,21.9122
970.00,21.9042
970.50,21.8481
971.00,21.7587
971.50,21.6643
972.00,21.5932
972.50,21.5626
973.00,21.5747
973.50,21.6172
974.00,21.6685
974.50,21.7073
975.00,21.7199
975.50,21.7065
976.00,21.6812
976.50,21.6648
977.00,21.6706
977.50,21.6947
978.00,21.7205
978.50,21.7321
979.00,21.7271
979.50,21.7171
980.00,21.7190
980.50,21.7436
981.00,21.7907
981.50,21.8501
982.00,21.9083
982.50,21.9516
983.00,21.9695
983.50,21.9576
984.00,21.9218
984.50,21.8768
985.00,21.8351
985.50,21.7973
986.00,21.7527
986.50,21.6925
987.00,21.6192
987.50,21.5462
988.00,21.4902
988.50,21.4649
989.00,21.4752
989.50,21.5123
990.00,21.5540
990.50,21.5757
991.00,21.5656
991.50,21.5330
992.00,21.5028
992.50,21.4996
993.00,21.5310
993.50,21.5791
994.00,21.6092
994.50,21.5927
995.00,21.5257
995.50,21.4310
996.00,21.3416
996.50,21.2811
997.00,21.2537
997.50,21.2457
998.00,21.2375
998.50,21.2166
999.00,21.1821
999.50,21.1420
1000.00,21.1067
1000.50,21.0864
1001.00,21.0889
1001.50,21.1170
1002.00,21.1680
1002.50,21.2382
1003.00,21.3259
1003.50,21.4276
1004.00,21.5296
1004.50,21.6065
1005.00,21.6359
1005.50,21.6164
1006.00,21.5703
1006.50,21.5276
1007.00,21.5055
1007.50,21.5018
1008.00,21.5045
1008.50,21.5036
1009.00,21.4956
1009.50,21.4812
1010.00,21.4651
1010.50,21.4578
1011.00,21.4745
1011.50,21.5265
1012.00,21.6101
1012.50,21.7036
1013.00,21.7776
1013.50,21.8126
1014.00,21.8106
1014.50,21.7907
1015.00,21.7718
1015.50,21.7584
1016.00,21.7407
1016.50,21.7074
1017.00,21.6578
1017.50,21.6031
1018.00,21.5597
1018.50,21.5389
1019.00,21.5423
1019.50,21.5628
1020.00,21.5905
1020.50,21.6203
1021.00,21.6512
1021.50,21.6811
1022.00,21.7024
1022.50,21.7053
1023.00,21.6860
1023.50,21.6493
1024.00,21.6043
1024.50,21.5568
1025.00,21.5063
1025.50,21.4519
1026.00,21.3998
1026.50,21.3660
1027.00,21.3670
1027.50,21.4066
1028.00,21.4688
1028.50,21.5262
1029.00,21.5542
1029.50,21.5448
1030.00,21.5102
1030.50,21.4749
1031.00,21.4610
1031.50,21.4747
1032.00,21.5029
1032.50,21.5216
1033.00,21.5087
1033.50,21.4585
1034.00,21.3873
1034.50,21.3262
1035.00,21.3018
1035.50,21.3196
1036.00,21.3613
1036.50,21.3975
1037.00,21.4059
1037.50,21.3817
1038.00,21.3358
1038.50,21.2840
1039.00,21.2400
1039.50,21.2137
1040.00,21.2103
1040.50,21.2265
1041.00,21.2496
1041.50,21.2643
1042.00,21.2654
1042.50,21.2617
1043.00,21.2661
1043.50,21.2833
1044.00,21.3071
1044.50,21.3283
1045.00,21.3431
1045.50,21.3540
1046.00,21.3648
1046.50,21.3754
1047.00,21.3798
1047.50,21.3715
1048.00,21.3490
1048.50,21.3187
1049.00,21.2888
1049.50,21.2618
1050.00,21.2366
1050.50,21.2163
1051.00,21.2105
1051.50,21.2272
1052.00,21.2620
1052.50,21.2963
1053.00,21.3070
1053.50,21.2775
1054.00,21.2051
1054.50,21.1019
1055.00,20.9911
1055.50,20.8976
1056.00,20.8379
1056.50,20.8132
1057.00,20.8102
1057.50,20.8094
1058.00,20.7972
1058.50,20.7719
1059.00,20.7412
1059.50,20.7133
1060.00,20.6909
1060.50,20.6732
1061.00,20.6614
1061.50,20.6595
1062.00,20.6687
1062.50,20.6830
1063.00,20.6928
1063.50,20.6940
1064.00,20.6906
1064.50,20.6904
1065.00,20.6990
1065.50,20.7180
1066.00,20.7442
1066.50,20.7695
1067.00,20.7837
1067.50,20.7822
1068.00,20.7708
1068.50,20.7609
1069.00,20.7583
1069.50,20.7600
1070.00,20.7585
1070.50,20.7487
1071.00,20.7307
1071.50,20.7107
1072.00,20.6992
1072.50,20.7044
1073.00,20.7260
1073.50,20.7530
1074.00,20.7695
1074.50,20.7635
1075.00,20.7325
1075.50,20.6863
1076.00,20.6422
1076.50,20.6173
1077.00,20.6193
1077.50,20.6423
1078.00,20.6715
1078.50,20.6916
1079.00,20.6972
1079.50,20.6963
1080.00,20.7053
1080.50,20.7381
1081.00,20.7983
1081.50,20.8787
1082.00,20.9669
1082.50,21.0482
1083.00,21.1058
1083.50,21.1262
1084.00,21.1090
1084.50,21.0697
1085.00,21.0296
1085.50,21.0011
1086.00,20.9835
1086.50,20.9703
1087.00,20.9561
1087.50,20.9393
1088.00,20.9206
1088.50,20.9032
1089.00,20.8918
1089.50,20.8897
1090.00,20.8965
1090.50,20.9106
1091.00,20.9341
1091.50,20.9732
1092.00,21.0282
1092.50,21.0840
1093.00,21.1157
1093.50,21.1067
1094.00,21.0608
1094.50,20.9959
1095.00,20.9260
1095.50,20.8539
1096.00,20.7757
1096.50,20.6928
1097.00,20.6158
1097.50,20.5585
1098.00,20.5268
1098.50,20.5154
1099.00,20.5140
1099.50,20.5168
1100.00,20.5245
1100.50,20.5382
1101.00,20.5552
1101.50,20.5717
1102.00,20.5876
1102.50,20.6061
1103.00,20.6272
1103.50,20.6441
1104.00,20.6485
1104.50,20.6395
1105.00,20.6258
1105.50,20.6179
1106.00,20.6198
1106.50,20.6286
1107.00,20.6421
1107.50,20.6647
1108.00,20.7030
1108.50,20.7544
1109.00,20.8031
1109.50,20.8332
1110.00,20.8448
1110.50,20.8546
1111.00,20.8772
1111.50,20.9076
1112.00,20.9243
1112.50,20.9117
1113.00,20.8755
1113.50,20.8395
1114.00,20.8272
1114.50,20.8460
1115.00,20.8839
1115.50,20.9193
1116.00,20.9356
1116.50,20.9309
1117.00,20.9173
1117.50,20.9121
1118.00,20.9275
1118.50,20.9621
1119.00,21.0004
1119.50,21.0214
1120.00,21.0134
1120.50,20.9841
1121.00,20.9570
1121.50,20.9557
1122.00,20.9898
1122.50,21.0501
1123.00,21.1137
1123.50,21.1550
1124.00,21.1592
1124.50,21.1324
1125.00,21.0978
1125.50,21.0765
1126.00,21.0709
1126.50,21.0656
1127.00,21.0464
1127.50,21.0138
1128.00,20.9776
1128.50,20.9438
1129.00,20.9087
1129.50,20.8668
1130.00,20.8201
1130.50,20.7797
1131.00,20.7614
1131.50,20.7775
1132.00,20.8309
1132.50,20.9116
1133.00,20.9968
1133.50,21.0561
1134.00,21.0651
1134.50,21.0186
1135.00,20.9354
1135.50,20.8486
1136.00,20.7904
1136.50,20.7765
1137.00,20.7998
1137.50,20.8400
1138.00,20.8806
1138.50,20.9174
1139.00,20.9504
1139.50,20.9724
1140.00,20.9697
1140.50,20.9343
1141.00,20.8738
1141.50,20.8096
1142.00,20.7658
1142.50,20.7564
1143.00,20.7781
1143.50,20.8146
1144.00,20.8499
1144.50,20.8807
1145.00,20.9142
1145.50,20.9549
1146.00,20.9941
1146.50,21.0156
1147.00,21.0117
1147.50,20.9932
1148.00,20.9816
1148.50,20.9904
1149.00,21.0153
1149.50,21.0414
1150.00,21.0577
1150.50,21.0637
1151.00,21.0648
1151.50,21.0645
1152.00,21.0629
1152.50,21.0595
1153.00,21.0560
1153.50,21.0558
1154.00,21.0584
1154.50,21.0593
1155.00,21.0557
1155.50,21.0524
1156.00,21.0597
1156.50,21.0833
1157.00,21.1188
1157.50,21.1570
1158.00,21.1938
1158.50,21.2330
1159.00,21.2801
1159.50,21.3338
1160.00,21.3838
1160.50,21.4169
1161.00,21.4268
1161.50,21.4203
1162.00,21.4117
1162.50,21.4114
1163.00,21.4180
1163.50,21.4222
1164.00,21.4196
1164.50,21.4159
1165.00,21.4200
1165.50,21.4308
1166.00,21.4333
1166.50,21.4084
1167.00,21.3488
1167.50,21.2663
1168.00,21.1846
1168.50,21.1256
1169.00,21.1009
1169.50,21.1125
1170.00,21.1585
1170.50,21.2361
1171.00,21.3376
1171.50,21.4464
1172.00,21.5376
1172.50,21.5896
1173.00,21.5974
1173.50,21.5758
1174.00,21.5476
1174.50,21.5278
1175.00,21.5171
1175.50,21.5104
1176.00,21.5095
1176.50,21.5248
1177.00,21.5638
1177.50,21.6208
1178.00,21.6790
1178.50,21.7234
1179.00,21.7489
1179.50,21.7558
1180.00,21.7406
1180.50,21.6944
1181.00,21.6121
1181.50,21.5005
1182.00,21.3794
1182.50,21.2737
1183.00,21.2040
1183.50,21.1779
1184.00,21.1897
1184.50,21.2274
1185.00,21.2783
1185.50,21.3318
1186.00,21.3774
1186.50,21.4061
1187.00,21.4130
1187.50,21.3991
1188.00,21.3675
1188.50,21.3204
1189.00,21.2606
1189.50,21.1944
1190.00,21.1336
1190.50,21.0901
1191.00,21.0700
1191.50,21.0736
1192.00,21.0987
1192.50,21.1416
1193.00,21.1952
1193.50,21.2473
1194.00,21.2843
1194.50,21.2956
1195.00,21.2785
1195.50,21.2423
1196.00,21.2069
1196.50,21.1936
1197.00,21.2108
1197.50,21.2464
1198.00,21.2754
1198.50,21.2772
1199.00,21.2499
1199.50,21.2097
1200.00,21.1805
1200.50,21.1801
1201.00,21.2121
1201.50,21.2638
1202.00,21.3098
1202.50,21.3241
1203.00,21.2940
1203.50,21.2265
1204.00,21.1410
1204.50,21.0587
1205.00,20.9962
1205.50,20.9629
1206.00,20.9593
1206.50,20.9755
1207.00,20.9946
1207.50,21.0010
1208.00,20.9880
1208.50,20.9610
1209.00,20.9338
1209.50,20.9202
1210.00,20.9252
1210.50,20.9435
1211.00,20.9643
1211.50,20.9793
1212.00,20.9845
1212.50,20.9773
1213.00,20.9561
1213.50,20.9238
1214.00,20.8880
1214.50,20.8558
1215.00,20.8276
1215.50,20.7984
1216.00,20.7654
1216.50,20.7342
1217.00,20.7170
1217.50,20.7231
1218.00,20.7516
1218.50,20.7926
1219.00,20.8351
1219.50,20.8711
1220.00,20.8952
1220.50,20.9038
1221.00,20.8950
1221.50,20.8702
1222.00,20.8347
1222.50,20.7976
1223.00,20.7691
1223.50,20.7561
1224.00,20.7587
1224.50,20.7725
1225.00,20.7915
1225.50,20.8080
1226.00,20.8115
1226.50,20.7915
1227.00,20.7460
1227.50,20.6843
1228.00,20.6218
1228.50,20.5689
1229.00,20.5237
1229.50,20.4771
1230.00,20.4223
1230.50,20.3621
1231.00,20.3077
1231.50,20.2735
1232.00,20.2697
1232.50,20.2964
1233.00,20.3419
1233.50,20.3872
1234.00,20.4152
1234.50,20.4180
1235.00,20.3993
1235.50,20.3712
1236.00,20.3476
1236.50,20.3372
1237.00,20.3416
1237.50,20.3570
1238.00,20.3808
1238.50,20.4125
1239.00,20.4518
1239.50,20.4941
1240.00,20.5275
1240.50,20.5376
1241.00,20.5166
1241.50,20.4708
1242.00,20.4157
1242.50,20.3637
1243.00,20.3165
1243.50,20.2708
1244.00,20.2279
1244.50,20.1954
1245.00,20.1804
1245.50,20.1840
1246.00,20.2034
1246.50,20.2369
1247.00,20.2829
1247.50,20.3347
1248.00,20.3790
1248.50,20.4043
1249.00,20.4123
1249.50,20.4168
1250.00,20.4298
1250.50,20.4475
1251.00,20.4553
1251.50,20.4453
1252.00,20.4259
1252.50,20.4135
1253.00,20.4154
1253.50,20.4241
1254.00,20.4270
1254.50,20.4189
1255.00,20.4043
1255.50,20.3893
1256.00,20.3722
1256.50,20.3443
1257.00,20.2979
1257.50,20.2359
1258.00,20.1730
1258.50,20.1259
1259.00,20.1019
1259.50,20.0953
1260.00,20.0948
1260.50,20.0936
1261.00,20.0915
1261.50,20.0899
1262.00,20.0884
1262.50,20.0861
1263.00,20.0843
1263.50,20.0846
1264.00,20.0849
1264.50,20.0767
1265.00,20.0475
1265.50,19.9884
1266.00,19.9048
1266.50,19.8186
1267.00,19.7584
1267.50,19.7416
1268.00,19.7644
1268.50,19.8075
1269.00,19.8525
1269.50,19.8934
1270.00,19.9353
1270.50,19.9824
1271.00,20.0280
1271.50,20.0556
1272.00,20.0504
1272.50,20.0119
1273.00,19.9579
1273.50,19.9163
1274.00,19.9109
1274.50,19.9483
1275.00,20.0173
1275.50,20.0970
1276.00,20.1660
1276.50,20.2069
1277.00,20.2086
1277.50,20.1721
1278.00,20.1139
1278.50,20.0600
1279.00,20.0317
1279.50,20.0346
1280.00,20.0569
1280.50,20.0781
1281.00,20.0792
1281.50,20.0515
1282.00,19.9982
1282.50,19.9310
1283.00,19.8658
1283.50,19.8181
1284.00,19.7968
1284.50,19.7979
1285.00,19.8066
1285.50,19.8091
1286.00,19.8042
1286.50,19.8006
1287.00,19.8048
1287.50,19.8122
1288.00,19.8118
1288.50,19.7952
1289.00,19.7643
1289.50,19.7300
1290.00,19.7048
1290.50,19.6942
1291.00,19.6910
1291.50,19.6810
1292.00,19.6537
1292.50,19.6119
1293.00,19.5698
1293.50,19.5448
1294.00,19.5494
1294.50,19.5859
1295.00,19.6443
1295.50,19.7061
1296.00,19.7528
1296.50,19.7769
1297.00,19.7855
1297.50,19.7954
1298.00,19.8209
1298.50,19.8632
1299.00,19.9084
1299.50,19.9369
1300.00,19.9384
1300.50,19.9193
1301.00,19.8954
1301.50,19.8778
1302.00,19.8662
1302.50,19.8524
1303.00,19.8298
1303.50,19.7978
1304.00,19.7608
1304.50,19.7271
1305.00,19.7046
1305.50,19.6964
1306.00,19.6986
1306.50,19.7035
1307.00,19.7050
1307.50,19.7000
1308.00,19.6876
1308.50,19.6698
1309.00,19.6534
1309.50,19.6468
1310.00,19.6527
1310.50,19.6646
1311.00,19.6718
1311.50,19.6699
1312.00,19.6648
1312.50,19.6678
1313.00,19.6846
1313.50,19.7107
1314.00,19.7353
1314.50,19.7517
1315.00,19.7626
1315.50,19.7784
1316.00,19.8076
1316.50,19.8501
1317.00,19.8979
1317.50,19.9439
1318.00,19.9882
1318.50,20.0321
1319.00,20.0673
1319.50,20.0749
1320.00,20.0405
1320.50,19.9686
1321.00,19.8805
1321.50,19.8002
1322.00,19.7444
1322.50,19.7230
1323.00,19.7383
1323.50,19.7803
1324.00,19.8265
1324.50,19.8558
1325.00,19.8635
1325.50,19.8628
1326.00,19.8696
1326.50,19.8865
1327.00,19.9023
1327.50,19.9062
1328.00,19.8988
1328.50,19.8900
1329.00,19.8878
1329.50,19.8917
1330.00,19.8964
1330.50,19.8999
1331.00,19.9038
1331.50,19.9072
1332.00,19.9032
1332.50,19.8835
1333.00,19.8487
1333.50,19.8154
1334.00,19.8107
1334.50,19.8542
1335.00,19.9426
1335.50,20.0493
1336.00,20.1418
1336.50,20.2005
1337.00,20.2226
1337.50,20.2149
1338.00,20.1864
1338.50,20.1473
1339.00,20.1079
1339.50,20.0773
1340.00,20.0637
1340.50,20.0751
1341.00,20.1144
1341.50,20.1720
1342.00,20.2254
1342.50,20.2525
1343.00,20.2474
1343.50,20.2232
1344.00,20.1986
1344.50,20.1854
1345.00,20.1877
1345.50,20.2086
1346.00,20.2481
1346.50,20.2948
1347.00,20.3254
1347.50,20.3184
1348.00,20.2723
1348.50,20.2093
1349.00,20.1621
1349.50,20.1541
1350.00,20.1862
1350.50,20.2368
1351.00,20.2724
1351.50,20.2668
1352.00,20.2162
1352.50,20.1394
1353.00,20.0631
1353.50,20.0085
1354.00,19.9882
1354.50,20.0097
1355.00,20.0723
1355.50,20.1656
1356.00,20.2736
1356.50,20.3846
1357.00,20.4925
1357.50,20.5872
1358.00,20.6505
1358.50,20.6666
1359.00,20.6401
1359.50,20.5999
1360.00,20.5824
1360.50,20.6059
1361.00,20.6601
1361.50,20.7182
1362.00,20.7568
1362.50,20.7661
1363.00,20.7462
1363.50,20.7000
1364.00,20.6353
1364.50,20.5722
1365.00,20.5395
1365.50,20.5585
1366.00,20.6278
1366.50,20.7257
1367.00,20.8278
1367.50,20.9206
1368.00,21.0000
1368.50,21.0619
1369.00,21.0982
1369.50,21.1026
1370.00,21.0787
1370.50,21.0436
1371.00,21.0205
1371.50,21.0289
1372.00,21.0760
1372.50,21.1550
1373.00,21.2481
1373.50,21.3326
1374.00,21.3871
1374.50,21.3988
1375.00,21.3684
1375.50,21.3083
1376.00,21.2358
1376.50,21.1664
1377.00,21.1103
1377.50,21.0752
1378.00,21.0674
1378.50,21.0880
1379.00,21.1287
1379.50,21.1741
1380.00,21.2105
1380.50,21.2339
1381.00,21.2490
1381.50,21.2620
1382.00,21.2738
1382.50,21.2800
1383.00,21.2777
1383.50,21.2726
1384.00,21.2793
1384.50,21.3133
1385.00,21.3802
1385.50,21.4681
1386.00,21.5517
1386.50,21.6063
1387.00,21.6206
1387.50,21.6001
1388.00,21.5593
1388.50,21.5146
1389.00,21.4806
1389.50,21.4675
1390.00,21.4769
1390.50,21.4994
1391.00,21.5179
1391.50,21.5149
1392.00,21.4814
1392.50,21.4233
1393.00,21.3584
1393.50,21.3060
1394.00,21.2772
1394.50,21.2735
1395.00,21.2904
1395.50,21.3197
1396.00,21.3519
1396.50,21.3817
1397.00,21.4160
1397.50,21.4736
1398.00,21.5707
1398.50,21.7042
1399.00,21.8461
1399.50,21.9577
1400.00,22.0089
1400.50,21.9916
1401.00,21.9216
1401.50,21.8328
1402.00,21.7662
1402.50,21.7526
1403.00,21.7984
1403.50,21.8843
1404.00,21.9803
1404.50,22.0629
1405.00,22.1208
1405.50,22.1504
1406.00,22.1512
1406.50,22.1265
1407.00,22.0851
1407.50,22.0386
1408.00,21.9967
1408.50,21.9640
1409.00,21.9406
1409.50,21.9247
1410.00,21.9153
1410.50,21.9118
1411.00,21.9108
1411.50,21.9060
1412.00,21.8948
1412.50,21.8818
1413.00,21.8739
1413.50,21.8710
1414.00,21.8670
1414.50,21.8619
1415.00,21.8715
1415.50,21.9176
1416.00,22.0070
1416.50,22.1190
1417.00,22.2148
1417.50,22.2611
1418.00,22.2487
1418.50,22.1949
1419.00,22.1295
1419.50,22.0778
1420.00,22.0492
1420.50,22.0402
1421.00,22.0424
1421.50,22.0498
1422.00,22.0581
1422.50,22.0615
1423.00,22.0538
1423.50,22.0339
1424.00,22.0093
1424.50,21.9905
1425.00,21.9806
1425.50,21.9719
1426.00,21.9545
1426.50,21.9277
1427.00,21.9012
1427.50,21.8869
1428.00,21.8899
1428.50,21.9098
1429.00,21.9455
1429.50,21.9971
1430.00,22.0616
1430.50,22.1288
1431.00,22.1828
1431.50,22.2073
1432.00,22.1954
1432.50,22.1550
1433.00,22.1080
1433.50,22.0782
1434.00,22.0765
1434.50,22.0966
1435.00,22.1251
1435.50,22.1552
1436.00,22.1886
1436.50,22.2237
1437.00,22.2468
1437.50,22.2394
1438.00,22.1946
1438.50,22.1251
1439.00,22.0543
1439.50,22.0019
1440.00,21.9776
1440.50,21.9844
1441.00,22.0200
1441.50,22.0736
1442.00,22.1299
1442.50,22.1792
1443.00,22.2233
1443.50,22.2666
1444.00,22.3041
1444.50,22.3223
1445.00,22.3139
1445.50,22.2860
1446.00,22.2542
1446.50,22.2304
1447.00,22.2176
1447.50,22.2134
1448.00,22.2150
1448.50,22.2211
1449.00,22.2318
1449.50,22.2472
1450.00,22.2650
1450.50,22.2798
1451.00,22.2857
1451.50,22.2808
1452.00,22.2701
1452.50,22.2652
1453.00,22.2784
1453.50,22.3158
1454.00,22.3739
1454.50,22.4423
1455.00,22.5082
1455.50,22.5598
1456.00,22.5910
1456.50,22.6074
1457.00,22.6236
1457.50,22.6493
1458.00,22.6768
1458.50,22.6857
1459.00,22.6627
1459.50,22.6129
1460.00,22.5555
1460.50,22.5084
1461.00,22.4813
1461.50,22.4758
1462.00,22.4891
1462.50,22.5146
1463.00,22.5409
1463.50,22.5551
1464.00,22.5503
1464.50,22.5343
1465.00,22.5285
1465.50,22.5530
1466.00,22.6098
1466.50,22.6797
1467.00,22.7381
1467.50,22.7751
1468.00,22.7982
1468.50,22.8190
1469.00,22.8411
1469.50,22.8608
1470.00,22.8723
1470.50,22.8705
1471.00,22.8490
1471.50,22.8038
1472.00,22.7421
1472.50,22.6840
1473.00,22.6506
1473.50,22.6491
1474.00,22.6703
1474.50,22.7012
1475.00,22.7375
1475.50,22.7811
1476.00,22.8292
1476.50,22.8690
1477.00,22.8886
1477.50,22.8881
1478.00,22.8783
1478.50,22.8705
1479.00,22.8690
1479.50,22.8706
1480.00,22.8697
1480.50,22.8607
1481.00,22.8386
1481.50,22.7999
1482.00,22.7461
1482.50,22.6868
1483.00,22.6375
1483.50,22.6122
1484.00,22.6148
1484.50,22.6351
1485.00,22.6545
1485.50,22.6580
1486.00,22.6437
1486.50,22.6208
1487.00,22.5991
1487.50,22.5818
1488.00,22.5684
1488.50,22.5586
1489.00,22.5529
1489.50,22.5495
1490.00,22.5432
1490.50,22.5276
1491.00,22.4982
1491.50,22.4590
1492.00,22.4264
1492.50,22.4209
1493.00,22.4486
1493.50,22.4926
1494.00,22.5271
1494.50,22.5400
1495.00,22.5375
1495.50,22.5282
1496.00,22.5084
1496.50,22.4692
1497.00,22.4138
1497.50,22.3628
1498.00,22.3382
1498.50,22.3447
1499.00,22.3671
1499.50,22.3810
1500.00,22.3677
1500.50,22.3225
1501.00,22.2556
1501.50,22.1881
1502.00,22.1408
1502.50,22.1236
1503.00,22.1321
1503.50,22.1526
1504.00,22.1740
1504.50,22.1941
1505.00,22.2182
1505.50,22.2492
1506.00,22.2798
1506.50,22.2951
1507.00,22.2848
1507.50,22.2559
1508.00,22.2306
1508.50,22.2287
1509.00,22.2499
1509.50,22.2724
1510.00,22.2719
1510.50,22.2424
1511.00,22.2017
1511.50,22.1778
1512.00,22.1880
1512.50,22.2259
1513.00,22.2671
1513.50,22.2877
1514.00,22.2826
1514.50,22.2663
1515.00,22.2589
1515.50,22.2699
1516.00,22.2949
1516.50,22.3247
1517.00,22.3536
1517.50,22.3817
1518.00,22.4096
1518.50,22.4319
1519.00,22.4359
1519.50,22.4092
1520.00,22.3504
1520.50,22.2723
1521.00,22.1934
1521.50,22.1287
1522.00,22.0890
1522.50,22.0847
1523.00,22.1247
1523.50,22.2057
1524.00,22.3048
1524.50,22.3865
1525.00,22.4214
1525.50,22.4029
1526.00,22.3461
1526.50,22.2735
1527.00,22.2014
1527.50,22.1350
1528.00,22.0721
1528.50,22.0082
1529.00,21.9403
1529.50,21.8710
1530.00,21.8120
1530.50,21.7801
1531.00,21.7857
1531.50,21.8225
1532.00,21.8678
1532.50,21.8976
1533.00,21.9057
1533.50,21.9061
1534.00,21.9189
1534.50,21.9504
1535.00,21.9879
1535.50,22.0103
1536.00,22.0056
1536.50,21.9784
1537.00,21.9445
1537.50,21.9180
1538.00,21.9027
1538.50,21.8939
1539.00,21.8853
1539.50,21.8735
1540.00,21.8570
1540.50,21.8357
1541.00,21.8136
1541.50,21.8018
1542.00,21.8128
1542.50,21.8521
1543.00,21.9111
1543.50,21.9691
1544.00,22.0029
1544.50,21.9989
1545.00,21.9606
1545.50,21.9059
1546.00,21.8545
1546.50,21.8156
1547.00,21.7851
1547.50,21.7523
1548.00,21.7099
1548.50,21.6597
1549.00,21.6123
1549.50,21.5832
1550.00,21.5867
1550.50,21.6298
1551.00,21.7085
1551.50,21.8088
1552.00,21.9113
1552.50,21.9986
1553.00,22.0592
1553.50,22.0895
1554.00,22.0913
1554.50,22.0684
1555.00,22.0248
1555.50,21.9669
1556.00,21.9061
1556.50,21.8550
1557.00,21.8210
1557.50,21.8046
1558.00,21.8042
1558.50,21.8190
1559.00,21.8472
1559.50,21.8833
1560.00,21.9219
1560.50,21.9606
1561.00,21.9986
1561.50,22.0306
1562.00,22.0457
1562.50,22.0371
1563.00,22.0098
1563.50,21.9779
1564.00,21.9534
1564.50,21.9396
1565.00,21.9351
1565.50,21.9407
1566.00,21.9604
1566.50,21.9959
1567.00,22.0425
1567.50,22.0894
1568.00,22.1238
1568.50,22.1357
1569.00,22.1235
1569.50,22.0956
1570.00,22.0669
1570.50,22.0501
1571.00,22.0484
1571.50,22.0532
1572.00,22.0508
1572.50,22.0334
1573.00,22.0066
1573.50,21.9857
1574.00,21.9855
1574.50,22.0104
1575.00,22.0529
1575.50,22.0971
1576.00,22.1260
1576.50,22.1273
1577.00,22.0959
1577.50,22.0346
1578.00,21.9555
1578.50,21.8801
1579.00,21.8332
1579.50,21.8311
1580.00,21.8732
1580.50,21.9425
1581.00,22.0159
1581.50,22.0753
1582.00,22.1111
1582.50,22.1166
1583.00,22.0851
1583.50,22.0140
1584.00,21.9156
1584.50,21.8175
1585.00,21.7513
1585.50,21.7354
1586.00,21.7690
1586.50,21.8350
1587.00,21.9104
1587.50,21.9757
1588.00,22.0201
1588.50,22.0450
1589.00,22.0599
1589.50,22.0753
1590.00,22.0947
1590.50,22.1153
1591.00,22.1344
1591.50,22.1545
1592.00,22.1813
1592.50,22.2168
1593.00,22.2559
1593.50,22.2885
1594.00,22.3058
1594.50,22.3043
1595.00,22.2885
1595.50,22.2679
1596.00,22.2496
1596.50,22.2308
1597.00,22.2001
1597.50,22.1497
1598.00,22.0854
1598.50,22.0227
1599.00,21.9736
1599.50,21.9395
1600.00,21.9154
1600.50,21.8991
1601.00,21.8933
1601.50,21.9009
1602.00,21.9187
1602.50,21.9367
1603.00,21.9444
1603.50,21.9384
1604.00,21.9249
1604.50,21.9158
1605.00,21.9209
1605.50,21.9416
1606.00,21.9700
1606.50,21.9923
1607.00,21.9971
1607.50,21.9812
1608.00,21.9515
1608.50,21.9212
1609.00,21.9015
1609.50,21.8932
1610.00,21.8893
1610.50,21.8859
1611.00,21.8900
1611.50,21.9139
1612.00,21.9638
1612.50,22.0350
1613.00,22.1174
1613.50,22.2005
1614.00,22.2751
1614.50,22.3316
1615.00,22.3610
1615.50,22.3588
1616.00,22.3324
1616.50,22.3005
1617.00,22.2822
1617.50,22.2811
1618.00,22.2851
1618.50,22.2815
1619.00,22.2714
1619.50,22.2682
1620.00,22.2839
1620.50,22.3167
1621.00,22.3506
1621.50,22.3634
1622.00,22.3397
1622.50,22.2783
1623.00,22.1916
1623.50,22.0982
1624.00,22.0149
1624.50,21.9541
1625.00,21.9220
1625.50,21.9163
1626.00,21.9247
1626.50,21.9306
1627.00,21.9229
1627.50,21.9017
1628.00,21.8742
1628.50,21.8468
1629.00,21.8234
1629.50,21.8081
1630.00,21.8072
1630.50,21.8242
1631.00,21.8550
1631.50,21.8883
1632.00,21.9126
1632.50,21.9236
1633.00,21.9258
1633.50,21.9283
1634.00,21.9386
1634.50,21.9584
1635.00,21.9806
1635.50,21.9910
1636.00,21.9748
1636.50,21.9273
1637.00,21.8603
1637.50,21.7945
1638.00,21.7467
1638.50,21.7214
1639.00,21.7134
1639.50,21.7143
1640.00,21.7173
1640.50,21.7179
1641.00,21.7138
1641.50,21.7030
1642.00,21.6859
1642.50,21.6686
1643.00,21.6628
1643.50,21.6798
1644.00,21.7229
1644.50,21.7831
1645.00,21.8426
1645.50,21.8844
1646.00,21.9009
1646.50,21.8960
1647.00,21.8796
1647.50,21.8591
1648.00,21.8388
1648.50,21.8251
1649.00,21.8320
1649.50,21.8753
1650.00,21.9607
1650.50,22.0767
1651.00,22.1993
1651.50,22.3045
1652.00,22.3775
1652.50,22.4130
1653.00,22.4122
1653.50,22.3791
1654.00,22.3216
1654.50,22.2529
1655.00,22.1899
1655.50,22.1485
1656.00,22.1367
1656.50,22.1491
1657.00,22.1675
1657.50,22.1683
1658.00,22.1376
1658.50,22.0807
1659.00,22.0200
1659.50,21.9777
1660.00,21.9600
1660.50,21.9543
1661.00,21.9423
1661.50,21.9168
1662.00,21.8883
1662.50,21.8760
1663.00,21.8938
1663.50,21.9421
1664.00,22.0109
1664.50,22.0866
1665.00,22.1567
1665.50,22.2117
1666.00,22.2446
1666.50,22.2507
1667.00,22.2275
1667.50,22.1775
1668.00,22.1096
1668.50,22.0375
1669.00,21.9740
1669.50,21.9278
1670.00,21.9049
1670.50,21.9091
1671.00,21.9378
1671.50,21.9799
1672.00,22.0236
1672.50,22.0651
1673.00,22.1052
1673.50,22.1367
1674.00,22.1412
1674.50,22.1032
1675.00,22.0298
1675.50,21.9532
1676.00,21.9122
1676.50,21.9284
1677.00,21.9940
1677.50,22.0801
1678.00,22.1538
1678.50,22.1929
1679.00,22.1924
1679.50,22.1616
1680.00,22.1163
1680.50,22.0698
1681.00,22.0296
1681.50,22.0012
1682.00,21.9921
1682.50,22.0081
1683.00,22.0471
1683.50,22.0966
1684.00,22.1403
1684.50,22.1648
1685.00,22.1639
1685.50,22.1403
1686.00,22.1062
1686.50,22.0792
1687.00,22.0714
1687.50,22.0794
1688.00,22.0859
1688.50,22.0750
1689.00,22.0472
1689.50,22.0199
1690.00,22.0145
1690.50,22.0429
1691.00,22.1042
1691.50,22.1907
1692.00,22.2924
1692.50,22.3949
1693.00,22.4784
1693.50,22.5240
1694.00,22.5251
1694.50,22.4916
1695.00,22.4429
1695.50,22.3959
1696.00,22.3574
1696.50,22.3258
1697.00,22.2967
1697.50,22.2675
1698.00,22.2377
1698.50,22.2081
1699.00,22.1798
1699.50,22.1539
1700.00,22.1316
1700.50,22.1156
1701.00,22.1100
1701.50,22.1205
1702.00,22.1509
1702.50,22.1999
1703.00,22.2580
1703.50,22.3112
1704.00,22.3480
1704.50,22.3658
1705.00,22.3682
1705.50,22.3587
1706.00,22.3369
1706.50,22.3023
1707.00,22.2592
1707.50,22.2184
1708.00,22.1933
1708.50,22.1915
1709.00,22.2102
1709.50,22.2383
1710.00,22.2675
1710.50,22.2995
1711.00,22.3415
1711.50,22.3943
1712.00,22.4467
1712.50,22.4834
1713.00,22.4954
1713.50,22.4827
1714.00,22.4503
1714.50,22.4066
1715.00,22.3670
1715.50,22.3523
1716.00,22.3768
1716.50,22.4358
1717.00,22.5071
1717.50,22.5670
1718.00,22.6056
1718.50,22.6297
1719.00,22.6537
1719.50,22.6915
1720.00,22.7522
1720.50,22.8362
1721.00,22.9337
1721.50,23.0266
1722.00,23.0961
1722.50,23.1314
1723.00,23.1316
1723.50,23.1037
1724.00,23.0584
1724.50,23.0075
1725.00,22.9608
1725.50,22.9243
1726.00,22.9008
1726.50,22.8943
1727.00,22.9107
1727.50,22.9542
1728.00,23.0190
1728.50,23.0894
1729.00,23.1486
1729.50,23.1878
1730.00,23.2056
1730.50,23.1988
1731.00,23.1588
1731.50,23.0803
1732.00,22.9742
1732.50,22.8677
1733.00,22.7882
1733.50,22.7456
1734.00,22.7305
1734.50,22.7251
1735.00,22.7163
1735.50,22.7002
1736.00,22.6813
1736.50,22.6700
1737.00,22.6767
1737.50,22.7057
1738.00,22.7520
1738.50,22.8050
1739.00,22.8533
1739.50,22.8874
1740.00,22.9013
1740.50,22.8913
1741.00,22.8551
1741.50,22.7945
1742.00,22.7204
1742.50,22.6541
1743.00,22.6177
1743.50,22.6226
1744.00,22.6631
1744.50,22.7190
1745.00,22.7641
1745.50,22.7759
1746.00,22.7465
1746.50,22.6897
1747.00,22.6351
1747.50,22.6117
1748.00,22.6306
1748.50,22.6785
1749.00,22.7254
1749.50,22.7412
1750.00,22.7108
1750.50,22.6396
1751.00,22.5495
1751.50,22.4684
1752.00,22.4203
1752.50,22.4169
1753.00,22.4539
1753.50,22.5126
1754.00,22.5691
1754.50,22.6058
1755.00,22.6174
1755.50,22.6090
1756.00,22.5910
1756.50,22.5754
1757.00,22.5736
1757.50,22.5925
1758.00,22.6290
1758.50,22.6698
1759.00,22.6986
1759.50,22.7050
1760.00,22.6888
1760.50,22.6576
1761.00,22.6217
1761.50,22.5900
1762.00,22.5665
1762.50,22.5501
1763.00,22.5369
1763.50,22.5261
1764.00,22.5215
1764.50,22.5276
1765.00,22.5413
1765.50,22.5519
1766.00,22.5502
1766.50,22.5371
1767.00,22.5214
1767.50,22.5091
1768.00,22.4971
1768.50,22.4778
1769.00,22.4470
1769.50,22.4071
1770.00,22.3639
1770.50,22.3251
1771.00,22.3017
1771.50,22.3046
1772.00,22.3350
1772.50,22.3759
1773.00,22.3985
1773.50,22.3821
1774.00,22.3293
1774.50,22.2630
1775.00,22.2088
1775.50,22.1803
1776.00,22.1745
1776.50,22.1764
1777.00,22.1682
1777.50,22.1406
1778.00,22.0976
1778.50,22.0526
1779.00,22.0164
1779.50,21.9922
1780.00,21.9779
1780.50,21.9746
1781.00,21.9865
1781.50,22.0166
1782.00,22.0643
1782.50,22.1266
1783.00,22.2031
1783.50,22.2968
1784.00,22.4114
1784.50,22.5487
1785.00,22.7067
1785.50,22.8813
1786.00,23.0661
1786.50,23.2533
1787.00,23.4340
1787.50,23.5970
1788.00,23.7304
1788.50,23.8260
1789.00,23.8852
1789.50,23.9203
1790.00,23.9481
1790.50,23.9801
1791.00,24.0181
1791.50,24.0581
1792.00,24.0963
1792.50,24.1325
1793.00,24.1686
1793.50,24.2058
1794.00,24.2431
1794.50,24.2780
1795.00,24.3102
1795.50,24.3417
1796.00,24.3744
1796.50,24.4068
1797.00,24.4342
1797.50,24.4519
1798.00,24.4570
1798.50,24.4476
1799.00,24.4236
1799.50,24.3873
1800.00,24.3452
1800.50,24.3082
1801.00,24.2883
1801.50,24.2920
1802.00,24.3120
1802.50,24.3301
1803.00,24.3291
1803.50,24.3036
1804.00,24.2577
1804.50,24.1968
1805.00,24.1232
1805.50,24.0371
1806.00,23.9384
1806.50,23.8303
1807.00,23.7230
1807.50,23.6316
1808.00,23.5667
1808.50,23.5261
1809.00,23.4987
1809.50,23.4755
1810.00,23.4560
1810.50,23.4432
1811.00,23.4380
1811.50,23.4374
1812.00,23.4376
1812.50,23.4353
1813.00,23.4283
1813.50,23.4181
1814.00,23.4096
1814.50,23.4064
1815.00,23.4035
1815.50,23.3880
1816.00,23.3498
1816.50,23.2940
1817.00,23.2405
1817.50,23.2091
1818.00,23.2072
1818.50,23.2304
1819.00,23.2711
1819.50,23.3233
1820.00,23.3808
1820.50,23.4346
1821.00,23.4756
1821.50,23.5004
1822.00,23.5113
1822.50,23.5115
1823.00,23.5000
1823.50,23.4745
1824.00,23.4391
1824.50,23.4067
1825.00,23.3931
1825.50,23.4058
1826.00,23.4391
1826.50,23.4786
1827.00,23.5104
1827.50,23.5284
1828.00,23.5335
1828.50,23.5284
1829.00,23.5120
1829.50,23.4787
1830.00,23.4218
1830.50,23.3422
1831.00,23.2539
1831.50,23.1803
1832.00,23.1410
1832.50,23.1398
1833.00,23.1647
1833.50,23.1956
1834.00,23.2125
1834.50,23.2023
1835.00,23.1666
1835.50,23.1241
1836.00,23.1011
1836.50,23.1144
1837.00,23.1611
1837.50,23.2235
1838.00,23.2823
1838.50,23.3252
1839.00,23.3475
1839.50,23.3499
1840.00,23.3366
1840.50,23.3135
1841.00,23.2856
1841.50,23.2559
1842.00,23.2261
1842.50,23.1984
1843.00,23.1740
1843.50,23.1522
1844.00,23.1312
1844.50,23.1099
1845.00,23.0892
1845.50,23.0715
1846.00,23.0585
1846.50,23.0520
1847.00,23.0548
1847.50,23.0694
1848.00,23.0937
1848.50,23.1173
1849.00,23.1227
1849.50,23.0963
1850.00,23.0409
1850.50,22.9790
1851.00,22.9404
1851.50,22.9396
1852.00,22.9630
1852.50,22.9794
1853.00,22.9657
1853.50,22.9233
1854.00,22.8714
1854.50,22.8317
1855.00,22.8170
1855.50,22.8298
1856.00,22.8642
1856.50,22.9101
1857.00,22.9583
1857.50,23.0040
1858.00,23.0444
1858.50,23.0752
1859.00,23.0905
1859.50,23.0873
1860.00,23.0695
1860.50,23.0471
1861.00,23.0312
1861.50,23.0288
1862.00,23.0378
1862.50,23.0482
1863.00,23.0489
1863.50,23.0358
1864.00,23.0150
1864.50,22.9991
1865.00,22.9993
1865.50,23.0188
1866.00,23.0520
1866.50,23.0884
1867.00,23.1190
1867.50,23.1408
1868.00,23.1562
1868.50,23.1692
1869.00,23.1804
1869.50,23.1862
1870.00,23.1837
1870.50,23.1787
1871.00,23.1868
1871.50,23.2218
1872.00,23.2816
1872.50,23.3452
1873.00,23.3850
1873.50,23.3854
1874.00,23.3521
1874.50,23.3062
1875.00,23.2703
1875.50,23.2557
1876.00,23.2594
1876.50,23.2721
1877.00,23.2882
1877.50,23.3091
1878.00,23.3375
1878.50,23.3732
1879.00,23.4140
1879.50,23.4575
1880.00,23.5015
1880.50,23.5416
1881.00,23.5716
1881.50,23.5858
1882.00,23.5821
1882.50,23.5636
1883.00,23.5383
1883.50,23.5176
1884.00,23.5134
1884.50,23.5329
1885.00,23.5715
1885.50,23.6131
1886.00,23.6415
1886.50,23.6539
1887.00,23.6628
1887.50,23.6834
1888.00,23.7197
1888.50,23.7635
1889.00,23.8035
1889.50,23.8345
1890.00,23.8580
1890.50,23.8793
1891.00,23.9017
1891.50,23.9242
1892.00,23.9389
1892.50,23.9324
1893.00,23.8925
1893.50,23.8201
1894.00,23.7376
1894.50,23.6818
1895.00,23.6825
1895.50,23.7409
1896.00,23.8303
1896.50,23.9162
1897.00,23.9762
1897.50,24.0035
1898.00,24.0002
1898.50,23.9731
1899.00,23.9361
1899.50,23.9066
1900.00,23.8961
1900.50,23.9041
1901.00,23.9204
1901.50,23.9332
1902.00,23.9328
1902.50,23.9142
1903.00,23.8815
1903.50,23.8501
1904.00,23.8393
1904.50,23.8572
1905.00,23.8904
1905.50,23.9125
1906.00,23.9043
1906.50,23.8678
1907.00,23.8217
1907.50,23.7838
1908.00,23.7579
1908.50,23.7352
1909.00,23.7065
1909.50,23.6729
1910.00,23.6448
1910.50,23.6329
1911.00,23.6404
1911.50,23.6597
1912.00,23.6777
1912.50,23.6852
1913.00,23.6845
1913.50,23.6867
1914.00,23.6987
1914.50,23.7160
1915.00,23.7296
1915.50,23.7393
1916.00,23.7574
1916.50,23.7963
1917.00,23.8585
1917.50,23.9355
1918.00,24.0135
1918.50,24.0753
1919.00,24.1043
1919.50,24.0922
1920.00,24.0472
1920.50,23.9912
1921.00,23.9468
1921.50,23.9254
1922.00,23.9224
1922.50,23.9232
1923.00,23.9136
1923.50,23.8893
1924.00,23.8594
1924.50,23.8407
1925.00,23.8454
1925.50,23.8707
1926.00,23.9008
1926.50,23.9199
1927.00,23.9241
1927.50,23.9200
1928.00,23.9136
1928.50,23.9035
1929.00,23.8847
1929.50,23.8545
1930.00,23.8125
1930.50,23.7596
1931.00,23.6981
1931.50,23.6352
1932.00,23.5833
1932.50,23.5548
1933.00,23.5538
1933.50,23.5715
1934.00,23.5926
1934.50,23.6071
1935.00,23.6169
1935.50,23.6322
1936.00,23.6609
1936.50,23.7031
1937.00,23.7501
1937.50,23.7878
1938.00,23.8011
1938.50,23.7818
1939.00,23.7338
1939.50,23.6720
1940.00,23.6141
1940.50,23.5713
1941.00,23.5439
1941.50,23.5258
1942.00,23.5113
1942.50,23.4981
1943.00,23.4851
1943.50,23.4696
1944.00,23.4499
1944.50,23.4287
1945.00,23.4094
1945.50,23.3915
1946.00,23.3728
1946.50,23.3576
1947.00,23.3600
1947.50,23.3951
1948.00,23.4669
1948.50,23.5669
1949.00,23.6805
1949.50,23.7921
1950.00,23.8866
1950.50,23.9518
1951.00,23.9833
1951.50,23.9883
1952.00,23.9811
1952.50,23.9751
1953.00,23.9776
1953.50,23.9916
1954.00,24.0186
1954.50,24.0602
1955.00,24.1155
1955.50,24.1770
1956.00,24.2295
1956.50,24.2573
1957.00,24.2553
1957.50,24.2354
1958.00,24.2189
1958.50,24.2208
1959.00,24.2384
1959.50,24.2533
1960.00,24.2462
1960.50,24.2123
1961.00,24.1664
1961.50,24.1314
1962.00,24.1233
1962.50,24.1421
1963.00,24.1760
1963.50,24.2106
1964.00,24.2347
1964.50,24.2403
1965.00,24.2251
1965.50,24.1946
1966.00,24.1609
1966.50,24.1345
1967.00,24.1184
1967.50,24.1093
1968.00,24.1006
1968.50,24.0841
1969.00,24.0529
1969.50,24.0078
1970.00,23.9584
1970.50,23.9153
1971.00,23.8801
1971.50,23.8447
1972.00,23.8023
1972.50,23.7576
1973.00,23.7256
1973.50,23.7176
1974.00,23.7301
1974.50,23.7484
1975.00,23.7601
1975.50,23.7630
1976.00,23.7633
1976.50,23.7676
1977.00,23.7787
1977.50,23.7959
1978.00,23.8159
1978.50,23.8359
1979.00,23.8545
1979.50,23.8696
1980.00,23.8751
1980.50,23.8636
1981.00,23.8345
1981.50,23.7999
1982.00,23.7764
1982.50,23.7717
1983.00,23.7780
1983.50,23.7810
1984.00,23.7727
1984.50,23.7574
1985.00,23.7461
1985.50,23.7453
1986.00,23.7514
1986.50,23.7541
1987.00,23.7477
1987.50,23.7369
1988.00,23.7328
1988.50,23.7434
1989.00,23.7676
1989.50,23.7962
1990.00,23.8179
1990.50,23.8265
1991.00,23.8259
1991.50,23.8276
1992.00,23.8405
1992.50,23.8606
1993.00,23.8717
1993.50,23.8580
1994.00,23.8178
1994.50,23.7655
1995.00,23.7219
1995.50,23.6997
1996.00,23.6963
1996.50,23.7003
1997.00,23.7038
1997.50,23.7083
1998.00,23.7166
1998.50,23.7215
1999.00,23.7065
1999.50,23.6619
2000.00,23.6004
2000.50,23.5517
2001.00,23.5396
2001.50,23.5644
2002.00,23.6070
2002.50,23.6480
2003.00,23.6809
2003.50,23.7082
2004.00,23.7294
2004.50,23.7349
2005.00,23.7130
2005.50,23.6644
2006.00,23.6072
2006.50,23.5647
2007.00,23.5463
2007.50,23.5390
2008.00,23.5178
2008.50,23.4652
2009.00,23.3854
2009.50,23.3008
2010.00,23.2354
2010.50,23.2009
2011.00,23.1955
2011.50,23.2110
2012.00,23.2388
2012.50,23.2692
2013.00,23.2924
2013.50,23.3041
2014.00,23.3074
2014.50,23.3083
2015.00,23.3058
2015.50,23.2908
2016.00,23.2552
2016.50,23.2029
2017.00,23.1492
2017.50,23.1103
2018.00,23.0939
2018.50,23.1003
2019.00,23.1286
2019.50,23.1762
2020.00,23.2345
2020.50,23.2908
2021.00,23.3367
2021.50,23.3717
2022.00,23.3966
2022.50,23.4093
2023.00,23.4090
2023.50,23.4024
2024.00,23.4000
2024.50,23.4038
2025.00,23.4031
2025.50,23.3840
2026.00,23.3425
2026.50,23.2883
2027.00,23.2367
2027.50,23.1999
2028.00,23.1850
2028.50,23.1927
2029.00,23.2160
2029.50,23.2377
2030.00,23.2361
2030.50,23.1941
2031.00,23.1108
2031.50,23.0052
2032.00,22.9088
2032.50,22.8475
2033.00,22.8258
2033.50,22.8279
2034.00,22.8356
2034.50,22.8463
2035.00,22.8741
2035.50,22.9325
2036.00,23.0147
2036.50,23.0938
2037.00,23.1415
2037.50,23.1492
2038.00,23.1274
2038.50,23.0911
2039.00,23.0487
2039.50,23.0044
2040.00,22.9641
2040.50,22.9346
2041.00,22.9182
2041.50,22.9120
2042.00,22.9111
2042.50,22.9120
2043.00,22.9151
2043.50,22.9247
2044.00,22.9461
2044.50,22.9807
2045.00,23.0224
2045.50,23.0625
2046.00,23.0946
2046.50,23.1162
2047.00,23.1225
2047.50,23.1055
2048.00,23.0606
2048.50,22.9952
2049.00,22.9282
2049.50,22.8802
2050.00,22.8634
2050.50,22.8790
2051.00,22.9207
2051.50,22.9798
2052.00,23.0460
2052.50,23.1082
2053.00,23.1559
2053.50,23.1816
2054.00,23.1820
2054.50,23.1583
2055.00,23.1172
2055.50,23.0683
2056.00,23.0206
2056.50,22.9815
2057.00,22.9584
2057.50,22.9597
2058.00,22.9878
2058.50,23.0337
2059.00,23.0806
2059.50,23.1142
2060.00,23.1277
2060.50,23.1212
2061.00,23.0986
2061.50,23.0661
2062.00,23.0323
2062.50,23.0045
2063.00,22.9881
2063.50,22.9864
2064.00,23.0018
2064.50,23.0344
2065.00,23.0796
2065.50,23.1293
2066.00,23.1757
2066.50,23.2136
2067.00,23.2384
2067.50,23.2456
2068.00,23.2331
2068.50,23.2034
2069.00,23.1632
2069.50,23.1218
2070.00,23.0918
2070.50,23.0863
2071.00,23.1105
2071.50,23.1538
2072.00,23.1926
2072.50,23.2018
2073.00,23.1660
2073.50,23.0868
2074.00,22.9840
2074.50,22.8894
2075.00,22.8347
2075.50,22.8365
2076.00,22.8895
2076.50,22.9715
2077.00,23.0551
2077.50,23.1180
2078.00,23.1475
2078.50,23.1406
2079.00,23.1034
2079.50,23.0492
2080.00,22.9932
2080.50,22.9474
2081.00,22.9171
2081.50,22.9040
2082.00,22.9109
2082.50,22.9423
2083.00,22.9969
2083.50,23.0600
2084.00,23.1044
2084.50,23.1066
2085.00,23.0627
2085.50,22.9901
2086.00,22.9150
2086.50,22.8578
2087.00,22.8272
2087.50,22.8223
2088.00,22.8362
2088.50,22.8619
2089.00,22.8950
2089.50,22.9314
2090.00,22.9628
2090.50,22.9760
2091.00,22.9635
2091.50,22.9305
2092.00,22.8925
2092.50,22.8633
2093.00,22.8480
2093.50,22.8438
2094.00,22.8443
2094.50,22.8419
2095.00,22.8293
2095.50,22.8019
2096.00,22.7606
2096.50,22.7117
2097.00,22.6647
2097.50,22.6268
2098.00,22.5970
2098.50,22.5638
2099.00,22.5121
2099.50,22.4361
2100.00,22.3453
2100.50,22.2600
2101.00,22.2012
2101.50,22.1829
2102.00,22.2084
2102.50,22.2699
2103.00,22.3510
2103.50,22.4332
2104.00,22.5035
2104.50,22.5596
2105.00,22.6068
2105.50,22.6498
2106.00,22.6856
2106.50,22.7048
2107.00,22.6995
2107.50,22.6689
2108.00,22.6199
2108.50,22.5631
2109.00,22.5082
2109.50,22.4614
2110.00,22.4260
2110.50,22.4045
2111.00,22.4000
2111.50,22.4143
2112.00,22.4440
2112.50,22.4826
2113.00,22.5271
2113.50,22.5843
2114.00,22.6656
2114.50,22.7727
2115.00,22.8881
2115.50,22.9836
2116.00,23.0401
2116.50,23.0613
2117.00,23.0668
2117.50,23.0725
2118.00,23.0781
2118.50,23.0700
2119.00,23.0348
2119.50,22.9698
2120.00,22.8856
2120.50,22.8015
2121.00,22.7354
2121.50,22.6964
2122.00,22.6852
2122.50,22.6968
2123.00,22.7227
2123.50,22.7505
2124.00,22.7700
2124.50,22.7800
2125.00,22.7890
2125.50,22.8051
2126.00,22.8270
2126.50,22.8446
2127.00,22.8490
2127.50,22.8408
2128.00,22.8278
2128.50,22.8167
2129.00,22.8076
2129.50,22.7976
2130.00,22.7894
2130.50,22.7950
2131.00,22.8278
2131.50,22.8904
2132.00,22.9684
2132.50,23.0402
2133.00,23.0912
2133.50,23.1188
2134.00,23.1271
2134.50,23.1216
2135.00,23.1090
2135.50,23.0984
2136.00,23.0979
2136.50,23.1083
2137.00,23.1228
2137.50,23.1319
2138.00,23.1305
2138.50,23.1188
2139.00,23.0979
2139.50,23.0641
2140.00,23.0137
2140.50,22.9543
2141.00,22.9071
2141.50,22.8925
2142.00,22.9121
2142.50,22.9455
2143.00,22.9668
2143.50,22.9622
2144.00,22.9362
2144.50,22.9038
2145.00,22.8797
2145.50,22.8696
2146.00,22.8696
2146.50,22.8725
2147.00,22.8755
2147.50,22.8805
2148.00,22.8873
2148.50,22.8879
2149.00,22.8708
2149.50,22.8299
2150.00,22.7702
2150.50,22.7057
2151.00,22.6528
2151.50,22.6216
2152.00,22.6125
2152.50,22.6174
2153.00,22.6256
2153.50,22.6256
2154.00,22.6064
2154.50,22.5598
2155.00,22.4892
2155.50,22.4132
2156.00,22.3597
2156.50,22.3528
2157.00,22.3999
2157.50,22.4863
2158.00,22.5809
2158.50,22.6496
2159.00,22.6719
2159.50,22.6484
2160.00,22.5944
2160.50,22.5283
2161.00,22.4638
2161.50,22.4106
2162.00,22.3766
2162.50,22.3664
2163.00,22.3783
2163.50,22.4048
2164.00,22.4338
2164.50,22.4506
2165.00,22.4417
2165.50,22.4024
2166.00,22.3421
2166.50,22.2796
2167.00,22.2321
2167.50,22.2070
2168.00,22.2016
2168.50,22.2075
2169.00,22.2142
2169.50,22.2092
2170.00,22.1799
2170.50,22.1215
2171.00,22.0474
2171.50,21.9884
2172.00,21.9727
2172.50,22.0028
2173.00,22.0515
2173.50,22.0839
2174.00,22.0838
2174.50,22.0614
2175.00,22.0421
2175.50,22.0495
2176.00,22.0927
2176.50,22.1631
2177.00,22.2392
2177.50,22.2966
2178.00,22.3205
2178.50,22.3119
2179.00,22.2841
2179.50,22.2538
2180.00,22.2326
2180.50,22.2263
2181.00,22.2373
2181.50,22.2649
2182.00,22.3062
2182.50,22.3571
2183.00,22.4127
2183.50,22.4641
2184.00,22.4996
2184.50,22.5100
2185.00,22.4953
2185.50,22.4618
2186.00,22.4150
2186.50,22.3562
2187.00,22.2868
2187.50,22.2152
2188.00,22.1572
2188.50,22.1292
2189.00,22.1396
2189.50,22.1827
2190.00,22.2407
2190.50,22.2906
2191.00,22.3163
2191.50,22.3158
2192.00,22.2989
2192.50,22.2776
2193.00,22.2579
2193.50,22.2406
2194.00,22.2268
2194.50,22.2193
2195.00,22.2172
2195.50,22.2118
2196.00,22.1902
2196.50,22.1498
2197.00,22.1072
2197.50,22.0904
2198.00,22.1144
2198.50,22.1676
2199.00,22.2200
2199.50,22.2474
2200.00,22.2462
2200.50,22.2304
2201.00,22.2172
2201.50,22.2156
2202.00,22.2225
2202.50,22.2251
2203.00,22.2087
2203.50,22.1649
2204.00,22.0976
2204.50,22.0218
2205.00,21.9583
2205.50,21.9244
2206.00,21.9261
2206.50,21.9555
2207.00,21.9956
2207.50,22.0319
2208.00,22.0606
2208.50,22.0866
2209.00,22.1117
2209.50,22.1257
2210.00,22.1107
2210.50,22.0574
2211.00,21.9787
2211.50,21.9017
2212.00,21.8477
2212.50,21.8190
2213.00,21.8056
2213.50,21.8002
2214.00,21.8025
2214.50,21.8135
2215.00,21.8330
2215.50,21.8618
2216.00,21.9024
2216.50,21.9520
2217.00,21.9964
2217.50,22.0139
2218.00,21.9908
2218.50,21.9335
2219.00,21.8659
2219.50,21.8110
2220.00,21.7761
2220.50,21.7521
2221.00,21.7284
2221.50,21.7079
2222.00,21.7081
2222.50,21.7463
2223.00,21.8208
2223.50,21.9028
2224.00,21.9509
2224.50,21.9374
2225.00,21.8652
2225.50,21.7660
2226.00,21.6815
2226.50,21.6467
2227.00,21.6803
2227.50,21.7778
2228.00,21.9091
2228.50,22.0272
2229.00,22.0946
2229.50,22.1073
2230.00,22.0942
2230.50,22.0894
2231.00,22.1040
2231.50,22.1215
2232.00,22.1162
2232.50,22.0746
2233.00,22.0058
2233.50,21.9351
2234.00,21.8884
2234.50,21.8775
2235.00,21.8941
2235.50,21.9174
2236.00,21.9292
2236.50,21.9251
2237.00,21.9118
2237.50,21.8955
2238.00,21.8737
2238.50,21.8408
2239.00,21.7976
2239.50,21.7535
2240.00,21.7177
2240.50,21.6904
2241.00,21.6627
2241.50,21.6264
2242.00,21.5827
2242.50,21.5418
2243.00,21.5116
2243.50,21.4885
2244.00,21.4599
2244.50,21.4172
2245.00,21.3650
2245.50,21.3171
2246.00,21.2832
2246.50,21.2612
2247.00,21.2443
2247.50,21.2342
2248.00,21.2441
2248.50,21.2863
2249.00,21.3564
2249.50,21.4331
2250.00,21.4944
2250.50,21.5348
2251.00,21.5668
2251.50,21.6042
2252.00,21.6471
2252.50,21.6811
2253.00,21.6936
2253.50,21.6860
2254.00,21.6698
2254.50,21.6539
2255.00,21.6394
2255.50,21.6260
2256.00,21.6174
2256.50,21.6162
2257.00,21.6144
2257.50,21.5963
2258.00,21.5524
2258.50,21.4897
2259.00,21.4282
2259.50,21.3902
2260.00,21.3922
2260.50,21.4414
2261.00,21.5308
2261.50,21.6364
2262.00,21.7226
2262.50,21.7595
2263.00,21.7416
2263.50,21.6933
2264.00,21.6535
2264.50,21.6505
2265.00,21.6854
2265.50,21.7337
2266.00,21.7632
2266.50,21.7545
2267.00,21.7091
2267.50,21.6431
2268.00,21.5763
2268.50,21.5265
2269.00,21.5106
2269.50,21.5399
2270.00,21.6096
2270.50,21.6935
2271.00,21.7568
2271.50,21.7774
2272.00,21.7571
2272.50,21.7131
2273.00,21.6643
2273.50,21.6245
2274.00,21.6002
2274.50,21.5901
2275.00,21.5866
2275.50,21.5820
2276.00,21.5733
2276.50,21.5629
2277.00,21.5522
2277.50,21.5399
2278.00,21.5253
2278.50,21.5118
2279.00,21.5066
2279.50,21.5141
2280.00,21.5308
2280.50,21.5486
2281.00,21.5625
2281.50,21.5756
2282.00,21.5944
2282.50,21.6189
2283.00,21.6402
2283.50,21.6487
2284.00,21.6431
2284.50,21.6320
2285.00,21.6277
2285.50,21.6372
2286.00,21.6578
2286.50,21.6779
2287.00,21.6841
2287.50,21.6677
2288.00,21.6263
2288.50,21.5643
2289.00,21.4938
2289.50,21.4335
2290.00,21.4029
2290.50,21.4138
2291.00,21.4657
2291.50,21.5472
2292.00,21.6407
2292.50,21.7273
2293.00,21.7937
2293.50,21.8363
2294.00,21.8615
2294.50,21.8787
2295.00,21.8935
2295.50,21.9054
2296.00,21.9128
2296.50,21.9177
2297.00,21.9278
2297.50,21.9478
2298.00,21.9721
2298.50,21.9871
2299.00,21.9845
2299.50,21.9687
2300.00,21.9506
2300.50,21.9374
2301.00,21.9300
2301.50,21.9303
2302.00,21.9450
2302.50,21.9808
2303.00,22.0368
2303.50,22.1006
2304.00,22.1542
2304.50,22.1836
2305.00,22.1858
2305.50,22.1687
2306.00,22.1457
2306.50,22.1284
2307.00,22.1203
2307.50,22.1171
2308.00,22.1142
2308.50,22.1159
2309.00,22.1354
2309.50,22.1844
2310.00,22.2631
2310.50,22.3564
2311.00,22.4397
2311.50,22.4919
2312.00,22.5055
2312.50,22.4897
2313.00,22.4632
2313.50,22.4467
2314.00,22.4555
2314.50,22.4938
2315.00,22.5488
2315.50,22.5936
2316.00,22.6047
2316.50,22.5825
2317.00,22.5554
2317.50,22.5589
2318.00,22.6070
2318.50,22.6862
2319.00,22.7730
2319.50,22.8555
2320.00,22.9345
2320.50,23.0105
2321.00,23.0749
2321.50,23.1165
2322.00,23.1331
2322.50,23.1367
2323.00,23.1453
2323.50,23.1685
2324.00,23.1981
2324.50,23.2127
2325.00,23.1950
2325.50,23.1484
2326.00,23.0945
2326.50,23.0568
2327.00,23.0444
2327.50,23.0519
2328.00,23.0717
2328.50,23.1054
2329.00,23.1626
2329.50,23.2492
2330.00,23.3549
2330.50,23.4536
2331.00,23.5165
2331.50,23.5316
2332.00,23.5120
2332.50,23.4838
2333.00,23.4657
2333.50,23.4574
2334.00,23.4464
2334.50,23.4203
2335.00,23.3734
2335.50,23.3070
2336.00,23.2291
2336.50,23.1559
2337.00,23.1075
2337.50,23.0979
2338.00,23.1261
2338.50,23.1764
2339.00,23.2298
2339.50,23.2759
2340.00,23.3173
2340.50,23.3624
2341.00,23.4164
2341.50,23.4755
2342.00,23.5294
2342.50,23.5676
2343.00,23.5859
2343.50,23.5872
2344.00,23.5802
2344.50,23.5766
2345.00,23.5869
2345.50,23.6138
2346.00,23.6483
2346.50,23.6746
2347.00,23.6801
2347.50,23.6646
2348.00,23.6390
2348.50,23.6174
2349.00,23.6066
2349.50,23.6031
2350.00,23.5998
2350.50,23.5959
2351.00,23.5998
2351.50,23.6210
2352.00,23.6620
2352.50,23.7183
2353.00,23.7847
2353.50,23.8576
2354.00,23.9343
2354.50,24.0111
2355.00,24.0839
2355.50,24.1470
2356.00,24.1929
2356.50,24.2144
2357.00,24.2104
2357.50,24.1916
2358.00,24.1785
2358.50,24.1908
2359.00,24.2354
2359.50,24.3017
2360.00,24.3670
2360.50,24.4095
2361.00,24.4212
2361.50,24.4108
2362.00,24.3960
2362.50,24.3865
2363.00,24.3733
2363.50,24.3361
2364.00,24.2639
2364.50,24.1712
2365.00,24.0914
2365.50,24.0548
2366.00,24.0696
2366.50,24.1232
2367.00,24.1954
2367.50,24.2714
2368.00,24.3448
2368.50,24.4119
2369.00,24.4693
2369.50,24.5142
2370.00,24.5464
2370.50,24.5672
2371.00,24.5764
2371.50,24.5741
2372.00,24.5642
2372.50,24.5553
2373.00,24.5587
2373.50,24.5841
2374.00,24.6370
2374.50,24.7160
2375.00,24.8122
2375.50,24.9124
2376.00,25.0032
2376.50,25.0742
2377.00,25.1223
2377.50,25.1582
2378.00,25.2040
2378.50,25.2798
2379.00,25.3884
2379.50,25.5128
2380.00,25.6294
2380.50,25.7247
2381.00,25.7999
2381.50,25.8620
2382.00,25.9140
2382.50,25.9567
2383.00,25.9964
2383.50,26.0449
2384.00,26.1104
2384.50,26.1894
2385.00,26.2704
2385.50,26.3452
2386.00,26.4147
2386.50,26.4870
2387.00,26.5711
2387.50,26.6729
2388.00,26.7944
2388.50,26.9315
2389.00,27.0748
2389.50,27.2131
2390.00,27.3368
2390.50,27.4406
2391.00,27.5261
2391.50,27.6043
2392.00,27.6940
2392.50,27.8106
2393.00,27.9515
2393.50,28.0939
2394.00,28.2071
2394.50,28.2751
2395.00,28.3061
2395.50,28.3239
2396.00,28.3515
2396.50,28.4000
2397.00,28.4707
2397.50,28.5616
2398.00,28.6716
2398.50,28.8001
2399.00,28.9450
2399.50,29.1006
2400.00,29.2604
2400.50,29.4224
2401.00,29.5916
2401.50,29.7742
2402.00,29.9678
2402.50,30.1564
2403.00,30.3193
2403.50,30.4450
2404.00,30.5388
2404.50,30.6185
2405.00,30.7030
2405.50,30.8034
2406.00,30.9217
2406.50,31.0556
2407.00,31.2026
2407.50,31.3603
2408.00,31.5260
2408.50,31.6972
2409.00,31.8727
2409.50,32.0538
2410.00,32.2397
2410.50,32.4251
2411.00,32.6038
2411.50,32.7767
2412.00,32.9506
2412.50,33.1270
2413.00,33.2922
2413.50,33.4244
2414.00,33.5121
2414.50,33.5656
2415.00,33.6105
2415.50,33.6699
2416.00,33.7526
2416.50,33.8540
2417.00,33.9632
2417.50,34.0690
2418.00,34.1628
2418.50,34.2419
2419.00,34.3113
2419.50,34.3805
2420.00,34.4566
2420.50,34.5389
2421.00,34.6201
2421.50,34.6928
2422.00,34.7545
2422.50,34.8082
2423.00,34.8567
2423.50,34.8993
2424.00,34.9353
2424.50,34.9693
2425.00,35.0098
2425.50,35.0592
2426.00,35.1049
2426.50,35.1229
2427.00,35.0924
2427.50,35.0107
2428.00,34.8967
2428.50,34.7816
2429.00,34.6909
2429.50,34.6277
2430.00,34.5697
2430.50,34.4847
2431.00,34.3500
2431.50,34.1590
2432.00,33.9158
2432.50,33.6276
2433.00,33.3018
2433.50,32.9436
2434.00,32.5538
2434.50,32.1300
2435.00,31.6732
2435.50,31.1929
2436.00,30.7066
2436.50,30.2321
2437.00,29.7781
2437.50,29.3384
2438.00,28.8942
2438.50,28.4265
2439.00,27.9307
2439.50,27.4243
2440.00,26.9397
2440.50,26.5070
2441.00,26.1370
2441.50,25.8192
2442.00,25.5331
2442.50,25.2638
2443.00,25.0044
2443.50,24.7501
2444.00,24.4930
2444.50,24.2271
2445.00,23.9579
2445.50,23.7012
2446.00,23.4738
2446.50,23.2817
2447.00,23.1200
2447.50,22.9811
2448.00,22.8641
2448.50,22.7764
2449.00,22.7269
2449.50,22.7171
2450.00,22.7356
2450.50,22.7606
2451.00,22.7690
2451.50,22.7482
2452.00,22.7020
2452.50,22.6462
2453.00,22.5948
2453.50,22.5505
2454.00,22.5056
2454.50,22.4536
2455.00,22.4028
2455.50,22.3752
2456.00,22.3891
2456.50,22.4374
2457.00,22.4897
2457.50,22.5178
2458.00,22.5211
2458.50,22.5209
2459.00,22.5356
2459.50,22.5652
2460.00,22.6027
2460.50,22.6531
2461.00,22.7331
2461.50,22.8503
2462.00,22.9836
2462.50,23.0907
2463.00,23.1409
2463.50,23.1392
2464.00,23.1202
2464.50,23.1164
2465.00,23.1351
2465.50,23.1613
2466.00,23.1766
2466.50,23.1735
2467.00,23.1596
2467.50,23.1499
2468.00,23.1568
2468.50,23.1819
2469.00,23.2184
2469.50,23.2602
2470.00,23.3061
2470.50,23.3534
2471.00,23.3905
2471.50,23.4036
2472.00,23.3912
2472.50,23.3688
2473.00,23.3582
2473.50,23.3726
2474.00,23.4109
2474.50,23.4606
2475.00,23.5052
2475.50,23.5326
2476.00,23.5420
2476.50,23.5441
2477.00,23.5528
2477.50,23.5761
2478.00,23.6135
2478.50,23.6589
2479.00,23.7044
2479.50,23.7455
2480.00,23.7831
2480.50,23.8225
2481.00,23.8657
2481.50,23.9062
2482.00,23.9308
2482.50,23.9287
2483.00,23.9002
2483.50,23.8570
2484.00,23.8155
2484.50,23.7874
2485.00,23.7773
2485.50,23.7883
2486.00,23.8249
2486.50,23.8858
2487.00,23.9566
2487.50,24.0146
2488.00,24.0446
2488.50,24.0477
2489.00,24.0359
2489.50,24.0189
2490.00,23.9999
2490.50,23.9801
2491.00,23.9620
2491.50,23.9478
2492.00,23.9366
2492.50,23.9248
2493.00,23.9085
2493.50,23.8838
2494.00,23.8464
2494.50,23.7970
2495.00,23.7485
2495.50,23.7227
2496.00,23.7342
2496.50,23.7778
2497.00,23.8325
2497.50,23.8795
2498.00,23.9137
2498.50,23.9409
2499.00,23.9664
2499.50,23.9887
2500.00,24.0033
2500.50,24.0100
2501.00,24.0118
2501.50,24.0107
2502.00,24.0051
2502.50,23.9932
2503.00,23.9764
2503.50,23.9583
2504.00,23.9411
2504.50,23.9256
2505.00,23.9151
2505.50,23.9146
2506.00,23.9269
2506.50,23.9491
2507.00,23.9739
2507.50,23.9942
2508.00,24.0043
2508.50,24.0013
2509.00,23.9858
2509.50,23.9641
2510.00,23.9453
2510.50,23.9365
2511.00,23.9360
2511.50,23.9349
2512.00,23.9249
2512.50,23.9064
2513.00,23.8871
2513.50,23.8722
2514.00,23.8575
2514.50,23.8331
2515.00,23.7928
2515.50,23.7406
2516.00,23.6877
2516.50,23.6471
2517.00,23.6263
2517.50,23.6251
2518.00,23.6355
2518.50,23.6457
2519.00,23.6444
2519.50,23.6261
2520.00,23.5927
2520.50,23.5531
2521.00,23.5180
2521.50,23.4939
2522.00,23.4803
2522.50,23.4704
2523.00,23.4544
2523.50,23.4244
2524.00,23.3770
2524.50,23.3148
2525.00,23.2434
2525.50,23.1669
2526.00,23.0856
2526.50,22.9983
2527.00,22.9067
2527.50,22.8169
2528.00,22.7385
2528.50,22.6805
2529.00,22.6462
2529.50,22.6286
2530.00,22.6140
2530.50,22.5908
2531.00,22.5586
2531.50,22.5278
2532.00,22.5122
2532.50,22.5197
2533.00,22.5467
2533.50,22.5799
2534.00,22.6032
2534.50,22.6064
2535.00,22.5902
2535.50,22.5620
2536.00,22.5284
2536.50,22.4917
2537.00,22.4524
2537.50,22.4148
2538.00,22.3863
2538.50,22.3738
2539.00,22.3779
2539.50,22.3931
2540.00,22.4120
2540.50,22.4311
2541.00,22.4532
2541.50,22.4836
2542.00,22.5242
2542.50,22.5688
2543.00,22.6041
2543.50,22.6147
2544.00,22.5904
2544.50,22.5321
2545.00,22.4543
2545.50,22.3796
2546.00,22.3281
2546.50,22.3063
2547.00,22.3065
2547.50,22.3160
2548.00,22.3281
2548.50,22.3435
2549.00,22.3636
2549.50,22.3864
2550.00,22.4081
2550.50,22.4255
2551.00,22.4352
2551.50,22.4332
2552.00,22.4188
2552.50,22.3972
2553.00,22.3771
2553.50,22.3639
2554.00,22.3568
2554.50,22.3521
2555.00,22.3472
2555.50,22.3425
2556.00,22.3415
2556.50,22.3487
2557.00,22.3666
2557.50,22.3939
2558.00,22.4247
2558.50,22.4520
2559.00,22.4706
2559.50,22.4783
2560.00,22.4766
2560.50,22.4702
2561.00,22.4673
2561.50,22.4765
2562.00,22.5052
2562.50,22.5554
2563.00,22.6227
2563.50,22.6965
2564.00,22.7644
2564.50,22.8157
2565.00,22.8450
2565.50,22.8519
2566.00,22.8385
2566.50,22.8083
2567.00,22.7658
2567.50,22.7181
2568.00,22.6756
2568.50,22.6483
2569.00,22.6430
2569.50,22.6612
2570.00,22.6993
2570.50,22.7504
2571.00,22.8057
2571.50,22.8559
2572.00,22.8929
2572.50,22.9107
2573.00,22.9083
2573.50,22.8895
2574.00,22.8620
2574.50,22.8331
2575.00,22.8078
2575.50,22.7896
2576.00,22.7820
2576.50,22.7874
2577.00,22.8050
2577.50,22.8301
2578.00,22.8545
2578.50,22.8705
2579.00,22.8757
2579.50,22.8744
2580.00,22.8738
2580.50,22.8778
2581.00,22.8853
2581.50,22.8945
2582.00,22.9058
2582.50,22.9211
2583.00,22.9393
2583.50,22.9550
2584.00,22.9602
2584.50,22.9502
2585.00,22.9262
2585.50,22.8956
2586.00,22.8670
2586.50,22.8461
2587.00,22.8366
2587.50,22.8414
2588.00,22.8604
2588.50,22.8871
2589.00,22.9109
2589.50,22.9257
2590.00,22.9354
2590.50,22.9521
2591.00,22.9862
2591.50,23.0360
2592.00,23.0853
2592.50,23.1109
2593.00,23.0957
2593.50,23.0385
2594.00,22.9553
2594.50,22.8723
2595.00,22.8138
2595.50,22.7907
2596.00,22.7966
2596.50,22.8148
2597.00,22.8306
2597.50,22.8374
2598.00,22.8340
2598.50,22.8194
2599.00,22.7923
2599.50,22.7542
2600.00,22.7101
2600.50,22.6658
2601.00,22.6283
2601.50,22.6060
2602.00,22.6075
2602.50,22.6356
2603.00,22.6811
2603.50,22.7217
2604.00,22.7307
2604.50,22.6895
2605.00,22.5988
2605.50,22.4805
2606.00,22.3723
2606.50,22.3116
2607.00,22.3179
2607.50,22.3845
2608.00,22.4838
2608.50,22.5798
2609.00,22.6389
2609.50,22.6432
2610.00,22.6006
2610.50,22.5425
2611.00,22.5012
2611.50,22.4861
2612.00,22.4812
2612.50,22.4662
2613.00,22.4398
2613.50,22.4213
2614.00,22.4326
2614.50,22.4783
2615.00,22.5443
2615.50,22.6092
2616.00,22.6567
2616.50,22.6801
2617.00,22.6812
2617.50,22.6681
2618.00,22.6508
2618.50,22.6356
2619.00,22.6216
2619.50,22.6045
2620.00,22.5831
2620.50,22.5628
2621.00,22.5505
2621.50,22.5464
2622.00,22.5438
2622.50,22.5347
2623.00,22.5182
2623.50,22.5024
2624.00,22.4994
2624.50,22.5153
2625.00,22.5472
2625.50,22.5881
2626.00,22.6339
2626.50,22.6842
2627.00,22.7408
2627.50,22.8051
2628.00,22.8754
2628.50,22.9441
2629.00,23.0002
2629.50,23.0337
2630.00,23.0415
2630.50,23.0265
2631.00,22.9950
2631.50,22.9543
2632.00,22.9125
2632.50,22.8772
2633.00,22.8568
2633.50,22.8606
2634.00,22.8980
2634.50,22.9710
2635.00,23.0687
2635.50,23.1701
2636.00,23.2552
2636.50,23.3161
2637.00,23.3566
2637.50,23.3849
2638.00,23.4078
2638.50,23.4287
2639.00,23.4478
2639.50,23.4619
2640.00,23.4662
2640.50,23.4591
2641.00,23.4438
2641.50,23.4281
2642.00,23.4195
2642.50,23.4207
2643.00,23.4272
2643.50,23.4316
2644.00,23.4305
2644.50,23.4262
2645.00,23.4229
2645.50,23.4198
2646.00,23.4097
2646.50,23.3867
2647.00,23.3541
2647.50,23.3226
2648.00,23.2993
2648.50,23.2815
2649.00,23.2616
2649.50,23.2362
2650.00,23.2091
2650.50,23.1862
2651.00,23.1699
2651.50,23.1573
2652.00,23.1457
2652.50,23.1382
2653.00,23.1431
2653.50,23.1655
2654.00,23.2020
2654.50,23.2444
2655.00,23.2901
2655.50,23.3438
2656.00,23.4080
2656.50,23.4741
2657.00,23.5257
2657.50,23.5493
2658.00,23.5452
2658.50,23.5276
2659.00,23.5190
2659.50,23.5374
2660.00,23.5823
2660.50,23.6334
2661.00,23.6651
2661.50,23.6670
2662.00,23.6520
2662.50,23.6422
2663.00,23.6524
2663.50,23.6823
2664.00,23.7220
2664.50,23.7593
2665.00,23.7838
2665.50,23.7908
2666.00,23.7848
2666.50,23.7759
2667.00,23.7698
2667.50,23.7637
2668.00,23.7518
2668.50,23.7325
2669.00,23.7088
2669.50,23.6812
2670.00,23.6463
2670.50,23.6038
2671.00,23.5607
2671.50,23.5246
2672.00,23.4940
2672.50,23.4570
2673.00,23.4036
2673.50,23.3367
2674.00,23.2713
2674.50,23.2253
2675.00,23.2081
2675.50,23.2144
2676.00,23.2267
2676.50,23.2255
2677.00,23.2017
2677.50,23.1608
2678.00,23.1182
2678.50,23.0888
2679.00,23.0796
2679.50,23.0880
2680.00,23.1042
2680.50,23.1167
2681.00,23.1159
2681.50,23.0976
2682.00,23.0633
2682.50,23.0194
2683.00,22.9745
2683.50,22.9356
2684.00,22.9056
2684.50,22.8844
2685.00,22.8723
2685.50,22.8735
2686.00,22.8952
2686.50,22.9414
2687.00,23.0051
2687.50,23.0691
2688.00,23.1160
2688.50,23.1422
2689.00,23.1585
2689.50,23.1768
2690.00,23.1978
2690.50,23.2143
2691.00,23.2250
2691.50,23.2389
2692.00,23.2642
2692.50,23.2959
2693.00,23.3200
2693.50,23.3272
2694.00,23.3215
2694.50,23.3144
2695.00,23.3130
2695.50,23.3151
2696.00,23.3134
2696.50,23.3041
2697.00,23.2893
2697.50,23.2730
2698.00,23.2563
2698.50,23.2377
2699.00,23.2184
2699.50,23.2045
2700.00,23.2034
2700.50,23.2166
2701.00,23.2356
2701.50,23.2450
2702.00,23.2327
2702.50,23.2005
2703.00,23.1641
2703.50,23.1402
2704.00,23.1321
2704.50,23.1290
2705.00,23.1198
2705.50,23.1045
2706.00,23.0946
2706.50,23.1009
2707.00,23.1236
2707.50,23.1500
2708.00,23.1621
2708.50,23.1485
2709.00,23.1121
2709.50,23.0664
2710.00,23.0253
2710.50,22.9937
2711.00,22.9690
2711.50,22.9492
2712.00,22.9382
2712.50,22.9437
2713.00,22.9691
2713.50,23.0074
2714.00,23.0438
2714.50,23.0635
2715.00,23.0597
2715.50,23.0365
2716.00,23.0065
2716.50,22.9824
2717.00,22.9688
2717.50,22.9615
2718.00,22.9553
2718.50,22.9509
2719.00,22.9519
2719.50,22.9550
2720.00,22.9476
2720.50,22.9175
2721.00,22.8623
2721.50,22.7913
2722.00,22.7193
2722.50,22.6600
2723.00,22.6215
2723.50,22.6043
2724.00,22.6012
2724.50,22.6021
2725.00,22.6016
2725.50,22.6011
2726.00,22.6059
2726.50,22.6188
2727.00,22.6379
2727.50,22.6587
2728.00,22.6768
2728.50,22.6882
2729.00,22.6882
2729.50,22.6721
2730.00,22.6381
2730.50,22.5913
2731.00,22.5431
2731.50,22.5049
2732.00,22.4818
2732.50,22.4713
2733.00,22.4687
2733.50,22.4733
2734.00,22.4894
2734.50,22.5221
2735.00,22.5684
2735.50,22.6140
2736.00,22.6401
2736.50,22.6382
2737.00,22.6156
2737.50,22.5861
2738.00,22.5569
2738.50,22.5261
2739.00,22.4920
2739.50,22.4580
2740.00,22.4309
2740.50,22.4132
2741.00,22.3998
2741.50,22.3809
2742.00,22.3482
2742.50,22.3009
2743.00,22.2453
2743.50,22.1877
2744.00,22.1291
2744.50,22.0658
2745.00,21.9951
2745.50,21.9194
2746.00,21.8484
2746.50,21.7956
2747.00,21.7728
2747.50,21.7840
2748.00,21.8220
2748.50,21.8700
2749.00,21.9081
2749.50,21.9230
2750.00,21.9161
2750.50,21.9015
2751.00,21.8958
2751.50,21.9055
2752.00,21.9243
2752.50,21.9400
2753.00,21.9431
2753.50,21.9316
2754.00,21.9103
2754.50,21.8861
2755.00,21.8646
2755.50,21.8474
2756.00,21.8318
2756.50,21.8121
2757.00,21.7829
2757.50,21.7448
2758.00,21.7070
2758.50,21.6831
2759.00,21.6838
2759.50,21.7110
2760.00,21.7586
2760.50,21.8161
2761.00,21.8734
2761.50,21.9258
2762.00,21.9738
2762.50,22.0192
2763.00,22.0606
2763.50,22.0944
2764.00,22.1182
2764.50,22.1312
2765.00,22.1292
2765.50,22.1023
2766.00,22.0399
2766.50,21.9406
2767.00,21.8191
2767.50,21.7046
2768.00,21.6290
2768.50,21.6084
2769.00,21.6320
2769.50,21.6681
2770.00,21.6870
2770.50,21.6817
2771.00,21.6694
2771.50,21.6720
2772.00,21.6973
2772.50,21.7352
2773.00,21.7707
2773.50,21.7992
2774.00,21.8286
2774.50,21.8683
2775.00,21.9168
2775.50,21.9604
2776.00,21.9843
2776.50,21.9850
2777.00,21.9742
2777.50,21.9710
2778.00,21.9892
2778.50,22.0291
2779.00,22.0782
2779.50,22.1196
2780.00,22.1403
2780.50,22.1350
2781.00,22.1043
2781.50,22.0549
2782.00,21.9983
2782.50,21.9460
2783.00,21.9011
2783.50,21.8578
2784.00,21.8127
2784.50,21.7755
2785.00,21.7667
2785.50,21.7980
2786.00,21.8577
2786.50,21.9161
2787.00,21.9491
2787.50,21.9566
2788.00,21.9563
2788.50,21.9636
2789.00,21.9797
2789.50,21.9977
2790.00,22.0119
2790.50,22.0187
2791.00,22.0132
2791.50,21.9923
2792.00,21.9578
2792.50,21.9151
2793.00,21.8693
2793.50,21.8277
2794.00,21.8062
2794.50,21.8259
2795.00,21.8965
2795.50,22.0019
2796.00,22.1065
2796.50,22.1792
2797.00,22.2122
2797.50,22.2187
2798.00,22.2164
2798.50,22.2143
2799.00,22.2135
2799.50,22.2154
2800.00,22.2259
2800.50,22.2523
2801.00,22.2962
2801.50,22.3496
2802.00,22.3989
2802.50,22.4325
2803.00,22.4487
2803.50,22.4570
2804.00,22.4721
2804.50,22.5031
2805.00,22.5443
2805.50,22.5769
2806.00,22.5829
2806.50,22.5597
2807.00,22.5224
2807.50,22.4921
2808.00,22.4813
2808.50,22.4892
2809.00,22.5087
2809.50,22.5338
2810.00,22.5601
2810.50,22.5836
2811.00,22.6038
2811.50,22.6272
2812.00,22.6615
2812.50,22.7048
2813.00,22.7441
2813.50,22.7664
2814.00,22.7721
2814.50,22.7753
2815.00,22.7915
2815.50,22.8269
2816.00,22.8779
2816.50,22.9356
2817.00,22.9904
2817.50,23.0330
2818.00,23.0562
2818.50,23.0571
2819.00,23.0386
2819.50,23.0089
2820.00,22.9778
2820.50,22.9527
2821.00,22.9365
2821.50,22.9281
2822.00,22.9246
2822.50,22.9244
2823.00,22.9278
2823.50,22.9351
2824.00,22.9441
2824.50,22.9485
2825.00,22.9416
2825.50,22.9209
2826.00,22.8935
2826.50,22.8733
2827.00,22.8742
2827.50,22.8999
2828.00,22.9400
2828.50,22.9780
2829.00,23.0043
2829.50,23.0228
2830.00,23.0441
2830.50,23.0744
2831.00,23.1084
2831.50,23.1331
2832.00,23.1377
2832.50,23.1206
2833.00,23.0891
2833.50,23.0520
2834.00,23.0140
2834.50,22.9759
2835.00,22.9387
2835.50,22.9047
2836.00,22.8754
2836.50,22.8517
2837.00,22.8383
2837.50,22.8439
2838.00,22.8778
2838.50,22.9401
2839.00,23.0170
2839.50,23.0837
2840.00,23.1188
2840.50,23.1174
2841.00,23.0930
2841.50,23.0670
2842.00,23.0580
2842.50,23.0771
2843.00,23.1264
2843.50,23.1952
2844.00,23.2604
2844.50,23.2959
2845.00,23.2872
2845.50,23.2399
2846.00,23.1739
2846.50,23.1106
2847.00,23.0630
2847.50,23.0358
2848.00,23.0296
2848.50,23.0426
2849.00,23.0682
2849.50,23.0950
2850.00,23.1119
2850.50,23.1156
2851.00,23.1120
2851.50,23.1110
2852.00,23.1182
2852.50,23.1306
2853.00,23.1410
2853.50,23.1457
2854.00,23.1451
2854.50,23.1387
2855.00,23.1212
2855.50,23.0882
2856.00,23.0450
2856.50,23.0059
2857.00,22.9826
2857.50,22.9750
2858.00,22.9724
2858.50,22.9636
2859.00,22.9436
2859.50,22.9131
2860.00,22.8735
2860.50,22.8248
2861.00,22.7704
2861.50,22.7214
2862.00,22.6937
2862.50,22.6981
2863.00,22.7328
2863.50,22.7847
2864.00,22.8384
2864.50,22.8832
2865.00,22.9161
2865.50,22.9405
2866.00,22.9619
2866.50,22.9824
2867.00,22.9965
2867.50,22.9935
2868.00,22.9658
2868.50,22.9166
2869.00,22.8596
2869.50,22.8095
2870.00,22.7749
2870.50,22.7569
2871.00,22.7528
2871.50,22.7561
2872.00,22.7563
2872.50,22.7441
2873.00,22.7211
2873.50,22.7016
2874.00,22.7009
2874.50,22.7216
2875.00,22.7529
2875.50,22.7823
2876.00,22.8059
2876.50,22.8255
2877.00,22.8398
2877.50,22.8425
2878.00,22.8295
2878.50,22.8056
2879.00,22.7824
2879.50,22.7695
2880.00,22.7690
2880.50,22.7789
2881.00,22.7984
2881.50,22.8271
2882.00,22.8585
2882.50,22.8761
2883.00,22.8617
2883.50,22.8096
2884.00,22.7346
2884.50,22.6675
2885.00,22.6378
2885.50,22.6564
2886.00,22.7066
2886.50,22.7547
2887.00,22.7730
2887.50,22.7573
2888.00,22.7235
2888.50,22.6893
2889.00,22.6612
2889.50,22.6372
2890.00,22.6156
2890.50,22.5975
2891.00,22.5840
2891.50,22.5727
2892.00,22.5593
2892.50,22.5395
2893.00,22.5102
2893.50,22.4708
2894.00,22.4281
2894.50,22.3976
2895.00,22.3975
2895.50,22.4367
2896.00,22.5062
2896.50,22.5818
2897.00,22.6368
2897.50,22.6552
2898.00,22.6379
2898.50,22.6005
2899.00,22.5636
2899.50,22.5409
2900.00,22.5310
2900.50,22.5221
2901.00,22.5074
2901.50,22.4935
2902.00,22.4922
2902.50,22.5030
2903.00,22.5096
2903.50,22.4941
2904.00,22.4565
2904.50,22.4174
