0.00,0.0000
0.50,0.4339
1.00,1.0399
1.50,1.7749
2.00,2.5597
2.50,3.3100
3.00,3.9627
3.50,4.4894
4.00,4.8963
4.50,5.2169
5.00,5.4946
5.50,5.7595
6.00,6.0161
6.50,6.2520
7.00,6.4572
7.50,6.6327
8.00,6.7874
8.50,6.9341
9.00,7.0899
9.50,7.2699
10.00,7.4726
10.50,7.6738
11.00,7.8415
11.50,7.9609
12.00,8.0421
12.50,8.1061
13.00,8.1668
13.50,8.2289
14.00,8.2952
14.50,8.3711
15.00,8.4636
15.50,8.5785
16.00,8.7159
16.50,8.8653
17.00,9.0036
17.50,9.1053
18.00,9.1577
18.50,9.1715
19.00,9.1749
19.50,9.1971
20.00,9.2535
20.50,9.3401
21.00,9.4398
21.50,9.5309
22.00,9.5956
22.50,9.6263
23.00,9.6324
23.50,9.6403
24.00,9.6785
24.50,9.7560
25.00,9.8556
25.50,9.9504
26.00,10.0266
26.50,10.0916
27.00,10.1595
27.50,10.2372
28.00,10.3231
28.50,10.4144
29.00,10.5096
29.50,10.6036
30.00,10.6862
30.50,10.7461
31.00,10.7766
31.50,10.7773
32.00,10.7540
32.50,10.7156
33.00,10.6742
33.50,10.6454
34.00,10.6465
34.50,10.6871
35.00,10.7588
35.50,10.8346
36.00,10.8858
36.50,10.9018
37.00,10.8989
37.50,10.9039
38.00,10.9296
38.50,10.9636
39.00,10.9845
39.50,10.9879
40.00,10.9928
40.50,11.0262
41.00,11.1015
41.50,11.2086
42.00,11.3199
42.50,11.4018
43.00,11.4290
43.50,11.3963
44.00,11.3238
44.50,11.2491
45.00,11.2078
45.50,11.2143
46.00,11.2596
46.50,11.3256
47.00,11.3990
47.50,11.4729
48.00,11.5418
48.50,11.6025
49.00,11.6566
49.50,11.7054
50.00,11.7435
50.50,11.7627
51.00,11.7635
51.50,11.7595
52.00,11.7669
52.50,11.7938
53.00,11.8403
53.50,11.9024
54.00,11.9710
54.50,12.0326
55.00,12.0748
55.50,12.0919
56.00,12.0870
56.50,12.0702
57.00,12.0582
57.50,12.0702
58.00,12.1195
58.50,12.2080
59.00,12.3239
59.50,12.4427
60.00,12.5335
60.50,12.5760
61.00,12.5775
61.50,12.5715
62.00,12.5933
62.50,12.6530
63.00,12.7294
63.50,12.7908
64.00,12.8198
64.50,12.8212
65.00,12.8126
65.50,12.8108
66.00,12.8259
66.50,12.8626
67.00,12.9193
67.50,12.9892
68.00,13.0631
68.50,13.1337
69.00,13.1947
69.50,13.2395
70.00,13.2629
70.50,13.2644
71.00,13.2518
71.50,13.2395
72.00,13.2436
72.50,13.2728
73.00,13.3215
73.50,13.3688
74.00,13.3904
74.50,13.3798
75.00,13.3604
75.50,13.3709
76.00,13.4333
76.50,13.5353
77.00,13.6451
77.50,13.7398
78.00,13.8183
78.50,13.8891
79.00,13.9546
79.50,14.0078
80.00,14.0393
80.50,14.0442
81.00,14.0237
81.50,13.9851
82.00,13.9404
82.50,13.9032
83.00,13.8864
83.50,13.8999
84.00,13.9478
84.50,14.0236
85.00,14.1112
85.50,14.1927
86.00,14.2578
86.50,14.3064
87.00,14.3448
87.50,14.3799
88.00,14.4163
88.50,14.4526
89.00,14.4814
89.50,14.4948
90.00,14.4925
90.50,14.4827
91.00,14.4749
91.50,14.4736
92.00,14.4801
92.50,14.4961
93.00,14.5216
93.50,14.5501
94.00,14.5700
94.50,14.5721
95.00,14.5532
95.50,14.5173
96.00,14.4755
96.50,14.4464
97.00,14.4496
97.50,14.4946
98.00,14.5747
98.50,14.6708
99.00,14.7617
99.50,14.8344
100.00,14.8860
100.50,14.9201
101.00,14.9433
101.50,14.9630
102.00,14.9855
102.50,15.0131
103.00,15.0415
103.50,15.0617
104.00,15.0696
104.50,15.0724
105.00,15.0872
105.50,15.1267
106.00,15.1883
106.50,15.2562
107.00,15.3139
107.50,15.3566
108.00,15.3928
108.50,15.4385
109.00,15.5063
109.50,15.5946
110.00,15.6840
110.50,15.7467
111.00,15.7663
111.50,15.7503
112.00,15.7231
112.50,15.7064
113.00,15.7060
113.50,15.7145
114.00,15.7218
114.50,15.7223
115.00,15.7173
115.50,15.7152
116.00,15.7283
116.50,15.7671
117.00,15.8331
117.50,15.9155
118.00,15.9945
118.50,16.0491
119.00,16.0645
119.50,16.0384
120.00,15.9827
120.50,15.9214
121.00,15.8814
121.50,15.8798
122.00,15.9189
122.50,15.9905
123.00,16.0846
123.50,16.1897
124.00,16.2862
124.50,16.3465
125.00,16.3487
125.50,16.2949
126.00,16.2136
126.50,16.1446
127.00,16.1165
127.50,16.1345
128.00,16.1841
128.50,16.2414
129.00,16.2845
129.50,16.3044
130.00,16.3090
130.50,16.3160
131.00,16.3392
131.50,16.3786
132.00,16.4226
132.50,16.4596
133.00,16.4872
133.50,16.5123
134.00,16.5418
134.50,16.5740
135.00,16.5994
135.50,16.6092
136.00,16.6037
136.50,16.5944
137.00,16.5982
137.50,16.6276
138.00,16.6813
138.50,16.7415
139.00,16.7829
139.50,16.7900
140.00,16.7697
140.50,16.7458
141.00,16.7394
141.50,16.7538
142.00,16.7784
142.50,16.8032
143.00,16.8278
143.50,16.8584
144.00,16.9000
144.50,16.9504
145.00,16.9981
145.50,17.0266
146.00,17.0236
146.50,16.9894
147.00,16.9385
147.50,16.8935
148.00,16.8756
148.50,16.8915
149.00,16.9249
149.50,16.9446
150.00,16.9268
150.50,16.8741
151.00,16.8115
151.50,16.7631
152.00,16.7372
152.50,16.7322
153.00,16.7494
153.50,16.7923
154.00,16.8528
154.50,16.9086
155.00,16.9403
155.50,16.9489
156.00,16.9522
156.50,16.9657
157.00,16.9886
157.50,17.0091
158.00,17.0185
158.50,17.0215
159.00,17.0317
159.50,17.0576
160.00,17.0912
160.50,17.1128
161.00,17.1084
161.50,17.0821
162.00,17.0507
162.50,17.0317
163.00,17.0364
163.50,17.0714
164.00,17.1372
164.50,17.2246
165.00,17.3160
165.50,17.3915
166.00,17.4384
166.50,17.4563
167.00,17.4573
167.50,17.4583
168.00,17.4714
168.50,17.4984
169.00,17.5307
169.50,17.5542
170.00,17.5573
170.50,17.5386
171.00,17.5106
171.50,17.4926
172.00,17.4987
172.50,17.5285
173.00,17.5656
173.50,17.5877
174.00,17.5819
174.50,17.5538
175.00,17.5239
175.50,17.5133
176.00,17.5299
176.50,17.5651
177.00,17.6014
177.50,17.6252
178.00,17.6375
178.50,17.6534
179.00,17.6911
179.50,17.7596
180.00,17.8526
180.50,17.9506
181.00,18.0279
181.50,18.0632
182.00,18.0520
182.50,18.0103
183.00,17.9641
183.50,17.9316
184.00,17.9162
184.50,17.9142
185.00,17.9247
185.50,17.9480
186.00,17.9751
186.50,17.9853
187.00,17.9588
187.50,17.8919
188.00,17.8000
188.50,17.7096
189.00,17.6477
189.50,17.6342
190.00,17.6747
190.50,17.7565
191.00,17.8529
191.50,17.9367
192.00,17.9949
192.50,18.0302
193.00,18.0520
193.50,18.0671
194.00,18.0779
194.50,18.0840
195.00,18.0813
195.50,18.0632
196.00,18.0287
196.50,17.9909
197.00,17.9724
197.50,17.9876
198.00,18.0296
198.50,18.0714
199.00,18.0846
199.50,18.0589
200.00,18.0071
200.50,17.9532
201.00,17.9158
201.50,17.9001
202.00,17.9022
202.50,17.9152
203.00,17.9362
203.50,17.9670
204.00,18.0113
204.50,18.0668
205.00,18.1222
205.50,18.1627
206.00,18.1793
206.50,18.1731
207.00,18.1526
207.50,18.1298
208.00,18.1153
208.50,18.1128
209.00,18.1173
209.50,18.1203
210.00,18.1197
210.50,18.1244
211.00,18.1467
211.50,18.1900
212.00,18.2450
212.50,18.2947
213.00,18.3235
213.50,18.3256
214.00,18.3076
214.50,18.2826
215.00,18.2604
215.50,18.2408
216.00,18.2185
216.50,18.1924
217.00,18.1700
217.50,18.1607
218.00,18.1667
218.50,18.1823
219.00,18.2029
219.50,18.2314
220.00,18.2732
220.50,18.3272
221.00,18.3845
221.50,18.4383
222.00,18.4907
222.50,18.5489
223.00,18.6135
223.50,18.6727
224.00,18.7069
224.50,18.7032
225.00,18.6671
225.50,18.6194
226.00,18.5799
226.50,18.5541
227.00,18.5349
227.50,18.5161
228.00,18.5021
228.50,18.5051
229.00,18.5339
229.50,18.5858
230.00,18.6489
230.50,18.7079
231.00,18.7480
231.50,18.7553
232.00,18.7236
232.50,18.6636
233.00,18.6033
233.50,18.5716
234.00,18.5790
234.50,18.6146
235.00,18.6611
235.50,18.7104
236.00,18.7660
236.50,18.8328
237.00,18.9047
237.50,18.9650
238.00,18.9949
238.50,18.9858
239.00,18.9424
239.50,18.8773
240.00,18.8040
240.50,18.7338
241.00,18.6749
241.50,18.6331
242.00,18.6125
242.50,18.6148
243.00,18.6366
243.50,18.6652
244.00,18.6822
244.50,18.6715
245.00,18.6304
245.50,18.5718
246.00,18.5198
246.50,18.4952
247.00,18.5040
247.50,18.5373
248.00,18.5811
248.50,18.6274
249.00,18.6751
249.50,18.7231
250.00,18.7644
250.50,18.7864
251.00,18.7793
251.50,18.7463
252.00,18.7059
252.50,18.6841
253.00,18.6988
253.50,18.7485
254.00,18.8128
254.50,18.8649
255.00,18.8873
255.50,18.8766
256.00,18.8401
256.50,18.7921
257.00,18.7517
257.50,18.7385
258.00,18.7602
258.50,18.8042
259.00,18.8438
259.50,18.8584
260.00,18.8484
260.50,18.8320
261.00,18.8277
261.50,18.8390
262.00,18.8534
262.50,18.8495
263.00,18.8088
263.50,18.7282
264.00,18.6262
264.50,18.5383
265.00,18.4988
265.50,18.5221
266.00,18.5948
266.50,18.6832
267.00,18.7535
267.50,18.7919
268.00,18.8138
268.50,18.8521
269.00,18.9305
269.50,19.0397
270.00,19.1393
270.50,19.1884
271.00,19.1782
271.50,19.1370
272.00,19.1007
272.50,19.0808
273.00,19.0625
273.50,19.0310
274.00,18.9936
274.50,18.9737
275.00,18.9883
275.50,19.0314
276.00,19.0774
276.50,19.0983
277.00,19.0825
277.50,19.0424
278.00,19.0048
278.50,18.9906
279.00,19.0029
279.50,19.0310
280.00,19.0655
280.50,19.1054
281.00,19.1530
281.50,19.2055
282.00,19.2535
282.50,19.2851
283.00,19.2912
283.50,19.2707
284.00,19.2349
284.50,19.2043
285.00,19.1973
285.50,19.2195
286.00,19.2617
286.50,19.3076
287.00,19.3415
287.50,19.3542
288.00,19.3465
288.50,19.3304
289.00,19.3236
289.50,19.3387
290.00,19.3758
290.50,19.4275
291.00,19.4889
291.50,19.5584
292.00,19.6303
292.50,19.6911
293.00,19.7262
293.50,19.7286
294.00,19.7022
294.50,19.6605
295.00,19.6229
295.50,19.6063
296.00,19.6139
296.50,19.6319
297.00,19.6384
297.50,19.6192
298.00,19.5784
298.50,19.5364
299.00,19.5154
299.50,19.5237
300.00,19.5488
300.50,19.5682
301.00,19.5674
301.50,19.5530
302.00,19.5457
302.50,19.5606
303.00,19.5902
303.50,19.6080
304.00,19.5878
304.50,19.5223
305.00,19.4299
305.50,19.3448
306.00,19.2997
306.50,19.3090
307.00,19.3636
307.50,19.4371
308.00,19.4991
308.50,19.5295
309.00,19.5257
309.50,19.4989
310.00,19.4651
310.50,19.4364
311.00,19.4190
311.50,19.4153
312.00,19.4258
312.50,19.4498
313.00,19.4855
313.50,19.5297
314.00,19.5771
314.50,19.6204
315.00,19.6535
315.50,19.6730
316.00,19.6768
316.50,19.6652
317.00,19.6429
317.50,19.6211
318.00,19.6114
318.50,19.6176
319.00,19.6331
319.50,19.6465
320.00,19.6510
320.50,19.6505
321.00,19.6560
321.50,19.6776
322.00,19.7170
322.50,19.7660
323.00,19.8152
323.50,19.8606
324.00,19.9043
324.50,19.9496
325.00,19.9959
325.50,20.0371
326.00,20.0611
326.50,20.0539
327.00,20.0101
327.50,19.9420
328.00,19.8807
328.50,19.8581
329.00,19.8849
329.50,19.9419
330.00,19.9948
330.50,20.0202
331.00,20.0193
331.50,20.0126
332.00,20.0229
332.50,20.0615
333.00,20.1227
333.50,20.1879
334.00,20.2356
334.50,20.2544
335.00,20.2514
335.50,20.2454
336.00,20.2500
336.50,20.2612
337.00,20.2643
337.50,20.2513
338.00,20.2297
338.50,20.2129
339.00,20.2079
339.50,20.2143
340.00,20.2312
340.50,20.2599
341.00,20.2958
341.50,20.3249
342.00,20.3319
342.50,20.3151
343.00,20.2905
343.50,20.2790
344.00,20.2884
344.50,20.3053
345.00,20.3050
345.50,20.2711
346.00,20.2096
346.50,20.1459
347.00,20.1088
347.50,20.1140
348.00,20.1573
348.50,20.2203
349.00,20.2813
349.50,20.3244
350.00,20.3409
350.50,20.3273
351.00,20.2849
351.50,20.2231
352.00,20.1602
352.50,20.1146
353.00,20.0951
353.50,20.0988
354.00,20.1153
354.50,20.1316
355.00,20.1333
355.50,20.1081
356.00,20.0550
356.50,19.9903
357.00,19.9428
357.50,19.9376
358.00,19.9827
358.50,20.0648
359.00,20.1588
359.50,20.2394
360.00,20.2883
360.50,20.2984
361.00,20.2775
361.50,20.2475
362.00,20.2338
362.50,20.2457
363.00,20.2646
363.50,20.2566
364.00,20.2038
364.50,20.1246
365.00,20.0619
365.50,20.0489
366.00,20.0877
366.50,20.1540
367.00,20.2175
367.50,20.2566
368.00,20.2643
368.50,20.2484
369.00,20.2234
369.50,20.2001
370.00,20.1837
370.50,20.1811
371.00,20.2053
371.50,20.2637
372.00,20.3454
372.50,20.4222
373.00,20.4663
373.50,20.4665
374.00,20.4320
374.50,20.3847
375.00,20.3473
375.50,20.3310
376.00,20.3292
376.50,20.3219
377.00,20.2923
377.50,20.2424
378.00,20.1951
378.50,20.1793
379.00,20.2112
379.50,20.2870
380.00,20.3871
380.50,20.4840
381.00,20.5502
381.50,20.5692
382.00,20.5465
382.50,20.5081
383.00,20.4818
383.50,20.4760
384.00,20.4778
384.50,20.4682
385.00,20.4405
385.50,20.4027
386.00,20.3700
386.50,20.3550
387.00,20.3628
387.50,20.3889
388.00,20.4206
388.50,20.4412
389.00,20.4363
389.50,20.4000
390.00,20.3398
390.50,20.2765
391.00,20.2353
391.50,20.2316
392.00,20.2605
392.50,20.2996
393.00,20.3234
393.50,20.3186
394.00,20.2910
394.50,20.2588
395.00,20.2369
395.50,20.2231
396.00,20.2027
396.50,20.1645
397.00,20.1141
397.50,20.0697
398.00,20.0478
398.50,20.0540
399.00,20.0846
399.50,20.1322
400.00,20.1866
400.50,20.2340
401.00,20.2615
401.50,20.2648
402.00,20.2511
402.50,20.2334
403.00,20.2220
403.50,20.2193
404.00,20.2193
404.50,20.2114
405.00,20.1864
405.50,20.1419
406.00,20.0828
406.50,20.0195
407.00,19.9638
407.50,19.9256
408.00,19.9096
408.50,19.9144
409.00,19.9332
409.50,19.9566
410.00,19.9764
410.50,19.9889
411.00,19.9962
411.50,20.0049
412.00,20.0227
412.50,20.0524
413.00,20.0871
413.50,20.1132
414.00,20.1225
414.50,20.1218
415.00,20.1265
415.50,20.1429
416.00,20.1580
416.50,20.1484
417.00,20.1011
417.50,20.0273
418.00,19.9571
418.50,19.9197
419.00,19.9251
419.50,19.9595
420.00,19.9997
420.50,20.0327
421.00,20.0635
421.50,20.1041
422.00,20.1559
422.50,20.2044
423.00,20.2301
423.50,20.2229
424.00,20.1889
424.50,20.1465
425.00,20.1166
425.50,20.1128
426.00,20.1333
426.50,20.1619
427.00,20.1798
427.50,20.1789
428.00,20.1676
428.50,20.1628
429.00,20.1771
429.50,20.2111
430.00,20.2571
430.50,20.3049
431.00,20.3438
431.50,20.3638
432.00,20.3611
432.50,20.3454
433.00,20.3386
433.50,20.3577
434.00,20.3972
434.50,20.4296
435.00,20.4276
435.50,20.3902
436.00,20.3443
436.50,20.3219
437.00,20.3331
437.50,20.3592
438.00,20.3706
438.50,20.3521
439.00,20.3141
439.50,20.2827
440.00,20.2787
440.50,20.3031
441.00,20.3382
441.50,20.3605
442.00,20.3551
442.50,20.3233
443.00,20.2784
443.50,20.2376
444.00,20.2158
444.50,20.2201
445.00,20.2448
445.50,20.2714
446.00,20.2787
446.50,20.2564
447.00,20.2106
447.50,20.1560
448.00,20.1080
448.50,20.0796
449.00,20.0785
449.50,20.1025
450.00,20.1353
450.50,20.1537
451.00,20.1415
451.50,20.1015
452.00,20.0539
452.50,20.0230
453.00,20.0230
453.50,20.0509
454.00,20.0893
454.50,20.1158
455.00,20.1155
455.50,20.0885
456.00,20.0509
456.50,20.0260
457.00,20.0310
457.50,20.0658
458.00,20.1095
458.50,20.1340
459.00,20.1234
459.50,20.0877
460.00,20.0551
460.50,20.0512
461.00,20.0825
461.50,20.1357
462.00,20.1918
462.50,20.2392
463.00,20.2726
463.50,20.2871
464.00,20.2775
464.50,20.2470
465.00,20.2105
465.50,20.1861
466.00,20.1817
466.50,20.1896
467.00,20.1950
467.50,20.1906
468.00,20.1865
468.50,20.2045
469.00,20.2577
469.50,20.3335
470.00,20.3967
470.50,20.4139
471.00,20.3755
471.50,20.3009
472.00,20.2212
472.50,20.1590
473.00,20.1164
473.50,20.0814
474.00,20.0449
474.50,20.0124
475.00,19.9990
475.50,20.0166
476.00,20.0673
476.50,20.1448
477.00,20.2357
477.50,20.3209
478.00,20.3823
478.50,20.4140
479.00,20.4247
479.50,20.4270
480.00,20.4251
480.50,20.4132
481.00,20.3828
481.50,20.3305
482.00,20.2633
482.50,20.1979
483.00,20.1539
483.50,20.1416
484.00,20.1548
484.50,20.1749
485.00,20.1831
485.50,20.1701
486.00,20.1357
486.50,20.0850
487.00,20.0254
487.50,19.9694
488.00,19.9318
488.50,19.9232
489.00,19.9457
489.50,19.9966
490.00,20.0726
490.50,20.1628
491.00,20.2432
491.50,20.2859
492.00,20.2846
492.50,20.2654
493.00,20.2679
493.50,20.3125
494.00,20.3874
494.50,20.4630
495.00,20.5121
495.50,20.5194
496.00,20.4812
496.50,20.4064
497.00,20.3171
497.50,20.2407
498.00,20.1944
498.50,20.1778
499.00,20.1787
499.50,20.1873
500.00,20.2040
500.50,20.2352
501.00,20.2824
501.50,20.3382
502.00,20.3909
502.50,20.4336
503.00,20.4686
503.50,20.5008
504.00,20.5289
504.50,20.5431
505.00,20.5319
505.50,20.4941
506.00,20.4425
506.50,20.3957
507.00,20.3670
507.50,20.3584
508.00,20.3605
508.50,20.3585
509.00,20.3408
509.50,20.3099
510.00,20.2842
510.50,20.2830
511.00,20.3090
511.50,20.3458
512.00,20.3726
512.50,20.3800
513.00,20.3703
513.50,20.3489
514.00,20.3193
514.50,20.2871
515.00,20.2616
515.50,20.2483
516.00,20.2437
516.50,20.2398
517.00,20.2330
517.50,20.2250
518.00,20.2172
518.50,20.2103
519.00,20.2094
519.50,20.2233
520.00,20.2521
520.50,20.2775
521.00,20.2745
521.50,20.2329
522.00,20.1654
522.50,20.0939
523.00,20.0360
523.50,20.0027
524.00,20.0030
524.50,20.0420
525.00,20.1121
525.50,20.1905
526.00,20.2511
526.50,20.2843
527.00,20.3048
527.50,20.3365
528.00,20.3869
528.50,20.4374
529.00,20.4598
529.50,20.4393
530.00,20.3824
530.50,20.3106
531.00,20.2520
531.50,20.2297
532.00,20.2478
532.50,20.2856
533.00,20.3102
533.50,20.3007
534.00,20.2623
534.50,20.2196
535.00,20.1949
535.50,20.1908
536.00,20.1917
536.50,20.1811
537.00,20.1561
537.50,20.1283
538.00,20.1133
538.50,20.1220
539.00,20.1584
539.50,20.2190
540.00,20.2928
540.50,20.3633
541.00,20.4149
541.50,20.4404
542.00,20.4435
542.50,20.4343
543.00,20.4213
543.50,20.4090
544.00,20.4031
544.50,20.4120
545.00,20.4393
545.50,20.4765
546.00,20.5070
546.50,20.5192
547.00,20.5153
547.50,20.5071
548.00,20.5073
548.50,20.5218
549.00,20.5488
549.50,20.5812
550.00,20.6101
550.50,20.6254
551.00,20.6177
551.50,20.5837
552.00,20.5334
552.50,20.4895
553.00,20.4734
553.50,20.4897
554.00,20.5237
554.50,20.5549
555.00,20.5737
555.50,20.5844
556.00,20.5952
556.50,20.6095
557.00,20.6259
557.50,20.6451
558.00,20.6694
558.50,20.6957
559.00,20.7134
559.50,20.7131
560.00,20.6966
560.50,20.6793
561.00,20.6798
561.50,20.7064
562.00,20.7492
562.50,20.7851
563.00,20.7942
563.50,20.7745
564.00,20.7430
564.50,20.7234
565.00,20.7317
565.50,20.7679
566.00,20.8187
566.50,20.8678
567.00,20.9063
567.50,20.9372
568.00,20.9697
568.50,21.0102
569.00,21.0536
569.50,21.0837
570.00,21.0816
570.50,21.0383
571.00,20.9631
571.50,20.8790
572.00,20.8087
572.50,20.7627
573.00,20.7373
573.50,20.7243
574.00,20.7210
574.50,20.7318
575.00,20.7624
575.50,20.8105
576.00,20.8635
576.50,20.9037
577.00,20.9189
577.50,20.9102
578.00,20.8916
578.50,20.8799
579.00,20.8809
579.50,20.8829
580.00,20.8661
580.50,20.8196
581.00,20.7515
581.50,20.6849
582.00,20.6451
582.50,20.6476
583.00,20.6914
583.50,20.7590
584.00,20.8262
584.50,20.8771
585.00,20.9098
585.50,20.9295
586.00,20.9398
586.50,20.9427
587.00,20.9432
587.50,20.9477
588.00,20.9573
588.50,20.9660
589.00,20.9678
589.50,20.9645
590.00,20.9652
590.50,20.9773
591.00,20.9977
591.50,21.0160
592.00,21.0281
592.50,21.0445
593.00,21.0810
593.50,21.1396
594.00,21.2019
594.50,21.2415
595.00,21.2440
595.50,21.2144
596.00,21.1712
596.50,21.1362
597.00,21.1260
597.50,21.1458
598.00,21.1864
598.50,21.2276
599.00,21.2485
599.50,21.2398
600.00,21.2100
600.50,21.1807
601.00,21.1729
601.50,21.1924
602.00,21.2254
602.50,21.2509
603.00,21.2576
603.50,21.2523
604.00,21.2512
604.50,21.2655
605.00,21.2917
605.50,21.3152
606.00,21.3196
606.50,21.2965
607.00,21.2505
607.50,21.1988
608.00,21.1652
608.50,21.1676
609.00,21.2053
609.50,21.2559
610.00,21.2893
610.50,21.2888
611.00,21.2608
611.50,21.2259
612.00,21.2005
612.50,21.1844
613.00,21.1643
613.50,21.1308
614.00,21.0938
614.50,21.0802
615.00,21.1127
615.50,21.1878
616.00,21.2755
616.50,21.3423
617.00,21.3720
617.50,21.3657
618.00,21.3290
618.50,21.2685
619.00,21.1984
619.50,21.1418
620.00,21.1167
620.50,21.1213
621.00,21.1366
621.50,21.1409
622.00,21.1242
622.50,21.0884
623.00,21.0416
623.50,20.9932
624.00,20.9515
624.50,20.9235
625.00,20.9166
625.50,20.9386
626.00,20.9911
626.50,21.0602
627.00,21.1197
627.50,21.1480
628.00,21.1451
628.50,21.1306
629.00,21.1262
629.50,21.1412
630.00,21.1714
630.50,21.2103
631.00,21.2584
631.50,21.3194
632.00,21.3906
632.50,21.4571
633.00,21.4993
633.50,21.5050
634.00,21.4761
634.50,21.4261
635.00,21.3721
635.50,21.3279
636.00,21.2943
636.50,21.2570
637.00,21.1985
637.50,21.1196
638.00,21.0454
638.50,21.0054
639.00,21.0071
639.50,21.0333
640.00,21.0634
640.50,21.0942
641.00,21.1348
641.50,21.1858
642.00,21.2289
642.50,21.2400
643.00,21.2097
643.50,21.1533
644.00,21.1011
644.50,21.0787
645.00,21.0927
645.50,21.1295
646.00,21.1659
646.50,21.1832
647.00,21.1771
647.50,21.1616
648.00,21.1605
648.50,21.1912
649.00,21.2498
649.50,21.3136
650.00,21.3608
650.50,21.3873
651.00,21.4056
651.50,21.4269
652.00,21.4476
652.50,21.4540
653.00,21.4387
653.50,21.4076
654.00,21.3699
654.50,21.3258
655.00,21.2701
655.50,21.2056
656.00,21.1490
656.50,21.1234
657.00,21.1416
657.50,21.1987
658.00,21.2750
658.50,21.3483
659.00,21.4045
659.50,21.4407
660.00,21.4578
660.50,21.4563
661.00,21.4417
661.50,21.4330
662.00,21.4562
662.50,21.5245
663.00,21.6244
663.50,21.7256
664.00,21.8026
664.50,21.8457
665.00,21.8566
665.50,21.8400
666.00,21.8020
666.50,21.7511
667.00,21.6974
667.50,21.6503
668.00,21.6193
668.50,21.6147
669.00,21.6447
669.50,21.7053
670.00,21.7758
670.50,21.8270
671.00,21.8402
671.50,21.8180
672.00,21.7793
672.50,21.7441
673.00,21.7250
673.50,21.7297
674.00,21.7614
674.50,21.8125
675.00,21.8609
675.50,21.8805
676.00,21.8594
676.50,21.8086
677.00,21.7532
677.50,21.7165
678.00,21.7088
678.50,21.7257
679.00,21.7546
679.50,21.7850
680.00,21.8161
680.50,21.8561
681.00,21.9119
681.50,21.9806
682.00,22.0486
682.50,22.0991
683.00,22.1226
683.50,22.1198
684.00,22.0954
684.50,22.0531
685.00,21.9981
685.50,21.9442
686.00,21.9091
686.50,21.9013
687.00,21.9095
687.50,21.9121
688.00,21.8971
688.50,21.8738
689.00,21.8617
689.50,21.8711
690.00,21.8951
690.50,21.9217
691.00,21.9488
691.50,21.9853
692.00,22.0380
692.50,22.0974
693.00,22.1380
693.50,22.1326
694.00,22.0742
694.50,21.9853
695.00,21.9064
695.50,21.8689
696.00,21.8766
696.50,21.9109
697.00,21.9561
697.50,22.0142
698.00,22.0961
698.50,22.1972
699.00,22.2921
699.50,22.3553
700.00,22.3860
700.50,22.4034
701.00,22.4190
701.50,22.4211
702.00,22.3915
702.50,22.3331
703.00,22.2745
703.50,22.2466
704.00,22.2595
704.50,22.3017
705.00,22.3522
705.50,22.3889
706.00,22.3956
706.50,22.3715
707.00,22.3384
707.50,22.3291
708.00,22.3626
708.50,22.4286
709.00,22.4933
709.50,22.5242
710.00,22.5119
710.50,22.4761
711.00,22.4513
711.50,22.4656
712.00,22.5259
712.50,22.6168
713.00,22.7083
713.50,22.7688
714.00,22.7808
714.50,22.7496
715.00,22.6999
715.50,22.6586
716.00,22.6411
716.50,22.6491
717.00,22.6764
717.50,22.7132
718.00,22.7489
718.50,22.7765
719.00,22.7943
719.50,22.8035
720.00,22.8038
720.50,22.7958
721.00,22.7848
721.50,22.7793
722.00,22.7837
722.50,22.7915
723.00,22.7892
723.50,22.7665
724.00,22.7243
724.50,22.6729
725.00,22.6254
725.50,22.5928
726.00,22.5849
726.50,22.6092
727.00,22.6630
727.50,22.7285
728.00,22.7822
728.50,22.8119
729.00,22.8236
729.50,22.8319
730.00,22.8444
730.50,22.8594
731.00,22.8719
731.50,22.8779
732.00,22.8720
732.50,22.8482
733.00,22.8052
733.50,22.7502
734.00,22.6948
734.50,22.6494
735.00,22.6196
735.50,22.6052
736.00,22.6013
736.50,22.6027
737.00,22.6084
737.50,22.6210
738.00,22.6428
738.50,22.6742
739.00,22.7129
739.50,22.7545
740.00,22.7939
740.50,22.8281
741.00,22.8572
741.50,22.8804
742.00,22.8936
742.50,22.8939
743.00,22.8854
743.50,22.8767
744.00,22.8719
744.50,22.8650
745.00,22.8431
745.50,22.7984
746.00,22.7364
746.50,22.6719
747.00,22.6209
747.50,22.5939
748.00,22.5956
748.50,22.6238
749.00,22.6675
749.50,22.7104
750.00,22.7406
750.50,22.7583
751.00,22.7719
751.50,22.7886
752.00,22.8097
752.50,22.8344
753.00,22.8652
753.50,22.9060
754.00,22.9552
754.50,22.9969
755.00,23.0055
755.50,22.9621
756.00,22.8722
756.50,22.7678
757.00,22.6903
757.50,22.6650
758.00,22.6854
758.50,22.7202
759.00,22.7357
759.50,22.7160
760.00,22.6687
760.50,22.6181
761.00,22.5931
761.50,22.6135
762.00,22.6773
762.50,22.7581
763.00,22.8181
763.50,22.8298
764.00,22.7932
764.50,22.7355
765.00,22.6928
765.50,22.6874
766.00,22.7164
766.50,22.7600
767.00,22.8001
767.50,22.8324
768.00,22.8630
768.50,22.8961
769.00,22.9268
769.50,22.9459
770.00,22.9485
770.50,22.9388
771.00,22.9298
771.50,22.9374
772.00,22.9718
772.50,23.0262
773.00,23.0765
773.50,23.0956
774.00,23.0707
774.50,23.0110
775.00,22.9411
775.50,22.8873
776.00,22.8640
776.50,22.8656
777.00,22.8705
777.50,22.8542
778.00,22.8038
778.50,22.7243
779.00,22.6370
779.50,22.5700
780.00,22.5442
780.50,22.5599
781.00,22.5954
781.50,22.6237
782.00,22.6328
782.50,22.6318
783.00,22.6366
783.50,22.6534
784.00,22.6752
784.50,22.6908
785.00,22.6954
785.50,22.6931
786.00,22.6933
786.50,22.7031
787.00,22.7249
787.50,22.7558
788.00,22.7904
788.50,22.8222
789.00,22.8430
789.50,22.8463
790.00,22.8330
790.50,22.8140
791.00,22.8025
791.50,22.8029
792.00,22.8084
792.50,22.8103
793.00,22.8085
793.50,22.8105
794.00,22.8221
794.50,22.8405
795.00,22.8561
795.50,22.8568
796.00,22.8322
796.50,22.7782
797.00,22.7020
797.50,22.6215
798.00,22.5549
798.50,22.5104
799.00,22.4839
799.50,22.4677
800.00,22.4562
800.50,22.4464
801.00,22.4354
801.50,22.4238
802.00,22.4191
802.50,22.4332
803.00,22.4722
803.50,22.5272
804.00,22.5748
804.50,22.5922
805.00,22.5755
805.50,22.5448
806.00,22.5279
806.50,22.5374
807.00,22.5629
807.50,22.5854
808.00,22.5941
808.50,22.5924
809.00,22.5884
809.50,22.5865
810.00,22.5865
810.50,22.5885
811.00,22.5920
811.50,22.5899
812.00,22.5640
812.50,22.4947
813.00,22.3795
813.50,22.2441
814.00,22.1316
814.50,22.0783
815.00,22.0923
815.50,22.1504
816.00,22.2137
816.50,22.2505
817.00,22.2512
817.50,22.2246
818.00,22.1852
818.50,22.1443
819.00,22.1124
819.50,22.1011
820.00,22.1209
820.50,22.1752
821.00,22.2606
821.50,22.3667
822.00,22.4754
822.50,22.5621
823.00,22.6039
823.50,22.5888
824.00,22.5224
824.50,22.4294
825.00,22.3479
825.50,22.3131
826.00,22.3362
826.50,22.3952
827.00,22.4486
827.50,22.4630
828.00,22.4315
828.50,22.3712
829.00,22.3097
829.50,22.2715
830.00,22.2695
830.50,22.2992
831.00,22.3409
831.50,22.3726
832.00,22.3846
832.50,22.3843
833.00,22.3855
833.50,22.3954
834.00,22.4105
834.50,22.4243
835.00,22.4346
835.50,22.4435
836.00,22.4532
836.50,22.4643
837.00,22.4776
837.50,22.4956
838.00,22.5228
838.50,22.5643
839.00,22.6188
839.50,22.6720
840.00,22.6994
840.50,22.6818
841.00,22.6225
841.50,22.5487
842.00,22.4929
842.50,22.4712
843.00,22.4744
843.50,22.4811
844.00,22.4769
844.50,22.4629
845.00,22.4457
845.50,22.4242
846.00,22.3870
846.50,22.3242
847.00,22.2387
847.50,22.1469
848.00,22.0709
848.50,22.0283
849.00,22.0261
849.50,22.0588
850.00,22.1159
850.50,22.1887
851.00,22.2710
851.50,22.3522
852.00,22.4133
852.50,22.4363
853.00,22.4192
853.50,22.3810
854.00,22.3494
854.50,22.3404
855.00,22.3489
855.50,22.3588
856.00,22.3638
856.50,22.3744
857.00,22.4056
857.50,22.4577
858.00,22.5126
858.50,22.5464
859.00,22.5451
859.50,22.5084
860.00,22.4486
860.50,22.3894
861.00,22.3619
861.50,22.3906
862.00,22.4782
862.50,22.6043
863.00,22.7412
863.50,22.8683
864.00,22.9713
864.50,23.0362
865.00,23.0514
865.50,23.0160
866.00,22.9415
866.50,22.8454
867.00,22.7472
867.50,22.6690
868.00,22.6312
868.50,22.6417
869.00,22.6886
869.50,22.7488
870.00,22.8055
870.50,22.8571
871.00,22.9082
871.50,22.9562
872.00,22.9883
872.50,22.9954
873.00,22.9857
873.50,22.9828
874.00,23.0093
874.50,23.0686
875.00,23.1376
875.50,23.1777
876.00,23.1586
876.50,23.0808
877.00,22.9778
877.50,22.8945
878.00,22.8569
878.50,22.8576
879.00,22.8666
879.50,22.8566
880.00,22.8181
880.50,22.7566
881.00,22.6798
881.50,22.5950
882.00,22.5126
882.50,22.4459
883.00,22.4028
883.50,22.3804
884.00,22.3710
884.50,22.3721
885.00,22.3873
885.50,22.4176
886.00,22.4552
886.50,22.4872
887.00,22.5058
887.50,22.5120
888.00,22.5091
888.50,22.4932
889.00,22.4562
889.50,22.3987
890.00,22.3373
890.50,22.2939
891.00,22.2762
891.50,22.2726
892.00,22.2668
892.50,22.2561
893.00,22.2514
893.50,22.2588
894.00,22.2668
894.50,22.2526
895.00,22.2043
895.50,22.1340
896.00,22.0668
896.50,22.0209
897.00,21.9977
897.50,21.9898
898.00,21.9928
898.50,22.0074
899.00,22.0307
899.50,22.0524
900.00,22.0603
900.50,22.0505
901.00,22.0299
901.50,22.0103
902.00,22.0005
902.50,22.0023
903.00,22.0088
903.50,22.0063
904.00,21.9838
904.50,21.9451
905.00,21.9114
905.50,21.9071
906.00,21.9433
906.50,22.0099
907.00,22.0847
907.50,22.1460
908.00,22.1817
908.50,22.1888
909.00,22.1702
909.50,22.1326
910.00,22.0879
910.50,22.0520
911.00,22.0386
911.50,22.0497
912.00,22.0722
912.50,22.0866
913.00,22.0824
913.50,22.0669
914.00,22.0585
914.50,22.0700
915.00,22.0994
915.50,22.1364
916.00,22.1752
916.50,22.2173
917.00,22.2610
917.50,22.2909
918.00,22.2842
918.50,22.2297
919.00,22.1407
919.50,22.0474
920.00,21.9764
920.50,21.9363
921.00,21.9201
921.50,21.9182
922.00,21.9264
922.50,21.9405
923.00,21.9475
923.50,21.9299
924.00,21.8800
924.50,21.8084
925.00,21.7325
925.50,21.6633
926.00,21.6033
926.50,21.5567
927.00,21.5338
927.50,21.5459
928.00,21.5961
928.50,21.6752
929.00,21.7655
929.50,21.8481
930.00,21.9105
930.50,21.9491
931.00,21.9664
931.50,21.9645
932.00,21.9435
932.50,21.9078
933.00,21.8717
933.50,21.8538
934.00,21.8613
934.50,21.8808
935.00,21.8880
935.50,21.8678
936.00,21.8256
936.50,21.7805
937.00,21.7489
937.50,21.7347
938.00,21.7304
938.50,21.7244
939.00,21.7077
939.50,21.6762
940.00,21.6315
940.50,21.5815
941.00,21.5396
941.50,21.5178
942.00,21.5194
942.50,21.5358
943.00,21.5552
943.50,21.5710
944.00,21.5817
944.50,21.5849
945.00,21.5745
945.50,21.5450
946.00,21.4976
946.50,21.4417
947.00,21.3919
947.50,21.3638
948.00,21.3684
948.50,21.4056
949.00,21.4637
949.50,21.5243
950.00,21.5709
950.50,21.5945
951.00,21.5936
951.50,21.5719
952.00,21.5355
952.50,21.4919
953.00,21.4487
953.50,21.4129
954.00,21.3896
954.50,21.3811
955.00,21.3857
955.50,21.3963
956.00,21.4027
956.50,21.3976
957.00,21.3832
957.50,21.3677
958.00,21.3564
958.50,21.3474
959.00,21.3378
959.50,21.3307
960.00,21.3315
960.50,21.3394
961.00,21.3458
961.50,21.3430
962.00,21.3295
962.50,21.3083
963.00,21.2824
963.50,21.2556
964.00,21.2364
964.50,21.2376
965.00,21.2668
965.50,21.3157
966.00,21.3627
966.50,21.3885
967.00,21.3918
967.50,21.3886
968.00,21.3989
968.50,21.4299
969.00,21.4695
969.50,21.4931
970.00,21.4825
970.50,21.4377
971.00,21.3741
971.50,21.3082
972.00,21.2518
972.50,21.2155
973.00,21.2099
973.50,21.2371
974.00,21.2846
974.50,21.3292
975.00,21.3499
975.50,21.3385
976.00,21.3043
976.50,21.2689
977.00,21.2492
977.50,21.2422
978.00,21.2256
978.50,21.1783
979.00,21.1044
979.50,21.0354
980.00,21.0088
980.50,21.0399
981.00,21.1128
981.50,21.1950
982.00,21.2597
982.50,21.2952
983.00,21.3001
983.50,21.2790
984.00,21.2441
984.50,21.2157
985.00,21.2115
985.50,21.2333
986.00,21.2653
986.50,21.2851
987.00,21.2769
987.50,21.2377
988.00,21.1807
988.50,21.1320
989.00,21.1182
989.50,21.1472
990.00,21.2001
990.50,21.2443
991.00,21.2579
991.50,21.2451
992.00,21.2323
992.50,21.2493
993.00,21.3072
993.50,21.3887
994.00,21.4567
994.50,21.4767
995.00,21.4380
995.50,21.3596
996.00,21.2777
996.50,21.2237
997.00,21.2080
997.50,21.2175
998.00,21.2292
998.50,21.2271
999.00,21.2104
999.50,21.1892
1000.00,21.1741
1000.50,21.1709
1001.00,21.1811
1001.50,21.2066
1002.00,21.2512
1002.50,21.3177
1003.00,21.4028
1003.50,21.4936
1004.00,21.5698
1004.50,21.6117
1005.00,21.6134
1005.50,21.5888
1006.00,21.5646
1006.50,21.5633
1007.00,21.5898
1007.50,21.6314
1008.00,21.6691
1008.50,21.6902
1009.00,21.6929
1009.50,21.6824
1010.00,21.6653
1010.50,21.6484
1011.00,21.6428
1011.50,21.6637
1012.00,21.7200
1012.50,21.8050
1013.00,21.8967
1013.50,21.9717
1014.00,22.0198
1014.50,22.0450
1015.00,22.0568
1015.50,22.0607
1016.00,22.0559
1016.50,22.0412
1017.00,22.0215
1017.50,22.0089
1018.00,22.0138
1018.50,22.0351
1019.00,22.0582
1019.50,22.0681
1020.00,22.0652
1020.50,22.0679
1021.00,22.0974
1021.50,22.1586
1022.00,22.2318
1022.50,22.2858
1023.00,22.2994
1023.50,22.2758
1024.00,22.2370
1024.50,22.2042
1025.00,22.1812
1025.50,22.1568
1026.00,22.1242
1026.50,22.0971
1027.00,22.1029
1027.50,22.1571
1028.00,22.2465
1028.50,22.3364
1029.00,22.3960
1029.50,22.4157
1030.00,22.4093
1030.50,22.4019
1031.00,22.4147
1031.50,22.4531
1032.00,22.5020
1032.50,22.5322
1033.00,22.5177
1033.50,22.4569
1034.00,22.3800
1034.50,22.3330
1035.00,22.3472
1035.50,22.4180
1036.00,22.5102
1036.50,22.5810
1037.00,22.6055
1037.50,22.5846
1038.00,22.5362
1038.50,22.4803
1039.00,22.4320
1039.50,22.4029
1040.00,22.4011
1040.50,22.4239
1041.00,22.4540
1041.50,22.4693
1042.00,22.4613
1042.50,22.4441
1043.00,22.4399
1043.50,22.4578
1044.00,22.4852
1044.50,22.5006
1045.00,22.4953
1045.50,22.4824
1046.00,22.4864
1046.50,22.5212
1047.00,22.5773
1047.50,22.6306
1048.00,22.6631
1048.50,22.6767
1049.00,22.6834
1049.50,22.6879
1050.00,22.6824
1050.50,22.6640
1051.00,22.6483
1051.50,22.6607
1052.00,22.7098
1052.50,22.7733
1053.00,22.8088
1053.50,22.7803
1054.00,22.6809
1054.50,22.5377
1055.00,22.3990
1055.50,22.3115
1056.00,22.2987
1056.50,22.3510
1057.00,22.4326
1057.50,22.5020
1058.00,22.5357
1058.50,22.5363
1059.00,22.5229
1059.50,22.5119
1060.00,22.5075
1060.50,22.5058
1061.00,22.5048
1061.50,22.5067
1062.00,22.5130
1062.50,22.5208
1063.00,22.5267
1063.50,22.5337
1064.00,22.5480
1064.50,22.5712
1065.00,22.5994
1065.50,22.6293
1066.00,22.6607
1066.50,22.6899
1067.00,22.7093
1067.50,22.7172
1068.00,22.7258
1068.50,22.7517
1069.00,22.8004
1069.50,22.8626
1070.00,22.9218
1070.50,22.9652
1071.00,22.9884
1071.50,22.9971
1072.00,23.0044
1072.50,23.0233
1073.00,23.0580
1073.50,23.0995
1074.00,23.1284
1074.50,23.1239
1075.00,23.0736
1075.50,22.9814
1076.00,22.8683
1076.50,22.7645
1077.00,22.6973
1077.50,22.6811
1078.00,22.7110
1078.50,22.7651
1079.00,22.8143
1079.50,22.8363
1080.00,22.8249
1080.50,22.7909
1081.00,22.7542
1081.50,22.7341
1082.00,22.7427
1082.50,22.7811
1083.00,22.8376
1083.50,22.8907
1084.00,22.9192
1084.50,22.9128
1085.00,22.8756
1085.50,22.8226
1086.00,22.7737
1086.50,22.7482
1087.00,22.7547
1087.50,22.7851
1088.00,22.8197
1088.50,22.8426
1089.00,22.8528
1089.50,22.8605
1090.00,22.8733
1090.50,22.8913
1091.00,22.9123
1091.50,22.9400
1092.00,22.9803
1092.50,23.0304
1093.00,23.0759
1093.50,23.1002
1094.00,23.0982
1094.50,23.0791
1095.00,23.0550
1095.50,23.0286
1096.00,22.9916
1096.50,22.9351
1097.00,22.8620
1097.50,22.7876
1098.00,22.7289
1098.50,22.6935
1099.00,22.6791
1099.50,22.6792
1100.00,22.6881
1100.50,22.7029
1101.00,22.7232
1101.50,22.7481
1102.00,22.7726
1102.50,22.7876
1103.00,22.7854
1103.50,22.7666
1104.00,22.7405
1104.50,22.7209
1105.00,22.7196
1105.50,22.7402
1106.00,22.7740
1106.50,22.8044
1107.00,22.8176
1107.50,22.8145
1108.00,22.8085
1108.50,22.8104
1109.00,22.8172
1109.50,22.8194
1110.00,22.8185
1110.50,22.8284
1111.00,22.8550
1111.50,22.8812
1112.00,22.8766
1112.50,22.8256
1113.00,22.7439
1113.50,22.6676
1114.00,22.6272
1114.50,22.6285
1115.00,22.6523
1115.50,22.6708
1116.00,22.6684
1116.50,22.6498
1117.00,22.6319
1117.50,22.6280
1118.00,22.6389
1118.50,22.6543
1119.00,22.6603
1119.50,22.6483
1120.00,22.6189
1120.50,22.5825
1121.00,22.5551
1121.50,22.5500
1122.00,22.5720
1122.50,22.6160
1123.00,22.6693
1123.50,22.7166
1124.00,22.7470
1124.50,22.7596
1125.00,22.7611
1125.50,22.7573
1126.00,22.7448
1126.50,22.7152
1127.00,22.6684
1127.50,22.6167
1128.00,22.5757
1128.50,22.5512
1129.00,22.5357
1129.50,22.5156
1130.00,22.4806
1130.50,22.4303
1131.00,22.3758
1131.50,22.3362
1132.00,22.3331
1132.50,22.3789
1133.00,22.4632
1133.50,22.5476
1134.00,22.5849
1134.50,22.5521
1135.00,22.4670
1135.50,22.3745
1136.00,22.3145
1136.50,22.2998
1137.00,22.3157
1137.50,22.3392
1138.00,22.3583
1138.50,22.3754
1139.00,22.3941
1139.50,22.4065
1140.00,22.3956
1140.50,22.3506
1141.00,22.2772
1141.50,22.1958
1142.00,22.1296
1142.50,22.0940
1143.00,22.0888
1143.50,22.1018
1144.00,22.1172
1144.50,22.1286
1145.00,22.1416
1145.50,22.1648
1146.00,22.1968
1146.50,22.2250
1147.00,22.2367
1147.50,22.2318
1148.00,22.2232
1148.50,22.2257
1149.00,22.2446
1149.50,22.2725
1150.00,22.2969
1150.50,22.3091
1151.00,22.3091
1151.50,22.3005
1152.00,22.2832
1152.50,22.2500
1153.00,22.1924
1153.50,22.1090
1154.00,22.0115
1154.50,21.9213
1155.00,21.8605
1155.50,21.8403
1156.00,21.8563
1156.50,21.8939
1157.00,21.9384
1157.50,21.9836
1158.00,22.0344
1158.50,22.0999
1159.00,22.1829
1159.50,22.2735
1160.00,22.3510
1160.50,22.3949
1161.00,22.3960
1161.50,22.3634
1162.00,22.3206
1162.50,22.2911
1163.00,22.2834
1163.50,22.2913
1164.00,22.3062
1164.50,22.3265
1165.00,22.3540
1165.50,22.3833
1166.00,22.4017
1166.50,22.3968
1167.00,22.3638
1167.50,22.3062
1168.00,22.2327
1168.50,22.1568
1169.00,22.0957
1169.50,22.0667
1170.00,22.0809
1170.50,22.1391
1171.00,22.2284
1171.50,22.3244
1172.00,22.3989
1172.50,22.4334
1173.00,22.4305
1173.50,22.4125
1174.00,22.4050
1174.50,22.4175
1175.00,22.4387
1175.50,22.4524
1176.00,22.4558
1176.50,22.4612
1177.00,22.4785
1177.50,22.5029
1178.00,22.5216
1178.50,22.5303
1179.00,22.5376
1179.50,22.5506
1180.00,22.5600
1180.50,22.5439
1181.00,22.4860
1181.50,22.3907
1182.00,22.2822
1182.50,22.1910
1183.00,22.1394
1183.50,22.1331
1184.00,22.1643
1184.50,22.2200
1185.00,22.2882
1185.50,22.3576
1186.00,22.4179
1186.50,22.4624
1187.00,22.4910
1187.50,22.5085
1188.00,22.5184
1188.50,22.5169
1189.00,22.4965
1189.50,22.4551
1190.00,22.4022
1190.50,22.3537
1191.00,22.3198
1191.50,22.2995
1192.00,22.2869
1192.50,22.2791
1193.00,22.2795
1193.50,22.2948
1194.00,22.3286
1194.50,22.3756
1195.00,22.4246
1195.50,22.4679
1196.00,22.5069
1196.50,22.5446
1197.00,22.5775
1197.50,22.5968
1198.00,22.5994
1198.50,22.5933
1199.00,22.5919
1199.50,22.6027
1200.00,22.6233
1200.50,22.6470
1201.00,22.6687
1201.50,22.6856
1202.00,22.6936
1202.50,22.6869
1203.00,22.6611
1203.50,22.6168
1204.00,22.5610
1204.50,22.5064
1205.00,22.4688
1205.50,22.4611
1206.00,22.4863
1206.50,22.5335
1207.00,22.5818
1207.50,22.6125
1208.00,22.6204
1208.50,22.6153
1209.00,22.6116
1209.50,22.6161
1210.00,22.6250
1210.50,22.6334
1211.00,22.6448
1211.50,22.6689
1212.00,22.7091
1212.50,22.7534
1213.00,22.7812
1213.50,22.7783
1214.00,22.7461
1214.50,22.6976
1215.00,22.6476
1215.50,22.6052
1216.00,22.5745
1216.50,22.5594
1217.00,22.5674
1217.50,22.6063
1218.00,22.6762
1218.50,22.7649
1219.00,22.8515
1219.50,22.9142
1220.00,22.9385
1220.50,22.9212
1221.00,22.8693
1221.50,22.7976
1222.00,22.7283
1222.50,22.6857
1223.00,22.6860
1223.50,22.7285
1224.00,22.7986
1224.50,22.8791
1225.00,22.9563
1225.50,23.0173
1226.00,23.0479
1226.50,23.0383
1227.00,22.9907
1227.50,22.9195
1228.00,22.8445
1228.50,22.7808
1229.00,22.7337
1229.50,22.7000
1230.00,22.6715
1230.50,22.6410
1231.00,22.6071
1231.50,22.5801
1232.00,22.5796
1232.50,22.6225
1233.00,22.7078
1233.50,22.8107
1234.00,22.8925
1234.50,22.9208
1235.00,22.8869
1235.50,22.8117
1236.00,22.7329
1236.50,22.6846
1237.00,22.6818
1237.50,22.7202
1238.00,22.7861
1238.50,22.8645
1239.00,22.9411
1239.50,23.0014
1240.00,23.0335
1240.50,23.0342
1241.00,23.0100
1241.50,22.9725
1242.00,22.9312
1242.50,22.8894
1243.00,22.8466
1243.50,22.8054
1244.00,22.7727
1244.50,22.7534
1245.00,22.7441
1245.50,22.7369
1246.00,22.7309
1246.50,22.7375
1247.00,22.7676
1247.50,22.8152
1248.00,22.8553
1248.50,22.8649
1249.00,22.8463
1249.50,22.8254
1250.00,22.8269
1250.50,22.8530
1251.00,22.8872
1251.50,22.9134
1252.00,22.9272
1252.50,22.9329
1253.00,22.9343
1253.50,22.9317
1254.00,22.9245
1254.50,22.9161
1255.00,22.9134
1255.50,22.9225
1256.00,22.9415
1256.50,22.9578
1257.00,22.9552
1257.50,22.9262
1258.00,22.8796
1258.50,22.8355
1259.00,22.8112
1259.50,22.8108
1260.00,22.8278
1260.50,22.8537
1261.00,22.8837
1261.50,22.9172
1262.00,22.9555
1262.50,23.0011
1263.00,23.0544
1263.50,23.1086
1264.00,23.1493
1264.50,23.1591
1265.00,23.1266
1265.50,23.0528
1266.00,22.9542
1266.50,22.8600
1267.00,22.7997
1267.50,22.7866
1268.00,22.8098
1268.50,22.8426
1269.00,22.8641
1269.50,22.8758
1270.00,22.9009
1270.50,22.9618
1271.00,23.0563
1271.50,23.1528
1272.00,23.2101
1272.50,23.2056
1273.00,23.1506
1273.50,23.0824
1274.00,23.0405
1274.50,23.0437
1275.00,23.0833
1275.50,23.1352
1276.00,23.1777
1276.50,23.1992
1277.00,23.1965
1277.50,23.1740
1278.00,23.1432
1278.50,23.1190
1279.00,23.1109
1279.50,23.1189
1280.00,23.1372
1280.50,23.1596
1281.00,23.1798
1281.50,23.1874
1282.00,23.1732
1282.50,23.1404
1283.00,23.1090
1283.50,23.1034
1284.00,23.1327
1284.50,23.1818
1285.00,23.2230
1285.50,23.2370
1286.00,23.2265
1286.50,23.2106
1287.00,23.2059
1287.50,23.2128
1288.00,23.2159
1288.50,23.1987
1289.00,23.1573
1289.50,23.1045
1290.00,23.0591
1290.50,23.0328
1291.00,23.0227
1291.50,23.0188
1292.00,23.0155
1292.50,23.0163
1293.00,23.0269
1293.50,23.0486
1294.00,23.0788
1294.50,23.1145
1295.00,23.1527
1295.50,23.1881
1296.00,23.2133
1296.50,23.2257
1297.00,23.2332
1297.50,23.2515
1298.00,23.2904
1298.50,23.3406
1299.00,23.3781
1299.50,23.3807
1300.00,23.3450
1300.50,23.2872
1301.00,23.2310
1301.50,23.1927
1302.00,23.1747
1302.50,23.1686
1303.00,23.1638
1303.50,23.1546
1304.00,23.1417
1304.50,23.1298
1305.00,23.1244
1305.50,23.1273
1306.00,23.1345
1306.50,23.1365
1307.00,23.1237
1307.50,23.0935
1308.00,23.0555
1308.50,23.0292
1309.00,23.0340
1309.50,23.0760
1310.00,23.1417
1310.50,23.2027
1311.00,23.2309
1311.50,23.2144
1312.00,23.1639
1312.50,23.1043
1313.00,23.0612
1313.50,23.0487
1314.00,23.0679
1314.50,23.1087
1315.00,23.1583
1315.50,23.2083
1316.00,23.2569
1316.50,23.3045
1317.00,23.3479
1317.50,23.3809
1318.00,23.3989
1318.50,23.3991
1319.00,23.3765
1319.50,23.3246
1320.00,23.2440
1320.50,23.1485
1321.00,23.0581
1321.50,22.9864
1322.00,22.9392
1322.50,22.9221
1323.00,22.9403
1323.50,22.9857
1324.00,23.0333
1324.50,23.0585
1325.00,23.0616
1325.50,23.0676
1326.00,23.0991
1326.50,23.1531
1327.00,23.2042
1327.50,23.2286
1328.00,23.2213
1328.50,23.1951
1329.00,23.1699
1329.50,23.1613
1330.00,23.1746
1330.50,23.2030
1331.00,23.2314
1331.50,23.2422
1332.00,23.2223
1332.50,23.1669
1333.00,23.0850
1333.50,23.0030
1334.00,22.9591
1334.50,22.9825
1335.00,23.0717
1335.50,23.1895
1336.00,23.2867
1336.50,23.3313
1337.00,23.3216
1337.50,23.2763
1338.00,23.2193
1338.50,23.1697
1339.00,23.1370
1339.50,23.1197
1340.00,23.1104
1340.50,23.1055
1341.00,23.1056
1341.50,23.1097
1342.00,23.1125
1342.50,23.1103
1343.00,23.1066
1343.50,23.1076
1344.00,23.1123
1344.50,23.1097
1345.00,23.0917
1345.50,23.0642
1346.00,23.0438
1346.50,23.0390
1347.00,23.0395
1347.50,23.0285
1348.00,23.0018
1348.50,22.9747
1349.00,22.9686
1349.50,22.9937
1350.00,23.0421
1350.50,23.0908
1351.00,23.1127
1351.50,23.0915
1352.00,23.0307
1352.50,22.9497
1353.00,22.8687
1353.50,22.8037
1354.00,22.7707
1354.50,22.7857
1355.00,22.8528
1355.50,22.9539
1356.00,23.0586
1356.50,23.1433
1357.00,23.2007
1357.50,23.2321
1358.00,23.2356
1358.50,23.2073
1359.00,23.1524
1359.50,23.0897
1360.00,23.0415
1360.50,23.0173
1361.00,23.0091
1361.50,23.0038
1362.00,22.9974
1362.50,22.9946
1363.00,22.9962
1363.50,22.9917
1364.00,22.9680
1364.50,22.9252
1365.00,22.8819
1365.50,22.8629
1366.00,22.8815
1366.50,22.9331
1367.00,23.0032
1367.50,23.0772
1368.00,23.1442
1368.50,23.1949
1369.00,23.2192
1369.50,23.2097
1370.00,23.1676
1370.50,23.1071
1371.00,23.0503
1371.50,23.0154
1372.00,23.0089
1372.50,23.0258
1373.00,23.0555
1373.50,23.0863
1374.00,23.1059
1374.50,23.1020
1375.00,23.0670
1375.50,23.0028
1376.00,22.9226
1376.50,22.8457
1377.00,22.7900
1377.50,22.7676
1378.00,22.7830
1378.50,22.8324
1379.00,22.9035
1379.50,22.9787
1380.00,23.0402
1380.50,23.0771
1381.00,23.0868
1381.50,23.0740
1382.00,23.0459
1382.50,23.0102
1383.00,22.9754
1383.50,22.9521
1384.00,22.9519
1384.50,22.9831
1385.00,23.0445
1385.50,23.1214
1386.00,23.1874
1386.50,23.2164
1387.00,23.1968
1387.50,23.1381
1388.00,23.0648
1388.50,23.0037
1389.00,22.9721
1389.50,22.9747
1390.00,23.0061
1390.50,23.0551
1391.00,23.1032
1391.50,23.1265
1392.00,23.1073
1392.50,23.0498
1393.00,22.9815
1393.50,22.9328
1394.00,22.9136
1394.50,22.9109
1395.00,22.9065
1395.50,22.8895
1396.00,22.8582
1396.50,22.8177
1397.00,22.7831
1397.50,22.7803
1398.00,22.8315
1398.50,22.9350
1399.00,23.0578
1399.50,23.1520
1400.00,23.1832
1400.50,23.1477
1401.00,23.0710
1401.50,22.9948
1402.00,22.9581
1402.50,22.9803
1403.00,23.0516
1403.50,23.1439
1404.00,23.2302
1404.50,23.2979
1405.00,23.3456
1405.50,23.3724
1406.00,23.3737
1406.50,23.3452
1407.00,23.2878
1407.50,23.2089
1408.00,23.1218
1408.50,23.0417
1409.00,22.9810
1409.50,22.9468
1410.00,22.9389
1410.50,22.9499
1411.00,22.9669
1411.50,22.9796
1412.00,22.9889
1412.50,23.0039
1413.00,23.0301
1413.50,23.0603
1414.00,23.0812
1414.50,23.0906
1415.00,23.1042
1415.50,23.1436
1416.00,23.2152
1416.50,23.2993
1417.00,23.3593
1417.50,23.3641
1418.00,23.3090
1418.50,23.2213
1419.00,23.1469
1419.50,23.1262
1420.00,23.1743
1420.50,23.2802
1421.00,23.4223
1421.50,23.5856
1422.00,23.7673
1422.50,23.9669
1423.00,24.1768
1423.50,24.3824
1424.00,24.5731
1424.50,24.7446
1425.00,24.8920
1425.50,25.0032
1426.00,25.0682
1426.50,25.0943
1427.00,25.1078
1427.50,25.1387
1428.00,25.2004
1428.50,25.2833
1429.00,25.3655
1429.50,25.4267
1430.00,25.4588
1430.50,25.4629
1431.00,25.4410
1431.50,25.3908
1432.00,25.3094
1432.50,25.2030
1433.00,25.0916
1433.50,25.0032
1434.00,24.9603
1434.50,24.9691
1435.00,25.0159
1435.50,25.0767
1436.00,25.1296
1436.50,25.1633
1437.00,25.1744
1437.50,25.1612
1438.00,25.1221
1438.50,25.0575
1439.00,24.9715
1439.50,24.8723
1440.00,24.7748
1440.50,24.7005
1441.00,24.6676
1441.50,24.6769
1442.00,24.7119
1442.50,24.7546
1443.00,24.7991
1443.50,24.8464
1444.00,24.8885
1444.50,24.9065
1445.00,24.8860
1445.50,24.8328
1446.00,24.7696
1446.50,24.7193
1447.00,24.6926
1447.50,24.6882
1448.00,24.7019
1448.50,24.7330
1449.00,24.7833
1449.50,24.8519
1450.00,24.9303
1450.50,25.0032
1451.00,25.0547
1451.50,25.0770
1452.00,25.0753
1452.50,25.0648
1453.00,25.0611
1453.50,25.0716
1454.00,25.0957
1454.50,25.1303
1455.00,25.1720
1455.50,25.2153
1456.00,25.2516
1456.50,25.2766
1457.00,25.2936
1457.50,25.3081
1458.00,25.3184
1458.50,25.3156
1459.00,25.2926
1459.50,25.2518
1460.00,25.2018
1460.50,25.1522
1461.00,25.1116
1461.50,25.0879
1462.00,25.0850
1462.50,25.0987
1463.00,25.1166
1463.50,25.1246
1464.00,25.1166
1464.50,25.1027
1465.00,25.1067
1465.50,25.1498
1466.00,25.2300
1466.50,25.3187
1467.00,25.3822
1467.50,25.4084
1468.00,25.4105
1468.50,25.4077
1469.00,25.4069
1469.50,25.4035
1470.00,25.3909
1470.50,25.3642
1471.00,25.3203
1471.50,25.2608
1472.00,25.1983
1472.50,25.1517
1473.00,25.1339
1473.50,25.1430
1474.00,25.1684
1474.50,25.2042
1475.00,25.2537
1475.50,25.3198
1476.00,25.3923
1476.50,25.4500
1477.00,25.4773
1477.50,25.4770
1478.00,25.4675
1478.50,25.4654
1479.00,25.4730
1479.50,25.4791
1480.00,25.4725
1480.50,25.4528
1481.00,25.4279
1481.50,25.4015
1482.00,25.3690
1482.50,25.3258
1483.00,25.2759
1483.50,25.2314
1484.00,25.2038
1484.50,25.1965
1485.00,25.2072
1485.50,25.2324
1486.00,25.2685
1486.50,25.3094
1487.00,25.3441
1487.50,25.3627
1488.00,25.3622
1488.50,25.3453
1489.00,25.3158
1489.50,25.2796
1490.00,25.2490
1490.50,25.2368
1491.00,25.2438
1491.50,25.2569
1492.00,25.2663
1492.50,25.2779
1493.00,25.3038
1493.50,25.3403
1494.00,25.3667
1494.50,25.3666
1495.00,25.3445
1495.50,25.3179
1496.00,25.2969
1496.50,25.2776
1497.00,25.2549
1497.50,25.2338
1498.00,25.2253
1498.50,25.2319
1499.00,25.2427
1499.50,25.2436
1500.00,25.2295
1500.50,25.2055
1501.00,25.1806
1501.50,25.1610
1502.00,25.1480
1502.50,25.1386
1503.00,25.1283
1503.50,25.1140
1504.00,25.0992
1504.50,25.0942
1505.00,25.1116
1505.50,25.1549
1506.00,25.2086
1506.50,25.2441
1507.00,25.2394
1507.50,25.1977
1508.00,25.1467
1508.50,25.1183
1509.00,25.1239
1509.50,25.1467
1510.00,25.1570
1510.50,25.1362
1511.00,25.0925
1511.50,25.0527
1512.00,25.0407
1512.50,25.0591
1513.00,25.0899
1513.50,25.1122
1514.00,25.1178
1514.50,25.1134
1515.00,25.1092
1515.50,25.1097
1516.00,25.1153
1516.50,25.1300
1517.00,25.1608
1517.50,25.2112
1518.00,25.2751
1518.50,25.3371
1519.00,25.3779
1519.50,25.3820
1520.00,25.3470
1520.50,25.2861
1521.00,25.2197
1521.50,25.1644
1522.00,25.1289
1522.50,25.1213
1523.00,25.1530
1523.50,25.2313
1524.00,25.3445
1524.50,25.4578
1525.00,25.5296
1525.50,25.5356
1526.00,25.4800
1526.50,25.3869
1527.00,25.2834
1527.50,25.1900
1528.00,25.1165
1528.50,25.0631
1529.00,25.0246
1529.50,24.9977
1530.00,24.9852
1530.50,24.9930
1531.00,25.0216
1531.50,25.0584
1532.00,25.0820
1532.50,25.0758
1533.00,25.0429
1533.50,25.0034
1534.00,24.9785
1534.50,24.9769
1535.00,24.9912
1535.50,25.0067
1536.00,25.0134
1536.50,25.0136
1537.00,25.0181
1537.50,25.0338
1538.00,25.0533
1538.50,25.0611
1539.00,25.0487
1539.50,25.0228
1540.00,24.9970
1540.50,24.9777
1541.00,24.9615
1541.50,24.9458
1542.00,24.9377
1542.50,24.9503
1543.00,24.9903
1543.50,25.0491
1544.00,25.1062
1544.50,25.1406
1545.00,25.1409
1545.50,25.1067
1546.00,25.0454
1546.50,24.9685
1547.00,24.8880
1547.50,24.8123
1548.00,24.7448
1548.50,24.6867
1549.00,24.6424
1549.50,24.6216
1550.00,24.6361
1550.50,24.6915
1551.00,24.7795
1551.50,24.8782
1552.00,24.9640
1552.50,25.0247
1553.00,25.0622
1553.50,25.0846
1554.00,25.0948
1554.50,25.0871
1555.00,25.0520
1555.50,24.9864
1556.00,24.8996
1556.50,24.8085
1557.00,24.7278
1557.50,24.6646
1558.00,24.6212
1558.50,24.5991
1559.00,24.5998
1559.50,24.6241
1560.00,24.6726
1560.50,24.7426
1561.00,24.8250
1561.50,24.9015
1562.00,24.9488
1562.50,24.9501
1563.00,24.9067
1563.50,24.8375
1564.00,24.7659
1564.50,24.7055
1565.00,24.6593
1565.50,24.6294
1566.00,24.6235
1566.50,24.6488
1567.00,24.7019
1567.50,24.7649
1568.00,24.8132
1568.50,24.8274
1569.00,24.8024
1569.50,24.7477
1570.00,24.6852
1570.50,24.6405
1571.00,24.6316
1571.50,24.6565
1572.00,24.6930
1572.50,24.7149
1573.00,24.7115
1573.50,24.6959
1574.00,24.6937
1574.50,24.7249
1575.00,24.7895
1575.50,24.8680
1576.00,24.9339
1576.50,24.9687
1577.00,24.9676
1577.50,24.9346
1578.00,24.8784
1578.50,24.8131
1579.00,24.7587
1579.50,24.7339
1580.00,24.7454
1580.50,24.7847
1581.00,24.8335
1581.50,24.8755
1582.00,24.9014
1582.50,24.9075
1583.00,24.8904
1583.50,24.8478
1584.00,24.7864
1584.50,24.7265
1585.00,24.6943
1585.50,24.7052
1586.00,24.7545
1586.50,24.8226
1587.00,24.8877
1587.50,24.9344
1588.00,24.9555
1588.50,24.9516
1589.00,24.9305
1589.50,24.9051
1590.00,24.8869
1590.50,24.8817
1591.00,24.8900
1591.50,24.9103
1592.00,24.9407
1592.50,24.9783
1593.00,25.0185
1593.50,25.0559
1594.00,25.0863
1594.50,25.1071
1595.00,25.1168
1595.50,25.1140
1596.00,25.0970
1596.50,25.0662
1597.00,25.0264
1597.50,24.9881
1598.00,24.9630
1598.50,24.9543
1599.00,24.9511
1599.50,24.9359
1600.00,24.9005
1600.50,24.8534
1601.00,24.8118
1601.50,24.7864
1602.00,24.7752
1602.50,24.7703
1603.00,24.7663
1603.50,24.7634
1604.00,24.7637
1604.50,24.7693
1605.00,24.7830
1605.50,24.8078
1606.00,24.8425
1606.50,24.8779
1607.00,24.9005
1607.50,24.8990
1608.00,24.8721
1608.50,24.8287
1609.00,24.7828
1609.50,24.7438
1610.00,24.7139
1610.50,24.6951
1611.00,24.6975
1611.50,24.7358
1612.00,24.8155
1612.50,24.9229
1613.00,25.0327
1613.50,25.1233
1614.00,25.1849
1614.50,25.2148
1615.00,25.2065
1615.50,25.1528
1616.00,25.0607
1616.50,24.9589
1617.00,24.8822
1617.50,24.8465
1618.00,24.8420
1618.50,24.8494
1619.00,24.8598
1619.50,24.8783
1620.00,24.9149
1620.50,24.9721
1621.00,25.0373
1621.50,25.0833
1622.00,25.0805
1622.50,25.0120
1623.00,24.8824
1623.50,24.7154
1624.00,24.5450
1624.50,24.4052
1625.00,24.3207
1625.50,24.2979
1626.00,24.3222
1626.50,24.3662
1627.00,24.4041
1627.50,24.4209
1628.00,24.4136
1628.50,24.3879
1629.00,24.3564
1629.50,24.3344
1630.00,24.3331
1630.50,24.3532
1631.00,24.3852
1631.50,24.4164
1632.00,24.4367
1632.50,24.4437
1633.00,24.4412
1633.50,24.4377
1634.00,24.4417
1634.50,24.4566
1635.00,24.4749
1635.50,24.4788
1636.00,24.4501
1636.50,24.3871
1637.00,24.3099
1637.50,24.2468
1638.00,24.2125
1638.50,24.1992
1639.00,24.1869
1639.50,24.1593
1640.00,24.1136
1640.50,24.0595
1641.00,24.0103
1641.50,23.9740
1642.00,23.9491
1642.50,23.9288
1643.00,23.9086
1643.50,23.8925
1644.00,23.8899
1644.50,23.9069
1645.00,23.9356
1645.50,23.9556
1646.00,23.9487
1646.50,23.9144
1647.00,23.8678
1647.50,23.8240
1648.00,23.7870
1648.50,23.7558
1649.00,23.7371
1649.50,23.7447
1650.00,23.7864
1650.50,23.8529
1651.00,23.9227
1651.50,23.9743
1652.00,23.9958
1652.50,23.9866
1653.00,23.9528
1653.50,23.9013
1654.00,23.8357
1654.50,23.7615
1655.00,23.6936
1655.50,23.6549
1656.00,23.6634
1656.50,23.7162
1657.00,23.7875
1657.50,23.8413
1658.00,23.8509
1658.50,23.8117
1659.00,23.7398
1659.50,23.6607
1660.00,23.5952
1660.50,23.5497
1661.00,23.5165
1661.50,23.4838
1662.00,23.4495
1662.50,23.4255
1663.00,23.4278
1663.50,23.4605
1664.00,23.5117
1664.50,23.5655
1665.00,23.6178
1665.50,23.6753
1666.00,23.7393
1666.50,23.7926
1667.00,23.8065
1667.50,23.7632
1668.00,23.6701
1668.50,23.5550
1669.00,23.4500
1669.50,23.3784
1670.00,23.3535
1670.50,23.3768
1671.00,23.4376
1671.50,23.5142
1672.00,23.5844
1672.50,23.6354
1673.00,23.6650
1673.50,23.6758
1674.00,23.6685
1674.50,23.6421
1675.00,23.5989
1675.50,23.5510
1676.00,23.5187
1676.50,23.5178
1677.00,23.5477
1677.50,23.5897
1678.00,23.6214
1678.50,23.6319
1679.00,23.6273
1679.50,23.6224
1680.00,23.6261
1680.50,23.6327
1681.00,23.6272
1681.50,23.6010
1682.00,23.5633
1682.50,23.5367
1683.00,23.5400
1683.50,23.5739
1684.00,23.6187
1684.50,23.6458
1685.00,23.6349
1685.50,23.5876
1686.00,23.5289
1686.50,23.4925
1687.00,23.4960
1687.50,23.5282
1688.00,23.5587
1688.50,23.5620
1689.00,23.5348
1689.50,23.4933
1690.00,23.4578
1690.50,23.4396
1691.00,23.4409
1691.50,23.4616
1692.00,23.5011
1692.50,23.5528
1693.00,23.6000
1693.50,23.6226
1694.00,23.6100
1694.50,23.5704
1695.00,23.5240
1695.50,23.4877
1696.00,23.4633
1696.50,23.4422
1697.00,23.4164
1697.50,23.3862
1698.00,23.3557
1698.50,23.3259
1699.00,23.2917
1699.50,23.2478
1700.00,23.1951
1700.50,23.1442
1701.00,23.1120
1701.50,23.1139
1702.00,23.1573
1702.50,23.2369
1703.00,23.3341
1703.50,23.4249
1704.00,23.4907
1704.50,23.5259
1705.00,23.5337
1705.50,23.5178
1706.00,23.4794
1706.50,23.4220
1707.00,23.3555
1707.50,23.2943
1708.00,23.2524
1708.50,23.2366
1709.00,23.2411
1709.50,23.2503
1710.00,23.2491
1710.50,23.2353
1711.00,23.2200
1711.50,23.2169
1712.00,23.2309
1712.50,23.2565
1713.00,23.2823
1713.50,23.2946
1714.00,23.2810
1714.50,23.2376
1715.00,23.1787
1715.50,23.1352
1716.00,23.1361
1716.50,23.1867
1717.00,23.2629
1717.50,23.3291
1718.00,23.3621
1718.50,23.3644
1719.00,23.3560
1719.50,23.3597
1720.00,23.3882
1720.50,23.4413
1721.00,23.5095
1721.50,23.5777
1722.00,23.6293
1722.50,23.6480
1723.00,23.6224
1723.50,23.5531
1724.00,23.4572
1724.50,23.3612
1725.00,23.2867
1725.50,23.2395
1726.00,23.2146
1726.50,23.2081
1727.00,23.2226
1727.50,23.2608
1728.00,23.3169
1728.50,23.3775
1729.00,23.4310
1729.50,23.4729
1730.00,23.5014
1730.50,23.5066
1731.00,23.4710
1731.50,23.3849
1732.00,23.2634
1732.50,23.1429
1733.00,23.0578
1733.50,23.0164
1734.00,22.9997
1734.50,22.9807
1735.00,22.9457
1735.50,22.9000
1736.00,22.8591
1736.50,22.8367
1737.00,22.8390
1737.50,22.8656
1738.00,22.9117
1738.50,22.9671
1739.00,23.0163
1739.50,23.0430
1740.00,23.0365
1740.50,22.9949
1741.00,22.9221
1741.50,22.8260
1742.00,22.7214
1742.50,22.6344
1743.00,22.5936
1743.50,22.6135
1744.00,22.6813
1744.50,22.7609
1745.00,22.8101
1745.50,22.8030
1746.00,22.7430
1746.50,22.6621
1747.00,22.6024
1747.50,22.5930
1748.00,22.6358
1748.50,22.7080
1749.00,22.7750
1749.50,22.8062
1750.00,22.7865
1750.50,22.7222
1751.00,22.6356
1751.50,22.5543
1752.00,22.4998
1752.50,22.4830
1753.00,22.5026
1753.50,22.5475
1754.00,22.6011
1754.50,22.6490
1755.00,22.6849
1755.50,22.7124
1756.00,22.7401
1756.50,22.7761
1757.00,22.8260
1757.50,22.8939
1758.00,22.9777
1758.50,23.0665
1759.00,23.1417
1759.50,23.1890
1760.00,23.2089
1760.50,23.2169
1761.00,23.2319
1761.50,23.2623
1762.00,23.3007
1762.50,23.3292
1763.00,23.3342
1763.50,23.3204
1764.00,23.3138
1764.50,23.3460
1765.00,23.4316
1765.50,23.5541
1766.00,23.6789
1766.50,23.7787
1767.00,23.8512
1767.50,23.9101
1768.00,23.9650
1768.50,24.0102
1769.00,24.0325
1769.50,24.0265
1770.00,24.0007
1770.50,23.9748
1771.00,23.9726
1771.50,24.0144
1772.00,24.1037
1772.50,24.2158
1773.00,24.3062
1773.50,24.3392
1774.00,24.3131
1774.50,24.2588
1775.00,24.2160
1775.50,24.2095
1776.00,24.2396
1776.50,24.2883
1777.00,24.3311
1777.50,24.3505
1778.00,24.3442
1778.50,24.3225
1779.00,24.2994
1779.50,24.2830
1780.00,24.2733
1780.50,24.2651
1781.00,24.2541
1781.50,24.2399
1782.00,24.2246
1782.50,24.2104
1783.00,24.1983
1783.50,24.1889
1784.00,24.1825
1784.50,24.1774
1785.00,24.1685
1785.50,24.1492
1786.00,24.1157
1786.50,24.0710
1787.00,24.0230
1787.50,23.9767
1788.00,23.9288
1788.50,23.8713
1789.00,23.8028
1789.50,23.7340
1790.00,23.6802
1790.50,23.6489
1791.00,23.6333
1791.50,23.6213
1792.00,23.6060
1792.50,23.5898
1793.00,23.5786
1793.50,23.5746
1794.00,23.5728
1794.50,23.5630
1795.00,23.5346
1795.50,23.4828
1796.00,23.4137
1796.50,23.3428
1797.00,23.2861
1797.50,23.2501
1798.00,23.2275
1798.50,23.2047
1799.00,23.1726
1799.50,23.1334
1800.00,23.0968
1800.50,23.0728
1801.00,23.0682
1801.50,23.0848
1802.00,23.1170
1802.50,23.1510
1803.00,23.1717
1803.50,23.1723
1804.00,23.1551
1804.50,23.1262
1805.00,23.0889
1805.50,23.0440
1806.00,22.9924
1806.50,22.9387
1807.00,22.8916
1807.50,22.8601
1808.00,22.8462
1808.50,22.8426
1809.00,22.8407
1809.50,22.8412
1810.00,22.8546
1810.50,22.8927
1811.00,22.9575
1811.50,23.0400
1812.00,23.1249
1812.50,23.1977
1813.00,23.2505
1813.50,23.2870
1814.00,23.3195
1814.50,23.3572
1815.00,23.3938
1815.50,23.4104
1816.00,23.3945
1816.50,23.3559
1817.00,23.3209
1817.50,23.3105
1818.00,23.3274
1818.50,23.3616
1819.00,23.4047
1819.50,23.4542
1820.00,23.5077
1820.50,23.5553
1821.00,23.5841
1821.50,23.5896
1822.00,23.5830
1822.50,23.5828
1823.00,23.5977
1823.50,23.6200
1824.00,23.6372
1824.50,23.6489
1825.00,23.6696
1825.50,23.7155
1826.00,23.7886
1826.50,23.8731
1827.00,23.9454
1827.50,23.9872
1828.00,23.9931
1828.50,23.9708
1829.00,23.9346
1829.50,23.8977
1830.00,23.8683
1830.50,23.8511
1831.00,23.8538
1831.50,23.8874
1832.00,23.9580
1832.50,24.0588
1833.00,24.1718
1833.50,24.2766
1834.00,24.3552
1834.50,24.3937
1835.00,24.3907
1835.50,24.3666
1836.00,24.3585
1836.50,24.3978
1837.00,24.4888
1837.50,24.6095
1838.00,24.7295
1838.50,24.8293
1839.00,24.9069
1839.50,24.9718
1840.00,25.0333
1840.50,25.0937
1841.00,25.1505
1841.50,25.2041
1842.00,25.2599
1842.50,25.3221
1843.00,25.3861
1843.50,25.4394
1844.00,25.4729
1844.50,25.4922
1845.00,25.5190
1845.50,25.5793
1846.00,25.6876
1846.50,25.8368
1847.00,26.0037
1847.50,26.1638
1848.00,26.3029
1848.50,26.4168
1849.00,26.5029
1849.50,26.5595
1850.00,26.5970
1850.50,26.6438
1851.00,26.7329
1851.50,26.8742
1852.00,27.0434
1852.50,27.2019
1853.00,27.3287
1853.50,27.4334
1854.00,27.5406
1854.50,27.6678
1855.00,27.8182
1855.50,27.9868
1856.00,28.1666
1856.50,28.3515
1857.00,28.5389
1857.50,28.7320
1858.00,28.9340
1858.50,29.1393
1859.00,29.3330
1859.50,29.5033
1860.00,29.6543
1860.50,29.8068
1861.00,29.9844
1861.50,30.1977
1862.00,30.4369
1862.50,30.6789
1863.00,30.9021
1863.50,31.0983
1864.00,31.2736
1864.50,31.4402
1865.00,31.6101
1865.50,31.7917
1866.00,31.9910
1866.50,32.2092
1867.00,32.4420
1867.50,32.6808
1868.00,32.9193
1868.50,33.1573
1869.00,33.3972
1869.50,33.6375
1870.00,33.8722
1870.50,34.0988
1871.00,34.3229
1871.50,34.5502
1872.00,34.7741
1872.50,34.9751
1873.00,35.1377
1873.50,35.2661
1874.00,35.3831
1874.50,35.5124
1875.00,35.6628
1875.50,35.8246
1876.00,35.9786
1876.50,36.1109
1877.00,36.2216
1877.50,36.3171
1878.00,36.3968
1878.50,36.4486
1879.00,36.4589
1879.50,36.4256
1880.00,36.3560
1880.50,36.2558
1881.00,36.1203
1881.50,35.9371
1882.00,35.6936
1882.50,35.3815
1883.00,34.9975
1883.50,34.5470
1884.00,34.0481
1884.50,33.5262
1885.00,32.9985
1885.50,32.4648
1886.00,31.9157
1886.50,31.3475
1887.00,30.7663
1887.50,30.1815
1888.00,29.5972
1888.50,29.0141
1889.00,28.4342
1889.50,27.8644
1890.00,27.3168
1890.50,26.8063
1891.00,26.3453
1891.50,25.9381
1892.00,25.5763
1892.50,25.2411
1893.00,24.9142
1893.50,24.5943
1894.00,24.3081
1894.50,24.0993
1895.00,23.9949
1895.50,23.9775
1896.00,23.9926
1896.50,23.9874
1897.00,23.9413
1897.50,23.8634
1898.00,23.7723
1898.50,23.6854
1899.00,23.6191
1899.50,23.5861
1900.00,23.5834
1900.50,23.5892
1901.00,23.5756
1901.50,23.5267
1902.00,23.4464
1902.50,23.3534
1903.00,23.2722
1903.50,23.2244
1904.00,23.2211
1904.50,23.2549
1905.00,23.3000
1905.50,23.3256
1906.00,23.3147
1906.50,23.2725
1907.00,23.2187
1907.50,23.1714
1908.00,23.1377
1908.50,23.1164
1909.00,23.1055
1909.50,23.1052
1910.00,23.1157
1910.50,23.1357
1911.00,23.1634
1911.50,23.1963
1912.00,23.2304
1912.50,23.2606
1913.00,23.2872
1913.50,23.3175
1914.00,23.3578
1914.50,23.4034
1915.00,23.4416
1915.50,23.4679
1916.00,23.4944
1916.50,23.5373
1917.00,23.6001
1917.50,23.6722
1918.00,23.7400
1918.50,23.7940
1919.00,23.8281
1919.50,23.8383
1920.00,23.8269
1920.50,23.8042
1921.00,23.7843
1921.50,23.7771
1922.00,23.7837
1922.50,23.7970
1923.00,23.8083
1923.50,23.8125
1924.00,23.8122
1924.50,23.8168
1925.00,23.8390
1925.50,23.8866
1926.00,23.9568
1926.50,24.0343
1927.00,24.0993
1927.50,24.1387
1928.00,24.1515
1928.50,24.1462
1929.00,24.1296
1929.50,24.0979
1930.00,24.0395
1930.50,23.9468
1931.00,23.8269
1931.50,23.7022
1932.00,23.6005
1932.50,23.5414
1933.00,23.5277
1933.50,23.5467
1934.00,23.5810
1934.50,23.6176
1935.00,23.6505
1935.50,23.6769
1936.00,23.6967
1936.50,23.7134
1937.00,23.7308
1937.50,23.7452
1938.00,23.7438
1938.50,23.7139
1939.00,23.6552
1939.50,23.5832
1940.00,23.5189
1940.50,23.4740
1941.00,23.4444
1941.50,23.4153
1942.00,23.3742
1942.50,23.3177
1943.00,23.2500
1943.50,23.1789
1944.00,23.1152
1944.50,23.0699
1945.00,23.0460
1945.50,23.0332
1946.00,23.0161
1946.50,22.9908
1947.00,22.9704
1947.50,22.9751
1948.00,23.0161
1948.50,23.0919
1949.00,23.1922
1949.50,23.2984
1950.00,23.3835
1950.50,23.4208
1951.00,23.4022
1951.50,23.3466
1952.00,23.2866
1952.50,23.2437
1953.00,23.2158
1953.50,23.1886
1954.00,23.1590
1954.50,23.1468
1955.00,23.1807
1955.50,23.2721
1956.00,23.3999
1956.50,23.5229
1957.00,23.6070
1957.50,23.6453
1958.00,23.6550
1958.50,23.6606
1959.00,23.6752
1959.50,23.6945
1960.00,23.7045
1960.50,23.6942
1961.00,23.6647
1961.50,23.6272
1962.00,23.5940
1962.50,23.5726
1963.00,23.5626
1963.50,23.5571
1964.00,23.5458
1964.50,23.5201
1965.00,23.4823
1965.50,23.4475
1966.00,23.4338
1966.50,23.4468
1967.00,23.4756
1967.50,23.5027
1968.00,23.5154
1968.50,23.5087
1969.00,23.4838
1969.50,23.4483
1970.00,23.4149
1970.50,23.3927
1971.00,23.3793
1971.50,23.3612
1972.00,23.3268
1972.50,23.2793
1973.00,23.2379
1973.50,23.2223
1974.00,23.2375
1974.50,23.2713
1975.00,23.3061
1975.50,23.3307
1976.00,23.3429
1976.50,23.3439
1977.00,23.3351
1977.50,23.3194
1978.00,23.3040
1978.50,23.2983
1979.00,23.3097
1979.50,23.3372
1980.00,23.3697
1980.50,23.3925
1981.00,23.3999
1981.50,23.4009
1982.00,23.4108
1982.50,23.4374
1983.00,23.4745
1983.50,23.5075
1984.00,23.5245
1984.50,23.5237
1985.00,23.5133
1985.50,23.5043
1986.00,23.5026
1986.50,23.5067
1987.00,23.5123
1987.50,23.5167
1988.00,23.5180
1988.50,23.5143
1989.00,23.5059
1989.50,23.4960
1990.00,23.4881
1990.50,23.4828
1991.00,23.4791
1991.50,23.4782
1992.00,23.4818
1992.50,23.4863
1993.00,23.4805
1993.50,23.4514
1994.00,23.3953
1994.50,23.3238
1995.00,23.2586
1995.50,23.2195
1996.00,23.2132
1996.50,23.2309
1997.00,23.2592
1997.50,23.2899
1998.00,23.3179
1998.50,23.3304
1999.00,23.3085
1999.50,23.2459
2000.00,23.1673
2000.50,23.1180
2001.00,23.1302
2001.50,23.1988
2002.00,23.2894
2002.50,23.3693
2003.00,23.4269
2003.50,23.4687
2004.00,23.5004
2004.50,23.5162
2005.00,23.5039
2005.50,23.4600
2006.00,23.3992
2006.50,23.3474
2007.00,23.3203
2007.50,23.3101
2008.00,23.2914
2008.50,23.2453
2009.00,23.1751
2009.50,23.0997
2010.00,23.0341
2010.50,22.9798
2011.00,22.9331
2011.50,22.8974
2012.00,22.8829
2012.50,22.8953
2013.00,22.9302
2013.50,22.9771
2014.00,23.0253
2014.50,23.0624
2015.00,23.0710
2015.50,23.0350
2016.00,22.9533
2016.50,22.8482
2017.00,22.7563
2017.50,22.7063
2018.00,22.7032
2018.50,22.7315
2019.00,22.7721
2019.50,22.8145
2020.00,22.8558
2020.50,22.8968
2021.00,22.9379
2021.50,22.9777
2022.00,23.0101
2022.50,23.0271
2023.00,23.0267
2023.50,23.0191
2024.00,23.0212
2024.50,23.0419
2025.00,23.0710
2025.50,23.0853
2026.00,23.0671
2026.50,23.0181
2027.00,22.9584
2027.50,22.9149
2028.00,22.9084
2028.50,22.9450
2029.00,23.0100
2029.50,23.0694
2030.00,23.0835
2030.50,23.0273
2031.00,22.9068
2031.50,22.7589
2032.00,22.6331
2032.50,22.5649
2033.00,22.5586
2033.50,22.5945
2034.00,22.6496
2034.50,22.7158
2035.00,22.7996
2035.50,22.9074
2036.00,23.0307
2036.50,23.1463
2037.00,23.2323
2037.50,23.2821
2038.00,23.3041
2038.50,23.3102
2039.00,23.3068
2039.50,23.2972
2040.00,23.2878
2040.50,23.2880
2041.00,23.3025
2041.50,23.3246
2042.00,23.3399
2042.50,23.3393
2043.00,23.3299
2043.50,23.3329
2044.00,23.3677
2044.50,23.4349
2045.00,23.5136
2045.50,23.5755
2046.00,23.6035
2046.50,23.5981
2047.00,23.5695
2047.50,23.5240
2048.00,23.4611
2048.50,23.3819
2049.00,23.2971
2049.50,23.2251
2050.00,23.1823
2050.50,23.1767
2051.00,23.2114
2051.50,23.2881
2052.00,23.4031
2052.50,23.5390
2053.00,23.6681
2053.50,23.7644
2054.00,23.8122
2054.50,23.8073
2055.00,23.7536
2055.50,23.6629
2056.00,23.5525
2056.50,23.4439
2057.00,23.3584
2057.50,23.3124
2058.00,23.3115
2058.50,23.3502
2059.00,23.4153
2059.50,23.4898
2060.00,23.5544
2060.50,23.5899
2061.00,23.5849
2061.50,23.5413
2062.00,23.4738
2062.50,23.4037
2063.00,23.3525
2063.50,23.3362
2064.00,23.3581
2064.50,23.4056
2065.00,23.4539
2065.50,23.4821
2066.00,23.4879
2066.50,23.4850
2067.00,23.4848
2067.50,23.4809
2068.00,23.4564
2068.50,23.4031
2069.00,23.3337
2069.50,23.2730
2070.00,23.2428
2070.50,23.2515
2071.00,23.2950
2071.50,23.3617
2072.00,23.4354
2072.50,23.4947
2073.00,23.5151
2073.50,23.4809
2074.00,23.4006
2074.50,23.3110
2075.00,23.2594
2075.50,23.2760
2076.00,23.3563
2076.50,23.4668
2077.00,23.5642
2077.50,23.6159
2078.00,23.6087
2078.50,23.5495
2079.00,23.4578
2079.50,23.3575
2080.00,23.2702
2080.50,23.2107
2081.00,23.1852
2081.50,23.1927
2082.00,23.2319
2082.50,23.3055
2083.00,23.4145
2083.50,23.5425
2084.00,23.6518
2084.50,23.7040
2085.00,23.6860
2085.50,23.6167
2086.00,23.5306
2086.50,23.4577
2087.00,23.4132
2087.50,23.3970
2088.00,23.3966
2088.50,23.3975
2089.00,23.3926
2089.50,23.3844
2090.00,23.3772
2090.50,23.3705
2091.00,23.3606
2091.50,23.3446
2092.00,23.3229
2092.50,23.2979
2093.00,23.2733
2093.50,23.2549
2094.00,23.2480
2094.50,23.2530
2095.00,23.2639
2095.50,23.2724
2096.00,23.2715
2096.50,23.2573
2097.00,23.2304
2097.50,23.1967
2098.00,23.1630
2098.50,23.1284
2099.00,23.0824
2099.50,23.0161
2100.00,22.9336
2100.50,22.8550
2101.00,22.8029
2101.50,22.7878
2102.00,22.8019
2102.50,22.8243
2103.00,22.8353
2103.50,22.8288
2104.00,22.8171
2104.50,22.8223
2105.00,22.8600
2105.50,22.9280
2106.00,23.0083
2106.50,23.0773
2107.00,23.1170
2107.50,23.1193
2108.00,23.0851
2108.50,23.0194
2109.00,22.9302
2109.50,22.8300
2110.00,22.7366
2110.50,22.6682
2111.00,22.6371
2111.50,22.6463
2112.00,22.6904
2112.50,22.7578
2113.00,22.8360
2113.50,22.9183
2114.00,23.0045
2114.50,23.0910
2115.00,23.1618
2115.50,23.1952
2116.00,23.1813
2116.50,23.1339
2117.00,23.0815
2117.50,23.0470
2118.00,23.0332
2118.50,23.0256
2119.00,23.0044
2119.50,22.9556
2120.00,22.8782
2120.50,22.7852
2121.00,22.7009
2121.50,22.6519
2122.00,22.6537
2122.50,22.7013
2123.00,22.7700
2123.50,22.8285
2124.00,22.8561
2124.50,22.8510
2125.00,22.8240
2125.50,22.7875
2126.00,22.7487
2126.50,22.7128
2127.00,22.6875
2127.50,22.6814
2128.00,22.6971
2128.50,22.7243
2129.00,22.7430
2129.50,22.7364
2130.00,22.7052
2130.50,22.6694
2131.00,22.6547
2131.50,22.6742
2132.00,22.7217
2132.50,22.7803
2133.00,22.8342
2133.50,22.8722
2134.00,22.8856
2134.50,22.8715
2135.00,22.8399
2135.50,22.8120
2136.00,22.8060
2136.50,22.8244
2137.00,22.8531
2137.50,22.8742
2138.00,22.8794
2138.50,22.8714
2139.00,22.8528
2139.50,22.8201
2140.00,22.7691
2140.50,22.7098
2141.00,22.6664
2141.50,22.6600
2142.00,22.6874
2142.50,22.7209
2143.00,22.7296
2143.50,22.7026
2144.00,22.6532
2144.50,22.6057
2145.00,22.5783
2145.50,22.5750
2146.00,22.5856
2146.50,22.5945
2147.00,22.5915
2147.50,22.5768
2148.00,22.5566
2148.50,22.5353
2149.00,22.5116
2149.50,22.4831
2150.00,22.4519
2150.50,22.4271
2151.00,22.4215
2151.50,22.4422
2152.00,22.4838
2152.50,22.5297
2153.00,22.5604
2153.50,22.5612
2154.00,22.5263
2154.50,22.4620
2155.00,22.3865
2155.50,22.3242
2156.00,22.2963
2156.50,22.3150
2157.00,22.3798
2157.50,22.4764
2158.00,22.5760
2158.50,22.6477
2159.00,22.6755
2159.50,22.6666
2160.00,22.6397
2160.50,22.6063
2161.00,22.5681
2161.50,22.5299
2162.00,22.5085
2162.50,22.5228
2163.00,22.5772
2163.50,22.6565
2164.00,22.7372
2164.50,22.8006
2165.00,22.8370
2165.50,22.8454
2166.00,22.8331
2166.50,22.8129
2167.00,22.7957
2167.50,22.7848
2168.00,22.7774
2168.50,22.7676
2169.00,22.7488
2169.50,22.7140
2170.00,22.6589
2170.50,22.5892
2171.00,22.5260
2171.50,22.5014
2172.00,22.5393
2172.50,22.6342
2173.00,22.7490
2173.50,22.8339
2174.00,22.8558
2174.50,22.8142
2175.00,22.7369
2175.50,22.6616
2176.00,22.6177
2176.50,22.6159
2177.00,22.6476
2177.50,22.6895
2178.00,22.7151
2178.50,22.7069
2179.00,22.6634
2179.50,22.5963
2180.00,22.5230
2180.50,22.4638
2181.00,22.4374
2181.50,22.4525
2182.00,22.5029
2182.50,22.5725
2183.00,22.6450
2183.50,22.7072
2184.00,22.7479
2184.50,22.7587
2185.00,22.7394
2185.50,22.7006
2186.00,22.6584
2186.50,22.6251
2187.00,22.6051
2187.50,22.5980
2188.00,22.6037
2188.50,22.6219
2189.00,22.6482
2189.50,22.6726
2190.00,22.6860
2190.50,22.6860
2191.00,22.6772
2191.50,22.6652
2192.00,22.6520
2192.50,22.6346
2193.00,22.6074
2193.50,22.5681
2194.00,22.5225
2194.50,22.4836
2195.00,22.4638
2195.50,22.4660
2196.00,22.4804
2196.50,22.4966
2197.00,22.5149
2197.50,22.5453
2198.00,22.5933
2198.50,22.6479
2199.00,22.6867
2199.50,22.6913
2200.00,22.6617
2200.50,22.6178
2201.00,22.5886
2201.50,22.5917
2202.00,22.6213
2202.50,22.6519
2203.00,22.6562
2203.50,22.6224
2204.00,22.5600
2204.50,22.4927
2205.00,22.4465
2205.50,22.4372
2206.00,22.4634
2206.50,22.5068
2207.00,22.5452
2207.50,22.5681
2208.00,22.5840
2208.50,22.6091
2209.00,22.6484
2209.50,22.6864
2210.00,22.6988
2210.50,22.6759
2211.00,22.6323
2211.50,22.5947
2212.00,22.5773
2212.50,22.5748
2213.00,22.5771
2213.50,22.5847
2214.00,22.6045
2214.50,22.6365
2215.00,22.6727
2215.50,22.7086
2216.00,22.7494
2216.50,22.8012
2217.00,22.8587
2217.50,22.9055
2218.00,22.9259
2218.50,22.9157
2219.00,22.8816
2219.50,22.8328
2220.00,22.7763
2220.50,22.7189
2221.00,22.6741
2221.50,22.6652
2222.00,22.7162
2222.50,22.8337
2223.00,22.9927
2223.50,23.1412
2224.00,23.2254
2224.50,23.2193
2225.00,23.1391
2225.50,23.0333
2226.00,22.9575
2226.50,22.9527
2227.00,23.0343
2227.50,23.1882
2228.00,23.3716
2228.50,23.5270
2229.00,23.6129
2229.50,23.6305
2230.00,23.6175
2230.50,23.6134
2231.00,23.6293
2231.50,23.6470
2232.00,23.6409
2232.50,23.6002
2233.00,23.5372
2233.50,23.4802
2234.00,23.4582
2234.50,23.4848
2235.00,23.5496
2235.50,23.6263
2236.00,23.6917
2236.50,23.7400
2237.00,23.7801
2237.50,23.8193
2238.00,23.8530
2238.50,23.8699
2239.00,23.8633
2239.50,23.8381
2240.00,23.8061
2240.50,23.7773
2241.00,23.7551
2241.50,23.7381
2242.00,23.7248
2242.50,23.7170
2243.00,23.7158
2243.50,23.7161
2244.00,23.7091
2244.50,23.6903
2245.00,23.6663
2245.50,23.6479
2246.00,23.6384
2246.50,23.6293
2247.00,23.6100
2247.50,23.5818
2248.00,23.5614
2248.50,23.5688
2249.00,23.6093
2249.50,23.6690
2250.00,23.7281
2250.50,23.7771
2251.00,23.8207
2251.50,23.8654
2252.00,23.9065
2252.50,23.9303
2253.00,23.9298
2253.50,23.9155
2254.00,23.9091
2254.50,23.9248
2255.00,23.9586
2255.50,23.9981
2256.00,24.0376
2256.50,24.0767
2257.00,24.1062
2257.50,24.1057
2258.00,24.0591
2258.50,23.9730
2259.00,23.8759
2259.50,23.8030
2260.00,23.7803
2260.50,23.8180
2261.00,23.9069
2261.50,24.0158
2262.00,24.0962
2262.50,24.1049
2263.00,24.0339
2263.50,23.9221
2264.00,23.8319
2264.50,23.8069
2265.00,23.8463
2265.50,23.9135
2266.00,23.9672
2266.50,23.9873
2267.00,23.9781
2267.50,23.9536
2268.00,23.9245
2268.50,23.9001
2269.00,23.8954
2269.50,23.9272
2270.00,23.9943
2270.50,24.0666
2271.00,24.1016
2271.50,24.0779
2272.00,24.0090
2272.50,23.9258
2273.00,23.8519
2273.50,23.7953
2274.00,23.7556
2274.50,23.7312
2275.00,23.7218
2275.50,23.7280
2276.00,23.7503
2276.50,23.7831
2277.00,23.8134
2277.50,23.8249
2278.00,23.8100
2278.50,23.7787
2279.00,23.7522
2279.50,23.7480
2280.00,23.7661
2280.50,23.7912
2281.00,23.8069
2281.50,23.8080
2282.00,23.8005
2282.50,23.7927
2283.00,23.7882
2283.50,23.7893
2284.00,23.7998
2284.50,23.8242
2285.00,23.8646
2285.50,23.9165
2286.00,23.9675
2286.50,23.9995
2287.00,23.9970
2287.50,23.9547
2288.00,23.8752
2288.50,23.7644
2289.00,23.6317
2289.50,23.4973
2290.00,23.3943
2290.50,23.3553
2291.00,23.3928
2291.50,23.4889
2292.00,23.6049
2292.50,23.7020
2293.00,23.7584
2293.50,23.7747
2294.00,23.7685
2294.50,23.7623
2295.00,23.7696
2295.50,23.7869
2296.00,23.7980
2296.50,23.7877
2297.00,23.7557
2297.50,23.7138
2298.00,23.6735
2298.50,23.6378
2299.00,23.6062
2299.50,23.5819
2300.00,23.5698
2300.50,23.5683
2301.00,23.5692
2301.50,23.5663
2302.00,23.5630
2302.50,23.5683
2303.00,23.5858
2303.50,23.6050
2304.00,23.6059
2304.50,23.5746
2305.00,23.5116
2305.50,23.4304
2306.00,23.3496
2306.50,23.2878
2307.00,23.2583
2307.50,23.2617
2308.00,23.2830
2308.50,23.3013
2309.00,23.3040
2309.50,23.2938
2310.00,23.2858
2310.50,23.2976
2311.00,23.3375
2311.50,23.3978
2312.00,23.4572
2312.50,23.4916
2313.00,23.4871
2313.50,23.4484
2314.00,23.3985
2314.50,23.3659
2315.00,23.3659
2315.50,23.3887
2316.00,23.4081
2316.50,23.4046
2317.00,23.3812
2317.50,23.3546
2318.00,23.3321
2318.50,23.3030
2319.00,23.2553
2319.50,23.1970
2320.00,23.1556
2320.50,23.1551
2321.00,23.1978
2321.50,23.2661
2322.00,23.3375
2322.50,23.3953
2323.00,23.4309
2323.50,23.4418
2324.00,23.4281
2324.50,23.3884
2325.00,23.3228
2325.50,23.2414
2326.00,23.1642
2326.50,23.1086
2327.00,23.0751
2327.50,23.0495
2328.00,23.0193
2328.50,22.9896
2329.00,22.9817
2329.50,23.0154
2330.00,23.0889
2330.50,23.1741
2331.00,23.2316
2331.50,23.2395
2332.00,23.2113
2332.50,23.1834
2333.00,23.1828
2333.50,23.2050
2334.00,23.2242
2334.50,23.2181
2335.00,23.1817
2335.50,23.1199
2336.00,23.0397
2336.50,22.9512
2337.00,22.8708
2337.50,22.8158
2338.00,22.7946
2338.50,22.8022
2339.00,22.8264
2339.50,22.8578
2340.00,22.8928
2340.50,22.9300
2341.00,22.9641
2341.50,22.9881
2342.00,22.9978
2342.50,22.9959
2343.00,22.9868
2343.50,22.9715
2344.00,22.9479
2344.50,22.9178
2345.00,22.8898
2345.50,22.8729
2346.00,22.8689
2346.50,22.8719
2347.00,22.8740
2347.50,22.8675
2348.00,22.8448
2348.50,22.8008
2349.00,22.7352
2349.50,22.6557
2350.00,22.5793
2350.50,22.5271
2351.00,22.5145
2351.50,22.5414
2352.00,22.5927
2352.50,22.6487
2353.00,22.6976
2353.50,22.7362
2354.00,22.7640
2354.50,22.7810
2355.00,22.7883
2355.50,22.7877
2356.00,22.7773
2356.50,22.7509
2357.00,22.7054
2357.50,22.6498
2358.00,22.6059
2358.50,22.5948
2359.00,22.6195
2359.50,22.6597
2360.00,22.6862
2360.50,22.6814
2361.00,22.6506
2361.50,22.6138
2362.00,22.5872
2362.50,22.5686
2363.00,22.5365
2363.50,22.4661
2364.00,22.3570
2364.50,22.2450
2365.00,22.1822
2365.50,22.1983
2366.00,22.2792
2366.50,22.3826
2367.00,22.4705
2367.50,22.5307
2368.00,22.5711
2368.50,22.6026
2369.00,22.6270
2369.50,22.6399
2370.00,22.6402
2370.50,22.6323
2371.00,22.6184
2371.50,22.5922
2372.00,22.5446
2372.50,22.4779
2373.00,22.4131
2373.50,22.3809
2374.00,22.4033
2374.50,22.4780
2375.00,22.5802
2375.50,22.6764
2376.00,22.7390
2376.50,22.7545
2377.00,22.7282
2377.50,22.6868
2378.00,22.6695
2378.50,22.7043
2379.00,22.7877
2379.50,22.8853
2380.00,22.9578
2380.50,22.9883
2381.00,22.9878
2381.50,22.9758
2382.00,22.9599
2382.50,22.9365
2383.00,22.9074
2383.50,22.8880
2384.00,22.8949
2384.50,22.9267
2385.00,22.9601
2385.50,22.9677
2386.00,22.9406
2386.50,22.8954
2387.00,22.8611
2387.50,22.8586
2388.00,22.8877
2388.50,22.9311
2389.00,22.9672
2389.50,22.9826
2390.00,22.9736
2390.50,22.9410
2391.00,22.8893
2391.50,22.8290
2392.00,22.7784
2392.50,22.7554
2393.00,22.7655
2393.50,22.7947
2394.00,22.8151
2394.50,22.8012
2395.00,22.7448
2395.50,22.6558
2396.00,22.5517
2396.50,22.4520
2397.00,22.3802
2397.50,22.3623
2398.00,22.4126
2398.50,22.5196
2399.00,22.6500
2399.50,22.7667
2400.00,22.8490
2400.50,22.8991
2401.00,22.9342
2401.50,22.9711
2402.00,23.0139
2402.50,23.0523
2403.00,23.0704
2403.50,23.0595
2404.00,23.0250
2404.50,22.9842
2405.00,22.9556
2405.50,22.9480
2406.00,22.9574
2406.50,22.9736
2407.00,22.9894
2407.50,23.0049
2408.00,23.0260
2408.50,23.0609
2409.00,23.1143
2409.50,23.1826
2410.00,23.2515
2410.50,23.3014
2411.00,23.3205
2411.50,23.3140
2412.00,23.3002
2412.50,23.2935
2413.00,23.2910
2413.50,23.2772
2414.00,23.2412
2414.50,23.1882
2415.00,23.1365
2415.50,23.1071
2416.00,23.1138
2416.50,23.1551
2417.00,23.2114
2417.50,23.2522
2418.00,23.2555
2418.50,23.2223
2419.00,23.1734
2419.50,23.1303
2420.00,23.0998
2420.50,23.0735
2421.00,23.0405
2421.50,22.9973
2422.00,22.9487
2422.50,22.9016
2423.00,22.8597
2423.50,22.8231
2424.00,22.7929
2424.50,22.7743
2425.00,22.7731
2425.50,22.7877
2426.00,22.8040
2426.50,22.8004
2427.00,22.7624
2427.50,22.6952
2428.00,22.6266
2428.50,22.5970
2429.00,22.6365
2429.50,22.7435
2430.00,22.8813
2430.50,23.0019
2431.00,23.0759
2431.50,23.1017
2432.00,23.0949
2432.50,23.0729
2433.00,23.0490
2433.50,23.0304
2434.00,23.0154
2434.50,22.9943
2435.00,22.9574
2435.50,22.9056
2436.00,22.8553
2436.50,22.8301
2437.00,22.8444
2437.50,22.8929
2438.00,22.9535
2438.50,23.0004
2439.00,23.0198
2439.50,23.0196
2440.00,23.0235
2440.50,23.0549
2441.00,23.1177
2441.50,23.1935
2442.00,23.2559
2442.50,23.2923
2443.00,23.3094
2443.50,23.3170
2444.00,23.3102
2444.50,23.2718
2445.00,23.1933
2445.50,23.0930
2446.00,23.0075
2446.50,22.9648
2447.00,22.9657
2447.50,22.9932
2448.00,23.0331
2448.50,23.0845
2449.00,23.1519
2449.50,23.2329
2450.00,23.3132
2450.50,23.3701
2451.00,23.3818
2451.50,23.3410
2452.00,23.2638
2452.50,23.1844
2453.00,23.1362
2453.50,23.1312
2454.00,23.1543
2454.50,23.1763
2455.00,23.1778
2455.50,23.1612
2456.00,23.1421
2456.50,23.1287
2457.00,23.1161
2457.50,23.1016
2458.00,23.0975
2458.50,23.1215
2459.00,23.1768
2459.50,23.2471
2460.00,23.3142
2460.50,23.3751
2461.00,23.4423
2461.50,23.5263
2462.00,23.6194
2462.50,23.6947
2463.00,23.7261
2463.50,23.7119
2464.00,23.6783
2464.50,23.6580
2465.00,23.6643
2465.50,23.6837
2466.00,23.6903
2466.50,23.6668
2467.00,23.6155
2467.50,23.5541
2468.00,23.5023
2468.50,23.4710
2469.00,23.4623
2469.50,23.4759
2470.00,23.5100
2470.50,23.5543
2471.00,23.5847
2471.50,23.5771
2472.00,23.5276
2472.50,23.4601
2473.00,23.4097
2473.50,23.3996
2474.00,23.4301
2474.50,23.4818
2475.00,23.5287
2475.50,23.5507
2476.00,23.5437
2476.50,23.5221
2477.00,23.5085
2477.50,23.5179
2478.00,23.5476
2478.50,23.5828
2479.00,23.6093
2479.50,23.6240
2480.00,23.6339
2480.50,23.6463
2481.00,23.6595
2481.50,23.6626
2482.00,23.6435
2482.50,23.5982
2483.00,23.5348
2483.50,23.4719
2484.00,23.4307
2484.50,23.4232
2485.00,23.4471
2485.50,23.4924
2486.00,23.5516
2486.50,23.6191
2487.00,23.6821
2487.50,23.7215
2488.00,23.7241
2488.50,23.6906
2489.00,23.6288
2489.50,23.5464
2490.00,23.4535
2490.50,23.3690
2491.00,23.3164
2491.50,23.3113
2492.00,23.3509
2492.50,23.4155
2493.00,23.4746
2493.50,23.4954
2494.00,23.4536
2494.50,23.3518
2495.00,23.2304
2495.50,23.1497
2496.00,23.1515
2496.50,23.2309
2497.00,23.3464
2497.50,23.4554
2498.00,23.5394
2498.50,23.6023
2499.00,23.6529
2499.50,23.6916
2500.00,23.7122
2500.50,23.7128
2501.00,23.6987
2501.50,23.6775
2502.00,23.6523
2502.50,23.6236
2503.00,23.5918
2503.50,23.5578
2504.00,23.5237
2504.50,23.4953
2505.00,23.4830
2505.50,23.4933
2506.00,23.5218
2506.50,23.5545
2507.00,23.5779
2507.50,23.5852
2508.00,23.5773
2508.50,23.5610
2509.00,23.5492
2509.50,23.5548
2510.00,23.5814
2510.50,23.6181
2511.00,23.6448
2511.50,23.6469
2512.00,23.6261
2512.50,23.6005
2513.00,23.5932
2513.50,23.6148
2514.00,23.6553
2514.50,23.6904
2515.00,23.7000
2515.50,23.6805
2516.00,23.6444
2516.50,23.6104
2517.00,23.5936
2517.50,23.6004
2518.00,23.6269
2518.50,23.6626
2519.00,23.6956
2519.50,23.7165
2520.00,23.7199
2520.50,23.7053
2521.00,23.6802
2521.50,23.6603
2522.00,23.6629
2522.50,23.6959
2523.00,23.7493
2523.50,23.8015
2524.00,23.8332
2524.50,23.8386
2525.00,23.8219
2525.50,23.7868
2526.00,23.7298
2526.50,23.6455
2527.00,23.5363
2527.50,23.4188
2528.00,23.3198
2528.50,23.2631
2529.00,23.2531
2529.50,23.2704
2530.00,23.2835
2530.50,23.2682
2531.00,23.2201
2531.50,23.1532
2532.00,23.0905
2532.50,23.0518
2533.00,23.0417
2533.50,23.0453
2534.00,23.0381
2534.50,23.0068
2535.00,22.9600
2535.50,22.9205
2536.00,22.9067
2536.50,22.9211
2537.00,22.9511
2537.50,22.9777
2538.00,22.9862
2538.50,22.9744
2539.00,22.9550
2539.50,22.9474
2540.00,22.9657
2540.50,23.0128
2541.00,23.0811
2541.50,23.1566
2542.00,23.2242
2542.50,23.2729
2543.00,23.2954
2543.50,23.2839
2544.00,23.2304
2544.50,23.1345
2545.00,23.0142
2545.50,22.9034
2546.00,22.8327
2546.50,22.8103
2547.00,22.8199
2547.50,22.8407
2548.00,22.8644
2548.50,22.8942
2549.00,22.9307
2549.50,22.9650
2550.00,22.9874
2550.50,22.9963
2551.00,22.9962
2551.50,22.9908
2552.00,22.9817
2552.50,22.9740
2553.00,22.9776
2553.50,23.0025
2554.00,23.0517
2554.50,23.1174
2555.00,23.1821
2555.50,23.2248
2556.00,23.2337
2556.50,23.2156
2557.00,23.1917
2557.50,23.1825
2558.00,23.1945
2558.50,23.2189
2559.00,23.2421
2559.50,23.2545
2560.00,23.2526
2560.50,23.2384
2561.00,23.2198
2561.50,23.2084
2562.00,23.2131
2562.50,23.2358
2563.00,23.2748
2563.50,23.3286
2564.00,23.3946
2564.50,23.4624
2565.00,23.5118
2565.50,23.5232
2566.00,23.4906
2566.50,23.4273
2567.00,23.3581
2567.50,23.3057
2568.00,23.2806
2568.50,23.2807
2569.00,23.2974
2569.50,23.3226
2570.00,23.3536
2570.50,23.3904
2571.00,23.4319
2571.50,23.4744
2572.00,23.5127
2572.50,23.5428
2573.00,23.5626
2573.50,23.5731
2574.00,23.5771
2574.50,23.5749
2575.00,23.5619
2575.50,23.5332
2576.00,23.4919
2576.50,23.4519
2577.00,23.4287
2577.50,23.4276
2578.00,23.4398
2578.50,23.4537
2579.00,23.4663
2579.50,23.4852
2580.00,23.5159
2580.50,23.5531
2581.00,23.5836
2581.50,23.5991
2582.00,23.6041
2582.50,23.6103
2583.00,23.6260
2583.50,23.6466
2584.00,23.6585
2584.50,23.6493
2585.00,23.6171
2585.50,23.5710
2586.00,23.5233
2586.50,23.4821
2587.00,23.4523
2587.50,23.4386
2588.00,23.4454
2588.50,23.4711
2589.00,23.5088
2589.50,23.5521
2590.00,23.6008
2590.50,23.6603
2591.00,23.7340
2591.50,23.8158
2592.00,23.8866
2592.50,23.9215
2593.00,23.9048
2593.50,23.8407
2594.00,23.7521
2594.50,23.6707
2595.00,23.6231
2595.50,23.6209
2596.00,23.6571
2596.50,23.7120
2597.00,23.7665
2597.50,23.8118
2598.00,23.8479
2598.50,23.8766
2599.00,23.8967
2599.50,23.9054
2600.00,23.8997
2600.50,23.8779
2601.00,23.8430
2601.50,23.8060
2602.00,23.7825
2602.50,23.7823
2603.00,23.8003
2603.50,23.8204
2604.00,23.8261
2604.50,23.8082
2605.00,23.7652
2605.50,23.7034
2606.00,23.6402
2606.50,23.6018
2607.00,23.6085
2607.50,23.6582
2608.00,23.7250
2608.50,23.7742
2609.00,23.7820
2609.50,23.7482
2610.00,23.6962
2610.50,23.6590
2611.00,23.6569
2611.50,23.6827
2612.00,23.7074
2612.50,23.7048
2613.00,23.6753
2613.50,23.6472
2614.00,23.6527
2614.50,23.7028
2615.00,23.7810
2615.50,23.8589
2616.00,23.9136
2616.50,23.9343
2617.00,23.9222
2617.50,23.8873
2618.00,23.8438
2618.50,23.8030
2619.00,23.7684
2619.50,23.7368
2620.00,23.7061
2620.50,23.6817
2621.00,23.6708
2621.50,23.6742
2622.00,23.6847
2622.50,23.6926
2623.00,23.6931
2623.50,23.6879
2624.00,23.6807
2624.50,23.6740
2625.00,23.6681
2625.50,23.6631
2626.00,23.6596
2626.50,23.6593
2627.00,23.6667
2627.50,23.6909
2628.00,23.7399
2628.50,23.8111
2629.00,23.8888
2629.50,23.9510
2630.00,23.9797
2630.50,23.9665
2631.00,23.9137
2631.50,23.8337
2632.00,23.7453
2632.50,23.6668
2633.00,23.6103
2633.50,23.5815
2634.00,23.5818
2634.50,23.6087
2635.00,23.6533
2635.50,23.7010
2636.00,23.7392
2636.50,23.7648
2637.00,23.7850
2637.50,23.8102
2638.00,23.8463
2638.50,23.8915
2639.00,23.9378
2639.50,23.9747
2640.00,23.9926
2640.50,23.9866
2641.00,23.9617
2641.50,23.9343
2642.00,23.9242
2642.50,23.9393
2643.00,23.9656
2643.50,23.9775
2644.00,23.9600
2644.50,23.9205
2645.00,23.8798
2645.50,23.8501
2646.00,23.8257
2646.50,23.7949
2647.00,23.7578
2647.50,23.7276
2648.00,23.7135
2648.50,23.7089
2649.00,23.6991
2649.50,23.6767
2650.00,23.6464
2650.50,23.6194
2651.00,23.6049
2651.50,23.6041
2652.00,23.6105
2652.50,23.6160
2653.00,23.6182
2653.50,23.6177
2654.00,23.6111
2654.50,23.5909
2655.00,23.5571
2655.50,23.5231
2656.00,23.5068
2656.50,23.5155
2657.00,23.5398
2657.50,23.5622
2658.00,23.5687
2658.50,23.5582
2659.00,23.5436
2659.50,23.5432
2660.00,23.5653
2660.50,23.6010
2661.00,23.6336
2661.50,23.6556
2662.00,23.6721
2662.50,23.6896
2663.00,23.7098
2663.50,23.7357
2664.00,23.7742
2664.50,23.8265
2665.00,23.8793
2665.50,23.9148
2666.00,23.9286
2666.50,23.9325
2667.00,23.9370
2667.50,23.9387
2668.00,23.9277
2668.50,23.9017
2669.00,23.8679
2669.50,23.8302
2670.00,23.7845
2670.50,23.7284
2671.00,23.6698
2671.50,23.6208
2672.00,23.5838
2672.50,23.5470
2673.00,23.4958
2673.50,23.4278
2674.00,23.3599
2674.50,23.3201
2675.00,23.3300
2675.50,23.3887
2676.00,23.4688
2676.50,23.5323
2677.00,23.5528
2677.50,23.5317
2678.00,23.4944
2678.50,23.4731
2679.00,23.4885
2679.50,23.5403
2680.00,23.6091
2680.50,23.6630
2681.00,23.6701
2681.50,23.6165
2682.00,23.5193
2682.50,23.4197
2683.00,23.3580
2683.50,23.3497
2684.00,23.3843
2684.50,23.4383
2685.00,23.4917
2685.50,23.5357
2686.00,23.5725
2686.50,23.6091
2687.00,23.6480
2687.50,23.6837
2688.00,23.7100
2688.50,23.7286
2689.00,23.7501
2689.50,23.7817
2690.00,23.8175
2690.50,23.8448
2691.00,23.8626
2691.50,23.8888
2692.00,23.9409
2692.50,24.0100
2693.00,24.0597
2693.50,24.0561
2694.00,23.9961
2694.50,23.9103
2695.00,23.8374
2695.50,23.7989
2696.00,23.7938
2696.50,23.8116
2697.00,23.8428
2697.50,23.8778
2698.00,23.9018
2698.50,23.8997
2699.00,23.8693
2699.50,23.8252
2700.00,23.7884
2700.50,23.7727
2701.00,23.7796
2701.50,23.8011
2702.00,23.8249
2702.50,23.8412
2703.00,23.8475
2703.50,23.8460
2704.00,23.8369
2704.50,23.8160
2705.00,23.7806
2705.50,23.7366
2706.00,23.6985
2706.50,23.6802
2707.00,23.6833
2707.50,23.6921
2708.00,23.6842
2708.50,23.6496
2709.00,23.6018
2709.50,23.5694
2710.00,23.5722
2710.50,23.6049
2711.00,23.6433
2711.50,23.6651
2712.00,23.6687
2712.50,23.6723
2713.00,23.6961
2713.50,23.7446
2714.00,23.8041
2714.50,23.8549
2715.00,23.8852
2715.50,23.8962
2716.00,23.8980
2716.50,23.9006
2717.00,23.9071
2717.50,23.9131
2718.00,23.9146
2718.50,23.9134
2719.00,23.9140
2719.50,23.9134
2720.00,23.9008
2720.50,23.8664
2721.00,23.8119
2721.50,23.7496
2722.00,23.6967
2722.50,23.6701
2723.00,23.6807
2723.50,23.7257
2724.00,23.7869
2724.50,23.8417
2725.00,23.8786
2725.50,23.9006
2726.00,23.9178
2726.50,23.9335
2727.00,23.9430
2727.50,23.9390
2728.00,23.9195
2728.50,23.8894
2729.00,23.8554
2729.50,23.8233
2730.00,23.7976
2730.50,23.7821
2731.00,23.7772
2731.50,23.7770
2732.00,23.7716
2732.50,23.7539
2733.00,23.7258
2733.50,23.6972
2734.00,23.6824
2734.50,23.6933
2735.00,23.7312
2735.50,23.7818
2736.00,23.8207
2736.50,23.8315
2737.00,23.8183
2737.50,23.8002
2738.00,23.7936
2738.50,23.8011
2739.00,23.8136
2739.50,23.8212
2740.00,23.8194
2740.50,23.8103
2741.00,23.7966
2741.50,23.7761
2742.00,23.7429
2742.50,23.6953
2743.00,23.6403
2743.50,23.5883
2744.00,23.5430
2744.50,23.4990
2745.00,23.4493
2745.50,23.3943
2746.00,23.3444
2746.50,23.3137
2747.00,23.3110
2747.50,23.3336
2748.00,23.3686
2748.50,23.3997
2749.00,23.4161
2749.50,23.4191
2750.00,23.4233
2750.50,23.4455
2751.00,23.4899
2751.50,23.5423
2752.00,23.5785
2752.50,23.5812
2753.00,23.5474
2753.50,23.4866
2754.00,23.4148
2754.50,23.3499
2755.00,23.3031
2755.50,23.2725
2756.00,23.2433
2756.50,23.2007
2757.00,23.1432
2757.50,23.0863
2758.00,23.0533
2758.50,23.0589
2759.00,23.1013
2759.50,23.1646
2760.00,23.2281
2760.50,23.2765
2761.00,23.3064
2761.50,23.3269
2762.00,23.3537
2762.50,23.3968
2763.00,23.4540
2763.50,23.5135
2764.00,23.5639
2764.50,23.5998
2765.00,23.6188
2765.50,23.6147
2766.00,23.5768
2766.50,23.4984
2767.00,23.3900
2767.50,23.2833
2768.00,23.2184
2768.50,23.2187
2769.00,23.2730
2769.50,23.3427
2770.00,23.3908
2770.50,23.4085
2771.00,23.4153
2771.50,23.4372
2772.00,23.4809
2772.50,23.5310
2773.00,23.5662
2773.50,23.5786
2774.00,23.5807
2774.50,23.5952
2775.00,23.6344
2775.50,23.6869
2776.00,23.7225
2776.50,23.7158
2777.00,23.6676
2777.50,23.6076
2778.00,23.5748
2778.50,23.5930
2779.00,23.6573
2779.50,23.7404
2780.00,23.8108
2780.50,23.8497
2781.00,23.8563
2781.50,23.8428
2782.00,23.8212
2782.50,23.7933
2783.00,23.7487
2783.50,23.6782
2784.00,23.5905
2784.50,23.5170
2785.00,23.4961
2785.50,23.5434
2786.00,23.6345
2786.50,23.7181
2787.00,23.7536
2787.50,23.7419
2788.00,23.7191
2788.50,23.7217
2789.00,23.7580
2789.50,23.8086
2790.00,23.8471
2790.50,23.8569
2791.00,23.8368
2791.50,23.7967
2792.00,23.7476
2792.50,23.6895
2793.00,23.6101
2793.50,23.5033
2794.00,23.3895
2794.50,23.3118
2795.00,23.3057
2795.50,23.3675
2796.00,23.4572
2796.50,23.5278
2797.00,23.5538
2797.50,23.5341
2798.00,23.4783
2798.50,23.3959
2799.00,23.2984
2799.50,23.2059
2800.00,23.1456
2800.50,23.1401
2801.00,23.1959
2801.50,23.2988
2802.00,23.4212
2802.50,23.5335
2803.00,23.6138
2803.50,23.6542
2804.00,23.6601
2804.50,23.6435
2805.00,23.6130
2805.50,23.5709
2806.00,23.5189
2806.50,23.4666
2807.00,23.4323
2807.50,23.4336
2808.00,23.4747
2808.50,23.5426
2809.00,23.6137
2809.50,23.6649
2810.00,23.6814
2810.50,23.6616
2811.00,23.6185
2811.50,23.5743
2812.00,23.5481
2812.50,23.5434
2813.00,23.5487
2813.50,23.5514
2814.00,23.5497
2814.50,23.5531
2815.00,23.5726
2815.50,23.6119
2816.00,23.6671
2816.50,23.7290
2817.00,23.7865
2817.50,23.8291
2818.00,23.8491
2818.50,23.8435
2819.00,23.8154
2819.50,23.7755
2820.00,23.7377
2820.50,23.7106
2821.00,23.6919
2821.50,23.6728
2822.00,23.6501
2822.50,23.6324
2823.00,23.6326
2823.50,23.6551
2824.00,23.6894
2824.50,23.7165
2825.00,23.7215
2825.50,23.7026
2826.00,23.6709
2826.50,23.6442
2827.00,23.6374
2827.50,23.6519
2828.00,23.6743
2828.50,23.6842
2829.00,23.6696
2829.50,23.6356
2830.00,23.6000
2830.50,23.5797
2831.00,23.5781
2831.50,23.5860
2832.00,23.5907
2832.50,23.5864
2833.00,23.5741
2833.50,23.5574
2834.00,23.5397
2834.50,23.5271
2835.00,23.5266
2835.50,23.5394
2836.00,23.5542
2836.50,23.5520
2837.00,23.5204
2837.50,23.4684
2838.00,23.4278
2838.50,23.4350
2839.00,23.5043
2839.50,23.6133
2840.00,23.7161
2840.50,23.7717
2841.00,23.7661
2841.50,23.7141
2842.00,23.6484
2842.50,23.6058
2843.00,23.6117
2843.50,23.6660
2844.00,23.7401
2844.50,23.7922
2845.00,23.7933
2845.50,23.7437
2846.00,23.6668
2846.50,23.5890
2847.00,23.5225
2847.50,23.4667
2848.00,23.4202
2848.50,23.3885
2849.00,23.3783
2849.50,23.3866
2850.00,23.3992
2850.50,23.4013
2851.00,23.3895
2851.50,23.3737
2852.00,23.3670
2852.50,23.3735
2853.00,23.3856
2853.50,23.3925
2854.00,23.3884
2854.50,23.3729
2855.00,23.3469
2855.50,23.3130
2856.00,23.2786
2856.50,23.2532
2857.00,23.2403
2857.50,23.2341
2858.00,23.2264
2858.50,23.2136
2859.00,23.1947
2859.50,23.1654
2860.00,23.1180
2860.50,23.0500
2861.00,22.9707
2861.50,22.9000
2862.00,22.8581
2862.50,22.8534
2863.00,22.8806
2863.50,22.9257
2864.00,22.9745
2864.50,23.0173
2865.00,23.0485
2865.50,23.0667
2866.00,23.0729
2866.50,23.0680
2867.00,23.0510
2867.50,23.0202
2868.00,22.9771
2868.50,22.9288
2869.00,22.8838
2869.50,22.8479
2870.00,22.8241
2870.50,22.8180
2871.00,22.8370
2871.50,22.8802
2872.00,22.9282
2872.50,22.9508
2873.00,22.9288
2873.50,22.8706
2874.00,22.8045
2874.50,22.7573
2875.00,22.7386
2875.50,22.7433
2876.00,22.7613
2876.50,22.7844
2877.00,22.8073
2877.50,22.8259
2878.00,22.8385
2878.50,22.8482
2879.00,22.8627
2879.50,22.8887
2880.00,22.9268
2880.50,22.9714
2881.00,23.0161
2881.50,23.0559
2882.00,23.0832
2882.50,23.0860
2883.00,23.0530
2883.50,22.9843
2884.00,22.8957
2884.50,22.8136
2885.00,22.7636
2885.50,22.7599
2886.00,22.7968
2886.50,22.8511
2887.00,22.8967
2887.50,22.9189
2888.00,22.9184
2888.50,22.9011
2889.00,22.8688
2889.50,22.8215
2890.00,22.7656
2890.50,22.7179
2891.00,22.6959
2891.50,22.7044
2892.00,22.7302
2892.50,22.7513
2893.00,22.7499
2893.50,22.7206
2894.00,22.6704
2894.50,22.6154
2895.00,22.5755
2895.50,22.5654
2896.00,22.5875
2896.50,22.6302
2897.00,22.6741
2897.50,22.6996
2898.00,22.6926
2898.50,22.6513
2899.00,22.5892
2899.50,22.5287
2900.00,22.4856
2900.50,22.4588
2901.00,22.4389
2901.50,22.4247
2902.00,22.4252
2902.50,22.4431
2903.00,22.4621
2903.50,22.4573
2904.00,22.4192
2904.50,22.3658
