0.00,0.0000
0.50,-0.5639
1.00,-0.8696
1.50,-0.7677
2.00,-0.3022
2.50,0.3221
3.00,0.8810
3.50,1.2533
4.00,1.4412
4.50,1.5130
5.00,1.5386
5.50,1.5578
6.00,1.5811
6.50,1.6093
7.00,1.6505
7.50,1.7164
8.00,1.8059
8.50,1.8992
9.00,1.9726
9.50,2.0134
10.00,2.0202
10.50,1.9944
11.00,1.9391
11.50,1.8632
12.00,1.7804
12.50,1.7022
13.00,1.6372
13.50,1.5946
14.00,1.5836
14.50,1.6060
15.00,1.6508
15.50,1.7004
16.00,1.7418
16.50,1.7716
17.00,1.7936
17.50,1.8144
18.00,1.8398
18.50,1.8726
19.00,1.9123
19.50,1.9580
20.00,2.0109
20.50,2.0713
21.00,2.1304
21.50,2.1721
22.00,2.1842
22.50,2.1720
23.00,2.1547
23.50,2.1487
24.00,2.1532
24.50,2.1522
25.00,2.1295
25.50,2.0815
26.00,2.0195
26.50,1.9624
27.00,1.9255
27.50,1.9141
28.00,1.9256
28.50,1.9589
29.00,2.0197
29.50,2.1134
30.00,2.2330
30.50,2.3526
31.00,2.4361
31.50,2.4555
32.00,2.4068
32.50,2.3130
33.00,2.2117
33.50,2.1365
34.00,2.1038
34.50,2.1102
35.00,2.1396
35.50,2.1718
36.00,2.1922
36.50,2.2002
37.00,2.2101
37.50,2.2387
38.00,2.2873
38.50,2.3378
39.00,2.3676
39.50,2.3704
40.00,2.3609
40.50,2.3628
41.00,2.3895
41.50,2.4337
42.00,2.4697
42.50,2.4681
43.00,2.4152
43.50,2.3242
44.00,2.2292
44.50,2.1663
45.00,2.1538
45.50,2.1833
46.00,2.2270
46.50,2.2540
47.00,2.2470
47.50,2.2099
48.00,2.1659
48.50,2.1440
49.00,2.1627
49.50,2.2189
50.00,2.2920
50.50,2.3599
51.00,2.4120
51.50,2.4497
52.00,2.4788
52.50,2.5004
53.00,2.5092
53.50,2.4978
54.00,2.4647
54.50,2.4173
55.00,2.3687
55.50,2.3298
56.00,2.3054
56.50,2.2966
57.00,2.3058
57.50,2.3351
58.00,2.3791
58.50,2.4210
59.00,2.4404
59.50,2.4290
60.00,2.3988
60.50,2.3777
61.00,2.3912
61.50,2.4445
62.00,2.5140
62.50,2.5595
63.00,2.5522
63.50,2.4966
64.00,2.4279
64.50,2.3878
65.00,2.3981
65.50,2.4499
66.00,2.5140
66.50,2.5626
67.00,2.5841
67.50,2.5821
68.00,2.5647
68.50,2.5350
69.00,2.4963
69.50,2.4608
70.00,2.4494
70.50,2.4764
71.00,2.5340
71.50,2.5945
72.00,2.6330
72.50,2.6463
73.00,2.6514
73.50,2.6647
74.00,2.6852
74.50,2.6995
75.00,2.6980
75.50,2.6851
76.00,2.6717
76.50,2.6639
77.00,2.6581
77.50,2.6475
78.00,2.6286
78.50,2.6035
79.00,2.5770
79.50,2.5540
80.00,2.5380
80.50,2.5297
81.00,2.5253
81.50,2.5173
82.00,2.5006
82.50,2.4795
83.00,2.4681
83.50,2.4824
84.00,2.5273
84.50,2.5921
85.00,2.6572
85.50,2.7057
86.00,2.7321
86.50,2.7413
87.00,2.7453
87.50,2.7602
88.00,2.7995
88.50,2.8635
89.00,2.9341
89.50,2.9845
90.00,2.9971
90.50,2.9734
91.00,2.9274
91.50,2.8731
92.00,2.8185
92.50,2.7693
93.00,2.7325
93.50,2.7113
94.00,2.6973
94.50,2.6737
95.00,2.6324
95.50,2.5867
96.00,2.5625
96.50,2.5748
97.00,2.6154
97.50,2.6592
98.00,2.6795
98.50,2.6617
99.00,2.6107
99.50,2.5524
100.00,2.5235
100.50,2.5501
101.00,2.6289
101.50,2.7289
102.00,2.8131
102.50,2.8625
103.00,2.8828
103.50,2.8928
104.00,2.9084
104.50,2.9337
105.00,2.9611
105.50,2.9779
106.00,2.9737
106.50,2.9484
107.00,2.9127
107.50,2.8841
108.00,2.8781
108.50,2.9026
109.00,2.9548
109.50,3.0236
110.00,3.0912
110.50,3.1366
111.00,3.1418
111.50,3.1026
112.00,3.0350
112.50,2.9711
113.00,2.9408
113.50,2.9518
114.00,2.9868
114.50,3.0186
115.00,3.0314
115.50,3.0265
116.00,3.0114
116.50,2.9883
117.00,2.9553
117.50,2.9149
118.00,2.8805
118.50,2.8678
119.00,2.8804
119.50,2.9045
120.00,2.9196
120.50,2.9162
121.00,2.9026
121.50,2.8963
122.00,2.9087
122.50,2.9374
123.00,2.9725
123.50,3.0051
124.00,3.0310
124.50,3.0471
125.00,3.0483
125.50,3.0288
126.00,2.9896
126.50,2.9440
127.00,2.9146
127.50,2.9195
128.00,2.9564
128.50,3.0022
129.00,3.0316
129.50,3.0375
130.00,3.0341
130.50,3.0404
131.00,3.0621
131.50,3.0882
132.00,3.1027
132.50,3.0987
133.00,3.0816
133.50,3.0624
134.00,3.0489
134.50,3.0454
135.00,3.0540
135.50,3.0720
136.00,3.0911
136.50,3.1046
137.00,3.1181
137.50,3.1454
138.00,3.1903
138.50,3.2367
139.00,3.2608
139.50,3.2532
140.00,3.2273
140.50,3.2081
141.00,3.2130
141.50,3.2414
142.00,3.2755
142.50,3.2931
143.00,3.2829
143.50,3.2545
144.00,3.2334
144.50,3.2452
145.00,3.2948
145.50,3.3605
146.00,3.4049
146.50,3.3964
147.00,3.3271
147.50,3.2212
148.00,3.1244
148.50,3.0767
149.00,3.0863
149.50,3.1282
150.00,3.1697
150.50,3.1941
151.00,3.2032
151.50,3.1999
152.00,3.1800
152.50,3.1417
153.00,3.0950
153.50,3.0561
154.00,3.0324
154.50,3.0221
155.00,3.0269
155.50,3.0594
156.00,3.1289
156.50,3.2224
157.00,3.3067
157.50,3.3523
158.00,3.3553
158.50,3.3355
159.00,3.3176
159.50,3.3116
160.00,3.3077
160.50,3.2883
161.00,3.2475
161.50,3.2019
162.00,3.1791
162.50,3.1948
163.00,3.2393
163.50,3.2877
164.00,3.3228
164.50,3.3471
165.00,3.3732
165.50,3.4067
166.00,3.4378
166.50,3.4503
167.00,3.4379
167.50,3.4121
168.00,3.3928
168.50,3.3923
169.00,3.4050
169.50,3.4141
170.00,3.4065
170.50,3.3830
171.00,3.3583
171.50,3.3505
172.00,3.3696
172.50,3.4114
173.00,3.4609
173.50,3.5035
174.00,3.5335
174.50,3.5512
175.00,3.5558
175.50,3.5433
176.00,3.5132
176.50,3.4721
177.00,3.4297
177.50,3.3900
178.00,3.3500
178.50,3.3042
179.00,3.2513
179.50,3.1982
180.00,3.1618
180.50,3.1610
181.00,3.1996
181.50,3.2589
182.00,3.3113
182.50,3.3419
183.00,3.3559
183.50,3.3670
184.00,3.3838
184.50,3.4074
185.00,3.4372
185.50,3.4723
186.00,3.5084
186.50,3.5376
187.00,3.5546
187.50,3.5602
188.00,3.5578
188.50,3.5461
189.00,3.5196
189.50,3.4760
190.00,3.4231
190.50,3.3773
191.00,3.3566
191.50,3.3731
192.00,3.4287
192.50,3.5130
193.00,3.6063
193.50,3.6855
194.00,3.7337
194.50,3.7484
195.00,3.7434
195.50,3.7382
196.00,3.7434
196.50,3.7566
197.00,3.7738
197.50,3.7982
198.00,3.8341
198.50,3.8752
199.00,3.9040
199.50,3.9057
200.00,3.8802
200.50,3.8394
201.00,3.7985
201.50,3.7682
202.00,3.7527
202.50,3.7484
203.00,3.7460
203.50,3.7354
204.00,3.7130
204.50,3.6838
205.00,3.6563
205.50,3.6369
206.00,3.6294
206.50,3.6402
207.00,3.6795
207.50,3.7519
208.00,3.8434
208.50,3.9243
209.00,3.9684
209.50,3.9696
210.00,3.9409
210.50,3.8993
211.00,3.8546
211.50,3.8066
212.00,3.7522
212.50,3.6953
213.00,3.6515
213.50,3.6387
214.00,3.6623
214.50,3.7084
215.00,3.7554
215.50,3.7872
216.00,3.7953
216.50,3.7741
217.00,3.7255
217.50,3.6672
218.00,3.6304
218.50,3.6394
219.00,3.6935
219.50,3.7688
220.00,3.8395
220.50,3.8945
221.00,3.9388
221.50,3.9809
222.00,4.0223
222.50,4.0537
223.00,4.0583
223.50,4.0229
224.00,3.9520
224.50,3.8730
225.00,3.8215
225.50,3.8162
226.00,3.8478
226.50,3.8939
227.00,3.9410
227.50,3.9908
228.00,4.0499
228.50,4.1177
229.00,4.1852
229.50,4.2375
230.00,4.2604
230.50,4.2483
231.00,4.2101
231.50,4.1627
232.00,4.1196
232.50,4.0866
233.00,4.0682
233.50,4.0710
234.00,4.0935
234.50,4.1181
235.00,4.1225
235.50,4.1019
236.00,4.0774
236.50,4.0760
237.00,4.1059
237.50,4.1497
238.00,4.1831
238.50,4.1951
239.00,4.1905
239.50,4.1764
240.00,4.1495
240.50,4.0991
241.00,4.0240
241.50,3.9473
242.00,3.9083
242.50,3.9331
243.00,4.0115
243.50,4.1034
244.00,4.1685
244.50,4.1900
245.00,4.1736
245.50,4.1350
246.00,4.0896
246.50,4.0495
247.00,4.0201
247.50,4.0006
248.00,3.9879
248.50,3.9850
249.00,3.9993
249.50,4.0315
250.00,4.0667
250.50,4.0824
251.00,4.0688
251.50,4.0389
252.00,4.0173
252.50,4.0190
253.00,4.0415
253.50,4.0729
254.00,4.1036
254.50,4.1302
255.00,4.1521
255.50,4.1673
256.00,4.1700
256.50,4.1543
257.00,4.1186
257.50,4.0690
258.00,4.0163
258.50,3.9701
259.00,3.9350
259.50,3.9122
260.00,3.9030
260.50,3.9085
261.00,3.9277
261.50,3.9568
262.00,3.9890
262.50,4.0131
263.00,4.0129
263.50,3.9753
264.00,3.9005
264.50,3.8071
265.00,3.7236
265.50,3.6739
266.00,3.6641
266.50,3.6803
267.00,3.6983
267.50,3.7005
268.00,3.6877
268.50,3.6758
269.00,3.6795
269.50,3.7004
270.00,3.7304
270.50,3.7641
271.00,3.8045
271.50,3.8550
272.00,3.9103
272.50,3.9583
273.00,3.9915
273.50,4.0119
274.00,4.0219
274.50,4.0153
275.00,3.9827
275.50,3.9279
276.00,3.8717
276.50,3.8378
277.00,3.8352
277.50,3.8571
278.00,3.8942
278.50,3.9429
279.00,4.0021
279.50,4.0653
280.00,4.1196
280.50,4.1511
281.00,4.1505
281.50,4.1198
282.00,4.0743
282.50,4.0342
283.00,4.0122
283.50,4.0053
284.00,3.9999
284.50,3.9847
285.00,3.9605
285.50,3.9425
286.00,3.9513
286.50,3.9968
287.00,4.0678
287.50,4.1364
288.00,4.1765
288.50,4.1797
289.00,4.1570
289.50,4.1269
290.00,4.1013
290.50,4.0806
291.00,4.0609
291.50,4.0418
292.00,4.0289
292.50,4.0259
293.00,4.0289
293.50,4.0294
294.00,4.0237
294.50,4.0157
295.00,4.0091
295.50,4.0012
296.00,3.9893
296.50,3.9773
297.00,3.9711
297.50,3.9700
298.00,3.9659
298.50,3.9550
299.00,3.9433
299.50,3.9415
300.00,3.9545
300.50,3.9794
301.00,4.0102
301.50,4.0420
302.00,4.0687
302.50,4.0822
303.00,4.0766
303.50,4.0554
304.00,4.0324
304.50,4.0209
305.00,4.0239
305.50,4.0367
306.00,4.0557
306.50,4.0817
307.00,4.1129
307.50,4.1416
308.00,4.1567
308.50,4.1493
309.00,4.1157
309.50,4.0589
310.00,3.9905
310.50,3.9295
311.00,3.8958
311.50,3.8993
312.00,3.9320
312.50,3.9714
313.00,3.9948
313.50,3.9934
314.00,3.9756
314.50,3.9551
315.00,3.9380
315.50,3.9220
316.00,3.9055
316.50,3.8957
317.00,3.9056
317.50,3.9437
318.00,4.0052
318.50,4.0722
319.00,4.1227
319.50,4.1421
320.00,4.1280
320.50,4.0866
321.00,4.0276
321.50,3.9631
322.00,3.9081
322.50,3.8782
323.00,3.8851
323.50,3.9305
324.00,4.0027
324.50,4.0772
325.00,4.1299
325.50,4.1522
326.00,4.1561
326.50,4.1597
327.00,4.1711
327.50,4.1853
328.00,4.1942
328.50,4.1947
329.00,4.1893
329.50,4.1818
330.00,4.1765
330.50,4.1780
331.00,4.1900
331.50,4.2128
332.00,4.2416
332.50,4.2662
333.00,4.2737
333.50,4.2533
334.00,4.2014
334.50,4.1247
335.00,4.0404
335.50,3.9689
336.00,3.9236
336.50,3.9035
337.00,3.8971
337.50,3.8932
338.00,3.8881
338.50,3.8831
339.00,3.8769
339.50,3.8630
340.00,3.8389
340.50,3.8150
341.00,3.8119
341.50,3.8455
342.00,3.9140
342.50,4.0008
343.00,4.0911
343.50,4.1815
344.00,4.2696
344.50,4.3366
345.00,4.3508
345.50,4.2948
346.00,4.1900
346.50,4.0920
347.00,4.0554
347.50,4.1013
348.00,4.2106
348.50,4.3409
349.00,4.4486
349.50,4.5020
350.00,4.4899
350.50,4.4245
351.00,4.3362
351.50,4.2571
352.00,4.2036
352.50,4.1724
353.00,4.1520
353.50,4.1374
354.00,4.1324
354.50,4.1417
355.00,4.1643
355.50,4.1949
356.00,4.2281
356.50,4.2597
357.00,4.2872
357.50,4.3099
358.00,4.3269
358.50,4.3349
359.00,4.3302
359.50,4.3111
360.00,4.2760
360.50,4.2231
361.00,4.1602
361.50,4.1113
362.00,4.1030
362.50,4.1366
363.00,4.1780
363.50,4.1836
364.00,4.1371
364.50,4.0614
365.00,3.9984
365.50,3.9794
366.00,4.0101
366.50,4.0712
367.00,4.1301
367.50,4.1599
368.00,4.1544
368.50,4.1280
369.00,4.1011
369.50,4.0845
370.00,4.0756
370.50,4.0665
371.00,4.0555
371.50,4.0526
372.00,4.0751
372.50,4.1364
373.00,4.2345
373.50,4.3492
374.00,4.4482
374.50,4.5005
375.00,4.4903
375.50,4.4236
376.00,4.3245
376.50,4.2249
377.00,4.1530
377.50,4.1257
378.00,4.1448
378.50,4.1976
379.00,4.2593
379.50,4.3030
380.00,4.3133
380.50,4.2961
381.00,4.2740
381.50,4.2691
382.00,4.2873
382.50,4.3145
383.00,4.3266
383.50,4.3064
384.00,4.2553
384.50,4.1924
385.00,4.1444
385.50,4.1294
386.00,4.1480
386.50,4.1841
387.00,4.2176
387.50,4.2392
388.00,4.2535
388.50,4.2659
389.00,4.2700
389.50,4.2516
390.00,4.2091
390.50,4.1665
391.00,4.1600
391.50,4.2094
392.00,4.3010
392.50,4.3981
393.00,4.4652
393.50,4.4870
394.00,4.4699
394.50,4.4314
395.00,4.3878
395.50,4.3473
396.00,4.3093
396.50,4.2707
397.00,4.2306
397.50,4.1919
398.00,4.1570
398.50,4.1248
399.00,4.0947
399.50,4.0711
400.00,4.0627
400.50,4.0740
401.00,4.1016
401.50,4.1394
402.00,4.1856
402.50,4.2393
403.00,4.2898
403.50,4.3171
404.00,4.3071
404.50,4.2648
405.00,4.2111
405.50,4.1686
406.00,4.1506
406.50,4.1569
407.00,4.1767
407.50,4.1951
408.00,4.2024
408.50,4.2012
409.00,4.2036
409.50,4.2216
410.00,4.2573
410.50,4.3001
411.00,4.3320
411.50,4.3395
412.00,4.3225
412.50,4.2935
413.00,4.2668
413.50,4.2488
414.00,4.2398
414.50,4.2398
415.00,4.2504
415.50,4.2679
416.00,4.2801
416.50,4.2748
417.00,4.2515
417.50,4.2233
418.00,4.2067
418.50,4.2098
419.00,4.2250
419.50,4.2302
420.00,4.2033
420.50,4.1437
421.00,4.0806
421.50,4.0555
422.00,4.0911
422.50,4.1787
423.00,4.2902
423.50,4.3998
424.00,4.4923
424.50,4.5610
425.00,4.6051
425.50,4.6278
426.00,4.6353
426.50,4.6331
427.00,4.6252
427.50,4.6150
428.00,4.6064
428.50,4.6019
429.00,4.5978
429.50,4.5840
430.00,4.5523
430.50,4.5062
431.00,4.4608
431.50,4.4319
432.00,4.4251
432.50,4.4350
433.00,4.4525
433.50,4.4701
434.00,4.4837
434.50,4.4895
435.00,4.4839
435.50,4.4627
436.00,4.4239
436.50,4.3744
437.00,4.3339
437.50,4.3262
438.00,4.3615
438.50,4.4270
439.00,4.4968
439.50,4.5526
440.00,4.5912
440.50,4.6174
441.00,4.6307
441.50,4.6262
442.00,4.6067
442.50,4.5876
443.00,4.5848
443.50,4.5948
444.00,4.5940
444.50,4.5617
445.00,4.4996
445.50,4.4308
446.00,4.3802
446.50,4.3583
447.00,4.3572
447.50,4.3596
448.00,4.3534
448.50,4.3413
449.00,4.3364
449.50,4.3480
450.00,4.3712
450.50,4.3918
451.00,4.3996
451.50,4.3963
452.00,4.3903
452.50,4.3853
453.00,4.3776
453.50,4.3652
454.00,4.3539
454.50,4.3548
455.00,4.3758
455.50,4.4154
456.00,4.4596
456.50,4.4848
457.00,4.4706
457.50,4.4159
458.00,4.3418
458.50,4.2768
459.00,4.2395
459.50,4.2357
460.00,4.2654
460.50,4.3236
461.00,4.3971
461.50,4.4658
462.00,4.5133
462.50,4.5356
463.00,4.5399
463.50,4.5348
464.00,4.5239
464.50,4.5067
465.00,4.4848
465.50,4.4646
466.00,4.4563
466.50,4.4702
467.00,4.5125
467.50,4.5803
468.00,4.6569
468.50,4.7167
469.00,4.7402
469.50,4.7283
470.00,4.6998
470.50,4.6756
471.00,4.6657
471.50,4.6703
472.00,4.6878
472.50,4.7139
473.00,4.7333
473.50,4.7224
474.00,4.6680
474.50,4.5839
475.00,4.5051
475.50,4.4607
476.00,4.4562
476.50,4.4761
477.00,4.5001
477.50,4.5131
478.00,4.5082
478.50,4.4888
479.00,4.4697
479.50,4.4699
480.00,4.4984
480.50,4.5459
481.00,4.5890
481.50,4.6036
482.00,4.5774
482.50,4.5171
483.00,4.4460
483.50,4.3935
484.00,4.3781
484.50,4.3990
485.00,4.4395
485.50,4.4814
486.00,4.5136
486.50,4.5349
487.00,4.5480
487.50,4.5562
488.00,4.5636
488.50,4.5771
489.00,4.6024
489.50,4.6367
490.00,4.6640
490.50,4.6643
491.00,4.6284
491.50,4.5681
492.00,4.5119
492.50,4.4899
493.00,4.5189
493.50,4.5957
494.00,4.6988
494.50,4.7955
495.00,4.8533
495.50,4.8531
496.00,4.7995
496.50,4.7202
497.00,4.6549
497.50,4.6374
498.00,4.6795
498.50,4.7622
499.00,4.8413
499.50,4.8698
500.00,4.8253
500.50,4.7238
501.00,4.6084
501.50,4.5244
502.00,4.4976
502.50,4.5288
503.00,4.5992
503.50,4.6828
504.00,4.7544
504.50,4.7933
505.00,4.7881
505.50,4.7438
506.00,4.6820
506.50,4.6301
507.00,4.6057
507.50,4.6069
508.00,4.6182
508.50,4.6238
509.00,4.6180
509.50,4.6078
510.00,4.6055
510.50,4.6176
511.00,4.6356
511.50,4.6358
512.00,4.5928
512.50,4.4984
513.00,4.3761
513.50,4.2777
514.00,4.2581
514.50,4.3405
515.00,4.4957
515.50,4.6553
516.00,4.7553
516.50,4.7750
517.00,4.7380
517.50,4.6831
518.00,4.6336
518.50,4.5944
519.00,4.5666
519.50,4.5575
520.00,4.5741
520.50,4.6126
521.00,4.6568
521.50,4.6849
522.00,4.6783
522.50,4.6319
523.00,4.5616
523.50,4.4987
524.00,4.4704
524.50,4.4809
525.00,4.5125
525.50,4.5448
526.00,4.5720
526.50,4.6022
527.00,4.6431
527.50,4.6914
528.00,4.7380
528.50,4.7798
529.00,4.8229
529.50,4.8732
530.00,4.9239
530.50,4.9556
531.00,4.9501
531.50,4.9040
532.00,4.8296
532.50,4.7488
533.00,4.6864
533.50,4.6635
534.00,4.6856
534.50,4.7363
535.00,4.7856
535.50,4.8083
536.00,4.7963
536.50,4.7578
537.00,4.7097
537.50,4.6697
538.00,4.6515
538.50,4.6610
539.00,4.6945
539.50,4.7413
540.00,4.7905
540.50,4.8372
541.00,4.8818
541.50,4.9235
542.00,4.9543
542.50,4.9590
543.00,4.9246
543.50,4.8529
544.00,4.7688
544.50,4.7136
545.00,4.7204
545.50,4.7897
546.00,4.8851
546.50,4.9568
547.00,4.9721
547.50,4.9323
548.00,4.8655
548.50,4.8065
549.00,4.7774
549.50,4.7811
550.00,4.8080
550.50,4.8483
551.00,4.8970
551.50,4.9488
552.00,4.9928
552.50,5.0160
553.00,5.0132
553.50,4.9912
554.00,4.9663
554.50,4.9582
555.00,4.9825
555.50,5.0462
556.00,5.1439
556.50,5.2594
557.00,5.3697
557.50,5.4506
558.00,5.4845
558.50,5.4667
559.00,5.4068
559.50,5.3251
560.00,5.2468
560.50,5.1976
561.00,5.1963
561.50,5.2443
562.00,5.3218
562.50,5.3974
563.00,5.4436
563.50,5.4503
564.00,5.4272
564.50,5.3980
565.00,5.3856
565.50,5.3978
566.00,5.4238
566.50,5.4476
567.00,5.4658
567.50,5.4891
568.00,5.5281
568.50,5.5801
569.00,5.6303
569.50,5.6645
570.00,5.6741
570.50,5.6523
571.00,5.5926
571.50,5.4966
572.00,5.3809
572.50,5.2733
573.00,5.1987
573.50,5.1706
574.00,5.1917
574.50,5.2584
575.00,5.3613
575.50,5.4828
576.00,5.5972
576.50,5.6778
577.00,5.7090
577.50,5.6948
578.00,5.6562
578.50,5.6174
579.00,5.5920
579.50,5.5815
580.00,5.5844
580.50,5.6034
581.00,5.6414
581.50,5.6929
582.00,5.7474
582.50,5.7978
583.00,5.8427
583.50,5.8788
584.00,5.8977
584.50,5.8911
585.00,5.8575
585.50,5.8020
586.00,5.7321
586.50,5.6556
587.00,5.5812
587.50,5.5195
588.00,5.4838
588.50,5.4865
589.00,5.5310
589.50,5.6066
590.00,5.6912
590.50,5.7617
591.00,5.8035
591.50,5.8149
592.00,5.8083
592.50,5.8057
593.00,5.8258
593.50,5.8689
594.00,5.9138
594.50,5.9346
595.00,5.9217
595.50,5.8872
596.00,5.8510
596.50,5.8256
597.00,5.8144
597.50,5.8166
598.00,5.8304
598.50,5.8533
599.00,5.8836
599.50,5.9196
600.00,5.9558
600.50,5.9792
601.00,5.9765
601.50,5.9455
602.00,5.9007
602.50,5.8655
603.00,5.8581
603.50,5.8833
604.00,5.9330
604.50,5.9929
605.00,6.0482
605.50,6.0867
606.00,6.1033
606.50,6.1018
607.00,6.0926
607.50,6.0865
608.00,6.0912
608.50,6.1121
609.00,6.1531
609.50,6.2134
610.00,6.2819
610.50,6.3388
611.00,6.3656
611.50,6.3543
612.00,6.3094
612.50,6.2441
613.00,6.1748
613.50,6.1168
614.00,6.0793
614.50,6.0633
615.00,6.0646
615.50,6.0794
616.00,6.1032
616.50,6.1283
617.00,6.1423
617.50,6.1351
618.00,6.1085
618.50,6.0777
619.00,6.0597
619.50,6.0578
620.00,6.0601
620.50,6.0528
621.00,6.0333
621.50,6.0097
622.00,5.9882
622.50,5.9637
623.00,5.9255
623.50,5.8725
624.00,5.8211
624.50,5.7954
625.00,5.8097
625.50,5.8608
626.00,5.9333
626.50,6.0085
627.00,6.0682
627.50,6.0989
628.00,6.1003
628.50,6.0873
629.00,6.0798
629.50,6.0864
630.00,6.0994
630.50,6.1072
631.00,6.1097
631.50,6.1183
632.00,6.1418
632.50,6.1738
633.00,6.1971
633.50,6.1957
634.00,6.1629
634.50,6.1008
635.00,6.0169
635.50,5.9211
636.00,5.8238
636.50,5.7320
637.00,5.6456
637.50,5.5597
638.00,5.4720
638.50,5.3902
639.00,5.3321
639.50,5.3165
640.00,5.3518
640.50,5.4281
641.00,5.5202
641.50,5.6004
642.00,5.6538
642.50,5.6861
643.00,5.7177
643.50,5.7695
644.00,5.8469
644.50,5.9330
645.00,5.9989
645.50,6.0235
646.00,6.0107
646.50,5.9887
647.00,5.9934
647.50,6.0468
648.00,6.1427
648.50,6.2499
649.00,6.3302
649.50,6.3636
650.00,6.3578
650.50,6.3353
651.00,6.3114
651.50,6.2864
652.00,6.2555
652.50,6.2218
653.00,6.1957
653.50,6.1851
654.00,6.1871
654.50,6.1895
655.00,6.1791
655.50,6.1496
656.00,6.1046
656.50,6.0551
657.00,6.0151
657.50,5.9951
658.00,5.9992
658.50,6.0250
659.00,6.0661
659.50,6.1107
660.00,6.1427
660.50,6.1482
661.00,6.1274
661.50,6.0999
662.00,6.0925
662.50,6.1179
663.00,6.1607
663.50,6.1863
664.00,6.1672
664.50,6.1051
665.00,6.0291
665.50,5.9740
666.00,5.9585
666.50,5.9774
667.00,6.0108
667.50,6.0370
668.00,6.0434
668.50,6.0325
669.00,6.0199
669.50,6.0243
670.00,6.0540
670.50,6.1006
671.00,6.1424
671.50,6.1580
672.00,6.1412
672.50,6.1025
673.00,6.0578
673.50,6.0183
674.00,5.9891
674.50,5.9734
675.00,5.9722
675.50,5.9787
676.00,5.9800
676.50,5.9670
677.00,5.9467
677.50,5.9394
678.00,5.9600
678.50,6.0031
679.00,6.0478
679.50,6.0780
680.00,6.0947
680.50,6.1109
681.00,6.1367
681.50,6.1720
682.00,6.2053
682.50,6.2177
683.00,6.1918
683.50,6.1230
684.00,6.0261
684.50,5.9286
685.00,5.8562
685.50,5.8212
686.00,5.8212
686.50,5.8480
687.00,5.8964
687.50,5.9651
688.00,6.0468
688.50,6.1219
689.00,6.1692
689.50,6.1838
690.00,6.1816
690.50,6.1809
691.00,6.1828
691.50,6.1732
692.00,6.1406
692.50,6.0891
693.00,6.0336
693.50,5.9888
694.00,5.9613
694.50,5.9493
695.00,5.9455
695.50,5.9422
696.00,5.9369
696.50,5.9374
697.00,5.9611
697.50,6.0254
698.00,6.1313
698.50,6.2545
699.00,6.3530
699.50,6.3918
700.00,6.3630
700.50,6.2886
701.00,6.2052
701.50,6.1429
702.00,6.1128
702.50,6.1079
703.00,6.1119
703.50,6.1103
704.00,6.0945
704.50,6.0609
705.00,6.0113
705.50,5.9541
706.00,5.9024
706.50,5.8697
707.00,5.8666
707.50,5.8996
708.00,5.9676
708.50,6.0567
709.00,6.1410
709.50,6.1932
710.00,6.1991
710.50,6.1644
711.00,6.1091
711.50,6.0559
712.00,6.0222
712.50,6.0148
713.00,6.0281
713.50,6.0476
714.00,6.0616
714.50,6.0695
715.00,6.0801
715.50,6.1015
716.00,6.1359
716.50,6.1837
717.00,6.2467
717.50,6.3224
718.00,6.3994
718.50,6.4599
719.00,6.4869
719.50,6.4693
720.00,6.4065
720.50,6.3133
721.00,6.2185
721.50,6.1513
722.00,6.1249
722.50,6.1293
723.00,6.1392
723.50,6.1337
724.00,6.1141
724.50,6.1022
725.00,6.1209
725.50,6.1735
726.00,6.2456
726.50,6.3212
727.00,6.3920
727.50,6.4522
728.00,6.4912
728.50,6.4990
729.00,6.4765
729.50,6.4380
730.00,6.4031
730.50,6.3859
731.00,6.3892
731.50,6.4061
732.00,6.4248
732.50,6.4334
733.00,6.4232
733.50,6.3912
734.00,6.3408
734.50,6.2811
735.00,6.2244
735.50,6.1832
736.00,6.1667
736.50,6.1788
737.00,6.2164
737.50,6.2697
738.00,6.3266
738.50,6.3787
739.00,6.4246
739.50,6.4677
740.00,6.5124
740.50,6.5610
741.00,6.6125
741.50,6.6637
742.00,6.7121
742.50,6.7575
743.00,6.8027
743.50,6.8508
744.00,6.9015
744.50,6.9450
745.00,6.9619
745.50,6.9323
746.00,6.8521
746.50,6.7408
747.00,6.6331
747.50,6.5591
748.00,6.5307
748.50,6.5423
749.00,6.5802
749.50,6.6309
750.00,6.6844
750.50,6.7347
751.00,6.7818
751.50,6.8330
752.00,6.8972
752.50,6.9718
753.00,7.0377
753.50,7.0715
754.00,7.0682
754.50,7.0475
755.00,7.0347
755.50,7.0345
756.00,7.0251
756.50,6.9802
757.00,6.8960
757.50,6.7955
758.00,6.7105
758.50,6.6580
759.00,6.6333
759.50,6.6201
760.00,6.6116
760.50,6.6212
761.00,6.6729
761.50,6.7749
762.00,6.9012
762.50,7.0005
763.00,7.0287
763.50,6.9787
764.00,6.8855
764.50,6.8029
765.00,6.7696
765.50,6.7899
766.00,6.8380
766.50,6.8802
767.00,6.8964
767.50,6.8881
768.00,6.8745
768.50,6.8806
769.00,6.9219
769.50,6.9908
770.00,7.0575
770.50,7.0877
771.00,7.0703
771.50,7.0292
772.00,7.0075
772.50,7.0341
773.00,7.1007
773.50,7.1692
774.00,7.2019
774.50,7.1863
775.00,7.1375
775.50,7.0843
776.00,7.0541
776.50,7.0642
777.00,7.1141
777.50,7.1821
778.00,7.2347
778.50,7.2478
779.00,7.2220
779.50,7.1783
780.00,7.1405
780.50,7.1220
781.00,7.1238
781.50,7.1376
782.00,7.1507
782.50,7.1532
783.00,7.1444
783.50,7.1323
784.00,7.1275
784.50,7.1358
785.00,7.1574
785.50,7.1898
786.00,7.2284
786.50,7.2657
787.00,7.2910
787.50,7.2958
788.00,7.2807
788.50,7.2590
789.00,7.2487
789.50,7.2599
790.00,7.2848
790.50,7.3004
791.00,7.2844
791.50,7.2321
792.00,7.1634
792.50,7.1122
793.00,7.1024
793.50,7.1302
794.00,7.1685
794.50,7.1931
795.00,7.2039
795.50,7.2221
796.00,7.2690
796.50,7.3475
797.00,7.4401
797.50,7.5188
798.00,7.5582
798.50,7.5445
799.00,7.4804
799.50,7.3856
800.00,7.2918
800.50,7.2306
801.00,7.2177
801.50,7.2446
802.00,7.2852
802.50,7.3132
803.00,7.3161
803.50,7.2977
804.00,7.2681
804.50,7.2383
805.00,7.2219
805.50,7.2372
806.00,7.2942
806.50,7.3805
807.00,7.4648
807.50,7.5173
808.00,7.5256
808.50,7.4968
809.00,7.4486
809.50,7.3998
810.00,7.3626
810.50,7.3398
811.00,7.3266
811.50,7.3151
812.00,7.2968
812.50,7.2645
813.00,7.2177
813.50,7.1699
814.00,7.1478
814.50,7.1748
815.00,7.2491
815.50,7.3389
816.00,7.4026
816.50,7.4202
817.00,7.4031
817.50,7.3781
818.00,7.3634
818.50,7.3617
819.00,7.3683
819.50,7.3811
820.00,7.4033
820.50,7.4401
821.00,7.4922
821.50,7.5509
822.00,7.6010
822.50,7.6311
823.00,7.6426
823.50,7.6465
824.00,7.6513
824.50,7.6540
825.00,7.6429
825.50,7.6070
826.00,7.5430
826.50,7.4585
827.00,7.3721
827.50,7.3062
828.00,7.2728
828.50,7.2638
829.00,7.2603
829.50,7.2526
830.00,7.2484
830.50,7.2597
831.00,7.2848
831.50,7.3073
832.00,7.3144
832.50,7.3095
833.00,7.3065
833.50,7.3191
834.00,7.3555
834.50,7.4165
835.00,7.4924
835.50,7.5651
836.00,7.6204
836.50,7.6590
837.00,7.6908
837.50,7.7202
838.00,7.7392
838.50,7.7349
839.00,7.7011
839.50,7.6409
840.00,7.5656
840.50,7.4946
841.00,7.4519
841.50,7.4543
842.00,7.4963
842.50,7.5493
843.00,7.5807
843.50,7.5762
844.00,7.5466
844.50,7.5148
845.00,7.4973
845.50,7.4951
846.00,7.4968
846.50,7.4909
847.00,7.4779
847.50,7.4716
848.00,7.4867
848.50,7.5227
849.00,7.5596
849.50,7.5733
850.00,7.5562
850.50,7.5237
851.00,7.4990
851.50,7.4904
852.00,7.4853
852.50,7.4650
853.00,7.4260
853.50,7.3875
854.00,7.3763
854.50,7.4056
855.00,7.4636
855.50,7.5228
856.00,7.5588
856.50,7.5631
857.00,7.5434
857.50,7.5143
858.00,7.4835
858.50,7.4417
859.00,7.3717
859.50,7.2711
860.00,7.1660
860.50,7.0945
861.00,7.0741
861.50,7.0907
862.00,7.1191
862.50,7.1490
863.00,7.1883
863.50,7.2439
864.00,7.3078
864.50,7.3605
865.00,7.3843
865.50,7.3720
866.00,7.3281
866.50,7.2632
867.00,7.1888
867.50,7.1179
868.00,7.0683
868.50,7.0606
869.00,7.1058
869.50,7.1950
870.00,7.3008
870.50,7.3921
871.00,7.4473
871.50,7.4599
872.00,7.4361
872.50,7.3903
873.00,7.3404
873.50,7.3035
874.00,7.2932
874.50,7.3157
875.00,7.3656
875.50,7.4233
876.00,7.4632
876.50,7.4717
877.00,7.4586
877.50,7.4439
878.00,7.4346
878.50,7.4182
879.00,7.3815
879.50,7.3319
880.00,7.2938
880.50,7.2817
881.00,7.2830
881.50,7.2715
882.00,7.2351
882.50,7.1890
883.00,7.1628
883.50,7.1782
884.00,7.2389
884.50,7.3306
885.00,7.4249
885.50,7.4869
886.00,7.4895
886.50,7.4317
887.00,7.3463
887.50,7.2843
888.00,7.2828
888.50,7.3414
889.00,7.4268
889.50,7.4984
890.00,7.5332
890.50,7.5361
891.00,7.5312
891.50,7.5435
892.00,7.5794
892.50,7.6213
893.00,7.6408
893.50,7.6215
894.00,7.5713
894.50,7.5128
895.00,7.4629
895.50,7.4229
896.00,7.3894
896.50,7.3682
897.00,7.3731
897.50,7.4105
898.00,7.4707
898.50,7.5363
899.00,7.5947
899.50,7.6393
900.00,7.6609
900.50,7.6464
901.00,7.5906
901.50,7.5074
902.00,7.4246
902.50,7.3640
903.00,7.3263
903.50,7.2955
904.00,7.2571
904.50,7.2138
905.00,7.1839
905.50,7.1876
906.00,7.2348
906.50,7.3212
907.00,7.4289
907.50,7.5312
908.00,7.6047
908.50,7.6413
909.00,7.6496
909.50,7.6439
910.00,7.6333
910.50,7.6190
911.00,7.5998
911.50,7.5773
912.00,7.5574
912.50,7.5476
913.00,7.5512
913.50,7.5653
914.00,7.5839
914.50,7.6042
915.00,7.6294
915.50,7.6632
916.00,7.7017
916.50,7.7359
917.00,7.7629
917.50,7.7892
918.00,7.8165
918.50,7.8290
919.00,7.8027
919.50,7.7304
920.00,7.6347
920.50,7.5526
921.00,7.5115
921.50,7.5175
922.00,7.5612
922.50,7.6267
923.00,7.6969
923.50,7.7576
924.00,7.8008
924.50,7.8236
925.00,7.8221
925.50,7.7885
926.00,7.7191
926.50,7.6273
927.00,7.5458
927.50,7.5086
928.00,7.5264
928.50,7.5787
929.00,7.6290
929.50,7.6524
930.00,7.6490
930.50,7.6399
931.00,7.6470
931.50,7.6784
932.00,7.7266
932.50,7.7767
933.00,7.8149
933.50,7.8292
934.00,7.8106
934.50,7.7563
935.00,7.6765
935.50,7.5963
936.00,7.5480
936.50,7.5549
937.00,7.6147
937.50,7.6975
938.00,7.7627
938.50,7.7838
939.00,7.7630
939.50,7.7243
940.00,7.6928
940.50,7.6769
941.00,7.6669
941.50,7.6469
942.00,7.6091
942.50,7.5610
943.00,7.5207
943.50,7.5055
944.00,7.5220
944.50,7.5663
945.00,7.6292
945.50,7.7006
946.00,7.7685
946.50,7.8183
947.00,7.8346
947.50,7.8068
948.00,7.7375
948.50,7.6474
949.00,7.5711
949.50,7.5410
950.00,7.5666
950.50,7.6252
951.00,7.6756
951.50,7.6870
952.00,7.6595
952.50,7.6188
953.00,7.5917
953.50,7.5852
954.00,7.5858
954.50,7.5746
955.00,7.5428
955.50,7.4958
956.00,7.4481
956.50,7.4139
957.00,7.4011
957.50,7.4131
958.00,7.4495
958.50,7.5025
959.00,7.5512
959.50,7.5679
960.00,7.5381
960.50,7.4741
961.00,7.4069
961.50,7.3624
962.00,7.3464
962.50,7.3493
963.00,7.3589
963.50,7.3688
964.00,7.3782
964.50,7.3877
965.00,7.3965
965.50,7.4036
966.00,7.4115
966.50,7.4247
967.00,7.4438
967.50,7.4639
968.00,7.4804
968.50,7.4926
969.00,7.5013
969.50,7.5058
970.00,7.5074
970.50,7.5104
971.00,7.5162
971.50,7.5168
972.00,7.5006
972.50,7.4668
973.00,7.4303
973.50,7.4088
974.00,7.4075
974.50,7.4197
975.00,7.4403
975.50,7.4741
976.00,7.5275
976.50,7.5921
977.00,7.6416
977.50,7.6467
978.00,7.5971
978.50,7.5092
979.00,7.4166
979.50,7.3511
980.00,7.3308
980.50,7.3582
981.00,7.4232
981.50,7.5071
982.00,7.5860
982.50,7.6395
983.00,7.6582
983.50,7.6473
984.00,7.6222
984.50,7.5998
985.00,7.5904
985.50,7.5947
986.00,7.6048
986.50,7.6078
987.00,7.5883
987.50,7.5344
988.00,7.4459
988.50,7.3400
989.00,7.2478
989.50,7.2011
990.00,7.2176
990.50,7.2929
991.00,7.4056
991.50,7.5269
992.00,7.6311
992.50,7.6979
993.00,7.7162
993.50,7.6891
994.00,7.6351
994.50,7.5788
995.00,7.5381
995.50,7.5175
996.00,7.5096
996.50,7.5008
997.00,7.4784
997.50,7.4369
998.00,7.3803
998.50,7.3221
999.00,7.2809
999.50,7.2711
1000.00,7.2910
1000.50,7.3192
1001.00,7.3305
1001.50,7.3178
1002.00,7.2970
1002.50,7.2904
1003.00,7.3073
1003.50,7.3423
1004.00,7.3861
1004.50,7.4341
1005.00,7.4847
1005.50,7.5347
1006.00,7.5794
1006.50,7.6163
1007.00,7.6454
1007.50,7.6650
1008.00,7.6709
1008.50,7.6617
1009.00,7.6447
1009.50,7.6322
1010.00,7.6316
1010.50,7.6409
1011.00,7.6549
1011.50,7.6738
1012.00,7.7010
1012.50,7.7357
1013.00,7.7692
1013.50,7.7898
1014.00,7.7888
1014.50,7.7634
1015.00,7.7213
1015.50,7.6827
1016.00,7.6696
1016.50,7.6890
1017.00,7.7279
1017.50,7.7686
1018.00,7.8074
1018.50,7.8541
1019.00,7.9156
1019.50,7.9835
1020.00,8.0388
1020.50,8.0657
1021.00,8.0619
1021.50,8.0381
1022.00,8.0087
1022.50,7.9814
1023.00,7.9535
1023.50,7.9202
1024.00,7.8833
1024.50,7.8530
1025.00,7.8396
1025.50,7.8463
1026.00,7.8669
1026.50,7.8914
1027.00,7.9132
1027.50,7.9321
1028.00,7.9495
1028.50,7.9636
1029.00,7.9693
1029.50,7.9649
1030.00,7.9535
1030.50,7.9408
1031.00,7.9312
1031.50,7.9270
1032.00,7.9300
1032.50,7.9426
1033.00,7.9649
1033.50,7.9920
1034.00,8.0147
1034.50,8.0262
1035.00,8.0283
1035.50,8.0310
1036.00,8.0468
1036.50,8.0855
1037.00,8.1502
1037.50,8.2343
1038.00,8.3186
1038.50,8.3784
1039.00,8.3962
1039.50,8.3755
1040.00,8.3392
1040.50,8.3138
1041.00,8.3095
1041.50,8.3142
1042.00,8.3071
1042.50,8.2819
1043.00,8.2539
1043.50,8.2417
1044.00,8.2421
1044.50,8.2312
1045.00,8.1890
1045.50,8.1202
1046.00,8.0495
1046.50,8.0026
1047.00,7.9934
1047.50,8.0223
1048.00,8.0773
1048.50,8.1371
1049.00,8.1794
1049.50,8.1925
1050.00,8.1796
1050.50,8.1563
1051.00,8.1470
1051.50,8.1750
1052.00,8.2479
1052.50,8.3444
1053.00,8.4222
1053.50,8.4429
1054.00,8.3945
1054.50,8.2976
1055.00,8.1938
1055.50,8.1248
1056.00,8.1146
1056.50,8.1597
1057.00,8.2362
1057.50,8.3158
1058.00,8.3780
1058.50,8.4113
1059.00,8.4088
1059.50,8.3708
1060.00,8.3130
1060.50,8.2641
1061.00,8.2466
1061.50,8.2566
1062.00,8.2648
1062.50,8.2419
1063.00,8.1841
1063.50,8.1155
1064.00,8.0649
1064.50,8.0428
1065.00,8.0403
1065.50,8.0441
1066.00,8.0440
1066.50,8.0283
1067.00,7.9860
1067.50,7.9225
1068.00,7.8694
1068.50,7.8681
1069.00,7.9379
1069.50,8.0602
1070.00,8.1922
1070.50,8.2954
1071.00,8.3546
1071.50,8.3756
1072.00,8.3719
1072.50,8.3543
1073.00,8.3303
1073.50,8.3031
1074.00,8.2673
1074.50,8.2087
1075.00,8.1131
1075.50,7.9812
1076.00,7.8367
1076.50,7.7228
1077.00,7.6867
1077.50,7.7549
1078.00,7.9142
1078.50,8.1119
1079.00,8.2795
1079.50,8.3646
1080.00,8.3501
1080.50,8.2560
1081.00,8.1264
1081.50,8.0087
1082.00,7.9369
1082.50,7.9240
1083.00,7.9632
1083.50,8.0316
1084.00,8.0952
1084.50,8.1214
1085.00,8.0940
1085.50,8.0209
1086.00,7.9309
1086.50,7.8595
1087.00,7.8326
1087.50,7.8542
1088.00,7.9090
1088.50,7.9756
1089.00,8.0378
1089.50,8.0843
1090.00,8.1048
1090.50,8.0914
1091.00,8.0439
1091.50,7.9716
1092.00,7.8935
1092.50,7.8357
1093.00,7.8241
1093.50,7.8691
1094.00,7.9570
1094.50,8.0574
1095.00,8.1424
1095.50,8.1978
1096.00,8.2209
1096.50,8.2128
1097.00,8.1770
1097.50,8.1229
1098.00,8.0668
1098.50,8.0239
1099.00,7.9998
1099.50,7.9911
1100.00,7.9962
1100.50,8.0235
1101.00,8.0816
1101.50,8.1583
1102.00,8.2157
1102.50,8.2140
1103.00,8.1438
1103.50,8.0339
1104.00,7.9293
1104.50,7.8640
1105.00,7.8473
1105.50,7.8681
1106.00,7.9050
1106.50,7.9385
1107.00,7.9589
1107.50,7.9659
1108.00,7.9628
1108.50,7.9512
1109.00,7.9348
1109.50,7.9279
1110.00,7.9528
1110.50,8.0206
1111.00,8.1133
1111.50,8.1903
1112.00,8.2161
1112.50,8.1834
1113.00,8.1130
1113.50,8.0349
1114.00,7.9713
1114.50,7.9329
1115.00,7.9218
1115.50,7.9354
1116.00,7.9674
1116.50,8.0079
1117.00,8.0441
1117.50,8.0623
1118.00,8.0536
1118.50,8.0192
1119.00,7.9710
1119.50,7.9235
1120.00,7.8850
1120.50,7.8530
1121.00,7.8212
1121.50,7.7899
1122.00,7.7700
1122.50,7.7780
1123.00,7.8240
1123.50,7.9044
1124.00,8.0011
1124.50,8.0866
1125.00,8.1315
1125.50,8.1147
1126.00,8.0384
1126.50,7.9346
1127.00,7.8523
1127.50,7.8270
1128.00,7.8590
1128.50,7.9197
1129.00,7.9762
1129.50,8.0102
1130.00,8.0184
1130.50,8.0022
1131.00,7.9627
1131.50,7.9063
1132.00,7.8540
1132.50,7.8367
1133.00,7.8741
1133.50,7.9562
1134.00,8.0468
1134.50,8.1104
1135.00,8.1349
1135.50,8.1314
1136.00,8.1165
1136.50,8.0957
1137.00,8.0644
1137.50,8.0178
1138.00,7.9583
1138.50,7.8949
1139.00,7.8381
1139.50,7.7968
1140.00,7.7763
1140.50,7.7747
1141.00,7.7784
1141.50,7.7630
1142.00,7.7062
1142.50,7.6089
1143.00,7.5032
1143.50,7.4330
1144.00,7.4214
1144.50,7.4549
1145.00,7.5006
1145.50,7.5375
1146.00,7.5721
1146.50,7.6255
1147.00,7.7057
1147.50,7.7933
1148.00,7.8563
1148.50,7.8786
1149.00,7.8725
1149.50,7.8642
1150.00,7.8716
1150.50,7.8951
1151.00,7.9240
1151.50,7.9437
1152.00,7.9378
1152.50,7.8915
1153.00,7.7992
1153.50,7.6719
1154.00,7.5394
1154.50,7.4404
1155.00,7.4026
1155.50,7.4260
1156.00,7.4848
1156.50,7.5482
1157.00,7.5986
1157.50,7.6368
1158.00,7.6737
1158.50,7.7174
1159.00,7.7615
1159.50,7.7849
1160.00,7.7683
1160.50,7.7139
1161.00,7.6507
1161.50,7.6158
1162.00,7.6287
1162.50,7.6788
1163.00,7.7388
1163.50,7.7896
1164.00,7.8321
1164.50,7.8782
1165.00,7.9341
1165.50,7.9980
1166.00,8.0669
1166.50,8.1377
1167.00,8.1971
1167.50,8.2180
1168.00,8.1784
1168.50,8.0858
1169.00,7.9812
1169.50,7.9131
1170.00,7.9035
1170.50,7.9326
1171.00,7.9547
1171.50,7.9330
1172.00,7.8652
1172.50,7.7833
1173.00,7.7295
1173.50,7.7292
1174.00,7.7792
1174.50,7.8561
1175.00,7.9331
1175.50,7.9926
1176.00,8.0282
1176.50,8.0413
1177.00,8.0369
1177.50,8.0182
1178.00,7.9819
1178.50,7.9199
1179.00,7.8315
1179.50,7.7367
1180.00,7.6709
1180.50,7.6603
1181.00,7.7007
1181.50,7.7622
1182.00,7.8147
1182.50,7.8479
1183.00,7.8704
1183.50,7.8946
1184.00,7.9248
1184.50,7.9548
1185.00,7.9743
1185.50,7.9790
1186.00,7.9763
1186.50,7.9817
1187.00,8.0073
1187.50,8.0498
1188.00,8.0895
1188.50,8.1026
1189.00,8.0787
1189.50,8.0298
1190.00,7.9820
1190.50,7.9546
1191.00,7.9454
1191.50,7.9340
1192.00,7.9012
1192.50,7.8466
1193.00,7.7896
1193.50,7.7527
1194.00,7.7441
1194.50,7.7558
1195.00,7.7762
1195.50,7.8015
1196.00,7.8293
1196.50,7.8483
1197.00,7.8437
1197.50,7.8184
1198.00,7.8014
1198.50,7.8279
1199.00,7.9084
1199.50,8.0196
1200.00,8.1219
1200.50,8.1847
1201.00,8.1987
1201.50,8.1740
1202.00,8.1307
1202.50,8.0863
1203.00,8.0489
1203.50,8.0177
1204.00,7.9888
1204.50,7.9626
1205.00,7.9449
1205.50,7.9421
1206.00,7.9531
1206.50,7.9648
1207.00,7.9586
1207.50,7.9260
1208.00,7.8792
1208.50,7.8447
1209.00,7.8407
1209.50,7.8612
1210.00,7.8836
1210.50,7.8907
1211.00,7.8833
1211.50,7.8775
1212.00,7.8917
1212.50,7.9338
1213.00,7.9935
1213.50,8.0456
1214.00,8.0671
1214.50,8.0529
1215.00,8.0166
1215.50,7.9764
1216.00,7.9428
1216.50,7.9197
1217.00,7.9144
1217.50,7.9403
1218.00,8.0059
1218.50,8.0999
1219.00,8.1889
1219.50,8.2373
1220.00,8.2309
1220.50,8.1834
1221.00,8.1205
1221.50,8.0595
1222.00,8.0038
1222.50,7.9527
1223.00,7.9107
1223.50,7.8880
1224.00,7.8911
1224.50,7.9143
1225.00,7.9406
1225.50,7.9517
1226.00,7.9418
1226.50,7.9227
1227.00,7.9147
1227.50,7.9287
1228.00,7.9563
1228.50,7.9761
1229.00,7.9718
1229.50,7.9432
1230.00,7.9033
1230.50,7.8663
1231.00,7.8379
1231.50,7.8162
1232.00,7.7989
1232.50,7.7876
1233.00,7.7856
1233.50,7.7919
1234.00,7.7994
1234.50,7.7992
1235.00,7.7864
1235.50,7.7648
1236.00,7.7470
1236.50,7.7474
1237.00,7.7717
1237.50,7.8112
1238.00,7.8502
1238.50,7.8774
1239.00,7.8913
1239.50,7.8952
1240.00,7.8964
1240.50,7.9059
1241.00,7.9336
1241.50,7.9776
1242.00,8.0218
1242.50,8.0504
1243.00,8.0633
1243.50,8.0756
1244.00,8.0993
1244.50,8.1289
1245.00,8.1438
1245.50,8.1276
1246.00,8.0814
1246.50,8.0224
1247.00,7.9682
1247.50,7.9252
1248.00,7.8889
1248.50,7.8519
1249.00,7.8104
1249.50,7.7658
1250.00,7.7254
1250.50,7.7014
1251.00,7.7023
1251.50,7.7218
1252.00,7.7400
1252.50,7.7393
1253.00,7.7214
1253.50,7.7071
1254.00,7.7164
1254.50,7.7509
1255.00,7.7963
1255.50,7.8382
1256.00,7.8740
1256.50,7.9074
1257.00,7.9374
1257.50,7.9545
1258.00,7.9501
1258.50,7.9295
1259.00,7.9131
1259.50,7.9212
1260.00,7.9553
1260.50,7.9957
1261.00,8.0208
1261.50,8.0273
1262.00,8.0322
1262.50,8.0532
1263.00,8.0897
1263.50,8.1208
1264.00,8.1218
1264.50,8.0836
1265.00,8.0198
1265.50,7.9574
1266.00,7.9199
1266.50,7.9152
1267.00,7.9346
1267.50,7.9593
1268.00,7.9687
1268.50,7.9474
1269.00,7.8890
1269.50,7.8004
1270.00,7.7031
1270.50,7.6280
1271.00,7.6041
1271.50,7.6434
1272.00,7.7320
1272.50,7.8345
1273.00,7.9137
1273.50,7.9516
1274.00,7.9541
1274.50,7.9346
1275.00,7.8974
1275.50,7.8380
1276.00,7.7546
1276.50,7.6562
1277.00,7.5598
1277.50,7.4863
1278.00,7.4568
1278.50,7.4835
1279.00,7.5587
1279.50,7.6542
1280.00,7.7382
1280.50,7.7971
1281.00,7.8401
1281.50,7.8817
1282.00,7.9234
1282.50,7.9542
1283.00,7.9625
1283.50,7.9453
1284.00,7.9091
1284.50,7.8717
1285.00,7.8559
1285.50,7.8765
1286.00,7.9290
1286.50,7.9936
1287.00,8.0493
1287.50,8.0817
1288.00,8.0818
1288.50,8.0438
1289.00,7.9677
1289.50,7.8635
1290.00,7.7524
1290.50,7.6611
1291.00,7.6137
1291.50,7.6239
1292.00,7.6897
1292.50,7.7884
1293.00,7.8801
1293.50,7.9251
1294.00,7.9064
1294.50,7.8398
1295.00,7.7633
1295.50,7.7130
1296.00,7.7031
1296.50,7.7243
1297.00,7.7587
1297.50,7.7934
1298.00,7.8231
1298.50,7.8451
1299.00,7.8554
1299.50,7.8505
1300.00,7.8323
1300.50,7.8109
1301.00,7.8023
1301.50,7.8189
1302.00,7.8573
1302.50,7.8957
1303.00,7.9085
1303.50,7.8870
1304.00,7.8469
1304.50,7.8163
1305.00,7.8141
1305.50,7.8372
1306.00,7.8635
1306.50,7.8637
1307.00,7.8190
1307.50,7.7353
1308.00,7.6463
1308.50,7.5975
1309.00,7.6210
1309.50,7.7163
1310.00,7.8499
1310.50,7.9707
1311.00,8.0347
1311.50,8.0248
1312.00,7.9568
1312.50,7.8668
1313.00,7.7938
1313.50,7.7646
1314.00,7.7854
1314.50,7.8390
1315.00,7.8933
1315.50,7.9190
1316.00,7.9076
1316.50,7.8724
1317.00,7.8336
1317.50,7.7991
1318.00,7.7607
1318.50,7.7053
1319.00,7.6303
1319.50,7.5474
1320.00,7.4783
1320.50,7.4461
1321.00,7.4668
1321.50,7.5361
1322.00,7.6238
1322.50,7.6849
1323.00,7.6856
1323.50,7.6263
1324.00,7.5433
1324.50,7.4882
1325.00,7.4978
1325.50,7.5740
1326.00,7.6851
1326.50,7.7878
1327.00,7.8560
1327.50,7.8896
1328.00,7.9005
1328.50,7.8943
1329.00,7.8724
1329.50,7.8466
1330.00,7.8404
1330.50,7.8682
1331.00,7.9157
1331.50,7.9444
1332.00,7.9191
1332.50,7.8341
1333.00,7.7186
1333.50,7.6206
1334.00,7.5816
1334.50,7.6156
1335.00,7.7055
1335.50,7.8135
1336.00,7.8993
1336.50,7.9340
1337.00,7.9095
1337.50,7.8422
1338.00,7.7690
1338.50,7.7282
1339.00,7.7360
1339.50,7.7760
1340.00,7.8123
1340.50,7.8147
1341.00,7.7747
1341.50,7.7110
1342.00,7.6610
1342.50,7.6617
1343.00,7.7247
1343.50,7.8255
1344.00,7.9166
1344.50,7.9554
1345.00,7.9273
1345.50,7.8495
1346.00,7.7573
1346.50,7.6817
1347.00,7.6346
1347.50,7.6124
1348.00,7.6078
1348.50,7.6167
1349.00,7.6375
1349.50,7.6656
1350.00,7.6909
1350.50,7.7004
1351.00,7.6892
1351.50,7.6689
1352.00,7.6621
1352.50,7.6819
1353.00,7.7191
1353.50,7.7506
1354.00,7.7598
1354.50,7.7488
1355.00,7.7342
1355.50,7.7335
1356.00,7.7519
1356.50,7.7776
1357.00,7.7902
1357.50,7.7761
1358.00,7.7395
1358.50,7.6998
1359.00,7.6773
1359.50,7.6794
1360.00,7.6957
1360.50,7.7042
1361.00,7.6871
1361.50,7.6450
1362.00,7.6005
1362.50,7.5822
1363.00,7.6026
1363.50,7.6480
1364.00,7.6902
1364.50,7.7100
1365.00,7.7115
1365.50,7.7163
1366.00,7.7427
1366.50,7.7869
1367.00,7.8227
1367.50,7.8228
1368.00,7.7845
1368.50,7.7360
1369.00,7.7140
1369.50,7.7350
1370.00,7.7873
1370.50,7.8455
1371.00,7.8907
1371.50,7.9156
1372.00,7.9186
1372.50,7.8994
1373.00,7.8615
1373.50,7.8162
1374.00,7.7759
1374.50,7.7400
1375.00,7.6913
1375.50,7.6121
1376.00,7.5089
1376.50,7.4187
1377.00,7.3840
1377.50,7.4198
1378.00,7.5012
1378.50,7.5834
1379.00,7.6337
1379.50,7.6481
1380.00,7.6436
1380.50,7.6382
1381.00,7.6387
1381.50,7.6421
1382.00,7.6439
1382.50,7.6445
1383.00,7.6476
1383.50,7.6565
1384.00,7.6725
1384.50,7.6962
1385.00,7.7281
1385.50,7.7666
1386.00,7.8057
1386.50,7.8371
1387.00,7.8536
1387.50,7.8557
1388.00,7.8523
1388.50,7.8553
1389.00,7.8699
1389.50,7.8914
1390.00,7.9108
1390.50,7.9226
1391.00,7.9245
1391.50,7.9142
1392.00,7.8896
1392.50,7.8554
1393.00,7.8277
1393.50,7.8256
1394.00,7.8515
1394.50,7.8853
1395.00,7.9004
1395.50,7.8858
1396.00,7.8515
1396.50,7.8155
1397.00,7.7886
1397.50,7.7722
1398.00,7.7659
1398.50,7.7734
1399.00,7.7974
1399.50,7.8274
1400.00,7.8387
1400.50,7.8110
1401.00,7.7514
1401.50,7.6962
1402.00,7.6848
1402.50,7.7301
1403.00,7.8111
1403.50,7.8894
1404.00,7.9299
1404.50,7.9151
1405.00,7.8521
1405.50,7.7716
1406.00,7.7115
1406.50,7.6925
1407.00,7.7061
1407.50,7.7257
1408.00,7.7292
1408.50,7.7141
1409.00,7.6968
1409.50,7.6972
1410.00,7.7185
1410.50,7.7409
1411.00,7.7409
1411.50,7.7170
1412.00,7.6940
1412.50,7.7010
1413.00,7.7464
1413.50,7.8126
1414.00,7.8697
1414.50,7.8916
1415.00,7.8673
1415.50,7.8077
1416.00,7.7430
1416.50,7.7085
1417.00,7.7227
1417.50,7.7761
1418.00,7.8397
1418.50,7.8868
1419.00,7.9098
1419.50,7.9185
1420.00,7.9256
1420.50,7.9336
1421.00,7.9338
1421.50,7.9186
1422.00,7.8944
1422.50,7.8789
1423.00,7.8845
1423.50,7.9059
1424.00,7.9239
1424.50,7.9228
1425.00,7.9033
1425.50,7.8804
1426.00,7.8695
1426.50,7.8756
1427.00,7.8934
1427.50,7.9207
1428.00,7.9663
1428.50,8.0397
1429.00,8.1314
1429.50,8.2108
1430.00,8.2482
1430.50,8.2409
1431.00,8.2151
1431.50,8.2030
1432.00,8.2174
1432.50,8.2472
1433.00,8.2740
1433.50,8.2922
1434.00,8.3172
1434.50,8.3728
1435.00,8.4653
1435.50,8.5674
1436.00,8.6303
1436.50,8.6189
1437.00,8.5409
1437.50,8.4435
1438.00,8.3820
1438.50,8.3843
1439.00,8.4381
1439.50,8.5056
1440.00,8.5531
1440.50,8.5712
1441.00,8.5756
1441.50,8.5899
1442.00,8.6251
1442.50,8.6738
1443.00,8.7181
1443.50,8.7421
1444.00,8.7393
1444.50,8.7119
1445.00,8.6706
1445.50,8.6322
1446.00,8.6120
1446.50,8.6151
1447.00,8.6362
1447.50,8.6698
1448.00,8.7164
1448.50,8.7763
1449.00,8.8427
1449.50,8.9063
1450.00,8.9664
1450.50,9.0322
1451.00,9.1119
1451.50,9.1997
1452.00,9.2766
1452.50,9.3213
1453.00,9.3217
1453.50,9.2809
1454.00,9.2161
1454.50,9.1513
1455.00,9.1092
1455.50,9.1004
1456.00,9.1144
1456.50,9.1187
1457.00,9.0725
1457.50,8.9527
1458.00,8.7718
1458.50,8.5713
1459.00,8.3970
1459.50,8.2738
1460.00,8.1985
1460.50,8.1497
1461.00,8.1058
1461.50,8.0596
1462.00,8.0209
1462.50,8.0047
1463.00,8.0161
1463.50,8.0446
1464.00,8.0721
1464.50,8.0866
1465.00,8.0888
1465.50,8.0848
1466.00,8.0732
1466.50,8.0444
1467.00,7.9946
1467.50,7.9378
1468.00,7.8972
1468.50,7.8835
1469.00,7.8862
1469.50,7.8865
1470.00,7.8723
1470.50,7.8416
1471.00,7.7997
1471.50,7.7600
1472.00,7.7414
1472.50,7.7565
1473.00,7.8014
1473.50,7.8616
1474.00,7.9244
1474.50,7.9829
1475.00,8.0290
1475.50,8.0515
1476.00,8.0442
1476.50,8.0125
1477.00,7.9680
1477.50,7.9210
1478.00,7.8800
1478.50,7.8514
1479.00,7.8367
1479.50,7.8316
1480.00,7.8360
1480.50,7.8617
1481.00,7.9213
1481.50,8.0064
1482.00,8.0822
1482.50,8.1099
1483.00,8.0781
1483.50,8.0104
1484.00,7.9449
1484.50,7.9075
1485.00,7.9050
1485.50,7.9317
1486.00,7.9776
1486.50,8.0306
1487.00,8.0792
1487.50,8.1147
1488.00,8.1318
1488.50,8.1260
1489.00,8.0973
1489.50,8.0598
1490.00,8.0430
1490.50,8.0732
1491.00,8.1461
1491.50,8.2210
1492.00,8.2499
1492.50,8.2150
1493.00,8.1400
1493.50,8.0626
1494.00,8.0011
1494.50,7.9476
1495.00,7.8904
1495.50,7.8327
1496.00,7.7888
1496.50,7.7659
1497.00,7.7574
1497.50,7.7541
1498.00,7.7560
1498.50,7.7722
1499.00,7.8110
1499.50,7.8742
1500.00,7.9583
1500.50,8.0554
1501.00,8.1510
1501.50,8.2267
1502.00,8.2680
1502.50,8.2738
1503.00,8.2570
1503.50,8.2328
1504.00,8.2082
1504.50,8.1811
1505.00,8.1487
1505.50,8.1113
1506.00,8.0709
1506.50,8.0310
1507.00,7.9994
1507.50,7.9852
1508.00,7.9897
1508.50,8.0040
1509.00,8.0178
1509.50,8.0276
1510.00,8.0351
1510.50,8.0391
1511.00,8.0340
1511.50,8.0160
1512.00,7.9894
1512.50,7.9652
1513.00,7.9507
1513.50,7.9408
1514.00,7.9208
1514.50,7.8820
1515.00,7.8339
1515.50,7.7990
1516.00,7.7959
1516.50,7.8249
1517.00,7.8701
1517.50,7.9126
1518.00,7.9420
1518.50,7.9582
1519.00,7.9667
1519.50,7.9745
1520.00,7.9871
1520.50,8.0041
1521.00,8.0182
1521.50,8.0211
1522.00,8.0109
1522.50,7.9920
1523.00,7.9703
1523.50,7.9490
1524.00,7.9266
1524.50,7.8994
1525.00,7.8666
1525.50,7.8393
1526.00,7.8389
1526.50,7.8848
1527.00,7.9780
1527.50,8.0952
1528.00,8.2003
1528.50,8.2661
1529.00,8.2895
1529.50,8.2902
1530.00,8.2929
1530.50,8.3050
1531.00,8.3085
1531.50,8.2755
1532.00,8.1947
1532.50,8.0854
1533.00,7.9833
1533.50,7.9122
1534.00,7.8682
1534.50,7.8296
1535.00,7.7791
1535.50,7.7218
1536.00,7.6823
1536.50,7.6860
1537.00,7.7365
1537.50,7.8089
1538.00,7.8664
1538.50,7.8883
1539.00,7.8828
1539.50,7.8760
1540.00,7.8866
1540.50,7.9140
1541.00,7.9458
1541.50,7.9739
1542.00,8.0003
1542.50,8.0293
1543.00,8.0593
1543.50,8.0849
1544.00,8.1053
1544.50,8.1242
1545.00,8.1394
1545.50,8.1374
1546.00,8.1045
1546.50,8.0445
1547.00,7.9819
1547.50,7.9451
1548.00,7.9484
1548.50,7.9854
1549.00,8.0403
1549.50,8.1010
1550.00,8.1639
1550.50,8.2282
1551.00,8.2878
1551.50,8.3306
1552.00,8.3463
1552.50,8.3362
1553.00,8.3134
1553.50,8.2964
1554.00,8.2989
1554.50,8.3221
1555.00,8.3514
1555.50,8.3630
1556.00,8.3385
1556.50,8.2785
1557.00,8.2040
1557.50,8.1419
1558.00,8.1055
1558.50,8.0874
1559.00,8.0703
1559.50,8.0458
1560.00,8.0203
1560.50,8.0060
1561.00,8.0088
1561.50,8.0254
1562.00,8.0445
1562.50,8.0508
1563.00,8.0318
1563.50,7.9896
1564.00,7.9465
1564.50,7.9320
1565.00,7.9601
1565.50,8.0146
1566.00,8.0612
1566.50,8.0766
1567.00,8.0654
1567.50,8.0498
1568.00,8.0438
1568.50,8.0406
1569.00,8.0237
1569.50,7.9896
1570.00,7.9575
1570.50,7.9566
1571.00,8.0009
1571.50,8.0750
1572.00,8.1432
1572.50,8.1743
1573.00,8.1601
1573.50,8.1175
1574.00,8.0765
1574.50,8.0633
1575.00,8.0846
1575.50,8.1211
1576.00,8.1406
1576.50,8.1234
1577.00,8.0772
1577.50,8.0274
1578.00,7.9953
1578.50,7.9857
1579.00,7.9915
1579.50,8.0034
1580.00,8.0153
1580.50,8.0245
1581.00,8.0324
1581.50,8.0445
1582.00,8.0671
1582.50,8.1011
1583.00,8.1393
1583.50,8.1691
1584.00,8.1778
1584.50,8.1581
1585.00,8.1114
1585.50,8.0503
1586.00,7.9956
1586.50,7.9634
1587.00,7.9541
1587.50,7.9551
1588.00,7.9540
1588.50,7.9483
1589.00,7.9451
1589.50,7.9537
1590.00,7.9779
1590.50,8.0109
1591.00,8.0341
1591.50,8.0230
1592.00,7.9613
1592.50,7.8558
1593.00,7.7386
1593.50,7.6535
1594.00,7.6320
1594.50,7.6781
1595.00,7.7701
1595.50,7.8779
1596.00,7.9819
1596.50,8.0796
1597.00,8.1753
1597.50,8.2618
1598.00,8.3150
1598.50,8.3078
1599.00,8.2311
1599.50,8.1022
1600.00,7.9548
1600.50,7.8230
1601.00,7.7321
1601.50,7.6933
1602.00,7.7032
1602.50,7.7452
1603.00,7.7974
1603.50,7.8403
1604.00,7.8617
1604.50,7.8622
1605.00,7.8585
1605.50,7.8778
1606.00,7.9382
1606.50,8.0318
1607.00,8.1252
1607.50,8.1777
1608.00,8.1642
1608.50,8.0885
1609.00,7.9824
1609.50,7.8896
1610.00,7.8412
1610.50,7.8413
1611.00,7.8756
1611.50,7.9295
1612.00,7.9970
1612.50,8.0736
1613.00,8.1520
1613.50,8.2262
1614.00,8.2930
1614.50,8.3457
1615.00,8.3681
1615.50,8.3420
1616.00,8.2620
1616.50,8.1454
1617.00,8.0270
1617.50,7.9415
1618.00,7.9053
1618.50,7.9093
1619.00,7.9270
1619.50,7.9340
1620.00,7.9252
1620.50,7.9145
1621.00,7.9162
1621.50,7.9261
1622.00,7.9236
1622.50,7.8899
1623.00,7.8260
1623.50,7.7525
1624.00,7.6947
1624.50,7.6669
1625.00,7.6665
1625.50,7.6809
1626.00,7.6999
1626.50,7.7232
1627.00,7.7562
1627.50,7.8011
1628.00,7.8546
1628.50,7.9136
1629.00,7.9768
1629.50,8.0401
1630.00,8.0890
1630.50,8.1027
1631.00,8.0680
1631.50,7.9940
1632.00,7.9116
1632.50,7.8566
1633.00,7.8488
1633.50,7.8849
1634.00,7.9447
1634.50,8.0024
1635.00,8.0363
1635.50,8.0365
1636.00,8.0098
1636.50,7.9781
1637.00,7.9652
1637.50,7.9806
1638.00,8.0130
1638.50,8.0410
1639.00,8.0510
1639.50,8.0434
1640.00,8.0257
1640.50,8.0054
1641.00,7.9908
1641.50,7.9913
1642.00,8.0111
1642.50,8.0446
1643.00,8.0806
1643.50,8.1132
1644.00,8.1463
1644.50,8.1835
1645.00,8.2157
1645.50,8.2244
1646.00,8.1996
1646.50,8.1511
1647.00,8.0994
1647.50,8.0562
1648.00,8.0186
1648.50,7.9793
1649.00,7.9379
1649.50,7.9018
1650.00,7.8794
1650.50,7.8721
1651.00,7.8727
1651.50,7.8694
1652.00,7.8548
1652.50,7.8331
1653.00,7.8170
1653.50,7.8163
1654.00,7.8287
1654.50,7.8439
1655.00,7.8581
1655.50,7.8796
1656.00,7.9182
1656.50,7.9711
1657.00,8.0219
1657.50,8.0537
1658.00,8.0610
1658.50,8.0486
1659.00,8.0234
1659.50,7.9885
1660.00,7.9481
1660.50,7.9097
1661.00,7.8777
1661.50,7.8462
1662.00,7.8069
1662.50,7.7636
1663.00,7.7314
1663.50,7.7158
1664.00,7.7059
1664.50,7.6960
1665.00,7.7102
1665.50,7.7862
1666.00,7.9278
1666.50,8.0807
1667.00,8.1654
1667.50,8.1380
1668.00,8.0202
1668.50,7.8763
1669.00,7.7684
1669.50,7.7245
1670.00,7.7347
1670.50,7.7691
1671.00,7.8009
1671.50,7.8221
1672.00,7.8407
1672.50,7.8651
1673.00,7.8946
1673.50,7.9253
1674.00,7.9588
1674.50,7.9988
1675.00,8.0405
1675.50,8.0674
1676.00,8.0666
1676.50,8.0411
1677.00,8.0041
1677.50,7.9626
1678.00,7.9156
1678.50,7.8684
1679.00,7.8404
1679.50,7.8514
1680.00,7.9027
1680.50,7.9752
1681.00,8.0437
1681.50,8.0921
1682.00,8.1194
1682.50,8.1337
1683.00,8.1416
1683.50,8.1407
1684.00,8.1242
1684.50,8.0911
1685.00,8.0517
1685.50,8.0224
1686.00,8.0156
1686.50,8.0342
1687.00,8.0718
1687.50,8.1173
1688.00,8.1595
1688.50,8.1908
1689.00,8.2049
1689.50,8.1937
1690.00,8.1507
1690.50,8.0787
1691.00,7.9930
1691.50,7.9125
1692.00,7.8498
1692.50,7.8103
1693.00,7.7974
1693.50,7.8134
1694.00,7.8544
1694.50,7.9089
1695.00,7.9621
1695.50,8.0027
1696.00,8.0258
1696.50,8.0324
1697.00,8.0266
1697.50,8.0144
1698.00,8.0012
1698.50,7.9903
1699.00,7.9805
1699.50,7.9680
1700.00,7.9512
1700.50,7.9345
1701.00,7.9291
1701.50,7.9495
1702.00,8.0042
1702.50,8.0846
1703.00,8.1614
1703.50,8.1984
1704.00,8.1765
1704.50,8.1084
1705.00,8.0267
1705.50,7.9614
1706.00,7.9250
1706.50,7.9151
1707.00,7.9246
1707.50,7.9462
1708.00,7.9745
1708.50,8.0057
1709.00,8.0370
1709.50,8.0632
1710.00,8.0764
1710.50,8.0699
1711.00,8.0434
1711.50,8.0046
1712.00,7.9675
1712.50,7.9486
1713.00,7.9602
1713.50,8.0014
1714.00,8.0549
1714.50,8.0949
1715.00,8.1042
1715.50,8.0879
1716.00,8.0692
1716.50,8.0709
1717.00,8.0988
1717.50,8.1412
1718.00,8.1818
1718.50,8.2108
1719.00,8.2251
1719.50,8.2239
1720.00,8.2095
1720.50,8.1908
1721.00,8.1806
1721.50,8.1837
1722.00,8.1893
1722.50,8.1780
1723.00,8.1430
1723.50,8.1027
1724.00,8.0894
1724.50,8.1219
1725.00,8.1884
1725.50,8.2565
1726.00,8.2982
1726.50,8.3039
1727.00,8.2767
1727.50,8.2238
1728.00,8.1562
1728.50,8.0927
1729.00,8.0567
1729.50,8.0642
1730.00,8.1125
1730.50,8.1786
1731.00,8.2303
1731.50,8.2462
1732.00,8.2305
1732.50,8.2117
1733.00,8.2227
1733.50,8.2795
1734.00,8.3727
1734.50,8.4736
1735.00,8.5507
1735.50,8.5854
1736.00,8.5801
1736.50,8.5556
1737.00,8.5377
1737.50,8.5437
1738.00,8.5733
1738.50,8.6107
1739.00,8.6361
1739.50,8.6375
1740.00,8.6139
1740.50,8.5728
1741.00,8.5273
1741.50,8.4942
1742.00,8.4886
1742.50,8.5163
1743.00,8.5689
1743.50,8.6224
1744.00,8.6457
1744.50,8.6184
1745.00,8.5491
1745.50,8.4752
1746.00,8.4418
1746.50,8.4735
1747.00,8.5599
1747.50,8.6624
1748.00,8.7373
1748.50,8.7608
1749.00,8.7408
1749.50,8.7061
1750.00,8.6849
1750.50,8.6877
1751.00,8.7055
1751.50,8.7198
1752.00,8.7143
1752.50,8.6816
1753.00,8.6291
1753.50,8.5767
1754.00,8.5472
1754.50,8.5517
1755.00,8.5833
1755.50,8.6220
1756.00,8.6462
1756.50,8.6433
1757.00,8.6156
1757.50,8.5787
1758.00,8.5504
1758.50,8.5386
1759.00,8.5387
1759.50,8.5427
1760.00,8.5503
1760.50,8.5691
1761.00,8.6064
1761.50,8.6574
1762.00,8.7033
1762.50,8.7212
1763.00,8.6988
1763.50,8.6443
1764.00,8.5861
1764.50,8.5616
1765.00,8.5986
1765.50,8.6949
1766.00,8.8147
1766.50,8.9112
1767.00,8.9594
1767.50,8.9686
1768.00,8.9637
1768.50,8.9594
1769.00,8.9555
1769.50,8.9485
1770.00,8.9410
1770.50,8.9381
1771.00,8.9431
1771.50,8.9585
1772.00,8.9862
1772.50,9.0245
1773.00,9.0659
1773.50,9.0996
1774.00,9.1148
1774.50,9.1020
1775.00,9.0564
1775.50,8.9880
1776.00,8.9253
1776.50,8.9040
1777.00,8.9410
1777.50,9.0192
1778.00,9.0973
1778.50,9.1408
1779.00,9.1457
1779.50,9.1330
1780.00,9.1235
1780.50,9.1196
1781.00,9.1114
1781.50,9.0931
1782.00,9.0705
1782.50,9.0554
1783.00,9.0569
1783.50,9.0797
1784.00,9.1236
1784.50,9.1824
1785.00,9.2424
1785.50,9.2855
1786.00,9.2967
1786.50,9.2738
1787.00,9.2303
1787.50,9.1883
1788.00,9.1618
1788.50,9.1471
1789.00,9.1297
1789.50,9.1035
1790.00,9.0810
1790.50,9.0819
1791.00,9.1109
1791.50,9.1513
1792.00,9.1817
1792.50,9.1955
1793.00,9.2027
1793.50,9.2174
1794.00,9.2444
1794.50,9.2759
1795.00,9.2932
1795.50,9.2754
1796.00,9.2158
1796.50,9.1343
1797.00,9.0693
1797.50,9.0494
1798.00,9.0709
1798.50,9.1054
1799.00,9.1290
1799.50,9.1426
1800.00,9.1633
1800.50,9.2021
1801.00,9.2550
1801.50,9.3150
1802.00,9.3817
1802.50,9.4549
1803.00,9.5230
1803.50,9.5652
1804.00,9.5640
1804.50,9.5145
1805.00,9.4244
1805.50,9.3141
1806.00,9.2171
1806.50,9.1689
1807.00,9.1820
1807.50,9.2298
1808.00,9.2616
1808.50,9.2421
1809.00,9.1789
1809.50,9.1128
1810.00,9.0831
1810.50,9.1044
1811.00,9.1670
1811.50,9.2498
1812.00,9.3289
1812.50,9.3854
1813.00,9.4134
1813.50,9.4242
1814.00,9.4350
1814.50,9.4510
1815.00,9.4599
1815.50,9.4468
1816.00,9.4136
1816.50,9.3792
1817.00,9.3598
1817.50,9.3532
1818.00,9.3424
1818.50,9.3117
1819.00,9.2609
1819.50,9.2058
1820.00,9.1677
1820.50,9.1582
1821.00,9.1708
1821.50,9.1863
1822.00,9.1889
1822.50,9.1787
1823.00,9.1688
1823.50,9.1709
1824.00,9.1855
1824.50,9.2020
1825.00,9.2075
1825.50,9.1965
1826.00,9.1754
1826.50,9.1587
1827.00,9.1569
1827.50,9.1671
1828.00,9.1749
1828.50,9.1655
1829.00,9.1346
1829.50,9.0888
1830.00,9.0413
1830.50,9.0053
1831.00,8.9894
1831.50,8.9955
1832.00,9.0182
1832.50,9.0478
1833.00,9.0762
1833.50,9.1015
1834.00,9.1233
1834.50,9.1342
1835.00,9.1215
1835.50,9.0805
1836.00,9.0246
1836.50,8.9772
1837.00,8.9540
1837.50,8.9526
1838.00,8.9593
1838.50,8.9656
1839.00,8.9780
1839.50,9.0107
1840.00,9.0673
1840.50,9.1312
1841.00,9.1763
1841.50,9.1889
1842.00,9.1792
1842.50,9.1718
1843.00,9.1828
1843.50,9.2048
1844.00,9.2138
1844.50,9.1912
1845.00,9.1424
1845.50,9.0942
1846.00,9.0734
1846.50,9.0856
1847.00,9.1123
1847.50,9.1289
1848.00,9.1235
1848.50,9.0993
1849.00,9.0646
1849.50,9.0270
1850.00,8.9987
1850.50,8.9954
1851.00,9.0223
1851.50,9.0643
1852.00,9.0941
1852.50,9.0934
1853.00,9.0627
1853.50,9.0187
1854.00,8.9843
1854.50,8.9820
1855.00,9.0242
1855.50,9.1020
1856.00,9.1854
1856.50,9.2388
1857.00,9.2442
1857.50,9.2098
1858.00,9.1581
1858.50,9.1072
1859.00,9.0621
1859.50,9.0232
1860.00,8.9967
1860.50,8.9968
1861.00,9.0378
1861.50,9.1253
1862.00,9.2516
1862.50,9.3962
1863.00,9.5303
1863.50,9.6250
1864.00,9.6607
1864.50,9.6316
1865.00,9.5459
1865.50,9.4239
1866.00,9.2904
1866.50,9.1663
1867.00,9.0631
1867.50,8.9860
1868.00,8.9408
1868.50,8.9337
1869.00,8.9649
1869.50,9.0239
1870.00,9.0939
1870.50,9.1582
1871.00,9.2056
1871.50,9.2303
1872.00,9.2299
1872.50,9.2053
1873.00,9.1635
1873.50,9.1184
1874.00,9.0859
1874.50,9.0747
1875.00,9.0806
1875.50,9.0872
1876.00,9.0764
1876.50,9.0443
1877.00,9.0070
1877.50,8.9861
1878.00,8.9859
1878.50,8.9883
1879.00,8.9743
1879.50,8.9458
1880.00,8.9229
1880.50,8.9228
1881.00,8.9447
1881.50,8.9736
1882.00,8.9918
1882.50,8.9832
1883.00,8.9361
1883.50,8.8524
1884.00,8.7573
1884.50,8.6887
1885.00,8.6710
1885.50,8.6977
1886.00,8.7404
1886.50,8.7716
1887.00,8.7821
1887.50,8.7815
1888.00,8.7902
1888.50,8.8247
1889.00,8.8853
1889.50,8.9539
1890.00,9.0059
1890.50,9.0265
1891.00,9.0146
1891.50,8.9742
1892.00,8.9079
1892.50,8.8233
1893.00,8.7400
1893.50,8.6866
1894.00,8.6878
1894.50,8.7538
1895.00,8.8766
1895.50,9.0284
1896.00,9.1678
1896.50,9.2546
1897.00,9.2689
1897.50,9.2211
1898.00,9.1444
1898.50,9.0772
1899.00,9.0440
1899.50,9.0438
1900.00,9.0504
1900.50,9.0257
1901.00,8.9443
1901.50,8.8163
1902.00,8.6893
1902.50,8.6204
1903.00,8.6380
1903.50,8.7231
1904.00,8.8244
1904.50,8.8952
1905.00,8.9201
1905.50,8.9134
1906.00,8.8979
1906.50,8.8848
1907.00,8.8699
1907.50,8.8443
1908.00,8.8092
1908.50,8.7782
1909.00,8.7659
1909.50,8.7726
1910.00,8.7856
1910.50,8.7933
1911.00,8.7969
1911.50,8.8093
1912.00,8.8425
1912.50,8.8971
1913.00,8.9583
1913.50,9.0024
1914.00,9.0094
1914.50,8.9760
1915.00,8.9181
1915.50,8.8612
1916.00,8.8236
1916.50,8.8065
1917.00,8.8000
1917.50,8.7966
1918.00,8.7966
1918.50,8.8006
1919.00,8.8024
1919.50,8.7920
1920.00,8.7656
1920.50,8.7320
1921.00,8.7088
1921.50,8.7112
1922.00,8.7413
1922.50,8.7843
1923.00,8.8182
1923.50,8.8294
1924.00,8.8230
1924.50,8.8191
1925.00,8.8411
1925.50,8.9026
1926.00,8.9974
1926.50,9.0979
1927.00,9.1678
1927.50,9.1858
1928.00,9.1616
1928.50,9.1287
1929.00,9.1179
1929.50,9.1337
1930.00,9.1536
1930.50,9.1482
1931.00,9.1042
1931.50,9.0312
1932.00,8.9512
1932.50,8.8841
1933.00,8.8417
1933.50,8.8306
1934.00,8.8559
1934.50,8.9163
1935.00,8.9962
1935.50,9.0653
1936.00,9.0936
1936.50,9.0695
1937.00,9.0058
1937.50,8.9280
1938.00,8.8562
1938.50,8.7973
1939.00,8.7509
1939.50,8.7210
1940.00,8.7181
1940.50,8.7473
1941.00,8.7949
1941.50,8.8303
1942.00,8.8255
1942.50,8.7764
1943.00,8.7068
1943.50,8.6511
1944.00,8.6314
1944.50,8.6473
1945.00,8.6846
1945.50,8.7304
1946.00,8.7747
1946.50,8.8032
1947.00,8.7995
1947.50,8.7602
1948.00,8.7064
1948.50,8.6750
1949.00,8.6908
1949.50,8.7461
1950.00,8.8071
1950.50,8.8410
1951.00,8.8387
1951.50,8.8159
1952.00,8.7971
1952.50,8.7974
1953.00,8.8157
1953.50,8.8378
1954.00,8.8488
1954.50,8.8448
1955.00,8.8343
1955.50,8.8318
1956.00,8.8488
1956.50,8.8859
1957.00,8.9310
1957.50,8.9647
1958.00,8.9718
1958.50,8.9523
1959.00,8.9238
1959.50,8.9109
1960.00,8.9303
1960.50,8.9817
1961.00,9.0510
1961.50,9.1197
1962.00,9.1732
1962.50,9.2014
1963.00,9.1974
1963.50,9.1589
1964.00,9.0951
1964.50,9.0277
1965.00,8.9829
1965.50,8.9779
1966.00,9.0126
1966.50,9.0709
1967.00,9.1264
1967.50,9.1552
1968.00,9.1515
1968.50,9.1336
1969.00,9.1315
1969.50,9.1602
1970.00,9.2049
1970.50,9.2335
1971.00,9.2235
1971.50,9.1785
1972.00,9.1217
1972.50,9.0793
1973.00,9.0699
1973.50,9.1032
1974.00,9.1786
1974.50,9.2814
1975.00,9.3840
1975.50,9.4596
1976.00,9.4954
1976.50,9.4963
1977.00,9.4762
1977.50,9.4494
1978.00,9.4253
1978.50,9.4063
1979.00,9.3887
1979.50,9.3678
1980.00,9.3429
1980.50,9.3162
1981.00,9.2877
1981.50,9.2570
1982.00,9.2320
1982.50,9.2338
1983.00,9.2840
1983.50,9.3811
1984.00,9.4904
1984.50,9.5628
1985.00,9.5692
1985.50,9.5200
1986.00,9.4559
1986.50,9.4189
1987.00,9.4258
1987.50,9.4609
1988.00,9.4896
1988.50,9.4850
1989.00,9.4472
1989.50,9.4037
1990.00,9.3883
1990.50,9.4143
1991.00,9.4651
1991.50,9.5090
1992.00,9.5241
1992.50,9.5115
1993.00,9.4882
1993.50,9.4682
1994.00,9.4506
1994.50,9.4228
1995.00,9.3766
1995.50,9.3201
1996.00,9.2736
1996.50,9.2526
1997.00,9.2552
1997.50,9.2661
1998.00,9.2703
1998.50,9.2675
1999.00,9.2734
1999.50,9.3067
2000.00,9.3726
2000.50,9.4592
2001.00,9.5494
2001.50,9.6345
2002.00,9.7142
2002.50,9.7851
2003.00,9.8350
2003.50,9.8498
2004.00,9.8275
2004.50,9.7823
2005.00,9.7334
2005.50,9.6898
2006.00,9.6460
2006.50,9.5930
2007.00,9.5316
2007.50,9.4756
2008.00,9.4441
2008.50,9.4495
2009.00,9.4895
2009.50,9.5463
2010.00,9.5946
2010.50,9.6152
2011.00,9.6023
2011.50,9.5599
2012.00,9.4962
2012.50,9.4245
2013.00,9.3657
2013.50,9.3424
2014.00,9.3622
2014.50,9.4084
2015.00,9.4489
2015.50,9.4564
2016.00,9.4262
2016.50,9.3793
2017.00,9.3502
2017.50,9.3635
2018.00,9.4154
2018.50,9.4757
2019.00,9.5099
2019.50,9.4998
2020.00,9.4490
2020.50,9.3732
2021.00,9.2900
2021.50,9.2132
2022.00,9.1503
2022.50,9.1010
2023.00,9.0593
2023.50,9.0239
2024.00,9.0096
2024.50,9.0430
2025.00,9.1394
2025.50,9.2798
2026.00,9.4155
2026.50,9.4982
2027.00,9.5083
2027.50,9.4588
2028.00,9.3793
2028.50,9.2991
2029.00,9.2393
2029.50,9.2084
2030.00,9.1990
2030.50,9.1915
2031.00,9.1679
2031.50,9.1254
2032.00,9.0759
2032.50,9.0353
2033.00,9.0144
2033.50,9.0175
2034.00,9.0470
2034.50,9.1023
2035.00,9.1765
2035.50,9.2567
2036.00,9.3296
2036.50,9.3873
2037.00,9.4256
2037.50,9.4398
2038.00,9.4243
2038.50,9.3778
2039.00,9.3077
2039.50,9.2315
2040.00,9.1731
2040.50,9.1509
2041.00,9.1618
2041.50,9.1767
2042.00,9.1616
2042.50,9.1086
2043.00,9.0467
2043.50,9.0166
2044.00,9.0362
2044.50,9.0884
2045.00,9.1369
2045.50,9.1500
2046.00,9.1164
2046.50,9.0485
2047.00,8.9758
2047.50,8.9286
2048.00,8.9187
2048.50,8.9335
2049.00,8.9477
2049.50,8.9402
2050.00,8.9034
2050.50,8.8471
2051.00,8.7979
2051.50,8.7903
2052.00,8.8427
2052.50,8.9415
2053.00,9.0502
2053.50,9.1373
2054.00,9.1925
2054.50,9.2201
2055.00,9.2240
2055.50,9.2037
2056.00,9.1617
2056.50,9.1068
2057.00,9.0464
2057.50,8.9800
2058.00,8.9085
2058.50,8.8498
2059.00,8.8351
2059.50,8.8810
2060.00,8.9665
2060.50,9.0449
2061.00,9.0791
2061.50,9.0648
2062.00,9.0220
2062.50,8.9763
2063.00,8.9471
2063.50,8.9456
2064.00,8.9709
2064.50,9.0076
2065.00,9.0315
2065.50,9.0225
2066.00,8.9772
2066.50,8.9120
2067.00,8.8584
2067.50,8.8462
2068.00,8.8825
2068.50,8.9447
2069.00,8.9991
2069.50,9.0261
2070.00,9.0303
2070.50,9.0279
2071.00,9.0322
2071.50,9.0488
2072.00,9.0779
2072.50,9.1137
2073.00,9.1458
2073.50,9.1619
2074.00,9.1551
2074.50,9.1254
2075.00,9.0764
2075.50,9.0134
2076.00,8.9443
2076.50,8.8830
2077.00,8.8459
2077.50,8.8402
2078.00,8.8546
2078.50,8.8649
2079.00,8.8508
2079.50,8.8102
2080.00,8.7607
2080.50,8.7291
2081.00,8.7361
2081.50,8.7868
2082.00,8.8700
2082.50,8.9666
2083.00,9.0546
2083.50,9.1110
2084.00,9.1212
2084.50,9.0941
2085.00,9.0633
2085.50,9.0637
2086.00,9.1012
2086.50,9.1472
2087.00,9.1615
2087.50,9.1209
2088.00,9.0328
2088.50,8.9260
2089.00,8.8333
2089.50,8.7751
2090.00,8.7545
2090.50,8.7628
2091.00,8.7872
2091.50,8.8187
2092.00,8.8557
2092.50,8.9050
2093.00,8.9735
2093.50,9.0572
2094.00,9.1332
2094.50,9.1696
2095.00,9.1486
2095.50,9.0832
2096.00,9.0113
2096.50,8.9654
2097.00,8.9490
2097.50,8.9407
2098.00,8.9197
2098.50,8.8837
2099.00,8.8455
2099.50,8.8205
2100.00,8.8211
2100.50,8.8537
2101.00,8.9151
2101.50,8.9881
2102.00,9.0459
2102.50,9.0657
2103.00,9.0432
2103.50,8.9974
2104.00,8.9605
2104.50,8.9577
2105.00,8.9912
2105.50,9.0413
2106.00,9.0827
2106.50,9.1001
2107.00,9.0945
2107.50,9.0751
2108.00,9.0485
2108.50,9.0125
2109.00,8.9612
2109.50,8.8964
2110.00,8.8314
2110.50,8.7842
2111.00,8.7667
2111.50,8.7832
2112.00,8.8330
2112.50,8.9094
2113.00,8.9970
2113.50,9.0739
2114.00,9.1205
2114.50,9.1284
2115.00,9.1059
2115.50,9.0750
2116.00,9.0603
2116.50,9.0727
2117.00,9.1059
2117.50,9.1452
2118.00,9.1783
2118.50,9.1962
2119.00,9.1901
2119.50,9.1543
2120.00,9.0929
2120.50,9.0222
2121.00,8.9660
2121.50,8.9471
2122.00,8.9753
2122.50,9.0408
2123.00,9.1182
2123.50,9.1801
2124.00,9.2080
2124.50,9.1923
2125.00,9.1293
2125.50,9.0243
2126.00,8.8980
2126.50,8.7850
2127.00,8.7210
2127.50,8.7242
2128.00,8.7875
2128.50,8.8832
2129.00,8.9769
2129.50,9.0408
2130.00,9.0638
2130.50,9.0535
2131.00,9.0295
2131.50,9.0126
2132.00,9.0159
2132.50,9.0401
2133.00,9.0735
2133.50,9.1007
2134.00,9.1159
2134.50,9.1292
2135.00,9.1560
2135.50,9.1965
2136.00,9.2275
2136.50,9.2193
2137.00,9.1611
2137.50,9.0737
2138.00,8.9957
2138.50,8.9568
2139.00,8.9591
2139.50,8.9805
2140.00,8.9944
2140.50,8.9877
2141.00,8.9647
2141.50,8.9372
2142.00,8.9121
2142.50,8.8865
2143.00,8.8533
2143.50,8.8124
2144.00,8.7759
2144.50,8.7606
2145.00,8.7745
2145.50,8.8093
2146.00,8.8424
2146.50,8.8497
2147.00,8.8192
2147.50,8.7616
2148.00,8.7050
2148.50,8.6755
2149.00,8.6778
2149.50,8.6966
2150.00,8.7163
2150.50,8.7371
2151.00,8.7700
2151.50,8.8184
2152.00,8.8720
2152.50,8.9165
2153.00,8.9438
2153.50,8.9533
2154.00,8.9482
2154.50,8.9339
2155.00,8.9155
2155.50,8.8932
2156.00,8.8651
2156.50,8.8359
2157.00,8.8194
2157.50,8.8269
2158.00,8.8553
2158.50,8.8889
2159.00,8.9150
2159.50,8.9331
2160.00,8.9476
2160.50,8.9545
2161.00,8.9443
2161.50,8.9193
2162.00,8.9041
2162.50,8.9302
2163.00,9.0072
2163.50,9.1123
2164.00,9.2074
2164.50,9.2646
2165.00,9.2785
2165.50,9.2639
2166.00,9.2429
2166.50,9.2289
2167.00,9.2175
2167.50,9.1958
2168.00,9.1589
2168.50,9.1131
2169.00,9.0615
2169.50,8.9975
2170.00,8.9178
2170.50,8.8375
2171.00,8.7830
2171.50,8.7716
2172.00,8.8029
2172.50,8.8646
2173.00,8.9366
2173.50,8.9920
2174.00,9.0079
2174.50,8.9823
2175.00,8.9392
2175.50,8.9083
2176.00,8.9005
2176.50,8.9006
2177.00,8.8854
2177.50,8.8471
2178.00,8.8018
2178.50,8.7748
2179.00,8.7796
2179.50,8.8083
2180.00,8.8406
2180.50,8.8592
2181.00,8.8595
2181.50,8.8481
2182.00,8.8378
2182.50,8.8402
2183.00,8.8600
2183.50,8.8925
2184.00,8.9289
2184.50,8.9637
2185.00,8.9983
2185.50,9.0386
2186.00,9.0890
2186.50,9.1492
2187.00,9.2134
2187.50,9.2716
2188.00,9.3103
2188.50,9.3142
2189.00,9.2734
2189.50,9.1930
2190.00,9.0992
2190.50,9.0287
2191.00,9.0068
2191.50,9.0296
2192.00,9.0677
2192.50,9.0859
2193.00,9.0627
2193.50,8.9951
2194.00,8.8939
2194.50,8.7797
2195.00,8.6787
2195.50,8.6153
2196.00,8.6056
2196.50,8.6537
2197.00,8.7492
2197.50,8.8672
2198.00,8.9753
2198.50,9.0502
2199.00,9.0886
2199.50,9.1013
2200.00,9.0993
2200.50,9.0873
2201.00,9.0655
2201.50,9.0343
2202.00,8.9949
2202.50,8.9493
2203.00,8.9010
2203.50,8.8575
2204.00,8.8292
2204.50,8.8253
2205.00,8.8455
2205.50,8.8758
2206.00,8.8943
2206.50,8.8855
2207.00,8.8523
2207.50,8.8146
2208.00,8.7949
2208.50,8.8034
2209.00,8.8349
2209.50,8.8779
2210.00,8.9232
2210.50,8.9632
2211.00,8.9878
2211.50,8.9867
2212.00,8.9592
2212.50,8.9208
2213.00,8.8959
2213.50,8.9002
2214.00,8.9263
2214.50,8.9471
2215.00,8.9360
2215.50,8.8876
2216.00,8.8177
2216.50,8.7488
2217.00,8.6987
2217.50,8.6793
2218.00,8.6960
2218.50,8.7411
2219.00,8.7905
2219.50,8.8148
2220.00,8.7982
2220.50,8.7468
2221.00,8.6850
2221.50,8.6438
2222.00,8.6496
2222.50,8.7160
2223.00,8.8376
2223.50,8.9876
2224.00,9.1236
2224.50,9.2023
2225.00,9.2007
2225.50,9.1291
2226.00,9.0228
2226.50,8.9200
2227.00,8.8425
2227.50,8.7929
2228.00,8.7618
2228.50,8.7389
2229.00,8.7198
2229.50,8.7072
2230.00,8.7079
2230.50,8.7263
2231.00,8.7613
2231.50,8.8079
2232.00,8.8596
2232.50,8.9091
2233.00,8.9475
2233.50,8.9673
2234.00,8.9665
2234.50,8.9515
2235.00,8.9338
2235.50,8.9246
2236.00,8.9305
2236.50,8.9517
2237.00,8.9816
2237.50,9.0095
2238.00,9.0256
2238.50,9.0241
2239.00,9.0062
2239.50,8.9793
2240.00,8.9520
2240.50,8.9281
2241.00,8.9056
2241.50,8.8813
2242.00,8.8601
2242.50,8.8562
2243.00,8.8838
2243.50,8.9410
2244.00,9.0050
2244.50,9.0450
2245.00,9.0432
2245.50,9.0027
2246.00,8.9391
2246.50,8.8665
2247.00,8.7931
2247.50,8.7239
2248.00,8.6628
2248.50,8.6137
2249.00,8.5832
2249.50,8.5805
2250.00,8.6115
2250.50,8.6706
2251.00,8.7399
2251.50,8.7976
2252.00,8.8286
2252.50,8.8290
2253.00,8.8035
2253.50,8.7632
2254.00,8.7255
2254.50,8.7119
2255.00,8.7392
2255.50,8.8075
2256.00,8.8968
2256.50,8.9767
2257.00,9.0212
2257.50,9.0176
2258.00,8.9660
2258.50,8.8752
2259.00,8.7618
2259.50,8.6506
2260.00,8.5712
2260.50,8.5463
2261.00,8.5769
2261.50,8.6363
2262.00,8.6823
2262.50,8.6825
2263.00,8.6331
2263.50,8.5558
2264.00,8.4773
2264.50,8.4125
2265.00,8.3661
2265.50,8.3447
2266.00,8.3604
2266.50,8.4193
2267.00,8.5105
2267.50,8.6094
2268.00,8.6935
2268.50,8.7522
2269.00,8.7839
2269.50,8.7909
2270.00,8.7784
2270.50,8.7539
2271.00,8.7231
2271.50,8.6869
2272.00,8.6463
2272.50,8.6081
2273.00,8.5821
2273.50,8.5716
2274.00,8.5714
2274.50,8.5789
2275.00,8.6037
2275.50,8.6596
2276.00,8.7431
2276.50,8.8235
2277.00,8.8627
2277.50,8.8455
2278.00,8.7908
2278.50,8.7338
2279.00,8.7006
2279.50,8.6966
2280.00,8.7112
2280.50,8.7294
2281.00,8.7388
2281.50,8.7335
2282.00,8.7125
2282.50,8.6776
2283.00,8.6324
2283.50,8.5848
2284.00,8.5470
2284.50,8.5309
2285.00,8.5410
2285.50,8.5733
2286.00,8.6221
2286.50,8.6865
2287.00,8.7677
2287.50,8.8596
2288.00,8.9410
2288.50,8.9815
2289.00,8.9575
2289.50,8.8701
2290.00,8.7506
2290.50,8.6462
2291.00,8.5913
2291.50,8.5883
2292.00,8.6133
2292.50,8.6408
2293.00,8.6567
2293.50,8.6572
2294.00,8.6440
2294.50,8.6267
2295.00,8.6212
2295.50,8.6402
2296.00,8.6817
2296.50,8.7278
2297.00,8.7541
2297.50,8.7455
2298.00,8.7059
2298.50,8.6562
2299.00,8.6235
2299.50,8.6279
2300.00,8.6741
2300.50,8.7476
2301.00,8.8197
2301.50,8.8629
2302.00,8.8669
2302.50,8.8419
2303.00,8.8078
2303.50,8.7786
2304.00,8.7593
2304.50,8.7480
2305.00,8.7395
2305.50,8.7267
2306.00,8.7037
2306.50,8.6714
2307.00,8.6388
2307.50,8.6176
2308.00,8.6103
2308.50,8.6025
2309.00,8.5687
2309.50,8.4944
2310.00,8.3996
2310.50,8.3382
2311.00,8.3629
2311.50,8.4789
2312.00,8.6334
2312.50,8.7522
2313.00,8.7919
2313.50,8.7592
2314.00,8.6897
2314.50,8.6176
2315.00,8.5647
2315.50,8.5440
2316.00,8.5595
2316.50,8.5996
2317.00,8.6413
2317.50,8.6677
2318.00,8.6775
2318.50,8.6758
2319.00,8.6625
2319.50,8.6388
2320.00,8.6206
2320.50,8.6342
2321.00,8.6930
2321.50,8.7837
2322.00,8.8731
2322.50,8.9289
2323.00,8.9346
2323.50,8.8940
2324.00,8.8266
2324.50,8.7578
2325.00,8.7095
2325.50,8.6933
2326.00,8.7071
2326.50,8.7342
2327.00,8.7514
2327.50,8.7466
2328.00,8.7280
2328.50,8.7157
2329.00,8.7232
2329.50,8.7509
2330.00,8.7895
2330.50,8.8261
2331.00,8.8470
2331.50,8.8435
2332.00,8.8185
2332.50,8.7847
2333.00,8.7565
2333.50,8.7413
2334.00,8.7385
2334.50,8.7438
2335.00,8.7539
2335.50,8.7667
2336.00,8.7791
2336.50,8.7848
2337.00,8.7772
2337.50,8.7555
2338.00,8.7280
2338.50,8.7082
2339.00,8.7050
2339.50,8.7168
2340.00,8.7331
2340.50,8.7422
2341.00,8.7384
2341.50,8.7264
2342.00,8.7177
2342.50,8.7212
2343.00,8.7356
2343.50,8.7514
2344.00,8.7583
2344.50,8.7502
2345.00,8.7250
2345.50,8.6860
2346.00,8.6483
2346.50,8.6371
2347.00,8.6727
2347.50,8.7500
2348.00,8.8366
2348.50,8.8954
2349.00,8.9135
2349.50,8.9103
2350.00,8.9176
2350.50,8.9534
2351.00,9.0099
2351.50,9.0644
2352.00,9.0987
2352.50,9.1084
2353.00,9.0990
2353.50,9.0750
2354.00,9.0317
2354.50,8.9582
2355.00,8.8510
2355.50,8.7255
2356.00,8.6140
2356.50,8.5481
2357.00,8.5395
2357.50,8.5744
2358.00,8.6243
2358.50,8.6620
2359.00,8.6728
2359.50,8.6555
2360.00,8.6212
2360.50,8.5888
2361.00,8.5785
2361.50,8.6019
2362.00,8.6540
2362.50,8.7165
2363.00,8.7661
2363.50,8.7876
2364.00,8.7819
2364.50,8.7646
2365.00,8.7532
2365.50,8.7543
2366.00,8.7613
2366.50,8.7638
2367.00,8.7578
2367.50,8.7485
2368.00,8.7463
2368.50,8.7592
2369.00,8.7845
2369.50,8.8092
2370.00,8.8205
2370.50,8.8183
2371.00,8.8138
2371.50,8.8146
2372.00,8.8147
2372.50,8.8008
2373.00,8.7682
2373.50,8.7279
2374.00,8.6972
2374.50,8.6835
2375.00,8.6763
2375.50,8.6566
2376.00,8.6159
2376.50,8.5685
2377.00,8.5468
2377.50,8.5792
2378.00,8.6715
2378.50,8.8021
2379.00,8.9321
2379.50,9.0229
2380.00,9.0533
2380.50,9.0295
2381.00,8.9817
2381.50,8.9440
2382.00,8.9316
2382.50,8.9322
2383.00,8.9176
2383.50,8.8683
2384.00,8.7921
2384.50,8.7210
2385.00,8.6867
2385.50,8.6983
2386.00,8.7404
2386.50,8.7903
2387.00,8.8383
2387.50,8.8887
2388.00,8.9455
2388.50,8.9957
2389.00,9.0111
2389.50,8.9691
2390.00,8.8759
2390.50,8.7684
2391.00,8.6933
2391.50,8.6785
2392.00,8.7220
2392.50,8.7998
2393.00,8.8829
2393.50,8.9477
2394.00,8.9789
2394.50,8.9715
2395.00,8.9336
2395.50,8.8827
2396.00,8.8340
2396.50,8.7968
2397.00,8.7829
2397.50,8.8098
2398.00,8.8856
2398.50,8.9879
2399.00,9.0683
2399.50,9.0824
2400.00,9.0221
2400.50,8.9235
2401.00,8.8452
2401.50,8.8313
2402.00,8.8834
2402.50,8.9606
2403.00,9.0073
2403.50,8.9917
2404.00,8.9275
2404.50,8.8618
2405.00,8.8363
2405.50,8.8564
2406.00,8.8955
2406.50,8.9247
2407.00,8.9338
2407.50,8.9306
2408.00,8.9295
2408.50,8.9440
2409.00,8.9813
2409.50,9.0396
2410.00,9.1067
2410.50,9.1658
2411.00,9.2011
2411.50,9.2046
2412.00,9.1815
2412.50,9.1487
2413.00,9.1274
2413.50,9.1325
2414.00,9.1659
2414.50,9.2165
2415.00,9.2690
2415.50,9.3172
2416.00,9.3690
2416.50,9.4340
2417.00,9.5084
2417.50,9.5765
2418.00,9.6275
2418.50,9.6644
2419.00,9.6956
2419.50,9.7196
2420.00,9.7236
2420.50,9.6948
2421.00,9.6322
2421.50,9.5464
2422.00,9.4520
2422.50,9.3659
2423.00,9.3090
2423.50,9.3018
2424.00,9.3490
2424.50,9.4311
2425.00,9.5118
2425.50,9.5591
2426.00,9.5614
2426.50,9.5312
2427.00,9.4950
2427.50,9.4748
2428.00,9.4746
2428.50,9.4831
2429.00,9.4880
2429.50,9.4863
2430.00,9.4824
2430.50,9.4808
2431.00,9.4859
2431.50,9.5029
2432.00,9.5341
2432.50,9.5711
2433.00,9.5954
2433.50,9.5890
2434.00,9.5435
2434.50,9.4613
2435.00,9.3553
2435.50,9.2519
2436.00,9.1873
2436.50,9.1868
2437.00,9.2437
2437.50,9.3207
2438.00,9.3765
2438.50,9.3931
2439.00,9.3821
2439.50,9.3651
2440.00,9.3505
2440.50,9.3273
2441.00,9.2818
2441.50,9.2185
2442.00,9.1615
2442.50,9.1352
2443.00,9.1451
2443.50,9.1735
2444.00,9.1879
2444.50,9.1584
2445.00,9.0745
2445.50,8.9561
2446.00,8.8463
2446.50,8.7867
2447.00,8.7946
2447.50,8.8590
2448.00,8.9536
2448.50,9.0524
2449.00,9.1342
2449.50,9.1812
2450.00,9.1795
2450.50,9.1262
2451.00,9.0361
2451.50,8.9386
2452.00,8.8648
2452.50,8.8342
2453.00,8.8521
2453.50,8.9105
2454.00,8.9891
2454.50,9.0558
2455.00,9.0753
2455.50,9.0251
2456.00,8.9095
2456.50,8.7611
2457.00,8.6285
2457.50,8.5557
2458.00,8.5641
2458.50,8.6459
2459.00,8.7731
2459.50,8.9124
2460.00,9.0340
2460.50,9.1128
2461.00,9.1338
2461.50,9.1040
2462.00,9.0550
2462.50,9.0253
2463.00,9.0357
2463.50,9.0805
2464.00,9.1382
2464.50,9.1887
2465.00,9.2201
2465.50,9.2285
2466.00,9.2145
2466.50,9.1814
2467.00,9.1342
2467.50,9.0774
2468.00,9.0170
2468.50,8.9641
2469.00,8.9346
2469.50,8.9419
2470.00,8.9861
2470.50,9.0531
2471.00,9.1209
2471.50,9.1661
2472.00,9.1692
2472.50,9.1245
2473.00,9.0476
2473.50,8.9699
2474.00,8.9201
2474.50,8.9103
2475.00,8.9348
2475.50,8.9770
2476.00,9.0170
2476.50,9.0446
2477.00,9.0662
2477.50,9.0986
2478.00,9.1521
2478.50,9.2227
2479.00,9.2980
2479.50,9.3679
2480.00,9.4269
2480.50,9.4706
2481.00,9.4944
2481.50,9.4967
2482.00,9.4813
2482.50,9.4549
2483.00,9.4234
2483.50,9.3928
2484.00,9.3744
2484.50,9.3838
2485.00,9.4298
2485.50,9.5004
2486.00,9.5644
2486.50,9.5939
2487.00,9.5876
2487.50,9.5682
2488.00,9.5547
2488.50,9.5382
2489.00,9.4901
2489.50,9.3935
2490.00,9.2664
2490.50,9.1528
2491.00,9.0945
2491.50,9.1089
2492.00,9.1883
2492.50,9.3077
2493.00,9.4313
2493.50,9.5191
2494.00,9.5435
2494.50,9.5059
2495.00,9.4398
2495.50,9.3922
2496.00,9.3948
2496.50,9.4463
2497.00,9.5197
2497.50,9.5857
2498.00,9.6313
2498.50,9.6630
2499.00,9.6934
2499.50,9.7265
2500.00,9.7525
2500.50,9.7575
2501.00,9.7374
2501.50,9.6987
2502.00,9.6488
2502.50,9.5883
2503.00,9.5155
2503.50,9.4404
2504.00,9.3910
2504.50,9.4023
2505.00,9.4885
2505.50,9.6254
2506.00,9.7601
2506.50,9.8427
2507.00,9.8516
2507.50,9.7987
2508.00,9.7208
2508.50,9.6658
2509.00,9.6729
2509.50,9.7504
2510.00,9.8673
2510.50,9.9717
2511.00,10.0238
2511.50,10.0170
2512.00,9.9726
2512.50,9.9187
2513.00,9.8749
2513.50,9.8510
2514.00,9.8533
2514.50,9.8848
2515.00,9.9384
2515.50,9.9951
2516.00,10.0335
2516.50,10.0441
2517.00,10.0336
2517.50,10.0161
2518.00,10.0005
2518.50,9.9874
2519.00,9.9750
2519.50,9.9623
2520.00,9.9451
2520.50,9.9136
2521.00,9.8618
2521.50,9.8017
2522.00,9.7618
2522.50,9.7659
2523.00,9.8112
2523.50,9.8702
2524.00,9.9132
2524.50,9.9297
2525.00,9.9297
2525.50,9.9283
2526.00,9.9320
2526.50,9.9372
2527.00,9.9390
2527.50,9.9390
2528.00,9.9434
2528.50,9.9533
2529.00,9.9570
2529.50,9.9365
2530.00,9.8837
2530.50,9.8092
2531.00,9.7348
2531.50,9.6786
2532.00,9.6478
2532.50,9.6410
2533.00,9.6515
2533.50,9.6678
2534.00,9.6763
2534.50,9.6679
2535.00,9.6427
2535.50,9.6116
2536.00,9.5928
2536.50,9.6043
2537.00,9.6499
2537.50,9.7095
2538.00,9.7482
2538.50,9.7410
2539.00,9.6907
2539.50,9.6233
2540.00,9.5713
2540.50,9.5577
2541.00,9.5845
2541.50,9.6279
2542.00,9.6478
2542.50,9.6102
2543.00,9.5102
2543.50,9.3774
2544.00,9.2580
2544.50,9.1899
2545.00,9.1878
2545.50,9.2439
2546.00,9.3341
2546.50,9.4233
2547.00,9.4778
2547.50,9.4854
2548.00,9.4658
2548.50,9.4534
2549.00,9.4657
2549.50,9.4901
2550.00,9.5028
2550.50,9.4957
2551.00,9.4818
2551.50,9.4783
2552.00,9.4876
2552.50,9.4981
2553.00,9.5025
2553.50,9.5100
2554.00,9.5386
2554.50,9.5931
2555.00,9.6559
2555.50,9.6979
2556.00,9.6982
2556.50,9.6577
2557.00,9.5991
2557.50,9.5538
2558.00,9.5437
2558.50,9.5682
2559.00,9.6069
2559.50,9.6334
2560.00,9.6305
2560.50,9.5969
2561.00,9.5483
2561.50,9.5083
2562.00,9.4967
2562.50,9.5222
2563.00,9.5840
2563.50,9.6742
2564.00,9.7750
2564.50,9.8565
2565.00,9.8862
2565.50,9.8486
2566.00,9.7592
2566.50,9.6588
2567.00,9.5899
2567.50,9.5724
2568.00,9.5962
2568.50,9.6330
2569.00,9.6573
2569.50,9.6609
2570.00,9.6551
2570.50,9.6567
2571.00,9.6710
2571.50,9.6865
2572.00,9.6885
2572.50,9.6751
2573.00,9.6590
2573.50,9.6544
2574.00,9.6653
2574.50,9.6858
2575.00,9.7082
2575.50,9.7259
2576.00,9.7310
2576.50,9.7133
2577.00,9.6676
2577.50,9.6022
2578.00,9.5392
2578.50,9.5027
2579.00,9.5059
2579.50,9.5469
2580.00,9.6171
2580.50,9.7091
2581.00,9.8156
2581.50,9.9214
2582.00,10.0044
2582.50,10.0478
2583.00,10.0533
2583.50,10.0405
2584.00,10.0318
2584.50,10.0370
2585.00,10.0464
2585.50,10.0404
2586.00,10.0050
2586.50,9.9442
2587.00,9.8777
2587.50,9.8273
2588.00,9.8027
2588.50,9.7981
2589.00,9.8019
2589.50,9.8102
2590.00,9.8303
2590.50,9.8722
2591.00,9.9348
2591.50,10.0010
2592.00,10.0478
2592.50,10.0583
2593.00,10.0286
2593.50,9.9655
2594.00,9.8820
2594.50,9.7926
2595.00,9.7131
2595.50,9.6617
2596.00,9.6542
2596.50,9.6956
2597.00,9.7741
2597.50,9.8689
2598.00,9.9630
2598.50,10.0482
2599.00,10.1176
2599.50,10.1581
2600.00,10.1552
2600.50,10.1046
2601.00,10.0168
2601.50,9.9104
2602.00,9.8043
2602.50,9.7183
2603.00,9.6749
2603.50,9.6893
2604.00,9.7540
2604.50,9.8383
2605.00,9.9100
2605.50,9.9578
2606.00,9.9898
2606.50,10.0141
2607.00,10.0248
2607.50,10.0082
2608.00,9.9595
2608.50,9.8926
2609.00,9.8357
2609.50,9.8157
2610.00,9.8406
2610.50,9.8924
2611.00,9.9394
2611.50,9.9580
2612.00,9.9469
2612.50,9.9209
2613.00,9.8946
2613.50,9.8726
2614.00,9.8536
2614.50,9.8407
2615.00,9.8460
2615.50,9.8836
2616.00,9.9573
2616.50,10.0515
2617.00,10.1350
2617.50,10.1744
2618.00,10.1503
2618.50,10.0659
2619.00,9.9447
2619.50,9.8200
2620.00,9.7208
2620.50,9.6616
2621.00,9.6423
2621.50,9.6567
2622.00,9.6994
2622.50,9.7607
2623.00,9.8183
2623.50,9.8411
2624.00,9.8114
2624.50,9.7435
2625.00,9.6759
2625.50,9.6405
2626.00,9.6384
2626.50,9.6448
2627.00,9.6360
2627.50,9.6091
2628.00,9.5810
2628.50,9.5715
2629.00,9.5886
2629.50,9.6239
2630.00,9.6585
2630.50,9.6758
2631.00,9.6732
2631.50,9.6636
2632.00,9.6644
2632.50,9.6846
2633.00,9.7184
2633.50,9.7501
2634.00,9.7630
2634.50,9.7470
2635.00,9.7001
2635.50,9.6268
2636.00,9.5388
2636.50,9.4565
2637.00,9.4059
2637.50,9.4072
2638.00,9.4632
2638.50,9.5548
2639.00,9.6511
2639.50,9.7256
2640.00,9.7696
2640.50,9.7925
2641.00,9.8117
2641.50,9.8390
2642.00,9.8731
2642.50,9.9012
2643.00,9.9091
2643.50,9.8888
2644.00,9.8427
2644.50,9.7816
2645.00,9.7197
2645.50,9.6665
2646.00,9.6237
2646.50,9.5885
2647.00,9.5601
2647.50,9.5400
2648.00,9.5259
2648.50,9.5083
2649.00,9.4784
2649.50,9.4387
2650.00,9.4045
2650.50,9.3967
2651.00,9.4333
2651.50,9.5206
2652.00,9.6451
2652.50,9.7738
2653.00,9.8696
2653.50,9.9113
2654.00,9.9031
2654.50,9.8657
2655.00,9.8206
2655.50,9.7816
2656.00,9.7583
2656.50,9.7609
2657.00,9.7977
2657.50,9.8655
2658.00,9.9440
2658.50,10.0029
2659.00,10.0179
2659.50,9.9830
2660.00,9.9136
2660.50,9.8391
2661.00,9.7899
2661.50,9.7823
2662.00,9.8081
2662.50,9.8419
2663.00,9.8637
2663.50,9.8778
2664.00,9.9074
2664.50,9.9675
2665.00,10.0479
2665.50,10.1204
2666.00,10.1611
2666.50,10.1651
2667.00,10.1457
2667.50,10.1241
2668.00,10.1169
2668.50,10.1248
2669.00,10.1332
2669.50,10.1234
2670.00,10.0892
2670.50,10.0442
2671.00,10.0131
2671.50,10.0166
2672.00,10.0590
2672.50,10.1269
2673.00,10.1953
2673.50,10.2393
2674.00,10.2430
2674.50,10.2058
2675.00,10.1405
2675.50,10.0657
2676.00,9.9936
2676.50,9.9240
2677.00,9.8532
2677.50,9.7911
2678.00,9.7677
2678.50,9.8125
2679.00,9.9282
2679.50,10.0837
2680.00,10.2304
2680.50,10.3225
2681.00,10.3313
2681.50,10.2558
2682.00,10.1319
2682.50,10.0199
2683.00,9.9707
2683.50,9.9940
2684.00,10.0593
2684.50,10.1240
2685.00,10.1611
2685.50,10.1660
2686.00,10.1498
2686.50,10.1307
2687.00,10.1271
2687.50,10.1482
2688.00,10.1847
2688.50,10.2122
2689.00,10.2100
2689.50,10.1793
2690.00,10.1412
2690.50,10.1174
2691.00,10.1178
2691.50,10.1436
2692.00,10.1953
2692.50,10.2691
2693.00,10.3482
2693.50,10.4046
2694.00,10.4146
2694.50,10.3747
2695.00,10.3049
2695.50,10.2401
2696.00,10.2164
2696.50,10.2573
2697.00,10.3630
2697.50,10.5070
2698.00,10.6437
2698.50,10.7287
2699.00,10.7400
2699.50,10.6876
2700.00,10.6018
2700.50,10.5134
2701.00,10.4407
2701.50,10.3900
2702.00,10.3572
2702.50,10.3313
2703.00,10.3033
2703.50,10.2763
2704.00,10.2645
2704.50,10.2798
2705.00,10.3201
2705.50,10.3708
2706.00,10.4155
2706.50,10.4430
2707.00,10.4458
2707.50,10.4155
2708.00,10.3474
2708.50,10.2533
2709.00,10.1694
2709.50,10.1407
2710.00,10.1898
2710.50,10.2958
2711.00,10.4057
2711.50,10.4720
2712.00,10.4855
2712.50,10.4764
2713.00,10.4837
2713.50,10.5234
2714.00,10.5834
2714.50,10.6422
2715.00,10.6889
2715.50,10.7244
2716.00,10.7524
2716.50,10.7744
2717.00,10.7897
2717.50,10.7937
2718.00,10.7761
2718.50,10.7267
2719.00,10.6464
2719.50,10.5511
2720.00,10.4626
2720.50,10.3976
2721.00,10.3641
2721.50,10.3635
2722.00,10.3907
2722.50,10.4332
2723.00,10.4749
2723.50,10.5047
2724.00,10.5226
2724.50,10.5399
2725.00,10.5705
2725.50,10.6211
2726.00,10.6842
2726.50,10.7410
2727.00,10.7726
2727.50,10.7731
2728.00,10.7533
2728.50,10.7345
2729.00,10.7360
2729.50,10.7656
2730.00,10.8166
2730.50,10.8727
2731.00,10.9157
2731.50,10.9333
2732.00,10.9236
2732.50,10.8938
2733.00,10.8549
2733.50,10.8151
2734.00,10.7779
2734.50,10.7476
2735.00,10.7335
2735.50,10.7473
2736.00,10.7929
2736.50,10.8590
2737.00,10.9244
2737.50,10.9723
2738.00,10.9998
2738.50,11.0143
2739.00,11.0217
2739.50,11.0213
2740.00,11.0078
2740.50,10.9764
2741.00,10.9275
2741.50,10.8690
2742.00,10.8178
2742.50,10.7954
2743.00,10.8169
2743.50,10.8785
2744.00,10.9536
2744.50,11.0032
2745.00,10.9960
2745.50,10.9284
2746.00,10.8284
2746.50,10.7402
2747.00,10.6936
2747.50,10.6843
2748.00,10.6813
2748.50,10.6538
2749.00,10.5953
2749.50,10.5233
2750.00,10.4626
2750.50,10.4299
2751.00,10.4309
2751.50,10.4634
2752.00,10.5168
2752.50,10.5709
2753.00,10.6024
2753.50,10.5991
2754.00,10.5695
2754.50,10.5359
2755.00,10.5177
2755.50,10.5145
2756.00,10.5079
2756.50,10.4800
2757.00,10.4325
2757.50,10.3888
2758.00,10.3766
2758.50,10.4079
2759.00,10.4730
2759.50,10.5458
2760.00,10.5961
2760.50,10.6016
2761.00,10.5596
2761.50,10.4901
2762.00,10.4262
2762.50,10.3938
2763.00,10.3974
2763.50,10.4259
2764.00,10.4702
2764.50,10.5316
2765.00,10.6085
2765.50,10.6791
2766.00,10.7061
2766.50,10.6646
2767.00,10.5668
2767.50,10.4584
2768.00,10.3896
2768.50,10.3831
2769.00,10.4223
2769.50,10.4664
2770.00,10.4835
2770.50,10.4756
2771.00,10.4752
2771.50,10.5119
2772.00,10.5833
2772.50,10.6562
2773.00,10.6939
2773.50,10.6809
2774.00,10.6288
2774.50,10.5660
2775.00,10.5208
2775.50,10.5069
2776.00,10.5160
2776.50,10.5270
2777.00,10.5239
2777.50,10.5089
2778.00,10.5004
2778.50,10.5178
2779.00,10.5639
2779.50,10.6179
2780.00,10.6457
2780.50,10.6227
2781.00,10.5494
2781.50,10.4485
2782.00,10.3476
2782.50,10.2667
2783.00,10.2152
2783.50,10.1928
2784.00,10.1905
2784.50,10.1964
2785.00,10.2016
2785.50,10.2018
2786.00,10.1928
2786.50,10.1690
2787.00,10.1296
2787.50,10.0865
2788.00,10.0643
2788.50,10.0849
2789.00,10.1489
2789.50,10.2313
2790.00,10.2984
2790.50,10.3280
2791.00,10.3175
2791.50,10.2779
2792.00,10.2256
2792.50,10.1756
2793.00,10.1382
2793.50,10.1184
2794.00,10.1182
2794.50,10.1380
2795.00,10.1750
2795.50,10.2225
2796.00,10.2713
2796.50,10.3115
2797.00,10.3314
2797.50,10.3172
2798.00,10.2577
2798.50,10.1554
2799.00,10.0323
2799.50,9.9244
2800.00,9.8650
2800.50,9.8691
2801.00,9.9320
2801.50,10.0379
2802.00,10.1705
2802.50,10.3139
2803.00,10.4490
2803.50,10.5527
2804.00,10.6067
2804.50,10.6080
2805.00,10.5713
2805.50,10.5176
2806.00,10.4623
2806.50,10.4145
2807.00,10.3823
2807.50,10.3744
2808.00,10.3937
2808.50,10.4326
2809.00,10.4763
2809.50,10.5116
2810.00,10.5337
2810.50,10.5465
2811.00,10.5544
2811.50,10.5553
2812.00,10.5434
2812.50,10.5198
2813.00,10.4961
2813.50,10.4864
2814.00,10.4960
2814.50,10.5194
2815.00,10.5476
2815.50,10.5755
2816.00,10.6032
2816.50,10.6320
2817.00,10.6578
2817.50,10.6700
2818.00,10.6572
2818.50,10.6161
2819.00,10.5566
2819.50,10.5015
2820.00,10.4790
2820.50,10.5080
2821.00,10.5832
2821.50,10.6767
2822.00,10.7558
2822.50,10.8027
2823.00,10.8174
2823.50,10.8096
2824.00,10.7897
2824.50,10.7658
2825.00,10.7414
2825.50,10.7161
2826.00,10.6899
2826.50,10.6678
2827.00,10.6589
2827.50,10.6694
2828.00,10.6985
2828.50,10.7405
2829.00,10.7880
2829.50,10.8312
2830.00,10.8569
2830.50,10.8533
2831.00,10.8181
2831.50,10.7653
2832.00,10.7228
2832.50,10.7185
2833.00,10.7619
2833.50,10.8374
2834.00,10.9162
2834.50,10.9764
2835.00,11.0122
2835.50,11.0280
2836.00,11.0272
2836.50,11.0068
2837.00,10.9620
2837.50,10.8957
2838.00,10.8279
2838.50,10.7913
2839.00,10.8109
2839.50,10.8806
2840.00,10.9602
2840.50,11.0017
2841.00,10.9835
2841.50,10.9240
2842.00,10.8640
2842.50,10.8363
2843.00,10.8484
2843.50,10.8871
2844.00,10.9315
2844.50,10.9647
2845.00,10.9769
2845.50,10.9671
2846.00,10.9424
2846.50,10.9134
2847.00,10.8869
2847.50,10.8630
2848.00,10.8423
2848.50,10.8332
2849.00,10.8485
2849.50,10.8919
2850.00,10.9516
2850.50,11.0117
2851.00,11.0634
2851.50,11.1037
2852.00,11.1236
2852.50,11.1074
2853.00,11.0482
2853.50,10.9635
2854.00,10.8905
2854.50,10.8612
2855.00,10.8777
2855.50,10.9100
2856.00,10.9191
2856.50,10.8845
2857.00,10.8140
2857.50,10.7298
2858.00,10.6495
2858.50,10.5792
2859.00,10.5208
2859.50,10.4806
2860.00,10.4678
2860.50,10.4867
2861.00,10.5286
2861.50,10.5726
2862.00,10.5961
2862.50,10.5909
2863.00,10.5706
2863.50,10.5634
2864.00,10.5932
2864.50,10.6623
2865.00,10.7479
2865.50,10.8129
2866.00,10.8253
2866.50,10.7751
2867.00,10.6822
2867.50,10.5873
2868.00,10.5277
2868.50,10.5153
2869.00,10.5343
2869.50,10.5590
2870.00,10.5740
2870.50,10.5821
2871.00,10.5957
2871.50,10.6212
2872.00,10.6494
2872.50,10.6624
2873.00,10.6508
2873.50,10.6240
2874.00,10.6044
2874.50,10.6099
2875.00,10.6418
2875.50,10.6852
2876.00,10.7199
2876.50,10.7324
2877.00,10.7235
2877.50,10.7069
2878.00,10.6980
2878.50,10.7006
2879.00,10.7051
2879.50,10.6992
2880.00,10.6791
2880.50,10.6492
2881.00,10.6172
2881.50,10.5943
2882.00,10.5970
2882.50,10.6379
2883.00,10.7101
2883.50,10.7860
2884.00,10.8379
2884.50,10.8589
2885.00,10.8632
2885.50,10.8690
2886.00,10.8839
2886.50,10.9030
2887.00,10.9171
2887.50,10.9192
2888.00,10.9069
2888.50,10.8795
2889.00,10.8346
2889.50,10.7711
2890.00,10.6989
2890.50,10.6421
2891.00,10.6263
2891.50,10.6563
2892.00,10.7109
2892.50,10.7601
2893.00,10.7870
2893.50,10.7902
2894.00,10.7697
2894.50,10.7184
2895.00,10.6331
2895.50,10.5287
2896.00,10.4371
2896.50,10.3879
2897.00,10.3886
2897.50,10.4198
2898.00,10.4474
2898.50,10.4431
2899.00,10.4001
2899.50,10.3376
2900.00,10.2909
2900.50,10.2883
2901.00,10.3337
2901.50,10.4086
2902.00,10.4885
2902.50,10.5582
2903.00,10.6118
2903.50,10.6476
2904.00,10.6644
2904.50,10.6635
