0.00,0.0000
0.50,0.7931
1.00,1.8680
1.50,3.1359
2.00,4.4592
2.50,5.7042
3.00,6.7817
3.50,7.6603
4.00,8.3570
4.50,8.9174
5.00,9.3925
5.50,9.8181
6.00,10.2052
6.50,10.5425
7.00,10.8115
7.50,11.0059
8.00,11.1449
8.50,11.2672
9.00,11.4128
9.50,11.6033
10.00,11.8350
10.50,12.0828
11.00,12.3147
11.50,12.5093
12.00,12.6642
12.50,12.7908
13.00,12.9004
13.50,12.9977
14.00,13.0860
14.50,13.1741
15.00,13.2765
15.50,13.4050
16.00,13.5609
16.50,13.7329
17.00,13.9010
17.50,14.0446
18.00,14.1479
18.50,14.2055
19.00,14.2238
19.50,14.2205
20.00,14.2180
20.50,14.2336
21.00,14.2736
21.50,14.3318
22.00,14.3942
22.50,14.4480
23.00,14.4932
23.50,14.5470
24.00,14.6318
24.50,14.7532
25.00,14.8903
25.50,15.0110
26.00,15.0983
26.50,15.1615
27.00,15.2248
27.50,15.3082
28.00,15.4164
28.50,15.5384
29.00,15.6543
29.50,15.7439
30.00,15.7951
30.50,15.8082
31.00,15.7964
31.50,15.7809
32.00,15.7829
32.50,15.8130
33.00,15.8676
33.50,15.9362
34.00,16.0125
34.50,16.0962
35.00,16.1859
35.50,16.2718
36.00,16.3386
36.50,16.3753
37.00,16.3845
37.50,16.3804
38.00,16.3771
38.50,16.3785
39.00,16.3804
39.50,16.3827
40.00,16.3983
40.50,16.4472
41.00,16.5418
41.50,16.6769
42.00,16.8305
42.50,16.9727
43.00,17.0786
43.50,17.1398
44.00,17.1706
44.50,17.1985
45.00,17.2443
45.50,17.3098
46.00,17.3851
46.50,17.4644
47.00,17.5494
47.50,17.6395
48.00,17.7247
48.50,17.7925
49.00,17.8410
49.50,17.8776
50.00,17.9060
50.50,17.9219
51.00,17.9219
51.50,17.9130
52.00,17.9085
52.50,17.9202
53.00,17.9557
53.50,18.0202
54.00,18.1136
54.50,18.2269
55.00,18.3447
55.50,18.4502
56.00,18.5304
56.50,18.5805
57.00,18.6047
57.50,18.6153
58.00,18.6296
58.50,18.6671
59.00,18.7430
59.50,18.8557
60.00,18.9791
60.50,19.0742
61.00,19.1158
61.50,19.1124
62.00,19.0996
62.50,19.1133
63.00,19.1627
63.50,19.2271
64.00,19.2755
64.50,19.2893
65.00,19.2724
65.50,19.2471
66.00,19.2424
66.50,19.2804
67.00,19.3638
67.50,19.4751
68.00,19.5908
68.50,19.6950
69.00,19.7812
69.50,19.8437
70.00,19.8758
70.50,19.8790
71.00,19.8715
71.50,19.8815
72.00,19.9266
72.50,19.9985
73.00,20.0669
73.50,20.1007
74.00,20.0915
74.50,20.0628
75.00,20.0598
75.50,20.1200
76.00,20.2436
76.50,20.3900
77.00,20.5071
77.50,20.5701
78.00,20.5953
78.50,20.6207
79.00,20.6743
79.50,20.7560
80.00,20.8401
80.50,20.8938
81.00,20.8978
81.50,20.8578
82.00,20.7999
82.50,20.7522
83.00,20.7299
83.50,20.7333
84.00,20.7550
84.50,20.7877
85.00,20.8258
85.50,20.8636
86.00,20.8957
86.50,20.9196
87.00,20.9394
87.50,20.9649
88.00,21.0048
88.50,21.0584
89.00,21.1152
89.50,21.1630
90.00,21.1980
90.50,21.2248
91.00,21.2462
91.50,21.2571
92.00,21.2525
92.50,21.2399
93.00,21.2389
93.50,21.2662
94.00,21.3212
94.50,21.3871
95.00,21.4438
95.50,21.4800
96.00,21.4967
96.50,21.5042
97.00,21.5160
97.50,21.5433
98.00,21.5941
98.50,21.6716
99.00,21.7712
99.50,21.8768
100.00,21.9629
100.50,22.0059
101.00,22.0000
101.50,21.9655
102.00,21.9379
102.50,21.9437
103.00,21.9828
103.50,22.0356
104.00,22.0849
104.50,22.1318
105.00,22.1893
105.50,22.2629
106.00,22.3414
106.50,22.4074
107.00,22.4527
107.50,22.4834
108.00,22.5125
108.50,22.5521
109.00,22.6076
109.50,22.6733
110.00,22.7309
110.50,22.7609
111.00,22.7584
111.50,22.7394
112.00,22.7272
112.50,22.7332
113.00,22.7500
113.50,22.7617
114.00,22.7592
114.50,22.7450
115.00,22.7305
115.50,22.7325
116.00,22.7687
116.50,22.8495
117.00,22.9671
117.50,23.0940
118.00,23.1957
118.50,23.2504
119.00,23.2594
119.50,23.2407
120.00,23.2144
120.50,23.1936
121.00,23.1846
121.50,23.1921
122.00,23.2235
122.50,23.2886
123.00,23.3928
123.50,23.5261
124.00,23.6591
124.50,23.7570
125.00,23.8026
125.50,23.8057
126.00,23.7891
126.50,23.7676
127.00,23.7443
127.50,23.7228
128.00,23.7184
128.50,23.7504
129.00,23.8243
129.50,23.9223
130.00,24.0148
130.50,24.0796
131.00,24.1132
131.50,24.1253
132.00,24.1280
132.50,24.1319
133.00,24.1465
133.50,24.1782
134.00,24.2225
134.50,24.2612
135.00,24.2736
135.50,24.2532
136.00,24.2152
136.50,24.1856
137.00,24.1827
137.50,24.2112
138.00,24.2673
138.50,24.3443
139.00,24.4287
139.50,24.4996
140.00,24.5393
140.50,24.5448
141.00,24.5290
141.50,24.5113
142.00,24.5108
142.50,24.5427
143.00,24.6118
143.50,24.7069
144.00,24.8038
144.50,24.8781
145.00,24.9148
145.50,24.9109
146.00,24.8771
146.50,24.8357
147.00,24.8121
147.50,24.8211
148.00,24.8606
148.50,24.9171
149.00,24.9735
149.50,25.0153
150.00,25.0333
150.50,25.0271
151.00,25.0044
151.50,24.9776
152.00,24.9576
152.50,24.9519
153.00,24.9633
153.50,24.9910
154.00,25.0298
154.50,25.0716
155.00,25.1081
155.50,25.1303
156.00,25.1298
156.50,25.1049
157.00,25.0671
157.50,25.0390
158.00,25.0420
158.50,25.0830
159.00,25.1531
159.50,25.2331
160.00,25.3027
160.50,25.3467
161.00,25.3585
161.50,25.3401
162.00,25.3008
162.50,25.2574
163.00,25.2317
163.50,25.2412
164.00,25.2882
164.50,25.3579
165.00,25.4298
165.50,25.4902
166.00,25.5362
166.50,25.5696
167.00,25.5901
167.50,25.5941
168.00,25.5800
168.50,25.5546
169.00,25.5332
169.50,25.5301
170.00,25.5502
170.50,25.5910
171.00,25.6489
171.50,25.7209
172.00,25.7986
172.50,25.8670
173.00,25.9095
173.50,25.9152
174.00,25.8849
174.50,25.8335
175.00,25.7858
175.50,25.7657
176.00,25.7806
176.50,25.8133
177.00,25.8340
177.50,25.8250
178.00,25.8002
178.50,25.7990
179.00,25.8593
179.50,25.9903
180.00,26.1662
180.50,26.3418
181.00,26.4757
181.50,26.5464
182.00,26.5572
182.50,26.5305
183.00,26.4937
183.50,26.4657
184.00,26.4541
184.50,26.4626
185.00,26.4951
185.50,26.5482
186.00,26.6015
186.50,26.6242
187.00,26.5943
187.50,26.5145
188.00,26.4123
188.50,26.3266
189.00,26.2922
189.50,26.3270
190.00,26.4253
190.50,26.5601
191.00,26.6921
191.50,26.7832
192.00,26.8115
192.50,26.7795
193.00,26.7134
193.50,26.6497
194.00,26.6168
194.50,26.6201
195.00,26.6403
195.50,26.6508
196.00,26.6420
196.50,26.6304
197.00,26.6406
197.50,26.6807
198.00,26.7355
198.50,26.7797
199.00,26.7960
199.50,26.7838
200.00,26.7559
200.50,26.7280
201.00,26.7091
201.50,26.7000
202.00,26.6983
202.50,26.7044
203.00,26.7229
203.50,26.7612
204.00,26.8232
204.50,26.9047
205.00,26.9926
205.50,27.0720
206.00,27.1321
206.50,27.1664
207.00,27.1704
207.50,27.1462
208.00,27.1091
208.50,27.0823
209.00,27.0799
209.50,27.0980
210.00,27.1235
210.50,27.1503
211.00,27.1836
211.50,27.2308
212.00,27.2936
212.50,27.3654
213.00,27.4321
213.50,27.4770
214.00,27.4894
214.50,27.4712
215.00,27.4320
215.50,27.3807
216.00,27.3249
216.50,27.2755
217.00,27.2463
217.50,27.2441
218.00,27.2625
218.50,27.2902
219.00,27.3248
219.50,27.3742
220.00,27.4396
220.50,27.5039
221.00,27.5442
221.50,27.5580
222.00,27.5710
222.50,27.6143
223.00,27.6932
223.50,27.7782
224.00,27.8251
224.50,27.8082
225.00,27.7401
225.50,27.6630
226.00,27.6200
226.50,27.6264
227.00,27.6650
227.50,27.7038
228.00,27.7223
228.50,27.7225
229.00,27.7197
229.50,27.7259
230.00,27.7445
230.50,27.7737
231.00,27.8074
231.50,27.8346
232.00,27.8455
232.50,27.8426
233.00,27.8410
233.50,27.8546
234.00,27.8848
234.50,27.9260
235.00,27.9768
235.50,28.0396
236.00,28.1115
236.50,28.1822
237.00,28.2398
237.50,28.2759
238.00,28.2832
238.50,28.2567
239.00,28.2012
239.50,28.1364
240.00,28.0909
240.50,28.0861
241.00,28.1195
241.50,28.1613
242.00,28.1724
242.50,28.1341
243.00,28.0623
243.50,27.9916
244.00,27.9424
244.50,27.9053
245.00,27.8567
245.50,27.7876
246.00,27.7134
246.50,27.6589
247.00,27.6370
247.50,27.6429
248.00,27.6627
248.50,27.6847
249.00,27.7061
249.50,27.7334
250.00,27.7754
250.50,27.8318
251.00,27.8878
251.50,27.9254
252.00,27.9387
252.50,27.9384
253.00,27.9410
253.50,27.9550
254.00,27.9791
254.50,28.0072
255.00,28.0357
255.50,28.0635
256.00,28.0881
256.50,28.1054
257.00,28.1160
257.50,28.1292
258.00,28.1561
258.50,28.1939
259.00,28.2211
259.50,28.2110
260.00,28.1549
260.50,28.0718
261.00,27.9969
261.50,27.9584
262.00,27.9614
262.50,27.9915
263.00,28.0280
263.50,28.0571
264.00,28.0757
264.50,28.0909
265.00,28.1177
265.50,28.1714
266.00,28.2545
266.50,28.3492
267.00,28.4285
267.50,28.4782
268.00,28.5108
268.50,28.5560
269.00,28.6337
269.50,28.7325
270.00,28.8131
270.50,28.8376
271.00,28.8020
271.50,28.7397
272.00,28.6894
272.50,28.6584
273.00,28.6202
273.50,28.5487
274.00,28.4519
274.50,28.3719
275.00,28.3529
275.50,28.4058
276.00,28.4976
276.50,28.5737
277.00,28.5936
277.50,28.5538
278.00,28.4805
278.50,28.4045
279.00,28.3424
279.50,28.3007
280.00,28.2882
280.50,28.3217
281.00,28.4137
281.50,28.5527
282.00,28.6986
282.50,28.8015
283.00,28.8347
283.50,28.8114
284.00,28.7709
284.50,28.7467
285.00,28.7444
285.50,28.7471
286.00,28.7371
286.50,28.7117
287.00,28.6823
287.50,28.6652
288.00,28.6757
288.50,28.7252
289.00,28.8164
289.50,28.9369
290.00,29.0620
290.50,29.1697
291.00,29.2540
291.50,29.3205
292.00,29.3704
292.50,29.3935
293.00,29.3768
293.50,29.3170
294.00,29.2271
294.50,29.1360
295.00,29.0811
295.50,29.0882
296.00,29.1505
296.50,29.2263
297.00,29.2659
297.50,29.2472
298.00,29.1907
298.50,29.1422
299.00,29.1395
299.50,29.1903
300.00,29.2693
300.50,29.3346
301.00,29.3543
301.50,29.3273
302.00,29.2845
302.50,29.2631
303.00,29.2727
303.50,29.2870
304.00,29.2675
304.50,29.1989
305.00,29.1033
305.50,29.0204
306.00,28.9787
306.50,28.9823
307.00,29.0174
307.50,29.0636
308.00,29.1000
308.50,29.1115
309.00,29.0956
309.50,29.0626
310.00,29.0262
310.50,28.9965
311.00,28.9799
311.50,28.9789
312.00,28.9920
312.50,29.0184
313.00,29.0618
313.50,29.1273
314.00,29.2100
314.50,29.2936
315.00,29.3606
315.50,29.4039
316.00,29.4272
316.50,29.4388
317.00,29.4459
317.50,29.4526
318.00,29.4605
318.50,29.4691
319.00,29.4798
319.50,29.4943
320.00,29.5110
320.50,29.5242
321.00,29.5293
321.50,29.5260
322.00,29.5150
322.50,29.4938
323.00,29.4604
323.50,29.4210
324.00,29.3932
324.50,29.4016
325.00,29.4645
325.50,29.5761
326.00,29.6990
326.50,29.7815
327.00,29.7935
327.50,29.7478
328.00,29.6872
328.50,29.6493
329.00,29.6424
329.50,29.6494
330.00,29.6512
330.50,29.6428
331.00,29.6330
331.50,29.6324
332.00,29.6455
332.50,29.6711
333.00,29.7084
333.50,29.7595
334.00,29.8285
334.50,29.9152
335.00,30.0138
335.50,30.1138
336.00,30.2020
336.50,30.2623
337.00,30.2783
337.50,30.2424
338.00,30.1620
338.50,30.0580
339.00,29.9533
339.50,29.8637
340.00,29.7952
340.50,29.7467
341.00,29.7148
341.50,29.6987
342.00,29.7026
342.50,29.7300
343.00,29.7750
343.50,29.8200
344.00,29.8483
344.50,29.8603
345.00,29.8751
345.50,29.9137
346.00,29.9786
346.50,30.0503
347.00,30.1013
347.50,30.1135
348.00,30.0865
348.50,30.0335
349.00,29.9765
349.50,29.9404
350.00,29.9421
350.50,29.9765
351.00,30.0141
351.50,30.0218
352.00,29.9918
352.50,29.9508
353.00,29.9353
353.50,29.9581
354.00,29.9977
354.50,30.0154
355.00,29.9804
355.50,29.8845
356.00,29.7442
356.50,29.5945
357.00,29.4745
357.50,29.4130
358.00,29.4220
358.50,29.4992
359.00,29.6312
359.50,29.7942
360.00,29.9559
360.50,30.0829
361.00,30.1524
361.50,30.1617
362.00,30.1283
362.50,30.0775
363.00,30.0265
363.50,29.9778
364.00,29.9295
364.50,29.8877
365.00,29.8640
365.50,29.8626
366.00,29.8752
366.50,29.8901
367.00,29.9021
367.50,29.9132
368.00,29.9286
368.50,29.9542
369.00,29.9911
369.50,30.0353
370.00,30.0845
370.50,30.1499
371.00,30.2493
371.50,30.3829
372.00,30.5144
372.50,30.5849
373.00,30.5514
373.50,30.4177
374.00,30.2361
374.50,30.0799
375.00,30.0057
375.50,30.0235
376.00,30.0931
376.50,30.1488
377.00,30.1411
377.50,30.0652
378.00,29.9591
378.50,29.8776
379.00,29.8649
379.50,29.9412
380.00,30.0986
380.50,30.3014
381.00,30.4935
381.50,30.6214
382.00,30.6657
382.50,30.6516
383.00,30.6262
383.50,30.6197
384.00,30.6262
384.50,30.6168
385.00,30.5690
385.50,30.4839
386.00,30.3845
386.50,30.2995
387.00,30.2465
387.50,30.2218
388.00,30.2066
388.50,30.1852
389.00,30.1585
389.50,30.1421
390.00,30.1479
390.50,30.1719
391.00,30.1984
391.50,30.2131
392.00,30.2107
392.50,30.1928
393.00,30.1636
393.50,30.1329
394.00,30.1191
394.50,30.1440
395.00,30.2151
395.50,30.3124
396.00,30.3960
396.50,30.4335
397.00,30.4222
397.50,30.3876
398.00,30.3621
398.50,30.3635
399.00,30.3895
399.50,30.4245
400.00,30.4501
400.50,30.4540
401.00,30.4348
401.50,30.4039
402.00,30.3806
402.50,30.3851
403.00,30.4299
403.50,30.5115
404.00,30.6040
404.50,30.6670
405.00,30.6677
405.50,30.6034
406.00,30.5028
406.50,30.4052
407.00,30.3354
407.50,30.2952
408.00,30.2722
408.50,30.2556
409.00,30.2424
409.50,30.2343
410.00,30.2330
410.50,30.2395
411.00,30.2562
411.50,30.2877
412.00,30.3371
412.50,30.3994
413.00,30.4583
413.50,30.4931
414.00,30.4958
414.50,30.4810
415.00,30.4775
415.50,30.5035
416.00,30.5495
416.50,30.5841
417.00,30.5795
417.50,30.5357
418.00,30.4804
418.50,30.4470
419.00,30.4506
419.50,30.4848
420.00,30.5382
420.50,30.6075
421.00,30.6977
421.50,30.8087
422.00,30.9231
422.50,31.0062
423.00,31.0195
423.50,30.9445
424.00,30.7977
424.50,30.6253
425.00,30.4792
425.50,30.3912
426.00,30.3613
426.50,30.3665
427.00,30.3784
427.50,30.3792
428.00,30.3660
428.50,30.3504
429.00,30.3530
429.50,30.3951
430.00,30.4865
430.50,30.6148
431.00,30.7454
431.50,30.8361
432.00,30.8618
432.50,30.8337
433.00,30.7937
433.50,30.7841
434.00,30.8138
434.50,30.8546
435.00,30.8721
435.50,30.8639
436.00,30.8624
436.50,30.9002
437.00,30.9726
437.50,31.0371
438.00,31.0486
438.50,30.9957
439.00,30.9046
439.50,30.8144
440.00,30.7492
440.50,30.7118
441.00,30.6959
441.50,30.6982
442.00,30.7181
442.50,30.7494
443.00,30.7808
443.50,30.8075
444.00,30.8387
444.50,30.8860
445.00,30.9451
445.50,30.9914
446.00,30.9979
446.50,30.9564
447.00,30.8825
447.50,30.8012
448.00,30.7325
448.50,30.6868
449.00,30.6712
449.50,30.6894
450.00,30.7349
450.50,30.7848
451.00,30.8092
451.50,30.7915
452.00,30.7424
452.50,30.6933
453.00,30.6720
453.50,30.6821
454.00,30.7033
454.50,30.7092
455.00,30.6858
455.50,30.6383
456.00,30.5888
456.50,30.5703
457.00,30.6145
457.50,30.7309
458.00,30.8928
458.50,31.0468
459.00,31.1430
459.50,31.1628
460.00,31.1235
460.50,31.0602
461.00,31.0010
461.50,30.9548
462.00,30.9184
462.50,30.8888
463.00,30.8652
463.50,30.8417
464.00,30.8092
464.50,30.7688
465.00,30.7385
465.50,30.7404
466.00,30.7775
466.50,30.8258
467.00,30.8512
467.50,30.8407
468.00,30.8206
468.50,30.8423
469.00,30.9386
469.50,31.0882
470.00,31.2230
470.50,31.2759
471.00,31.2255
471.50,31.1034
472.00,30.9646
472.50,30.8521
473.00,30.7812
473.50,30.7490
474.00,30.7516
474.50,30.7901
475.00,30.8642
475.50,30.9641
476.00,31.0752
476.50,31.1859
477.00,31.2891
477.50,31.3773
478.00,31.4412
478.50,31.4748
479.00,31.4808
479.50,31.4670
480.00,31.4417
480.50,31.4118
481.00,31.3841
481.50,31.3662
482.00,31.3640
482.50,31.3783
483.00,31.4007
483.50,31.4155
484.00,31.4081
484.50,31.3763
485.00,31.3318
485.50,31.2877
486.00,31.2442
486.50,31.1877
487.00,31.1058
487.50,31.0031
488.00,30.9009
488.50,30.8217
489.00,30.7759
489.50,30.7647
490.00,30.7891
490.50,30.8486
491.00,30.9324
491.50,31.0192
492.00,31.0906
492.50,31.1428
493.00,31.1822
493.50,31.2139
494.00,31.2396
494.50,31.2637
495.00,31.2941
495.50,31.3305
496.00,31.3552
496.50,31.3425
497.00,31.2785
497.50,31.1724
498.00,31.0520
498.50,30.9549
499.00,30.9211
499.50,30.9810
500.00,31.1366
500.50,31.3510
501.00,31.5596
501.50,31.7000
502.00,31.7416
502.50,31.6952
503.00,31.6023
503.50,31.5115
504.00,31.4553
504.50,31.4406
505.00,31.4567
505.50,31.4895
506.00,31.5302
506.50,31.5709
507.00,31.6011
507.50,31.6112
508.00,31.5971
508.50,31.5583
509.00,31.4978
509.50,31.4281
510.00,31.3743
510.50,31.3620
511.00,31.3993
511.50,31.4730
512.00,31.5618
512.50,31.6461
513.00,31.7052
513.50,31.7140
514.00,31.6551
514.50,31.5402
515.00,31.4152
515.50,31.3376
516.00,31.3402
516.50,31.4155
517.00,31.5295
517.50,31.6471
518.00,31.7447
518.50,31.8078
519.00,31.8287
519.50,31.8092
520.00,31.7565
520.50,31.6736
521.00,31.5585
521.50,31.4210
522.00,31.2931
522.50,31.2130
523.00,31.1981
523.50,31.2337
524.00,31.2910
524.50,31.3483
525.00,31.3968
525.50,31.4322
526.00,31.4496
526.50,31.4506
527.00,31.4519
527.50,31.4754
528.00,31.5255
528.50,31.5774
529.00,31.5936
529.50,31.5537
530.00,31.4706
530.50,31.3823
531.00,31.3303
531.50,31.3395
532.00,31.4074
532.50,31.5041
533.00,31.5867
533.50,31.6211
534.00,31.6023
534.50,31.5560
535.00,31.5179
535.50,31.5082
536.00,31.5238
536.50,31.5530
537.00,31.5916
537.50,31.6427
538.00,31.7079
538.50,31.7828
539.00,31.8628
539.50,31.9455
540.00,32.0247
540.50,32.0863
541.00,32.1178
541.50,32.1206
542.00,32.1138
542.50,32.1216
543.00,32.1579
543.50,32.2186
544.00,32.2853
544.50,32.3349
545.00,32.3501
545.50,32.3293
546.00,32.2896
546.50,32.2575
547.00,32.2524
547.50,32.2753
548.00,32.3122
548.50,32.3442
549.00,32.3589
549.50,32.3555
550.00,32.3419
550.50,32.3264
551.00,32.3088
551.50,32.2836
552.00,32.2514
552.50,32.2236
553.00,32.2139
553.50,32.2246
554.00,32.2443
554.50,32.2596
555.00,32.2647
555.50,32.2586
556.00,32.2369
556.50,32.1940
557.00,32.1374
557.50,32.0944
558.00,32.0954
558.50,32.1488
559.00,32.2326
559.50,32.3123
560.00,32.3649
560.50,32.3887
561.00,32.3944
561.50,32.3910
562.00,32.3782
562.50,32.3491
563.00,32.3001
563.50,32.2393
564.00,32.1850
564.50,32.1560
565.00,32.1614
565.50,32.1988
566.00,32.2582
566.50,32.3251
567.00,32.3832
567.50,32.4202
568.00,32.4372
568.50,32.4485
569.00,32.4684
569.50,32.4941
570.00,32.5056
570.50,32.4844
571.00,32.4334
571.50,32.3752
572.00,32.3332
572.50,32.3138
573.00,32.3070
573.50,32.2988
574.00,32.2829
574.50,32.2647
575.00,32.2563
575.50,32.2674
576.00,32.2974
576.50,32.3328
577.00,32.3553
577.50,32.3544
578.00,32.3363
578.50,32.3213
579.00,32.3265
579.50,32.3505
580.00,32.3711
580.50,32.3605
581.00,32.3081
581.50,32.2311
582.00,32.1670
582.50,32.1512
583.00,32.1959
583.50,32.2865
584.00,32.3938
584.50,32.4928
585.00,32.5738
585.50,32.6376
586.00,32.6861
586.50,32.7176
587.00,32.7312
587.50,32.7286
588.00,32.7108
588.50,32.6757
589.00,32.6227
589.50,32.5587
590.00,32.4978
590.50,32.4533
591.00,32.4304
591.50,32.4280
592.00,32.4453
592.50,32.4858
593.00,32.5520
593.50,32.6388
594.00,32.7321
594.50,32.8139
595.00,32.8664
595.50,32.8764
596.00,32.8447
596.50,32.7923
597.00,32.7537
597.50,32.7554
598.00,32.7950
598.50,32.8410
599.00,32.8551
599.50,32.8217
600.00,32.7610
600.50,32.7159
601.00,32.7204
601.50,32.7760
602.00,32.8519
602.50,32.9093
603.00,32.9279
603.50,32.9142
604.00,32.8875
604.50,32.8600
605.00,32.8324
605.50,32.8025
606.00,32.7722
606.50,32.7456
607.00,32.7244
607.50,32.7081
608.00,32.6970
608.50,32.6905
609.00,32.6798
609.50,32.6480
610.00,32.5837
610.50,32.4993
611.00,32.4321
611.50,32.4207
612.00,32.4737
612.50,32.5584
613.00,32.6221
613.50,32.6313
614.00,32.5976
614.50,32.5672
615.00,32.5793
615.50,32.6319
616.00,32.6870
616.50,32.7068
617.00,32.6845
617.50,32.6402
618.00,32.5949
618.50,32.5545
619.00,32.5192
619.50,32.4983
620.00,32.5074
620.50,32.5492
621.00,32.6009
621.50,32.6232
622.00,32.5842
622.50,32.4815
623.00,32.3446
623.50,32.2190
624.00,32.1391
624.50,32.1123
625.00,32.1253
625.50,32.1634
626.00,32.2182
626.50,32.2793
627.00,32.3303
627.50,32.3583
628.00,32.3642
628.50,32.3589
629.00,32.3508
629.50,32.3426
630.00,32.3393
630.50,32.3562
631.00,32.4115
631.50,32.5095
632.00,32.6286
632.50,32.7299
633.00,32.7816
633.50,32.7774
634.00,32.7346
634.50,32.6759
635.00,32.6165
635.50,32.5611
636.00,32.5051
636.50,32.4395
637.00,32.3623
637.50,32.2900
638.00,32.2522
638.50,32.2683
639.00,32.3307
639.50,32.4101
640.00,32.4798
640.50,32.5317
641.00,32.5726
641.50,32.6070
642.00,32.6254
642.50,32.6087
643.00,32.5435
643.50,32.4371
644.00,32.3198
644.50,32.2292
645.00,32.1870
645.50,32.1876
646.00,32.2033
646.50,32.2023
647.00,32.1652
647.50,32.0967
648.00,32.0265
648.50,31.9939
649.00,32.0225
649.50,32.1043
650.00,32.2095
650.50,32.3095
651.00,32.3893
651.50,32.4376
652.00,32.4361
652.50,32.3678
653.00,32.2396
653.50,32.0863
654.00,31.9483
654.50,31.8476
655.00,31.7882
655.50,31.7725
656.00,31.8066
656.50,31.8882
657.00,31.9980
657.50,32.1069
658.00,32.1934
658.50,32.2525
659.00,32.2916
659.50,32.3212
660.00,32.3471
660.50,32.3691
661.00,32.3879
661.50,32.4123
662.00,32.4552
662.50,32.5207
663.00,32.5997
663.50,32.6803
664.00,32.7574
664.50,32.8246
665.00,32.8629
665.50,32.8485
666.00,32.7784
666.50,32.6812
667.00,32.5963
667.50,32.5450
668.00,32.5241
668.50,32.5228
669.00,32.5370
669.50,32.5618
670.00,32.5785
670.50,32.5617
671.00,32.5024
671.50,32.4187
672.00,32.3412
672.50,32.2906
673.00,32.2729
673.50,32.2892
674.00,32.3386
674.50,32.4097
675.00,32.4785
675.50,32.5222
676.00,32.5359
676.50,32.5339
677.00,32.5331
677.50,32.5377
678.00,32.5394
678.50,32.5282
679.00,32.5047
679.50,32.4844
680.00,32.4915
680.50,32.5455
681.00,32.6471
681.50,32.7753
682.00,32.8961
682.50,32.9798
683.00,33.0115
683.50,32.9891
684.00,32.9146
684.50,32.7905
685.00,32.6277
685.50,32.4516
686.00,32.2958
686.50,32.1835
687.00,32.1121
687.50,32.0582
688.00,32.0011
688.50,31.9407
689.00,31.8931
689.50,31.8703
690.00,31.8735
690.50,31.9045
691.00,31.9717
691.50,32.0762
692.00,32.1946
692.50,32.2848
693.00,32.3130
693.50,32.2767
694.00,32.2028
694.50,32.1265
695.00,32.0704
695.50,32.0388
696.00,32.0263
696.50,32.0302
697.00,32.0552
697.50,32.1071
698.00,32.1821
698.50,32.2623
699.00,32.3263
699.50,32.3688
700.00,32.4071
700.50,32.4625
701.00,32.5301
701.50,32.5730
702.00,32.5524
702.50,32.4669
703.00,32.3565
703.50,32.2732
704.00,32.2481
704.50,32.2822
705.00,32.3557
705.50,32.4390
706.00,32.5065
706.50,32.5511
707.00,32.5908
707.50,32.6555
708.00,32.7632
708.50,32.9047
709.00,33.0460
709.50,33.1471
710.00,33.1860
710.50,33.1727
711.00,33.1441
711.50,33.1422
712.00,33.1913
712.50,33.2871
713.00,33.4013
713.50,33.4971
714.00,33.5472
714.50,33.5439
715.00,33.4987
715.50,33.4344
716.00,33.3749
716.50,33.3383
717.00,33.3331
717.50,33.3564
718.00,33.3966
718.50,33.4399
719.00,33.4804
719.50,33.5243
720.00,33.5814
720.50,33.6506
721.00,33.7134
721.50,33.7433
722.00,33.7220
722.50,33.6514
723.00,33.5522
723.50,33.4501
724.00,33.3590
724.50,33.2737
725.00,33.1803
725.50,33.0736
726.00,32.9651
726.50,32.8757
727.00,32.8237
727.50,32.8184
728.00,32.8601
728.50,32.9407
729.00,33.0434
729.50,33.1433
730.00,33.2145
730.50,33.2417
731.00,33.2314
731.50,33.2083
732.00,33.1969
732.50,33.2059
733.00,33.2275
733.50,33.2482
734.00,33.2593
734.50,33.2605
735.00,33.2565
735.50,33.2518
736.00,33.2460
736.50,33.2362
737.00,33.2212
737.50,33.2059
738.00,33.1975
738.50,33.1995
739.00,33.2081
739.50,33.2159
740.00,33.2198
740.50,33.2241
741.00,33.2340
741.50,33.2466
742.00,33.2515
742.50,33.2415
743.00,33.2205
743.50,33.1987
744.00,33.1810
744.50,33.1610
745.00,33.1273
745.50,33.0768
746.00,33.0191
746.50,32.9665
747.00,32.9224
747.50,32.8815
748.00,32.8392
748.50,32.7971
749.00,32.7603
749.50,32.7356
750.00,32.7327
750.50,32.7594
751.00,32.8109
751.50,32.8645
752.00,32.8931
752.50,32.8893
753.00,32.8764
753.50,32.8928
754.00,32.9582
754.50,33.0536
755.00,33.1335
755.50,33.1618
756.00,33.1412
756.50,33.1085
757.00,33.1018
757.50,33.1310
758.00,33.1750
758.50,33.2027
759.00,33.1932
759.50,33.1413
760.00,33.0525
760.50,32.9411
761.00,32.8313
761.50,32.7554
762.00,32.7394
762.50,32.7878
763.00,32.8773
763.50,32.9679
764.00,33.0228
764.50,33.0256
765.00,32.9844
765.50,32.9235
766.00,32.8697
766.50,32.8408
767.00,32.8401
767.50,32.8588
768.00,32.8830
768.50,32.8999
769.00,32.9029
769.50,32.8943
770.00,32.8857
770.50,32.8934
771.00,32.9302
771.50,32.9961
772.00,33.0729
772.50,33.1312
773.00,33.1463
773.50,33.1136
774.00,33.0496
774.50,32.9800
775.00,32.9265
775.50,32.9017
776.00,32.9061
776.50,32.9254
777.00,32.9351
777.50,32.9149
778.00,32.8630
778.50,32.7974
779.00,32.7432
779.50,32.7173
780.00,32.7216
780.50,32.7440
781.00,32.7687
781.50,32.7857
782.00,32.7952
782.50,32.8005
783.00,32.7996
783.50,32.7872
784.00,32.7638
784.50,32.7384
785.00,32.7196
785.50,32.7076
786.00,32.6972
786.50,32.6886
787.00,32.6914
787.50,32.7160
788.00,32.7594
788.50,32.8012
789.00,32.8162
789.50,32.7959
790.00,32.7614
790.50,32.7524
791.00,32.7959
791.50,32.8794
792.00,32.9566
792.50,32.9828
793.00,32.9499
793.50,32.8908
794.00,32.8511
794.50,32.8556
795.00,32.8939
795.50,32.9286
796.00,32.9184
796.50,32.8418
797.00,32.7109
797.50,32.5662
798.00,32.4522
798.50,32.3933
799.00,32.3867
799.50,32.4131
800.00,32.4490
800.50,32.4726
801.00,32.4715
801.50,32.4528
802.00,32.4460
802.50,32.4862
803.00,32.5860
803.50,32.7205
804.00,32.8397
804.50,32.8977
805.00,32.8764
805.50,32.7914
806.00,32.6804
806.50,32.5840
807.00,32.5266
807.50,32.5106
808.00,32.5262
808.50,32.5637
809.00,32.6150
809.50,32.6683
810.00,32.7075
810.50,32.7188
811.00,32.6961
811.50,32.6387
812.00,32.5503
812.50,32.4417
813.00,32.3328
813.50,32.2437
814.00,32.1813
814.50,32.1370
815.00,32.1004
815.50,32.0723
816.00,32.0618
816.50,32.0734
817.00,32.0985
817.50,32.1223
818.00,32.1363
818.50,32.1445
819.00,32.1584
819.50,32.1877
820.00,32.2339
820.50,32.2928
821.00,32.3596
821.50,32.4305
822.00,32.4964
822.50,32.5391
823.00,32.5397
823.50,32.4933
824.00,32.4154
824.50,32.3348
825.00,32.2789
825.50,32.2600
826.00,32.2687
826.50,32.2777
827.00,32.2580
827.50,32.1980
828.00,32.1114
828.50,32.0264
829.00,31.9679
829.50,31.9483
830.00,31.9684
830.50,32.0201
831.00,32.0879
831.50,32.1507
832.00,32.1896
832.50,32.1974
833.00,32.1821
833.50,32.1582
834.00,32.1342
834.50,32.1103
835.00,32.0855
835.50,32.0624
836.00,32.0437
836.50,32.0286
837.00,32.0157
837.50,32.0092
838.00,32.0232
838.50,32.0781
839.00,32.1861
839.50,32.3321
840.00,32.4718
840.50,32.5549
841.00,32.5572
841.50,32.4951
842.00,32.4105
842.50,32.3405
843.00,32.2952
843.50,32.2592
844.00,32.2126
844.50,32.1511
845.00,32.0862
845.50,32.0291
846.00,31.9789
846.50,31.9262
847.00,31.8644
847.50,31.7954
848.00,31.7270
848.50,31.6700
849.00,31.6369
849.50,31.6373
850.00,31.6711
850.50,31.7261
851.00,31.7849
851.50,31.8359
852.00,31.8773
852.50,31.9118
853.00,31.9393
853.50,31.9541
854.00,31.9468
854.50,31.9101
855.00,31.8461
855.50,31.7719
856.00,31.7157
856.50,31.7030
857.00,31.7410
857.50,31.8155
858.00,31.9055
858.50,31.9972
859.00,32.0830
859.50,32.1494
860.00,32.1796
860.50,32.1745
861.00,32.1639
861.50,32.1856
862.00,32.2509
862.50,32.3357
863.00,32.4071
863.50,32.4526
864.00,32.4788
864.50,32.4893
865.00,32.4723
865.50,32.4143
866.00,32.3184
866.50,32.2063
867.00,32.1051
867.50,32.0335
868.00,31.9962
868.50,31.9848
869.00,31.9856
869.50,31.9940
870.00,32.0247
870.50,32.1053
871.00,32.2503
871.50,32.4395
872.00,32.6216
872.50,32.7486
873.00,32.8093
873.50,32.8326
874.00,32.8569
874.50,32.8936
875.00,32.9190
875.50,32.8993
876.00,32.8222
876.50,32.7113
877.00,32.6114
877.50,32.5631
878.00,32.5803
878.50,32.6442
879.00,32.7127
879.50,32.7422
880.00,32.7089
880.50,32.6166
881.00,32.4894
881.50,32.3577
882.00,32.2493
882.50,32.1821
883.00,32.1588
883.50,32.1655
884.00,32.1824
884.50,32.1969
885.00,32.2118
885.50,32.2415
886.00,32.3010
886.50,32.3938
887.00,32.5051
887.50,32.6061
888.00,32.6643
888.50,32.6576
889.00,32.5856
889.50,32.4726
890.00,32.3566
890.50,32.2667
891.00,32.2047
891.50,32.1496
892.00,32.0830
892.50,32.0124
893.00,31.9674
893.50,31.9711
894.00,32.0157
894.50,32.0697
895.00,32.1061
895.50,32.1217
896.00,32.1262
896.50,32.1219
897.00,32.0995
897.50,32.0549
898.00,31.9984
898.50,31.9440
899.00,31.8922
899.50,31.8320
900.00,31.7611
900.50,31.6981
901.00,31.6707
901.50,31.6922
902.00,31.7534
902.50,31.8332
903.00,31.9136
903.50,31.9875
904.00,32.0556
904.50,32.1230
905.00,32.1950
905.50,32.2751
906.00,32.3644
906.50,32.4594
907.00,32.5526
907.50,32.6364
908.00,32.7048
908.50,32.7509
909.00,32.7662
909.50,32.7475
910.00,32.7085
910.50,32.6795
911.00,32.6899
911.50,32.7444
912.00,32.8160
912.50,32.8629
913.00,32.8588
913.50,32.8117
914.00,32.7550
914.50,32.7186
915.00,32.7070
915.50,32.7076
916.00,32.7138
916.50,32.7320
917.00,32.7612
917.50,32.7773
918.00,32.7480
918.50,32.6662
919.00,32.5616
919.50,32.4752
920.00,32.4251
920.50,32.3981
921.00,32.3704
921.50,32.3294
922.00,32.2753
922.50,32.2086
923.00,32.1234
923.50,32.0153
924.00,31.8922
924.50,31.7726
925.00,31.6739
925.50,31.6055
926.00,31.5720
926.50,31.5784
927.00,31.6277
927.50,31.7158
928.00,31.8300
928.50,31.9506
929.00,32.0571
929.50,32.1366
930.00,32.1932
930.50,32.2454
931.00,32.3113
931.50,32.3923
932.00,32.4714
932.50,32.5261
933.00,32.5443
933.50,32.5296
934.00,32.4976
934.50,32.4680
935.00,32.4557
935.50,32.4608
936.00,32.4641
936.50,32.4377
937.00,32.3683
937.50,32.2754
938.00,32.2045
938.50,32.1947
939.00,32.2457
939.50,32.3138
940.00,32.3469
940.50,32.3294
941.00,32.2935
941.50,32.2856
942.00,32.3206
942.50,32.3683
943.00,32.3857
943.50,32.3561
944.00,32.2986
944.50,32.2428
945.00,32.2025
945.50,32.1719
946.00,32.1418
946.50,32.1149
947.00,32.1092
947.50,32.1464
948.00,32.2335
948.50,32.3507
949.00,32.4576
949.50,32.5165
950.00,32.5173
950.50,32.4839
951.00,32.4544
951.50,32.4503
952.00,32.4600
952.50,32.4515
953.00,32.4029
953.50,32.3241
954.00,32.2499
954.50,32.2143
955.00,32.2284
955.50,32.2775
956.00,32.3361
956.50,32.3854
957.00,32.4190
957.50,32.4329
958.00,32.4153
958.50,32.3544
959.00,32.2604
959.50,32.1744
960.00,32.1437
960.50,32.1855
961.00,32.2754
961.50,32.3698
962.00,32.4371
962.50,32.4687
963.00,32.4713
963.50,32.4557
964.00,32.4335
964.50,32.4173
965.00,32.4169
965.50,32.4311
966.00,32.4454
966.50,32.4433
967.00,32.4238
967.50,32.4068
968.00,32.4207
968.50,32.4797
969.00,32.5685
969.50,32.6437
970.00,32.6563
970.50,32.5826
971.00,32.4414
971.50,32.2853
972.00,32.1719
972.50,32.1342
973.00,32.1665
973.50,32.2339
974.00,32.2964
974.50,32.3284
975.00,32.3223
975.50,32.2860
976.00,32.2394
976.50,32.2088
977.00,32.2136
977.50,32.2550
978.00,32.3168
978.50,32.3778
979.00,32.4260
979.50,32.4644
980.00,32.5059
980.50,32.5620
981.00,32.6343
981.50,32.7166
982.00,32.8006
982.50,32.8766
983.00,32.9314
983.50,32.9515
984.00,32.9335
984.50,32.8891
985.00,32.8346
985.50,32.7755
986.00,32.7042
986.50,32.6144
987.00,32.5144
987.50,32.4255
988.00,32.3682
988.50,32.3527
989.00,32.3769
989.50,32.4248
990.00,32.4699
990.50,32.4858
991.00,32.4625
991.50,32.4160
992.00,32.3834
992.50,32.4019
993.00,32.4814
993.50,32.5896
994.00,32.6676
994.50,32.6678
995.00,32.5856
995.50,32.4580
996.00,32.3364
996.50,32.2577
997.00,32.2318
997.50,32.2453
998.00,32.2738
998.50,32.2944
999.00,32.2939
999.50,32.2717
1000.00,32.2411
1000.50,32.2259
1001.00,32.2485
1001.50,32.3164
1002.00,32.4195
1002.50,32.5428
1003.00,32.6798
1003.50,32.8284
1004.00,32.9746
1004.50,33.0880
1005.00,33.1399
1005.50,33.1270
1006.00,33.0750
1006.50,33.0177
1007.00,32.9754
1007.50,32.9489
1008.00,32.9304
1008.50,32.9147
1009.00,32.9011
1009.50,32.8899
1010.00,32.8843
1010.50,32.8951
1011.00,32.9385
1011.50,33.0240
1012.00,33.1413
1012.50,33.2602
1013.00,33.3448
1013.50,33.3748
1014.00,33.3584
1014.50,33.3257
1015.00,33.3033
1015.50,33.2939
1016.00,33.2787
1016.50,33.2390
1017.00,33.1740
1017.50,33.1018
1018.00,33.0463
1018.50,33.0250
1019.00,33.0416
1019.50,33.0863
1020.00,33.1441
1020.50,33.2030
1021.00,33.2568
1021.50,33.2991
1022.00,33.3227
1022.50,33.3240
1023.00,33.3076
1023.50,33.2822
1024.00,33.2530
1024.50,33.2183
1025.00,33.1731
1025.50,33.1169
1026.00,33.0596
1026.50,33.0227
1027.00,33.0277
1027.50,33.0803
1028.00,33.1628
1028.50,33.2406
1029.00,33.2786
1029.50,33.2588
1030.00,33.1902
1030.50,33.1053
1031.00,33.0422
1031.50,33.0211
1032.00,33.0334
1032.50,33.0482
1033.00,33.0338
1033.50,32.9805
1034.00,32.9086
1034.50,32.8548
1035.00,32.8458
1035.50,32.8814
1036.00,32.9366
1036.50,32.9771
1037.00,32.9770
1037.50,32.9290
1038.00,32.8454
1038.50,32.7520
1039.00,32.6787
1039.50,32.6487
1040.00,32.6677
1040.50,32.7192
1041.00,32.7737
1041.50,32.8088
1042.00,32.8246
1042.50,32.8387
1043.00,32.8657
1043.50,32.9040
1044.00,32.9417
1044.50,32.9721
1045.00,32.9978
1045.50,33.0243
1046.00,33.0515
1046.50,33.0725
1047.00,33.0767
1047.50,33.0571
1048.00,33.0166
1048.50,32.9670
1049.00,32.9180
1049.50,32.8702
1050.00,32.8213
1050.50,32.7792
1051.00,32.7588
1051.50,32.7669
1052.00,32.7903
1052.50,32.8043
1053.00,32.7894
1053.50,32.7399
1054.00,32.6618
1054.50,32.5653
1055.00,32.4615
1055.50,32.3608
1056.00,32.2713
1056.50,32.1972
1057.00,32.1362
1057.50,32.0826
1058.00,32.0322
1058.50,31.9892
1059.00,31.9613
1059.50,31.9507
1060.00,31.9487
1060.50,31.9444
1061.00,31.9384
1061.50,31.9442
1062.00,31.9747
1062.50,32.0273
1063.00,32.0849
1063.50,32.1308
1064.00,32.1610
1064.50,32.1844
1065.00,32.2141
1065.50,32.2577
1066.00,32.3126
1066.50,32.3657
1067.00,32.4016
1067.50,32.4140
1068.00,32.4094
1068.50,32.3988
1069.00,32.3877
1069.50,32.3748
1070.00,32.3590
1070.50,32.3409
1071.00,32.3214
1071.50,32.3016
1072.00,32.2862
1072.50,32.2817
1073.00,32.2878
1073.50,32.2935
1074.00,32.2846
1074.50,32.2552
1075.00,32.2136
1075.50,32.1783
1076.00,32.1672
1076.50,32.1852
1077.00,32.2177
1077.50,32.2380
1078.00,32.2244
1078.50,32.1761
1079.00,32.1158
1079.50,32.0794
1080.00,32.0969
1080.50,32.1771
1081.00,32.3057
1081.50,32.4550
1082.00,32.5974
1082.50,32.7087
1083.00,32.7688
1083.50,32.7674
1084.00,32.7158
1084.50,32.6453
1085.00,32.5882
1085.50,32.5578
1086.00,32.5456
1086.50,32.5347
1087.00,32.5129
1087.50,32.4786
1088.00,32.4392
1088.50,32.4060
1089.00,32.3899
1089.50,32.3969
1090.00,32.4269
1090.50,32.4775
1091.00,32.5501
1091.50,32.6486
1092.00,32.7673
1092.50,32.8782
1093.00,32.9392
1093.50,32.9223
1094.00,32.8346
1094.50,32.7094
1095.00,32.5810
1095.50,32.4656
1096.00,32.3652
1096.50,32.2800
1097.00,32.2180
1097.50,32.1893
1098.00,32.1929
1098.50,32.2129
1099.00,32.2307
1099.50,32.2410
1100.00,32.2507
1100.50,32.2660
1101.00,32.2835
1101.50,32.2998
1102.00,32.3220
1102.50,32.3633
1103.00,32.4240
1103.50,32.4834
1104.00,32.5135
1104.50,32.5020
1105.00,32.4615
1105.50,32.4164
1106.00,32.3848
1106.50,32.3719
1107.00,32.3772
1107.50,32.4019
1108.00,32.4469
1108.50,32.5034
1109.00,32.5497
1109.50,32.5648
1110.00,32.5469
1110.50,32.5178
1111.00,32.5016
1111.50,32.5018
1112.00,32.5000
1112.50,32.4783
1113.00,32.4404
1113.50,32.4094
1114.00,32.4073
1114.50,32.4364
1115.00,32.4780
1115.50,32.5053
1116.00,32.5004
1116.50,32.4632
1117.00,32.4116
1117.50,32.3731
1118.00,32.3702
1118.50,32.4072
1119.00,32.4656
1119.50,32.5154
1120.00,32.5361
1120.50,32.5320
1121.00,32.5281
1121.50,32.5498
1122.00,32.6049
1122.50,32.6792
1123.00,32.7438
1123.50,32.7675
1124.00,32.7347
1124.50,32.6601
1125.00,32.5847
1125.50,32.5461
1126.00,32.5494
1126.50,32.5678
1127.00,32.5722
1127.50,32.5557
1128.00,32.5287
1128.50,32.4988
1129.00,32.4634
1129.50,32.4192
1130.00,32.3740
1130.50,32.3454
1131.00,32.3526
1131.50,32.4069
1132.00,32.5063
1132.50,32.6331
1133.00,32.7544
1133.50,32.8303
1134.00,32.8304
1134.50,32.7498
1135.00,32.6138
1135.50,32.4682
1136.00,32.3622
1136.50,32.3277
1137.00,32.3657
1137.50,32.4511
1138.00,32.5524
1138.50,32.6481
1139.00,32.7239
1139.50,32.7631
1140.00,32.7495
1140.50,32.6801
1141.00,32.5759
1141.50,32.4773
1142.00,32.4250
1142.50,32.4369
1143.00,32.4971
1143.50,32.5694
1144.00,32.6275
1144.50,32.6744
1145.00,32.7299
1145.50,32.8000
1146.00,32.8604
1146.50,32.8729
1147.00,32.8217
1147.50,32.7322
1148.00,32.6521
1148.50,32.6143
1149.00,32.6149
1149.50,32.6287
1150.00,32.6373
1150.50,32.6409
1151.00,32.6478
1151.50,32.6576
1152.00,32.6607
1152.50,32.6506
1153.00,32.6344
1153.50,32.6264
1154.00,32.6308
1154.50,32.6346
1155.00,32.6226
1155.50,32.5968
1156.00,32.5770
1156.50,32.5798
1157.00,32.6025
1157.50,32.6292
1158.00,32.6492
1158.50,32.6675
1159.00,32.6984
1159.50,32.7505
1160.00,32.8164
1160.50,32.8762
1161.00,32.9117
1161.50,32.9185
1162.00,32.9065
1162.50,32.8875
1163.00,32.8643
1163.50,32.8316
1164.00,32.7877
1164.50,32.7411
1165.00,32.7040
1165.50,32.6764
1166.00,32.6391
1166.50,32.5672
1167.00,32.4543
1167.50,32.3226
1168.00,32.2093
1168.50,32.1428
1169.00,32.1306
1169.50,32.1655
1170.00,32.2401
1170.50,32.3540
1171.00,32.5055
1171.50,32.6781
1172.00,32.8366
1172.50,32.9423
1173.00,32.9772
1173.50,32.9557
1174.00,32.9114
1174.50,32.8718
1175.00,32.8448
1175.50,32.8282
1176.00,32.8267
1176.50,32.8547
1177.00,32.9218
1177.50,33.0197
1178.00,33.1252
1178.50,33.2146
1179.00,33.2734
1179.50,33.2927
1180.00,33.2618
1180.50,33.1700
1181.00,33.0168
1181.50,32.8214
1182.00,32.6218
1182.50,32.4614
1183.00,32.3705
1183.50,32.3531
1184.00,32.3910
1184.50,32.4607
1185.00,32.5450
1185.50,32.6301
1186.00,32.7002
1186.50,32.7409
1187.00,32.7468
1187.50,32.7228
1188.00,32.6756
1188.50,32.6071
1189.00,32.5152
1189.50,32.4038
1190.00,32.2895
1190.50,32.1961
1191.00,32.1429
1191.50,32.1381
1192.00,32.1811
1192.50,32.2662
1193.00,32.3822
1193.50,32.5095
1194.00,32.6225
1194.50,32.6962
1195.00,32.7164
1195.50,32.6906
1196.00,32.6498
1196.50,32.6341
1197.00,32.6665
1197.50,32.7337
1198.00,32.7928
1198.50,32.8003
1199.00,32.7427
1199.50,32.6461
1200.00,32.5604
1200.50,32.5340
1201.00,32.5909
1201.50,32.7183
1202.00,32.8679
1202.50,32.9764
1203.00,32.9972
1203.50,32.9225
1204.00,32.7840
1204.50,32.6343
1205.00,32.5230
1205.50,32.4778
1206.00,32.4958
1206.50,32.5495
1207.00,32.6027
1207.50,32.6259
1208.00,32.6074
1208.50,32.5556
1209.00,32.4962
1209.50,32.4594
1210.00,32.4630
1210.50,32.5026
1211.00,32.5589
1211.50,32.6122
1212.00,32.6490
1212.50,32.6596
1213.00,32.6392
1213.50,32.5940
1214.00,32.5430
1214.50,32.5059
1215.00,32.4899
1215.50,32.4876
1216.00,32.4887
1216.50,32.4931
1217.00,32.5112
1217.50,32.5512
1218.00,32.6078
1218.50,32.6675
1219.00,32.7226
1219.50,32.7751
1220.00,32.8288
1220.50,32.8799
1221.00,32.9186
1221.50,32.9360
1222.00,32.9295
1222.50,32.9054
1223.00,32.8751
1223.50,32.8500
1224.00,32.8375
1224.50,32.8413
1225.00,32.8625
1225.50,32.8972
1226.00,32.9314
1226.50,32.9452
1227.00,32.9255
1227.50,32.8774
1228.00,32.8208
1228.50,32.7740
1229.00,32.7382
1229.50,32.6994
1230.00,32.6459
1230.50,32.5826
1231.00,32.5316
1231.50,32.5173
1232.00,32.5501
1232.50,32.6192
1233.00,32.6980
1233.50,32.7595
1234.00,32.7888
1234.50,32.7862
1235.00,32.7627
1235.50,32.7338
1236.00,32.7114
1236.50,32.6992
1237.00,32.6937
1237.50,32.6920
1238.00,32.6982
1238.50,32.7213
1239.00,32.7679
1239.50,32.8335
1240.00,32.8991
1240.50,32.9380
1241.00,32.9325
1241.50,32.8854
1242.00,32.8146
1242.50,32.7346
1243.00,32.6478
1243.50,32.5559
1244.00,32.4732
1244.50,32.4227
1245.00,32.4193
1245.50,32.4612
1246.00,32.5361
1246.50,32.6324
1247.00,32.7402
1247.50,32.8463
1248.00,32.9331
1248.50,32.9901
1249.00,33.0261
1249.50,33.0654
1250.00,33.1239
1250.50,33.1897
1251.00,33.2327
1251.50,33.2356
1252.00,33.2133
1252.50,33.1989
1253.00,33.2131
1253.50,33.2500
1254.00,33.2896
1254.50,33.3189
1255.00,33.3367
1255.50,33.3429
1256.00,33.3294
1256.50,33.2846
1257.00,33.2074
1257.50,33.1153
1258.00,33.0377
1258.50,32.9961
1259.00,32.9907
1259.50,33.0028
1260.00,33.0128
1260.50,33.0125
1261.00,33.0043
1261.50,32.9913
1262.00,32.9736
1262.50,32.9527
1263.00,32.9352
1263.50,32.9286
1264.00,32.9337
1264.50,32.9392
1265.00,32.9248
1265.50,32.8731
1266.00,32.7860
1266.50,32.6901
1267.00,32.6216
1267.50,32.6037
1268.00,32.6361
1268.50,32.7061
1269.00,32.8040
1269.50,32.9258
1270.00,33.0627
1270.50,33.1920
1271.00,33.2811
1271.50,33.3028
1272.00,33.2522
1272.50,33.1532
1273.00,33.0516
1273.50,32.9970
1274.00,33.0222
1274.50,33.1310
1275.00,33.2993
1275.50,33.4890
1276.00,33.6609
1276.50,33.7819
1277.00,33.8305
1277.50,33.8040
1278.00,33.7240
1278.50,33.6302
1279.00,33.5627
1279.50,33.5427
1280.00,33.5627
1280.50,33.5922
1281.00,33.5972
1281.50,33.5597
1282.00,33.4844
1282.50,33.3910
1283.00,33.3040
1283.50,33.2450
1284.00,33.2243
1284.50,33.2322
1285.00,33.2412
1285.50,33.2279
1286.00,33.1953
1286.50,33.1692
1287.00,33.1722
1287.50,33.2030
1288.00,33.2406
1288.50,33.2638
1289.00,33.2664
1289.50,33.2563
1290.00,33.2444
1290.50,33.2325
1291.00,33.2105
1291.50,33.1644
1292.00,33.0895
1292.50,32.9986
1293.00,32.9167
1293.50,32.8686
1294.00,32.8697
1294.50,32.9204
1295.00,33.0041
1295.50,33.0922
1296.00,33.1575
1296.50,33.1880
1297.00,33.1920
1297.50,33.1918
1298.00,33.2108
1298.50,33.2586
1299.00,33.3236
1299.50,33.3800
1300.00,33.4071
1300.50,33.4046
1301.00,33.3883
1301.50,33.3729
1302.00,33.3590
1302.50,33.3374
1303.00,33.3003
1303.50,33.2462
1304.00,33.1784
1304.50,33.1059
1305.00,33.0420
1305.50,32.9989
1306.00,32.9810
1306.50,32.9856
1307.00,33.0064
1307.50,33.0323
1308.00,33.0470
1308.50,33.0369
1309.00,33.0022
1309.50,32.9582
1310.00,32.9235
1310.50,32.9055
1311.00,32.8996
1311.50,32.8982
1312.00,32.9022
1312.50,32.9176
1313.00,32.9450
1313.50,32.9713
1314.00,32.9782
1314.50,32.9593
1315.00,32.9293
1315.50,32.9163
1316.00,32.9415
1316.50,33.0057
1317.00,33.0929
1317.50,33.1889
1318.00,33.2930
1318.50,33.4069
1319.00,33.5123
1319.50,33.5683
1320.00,33.5387
1320.50,33.4217
1321.00,33.2518
1321.50,33.0776
1322.00,32.9412
1322.50,32.8710
1323.00,32.8769
1323.50,32.9415
1324.00,33.0222
1324.50,33.0727
1325.00,33.0725
1325.50,33.0382
1326.00,33.0022
1326.50,32.9812
1327.00,32.9660
1327.50,32.9403
1328.00,32.9051
1328.50,32.8781
1329.00,32.8732
1329.50,32.8848
1330.00,32.8972
1330.50,32.9044
1331.00,32.9133
1331.50,32.9271
1332.00,32.9327
1332.50,32.9101
1333.00,32.8550
1333.50,32.7914
1334.00,32.7612
1334.50,32.7969
1335.00,32.8982
1335.50,33.0321
1336.00,33.1576
1336.50,33.2495
1337.00,33.3015
1337.50,33.3110
1338.00,33.2738
1338.50,33.1932
1339.00,33.0880
1339.50,32.9882
1340.00,32.9224
1340.50,32.9090
1341.00,32.9505
1341.50,33.0280
1342.00,33.1031
1342.50,33.1365
1343.00,33.1121
1343.50,33.0449
1344.00,32.9659
1344.50,32.9028
1345.00,32.8742
1345.50,32.8903
1346.00,32.9487
1346.50,33.0256
1347.00,33.0811
1347.50,33.0806
1348.00,33.0183
1348.50,32.9234
1349.00,32.8435
1349.50,32.8161
1350.00,32.8459
1350.50,32.9011
1351.00,32.9302
1351.50,32.8923
1352.00,32.7827
1352.50,32.6335
1353.00,32.4900
1353.50,32.3864
1354.00,32.3396
1354.50,32.3535
1355.00,32.4215
1355.50,32.5267
1356.00,32.6504
1356.50,32.7822
1357.00,32.9160
1357.50,33.0344
1358.00,33.1030
1358.50,33.0924
1359.00,33.0072
1359.50,32.8944
1360.00,32.8162
1360.50,32.8102
1361.00,32.8671
1361.50,32.9437
1362.00,32.9934
1362.50,32.9901
1363.00,32.9308
1363.50,32.8271
1364.00,32.7015
1364.50,32.5894
1365.00,32.5324
1365.50,32.5589
1366.00,32.6645
1366.50,32.8142
1367.00,32.9644
1367.50,33.0853
1368.00,33.1647
1368.50,33.2011
1369.00,33.1962
1369.50,33.1569
1370.00,33.0980
1370.50,33.0416
1371.00,33.0103
1371.50,33.0214
1372.00,33.0820
1372.50,33.1863
1373.00,33.3142
1373.50,33.4340
1374.00,33.5115
1374.50,33.5231
1375.00,33.4663
1375.50,33.3591
1376.00,33.2277
1376.50,33.0949
1377.00,32.9784
1377.50,32.8963
1378.00,32.8655
1378.50,32.8912
1379.00,32.9554
1379.50,33.0230
1380.00,33.0631
1380.50,33.0684
1381.00,33.0560
1381.50,33.0485
1382.00,33.0551
1382.50,33.0670
1383.00,33.0711
1383.50,33.0684
1384.00,33.0782
1384.50,33.1250
1385.00,33.2184
1385.50,33.3418
1386.00,33.4592
1386.50,33.5361
1387.00,33.5573
1387.50,33.5295
1388.00,33.4714
1388.50,33.4023
1389.00,33.3375
1389.50,33.2866
1390.00,33.2516
1390.50,33.2271
1391.00,33.2020
1391.50,33.1647
1392.00,33.1083
1392.50,33.0347
1393.00,32.9528
1393.50,32.8750
1394.00,32.8137
1394.50,32.7810
1395.00,32.7844
1395.50,32.8193
1396.00,32.8695
1396.50,32.9195
1397.00,32.9714
1397.50,33.0479
1398.00,33.1725
1398.50,33.3445
1399.00,33.5300
1399.50,33.6794
1400.00,33.7545
1400.50,33.7416
1401.00,33.6527
1401.50,33.5225
1402.00,33.4042
1402.50,33.3514
1403.00,33.3913
1403.50,33.5098
1404.00,33.6613
1404.50,33.7959
1405.00,33.8799
1405.50,33.9013
1406.00,33.8661
1406.50,33.7923
1407.00,33.7023
1407.50,33.6152
1408.00,33.5438
1408.50,33.4955
1409.00,33.4712
1409.50,33.4649
1410.00,33.4684
1410.50,33.4760
1411.00,33.4816
1411.50,33.4750
1412.00,33.4473
1412.50,33.4021
1413.00,33.3534
1413.50,33.3116
1414.00,33.2784
1414.50,33.2583
1415.00,33.2690
1415.50,33.3291
1416.00,33.4342
1416.50,33.5494
1417.00,33.6269
1417.50,33.6369
1418.00,33.5821
1418.50,33.4910
1419.00,33.3986
1419.50,33.3296
1420.00,33.2929
1420.50,33.2865
1421.00,33.3038
1421.50,33.3358
1422.00,33.3695
1422.50,33.3895
1423.00,33.3869
1423.50,33.3672
1424.00,33.3484
1424.50,33.3473
1425.00,33.3646
1425.50,33.3831
1426.00,33.3824
1426.50,33.3563
1427.00,33.3179
1427.50,33.2877
1428.00,33.2789
1428.50,33.2938
1429.00,33.3294
1429.50,33.3846
1430.00,33.4575
1430.50,33.5391
1431.00,33.6097
1431.50,33.6438
1432.00,33.6265
1432.50,33.5677
1433.00,33.5002
1433.50,33.4573
1434.00,33.4458
1434.50,33.4443
1435.00,33.4302
1435.50,33.4062
1436.00,33.3971
1436.50,33.4159
1437.00,33.4400
1437.50,33.4247
1438.00,33.3426
1438.50,33.2074
1439.00,33.0622
1439.50,32.9507
1440.00,32.8986
1440.50,32.9120
1441.00,32.9791
1441.50,33.0729
1442.00,33.1636
1442.50,33.2385
1443.00,33.3075
1443.50,33.3836
1444.00,33.4618
1444.50,33.5217
1445.00,33.5474
1445.50,33.5416
1446.00,33.5191
1446.50,33.4934
1447.00,33.4696
1447.50,33.4461
1448.00,33.4204
1448.50,33.3942
1449.00,33.3744
1449.50,33.3677
1450.00,33.3727
1450.50,33.3786
1451.00,33.3732
1451.50,33.3531
1452.00,33.3279
1452.50,33.3156
1453.00,33.3330
1453.50,33.3861
1454.00,33.4672
1454.50,33.5600
1455.00,33.6451
1455.50,33.7040
1456.00,33.7297
1456.50,33.7358
1457.00,33.7512
1457.50,33.7940
1458.00,33.8491
1458.50,33.8780
1459.00,33.8523
1459.50,33.7765
1460.00,33.6798
1460.50,33.5941
1461.00,33.5400
1461.50,33.5242
1462.00,33.5415
1462.50,33.5766
1463.00,33.6088
1463.50,33.6209
1464.00,33.6095
1464.50,33.5898
1465.00,33.5875
1465.50,33.6226
1466.00,33.6933
1466.50,33.7777
1467.00,33.8517
1467.50,33.9082
1468.00,33.9572
1468.50,34.0108
1469.00,34.0710
1469.50,34.1314
1470.00,34.1817
1470.50,34.2096
1471.00,34.2003
1471.50,34.1453
1472.00,34.0548
1472.50,33.9603
1473.00,33.8976
1473.50,33.8827
1474.00,33.9051
1474.50,33.9453
1475.00,33.9958
1475.50,34.0604
1476.00,34.1362
1476.50,34.2064
1477.00,34.2527
1477.50,34.2724
1478.00,34.2773
1478.50,34.2802
1479.00,34.2860
1479.50,34.2930
1480.00,34.2966
1480.50,34.2883
1481.00,34.2567
1481.50,34.1945
1482.00,34.1082
1482.50,34.0195
1483.00,33.9534
1483.50,33.9250
1484.00,33.9322
1484.50,33.9572
1485.00,33.9746
1485.50,33.9651
1486.00,33.9275
1486.50,33.8773
1487.00,33.8333
1487.50,33.8063
1488.00,33.7991
1488.50,33.8116
1489.00,33.8403
1489.50,33.8747
1490.00,33.8971
1490.50,33.8892
1491.00,33.8436
1491.50,33.7754
1492.00,33.7226
1492.50,33.7260
1493.00,33.7975
1493.50,33.9086
1494.00,34.0143
1494.50,34.0875
1495.00,34.1265
1495.50,34.1342
1496.00,34.1029
1496.50,34.0270
1497.00,33.9239
1497.50,33.8330
1498.00,33.7891
1498.50,33.7980
1499.00,33.8344
1499.50,33.8594
1500.00,33.8404
1500.50,33.7654
1501.00,33.6488
1501.50,33.5260
1502.00,33.4360
1502.50,33.4004
1503.00,33.4131
1503.50,33.4504
1504.00,33.4914
1504.50,33.5326
1505.00,33.5834
1505.50,33.6502
1506.00,33.7222
1506.50,33.7743
1507.00,33.7856
1507.50,33.7602
1508.00,33.7272
1508.50,33.7155
1509.00,33.7286
1509.50,33.7414
1510.00,33.7261
1510.50,33.6808
1511.00,33.6345
1511.50,33.6245
1512.00,33.6669
1512.50,33.7429
1513.00,33.8128
1513.50,33.8447
1514.00,33.8363
1514.50,33.8112
1515.00,33.7971
1515.50,33.8068
1516.00,33.8369
1516.50,33.8794
1517.00,33.9307
1517.50,33.9907
1518.00,34.0546
1518.50,34.1047
1519.00,34.1133
1519.50,34.0579
1520.00,33.9388
1520.50,33.7820
1521.00,33.6247
1521.50,33.5002
1522.00,33.4329
1522.50,33.4401
1523.00,33.5282
1523.50,33.6797
1524.00,33.8492
1524.50,33.9800
1525.00,34.0339
1525.50,34.0095
1526.00,33.9352
1526.50,33.8437
1527.00,33.7525
1527.50,33.6642
1528.00,33.5773
1528.50,33.4924
1529.00,33.4122
1529.50,33.3422
1530.00,33.2947
1530.50,33.2864
1531.00,33.3272
1531.50,33.4062
1532.00,33.4930
1532.50,33.5559
1533.00,33.5864
1533.50,33.6059
1534.00,33.6464
1534.50,33.7209
1535.00,33.8110
1535.50,33.8812
1536.00,33.9055
1536.50,33.8835
1537.00,33.8353
1537.50,33.7858
1538.00,33.7517
1538.50,33.7376
1539.00,33.7376
1539.50,33.7399
1540.00,33.7345
1540.50,33.7194
1541.00,33.7043
1541.50,33.7072
1542.00,33.7450
1542.50,33.8232
1543.00,33.9289
1543.50,34.0308
1544.00,34.0904
1544.50,34.0822
1545.00,34.0127
1545.50,33.9181
1546.00,33.8398
1546.50,33.7960
1547.00,33.7736
1547.50,33.7449
1548.00,33.6894
1548.50,33.6066
1549.00,33.5142
1549.50,33.4405
1550.00,33.4141
1550.50,33.4542
1551.00,33.5625
1551.50,33.7213
1552.00,33.9007
1552.50,34.0692
1553.00,34.2013
1553.50,34.2805
1554.00,34.2980
1554.50,34.2534
1555.00,34.1563
1555.50,34.0297
1556.00,33.9056
1556.50,33.8117
1557.00,33.7600
1557.50,33.7479
1558.00,33.7696
1558.50,33.8212
1559.00,33.8946
1559.50,33.9730
1560.00,34.0395
1560.50,34.0885
1561.00,34.1247
1561.50,34.1505
1562.00,34.1590
1562.50,34.1435
1563.00,34.1101
1563.50,34.0756
1564.00,34.0513
1564.50,34.0361
1565.00,34.0252
1565.50,34.0236
1566.00,34.0443
1566.50,34.0945
1567.00,34.1657
1567.50,34.2351
1568.00,34.2778
1568.50,34.2802
1569.00,34.2479
1569.50,34.2029
1570.00,34.1700
1570.50,34.1600
1571.00,34.1622
1571.50,34.1524
1572.00,34.1117
1572.50,34.0432
1573.00,33.9702
1573.50,33.9196
1574.00,33.9062
1574.50,33.9284
1575.00,33.9749
1575.50,34.0298
1576.00,34.0752
1576.50,34.0945
1577.00,34.0755
1577.50,34.0150
1578.00,33.9244
1578.50,33.8290
1579.00,33.7606
1579.50,33.7423
1580.00,33.7770
1580.50,33.8471
1581.00,33.9249
1581.50,33.9854
1582.00,34.0095
1582.50,33.9817
1583.00,33.8908
1583.50,33.7423
1584.00,33.5680
1584.50,33.4165
1585.00,33.3281
1585.50,33.3151
1586.00,33.3640
1586.50,33.4525
1587.00,33.5618
1587.50,33.6775
1588.00,33.7872
1588.50,33.8822
1589.00,33.9604
1589.50,34.0226
1590.00,34.0676
1590.50,34.0932
1591.00,34.1050
1591.50,34.1194
1592.00,34.1538
1592.50,34.2120
1593.00,34.2801
1593.50,34.3349
1594.00,34.3584
1594.50,34.3456
1595.00,34.3062
1595.50,34.2559
1596.00,34.2031
1596.50,34.1401
1597.00,34.0517
1597.50,33.9354
1598.00,33.8133
1598.50,33.7177
1599.00,33.6654
1599.50,33.6479
1600.00,33.6445
1600.50,33.6415
1601.00,33.6403
1601.50,33.6476
1602.00,33.6622
1602.50,33.6714
1603.00,33.6610
1603.50,33.6296
1604.00,33.5930
1604.50,33.5729
1605.00,33.5798
1605.50,33.6048
1606.00,33.6270
1606.50,33.6276
1607.00,33.6001
1607.50,33.5514
1608.00,33.4974
1608.50,33.4545
1609.00,33.4289
1609.50,33.4110
1610.00,33.3864
1610.50,33.3540
1611.00,33.3335
1611.50,33.3501
1612.00,33.4153
1612.50,33.5225
1613.00,33.6536
1613.50,33.7849
1614.00,33.8933
1614.50,33.9627
1615.00,33.9903
1615.50,33.9868
1616.00,33.9704
1616.50,33.9597
1617.00,33.9622
1617.50,33.9676
1618.00,33.9573
1618.50,33.9256
1619.00,33.8917
1619.50,33.8858
1620.00,33.9216
1620.50,33.9828
1621.00,34.0323
1621.50,34.0365
1622.00,33.9837
1622.50,33.8862
1623.00,33.7687
1623.50,33.6528
1624.00,33.5511
1624.50,33.4703
1625.00,33.4147
1625.50,33.3841
1626.00,33.3697
1626.50,33.3572
1627.00,33.3364
1627.50,33.3078
1628.00,33.2785
1628.50,33.2538
1629.00,33.2348
1629.50,33.2242
1630.00,33.2302
1630.50,33.2606
1631.00,33.3111
1631.50,33.3619
1632.00,33.3894
1632.50,33.3842
1633.00,33.3591
1633.50,33.3395
1634.00,33.3450
1634.50,33.3775
1635.00,33.4202
1635.50,33.4464
1636.00,33.4332
1636.50,33.3754
1637.00,33.2882
1637.50,33.1964
1638.00,33.1206
1638.50,33.0693
1639.00,33.0422
1639.50,33.0353
1640.00,33.0445
1640.50,33.0649
1641.00,33.0879
1641.50,33.1005
1642.00,33.0921
1642.50,33.0660
1643.00,33.0427
1643.50,33.0480
1644.00,33.0949
1644.50,33.1735
1645.00,33.2581
1645.50,33.3227
1646.00,33.3541
1646.50,33.3536
1647.00,33.3307
1647.50,33.2959
1648.00,33.2588
1648.50,33.2338
1649.00,33.2417
1649.50,33.3019
1650.00,33.4186
1650.50,33.5755
1651.00,33.7446
1651.50,33.8994
1652.00,34.0226
1652.50,34.1024
1653.00,34.1296
1653.50,34.0996
1654.00,34.0204
1654.50,33.9138
1655.00,33.8080
1655.50,33.7269
1656.00,33.6813
1656.50,33.6650
1657.00,33.6558
1657.50,33.6244
1658.00,33.5528
1658.50,33.4499
1659.00,33.3474
1659.50,33.2762
1660.00,33.2425
1660.50,33.2244
1661.00,33.1948
1661.50,33.1492
1662.00,33.1117
1662.50,33.1146
1663.00,33.1738
1663.50,33.2829
1664.00,33.4230
1664.50,33.5705
1665.00,33.6984
1665.50,33.7794
1666.00,33.7977
1666.50,33.7569
1667.00,33.6756
1667.50,33.5751
1668.00,33.4715
1668.50,33.3738
1669.00,33.2867
1669.50,33.2163
1670.00,33.1738
1670.50,33.1727
1671.00,33.2154
1671.50,33.2863
1672.00,33.3639
1672.50,33.4369
1673.00,33.5008
1673.50,33.5402
1674.00,33.5258
1674.50,33.4392
1675.00,33.3014
1675.50,33.1715
1676.00,33.1107
1676.50,33.1452
1677.00,33.2571
1677.50,33.4036
1678.00,33.5402
1678.50,33.6313
1679.00,33.6556
1679.50,33.6105
1680.00,33.5147
1680.50,33.4001
1681.00,33.3002
1681.50,33.2396
1682.00,33.2282
1682.50,33.2610
1683.00,33.3201
1683.50,33.3826
1684.00,33.4280
1684.50,33.4424
1685.00,33.4205
1685.50,33.3678
1686.00,33.3029
1686.50,33.2512
1687.00,33.2276
1687.50,33.2225
1688.00,33.2086
1688.50,33.1657
1689.00,33.1003
1689.50,33.0430
1690.00,33.0266
1690.50,33.0663
1691.00,33.1567
1691.50,33.2823
1692.00,33.4266
1692.50,33.5696
1693.00,33.6854
1693.50,33.7492
1694.00,33.7526
1694.50,33.7079
1695.00,33.6376
1695.50,33.5597
1696.00,33.4811
1696.50,33.4034
1697.00,33.3297
1697.50,33.2637
1698.00,33.2066
1698.50,33.1553
1699.00,33.1077
1699.50,33.0648
1700.00,33.0296
1700.50,33.0043
1701.00,32.9911
1701.50,32.9954
1702.00,33.0246
1702.50,33.0825
1703.00,33.1617
1703.50,33.2443
1704.00,33.3120
1704.50,33.3568
1705.00,33.3803
1705.50,33.3853
1706.00,33.3705
1706.50,33.3337
1707.00,33.2784
1707.50,33.2177
1708.00,33.1707
1708.50,33.1520
1709.00,33.1639
1709.50,33.1989
1710.00,33.2507
1710.50,33.3205
1711.00,33.4088
1711.50,33.5029
1712.00,33.5768
1712.50,33.6066
1713.00,33.5853
1713.50,33.5222
1714.00,33.4334
1714.50,33.3399
1715.00,33.2693
1715.50,33.2520
1716.00,33.3026
1716.50,33.4049
1717.00,33.5175
1717.50,33.6019
1718.00,33.6460
1718.50,33.6670
1719.00,33.6949
1719.50,33.7565
1720.00,33.8667
1720.50,34.0235
1721.00,34.2046
1721.50,34.3721
1722.00,34.4901
1722.50,34.5418
1723.00,34.5327
1723.50,34.4804
1724.00,34.4020
1724.50,34.3127
1725.00,34.2269
1725.50,34.1578
1726.00,34.1150
1726.50,34.1058
1727.00,34.1385
1727.50,34.2170
1728.00,34.3308
1728.50,34.4546
1729.00,34.5589
1729.50,34.6254
1730.00,34.6480
1730.50,34.6250
1731.00,34.5532
1731.50,34.4336
1732.00,34.2809
1732.50,34.1237
1733.00,33.9896
1733.50,33.8892
1734.00,33.8148
1734.50,33.7541
1735.00,33.7025
1735.50,33.6630
1736.00,33.6397
1736.50,33.6357
1737.00,33.6525
1737.50,33.6887
1738.00,33.7393
1738.50,33.7974
1739.00,33.8551
1739.50,33.9039
1740.00,33.9357
1740.50,33.9431
1741.00,33.9172
1741.50,33.8502
1742.00,33.7461
1742.50,33.6287
1743.00,33.5343
1743.50,33.4931
1744.00,33.5151
1744.50,33.5842
1745.00,33.6618
1745.50,33.7014
1746.00,33.6730
1746.50,33.5839
1747.00,33.4783
1747.50,33.4121
1748.00,33.4191
1748.50,33.4903
1749.00,33.5795
1749.50,33.6304
1750.00,33.6073
1750.50,33.5112
1751.00,33.3761
1751.50,33.2521
1752.00,33.1858
1752.50,33.2029
1753.00,33.2967
1753.50,33.4303
1754.00,33.5554
1754.50,33.6374
1755.00,33.6684
1755.50,33.6626
1756.00,33.6426
1756.50,33.6303
1757.00,33.6425
1757.50,33.6852
1758.00,33.7485
1758.50,33.8101
1759.00,33.8478
1759.50,33.8513
1760.00,33.8239
1760.50,33.7762
1761.00,33.7209
1761.50,33.6711
1762.00,33.6371
1762.50,33.6228
1763.00,33.6252
1763.50,33.6394
1764.00,33.6617
1764.50,33.6863
1765.00,33.7026
1765.50,33.7015
1766.00,33.6876
1766.50,33.6806
1767.00,33.6986
1767.50,33.7402
1768.00,33.7846
1768.50,33.8111
1769.00,33.8132
1769.50,33.7975
1770.00,33.7742
1770.50,33.7544
1771.00,33.7517
1771.50,33.7778
1772.00,33.8296
1772.50,33.8821
1773.00,33.9019
1773.50,33.8716
1774.00,33.8048
1774.50,33.7344
1775.00,33.6878
1775.50,33.6704
1776.00,33.6671
1776.50,33.6537
1777.00,33.6121
1777.50,33.5443
1778.00,33.4725
1778.50,33.4237
1779.00,33.4088
1779.50,33.4177
1780.00,33.4347
1780.50,33.4532
1781.00,33.4740
1781.50,33.4933
1782.00,33.4987
1782.50,33.4787
1783.00,33.4347
1783.50,33.3826
1784.00,33.3410
1784.50,33.3224
1785.00,33.3289
1785.50,33.3571
1786.00,33.4022
1786.50,33.4589
1787.00,33.5199
1787.50,33.5741
1788.00,33.6080
1788.50,33.6129
1789.00,33.5925
1789.50,33.5628
1790.00,33.5408
1790.50,33.5345
1791.00,33.5407
1791.50,33.5532
1792.00,33.5685
1792.50,33.5864
1793.00,33.6065
1793.50,33.6261
1794.00,33.6425
1794.50,33.6577
1795.00,33.6815
1795.50,33.7261
1796.00,33.7936
1796.50,33.8684
1797.00,33.9255
1797.50,33.9487
1798.00,33.9392
1798.50,33.9081
1799.00,33.8657
1799.50,33.8175
1800.00,33.7713
1800.50,33.7407
1801.00,33.7402
1801.50,33.7706
1802.00,33.8122
1802.50,33.8360
1803.00,33.8258
1803.50,33.7875
1804.00,33.7373
1804.50,33.6855
1805.00,33.6328
1805.50,33.5742
1806.00,33.5003
1806.50,33.4049
1807.00,33.2968
1807.50,33.2019
1808.00,33.1444
1808.50,33.1244
1809.00,33.1191
1809.50,33.1049
1810.00,33.0768
1810.50,33.0456
1811.00,33.0230
1811.50,33.0120
1812.00,33.0063
1812.50,32.9966
1813.00,32.9761
1813.50,32.9461
1814.00,32.9163
1814.50,32.8970
1815.00,32.8870
1815.50,32.8695
1816.00,32.8252
1816.50,32.7531
1817.00,32.6748
1817.50,32.6193
1818.00,32.6026
1818.50,32.6238
1819.00,32.6743
1819.50,32.7447
1820.00,32.8261
1820.50,32.9081
1821.00,32.9830
1821.50,33.0472
1822.00,33.0980
1822.50,33.1259
1823.00,33.1158
1823.50,33.0603
1824.00,32.9732
1824.50,32.8887
1825.00,32.8451
1825.50,32.8629
1826.00,32.9351
1826.50,33.0342
1827.00,33.1316
1827.50,33.2111
1828.00,33.2699
1828.50,33.3080
1829.00,33.3208
1829.50,33.2978
1830.00,33.2298
1830.50,33.1207
1831.00,32.9947
1831.50,32.8892
1832.00,32.8373
1832.50,32.8514
1833.00,32.9179
1833.50,33.0045
1834.00,33.0738
1834.50,33.1017
1835.00,33.0929
1835.50,33.0796
1836.00,33.1011
1836.50,33.1771
1837.00,33.2984
1837.50,33.4380
1838.00,33.5695
1838.50,33.6760
1839.00,33.7481
1839.50,33.7804
1840.00,33.7736
1840.50,33.7368
1841.00,33.6840
1841.50,33.6285
1842.00,33.5785
1842.50,33.5394
1843.00,33.5158
1843.50,33.5118
1844.00,33.5281
1844.50,33.5589
1845.00,33.5918
1845.50,33.6129
1846.00,33.6141
1846.50,33.5989
1847.00,33.5828
1847.50,33.5840
1848.00,33.6096
1848.50,33.6469
1849.00,33.6682
1849.50,33.6484
1850.00,33.5846
1850.50,33.5027
1851.00,33.4426
1851.50,33.4272
1852.00,33.4424
1852.50,33.4484
1853.00,33.4135
1853.50,33.3365
1854.00,33.2389
1854.50,33.1450
1855.00,33.0720
1855.50,33.0301
1856.00,33.0221
1856.50,33.0432
1857.00,33.0834
1857.50,33.1318
1858.00,33.1796
1858.50,33.2187
1859.00,33.2419
1859.50,33.2449
1860.00,33.2265
1860.50,33.1899
1861.00,33.1424
1861.50,33.0935
1862.00,33.0495
1862.50,33.0104
1863.00,32.9732
1863.50,32.9383
1864.00,32.9135
1864.50,32.9104
1865.00,32.9381
1865.50,32.9963
1866.00,33.0727
1866.50,33.1462
1867.00,33.1976
1867.50,33.2180
1868.00,33.2119
1868.50,33.1915
1869.00,33.1659
1869.50,33.1356
1870.00,33.0989
1870.50,33.0662
1871.00,33.0625
1871.50,33.1090
1872.00,33.1985
1872.50,33.2912
1873.00,33.3375
1873.50,33.3106
1874.00,33.2206
1874.50,33.1054
1875.00,33.0048
1875.50,32.9387
1876.00,32.9015
1876.50,32.8745
1877.00,32.8459
1877.50,32.8191
1878.00,32.8075
1878.50,32.8227
1879.00,32.8668
1879.50,32.9319
1880.00,33.0025
1880.50,33.0607
1881.00,33.0931
1881.50,33.0950
1882.00,33.0716
1882.50,33.0357
1883.00,33.0034
1883.50,32.9892
1884.00,33.0016
1884.50,33.0386
1885.00,33.0867
1885.50,33.1252
1886.00,33.1396
1886.50,33.1354
1887.00,33.1352
1887.50,33.1595
1888.00,33.2079
1888.50,33.2612
1889.00,33.2987
1889.50,33.3142
1890.00,33.3172
1890.50,33.3225
1891.00,33.3398
1891.50,33.3667
1892.00,33.3882
1892.50,33.3794
1893.00,33.3186
1893.50,33.2050
1894.00,33.0712
1894.50,32.9712
1895.00,32.9471
1895.50,33.0001
1896.00,33.0934
1896.50,33.1837
1897.00,33.2476
1897.50,33.2808
1898.00,33.2827
1898.50,33.2543
1899.00,33.2083
1899.50,33.1709
1900.00,33.1676
1900.50,33.2057
1901.00,33.2700
1901.50,33.3298
1902.00,33.3509
1902.50,33.3110
1903.00,33.2151
1903.50,33.0994
1904.00,33.0123
1904.50,32.9804
1905.00,32.9896
1905.50,32.9978
1906.00,32.9718
1906.50,32.9118
1907.00,32.8445
1907.50,32.7947
1908.00,32.7631
1908.50,32.7315
1909.00,32.6868
1909.50,32.6377
1910.00,32.6091
1910.50,32.6199
1911.00,32.6656
1911.50,32.7185
1912.00,32.7455
1912.50,32.7324
1913.00,32.6959
1913.50,32.6703
1914.00,32.6782
1914.50,32.7147
1915.00,32.7596
1915.50,32.8025
1916.00,32.8516
1916.50,32.9219
1917.00,33.0199
1917.50,33.1399
1918.00,33.2646
1918.50,33.3662
1919.00,33.4158
1919.50,33.4017
1920.00,33.3414
1920.50,33.2715
1921.00,33.2244
1921.50,33.2114
1922.00,33.2215
1922.50,33.2339
1923.00,33.2318
1923.50,33.2128
1924.00,33.1907
1924.50,33.1853
1925.00,33.2049
1925.50,33.2367
1926.00,33.2580
1926.50,33.2618
1927.00,33.2654
1927.50,33.2916
1928.00,33.3402
1928.50,33.3843
1929.00,33.3942
1929.50,33.3597
1930.00,33.2914
1930.50,33.2049
1931.00,33.1114
1931.50,33.0200
1932.00,32.9437
1932.50,32.8979
1933.00,32.8901
1933.50,32.9108
1934.00,32.9389
1934.50,32.9586
1935.00,32.9733
1935.50,33.0010
1936.00,33.0574
1936.50,33.1415
1937.00,33.2345
1937.50,33.3085
1938.00,33.3384
1938.50,33.3129
1939.00,33.2390
1939.50,33.1377
1940.00,33.0344
1940.50,32.9480
1941.00,32.8882
1941.50,32.8560
1942.00,32.8464
1942.50,32.8490
1943.00,32.8482
1943.50,32.8299
1944.00,32.7913
1944.50,32.7440
1945.00,32.7009
1945.50,32.6646
1946.00,32.6329
1946.50,32.6162
1947.00,32.6401
1947.50,32.7240
1948.00,32.8610
1948.50,33.0227
1949.00,33.1821
1949.50,33.3268
1950.00,33.4524
1950.50,33.5527
1951.00,33.6224
1951.50,33.6639
1952.00,33.6894
1952.50,33.7145
1953.00,33.7540
1953.50,33.8183
1954.00,33.9103
1954.50,34.0223
1955.00,34.1373
1955.50,34.2326
1956.00,34.2855
1956.50,34.2830
1957.00,34.2339
1957.50,34.1717
1958.00,34.1367
1958.50,34.1487
1959.00,34.1913
1959.50,34.2238
1960.00,34.2117
1960.50,34.1514
1961.00,34.0704
1961.50,34.0070
1962.00,33.9862
1962.50,34.0117
1963.00,34.0723
1963.50,34.1528
1964.00,34.2351
1964.50,34.2978
1965.00,34.3224
1965.50,34.3044
1966.00,34.2559
1966.50,34.1958
1967.00,34.1410
1967.50,34.1024
1968.00,34.0818
1968.50,34.0686
1969.00,34.0458
1969.50,34.0058
1970.00,33.9584
1970.50,33.9209
1971.00,33.9002
1971.50,33.8865
1972.00,33.8663
1972.50,33.8375
1973.00,33.8117
1973.50,33.8004
1974.00,33.8018
1974.50,33.8029
1975.00,33.7929
1975.50,33.7733
1976.00,33.7551
1976.50,33.7505
1977.00,33.7652
1977.50,33.7960
1978.00,33.8332
1978.50,33.8679
1979.00,33.8962
1979.50,33.9176
1980.00,33.9273
1980.50,33.9164
1981.00,33.8832
1981.50,33.8408
1982.00,33.8082
1982.50,33.7923
1983.00,33.7810
1983.50,33.7586
1984.00,33.7239
1984.50,33.6939
1985.00,33.6894
1985.50,33.7158
1986.00,33.7574
1986.50,33.7889
1987.00,33.7957
1987.50,33.7850
1988.00,33.7789
1988.50,33.7965
1989.00,33.8396
1989.50,33.8893
1990.00,33.9176
1990.50,33.9069
1991.00,33.8659
1991.50,33.8249
1992.00,33.8127
1992.50,33.8328
1993.00,33.8632
1993.50,33.8766
1994.00,33.8625
1994.50,33.8343
1995.00,33.8153
1995.50,33.8172
1996.00,33.8310
1996.50,33.8390
1997.00,33.8352
1997.50,33.8310
1998.00,33.8386
1998.50,33.8495
1999.00,33.8358
1999.50,33.7775
2000.00,33.6875
2000.50,33.6061
2001.00,33.5672
2001.50,33.5750
2002.00,33.6084
2002.50,33.6472
2003.00,33.6879
2003.50,33.7363
2004.00,33.7892
2004.50,33.8244
2005.00,33.8149
2005.50,33.7558
2006.00,33.6753
2006.50,33.6144
2007.00,33.5913
2007.50,33.5842
2008.00,33.5504
2008.50,33.4625
2009.00,33.3311
2009.50,33.1956
2010.00,33.0949
2010.50,33.0431
2011.00,33.0326
2011.50,33.0518
2012.00,33.0939
2012.50,33.1493
2013.00,33.1996
2013.50,33.2275
2014.00,33.2325
2014.50,33.2312
2015.00,33.2381
2015.50,33.2497
2016.00,33.2488
2016.50,33.2225
2017.00,33.1736
2017.50,33.1157
2018.00,33.0649
2018.50,33.0386
2019.00,33.0544
2019.50,33.1199
2020.00,33.2220
2020.50,33.3322
2021.00,33.4263
2021.50,33.4961
2022.00,33.5430
2022.50,33.5705
2023.00,33.5852
2023.50,33.6000
2024.00,33.6210
2024.50,33.6328
2025.00,33.6050
2025.50,33.5217
2026.00,33.4021
2026.50,33.2888
2027.00,33.2177
2027.50,33.2003
2028.00,33.2281
2028.50,33.2854
2029.00,33.3536
2029.50,33.4110
2030.00,33.4340
2030.50,33.4035
2031.00,33.3157
2031.50,33.1897
2032.00,33.0639
2032.50,32.9753
2033.00,32.9353
2033.50,32.9273
2034.00,32.9288
2034.50,32.9373
2035.00,32.9733
2035.50,33.0556
2036.00,33.1745
2036.50,33.2899
2037.00,33.3605
2037.50,33.3750
2038.00,33.3525
2038.50,33.3182
2039.00,33.2832
2039.50,33.2466
2040.00,33.2078
2040.50,33.1708
2041.00,33.1424
2041.50,33.1300
2042.00,33.1375
2042.50,33.1601
2043.00,33.1865
2043.50,33.2095
2044.00,33.2329
2044.50,33.2656
2045.00,33.3117
2045.50,33.3674
2046.00,33.4262
2046.50,33.4798
2047.00,33.5143
2047.50,33.5116
2048.00,33.4641
2048.50,33.3854
2049.00,33.3042
2049.50,33.2478
2050.00,33.2299
2050.50,33.2496
2051.00,33.2969
2051.50,33.3563
2052.00,33.4117
2052.50,33.4501
2053.00,33.4642
2053.50,33.4507
2054.00,33.4079
2054.50,33.3386
2055.00,33.2553
2055.50,33.1780
2056.00,33.1241
2056.50,33.1016
2057.00,33.1118
2057.50,33.1537
2058.00,33.2192
2058.50,33.2868
2059.00,33.3293
2059.50,33.3323
2060.00,33.3023
2060.50,33.2578
2061.00,33.2140
2061.50,33.1775
2062.00,33.1503
2062.50,33.1343
2063.00,33.1324
2063.50,33.1488
2064.00,33.1865
2064.50,33.2449
2065.00,33.3184
2065.50,33.3982
2066.00,33.4752
2066.50,33.5393
2067.00,33.5791
2067.50,33.5869
2068.00,33.5654
2068.50,33.5273
2069.00,33.4842
2069.50,33.4431
2070.00,33.4132
2070.50,33.4109
2071.00,33.4483
2071.50,33.5160
2072.00,33.5816
2072.50,33.6043
2073.00,33.5576
2073.50,33.4442
2074.00,33.2979
2074.50,33.1711
2075.00,33.1127
2075.50,33.1462
2076.00,33.2605
2076.50,33.4179
2077.00,33.5737
2077.50,33.6943
2078.00,33.7648
2078.50,33.7876
2079.00,33.7750
2079.50,33.7434
2080.00,33.7074
2080.50,33.6756
2081.00,33.6502
2081.50,33.6325
2082.00,33.6295
2082.50,33.6534
2083.00,33.7087
2083.50,33.7789
2084.00,33.8270
2084.50,33.8178
2085.00,33.7425
2085.50,33.6264
2086.00,33.5107
2086.50,33.4294
2087.00,33.3971
2087.50,33.4112
2088.00,33.4615
2088.50,33.5380
2089.00,33.6327
2089.50,33.7338
2090.00,33.8199
2090.50,33.8650
2091.00,33.8549
2091.50,33.8004
2092.00,33.7310
2092.50,33.6753
2093.00,33.6453
2093.50,33.6373
2094.00,33.6396
2094.50,33.6373
2095.00,33.6140
2095.50,33.5555
2096.00,33.4584
2096.50,33.3358
2097.00,33.2169
2097.50,33.1321
2098.00,33.0899
2098.50,33.0666
2099.00,33.0224
2099.50,32.9345
2100.00,32.8153
2100.50,32.7030
2101.00,32.6358
2101.50,32.6355
2102.00,32.7037
2102.50,32.8264
2103.00,32.9779
2103.50,33.1267
2104.00,33.2463
2104.50,33.3275
2105.00,33.3807
2105.50,33.4228
2106.00,33.4594
2106.50,33.4783
2107.00,33.4594
2107.50,33.3937
2108.00,33.2931
2108.50,33.1864
2109.00,33.1030
2109.50,33.0581
2110.00,33.0500
2110.50,33.0695
2111.00,33.1081
2111.50,33.1584
2112.00,33.2098
2112.50,33.2530
2113.00,33.2916
2113.50,33.3485
2114.00,33.4517
2114.50,33.6095
2115.00,33.7953
2115.50,33.9631
2116.00,34.0800
2116.50,34.1471
2117.00,34.1872
2117.50,34.2150
2118.00,34.2222
2118.50,34.1881
2119.00,34.1011
2119.50,33.9678
2120.00,33.8104
2120.50,33.6572
2121.00,33.5327
2121.50,33.4486
2122.00,33.4046
2122.50,33.3943
2123.00,33.4075
2123.50,33.4305
2124.00,33.4516
2124.50,33.4697
2125.00,33.4935
2125.50,33.5286
2126.00,33.5670
2126.50,33.5906
2127.00,33.5842
2127.50,33.5459
2128.00,33.4850
2128.50,33.4135
2129.00,33.3403
2129.50,33.2751
2130.00,33.2346
2130.50,33.2416
2131.00,33.3109
2131.50,33.4323
2132.00,33.5689
2132.50,33.6774
2133.00,33.7353
2133.50,33.7479
2134.00,33.7333
2134.50,33.7069
2135.00,33.6795
2135.50,33.6606
2136.00,33.6577
2136.50,33.6714
2137.00,33.6936
2137.50,33.7127
2138.00,33.7212
2138.50,33.7180
2139.00,33.7020
2139.50,33.6661
2140.00,33.6052
2140.50,33.5350
2141.00,33.4939
2141.50,33.5155
2142.00,33.5975
2142.50,33.7000
2143.00,33.7766
2143.50,33.8050
2144.00,33.7916
2144.50,33.7575
2145.00,33.7235
2145.50,33.7028
2146.00,33.6996
2146.50,33.7142
2147.00,33.7494
2147.50,33.8072
2148.00,33.8791
2148.50,33.9424
2149.00,33.9713
2149.50,33.9536
2150.00,33.8951
2150.50,33.8136
2151.00,33.7296
2151.50,33.6612
2152.00,33.6209
2152.50,33.6141
2153.00,33.6364
2153.50,33.6714
2154.00,33.6940
2154.50,33.6819
2155.00,33.6340
2155.50,33.5756
2156.00,33.5461
2156.50,33.5754
2157.00,33.6690
2157.50,33.8060
2158.00,33.9490
2158.50,34.0588
2159.00,34.1120
2159.50,34.1092
2160.00,34.0718
2160.50,34.0282
2161.00,34.0013
2161.50,34.0018
2162.00,34.0276
2162.50,34.0670
2163.00,34.1073
2163.50,34.1428
2164.00,34.1744
2164.50,34.2015
2165.00,34.2172
2165.50,34.2141
2166.00,34.1955
2166.50,34.1754
2167.00,34.1694
2167.50,34.1842
2168.00,34.2161
2168.50,34.2573
2169.00,34.3004
2169.50,34.3345
2170.00,34.3414
2170.50,34.3041
2171.00,34.2280
2171.50,34.1490
2172.00,34.1096
2172.50,34.1224
2173.00,34.1595
2173.50,34.1814
2174.00,34.1711
2174.50,34.1436
2175.00,34.1317
2175.50,34.1650
2176.00,34.2556
2176.50,34.3916
2177.00,34.5396
2177.50,34.6589
2178.00,34.7197
2178.50,34.7174
2179.00,34.6711
2179.50,34.6093
2180.00,34.5558
2180.50,34.5252
2181.00,34.5240
2181.50,34.5520
2182.00,34.6035
2182.50,34.6708
2183.00,34.7449
2183.50,34.8123
2184.00,34.8544
2184.50,34.8533
2185.00,34.8013
2185.50,34.7040
2186.00,34.5757
2186.50,34.4329
2187.00,34.2922
2187.50,34.1716
2188.00,34.0908
2188.50,34.0663
2189.00,34.1040
2189.50,34.1924
2190.00,34.3037
2190.50,34.4050
2191.00,34.4725
2191.50,34.5015
2192.00,34.5043
2192.50,34.4977
2193.00,34.4944
2193.50,34.5009
2194.00,34.5203
2194.50,34.5498
2195.00,34.5761
2195.50,34.5755
2196.00,34.5260
2196.50,34.4281
2197.00,34.3165
2197.50,34.2449
2198.00,34.2485
2198.50,34.3164
2199.00,34.4031
2199.50,34.4656
2200.00,34.4918
2200.50,34.4965
2201.00,34.5013
2201.50,34.5175
2202.00,34.5408
2202.50,34.5541
2203.00,34.5372
2203.50,34.4787
2204.00,34.3848
2204.50,34.2774
2205.00,34.1872
2205.50,34.1425
2206.00,34.1565
2206.50,34.2203
2207.00,34.3078
2207.50,34.3939
2208.00,34.4702
2208.50,34.5422
2209.00,34.6096
2209.50,34.6512
2210.00,34.6332
2210.50,34.5408
2211.00,34.3998
2211.50,34.2649
2212.00,34.1808
2212.50,34.1535
2213.00,34.1578
2213.50,34.1657
2214.00,34.1673
2214.50,34.1702
2215.00,34.1900
2215.50,34.2427
2216.00,34.3365
2216.50,34.4619
2217.00,34.5848
2217.50,34.6579
2218.00,34.6484
2218.50,34.5634
2219.00,34.4474
2219.50,34.3516
2220.00,34.3007
2220.50,34.2840
2221.00,34.2749
2221.50,34.2597
2222.00,34.2519
2222.50,34.2793
2223.00,34.3536
2223.50,34.4501
2224.00,34.5195
2224.50,34.5223
2225.00,34.4566
2225.50,34.3561
2226.00,34.2690
2226.50,34.2387
2227.00,34.2938
2227.50,34.4362
2228.00,34.6312
2228.50,34.8156
2229.00,34.9354
2229.50,34.9833
2230.00,34.9985
2230.50,35.0259
2231.00,35.0737
2231.50,35.1096
2232.00,35.0930
2232.50,35.0104
2233.00,34.8872
2233.50,34.7710
2234.00,34.7042
2234.50,34.7012
2235.00,34.7437
2235.50,34.7953
2236.00,34.8280
2236.50,34.8372
2237.00,34.8349
2237.50,34.8285
2238.00,34.8100
2238.50,34.7686
2239.00,34.7088
2239.50,34.6517
2240.00,34.6171
2240.50,34.6047
2241.00,34.5951
2241.50,34.5696
2242.00,34.5268
2242.50,34.4805
2243.00,34.4429
2243.50,34.4107
2244.00,34.3695
2244.50,34.3120
2245.00,34.2480
2245.50,34.1964
2246.00,34.1683
2246.50,34.1583
2247.00,34.1556
2247.50,34.1632
2248.00,34.2012
2248.50,34.2865
2249.00,34.4092
2249.50,34.5324
2250.00,34.6205
2250.50,34.6671
2251.00,34.6960
2251.50,34.7345
2252.00,34.7874
2252.50,34.8362
2253.00,34.8603
2253.50,34.8549
2254.00,34.8293
2254.50,34.7929
2255.00,34.7515
2255.50,34.7121
2256.00,34.6836
2256.50,34.6660
2257.00,34.6430
2257.50,34.5941
2258.00,34.5154
2258.50,34.4256
2259.00,34.3538
2259.50,34.3229
2260.00,34.3451
2260.50,34.4241
2261.00,34.5524
2261.50,34.7050
2262.00,34.8419
2262.50,34.9264
2263.00,34.9466
2263.50,34.9230
2264.00,34.8954
2264.50,34.8953
2265.00,34.9255
2265.50,34.9589
2266.00,34.9598
2266.50,34.9097
2267.00,34.8176
2267.50,34.7088
2268.00,34.6065
2268.50,34.5274
2269.00,34.4891
2269.50,34.5093
2270.00,34.5878
2270.50,34.6928
2271.00,34.7758
2271.50,34.8031
2272.00,34.7740
2272.50,34.7112
2273.00,34.6418
2273.50,34.5884
2274.00,34.5643
2274.50,34.5666
2275.00,34.5746
2275.50,34.5640
2276.00,34.5259
2276.50,34.4714
2277.00,34.4189
2277.50,34.3787
2278.00,34.3523
2278.50,34.3411
2279.00,34.3498
2279.50,34.3787
2280.00,34.4153
2280.50,34.4410
2281.00,34.4484
2281.50,34.4512
2282.00,34.4716
2282.50,34.5161
2283.00,34.5663
2283.50,34.5953
2284.00,34.5913
2284.50,34.5653
2285.00,34.5402
2285.50,34.5326
2286.00,34.5426
2286.50,34.5549
2287.00,34.5509
2287.50,34.5184
2288.00,34.4546
2288.50,34.3651
2289.00,34.2659
2289.50,34.1832
2290.00,34.1446
2290.50,34.1654
2291.00,34.2427
2291.50,34.3597
2292.00,34.4923
2292.50,34.6153
2293.00,34.7085
2293.50,34.7635
2294.00,34.7835
2294.50,34.7772
2295.00,34.7521
2295.50,34.7148
2296.00,34.6772
2296.50,34.6581
2297.00,34.6761
2297.50,34.7334
2298.00,34.8072
2298.50,34.8610
2299.00,34.8700
2299.50,34.8335
2300.00,34.7682
2300.50,34.6936
2301.00,34.6268
2301.50,34.5847
2302.00,34.5817
2302.50,34.6229
2303.00,34.6969
2303.50,34.7765
2304.00,34.8292
2304.50,34.8321
2305.00,34.7845
2305.50,34.7072
2306.00,34.6305
2306.50,34.5776
2307.00,34.5524
2307.50,34.5416
2308.00,34.5322
2308.50,34.5283
2309.00,34.5532
2309.50,34.6300
2310.00,34.7578
2310.50,34.9009
2311.00,35.0029
2311.50,35.0196
2312.00,34.9472
2312.50,34.8235
2313.00,34.7030
2313.50,34.6281
2314.00,34.6161
2314.50,34.6583
2315.00,34.7214
2315.50,34.7578
2316.00,34.7320
2316.50,34.6515
2317.00,34.5693
2317.50,34.5457
2318.00,34.6035
2318.50,34.7194
2319.00,34.8559
2319.50,34.9917
2320.00,35.1220
2320.50,35.2384
2321.00,35.3207
2321.50,35.3500
2322.00,35.3277
2322.50,35.2801
2323.00,35.2432
2323.50,35.2377
2324.00,35.2537
2324.50,35.2574
2325.00,35.2184
2325.50,35.1338
2326.00,35.0305
2326.50,34.9447
2327.00,34.8982
2327.50,34.8907
2328.00,34.9105
2328.50,34.9518
2329.00,35.0204
2329.50,35.1234
2330.00,35.2520
2330.50,35.3768
2331.00,35.4617
2331.50,35.4880
2332.00,35.4655
2332.50,35.4191
2333.00,35.3644
2333.50,35.2955
2334.00,35.1968
2334.50,35.0594
2335.00,34.8878
2335.50,34.6964
2336.00,34.5081
2336.50,34.3529
2337.00,34.2595
2337.50,34.2399
2338.00,34.2805
2338.50,34.3492
2339.00,34.4163
2339.50,34.4698
2340.00,34.5161
2340.50,34.5698
2341.00,34.6414
2341.50,34.7289
2342.00,34.8157
2342.50,34.8789
2343.00,34.9032
2343.50,34.8903
2344.00,34.8585
2344.50,34.8344
2345.00,34.8398
2345.50,34.8795
2346.00,34.9356
2346.50,34.9767
2347.00,34.9777
2347.50,34.9353
2348.00,34.8683
2348.50,34.8030
2349.00,34.7538
2349.50,34.7158
2350.00,34.6752
2350.50,34.6268
2351.00,34.5813
2351.50,34.5555
2352.00,34.5586
2352.50,34.5897
2353.00,34.6437
2353.50,34.7167
2354.00,34.8063
2354.50,34.9089
2355.00,35.0170
2355.50,35.1156
2356.00,35.1839
2356.50,35.2034
2357.00,35.1718
2357.50,35.1097
2358.00,35.0556
2358.50,35.0468
2359.00,35.0994
2359.50,35.1983
2360.00,35.3037
2360.50,35.3707
2361.00,35.3726
2361.50,35.3139
2362.00,35.2236
2362.50,35.1308
2363.00,35.0416
2363.50,34.9377
2364.00,34.7999
2364.50,34.6341
2365.00,34.4752
2365.50,34.3650
2366.00,34.3249
2366.50,34.3465
2367.00,34.4039
2367.50,34.4724
2368.00,34.5365
2368.50,34.5868
2369.00,34.6162
2369.50,34.6217
2370.00,34.6044
2370.50,34.5681
2371.00,34.5162
2371.50,34.4538
2372.00,34.3897
2372.50,34.3325
2373.00,34.2881
2373.50,34.2615
2374.00,34.2605
2374.50,34.2931
2375.00,34.3598
2375.50,34.4490
2376.00,34.5390
2376.50,34.6051
2377.00,34.6315
2377.50,34.6244
2378.00,34.6124
2378.50,34.6273
2379.00,34.6804
2379.50,34.7558
2380.00,34.8261
2380.50,34.8738
2381.00,34.8979
2381.50,34.9026
2382.00,34.8874
2382.50,34.8505
2383.00,34.8000
2383.50,34.7523
2384.00,34.7178
2384.50,34.6906
2385.00,34.6570
2385.50,34.6129
2386.00,34.5684
2386.50,34.5352
2387.00,34.5170
2387.50,34.5126
2388.00,34.5253
2388.50,34.5637
2389.00,34.6334
2389.50,34.7285
2390.00,34.8295
2390.50,34.9109
2391.00,34.9538
2391.50,34.9591
2392.00,34.9468
2392.50,34.9391
2393.00,34.9393
2393.50,34.9273
2394.00,34.8770
2394.50,34.7811
2395.00,34.6593
2395.50,34.5428
2396.00,34.4525
2396.50,34.3888
2397.00,34.3361
2397.50,34.2785
2398.00,34.2149
2398.50,34.1639
2399.00,34.1503
2399.50,34.1860
2400.00,34.2620
2400.50,34.3588
2401.00,34.4623
2401.50,34.5671
2402.00,34.6684
2402.50,34.7534
2403.00,34.8054
2403.50,34.8170
2404.00,34.7978
2404.50,34.7680
2405.00,34.7455
2405.50,34.7377
2406.00,34.7438
2406.50,34.7614
2407.00,34.7911
2407.50,34.8345
2408.00,34.8904
2408.50,34.9522
2409.00,35.0145
2409.50,35.0769
2410.00,35.1384
2410.50,35.1915
2411.00,35.2278
2411.50,35.2523
2412.00,35.2830
2412.50,35.3287
2413.00,35.3694
2413.50,35.3654
2414.00,35.2909
2414.50,35.1571
2415.00,35.0023
2415.50,34.8619
2416.00,34.7468
2416.50,34.6495
2417.00,34.5595
2417.50,34.4691
2418.00,34.3702
2418.50,34.2544
2419.00,34.1220
2419.50,33.9877
2420.00,33.8724
2420.50,33.7897
2421.00,33.7370
2421.50,33.7026
2422.00,33.6775
2422.50,33.6587
2423.00,33.6412
2423.50,33.6137
2424.00,33.5689
2424.50,33.5165
2425.00,33.4824
2425.50,33.4878
2426.00,33.5293
2426.50,33.5791
2427.00,33.6042
2427.50,33.5908
2428.00,33.5559
2428.50,33.5396
2429.00,33.5794
2429.50,33.6808
2430.00,33.8116
2430.50,33.9259
2431.00,33.9964
2431.50,34.0238
2432.00,34.0240
2432.50,34.0129
2433.00,34.0009
2433.50,33.9923
2434.00,33.9854
2434.50,33.9767
2435.00,33.9650
2435.50,33.9537
2436.00,33.9489
2436.50,33.9564
2437.00,33.9782
2437.50,34.0090
2438.00,34.0368
2438.50,34.0472
2439.00,34.0324
2439.50,34.0014
2440.00,33.9827
2440.50,34.0117
2441.00,34.1068
2441.50,34.2526
2442.00,34.4102
2442.50,34.5445
2443.00,34.6399
2443.50,34.6966
2444.00,34.7187
2444.50,34.7127
2445.00,34.6905
2445.50,34.6661
2446.00,34.6457
2446.50,34.6218
2447.00,34.5819
2447.50,34.5217
2448.00,34.4530
2448.50,34.3996
2449.00,34.3855
2449.50,34.4217
2450.00,34.4987
2450.50,34.5876
2451.00,34.6531
2451.50,34.6708
2452.00,34.6392
2452.50,34.5762
2453.00,34.5017
2453.50,34.4234
2454.00,34.3379
2454.50,34.2481
2455.00,34.1785
2455.50,34.1688
2456.00,34.2406
2456.50,34.3659
2457.00,34.4771
2457.50,34.5179
2458.00,34.4877
2458.50,34.4308
2459.00,34.3877
2459.50,34.3647
2460.00,34.3528
2460.50,34.3642
2461.00,34.4361
2461.50,34.5914
2462.00,34.7995
2462.50,34.9857
2463.00,35.0866
2463.50,35.0982
2464.00,35.0686
2464.50,35.0511
2465.00,35.0639
2465.50,35.0901
2466.00,35.1034
2466.50,35.0920
2467.00,35.0653
2467.50,35.0441
2468.00,35.0425
2468.50,35.0551
2469.00,35.0646
2469.50,35.0648
2470.00,35.0682
2470.50,35.0869
2471.00,35.1111
2471.50,35.1168
2472.00,35.0937
2472.50,35.0575
2473.00,35.0335
2473.50,35.0351
2474.00,35.0583
2474.50,35.0884
2475.00,35.1105
2475.50,35.1158
2476.00,35.1064
2476.50,35.0934
2477.00,35.0880
2477.50,35.0952
2478.00,35.1142
2478.50,35.1414
2479.00,35.1708
2479.50,35.1946
2480.00,35.2089
2480.50,35.2165
2481.00,35.2223
2481.50,35.2260
2482.00,35.2198
2482.50,35.1965
2483.00,35.1575
2483.50,35.1120
2484.00,35.0677
2484.50,35.0233
2485.00,34.9747
2485.50,34.9303
2486.00,34.9133
2486.50,34.9411
2487.00,35.0042
2487.50,35.0702
2488.00,35.1116
2488.50,35.1261
2489.00,35.1301
2489.50,35.1394
2490.00,35.1558
2490.50,35.1706
2491.00,35.1723
2491.50,35.1523
2492.00,35.1064
2492.50,35.0395
2493.00,34.9665
2493.50,34.9029
2494.00,34.8534
2494.50,34.8131
2495.00,34.7829
2495.50,34.7770
2496.00,34.8098
2496.50,34.8773
2497.00,34.9563
2497.50,35.0207
2498.00,35.0584
2498.50,35.0728
2499.00,35.0737
2499.50,35.0699
2500.00,35.0693
2500.50,35.0788
2501.00,35.0990
2501.50,35.1221
2502.00,35.1369
2502.50,35.1381
2503.00,35.1286
2503.50,35.1120
2504.00,35.0863
2504.50,35.0471
2505.00,34.9973
2505.50,34.9510
2506.00,34.9259
2506.50,34.9333
2507.00,34.9721
2507.50,35.0304
2508.00,35.0886
2508.50,35.1254
2509.00,35.1272
2509.50,35.0980
2510.00,35.0598
2510.50,35.0390
2511.00,35.0473
2511.50,35.0753
2512.00,35.1068
2512.50,35.1352
2513.00,35.1646
2513.50,35.1961
2514.00,35.2167
2514.50,35.2079
2515.00,35.1627
2515.50,35.0943
2516.00,35.0292
2516.50,34.9928
2517.00,34.9987
2517.50,35.0449
2518.00,35.1159
2518.50,35.1887
2519.00,35.2396
2519.50,35.2538
2520.00,35.2325
2520.50,35.1939
2521.00,35.1625
2521.50,35.1545
2522.00,35.1697
2522.50,35.1940
2523.00,35.2084
2523.50,35.1971
2524.00,35.1535
2524.50,35.0837
2525.00,35.0018
2525.50,34.9200
2526.00,34.8408
2526.50,34.7590
2527.00,34.6683
2527.50,34.5672
2528.00,34.4619
2528.50,34.3651
2529.00,34.2888
2529.50,34.2358
2530.00,34.1983
2530.50,34.1660
2531.00,34.1362
2531.50,34.1140
2532.00,34.1072
2532.50,34.1215
2533.00,34.1575
2533.50,34.2084
2534.00,34.2614
2534.50,34.3047
2535.00,34.3343
2535.50,34.3508
2536.00,34.3507
2536.50,34.3246
2537.00,34.2701
2537.50,34.2019
2538.00,34.1467
2538.50,34.1263
2539.00,34.1432
2539.50,34.1820
2540.00,34.2215
2540.50,34.2497
2541.00,34.2715
2541.50,34.3037
2542.00,34.3599
2542.50,34.4348
2543.00,34.5033
2543.50,34.5341
2544.00,34.5089
2544.50,34.4329
2545.00,34.3320
2545.50,34.2371
2546.00,34.1691
2546.50,34.1313
2547.00,34.1133
2547.50,34.1038
2548.00,34.0992
2548.50,34.1029
2549.00,34.1185
2549.50,34.1457
2550.00,34.1815
2550.50,34.2204
2551.00,34.2518
2551.50,34.2619
2552.00,34.2422
2552.50,34.1975
2553.00,34.1437
2553.50,34.0950
2554.00,34.0569
2554.50,34.0282
2555.00,34.0075
2555.50,33.9975
2556.00,34.0060
2556.50,34.0405
2557.00,34.1010
2557.50,34.1764
2558.00,34.2485
2558.50,34.3024
2559.00,34.3328
2559.50,34.3427
2560.00,34.3389
2560.50,34.3283
2561.00,34.3176
2561.50,34.3146
2562.00,34.3298
2562.50,34.3733
2563.00,34.4478
2563.50,34.5439
2564.00,34.6447
2564.50,34.7334
2565.00,34.7985
2565.50,34.8323
2566.00,34.8291
2566.50,34.7872
2567.00,34.7147
2567.50,34.6309
2568.00,34.5597
2568.50,34.5201
2569.00,34.5198
2569.50,34.5561
2570.00,34.6189
2570.50,34.6951
2571.00,34.7738
2571.50,34.8473
2572.00,34.9074
2572.50,34.9430
2573.00,34.9447
2573.50,34.9140
2574.00,34.8647
2574.50,34.8143
2575.00,34.7748
2575.50,34.7509
2576.00,34.7449
2576.50,34.7595
2577.00,34.7938
2577.50,34.8401
2578.00,34.8836
2578.50,34.9088
2579.00,34.9087
2579.50,34.8895
2580.00,34.8648
2580.50,34.8450
2581.00,34.8312
2581.50,34.8216
2582.00,34.8181
2582.50,34.8256
2583.00,34.8428
2583.50,34.8576
2584.00,34.8529
2584.50,34.8190
2585.00,34.7622
2585.50,34.7014
2586.00,34.6547
2586.50,34.6296
2587.00,34.6265
2587.50,34.6452
2588.00,34.6842
2588.50,34.7338
2589.00,34.7753
2589.50,34.7933
2590.00,34.7896
2590.50,34.7844
2591.00,34.8017
2591.50,34.8486
2592.00,34.9067
2592.50,34.9427
2593.00,34.9290
2593.50,34.8598
2594.00,34.7538
2594.50,34.6467
2595.00,34.5746
2595.50,34.5555
2596.00,34.5795
2596.50,34.6190
2597.00,34.6487
2597.50,34.6591
2598.00,34.6528
2598.50,34.6355
2599.00,34.6116
2599.50,34.5846
2600.00,34.5563
2600.50,34.5282
2601.00,34.5049
2601.50,34.4985
2602.00,34.5232
2602.50,34.5836
2603.00,34.6620
2603.50,34.7210
2604.00,34.7191
2604.50,34.6326
2605.00,34.4681
2605.50,34.2629
2606.00,34.0731
2606.50,33.9531
2607.00,33.9329
2607.50,34.0079
2608.00,34.1449
2608.50,34.2943
2609.00,34.4002
2609.50,34.4196
2610.00,34.3498
2610.50,34.2350
2611.00,34.1355
2611.50,34.0808
2612.00,34.0543
2612.50,34.0219
2613.00,33.9714
2613.50,33.9249
2614.00,33.9155
2614.50,33.9564
2615.00,34.0313
2615.50,34.1081
2616.00,34.1595
2616.50,34.1762
2617.00,34.1674
2617.50,34.1511
2618.00,34.1425
2618.50,34.1452
2619.00,34.1524
2619.50,34.1552
2620.00,34.1524
2620.50,34.1497
2621.00,34.1486
2621.50,34.1380
2622.00,34.1017
2622.50,34.0345
2623.00,33.9545
2623.50,33.8953
2624.00,33.8834
2624.50,33.9191
2625.00,33.9805
2625.50,34.0464
2626.00,34.1140
2626.50,34.1936
2627.00,34.2914
2627.50,34.4005
2628.00,34.5044
2628.50,34.5858
2629.00,34.6340
2629.50,34.6478
2630.00,34.6342
2630.50,34.6023
2631.00,34.5607
2631.50,34.5177
2632.00,34.4840
2632.50,34.4702
2633.00,34.4868
2633.50,34.5456
2634.00,34.6603
2634.50,34.8367
2635.00,35.0625
2635.50,35.3068
2636.00,35.5339
2636.50,35.7195
2637.00,35.8562
2637.50,35.9492
2638.00,36.0098
2638.50,36.0510
2639.00,36.0842
2639.50,36.1157
2640.00,36.1455
2640.50,36.1691
2641.00,36.1827
2641.50,36.1882
2642.00,36.1921
2642.50,36.1989
2643.00,36.2051
2643.50,36.2039
2644.00,36.1961
2644.50,36.1937
2645.00,36.2086
2645.50,36.2361
2646.00,36.2532
2646.50,36.2362
2647.00,36.1792
2647.50,36.0978
2648.00,36.0145
2648.50,35.9434
2649.00,35.8876
2649.50,35.8429
2650.00,35.8028
2650.50,35.7609
2651.00,35.7117
2651.50,35.6537
2652.00,35.5942
2652.50,35.5508
2653.00,35.5437
2653.50,35.5815
2654.00,35.6539
2654.50,35.7414
2655.00,35.8348
2655.50,35.9395
2656.00,36.0595
2656.50,36.1804
2657.00,36.2715
2657.50,36.3062
2658.00,36.2844
2658.50,36.2375
2659.00,36.2132
2659.50,36.2465
2660.00,36.3341
2660.50,36.4339
2661.00,36.4953
2661.50,36.4976
2662.00,36.4641
2662.50,36.4393
2663.00,36.4532
2663.50,36.5039
2664.00,36.5660
2664.50,36.6109
2665.00,36.6223
2665.50,36.6018
2666.00,36.5659
2666.50,36.5334
2667.00,36.5117
2667.50,36.4943
2668.00,36.4728
2668.50,36.4491
2669.00,36.4314
2669.50,36.4207
2670.00,36.4085
2670.50,36.3885
2671.00,36.3655
2671.50,36.3452
2672.00,36.3210
2672.50,36.2761
2673.00,36.2025
2673.50,36.1135
2674.00,36.0361
2674.50,35.9931
2675.00,35.9903
2675.50,36.0153
2676.00,36.0453
2676.50,36.0594
2677.00,36.0492
2677.50,36.0195
2678.00,35.9819
2678.50,35.9481
2679.00,35.9274
2679.50,35.9254
2680.00,35.9421
2680.50,35.9731
2681.00,36.0130
2681.50,36.0560
2682.00,36.0924
2682.50,36.1091
2683.00,36.0954
2683.50,36.0509
2684.00,35.9882
2684.50,35.9286
2685.00,35.8944
2685.50,35.9006
2686.00,35.9504
2686.50,36.0324
2687.00,36.1223
2687.50,36.1920
2688.00,36.2265
2688.50,36.2353
2689.00,36.2422
2689.50,36.2614
2690.00,36.2845
2690.50,36.2947
2691.00,36.2909
2691.50,36.2904
2692.00,36.3070
2692.50,36.3354
2693.00,36.3582
2693.50,36.3658
2694.00,36.3648
2694.50,36.3677
2695.00,36.3795
2695.50,36.3906
2696.00,36.3830
2696.50,36.3428
2697.00,36.2709
2697.50,36.1828
2698.00,36.0987
2698.50,36.0332
2699.00,35.9919
2699.50,35.9759
2700.00,35.9836
2700.50,36.0077
2701.00,36.0305
2701.50,36.0290
2702.00,35.9910
2702.50,35.9297
2703.00,35.8767
2703.50,35.8553
2704.00,35.8616
2704.50,35.8720
2705.00,35.8687
2705.50,35.8550
2706.00,35.8477
2706.50,35.8602
2707.00,35.8922
2707.50,35.9314
2708.00,35.9593
2708.50,35.9594
2709.00,35.9250
2709.50,35.8624
2710.00,35.7869
2710.50,35.7151
2711.00,35.6596
2711.50,35.6288
2712.00,35.6270
2712.50,35.6527
2713.00,35.6967
2713.50,35.7435
2714.00,35.7764
2714.50,35.7840
2715.00,35.7643
2715.50,35.7258
2716.00,35.6832
2716.50,35.6482
2717.00,35.6229
2717.50,35.6037
2718.00,35.5940
2718.50,35.6072
2719.00,35.6516
2719.50,35.7111
2720.00,35.7490
2720.50,35.7323
2721.00,35.6560
2721.50,35.5436
2722.00,35.4308
2722.50,35.3462
2723.00,35.3008
2723.50,35.2880
2724.00,35.2915
2724.50,35.2955
2725.00,35.2939
2725.50,35.2917
2726.00,35.2985
2726.50,35.3211
2727.00,35.3602
2727.50,35.4118
2728.00,35.4679
2728.50,35.5159
2729.00,35.5403
2729.50,35.5278
2730.00,35.4742
2730.50,35.3883
2731.00,35.2896
2731.50,35.1991
2732.00,35.1301
2732.50,35.0855
2733.00,35.0635
2733.50,35.0652
2734.00,35.0956
2734.50,35.1550
2735.00,35.2294
2735.50,35.2890
2736.00,35.3057
2736.50,35.2766
2737.00,35.2257
2737.50,35.1801
2738.00,35.1446
2738.50,35.1048
2739.00,35.0501
2739.50,34.9885
2740.00,34.9399
2740.50,34.9180
2741.00,34.9187
2741.50,34.9216
2742.00,34.9046
2742.50,34.8577
2743.00,34.7856
2743.50,34.6987
2744.00,34.6039
2744.50,34.5037
2745.00,34.4001
2745.50,34.2982
2746.00,34.2069
2746.50,34.1382
2747.00,34.1050
2747.50,34.1169
2748.00,34.1731
2748.50,34.2587
2749.00,34.3464
2749.50,34.4082
2750.00,34.4300
2750.50,34.4182
2751.00,34.3915
2751.50,34.3668
2752.00,34.3508
2752.50,34.3425
2753.00,34.3385
2753.50,34.3364
2754.00,34.3353
2754.50,34.3335
2755.00,34.3280
2755.50,34.3164
2756.00,34.2976
2756.50,34.2681
2757.00,34.2212
2757.50,34.1535
2758.00,34.0750
2758.50,34.0071
2759.00,33.9709
2759.50,33.9752
2760.00,34.0157
2760.50,34.0817
2761.00,34.1614
2761.50,34.2459
2762.00,34.3308
2762.50,34.4153
2763.00,34.4988
2763.50,34.5774
2764.00,34.6419
2764.50,34.6777
2765.00,34.6680
2765.50,34.6005
2766.00,34.4755
2766.50,34.3077
2767.00,34.1237
2767.50,33.9587
2768.00,33.8475
2768.50,33.8092
2769.00,33.8339
2769.50,33.8861
2770.00,33.9311
2770.50,33.9574
2771.00,33.9774
2771.50,34.0068
2772.00,34.0462
2772.50,34.0836
2773.00,34.1114
2773.50,34.1395
2774.00,34.1866
2774.50,34.2596
2775.00,34.3422
2775.50,34.4057
2776.00,34.4330
2776.50,34.4336
2777.00,34.4349
2777.50,34.4602
2778.00,34.5128
2778.50,34.5772
2779.00,34.6309
2779.50,34.6584
2780.00,34.6563
2780.50,34.6268
2781.00,34.5712
2781.50,34.4925
2782.00,34.4014
2782.50,34.3134
2783.00,34.2371
2783.50,34.1705
2784.00,34.1142
2784.50,34.0838
2785.00,34.1021
2785.50,34.1763
2786.00,34.2829
2786.50,34.3819
2787.00,34.4463
2787.50,34.4784
2788.00,34.4959
2788.50,34.5087
2789.00,34.5140
2789.50,34.5086
2790.00,34.4959
2790.50,34.4778
2791.00,34.4481
2791.50,34.3995
2792.00,34.3339
2792.50,34.2606
2793.00,34.1893
2793.50,34.1308
2794.00,34.1070
2794.50,34.1461
2795.00,34.2598
2795.50,34.4224
2796.00,34.5811
2796.50,34.6919
2797.00,34.7483
2797.50,34.7750
2798.00,34.7990
2798.50,34.8285
2799.00,34.8559
2799.50,34.8741
2800.00,34.8856
2800.50,34.8982
2801.00,34.9157
2801.50,34.9324
2802.00,34.9366
2802.50,34.9207
2803.00,34.8912
2803.50,34.8703
2804.00,34.8846
2804.50,34.9445
2805.00,35.0317
2805.50,35.1086
2806.00,35.1464
2806.50,35.1436
2807.00,35.1199
2807.50,35.0947
2808.00,35.0728
2808.50,35.0506
2809.00,35.0306
2809.50,35.0246
2810.00,35.0403
2810.50,35.0717
2811.00,35.1074
2811.50,35.1449
2812.00,35.1895
2812.50,35.2393
2813.00,35.2789
2813.50,35.2937
2814.00,35.2856
2814.50,35.2732
2815.00,35.2760
2815.50,35.3015
2816.00,35.3449
2816.50,35.3958
2817.00,35.4436
2817.50,35.4804
2818.00,35.5019
2818.50,35.5063
2819.00,35.4931
2819.50,35.4636
2820.00,35.4223
2820.50,35.3776
2821.00,35.3392
2821.50,35.3142
2822.00,35.3033
2822.50,35.3022
2823.00,35.3056
2823.50,35.3104
2824.00,35.3141
2824.50,35.3106
2825.00,35.2907
2825.50,35.2495
2826.00,35.1947
2826.50,35.1473
2827.00,35.1298
2827.50,35.1498
2828.00,35.1936
2828.50,35.2361
2829.00,35.2611
2829.50,35.2710
2830.00,35.2809
2830.50,35.3017
2831.00,35.3290
2831.50,35.3452
2832.00,35.3327
2832.50,35.2867
2833.00,35.2164
2833.50,35.1367
2834.00,35.0576
2834.50,34.9827
2835.00,34.9128
2835.50,34.8475
2836.00,34.7841
2836.50,34.7226
2837.00,34.6734
2837.50,34.6575
2838.00,34.6928
2838.50,34.7756
2839.00,34.8759
2839.50,34.9527
2840.00,34.9804
2840.50,34.9634
2841.00,34.9281
2841.50,34.9017
2842.00,34.8981
2842.50,34.9216
2843.00,34.9731
2843.50,35.0472
2844.00,35.1252
2844.50,35.1793
2845.00,35.1884
2845.50,35.1514
2846.00,35.0857
2846.50,35.0135
2847.00,34.9519
2847.50,34.9107
2848.00,34.8945
2848.50,34.9008
2849.00,34.9169
2849.50,34.9237
2850.00,34.9080
2850.50,34.8726
2851.00,34.8349
2851.50,34.8156
2852.00,34.8251
2852.50,34.8596
2853.00,34.9066
2853.50,34.9534
2854.00,34.9880
2854.50,34.9942
2855.00,34.9549
2855.50,34.8669
2856.00,34.7527
2856.50,34.6513
2857.00,34.5917
2857.50,34.5743
2858.00,34.5762
2858.50,34.5718
2859.00,34.5488
2859.50,34.5068
2860.00,34.4484
2860.50,34.3748
2861.00,34.2935
2861.50,34.2236
2862.00,34.1895
2862.50,34.2032
2863.00,34.2540
2863.50,34.3158
2864.00,34.3635
2864.50,34.3865
2865.00,34.3913
2865.50,34.3958
2866.00,34.4176
2866.50,34.4596
2867.00,34.5037
2867.50,34.5193
2868.00,34.4838
2868.50,34.4000
2869.00,34.2959
2869.50,34.2061
2870.00,34.1524
2870.50,34.1359
2871.00,34.1430
2871.50,34.1537
2872.00,34.1500
2872.50,34.1247
2873.00,34.0893
2873.50,34.0695
2874.00,34.0856
2874.50,34.1330
2875.00,34.1860
2875.50,34.2217
2876.00,34.2383
2876.50,34.2508
2877.00,34.2698
2877.50,34.2910
2878.00,34.3033
2878.50,34.3038
2879.00,34.3005
2879.50,34.3018
2880.00,34.3086
2880.50,34.3195
2881.00,34.3394
2881.50,34.3761
2882.00,34.4254
2882.50,34.4631
2883.00,34.4606
2883.50,34.4101
2884.00,34.3358
2884.50,34.2814
2885.00,34.2819
2885.50,34.3392
2886.00,34.4173
2886.50,34.4646
2887.00,34.4520
2887.50,34.3938
2888.00,34.3324
2888.50,34.3007
2889.00,34.3018
2889.50,34.3180
2890.00,34.3331
2890.50,34.3408
2891.00,34.3391
2891.50,34.3233
2892.00,34.2863
2892.50,34.2229
2893.00,34.1342
2893.50,34.0311
2894.00,33.9383
2894.50,33.8890
2895.00,33.9104
2895.50,34.0052
2896.00,34.1463
2896.50,34.2881
2897.00,34.3882
2897.50,34.4250
2898.00,34.4027
2898.50,34.3471
2899.00,34.2923
2899.50,34.2617
2900.00,34.2537
2900.50,34.2484
2901.00,34.2325
2901.50,34.2150
2902.00,34.2139
2902.50,34.2282
2903.00,34.2317
2903.50,34.1981
2904.00,34.1305
2904.50,34.0653
