0.00,0.0000
0.50,0.4243
1.00,1.0059
1.50,1.7005
2.00,2.4345
2.50,3.1317
3.00,3.7362
3.50,4.2238
4.00,4.6012
4.50,4.8986
5.00,5.1552
5.50,5.3997
6.00,5.6388
6.50,5.8601
7.00,6.0472
7.50,6.1933
8.00,6.3051
8.50,6.3988
9.00,6.4948
9.50,6.6085
10.00,6.7411
10.50,6.8756
11.00,6.9882
11.50,7.0664
12.00,7.1161
12.50,7.1541
13.00,7.1950
13.50,7.2471
14.00,7.3147
14.50,7.4002
15.00,7.5026
15.50,7.6185
16.00,7.7439
16.50,7.8734
17.00,7.9981
17.50,8.1056
18.00,8.1846
18.50,8.2312
19.00,8.2521
19.50,8.2631
20.00,8.2820
20.50,8.3201
21.00,8.3761
21.50,8.4368
22.00,8.4839
22.50,8.5079
23.00,8.5177
23.50,8.5375
24.00,8.5887
24.50,8.6700
25.00,8.7557
25.50,8.8172
26.00,8.8465
26.50,8.8623
27.00,8.8921
27.50,8.9525
28.00,9.0418
28.50,9.1478
29.00,9.2561
29.50,9.3555
30.00,9.4363
30.50,9.4901
31.00,9.5123
31.50,9.5059
32.00,9.4831
32.50,9.4601
33.00,9.4510
33.50,9.4646
34.00,9.5052
34.50,9.5709
35.00,9.6504
35.50,9.7242
36.00,9.7737
36.50,9.7936
37.00,9.7965
37.50,9.8017
38.00,9.8171
38.50,9.8323
39.00,9.8308
39.50,9.8104
40.00,9.7898
40.50,9.7974
41.00,9.8523
41.50,9.9500
42.00,10.0627
42.50,10.1511
43.00,10.1861
43.50,10.1677
44.00,10.1275
44.50,10.1087
45.00,10.1379
45.50,10.2100
46.00,10.2993
46.50,10.3825
47.00,10.4502
47.50,10.5026
48.00,10.5424
48.50,10.5758
49.00,10.6127
49.50,10.6592
50.00,10.7073
50.50,10.7404
51.00,10.7500
51.50,10.7447
52.00,10.7412
52.50,10.7495
53.00,10.7689
53.50,10.7938
54.00,10.8204
54.50,10.8488
55.00,10.8812
55.50,10.9198
56.00,10.9623
56.50,11.0043
57.00,11.0435
57.50,11.0825
58.00,11.1272
58.50,11.1824
59.00,11.2491
59.50,11.3213
60.00,11.3854
60.50,11.4272
61.00,11.4435
61.50,11.4465
62.00,11.4548
62.50,11.4773
63.00,11.5057
63.50,11.5222
64.00,11.5160
64.50,11.4917
65.00,11.4667
65.50,11.4602
66.00,11.4856
66.50,11.5452
67.00,11.6293
67.50,11.7194
68.00,11.7978
68.50,11.8546
69.00,11.8885
69.50,11.9031
70.00,11.9061
70.50,11.9085
71.00,11.9235
71.50,11.9598
72.00,12.0153
72.50,12.0751
73.00,12.1176
73.50,12.1266
74.00,12.1013
74.50,12.0593
75.00,12.0304
75.50,12.0393
76.00,12.0888
76.50,12.1559
77.00,12.2101
77.50,12.2362
78.00,12.2432
78.50,12.2520
79.00,12.2767
79.50,12.3161
80.00,12.3549
80.50,12.3741
81.00,12.3620
81.50,12.3216
82.00,12.2686
82.50,12.2214
83.00,12.1933
83.50,12.1906
84.00,12.2148
84.50,12.2616
85.00,12.3200
85.50,12.3743
86.00,12.4099
86.50,12.4184
87.00,12.4038
87.50,12.3834
88.00,12.3790
88.50,12.4005
89.00,12.4367
89.50,12.4648
90.00,12.4710
90.50,12.4592
91.00,12.4415
91.50,12.4235
92.00,12.4034
92.50,12.3812
93.00,12.3645
93.50,12.3608
94.00,12.3681
94.50,12.3749
95.00,12.3722
95.50,12.3616
96.00,12.3525
96.50,12.3529
97.00,12.3647
97.50,12.3845
98.00,12.4079
98.50,12.4312
99.00,12.4530
99.50,12.4744
100.00,12.4984
100.50,12.5249
101.00,12.5498
101.50,12.5690
102.00,12.5857
102.50,12.6078
103.00,12.6397
103.50,12.6774
104.00,12.7136
104.50,12.7455
105.00,12.7754
105.50,12.8036
106.00,12.8245
106.50,12.8312
107.00,12.8241
107.50,12.8133
108.00,12.8139
108.50,12.8388
109.00,12.8930
109.50,12.9686
110.00,13.0446
110.50,13.0959
111.00,13.1090
111.50,13.0899
112.00,13.0583
112.50,13.0322
113.00,13.0177
113.50,13.0099
114.00,12.9992
114.50,12.9802
115.00,12.9564
115.50,12.9405
116.00,12.9483
116.50,12.9882
117.00,13.0531
117.50,13.1252
118.00,13.1876
118.50,13.2336
119.00,13.2644
119.50,13.2814
120.00,13.2835
120.50,13.2738
121.00,13.2632
121.50,13.2665
122.00,13.2964
122.50,13.3588
123.00,13.4504
123.50,13.5546
124.00,13.6437
124.50,13.6914
125.00,13.6887
125.50,13.6494
126.00,13.5982
126.50,13.5555
127.00,13.5323
127.50,13.5334
128.00,13.5607
128.50,13.6105
129.00,13.6722
129.50,13.7317
130.00,13.7805
130.50,13.8192
131.00,13.8524
131.50,13.8817
132.00,13.9034
132.50,13.9157
133.00,13.9240
133.50,13.9369
134.00,13.9557
134.50,13.9711
135.00,13.9716
135.50,13.9543
136.00,13.9282
136.50,13.9085
137.00,13.9087
137.50,13.9353
138.00,13.9857
138.50,14.0480
139.00,14.1042
139.50,14.1400
140.00,14.1538
140.50,14.1558
141.00,14.1595
141.50,14.1735
142.00,14.2019
142.50,14.2464
143.00,14.3051
143.50,14.3697
144.00,14.4288
144.50,14.4738
145.00,14.4993
145.50,14.5015
146.00,14.4798
146.50,14.4409
147.00,14.3988
147.50,14.3686
148.00,14.3615
148.50,14.3803
149.00,14.4166
149.50,14.4526
150.00,14.4718
150.50,14.4691
151.00,14.4504
151.50,14.4222
152.00,14.3875
152.50,14.3506
153.00,14.3221
153.50,14.3138
154.00,14.3281
154.50,14.3571
155.00,14.3914
155.50,14.4271
156.00,14.4629
156.50,14.4950
157.00,14.5188
157.50,14.5352
158.00,14.5509
158.50,14.5726
159.00,14.6013
159.50,14.6299
160.00,14.6467
160.50,14.6417
161.00,14.6146
161.50,14.5767
162.00,14.5444
162.50,14.5306
163.00,14.5406
163.50,14.5724
164.00,14.6199
164.50,14.6746
165.00,14.7282
165.50,14.7735
166.00,14.8050
166.50,14.8184
167.00,14.8116
167.50,14.7868
168.00,14.7519
168.50,14.7194
169.00,14.7003
169.50,14.6977
170.00,14.7083
170.50,14.7293
171.00,14.7633
171.50,14.8145
172.00,14.8807
172.50,14.9495
173.00,15.0017
173.50,15.0210
174.00,15.0034
174.50,14.9608
175.00,14.9166
175.50,14.8927
176.00,14.8973
176.50,14.9196
177.00,14.9369
177.50,14.9314
178.00,14.9045
178.50,14.8788
179.00,14.8834
179.50,14.9365
180.00,15.0359
180.50,15.1597
181.00,15.2741
181.50,15.3473
182.00,15.3664
182.50,15.3453
183.00,15.3135
183.50,15.2952
184.00,15.2981
184.50,15.3196
185.00,15.3573
185.50,15.4068
186.00,15.4552
186.50,15.4824
187.00,15.4739
187.50,15.4296
188.00,15.3623
188.50,15.2905
189.00,15.2338
189.50,15.2097
190.00,15.2289
190.50,15.2894
191.00,15.3741
191.50,15.4564
192.00,15.5132
192.50,15.5364
193.00,15.5350
193.50,15.5262
194.00,15.5235
194.50,15.5286
195.00,15.5320
195.50,15.5217
196.00,15.4971
196.50,15.4734
197.00,15.4718
197.50,15.5033
198.00,15.5597
198.50,15.6167
199.00,15.6478
199.50,15.6411
200.00,15.6079
200.50,15.5730
201.00,15.5557
201.50,15.5577
202.00,15.5683
202.50,15.5774
203.00,15.5854
203.50,15.6028
204.00,15.6403
204.50,15.6984
205.00,15.7645
205.50,15.8201
206.00,15.8521
206.50,15.8584
207.00,15.8467
207.50,15.8286
208.00,15.8158
208.50,15.8161
209.00,15.8304
209.50,15.8528
210.00,15.8764
210.50,15.8988
211.00,15.9219
211.50,15.9479
212.00,15.9755
212.50,16.0003
213.00,16.0176
213.50,16.0247
214.00,16.0224
214.50,16.0128
215.00,15.9965
215.50,15.9713
216.00,15.9355
216.50,15.8933
217.00,15.8558
217.50,15.8372
218.00,15.8470
218.50,15.8859
219.00,15.9479
219.50,16.0233
220.00,16.1004
220.50,16.1644
221.00,16.2049
221.50,16.2249
222.00,16.2413
222.50,16.2697
223.00,16.3075
223.50,16.3320
224.00,16.3186
224.50,16.2642
225.00,16.1947
225.50,16.1486
226.00,16.1509
226.50,16.1983
227.00,16.2654
227.50,16.3231
228.00,16.3557
228.50,16.3665
229.00,16.3685
229.50,16.3717
230.00,16.3776
230.50,16.3831
231.00,16.3857
231.50,16.3836
232.00,16.3777
232.50,16.3759
233.00,16.3926
233.50,16.4370
234.00,16.5017
234.50,16.5673
235.00,16.6189
235.50,16.6563
236.00,16.6896
236.50,16.7279
237.00,16.7719
237.50,16.8126
238.00,16.8351
238.50,16.8272
239.00,16.7880
239.50,16.7316
240.00,16.6801
240.50,16.6506
241.00,16.6450
241.50,16.6508
242.00,16.6512
242.50,16.6374
243.00,16.6125
243.50,16.5843
244.00,16.5540
244.50,16.5138
245.00,16.4562
245.50,16.3866
246.00,16.3241
246.50,16.2892
247.00,16.2887
247.50,16.3130
248.00,16.3464
248.50,16.3791
249.00,16.4103
249.50,16.4440
250.00,16.4822
250.50,16.5213
251.00,16.5554
251.50,16.5822
252.00,16.6043
252.50,16.6257
253.00,16.6485
253.50,16.6729
254.00,16.6995
254.50,16.7294
255.00,16.7626
255.50,16.7954
256.00,16.8194
256.50,16.8257
257.00,16.8136
257.50,16.7945
258.00,16.7832
258.50,16.7844
259.00,16.7870
259.50,16.7744
260.00,16.7400
260.50,16.6934
261.00,16.6541
261.50,16.6394
262.00,16.6540
262.50,16.6872
263.00,16.7177
263.50,16.7248
264.00,16.7015
264.50,16.6598
265.00,16.6266
265.50,16.6281
266.00,16.6731
266.50,16.7463
267.00,16.8181
267.50,16.8672
268.00,16.8972
268.50,16.9318
269.00,16.9918
269.50,17.0731
270.00,17.1481
270.50,17.1903
271.00,17.1986
271.50,17.1970
272.00,17.2062
272.50,17.2197
273.00,17.2096
273.50,17.1566
274.00,17.0727
274.50,16.9940
275.00,16.9537
275.50,16.9606
276.00,16.9973
276.50,17.0335
277.00,17.0445
277.50,17.0255
278.00,16.9909
278.50,16.9614
279.00,16.9505
279.50,16.9609
280.00,16.9921
280.50,17.0455
281.00,17.1204
281.50,17.2049
282.00,17.2755
282.50,17.3093
283.00,17.2988
283.50,17.2569
284.00,17.2068
284.50,17.1673
285.00,17.1455
285.50,17.1409
286.00,17.1534
286.50,17.1831
287.00,17.2239
287.50,17.2640
288.00,17.2953
288.50,17.3240
289.00,17.3641
289.50,17.4218
290.00,17.4864
290.50,17.5408
291.00,17.5788
291.50,17.6078
292.00,17.6365
292.50,17.6612
293.00,17.6676
293.50,17.6430
294.00,17.5875
294.50,17.5169
295.00,17.4549
295.50,17.4206
296.00,17.4168
296.50,17.4292
297.00,17.4368
297.50,17.4277
298.00,17.4084
298.50,17.3989
299.00,17.4176
299.50,17.4665
300.00,17.5266
300.50,17.5676
301.00,17.5671
301.50,17.5271
302.00,17.4726
302.50,17.4315
303.00,17.4133
303.50,17.4031
304.00,17.3780
304.50,17.3271
305.00,17.2600
305.50,17.1985
306.00,17.1634
306.50,17.1634
307.00,17.1938
307.50,17.2388
308.00,17.2777
308.50,17.2927
309.00,17.2775
309.50,17.2381
310.00,17.1875
310.50,17.1410
311.00,17.1131
311.50,17.1129
312.00,17.1392
312.50,17.1814
313.00,17.2278
313.50,17.2718
314.00,17.3114
314.50,17.3459
315.00,17.3749
315.50,17.3988
316.00,17.4186
316.50,17.4357
317.00,17.4524
317.50,17.4713
318.00,17.4924
318.50,17.5123
319.00,17.5260
319.50,17.5315
320.00,17.5299
320.50,17.5235
321.00,17.5146
321.50,17.5044
322.00,17.4917
322.50,17.4738
323.00,17.4509
323.50,17.4313
324.00,17.4315
324.50,17.4686
325.00,17.5487
325.50,17.6564
326.00,17.7566
326.50,17.8099
327.00,17.7964
327.50,17.7288
328.00,17.6448
328.50,17.5820
329.00,17.5571
329.50,17.5625
330.00,17.5807
330.50,17.5999
331.00,17.6188
331.50,17.6424
332.00,17.6732
332.50,17.7072
333.00,17.7383
333.50,17.7642
334.00,17.7891
334.50,17.8197
335.00,17.8595
335.50,17.9050
336.00,17.9459
336.50,17.9669
337.00,17.9535
337.50,17.9011
338.00,17.8195
338.50,17.7283
339.00,17.6435
339.50,17.5719
340.00,17.5144
340.50,17.4738
341.00,17.4570
341.50,17.4699
342.00,17.5132
342.50,17.5808
343.00,17.6613
343.50,17.7405
344.00,17.8036
344.50,17.8392
345.00,17.8447
345.50,17.8289
346.00,17.8085
346.50,17.8000
347.00,17.8117
347.50,17.8419
348.00,17.8803
348.50,17.9130
349.00,17.9300
349.50,17.9308
350.00,17.9237
350.50,17.9157
351.00,17.9035
351.50,17.8762
352.00,17.8285
352.50,17.7718
353.00,17.7290
353.50,17.7180
354.00,17.7365
354.50,17.7609
355.00,17.7598
355.50,17.7132
356.00,17.6257
356.50,17.5231
357.00,17.4377
357.50,17.3928
358.00,17.3965
358.50,17.4462
359.00,17.5332
359.50,17.6432
360.00,17.7544
360.50,17.8421
361.00,17.8896
361.50,17.8997
362.00,17.8900
362.50,17.8738
363.00,17.8455
363.50,17.7886
364.00,17.7005
364.50,17.6051
365.00,17.5402
365.50,17.5300
366.00,17.5707
366.50,17.6374
367.00,17.7013
367.50,17.7422
368.00,17.7557
368.50,17.7524
369.00,17.7481
369.50,17.7544
370.00,17.7776
370.50,17.8244
371.00,17.9013
371.50,18.0035
372.00,18.1066
372.50,18.1757
373.00,18.1864
373.50,18.1407
374.00,18.0649
374.50,17.9932
375.00,17.9490
375.50,17.9338
376.00,17.9287
376.50,17.9072
377.00,17.8537
377.50,17.7739
378.00,17.6932
378.50,17.6434
379.00,17.6490
379.50,17.7201
380.00,17.8485
380.50,18.0061
381.00,18.1505
381.50,18.2432
382.00,18.2716
382.50,18.2551
383.00,18.2271
383.50,18.2076
384.00,18.1925
384.50,18.1653
385.00,18.1173
385.50,18.0559
386.00,17.9976
386.50,17.9556
387.00,17.9307
387.50,17.9125
388.00,17.8886
388.50,17.8543
389.00,17.8160
389.50,17.7856
390.00,17.7718
390.50,17.7772
391.00,17.7992
391.50,17.8307
392.00,17.8606
392.50,17.8764
393.00,17.8711
393.50,17.8505
394.00,17.8338
394.50,17.8431
395.00,17.8863
395.50,17.9474
396.00,17.9950
396.50,18.0050
397.00,17.9774
397.50,17.9349
398.00,17.9044
398.50,17.9000
399.00,17.9181
399.50,17.9466
400.00,17.9745
400.50,17.9961
401.00,18.0098
401.50,18.0181
402.00,18.0288
402.50,18.0532
403.00,18.1000
403.50,18.1668
404.00,18.2348
404.50,18.2732
405.00,18.2567
405.50,18.1856
406.00,18.0885
406.50,18.0031
407.00,17.9515
407.50,17.9307
408.00,17.9252
408.50,17.9232
409.00,17.9222
409.50,17.9248
410.00,17.9325
410.50,17.9461
411.00,17.9668
411.50,17.9962
412.00,18.0353
412.50,18.0806
413.00,18.1217
413.50,18.1449
414.00,18.1449
414.50,18.1334
415.00,18.1319
415.50,18.1508
416.00,18.1775
416.50,18.1850
417.00,18.1571
417.50,18.1039
418.00,18.0544
418.50,18.0339
419.00,18.0463
419.50,18.0767
420.00,18.1076
420.50,18.1363
421.00,18.1776
421.50,18.2496
422.00,18.3526
422.50,18.4599
423.00,18.5295
423.50,18.5308
424.00,18.4647
424.50,18.3625
425.00,18.2670
425.50,18.2084
426.00,18.1901
426.50,18.1940
427.00,18.1972
427.50,18.1876
428.00,18.1687
428.50,18.1540
429.00,18.1572
429.50,18.1862
430.00,18.2422
430.50,18.3182
431.00,18.3970
431.50,18.4542
432.00,18.4721
432.50,18.4557
433.00,18.4330
433.50,18.4333
434.00,18.4620
434.50,18.4958
435.00,18.5061
435.50,18.4859
436.00,18.4561
436.50,18.4466
437.00,18.4704
437.50,18.5136
438.00,18.5469
438.50,18.5478
439.00,18.5154
439.50,18.4687
440.00,18.4302
440.50,18.4095
441.00,18.4025
441.50,18.4005
442.00,18.4013
442.50,18.4086
443.00,18.4249
443.50,18.4478
444.00,18.4731
444.50,18.4971
445.00,18.5149
445.50,18.5172
446.00,18.4948
446.50,18.4459
447.00,18.3779
447.50,18.3021
448.00,18.2297
448.50,18.1736
449.00,18.1481
449.50,18.1624
450.00,18.2096
450.50,18.2654
451.00,18.3006
451.50,18.2989
452.00,18.2666
452.50,18.2255
453.00,18.1958
453.50,18.1830
454.00,18.1785
454.50,18.1700
455.00,18.1519
455.50,18.1273
456.00,18.1062
456.50,18.1022
457.00,18.1293
457.50,18.1943
458.00,18.2861
458.50,18.3759
459.00,18.4317
459.50,18.4410
460.00,18.4194
460.50,18.3952
461.00,18.3857
461.50,18.3862
462.00,18.3818
462.50,18.3663
463.00,18.3456
463.50,18.3262
464.00,18.3080
464.50,18.2911
465.00,18.2834
465.50,18.2958
466.00,18.3288
466.50,18.3681
467.00,18.3960
467.50,18.4092
468.00,18.4246
468.50,18.4676
469.00,18.5482
469.50,18.6469
470.00,18.7223
470.50,18.7380
471.00,18.6865
471.50,18.5928
472.00,18.4957
472.50,18.4227
473.00,18.3778
473.50,18.3510
474.00,18.3371
474.50,18.3441
475.00,18.3821
475.50,18.4496
476.00,18.5323
476.50,18.6145
477.00,18.6862
477.50,18.7409
478.00,18.7735
478.50,18.7850
479.00,18.7856
479.50,18.7880
480.00,18.7960
480.50,18.8030
481.00,18.7996
481.50,18.7830
482.00,18.7580
482.50,18.7333
483.00,18.7148
483.50,18.7022
484.00,18.6894
484.50,18.6708
485.00,18.6464
485.50,18.6214
486.00,18.5977
486.50,18.5693
487.00,18.5275
487.50,18.4721
488.00,18.4147
488.50,18.3707
489.00,18.3490
489.50,18.3496
490.00,18.3694
490.50,18.4037
491.00,18.4446
491.50,18.4825
492.00,18.5144
492.50,18.5495
493.00,18.6006
493.50,18.6710
494.00,18.7496
494.50,18.8190
495.00,18.8648
495.50,18.8773
496.00,18.8500
496.50,18.7818
497.00,18.6839
497.50,18.5799
498.00,18.4975
498.50,18.4576
499.00,18.4711
499.50,18.5388
500.00,18.6489
500.50,18.7754
501.00,18.8837
501.50,18.9461
502.00,18.9548
502.50,18.9245
503.00,18.8820
503.50,18.8503
504.00,18.8374
504.50,18.8341
505.00,18.8263
505.50,18.8091
506.00,18.7916
506.50,18.7862
507.00,18.7939
507.50,18.8027
508.00,18.7960
508.50,18.7631
509.00,18.7067
509.50,18.6464
510.00,18.6119
510.50,18.6246
511.00,18.6793
511.50,18.7467
512.00,18.7947
512.50,18.8077
513.00,18.7883
513.50,18.7468
514.00,18.6954
514.50,18.6505
515.00,18.6307
515.50,18.6464
516.00,18.6923
516.50,18.7510
517.00,18.8070
517.50,18.8532
518.00,18.8860
518.50,18.9003
519.00,18.8939
519.50,18.8727
520.00,18.8446
520.50,18.8064
521.00,18.7446
521.50,18.6518
522.00,18.5413
522.50,18.4412
523.00,18.3768
523.50,18.3586
524.00,18.3824
524.50,18.4350
525.00,18.4982
525.50,18.5540
526.00,18.5915
526.50,18.6152
527.00,18.6433
527.50,18.6927
528.00,18.7602
528.50,18.8203
529.00,18.8437
529.50,18.8187
530.00,18.7572
530.50,18.6844
531.00,18.6268
531.50,18.6024
532.00,18.6140
532.50,18.6466
533.00,18.6756
533.50,18.6818
534.00,18.6632
534.50,18.6337
535.00,18.6106
535.50,18.6014
536.00,18.6016
536.50,18.6057
537.00,18.6156
537.50,18.6394
538.00,18.6816
538.50,18.7402
539.00,18.8105
539.50,18.8871
540.00,18.9623
540.50,19.0247
541.00,19.0642
541.50,19.0797
542.00,19.0792
542.50,19.0736
543.00,19.0696
543.50,19.0686
544.00,19.0698
544.50,19.0724
545.00,19.0757
545.50,19.0788
546.00,19.0813
546.50,19.0832
547.00,19.0842
547.50,19.0823
548.00,19.0751
548.50,19.0603
549.00,19.0374
549.50,19.0084
550.00,18.9787
550.50,18.9546
551.00,18.9369
551.50,18.9199
552.00,18.8986
552.50,18.8758
553.00,18.8604
553.50,18.8585
554.00,18.8694
554.50,18.8897
555.00,18.9173
555.50,18.9489
556.00,18.9759
556.50,18.9884
557.00,18.9847
557.50,18.9758
558.00,18.9765
558.50,18.9927
559.00,19.0174
559.50,19.0392
560.00,19.0535
560.50,19.0659
561.00,19.0855
561.50,19.1146
562.00,19.1428
562.50,19.1525
563.00,19.1322
563.50,19.0857
564.00,19.0313
564.50,18.9916
565.00,18.9826
565.50,19.0076
566.00,19.0558
566.50,19.1082
567.00,19.1476
567.50,19.1672
568.00,19.1726
568.50,19.1765
569.00,19.1882
569.50,19.2059
570.00,19.2175
570.50,19.2095
571.00,19.1767
571.50,19.1258
572.00,19.0691
572.50,19.0164
573.00,18.9710
573.50,18.9335
574.00,18.9059
574.50,18.8945
575.00,18.9060
575.50,18.9416
576.00,18.9929
576.50,19.0430
577.00,19.0744
577.50,19.0789
578.00,19.0645
578.50,19.0524
579.00,19.0605
579.50,19.0868
580.00,19.1094
580.50,19.1047
581.00,19.0671
581.50,19.0148
582.00,18.9787
582.50,18.9842
583.00,19.0365
583.50,19.1178
584.00,19.1992
584.50,19.2596
585.00,19.2953
585.50,19.3130
586.00,19.3177
586.50,19.3099
587.00,19.2910
587.50,19.2670
588.00,19.2445
588.50,19.2270
589.00,19.2143
589.50,19.2057
590.00,19.2005
590.50,19.1973
591.00,19.1941
591.50,19.1916
592.00,19.1979
592.50,19.2274
593.00,19.2912
593.50,19.3861
594.00,19.4928
594.50,19.5849
595.00,19.6392
595.50,19.6428
596.00,19.5983
596.50,19.5270
597.00,19.4628
597.50,19.4333
598.00,19.4412
598.50,19.4633
599.00,19.4692
599.50,19.4465
600.00,19.4096
600.50,19.3861
601.00,19.3948
601.50,19.4308
602.00,19.4709
602.50,19.4920
603.00,19.4883
603.50,19.4725
604.00,19.4617
604.50,19.4634
605.00,19.4730
605.50,19.4827
606.00,19.4899
606.50,19.4961
607.00,19.5022
607.50,19.5069
608.00,19.5108
608.50,19.5177
609.00,19.5280
609.50,19.5328
610.00,19.5194
610.50,19.4853
611.00,19.4465
611.50,19.4264
612.00,19.4350
612.50,19.4591
613.00,19.4724
613.50,19.4602
614.00,19.4336
614.50,19.4213
615.00,19.4431
615.50,19.4910
616.00,19.5354
616.50,19.5502
617.00,19.5308
617.50,19.4903
618.00,19.4439
618.50,19.4003
619.00,19.3660
619.50,19.3502
620.00,19.3608
620.50,19.3953
621.00,19.4355
621.50,19.4550
622.00,19.4312
622.50,19.3572
623.00,19.2464
623.50,19.1290
624.00,19.0382
624.50,18.9943
625.00,19.0005
625.50,19.0486
626.00,19.1244
626.50,19.2058
627.00,19.2663
627.50,19.2883
628.00,19.2759
628.50,19.2498
629.00,19.2318
629.50,19.2317
630.00,19.2498
630.50,19.2856
631.00,19.3426
631.50,19.4207
632.00,19.5065
632.50,19.5730
633.00,19.5958
633.50,19.5690
634.00,19.5067
634.50,19.4297
635.00,19.3532
635.50,19.2828
636.00,19.2147
636.50,19.1406
637.00,19.0567
637.50,18.9723
638.00,18.9081
638.50,18.8831
639.00,18.9032
639.50,18.9605
640.00,19.0415
640.50,19.1323
641.00,19.2171
641.50,19.2778
642.00,19.2980
642.50,19.2703
643.00,19.2019
643.50,19.1151
644.00,19.0402
644.50,19.0019
645.00,19.0055
645.50,19.0345
646.00,19.0638
646.50,19.0754
647.00,19.0677
647.50,19.0536
648.00,19.0533
648.50,19.0813
649.00,19.1369
649.50,19.2044
650.00,19.2659
650.50,19.3139
651.00,19.3499
651.50,19.3705
652.00,19.3599
652.50,19.3019
653.00,19.2012
653.50,19.0871
654.00,18.9914
654.50,18.9268
655.00,18.8880
655.50,18.8691
656.00,18.8724
656.50,18.9022
657.00,18.9548
657.50,19.0199
658.00,19.0883
658.50,19.1574
659.00,19.2284
659.50,19.2992
660.00,19.3601
660.50,19.3988
661.00,19.4130
661.50,19.4188
662.00,19.4406
662.50,19.4898
663.00,19.5544
663.50,19.6116
664.00,19.6471
664.50,19.6591
665.00,19.6483
665.50,19.6128
666.00,19.5569
666.50,19.4958
667.00,19.4459
667.50,19.4108
668.00,19.3848
668.50,19.3682
669.00,19.3721
669.50,19.4038
670.00,19.4500
670.50,19.4812
671.00,19.4748
671.50,19.4317
672.00,19.3716
672.50,19.3179
673.00,19.2872
673.50,19.2878
674.00,19.3196
674.50,19.3717
675.00,19.4249
675.50,19.4626
676.00,19.4807
676.50,19.4874
677.00,19.4935
677.50,19.5036
678.00,19.5132
678.50,19.5154
679.00,19.5092
679.50,19.5055
680.00,19.5241
680.50,19.5812
681.00,19.6775
681.50,19.7947
682.00,19.9031
682.50,19.9743
683.00,19.9910
683.50,19.9502
684.00,19.8591
684.50,19.7302
685.00,19.5814
685.50,19.4371
686.00,19.3246
686.50,19.2609
687.00,19.2426
687.50,19.2486
688.00,19.2569
688.50,19.2585
689.00,19.2579
689.50,19.2632
690.00,19.2811
690.50,19.3179
691.00,19.3775
691.50,19.4527
692.00,19.5201
692.50,19.5498
693.00,19.5248
693.50,19.4543
694.00,19.3678
694.50,19.2964
695.00,19.2560
695.50,19.2449
696.00,19.2529
696.50,19.2738
697.00,19.3113
697.50,19.3746
698.00,19.4648
698.50,19.5663
699.00,19.6537
699.50,19.7140
700.00,19.7574
700.50,19.8033
701.00,19.8524
701.50,19.8794
702.00,19.8577
702.50,19.7887
703.00,19.7042
703.50,19.6399
704.00,19.6104
704.50,19.6070
705.00,19.6123
705.50,19.6132
706.00,19.6061
706.50,19.6000
707.00,19.6146
707.50,19.6710
708.00,19.7752
708.50,19.9090
709.00,20.0358
709.50,20.1198
710.00,20.1468
710.50,20.1317
711.00,20.1090
711.50,20.1123
712.00,20.1574
712.50,20.2376
713.00,20.3289
713.50,20.4027
714.00,20.4393
714.50,20.4345
715.00,20.3984
715.50,20.3490
716.00,20.3051
716.50,20.2835
717.00,20.2936
717.50,20.3331
718.00,20.3888
718.50,20.4452
719.00,20.4939
719.50,20.5349
720.00,20.5707
720.50,20.6006
721.00,20.6193
721.50,20.6197
722.00,20.5953
722.50,20.5427
723.00,20.4654
723.50,20.3736
724.00,20.2803
724.50,20.1960
725.00,20.1262
725.50,20.0742
726.00,20.0431
726.50,20.0362
727.00,20.0538
727.50,20.0915
728.00,20.1412
728.50,20.1956
729.00,20.2499
729.50,20.2989
730.00,20.3352
730.50,20.3531
731.00,20.3555
731.50,20.3541
732.00,20.3600
732.50,20.3729
733.00,20.3834
733.50,20.3819
734.00,20.3664
734.50,20.3430
735.00,20.3207
735.50,20.3047
736.00,20.2940
736.50,20.2854
737.00,20.2784
737.50,20.2765
738.00,20.2842
738.50,20.3022
739.00,20.3269
739.50,20.3517
740.00,20.3721
740.50,20.3894
741.00,20.4067
741.50,20.4222
742.00,20.4297
742.50,20.4271
743.00,20.4235
743.50,20.4331
744.00,20.4605
744.50,20.4915
745.00,20.5001
745.50,20.4677
746.00,20.3962
746.50,20.3057
747.00,20.2209
747.50,20.1600
748.00,20.1300
748.50,20.1257
749.00,20.1343
749.50,20.1452
750.00,20.1582
750.50,20.1818
751.00,20.2199
751.50,20.2652
752.00,20.3052
752.50,20.3353
753.00,20.3646
753.50,20.4062
754.00,20.4636
754.50,20.5226
755.00,20.5577
755.50,20.5510
756.00,20.5077
756.50,20.4549
757.00,20.4223
757.50,20.4217
758.00,20.4414
758.50,20.4574
759.00,20.4494
759.50,20.4091
760.00,20.3413
760.50,20.2621
761.00,20.1950
761.50,20.1620
762.00,20.1696
762.50,20.2039
763.00,20.2397
763.50,20.2566
764.00,20.2510
764.50,20.2336
765.00,20.2193
765.50,20.2169
766.00,20.2274
766.50,20.2483
767.00,20.2763
767.50,20.3081
768.00,20.3383
768.50,20.3611
769.00,20.3730
769.50,20.3747
770.00,20.3699
770.50,20.3627
771.00,20.3588
771.50,20.3664
772.00,20.3928
772.50,20.4351
773.00,20.4761
773.50,20.4942
774.00,20.4781
774.50,20.4353
775.00,20.3871
775.50,20.3566
776.00,20.3567
776.50,20.3826
777.00,20.4129
777.50,20.4210
778.00,20.3901
778.50,20.3228
779.00,20.2394
779.50,20.1668
780.00,20.1258
780.50,20.1233
781.00,20.1526
781.50,20.1995
782.00,20.2504
782.50,20.2961
783.00,20.3311
783.50,20.3526
784.00,20.3615
784.50,20.3614
785.00,20.3544
785.50,20.3406
786.00,20.3208
786.50,20.3018
787.00,20.2945
787.50,20.3062
788.00,20.3342
788.50,20.3653
789.00,20.3835
789.50,20.3803
790.00,20.3627
790.50,20.3505
791.00,20.3607
791.50,20.3912
792.00,20.4219
792.50,20.4317
793.00,20.4169
793.50,20.3909
794.00,20.3715
794.50,20.3695
795.00,20.3849
795.50,20.4085
796.00,20.4243
796.50,20.4156
797.00,20.3748
797.50,20.3085
798.00,20.2323
798.50,20.1595
799.00,20.0961
799.50,20.0436
800.00,20.0033
800.50,19.9759
801.00,19.9610
801.50,19.9606
802.00,19.9832
802.50,20.0396
803.00,20.1309
803.50,20.2383
804.00,20.3270
804.50,20.3664
805.00,20.3502
805.50,20.3013
806.00,20.2556
806.50,20.2376
807.00,20.2483
807.50,20.2715
808.00,20.2909
808.50,20.3001
809.00,20.3013
809.50,20.2966
810.00,20.2846
810.50,20.2626
811.00,20.2295
811.50,20.1841
812.00,20.1244
812.50,20.0504
813.00,19.9705
813.50,19.9011
814.00,19.8567
814.50,19.8412
815.00,19.8471
815.50,19.8622
816.00,19.8768
816.50,19.8872
817.00,19.8936
817.50,19.8970
818.00,19.8970
818.50,19.8940
819.00,19.8918
819.50,19.8978
820.00,19.9201
820.50,19.9645
821.00,20.0325
821.50,20.1161
822.00,20.1957
822.50,20.2468
823.00,20.2541
823.50,20.2195
824.00,20.1586
824.50,20.0919
825.00,20.0371
825.50,20.0028
826.00,19.9828
826.50,19.9586
827.00,19.9133
827.50,19.8459
828.00,19.7709
828.50,19.7050
829.00,19.6569
829.50,19.6313
830.00,19.6332
830.50,19.6649
831.00,19.7171
831.50,19.7688
832.00,19.8002
832.50,19.8051
833.00,19.7944
833.50,19.7865
834.00,19.7942
834.50,19.8193
835.00,19.8540
835.50,19.8879
836.00,19.9141
836.50,19.9326
837.00,19.9477
837.50,19.9646
838.00,19.9893
838.50,20.0293
839.00,20.0873
839.50,20.1502
840.00,20.1908
840.50,20.1864
841.00,20.1383
841.50,20.0713
842.00,20.0148
842.50,19.9831
843.00,19.9694
843.50,19.9560
844.00,19.9295
844.50,19.8909
845.00,19.8515
845.50,19.8191
846.00,19.7896
846.50,19.7537
847.00,19.7094
847.50,19.6661
848.00,19.6356
848.50,19.6221
849.00,19.6218
849.50,19.6285
850.00,19.6379
850.50,19.6480
851.00,19.6590
851.50,19.6718
852.00,19.6861
852.50,19.6986
853.00,19.7058
853.50,19.7077
854.00,19.7065
854.50,19.7013
855.00,19.6871
855.50,19.6612
856.00,19.6323
856.50,19.6178
857.00,19.6313
857.50,19.6696
858.00,19.7157
858.50,19.7495
859.00,19.7574
859.50,19.7362
860.00,19.6943
860.50,19.6531
861.00,19.6395
861.50,19.6702
862.00,19.7403
862.50,19.8280
863.00,19.9118
863.50,19.9811
864.00,20.0318
864.50,20.0542
865.00,20.0314
865.50,19.9528
866.00,19.8284
866.50,19.6882
867.00,19.5662
867.50,19.4847
868.00,19.4490
868.50,19.4516
869.00,19.4791
869.50,19.5210
870.00,19.5774
870.50,19.6584
871.00,19.7707
871.50,19.9021
872.00,20.0215
872.50,20.0989
873.00,20.1290
873.50,20.1357
874.00,20.1518
874.50,20.1916
875.00,20.2378
875.50,20.2532
876.00,20.2089
876.50,20.1092
877.00,19.9939
877.50,19.9122
878.00,19.8891
878.50,19.9101
879.00,19.9363
879.50,19.9356
880.00,19.8998
880.50,19.8367
881.00,19.7530
881.50,19.6509
882.00,19.5403
882.50,19.4450
883.00,19.3902
883.50,19.3866
884.00,19.4263
884.50,19.4912
885.00,19.5625
885.50,19.6256
886.00,19.6732
886.50,19.7060
887.00,19.7313
887.50,19.7570
888.00,19.7825
888.50,19.7942
889.00,19.7744
889.50,19.7174
890.00,19.6391
890.50,19.5654
891.00,19.5131
891.50,19.4806
892.00,19.4571
892.50,19.4357
893.00,19.4161
893.50,19.3977
894.00,19.3752
894.50,19.3444
895.00,19.3089
895.50,19.2785
896.00,19.2597
896.50,19.2500
897.00,19.2432
897.50,19.2386
898.00,19.2404
898.50,19.2472
899.00,19.2460
899.50,19.2219
900.00,19.1733
900.50,19.1171
901.00,19.0760
901.50,19.0621
902.00,19.0712
902.50,19.0888
903.00,19.1006
903.50,19.0998
904.00,19.0916
904.50,19.0917
905.00,19.1181
905.50,19.1815
906.00,19.2794
906.50,19.3970
907.00,19.5138
907.50,19.6112
908.00,19.6792
908.50,19.7164
909.00,19.7251
909.50,19.7092
910.00,19.6773
910.50,19.6462
911.00,19.6348
911.50,19.6515
912.00,19.6858
912.50,19.7128
913.00,19.7115
913.50,19.6805
914.00,19.6379
914.50,19.6044
915.00,19.5874
915.50,19.5827
916.00,19.5867
916.50,19.6013
917.00,19.6234
917.50,19.6363
918.00,19.6172
918.50,19.5553
919.00,19.4628
919.50,19.3656
920.00,19.2844
920.50,19.2244
921.00,19.1799
921.50,19.1455
922.00,19.1199
922.50,19.0994
923.00,19.0721
923.50,19.0256
924.00,18.9589
924.50,18.8847
925.00,18.8174
925.50,18.7624
926.00,18.7212
926.50,18.7014
927.00,18.7170
927.50,18.7754
928.00,18.8662
928.50,18.9638
929.00,19.0417
929.50,19.0878
930.00,19.1096
930.50,19.1287
931.00,19.1661
931.50,19.2286
932.00,19.3051
932.50,19.3737
933.00,19.4143
933.50,19.4169
934.00,19.3822
934.50,19.3200
935.00,19.2459
935.50,19.1766
936.00,19.1219
936.50,19.0812
937.00,19.0470
937.50,19.0168
938.00,18.9987
938.50,19.0053
939.00,19.0383
939.50,19.0806
940.00,19.1069
940.50,19.1046
941.00,19.0839
941.50,19.0638
942.00,19.0491
942.50,19.0256
943.00,18.9796
943.50,18.9187
944.00,18.8683
944.50,18.8487
945.00,18.8587
945.50,18.8801
946.00,18.8962
946.50,18.9036
947.00,18.9120
947.50,18.9336
948.00,18.9724
948.50,19.0195
949.00,19.0591
949.50,19.0795
950.00,19.0809
950.50,19.0732
951.00,19.0658
951.50,19.0573
952.00,19.0342
952.50,18.9828
953.00,18.9038
953.50,18.8171
954.00,18.7515
954.50,18.7275
955.00,18.7461
955.50,18.7914
956.00,18.8428
956.50,18.8876
957.00,18.9244
957.50,18.9541
958.00,18.9699
958.50,18.9596
959.00,18.9189
959.50,18.8627
960.00,18.8169
960.50,18.8005
961.00,18.8132
961.50,18.8399
962.00,18.8625
962.50,18.8705
963.00,18.8633
963.50,18.8475
964.00,18.8339
964.50,18.8335
965.00,18.8519
965.50,18.8840
966.00,18.9137
966.50,18.9240
967.00,18.9113
967.50,18.8930
968.00,18.8988
968.50,18.9481
969.00,19.0294
969.50,19.1025
970.00,19.1238
970.50,19.0758
971.00,18.9744
971.50,18.8533
972.00,18.7457
972.50,18.6753
973.00,18.6536
973.50,18.6759
974.00,18.7220
974.50,18.7655
975.00,18.7880
975.50,18.7897
976.00,18.7871
976.50,18.7989
977.00,18.8295
977.50,18.8660
978.00,18.8900
978.50,18.8918
979.00,18.8764
979.50,18.8612
980.00,18.8669
980.50,18.9088
981.00,18.9888
981.50,19.0948
982.00,19.2063
982.50,19.3008
983.00,19.3604
983.50,19.3773
984.00,19.3593
984.50,19.3258
985.00,19.2934
985.50,19.2631
986.00,19.2229
986.50,19.1620
987.00,19.0818
987.50,18.9937
988.00,18.9117
988.50,18.8494
989.00,18.8189
989.50,18.8247
990.00,18.8578
990.50,18.8992
991.00,18.9330
991.50,18.9593
992.00,18.9936
992.50,19.0532
993.00,19.1390
993.50,19.2279
994.00,19.2840
994.50,19.2830
995.00,19.2295
995.50,19.1524
996.00,19.0842
996.50,19.0436
997.00,19.0313
997.50,19.0352
998.00,19.0394
998.50,19.0331
999.00,19.0149
999.50,18.9913
1000.00,18.9713
1000.50,18.9626
1001.00,18.9720
1001.50,19.0063
1002.00,19.0710
1002.50,19.1681
1003.00,19.2952
1003.50,19.4421
1004.00,19.5882
1004.50,19.7053
1005.00,19.7722
1005.50,19.7887
1006.00,19.7760
1006.50,19.7593
1007.00,19.7509
1007.50,19.7478
1008.00,19.7427
1008.50,19.7348
1009.00,19.7286
1009.50,19.7280
1010.00,19.7335
1010.50,19.7483
1011.00,19.7813
1011.50,19.8422
1012.00,19.9290
1012.50,20.0223
1013.00,20.0945
1013.50,20.1289
1014.00,20.1297
1014.50,20.1167
1015.00,20.1085
1015.50,20.1107
1016.00,20.1162
1016.50,20.1133
1017.00,20.0961
1017.50,20.0695
1018.00,20.0491
1018.50,20.0521
1019.00,20.0864
1019.50,20.1441
1020.00,20.2085
1020.50,20.2664
1021.00,20.3130
1021.50,20.3466
1022.00,20.3625
1022.50,20.3536
1023.00,20.3191
1023.50,20.2692
1024.00,20.2191
1024.50,20.1777
1025.00,20.1434
1025.50,20.1094
1026.00,20.0753
1026.50,20.0524
1027.00,20.0576
1027.50,20.0999
1028.00,20.1697
1028.50,20.2417
1029.00,20.2882
1029.50,20.2936
1030.00,20.2627
1030.50,20.2159
1031.00,20.1754
1031.50,20.1530
1032.00,20.1459
1032.50,20.1402
1033.00,20.1209
1033.50,20.0822
1034.00,20.0347
1034.50,20.0010
1035.00,20.0014
1035.50,20.0403
1036.00,20.1032
1036.50,20.1657
1037.00,20.2065
1037.50,20.2162
1038.00,20.1987
1038.50,20.1667
1039.00,20.1363
1039.50,20.1223
1040.00,20.1324
1040.50,20.1613
1041.00,20.1909
1041.50,20.2013
1042.00,20.1880
1042.50,20.1686
1043.00,20.1690
1043.50,20.2012
1044.00,20.2538
1044.50,20.3029
1045.00,20.3327
1045.50,20.3447
1046.00,20.3506
1046.50,20.3594
1047.00,20.3706
1047.50,20.3787
1048.00,20.3790
1048.50,20.3704
1049.00,20.3515
1049.50,20.3188
1050.00,20.2723
1050.50,20.2245
1051.00,20.1999
1051.50,20.2183
1052.00,20.2759
1052.50,20.3417
1053.00,20.3741
1053.50,20.3458
1054.00,20.2574
1054.50,20.1347
1055.00,20.0141
1055.50,19.9258
1056.00,19.8823
1056.50,19.8765
1057.00,19.8889
1057.50,19.9001
1058.00,19.9002
1058.50,19.8898
1059.00,19.8728
1059.50,19.8499
1060.00,19.8210
1060.50,19.7917
1061.00,19.7738
1061.50,19.7772
1062.00,19.7990
1062.50,19.8245
1063.00,19.8392
1063.50,19.8405
1064.00,19.8378
1064.50,19.8431
1065.00,19.8627
1065.50,19.8959
1066.00,19.9356
1066.50,19.9686
1067.00,19.9827
1067.50,19.9796
1068.00,19.9779
1068.50,19.9988
1069.00,20.0465
1069.50,20.1042
1070.00,20.1488
1070.50,20.1677
1071.00,20.1643
1071.50,20.1510
1072.00,20.1403
1072.50,20.1376
1073.00,20.1394
1073.50,20.1343
1074.00,20.1075
1074.50,20.0475
1075.00,19.9548
1075.50,19.8456
1076.00,19.7479
1076.50,19.6894
1077.00,19.6852
1077.50,19.7303
1078.00,19.8028
1078.50,19.8739
1079.00,19.9236
1079.50,19.9492
1080.00,19.9636
1080.50,19.9835
1081.00,20.0192
1081.50,20.0715
1082.00,20.1344
1082.50,20.1976
1083.00,20.2472
1083.50,20.2708
1084.00,20.2648
1084.50,20.2377
1085.00,20.2027
1085.50,20.1674
1086.00,20.1318
1086.50,20.0936
1087.00,20.0538
1087.50,20.0162
1088.00,19.9860
1088.50,19.9693
1089.00,19.9724
1089.50,19.9970
1090.00,20.0364
1090.50,20.0805
1091.00,20.1255
1091.50,20.1757
1092.00,20.2346
1092.50,20.2937
1093.00,20.3350
1093.50,20.3434
1094.00,20.3177
1094.50,20.2687
1095.00,20.2099
1095.50,20.1486
1096.00,20.0863
1096.50,20.0245
1097.00,19.9702
1097.50,19.9338
1098.00,19.9205
1098.50,19.9241
1099.00,19.9328
1099.50,19.9406
1100.00,19.9516
1100.50,19.9737
1101.00,20.0077
1101.50,20.0449
1102.00,20.0729
1102.50,20.0842
1103.00,20.0779
1103.50,20.0563
1104.00,20.0247
1104.50,19.9945
1105.00,19.9817
1105.50,19.9973
1106.00,20.0365
1106.50,20.0821
1107.00,20.1177
1107.50,20.1395
1108.00,20.1532
1108.50,20.1636
1109.00,20.1682
1109.50,20.1654
1110.00,20.1654
1110.50,20.1851
1111.00,20.2297
1111.50,20.2793
1112.00,20.3012
1112.50,20.2762
1113.00,20.2151
1113.50,20.1504
1114.00,20.1125
1114.50,20.1122
1115.00,20.1376
1115.50,20.1677
1116.00,20.1858
1116.50,20.1880
1117.00,20.1798
1117.50,20.1708
1118.00,20.1690
1118.50,20.1769
1119.00,20.1886
1119.50,20.1925
1120.00,20.1809
1120.50,20.1580
1121.00,20.1383
1121.50,20.1367
1122.00,20.1588
1122.50,20.1995
1123.00,20.2451
1123.50,20.2788
1124.00,20.2901
1124.50,20.2820
1125.00,20.2675
1125.50,20.2557
1126.00,20.2422
1126.50,20.2177
1127.00,20.1829
1127.50,20.1510
1128.00,20.1329
1128.50,20.1264
1129.00,20.1208
1129.50,20.1088
1130.00,20.0911
1130.50,20.0727
1131.00,20.0611
1131.50,20.0676
1132.00,20.1077
1132.50,20.1904
1133.00,20.3031
1133.50,20.4089
1134.00,20.4663
1134.50,20.4553
1135.00,20.3904
1135.50,20.3091
1136.00,20.2510
1136.50,20.2378
1137.00,20.2656
1137.50,20.3128
1138.00,20.3578
1138.50,20.3901
1139.00,20.4078
1139.50,20.4096
1140.00,20.3933
1140.50,20.3590
1141.00,20.3107
1141.50,20.2565
1142.00,20.2065
1142.50,20.1722
1143.00,20.1634
1143.50,20.1826
1144.00,20.2253
1144.50,20.2840
1145.00,20.3524
1145.50,20.4232
1146.00,20.4847
1146.50,20.5233
1147.00,20.5332
1147.50,20.5239
1148.00,20.5147
1148.50,20.5205
1149.00,20.5434
1149.50,20.5749
1150.00,20.6056
1150.50,20.6295
1151.00,20.6424
1151.50,20.6382
1152.00,20.6103
1152.50,20.5582
1153.00,20.4913
1153.50,20.4258
1154.00,20.3761
1154.50,20.3482
1155.00,20.3423
1155.50,20.3581
1156.00,20.3961
1156.50,20.4550
1157.00,20.5275
1157.50,20.6016
1158.00,20.6676
1158.50,20.7226
1159.00,20.7690
1159.50,20.8066
1160.00,20.8293
1160.50,20.8294
1161.00,20.8079
1161.50,20.7776
1162.00,20.7556
1162.50,20.7490
1163.00,20.7495
1163.50,20.7437
1164.00,20.7272
1164.50,20.7099
1165.00,20.7051
1165.50,20.7146
1166.00,20.7239
1166.50,20.7112
1167.00,20.6632
1167.50,20.5834
1168.00,20.4910
1168.50,20.4113
1169.00,20.3653
1169.50,20.3648
1170.00,20.4107
1170.50,20.4956
1171.00,20.6037
1171.50,20.7130
1172.00,20.8006
1172.50,20.8519
1173.00,20.8688
1173.50,20.8681
1174.00,20.8690
1174.50,20.8806
1175.00,20.8990
1175.50,20.9170
1176.00,20.9349
1176.50,20.9607
1177.00,20.9996
1177.50,21.0450
1178.00,21.0802
1178.50,21.0912
1179.00,21.0742
1179.50,21.0340
1180.00,20.9764
1180.50,20.9030
1181.00,20.8125
1181.50,20.7074
1182.00,20.6013
1182.50,20.5191
1183.00,20.4854
1183.50,20.5090
1184.00,20.5762
1184.50,20.6587
1185.00,20.7288
1185.50,20.7726
1186.00,20.7915
1186.50,20.7956
1187.00,20.7942
1187.50,20.7881
1188.00,20.7692
1188.50,20.7267
1189.00,20.6557
1189.50,20.5634
1190.00,20.4690
1190.50,20.3942
1191.00,20.3512
1191.50,20.3389
1192.00,20.3507
1192.50,20.3830
1193.00,20.4349
1193.50,20.5004
1194.00,20.5643
1194.50,20.6076
1195.00,20.6201
1195.50,20.6090
1196.00,20.5946
1196.50,20.5968
1197.00,20.6223
1197.50,20.6641
1198.00,20.7077
1198.50,20.7394
1199.00,20.7520
1199.50,20.7481
1200.00,20.7408
1200.50,20.7481
1201.00,20.7834
1201.50,20.8454
1202.00,20.9138
1202.50,20.9575
1203.00,20.9516
1203.50,20.8909
1204.00,20.7927
1204.50,20.6889
1205.00,20.6118
1205.50,20.5806
1206.00,20.5934
1206.50,20.6277
1207.00,20.6526
1207.50,20.6454
1208.00,20.6037
1208.50,20.5460
1209.00,20.5001
1209.50,20.4861
1210.00,20.5074
1210.50,20.5528
1211.00,20.6078
1211.50,20.6634
1212.00,20.7141
1212.50,20.7511
1213.00,20.7624
1213.50,20.7431
1214.00,20.7040
1214.50,20.6663
1215.00,20.6455
1215.50,20.6417
1216.00,20.6455
1216.50,20.6536
1217.00,20.6750
1217.50,20.7225
1218.00,20.7974
1218.50,20.8847
1219.00,20.9616
1219.50,21.0102
1220.00,21.0258
1220.50,21.0148
1221.00,20.9872
1221.50,20.9500
1222.00,20.9075
1222.50,20.8668
1223.00,20.8396
1223.50,20.8364
1224.00,20.8596
1224.50,20.9021
1225.00,20.9500
1225.50,20.9879
1226.00,21.0033
1226.50,20.9925
1227.00,20.9623
1227.50,20.9258
1228.00,20.8935
1228.50,20.8667
1229.00,20.8388
1229.50,20.8017
1230.00,20.7528
1230.50,20.6987
1231.00,20.6525
1231.50,20.6283
1232.00,20.6340
1232.50,20.6658
1233.00,20.7095
1233.50,20.7476
1234.00,20.7680
1234.50,20.7705
1235.00,20.7648
1235.50,20.7643
1236.00,20.7773
1236.50,20.8019
1237.00,20.8292
1237.50,20.8512
1238.00,20.8676
1238.50,20.8854
1239.00,20.9111
1239.50,20.9422
1240.00,20.9660
1240.50,20.9689
1241.00,20.9466
1241.50,20.9072
1242.00,20.8621
1242.50,20.8163
1243.00,20.7688
1243.50,20.7238
1244.00,20.6944
1244.50,20.6936
1245.00,20.7216
1245.50,20.7655
1246.00,20.8112
1246.50,20.8537
1247.00,20.8950
1247.50,20.9345
1248.00,20.9650
1248.50,20.9792
1249.00,20.9800
1249.50,20.9799
1250.00,20.9893
1250.50,21.0055
1251.00,21.0149
1251.50,21.0082
1252.00,20.9892
1252.50,20.9720
1253.00,20.9686
1253.50,20.9809
1254.00,21.0026
1254.50,21.0255
1255.00,21.0449
1255.50,21.0585
1256.00,21.0628
1256.50,21.0517
1257.00,21.0223
1257.50,20.9810
1258.00,20.9427
1258.50,20.9221
1259.00,20.9242
1259.50,20.9417
1260.00,20.9615
1260.50,20.9738
1261.00,20.9773
1261.50,20.9774
1262.00,20.9814
1262.50,20.9937
1263.00,21.0116
1263.50,21.0252
1264.00,21.0232
1264.50,20.9982
1265.00,20.9481
1265.50,20.8759
1266.00,20.7915
1266.50,20.7140
1267.00,20.6644
1267.50,20.6527
1268.00,20.6708
1268.50,20.7005
1269.00,20.7274
1269.50,20.7496
1270.00,20.7737
1270.50,20.8041
1271.00,20.8366
1271.50,20.8605
1272.00,20.8660
1272.50,20.8502
1273.00,20.8227
1273.50,20.8033
1274.00,20.8125
1274.50,20.8577
1275.00,20.9272
1275.50,20.9980
1276.00,21.0476
1276.50,21.0609
1277.00,21.0324
1277.50,20.9701
1278.00,20.8979
1278.50,20.8477
1279.00,20.8423
1279.50,20.8816
1280.00,20.9455
1280.50,21.0082
1281.00,21.0516
1281.50,21.0692
1282.00,21.0615
1282.50,21.0315
1283.00,20.9843
1283.50,20.9304
1284.00,20.8836
1284.50,20.8535
1285.00,20.8388
1285.50,20.8329
1286.00,20.8341
1286.50,20.8493
1287.00,20.8844
1287.50,20.9328
1288.00,20.9747
1288.50,20.9894
1289.00,20.9678
1289.50,20.9168
1290.00,20.8539
1290.50,20.7951
1291.00,20.7468
1291.50,20.7056
1292.00,20.6674
1292.50,20.6333
1293.00,20.6075
1293.50,20.5933
1294.00,20.5933
1294.50,20.6101
1295.00,20.6419
1295.50,20.6790
1296.00,20.7075
1296.50,20.7207
1297.00,20.7261
1297.50,20.7408
1298.00,20.7774
1298.50,20.8329
1299.00,20.8891
1299.50,20.9237
1300.00,20.9249
1300.50,20.8993
1301.00,20.8668
1301.50,20.8459
1302.00,20.8396
1302.50,20.8347
1303.00,20.8150
1303.50,20.7754
1304.00,20.7264
1304.50,20.6871
1305.00,20.6721
1305.50,20.6833
1306.00,20.7081
1306.50,20.7271
1307.00,20.7247
1307.50,20.6969
1308.00,20.6536
1308.50,20.6137
1309.00,20.5967
1309.50,20.6123
1310.00,20.6528
1310.50,20.6960
1311.00,20.7180
1311.50,20.7092
1312.00,20.6809
1312.50,20.6563
1313.00,20.6530
1313.50,20.6712
1314.00,20.6953
1314.50,20.7075
1315.00,20.7007
1315.50,20.6833
1316.00,20.6720
1316.50,20.6798
1317.00,20.7104
1317.50,20.7598
1318.00,20.8220
1318.50,20.8879
1319.00,20.9393
1319.50,20.9508
1320.00,20.9070
1320.50,20.8178
1321.00,20.7146
1321.50,20.6291
1322.00,20.5771
1322.50,20.5583
1323.00,20.5643
1323.50,20.5805
1324.00,20.5891
1324.50,20.5807
1325.00,20.5649
1325.50,20.5658
1326.00,20.5975
1326.50,20.6471
1327.00,20.6839
1327.50,20.6859
1328.00,20.6565
1328.50,20.6166
1329.00,20.5862
1329.50,20.5749
1330.00,20.5846
1330.50,20.6113
1331.00,20.6443
1331.50,20.6648
1332.00,20.6534
1332.50,20.6026
1333.00,20.5263
1333.50,20.4579
1334.00,20.4364
1334.50,20.4850
1335.00,20.5967
1335.50,20.7370
1336.00,20.8632
1336.50,20.9444
1337.00,20.9674
1337.50,20.9348
1338.00,20.8628
1338.50,20.7777
1339.00,20.7049
1339.50,20.6581
1340.00,20.6375
1340.50,20.6377
1341.00,20.6527
1341.50,20.6740
1342.00,20.6904
1342.50,20.6932
1343.00,20.6824
1343.50,20.6650
1344.00,20.6473
1344.50,20.6314
1345.00,20.6211
1345.50,20.6262
1346.00,20.6548
1346.50,20.6976
1347.00,20.7265
1347.50,20.7128
1348.00,20.6516
1348.50,20.5674
1349.00,20.4980
1349.50,20.4705
1350.00,20.4855
1350.50,20.5170
1351.00,20.5279
1351.50,20.4932
1352.00,20.4161
1352.50,20.3221
1353.00,20.2393
1353.50,20.1827
1354.00,20.1554
1354.50,20.1566
1355.00,20.1850
1355.50,20.2367
1356.00,20.3073
1356.50,20.3938
1357.00,20.4908
1357.50,20.5820
1358.00,20.6392
1358.50,20.6391
1359.00,20.5845
1359.50,20.5099
1360.00,20.4600
1360.50,20.4586
1361.00,20.4962
1361.50,20.5443
1362.00,20.5787
1362.50,20.5895
1363.00,20.5743
1363.50,20.5307
1364.00,20.4610
1364.50,20.3834
1365.00,20.3314
1365.50,20.3361
1366.00,20.4040
1366.50,20.5109
1367.00,20.6172
1367.50,20.6924
1368.00,20.7294
1368.50,20.7402
1369.00,20.7397
1369.50,20.7343
1370.00,20.7237
1370.50,20.7104
1371.00,20.7038
1371.50,20.7165
1372.00,20.7569
1372.50,20.8233
1373.00,20.9032
1373.50,20.9757
1374.00,21.0171
1374.50,21.0084
1375.00,20.9422
1375.50,20.8281
1376.00,20.6905
1376.50,20.5605
1377.00,20.4644
1377.50,20.4152
1378.00,20.4116
1378.50,20.4412
1379.00,20.4863
1379.50,20.5303
1380.00,20.5632
1380.50,20.5842
1381.00,20.5996
1381.50,20.6156
1382.00,20.6315
1382.50,20.6414
1383.00,20.6421
1383.50,20.6396
1384.00,20.6491
1384.50,20.6866
1385.00,20.7584
1385.50,20.8535
1386.00,20.9455
1386.50,21.0060
1387.00,21.0207
1387.50,20.9958
1388.00,20.9518
1388.50,20.9096
1389.00,20.8820
1389.50,20.8702
1390.00,20.8664
1390.50,20.8597
1391.00,20.8403
1391.50,20.8008
1392.00,20.7386
1392.50,20.6610
1393.00,20.5862
1393.50,20.5346
1394.00,20.5153
1394.50,20.5221
1395.00,20.5406
1395.50,20.5567
1396.00,20.5620
1396.50,20.5567
1397.00,20.5547
1397.50,20.5812
1398.00,20.6603
1398.50,20.7962
1399.00,20.9629
1399.50,21.1118
1400.00,21.1941
1400.50,21.1846
1401.00,21.0975
1401.50,20.9816
1402.00,20.8973
1402.50,20.8846
1403.00,20.9425
1403.50,21.0340
1404.00,21.1110
1404.50,21.1406
1405.00,21.1177
1405.50,21.0594
1406.00,20.9913
1406.50,20.9320
1407.00,20.8868
1407.50,20.8514
1408.00,20.8208
1408.50,20.7953
1409.00,20.7789
1409.50,20.7744
1410.00,20.7786
1410.50,20.7831
1411.00,20.7778
1411.50,20.7561
1412.00,20.7207
1412.50,20.6844
1413.00,20.6587
1413.50,20.6425
1414.00,20.6228
1414.50,20.5916
1415.00,20.5602
1415.50,20.5534
1416.00,20.5869
1416.50,20.6507
1417.00,20.7135
1417.50,20.7430
1418.00,20.7254
1418.50,20.6716
1419.00,20.6066
1419.50,20.5534
1420.00,20.5221
1420.50,20.5106
1421.00,20.5122
1421.50,20.5228
1422.00,20.5415
1422.50,20.5655
1423.00,20.5870
1423.50,20.5959
1424.00,20.5869
1424.50,20.5637
1425.00,20.5337
1425.50,20.5006
1426.00,20.4623
1426.50,20.4171
1427.00,20.3709
1427.50,20.3375
1428.00,20.3311
1428.50,20.3565
1429.00,20.4047
1429.50,20.4596
1430.00,20.5083
1430.50,20.5454
1431.00,20.5677
1431.50,20.5672
1432.00,20.5349
1432.50,20.4712
1433.00,20.3922
1433.50,20.3224
1434.00,20.2802
1434.50,20.2684
1435.00,20.2768
1435.50,20.2913
1436.00,20.2995
1436.50,20.2896
1437.00,20.2486
1437.50,20.1684
1438.00,20.0553
1438.50,19.9303
1439.00,19.8183
1439.50,19.7365
1440.00,19.6945
1440.50,19.7000
1441.00,19.7560
1441.50,19.8521
1442.00,19.9649
1442.50,20.0708
1443.00,20.1582
1443.50,20.2234
1444.00,20.2603
1444.50,20.2605
1445.00,20.2239
1445.50,20.1637
1446.00,20.0978
1446.50,20.0372
1447.00,19.9847
1447.50,19.9416
1448.00,19.9127
1448.50,19.9041
1449.00,19.9194
1449.50,19.9573
1450.00,20.0111
1450.50,20.0698
1451.00,20.1211
1451.50,20.1546
1452.00,20.1663
1452.50,20.1613
1453.00,20.1521
1453.50,20.1523
1454.00,20.1709
1454.50,20.2097
1455.00,20.2644
1455.50,20.3251
1456.00,20.3802
1456.50,20.4233
1457.00,20.4560
1457.50,20.4800
1458.00,20.4889
1458.50,20.4708
1459.00,20.4215
1459.50,20.3509
1460.00,20.2767
1460.50,20.2129
1461.00,20.1668
1461.50,20.1421
1462.00,20.1420
1462.50,20.1661
1463.00,20.2060
1463.50,20.2483
1464.00,20.2836
1464.50,20.3156
1465.00,20.3586
1465.50,20.4244
1466.00,20.5062
1466.50,20.5804
1467.00,20.6260
1467.50,20.6434
1468.00,20.6515
1468.50,20.6674
1469.00,20.6931
1469.50,20.7192
1470.00,20.7362
1470.50,20.7355
1471.00,20.7083
1471.50,20.6506
1472.00,20.5741
1472.50,20.5048
1473.00,20.4678
1473.50,20.4709
1474.00,20.5018
1474.50,20.5428
1475.00,20.5835
1475.50,20.6228
1476.00,20.6597
1476.50,20.6889
1477.00,20.7050
1477.50,20.7093
1478.00,20.7103
1478.50,20.7162
1479.00,20.7276
1479.50,20.7393
1480.00,20.7481
1480.50,20.7570
1481.00,20.7671
1481.50,20.7686
1482.00,20.7442
1482.50,20.6849
1483.00,20.6030
1483.50,20.5263
1484.00,20.4780
1484.50,20.4614
1485.00,20.4590
1485.50,20.4497
1486.00,20.4261
1486.50,20.3984
1487.00,20.3834
1487.50,20.3909
1488.00,20.4189
1488.50,20.4568
1489.00,20.4926
1489.50,20.5193
1490.00,20.5367
1490.50,20.5455
1491.00,20.5413
1491.50,20.5196
1492.00,20.4893
1492.50,20.4739
1493.00,20.4918
1493.50,20.5361
1494.00,20.5795
1494.50,20.6003
1495.00,20.5963
1495.50,20.5742
1496.00,20.5330
1496.50,20.4655
1497.00,20.3765
1497.50,20.2901
1498.00,20.2363
1498.50,20.2292
1499.00,20.2600
1499.50,20.3058
1500.00,20.3422
1500.50,20.3516
1501.00,20.3276
1501.50,20.2794
1502.00,20.2290
1502.50,20.1992
1503.00,20.2004
1503.50,20.2263
1504.00,20.2628
1504.50,20.3007
1505.00,20.3388
1505.50,20.3761
1506.00,20.4034
1506.50,20.4075
1507.00,20.3853
1507.50,20.3511
1508.00,20.3276
1508.50,20.3274
1509.00,20.3428
1509.50,20.3521
1510.00,20.3374
1510.50,20.2989
1511.00,20.2556
1511.50,20.2329
1512.00,20.2468
1512.50,20.2938
1513.00,20.3518
1513.50,20.3939
1514.00,20.4040
1514.50,20.3851
1515.00,20.3553
1515.50,20.3352
1516.00,20.3383
1516.50,20.3668
1517.00,20.4131
1517.50,20.4641
1518.00,20.5049
1518.50,20.5219
1519.00,20.5042
1519.50,20.4480
1520.00,20.3608
1520.50,20.2589
1521.00,20.1603
1521.50,20.0807
1522.00,20.0342
1522.50,20.0335
1523.00,20.0821
1523.50,20.1649
1524.00,20.2496
1524.50,20.3011
1525.00,20.3031
1525.50,20.2674
1526.00,20.2244
1526.50,20.1995
1527.00,20.1976
1527.50,20.2035
1528.00,20.1952
1528.50,20.1581
1529.00,20.0953
1529.50,20.0279
1530.00,19.9853
1530.50,19.9883
1531.00,20.0362
1531.50,20.1053
1532.00,20.1624
1532.50,20.1852
1533.00,20.1757
1533.50,20.1554
1534.00,20.1468
1534.50,20.1566
1535.00,20.1739
1535.50,20.1833
1536.00,20.1798
1536.50,20.1719
1537.00,20.1716
1537.50,20.1821
1538.00,20.1962
1538.50,20.2048
1539.00,20.2056
1539.50,20.2027
1540.00,20.1991
1540.50,20.1924
1541.00,20.1823
1541.50,20.1776
1542.00,20.1946
1542.50,20.2446
1543.00,20.3227
1543.50,20.4073
1544.00,20.4713
1544.50,20.4951
1545.00,20.4752
1545.50,20.4219
1546.00,20.3513
1546.50,20.2759
1547.00,20.2017
1547.50,20.1302
1548.00,20.0608
1548.50,19.9942
1549.00,19.9366
1549.50,19.9023
1550.00,19.9106
1550.50,19.9746
1551.00,20.0908
1551.50,20.2386
1552.00,20.3902
1552.50,20.5228
1553.00,20.6227
1553.50,20.6822
1554.00,20.6973
1554.50,20.6673
1555.00,20.5976
1555.50,20.5021
1556.00,20.4032
1556.50,20.3243
1557.00,20.2801
1557.50,20.2726
1558.00,20.2948
1558.50,20.3352
1559.00,20.3811
1559.50,20.4220
1560.00,20.4544
1560.50,20.4821
1561.00,20.5086
1561.50,20.5295
1562.00,20.5337
1562.50,20.5128
1563.00,20.4709
1563.50,20.4241
1564.00,20.3890
1564.50,20.3735
1565.00,20.3772
1565.50,20.3961
1566.00,20.4266
1566.50,20.4663
1567.00,20.5115
1567.50,20.5531
1568.00,20.5761
1568.50,20.5672
1569.00,20.5266
1569.50,20.4723
1570.00,20.4313
1570.50,20.4224
1571.00,20.4426
1571.50,20.4684
1572.00,20.4721
1572.50,20.4419
1573.00,20.3900
1573.50,20.3437
1574.00,20.3271
1574.50,20.3495
1575.00,20.4027
1575.50,20.4656
1576.00,20.5114
1576.50,20.5187
1577.00,20.4786
1577.50,20.3963
1578.00,20.2899
1578.50,20.1871
1579.00,20.1189
1579.50,20.1066
1580.00,20.1518
1580.50,20.2357
1581.00,20.3288
1581.50,20.4035
1582.00,20.4409
1582.50,20.4298
1583.00,20.3664
1583.50,20.2589
1584.00,20.1315
1584.50,20.0165
1585.00,19.9401
1585.50,19.9129
1586.00,19.9323
1586.50,19.9892
1587.00,20.0702
1587.50,20.1577
1588.00,20.2339
1588.50,20.2893
1589.00,20.3258
1589.50,20.3527
1590.00,20.3766
1590.50,20.3961
1591.00,20.4061
1591.50,20.4050
1592.00,20.3972
1592.50,20.3895
1593.00,20.3871
1593.50,20.3926
1594.00,20.4059
1594.50,20.4240
1595.00,20.4428
1595.50,20.4587
1596.00,20.4689
1596.50,20.4683
1597.00,20.4504
1597.50,20.4124
1598.00,20.3588
1598.50,20.2957
1599.00,20.2259
1599.50,20.1489
1600.00,20.0692
1600.50,19.9992
1601.00,19.9549
1601.50,19.9433
1602.00,19.9558
1602.50,19.9738
1603.00,19.9828
1603.50,19.9829
1604.00,19.9860
1604.50,20.0036
1605.00,20.0401
1605.50,20.0909
1606.00,20.1453
1606.50,20.1877
1607.00,20.2038
1607.50,20.1853
1608.00,20.1343
1608.50,20.0624
1609.00,19.9840
1609.50,19.9095
1610.00,19.8443
1610.50,19.7945
1611.00,19.7713
1611.50,19.7876
1612.00,19.8503
1612.50,19.9548
1613.00,20.0866
1613.50,20.2250
1614.00,20.3478
1614.50,20.4345
1615.00,20.4712
1615.50,20.4561
1616.00,20.4038
1616.50,20.3432
1617.00,20.3018
1617.50,20.2880
1618.00,20.2873
1618.50,20.2792
1619.00,20.2569
1619.50,20.2306
1620.00,20.2161
1620.50,20.2206
1621.00,20.2370
1621.50,20.2481
1622.00,20.2365
1622.50,20.1942
1623.00,20.1274
1623.50,20.0513
1624.00,19.9826
1624.50,19.9315
1625.00,19.8994
1625.50,19.8791
1626.00,19.8618
1626.50,19.8430
1627.00,19.8261
1627.50,19.8162
1628.00,19.8145
1628.50,19.8187
1629.00,19.8281
1629.50,19.8461
1630.00,19.8739
1630.50,19.9047
1631.00,19.9252
1631.50,19.9259
1632.00,19.9105
1632.50,19.8942
1633.00,19.8933
1633.50,19.9144
1634.00,19.9531
1634.50,19.9991
1635.00,20.0409
1635.50,20.0651
1636.00,20.0586
1636.50,20.0167
1637.00,19.9502
1637.50,19.8802
1638.00,19.8243
1638.50,19.7896
1639.00,19.7736
1639.50,19.7699
1640.00,19.7708
1640.50,19.7704
1641.00,19.7662
1641.50,19.7588
1642.00,19.7505
1642.50,19.7452
1643.00,19.7511
1643.50,19.7796
1644.00,19.8382
1644.50,19.9211
1645.00,20.0064
1645.50,20.0667
1646.00,20.0860
1646.50,20.0685
1647.00,20.0299
1647.50,19.9841
1648.00,19.9391
1648.50,19.9044
1649.00,19.8970
1649.50,19.9354
1650.00,20.0275
1650.50,20.1623
1651.00,20.3135
1651.50,20.4493
1652.00,20.5449
1652.50,20.5902
1653.00,20.5882
1653.50,20.5486
1654.00,20.4824
1654.50,20.4021
1655.00,20.3256
1655.50,20.2742
1656.00,20.2622
1656.50,20.2849
1657.00,20.3159
1657.50,20.3205
1658.00,20.2775
1658.50,20.1929
1659.00,20.0942
1659.50,20.0115
1660.00,19.9597
1660.50,19.9329
1661.00,19.9148
1661.50,19.8944
1662.00,19.8775
1662.50,19.8832
1663.00,19.9275
1663.50,20.0070
1664.00,20.1005
1664.50,20.1860
1665.00,20.2568
1665.50,20.3203
1666.00,20.3795
1666.50,20.4200
1667.00,20.4178
1667.50,20.3596
1668.00,20.2560
1668.50,20.1352
1669.00,20.0281
1669.50,19.9565
1670.00,19.9308
1670.50,19.9491
1671.00,19.9967
1671.50,20.0518
1672.00,20.0982
1672.50,20.1336
1673.00,20.1627
1673.50,20.1823
1674.00,20.1776
1674.50,20.1362
1675.00,20.0654
1675.50,19.9948
1676.00,19.9597
1676.50,19.9788
1677.00,20.0438
1677.50,20.1263
1678.00,20.1952
1678.50,20.2305
1679.00,20.2274
1679.50,20.1943
1680.00,20.1445
1680.50,20.0902
1681.00,20.0407
1681.50,20.0063
1682.00,19.9984
1682.50,20.0241
1683.00,20.0762
1683.50,20.1322
1684.00,20.1656
1684.50,20.1621
1685.00,20.1254
1685.50,20.0709
1686.00,20.0170
1686.50,19.9806
1687.00,19.9694
1687.50,19.9756
1688.00,19.9756
1688.50,19.9465
1689.00,19.8844
1689.50,19.8090
1690.00,19.7510
1690.50,19.7328
1691.00,19.7606
1691.50,19.8259
1692.00,19.9136
1692.50,20.0054
1693.00,20.0832
1693.50,20.1347
1694.00,20.1577
1694.50,20.1592
1695.00,20.1473
1695.50,20.1245
1696.00,20.0889
1696.50,20.0407
1697.00,19.9864
1697.50,19.9347
1698.00,19.8897
1698.50,19.8491
1699.00,19.8070
1699.50,19.7607
1700.00,19.7119
1700.50,19.6671
1701.00,19.6371
1701.50,19.6351
1702.00,19.6710
1702.50,19.7403
1703.00,19.8196
1703.50,19.8771
1704.00,19.8953
1704.50,19.8831
1705.00,19.8650
1705.50,19.8568
1706.00,19.8529
1706.50,19.8350
1707.00,19.7920
1707.50,19.7319
1708.00,19.6771
1708.50,19.6488
1709.00,19.6523
1709.50,19.6779
1710.00,19.7131
1710.50,19.7537
1711.00,19.8005
1711.50,19.8497
1712.00,19.8901
1712.50,19.9113
1713.00,19.9101
1713.50,19.8885
1714.00,19.8472
1714.50,19.7898
1715.00,19.7320
1715.50,19.7017
1716.00,19.7222
1716.50,19.7920
1717.00,19.8835
1717.50,19.9646
1718.00,20.0211
1718.50,20.0597
1719.00,20.0947
1719.50,20.1373
1720.00,20.1953
1720.50,20.2751
1721.00,20.3753
1721.50,20.4805
1722.00,20.5652
1722.50,20.6068
1723.00,20.5984
1723.50,20.5515
1724.00,20.4899
1724.50,20.4356
1725.00,20.3999
1725.50,20.3812
1726.00,20.3732
1726.50,20.3749
1727.00,20.3920
1727.50,20.4304
1728.00,20.4876
1728.50,20.5528
1729.00,20.6141
1729.50,20.6633
1730.00,20.6935
1730.50,20.6931
1731.00,20.6468
1731.50,20.5494
1732.00,20.4181
1732.50,20.2901
1733.00,20.2003
1733.50,20.1589
1734.00,20.1488
1734.50,20.1424
1735.00,20.1219
1735.50,20.0873
1736.00,20.0521
1736.50,20.0331
1737.00,20.0417
1737.50,20.0781
1738.00,20.1323
1738.50,20.1899
1739.00,20.2384
1739.50,20.2699
1740.00,20.2799
1740.50,20.2653
1741.00,20.2236
1741.50,20.1568
1742.00,20.0776
1742.50,20.0081
1743.00,19.9708
1743.50,19.9737
1744.00,20.0065
1744.50,20.0467
1745.00,20.0710
1745.50,20.0651
1746.00,20.0305
1746.50,19.9873
1747.00,19.9643
1747.50,19.9821
1748.00,20.0382
1748.50,20.1083
1749.00,20.1603
1749.50,20.1699
1750.00,20.1285
1750.50,20.0432
1751.00,19.9331
1751.50,19.8261
1752.00,19.7518
1752.50,19.7304
1753.00,19.7627
1753.50,19.8290
1754.00,19.9007
1754.50,19.9573
1755.00,19.9942
1755.50,20.0175
1756.00,20.0329
1756.50,20.0421
1757.00,20.0491
1757.50,20.0642
1758.00,20.0950
1758.50,20.1361
1759.00,20.1695
1759.50,20.1793
1760.00,20.1640
1760.50,20.1354
1761.00,20.1094
1761.50,20.0966
1762.00,20.1001
1762.50,20.1164
1763.00,20.1389
1763.50,20.1620
1764.00,20.1856
1764.50,20.2148
1765.00,20.2554
1765.50,20.3066
1766.00,20.3614
1766.50,20.4131
1767.00,20.4617
1767.50,20.5103
1768.00,20.5566
1768.50,20.5907
1769.00,20.6015
1769.50,20.5852
1770.00,20.5491
1770.50,20.5086
1771.00,20.4824
1771.50,20.4856
1772.00,20.5200
1772.50,20.5689
1773.00,20.6053
1773.50,20.6093
1774.00,20.5811
1774.50,20.5366
1775.00,20.4930
1775.50,20.4600
1776.00,20.4405
1776.50,20.4331
1777.00,20.4321
1777.50,20.4307
1778.00,20.4258
1778.50,20.4211
1779.00,20.4209
1779.50,20.4250
1780.00,20.4285
1780.50,20.4282
1781.00,20.4259
1781.50,20.4251
1782.00,20.4241
1782.50,20.4154
1783.00,20.3939
1783.50,20.3636
1784.00,20.3356
1784.50,20.3199
1785.00,20.3181
1785.50,20.3259
1786.00,20.3382
1786.50,20.3538
1787.00,20.3732
1787.50,20.3950
1788.00,20.4112
1788.50,20.4117
1789.00,20.3922
1789.50,20.3607
1790.00,20.3337
1790.50,20.3242
1791.00,20.3329
1791.50,20.3502
1792.00,20.3659
1792.50,20.3763
1793.00,20.3848
1793.50,20.3972
1794.00,20.4159
1794.50,20.4386
1795.00,20.4606
1795.50,20.4768
1796.00,20.4841
1796.50,20.4817
1797.00,20.4730
1797.50,20.4627
1798.00,20.4521
1798.50,20.4356
1799.00,20.4068
1799.50,20.3681
1800.00,20.3341
1800.50,20.3251
1801.00,20.3541
1801.50,20.4167
1802.00,20.4897
1802.50,20.5431
1803.00,20.5585
1803.50,20.5369
1804.00,20.4891
1804.50,20.4215
1805.00,20.3352
1805.50,20.2335
1806.00,20.1273
1806.50,20.0316
1807.00,19.9580
1807.50,19.9090
1808.00,19.8759
1808.50,19.8450
1809.00,19.8092
1809.50,19.7739
1810.00,19.7526
1810.50,19.7551
1811.00,19.7784
1811.50,19.8073
1812.00,19.8229
1812.50,19.8130
1813.00,19.7794
1813.50,19.7376
1814.00,19.7068
1814.50,19.6948
1815.00,19.6897
1815.50,19.6687
1816.00,19.6192
1816.50,19.5513
1817.00,19.4892
1817.50,19.4504
1818.00,19.4340
1818.50,19.4298
1819.00,19.4333
1819.50,19.4502
1820.00,19.4888
1820.50,19.5491
1821.00,19.6193
1821.50,19.6812
1822.00,19.7188
1822.50,19.7238
1823.00,19.6947
1823.50,19.6370
1824.00,19.5644
1824.50,19.4979
1825.00,19.4588
1825.50,19.4584
1826.00,19.4941
1826.50,19.5531
1827.00,19.6200
1827.50,19.6800
1828.00,19.7215
1828.50,19.7367
1829.00,19.7227
1829.50,19.6807
1830.00,19.6152
1830.50,19.5348
1831.00,19.4551
1831.50,19.3978
1832.00,19.3815
1832.50,19.4113
1833.00,19.4756
1833.50,19.5514
1834.00,19.6135
1834.50,19.6432
1835.00,19.6375
1835.50,19.6141
1836.00,19.6025
1836.50,19.6245
1837.00,19.6808
1837.50,19.7551
1838.00,19.8293
1838.50,19.8940
1839.00,19.9488
1839.50,19.9958
1840.00,20.0336
1840.50,20.0561
1841.00,20.0572
1841.50,20.0371
1842.00,20.0048
1842.50,19.9723
1843.00,19.9464
1843.50,19.9260
1844.00,19.9068
1844.50,19.8888
1845.00,19.8784
1845.50,19.8823
1846.00,19.9007
1846.50,19.9255
1847.00,19.9460
1847.50,19.9563
1848.00,19.9564
1848.50,19.9452
1849.00,19.9163
1849.50,19.8638
1850.00,19.7957
1850.50,19.7372
1851.00,19.7158
1851.50,19.7369
1852.00,19.7751
1852.50,19.7921
1853.00,19.7651
1853.50,19.7001
1854.00,19.6221
1854.50,19.5578
1855.00,19.5245
1855.50,19.5274
1856.00,19.5582
1856.50,19.5994
1857.00,19.6343
1857.50,19.6553
1858.00,19.6634
1858.50,19.6597
1859.00,19.6416
1859.50,19.6078
1860.00,19.5649
1860.50,19.5281
1861.00,19.5136
1861.50,19.5283
1862.00,19.5659
1862.50,19.6095
1863.00,19.6413
1863.50,19.6509
1864.00,19.6393
1864.50,19.6177
1865.00,19.6015
1865.50,19.6002
1866.00,19.6097
1866.50,19.6137
1867.00,19.5964
1867.50,19.5557
1868.00,19.5067
1868.50,19.4694
1869.00,19.4529
1869.50,19.4503
1870.00,19.4485
1870.50,19.4460
1871.00,19.4564
1871.50,19.4936
1872.00,19.5511
1872.50,19.5994
1873.00,19.6054
1873.50,19.5556
1874.00,19.4643
1874.50,19.3618
1875.00,19.2747
1875.50,19.2107
1876.00,19.1590
1876.50,19.1063
1877.00,19.0514
1877.50,19.0066
1878.00,18.9853
1878.50,18.9917
1879.00,19.0212
1879.50,19.0655
1880.00,19.1134
1880.50,19.1523
1881.00,19.1721
1881.50,19.1703
1882.00,19.1504
1882.50,19.1166
1883.00,19.0710
1883.50,19.0192
1884.00,18.9761
1884.50,18.9600
1885.00,18.9761
1885.50,19.0063
1886.00,19.0227
1886.50,19.0116
1887.00,18.9862
1887.50,18.9738
1888.00,18.9931
1888.50,19.0416
1889.00,19.1003
1889.50,19.1481
1890.00,19.1742
1890.50,19.1822
1891.00,19.1823
1891.50,19.1792
1892.00,19.1645
1892.50,19.1221
1893.00,19.0410
1893.50,18.9293
1894.00,18.8184
1894.50,18.7525
1895.00,18.7628
1895.50,18.8441
1896.00,18.9555
1896.50,19.0473
1897.00,19.0894
1897.50,19.0777
1898.00,19.0256
1898.50,18.9557
1899.00,18.8942
1899.50,18.8610
1900.00,18.8551
1900.50,18.8535
1901.00,18.8290
1901.50,18.7719
1902.00,18.6957
1902.50,18.6235
1903.00,18.5725
1903.50,18.5499
1904.00,18.5563
1904.50,18.5850
1905.00,18.6177
1905.50,18.6294
1906.00,18.6042
1906.50,18.5484
1907.00,18.4848
1907.50,18.4334
1908.00,18.3971
1908.50,18.3668
1909.00,18.3352
1909.50,18.3060
1910.00,18.2908
1910.50,18.2987
1911.00,18.3276
1911.50,18.3634
1912.00,18.3893
1912.50,18.3987
1913.00,18.4004
1913.50,18.4099
1914.00,18.4331
1914.50,18.4614
1915.00,18.4834
1915.50,18.4996
1916.00,18.5241
1916.50,18.5716
1917.00,18.6466
1917.50,18.7446
1918.00,18.8533
1918.50,18.9497
1919.00,19.0056
1919.50,19.0052
1920.00,18.9620
1920.50,18.9146
1921.00,18.9017
1921.50,18.9393
1922.00,19.0144
1922.50,19.0964
1923.00,19.1558
1923.50,19.1816
1924.00,19.1866
1924.50,19.1978
1925.00,19.2375
1925.50,19.3084
1926.00,19.3948
1926.50,19.4775
1927.00,19.5460
1927.50,19.5996
1928.00,19.6402
1928.50,19.6693
1929.00,19.6895
1929.50,19.7023
1930.00,19.7022
1930.50,19.6760
1931.00,19.6143
1931.50,19.5247
1932.00,19.4321
1932.50,19.3646
1933.00,19.3376
1933.50,19.3480
1934.00,19.3819
1934.50,19.4255
1935.00,19.4706
1935.50,19.5118
1936.00,19.5447
1936.50,19.5674
1937.00,19.5803
1937.50,19.5820
1938.00,19.5667
1938.50,19.5279
1939.00,19.4671
1939.50,19.3986
1940.00,19.3433
1940.50,19.3149
1941.00,19.3107
1941.50,19.3134
1942.00,19.3049
1942.50,19.2777
1943.00,19.2360
1943.50,19.1896
1944.00,19.1481
1944.50,19.1178
1945.00,19.1003
1945.50,19.0925
1946.00,19.0914
1946.50,19.0997
1947.00,19.1257
1947.50,19.1765
1948.00,19.2533
1948.50,19.3533
1949.00,19.4725
1949.50,19.6015
1950.00,19.7212
1950.50,19.8102
1951.00,19.8589
1951.50,19.8754
1952.00,19.8777
1952.50,19.8820
1953.00,19.8973
1953.50,19.9271
1954.00,19.9730
1954.50,20.0347
1955.00,20.1088
1955.50,20.1856
1956.00,20.2491
1956.50,20.2822
1957.00,20.2797
1957.50,20.2551
1958.00,20.2339
1958.50,20.2362
1959.00,20.2608
1959.50,20.2876
1960.00,20.2931
1960.50,20.2692
1961.00,20.2273
1961.50,20.1892
1962.00,20.1726
1962.50,20.1825
1963.00,20.2116
1963.50,20.2466
1964.00,20.2759
1964.50,20.2922
1965.00,20.2941
1965.50,20.2865
1966.00,20.2782
1966.50,20.2750
1967.00,20.2761
1967.50,20.2749
1968.00,20.2647
1968.50,20.2438
1969.00,20.2170
1969.50,20.1925
1970.00,20.1762
1970.50,20.1655
1971.00,20.1496
1971.50,20.1177
1972.00,20.0701
1972.50,20.0219
1973.00,19.9951
1973.50,20.0029
1974.00,20.0398
1974.50,20.0854
1975.00,20.1180
1975.50,20.1266
1976.00,20.1128
1976.50,20.0865
1977.00,20.0595
1977.50,20.0401
1978.00,20.0299
1978.50,20.0256
1979.00,20.0237
1979.50,20.0218
1980.00,20.0159
1980.50,19.9996
1981.00,19.9698
1981.50,19.9322
1982.00,19.9002
1982.50,19.8852
1983.00,19.8888
1983.50,19.9027
1984.00,19.9156
1984.50,19.9218
1985.00,19.9244
1985.50,19.9302
1986.00,19.9412
1986.50,19.9518
1987.00,19.9546
1987.50,19.9477
1988.00,19.9367
1988.50,19.9306
1989.00,19.9352
1989.50,19.9470
1990.00,19.9525
1990.50,19.9384
1991.00,19.9061
1991.50,19.8749
1992.00,19.8679
1992.50,19.8911
1993.00,19.9279
1993.50,19.9520
1994.00,19.9466
1994.50,19.9152
1995.00,19.8757
1995.50,19.8452
1996.00,19.8276
1996.50,19.8149
1997.00,19.7989
1997.50,19.7804
1998.00,19.7652
1998.50,19.7539
1999.00,19.7397
1999.50,19.7191
2000.00,19.7016
2000.50,19.7056
2001.00,19.7420
2001.50,19.8038
2002.00,19.8728
2002.50,19.9336
2003.00,19.9836
2003.50,20.0274
2004.00,20.0640
2004.50,20.0812
2005.00,20.0636
2005.50,20.0099
2006.00,19.9401
2006.50,19.8848
2007.00,19.8610
2007.50,19.8592
2008.00,19.8515
2008.50,19.8154
2009.00,19.7525
2009.50,19.6851
2010.00,19.6371
2010.50,19.6173
2011.00,19.6188
2011.50,19.6318
2012.00,19.6520
2012.50,19.6791
2013.00,19.7117
2013.50,19.7485
2014.00,19.7907
2014.50,19.8375
2015.00,19.8784
2015.50,19.8935
2016.00,19.8662
2016.50,19.7994
2017.00,19.7175
2017.50,19.6520
2018.00,19.6251
2018.50,19.6423
2019.00,19.6952
2019.50,19.7661
2020.00,19.8321
2020.50,19.8763
2021.00,19.8972
2021.50,19.9056
2022.00,19.9096
2022.50,19.9063
2023.00,19.8915
2023.50,19.8732
2024.00,19.8686
2024.50,19.8865
2025.00,19.9164
2025.50,19.9374
2026.00,19.9355
2026.50,19.9122
2027.00,19.8780
2027.50,19.8447
2028.00,19.8229
2028.50,19.8217
2029.00,19.8447
2029.50,19.8819
2030.00,19.9079
2030.50,19.8932
2031.00,19.8228
2031.50,19.7108
2032.00,19.5951
2032.50,19.5136
2033.00,19.4808
2033.50,19.4867
2034.00,19.5147
2034.50,19.5592
2035.00,19.6252
2035.50,19.7143
2036.00,19.8137
2036.50,19.9000
2037.00,19.9544
2037.50,19.9714
2038.00,19.9562
2038.50,19.9146
2039.00,19.8522
2039.50,19.7824
2040.00,19.7264
2040.50,19.7005
2041.00,19.7022
2041.50,19.7122
2042.00,19.7104
2042.50,19.6912
2043.00,19.6663
2043.50,19.6568
2044.00,19.6780
2044.50,19.7305
2045.00,19.7992
2045.50,19.8632
2046.00,19.9081
2046.50,19.9309
2047.00,19.9362
2047.50,19.9275
2048.00,19.9054
2048.50,19.8702
2049.00,19.8253
2049.50,19.7775
2050.00,19.7343
2050.50,19.7052
2051.00,19.7022
2051.50,19.7357
2052.00,19.8038
2052.50,19.8864
2053.00,19.9542
2053.50,19.9841
2054.00,19.9686
2054.50,19.9141
2055.00,19.8359
2055.50,19.7529
2056.00,19.6829
2056.50,19.6383
2057.00,19.6240
2057.50,19.6367
2058.00,19.6655
2058.50,19.6968
2059.00,19.7220
2059.50,19.7394
2060.00,19.7484
2060.50,19.7451
2061.00,19.7257
2061.50,19.6940
2062.00,19.6610
2062.50,19.6389
2063.00,19.6371
2063.50,19.6613
2064.00,19.7118
2064.50,19.7798
2065.00,19.8477
2065.50,19.8980
2066.00,19.9233
2066.50,19.9288
2067.00,19.9272
2067.50,19.9294
2068.00,19.9390
2068.50,19.9497
2069.00,19.9505
2069.50,19.9368
2070.00,19.9191
2070.50,19.9175
2071.00,19.9449
2071.50,19.9945
2072.00,20.0430
2072.50,20.0652
2073.00,20.0476
2073.50,19.9947
2074.00,19.9260
2074.50,19.8666
2075.00,19.8369
2075.50,19.8464
2076.00,19.8942
2076.50,19.9729
2077.00,20.0699
2077.50,20.1672
2078.00,20.2449
2078.50,20.2875
2079.00,20.2903
2079.50,20.2588
2080.00,20.2059
2080.50,20.1483
2081.00,20.1048
2081.50,20.0940
2082.00,20.1290
2082.50,20.2104
2083.00,20.3191
2083.50,20.4168
2084.00,20.4606
2084.50,20.4292
2085.00,20.3372
2085.50,20.2252
2086.00,20.1319
2086.50,20.0755
2087.00,20.0543
2087.50,20.0583
2088.00,20.0782
2088.50,20.1085
2089.00,20.1459
2089.50,20.1861
2090.00,20.2189
2090.50,20.2318
2091.00,20.2191
2091.50,20.1895
2092.00,20.1629
2092.50,20.1581
2093.00,20.1817
2093.50,20.2246
2094.00,20.2654
2094.50,20.2788
2095.00,20.2475
2095.50,20.1720
2096.00,20.0703
2096.50,19.9663
2097.00,19.8787
2097.50,19.8154
2098.00,19.7727
2098.50,19.7373
2099.00,19.6932
2099.50,19.6333
2100.00,19.5671
2100.50,19.5155
2101.00,19.4980
2101.50,19.5219
2102.00,19.5802
2102.50,19.6564
2103.00,19.7322
2103.50,19.7951
2104.00,19.8432
2104.50,19.8836
2105.00,19.9259
2105.50,19.9735
2106.00,20.0195
2106.50,20.0496
2107.00,20.0494
2107.50,20.0125
2108.00,19.9434
2108.50,19.8550
2109.00,19.7633
2109.50,19.6832
2110.00,19.6273
2110.50,19.6052
2111.00,19.6204
2111.50,19.6672
2112.00,19.7317
2112.50,19.7989
2113.00,19.8630
2113.50,19.9318
2114.00,20.0185
2114.50,20.1263
2115.00,20.2417
2115.50,20.3436
2116.00,20.4196
2116.50,20.4728
2117.00,20.5127
2117.50,20.5427
2118.00,20.5547
2118.50,20.5344
2119.00,20.4707
2119.50,20.3631
2120.00,20.2244
2120.50,20.0798
2121.00,19.9589
2121.50,19.8858
2122.00,19.8702
2122.50,19.9049
2123.00,19.9674
2123.50,20.0267
2124.00,20.0565
2124.50,20.0471
2125.00,20.0077
2125.50,19.9550
2126.00,19.9022
2126.50,19.8574
2127.00,19.8273
2127.50,19.8178
2128.00,19.8279
2128.50,19.8445
2129.00,19.8483
2129.50,19.8282
2130.00,19.7938
2130.50,19.7737
2131.00,19.7966
2131.50,19.8708
2132.00,19.9784
2132.50,20.0875
2133.00,20.1707
2133.50,20.2161
2134.00,20.2261
2134.50,20.2138
2135.00,20.1970
2135.50,20.1887
2136.00,20.1899
2136.50,20.1914
2137.00,20.1846
2137.50,20.1687
2138.00,20.1502
2138.50,20.1343
2139.00,20.1178
2139.50,20.0887
2140.00,20.0371
2140.50,19.9708
2141.00,19.9171
2141.50,19.9038
2142.00,19.9360
2142.50,19.9901
2143.00,20.0333
2143.50,20.0462
2144.00,20.0323
2144.50,20.0114
2145.00,20.0029
2145.50,20.0125
2146.00,20.0278
2146.50,20.0310
2147.00,20.0164
2147.50,19.9956
2148.00,19.9843
2148.50,19.9850
2149.00,19.9848
2149.50,19.9693
2150.00,19.9367
2150.50,19.8996
2151.00,19.8761
2151.50,19.8790
2152.00,19.9108
2152.50,19.9653
2153.00,20.0302
2153.50,20.0876
2154.00,20.1170
2154.50,20.1048
2155.00,20.0553
2155.50,19.9925
2156.00,19.9506
2156.50,19.9585
2157.00,20.0268
2157.50,20.1419
2158.00,20.2707
2158.50,20.3770
2159.00,20.4394
2159.50,20.4587
2160.00,20.4499
2160.50,20.4275
2161.00,20.4002
2161.50,20.3776
2162.00,20.3750
2162.50,20.4076
2163.00,20.4794
2163.50,20.5774
2164.00,20.6773
2164.50,20.7538
2165.00,20.7899
2165.50,20.7857
2166.00,20.7583
2166.50,20.7302
2167.00,20.7144
2167.50,20.7112
2168.00,20.7175
2168.50,20.7308
2169.00,20.7436
2169.50,20.7372
2170.00,20.6901
2170.50,20.5975
2171.00,20.4842
2171.50,20.3962
2172.00,20.3714
2172.50,20.4139
2173.00,20.4910
2173.50,20.5593
2174.00,20.5931
2174.50,20.5977
2175.00,20.5989
2175.50,20.6232
2176.00,20.6812
2176.50,20.7626
2177.00,20.8424
2177.50,20.8944
2178.00,20.9049
2178.50,20.8782
2179.00,20.8311
2179.50,20.7828
2180.00,20.7484
2180.50,20.7369
2181.00,20.7515
2181.50,20.7891
2182.00,20.8428
2182.50,20.9062
2183.00,20.9732
2183.50,21.0332
2184.00,21.0704
2184.50,21.0713
2185.00,21.0348
2185.50,20.9713
2186.00,20.8945
2186.50,20.8135
2187.00,20.7338
2187.50,20.6616
2188.00,20.6064
2188.50,20.5779
2189.00,20.5814
2189.50,20.6162
2190.00,20.6761
2190.50,20.7496
2191.00,20.8205
2191.50,20.8711
2192.00,20.8905
2192.50,20.8793
2193.00,20.8484
2193.50,20.8116
2194.00,20.7791
2194.50,20.7535
2195.00,20.7306
2195.50,20.7020
2196.00,20.6631
2196.50,20.6224
2197.00,20.6030
2197.50,20.6272
2198.00,20.6965
2198.50,20.7845
2199.00,20.8548
2199.50,20.8849
2200.00,20.8776
2200.50,20.8536
2201.00,20.8365
2201.50,20.8413
2202.00,20.8678
2202.50,20.9007
2203.00,20.9167
2203.50,20.8974
2204.00,20.8404
2204.50,20.7620
2205.00,20.6906
2205.50,20.6516
2206.00,20.6550
2206.50,20.6912
2207.00,20.7401
2207.50,20.7863
2208.00,20.8275
2208.50,20.8697
2209.00,20.9152
2209.50,20.9550
2210.00,20.9721
2210.50,20.9544
2211.00,20.9057
2211.50,20.8429
2212.00,20.7839
2212.50,20.7387
2213.00,20.7109
2213.50,20.7027
2214.00,20.7132
2214.50,20.7354
2215.00,20.7620
2215.50,20.7932
2216.00,20.8356
2216.50,20.8913
2217.00,20.9490
2217.50,20.9883
2218.00,20.9930
2218.50,20.9628
2219.00,20.9133
2219.50,20.8641
2220.00,20.8256
2220.50,20.7947
2221.00,20.7657
2221.50,20.7453
2222.00,20.7572
2222.50,20.8258
2223.00,20.9521
2223.50,21.1014
2224.00,21.2181
2224.50,21.2574
2225.00,21.2115
2225.50,21.1110
2226.00,21.0058
2226.50,20.9421
2227.00,20.9485
2227.50,21.0277
2228.00,21.1522
2228.50,21.2741
2229.00,21.3533
2229.50,21.3846
2230.00,21.3978
2230.50,21.4274
2231.00,21.4818
2231.50,21.5398
2232.00,21.5715
2232.50,21.5614
2233.00,21.5172
2233.50,21.4622
2234.00,21.4201
2234.50,21.4036
2235.00,21.4096
2235.50,21.4268
2236.00,21.4467
2236.50,21.4691
2237.00,21.4954
2237.50,21.5185
2238.00,21.5225
2238.50,21.4968
2239.00,21.4475
2239.50,21.3943
2240.00,21.3531
2240.50,21.3222
2241.00,21.2870
2241.50,21.2370
2242.00,21.1797
2242.50,21.1356
2243.00,21.1197
2243.50,21.1264
2244.00,21.1339
2244.50,21.1230
2245.00,21.0922
2245.50,21.0538
2246.00,21.0195
2246.50,20.9909
2247.00,20.9655
2247.50,20.9494
2248.00,20.9591
2248.50,21.0085
2249.00,21.0931
2249.50,21.1912
2250.00,21.2807
2250.50,21.3551
2251.00,21.4234
2251.50,21.4937
2252.00,21.5594
2252.50,21.6021
2253.00,21.6088
2253.50,21.5834
2254.00,21.5433
2254.50,21.5066
2255.00,21.4842
2255.50,21.4810
2256.00,21.4957
2256.50,21.5166
2257.00,21.5225
2257.50,21.4931
2258.00,21.4223
2258.50,21.3224
2259.00,21.2163
2259.50,21.1302
2260.00,21.0902
2260.50,21.1169
2261.00,21.2115
2261.50,21.3443
2262.00,21.4630
2262.50,21.5206
2263.00,21.5050
2263.50,21.4443
2264.00,21.3852
2264.50,21.3606
2265.00,21.3732
2265.50,21.4019
2266.00,21.4224
2266.50,21.4231
2267.00,21.4062
2267.50,21.3791
2268.00,21.3475
2268.50,21.3183
2269.00,21.3044
2269.50,21.3202
2270.00,21.3677
2270.50,21.4273
2271.00,21.4687
2271.50,21.4726
2272.00,21.4414
2272.50,21.3916
2273.00,21.3400
2273.50,21.2982
2274.00,21.2729
2274.50,21.2654
2275.00,21.2722
2275.50,21.2879
2276.00,21.3072
2276.50,21.3223
2277.00,21.3243
2277.50,21.3079
2278.00,21.2768
2278.50,21.2431
2279.00,21.2217
2279.50,21.2215
2280.00,21.2397
2280.50,21.2635
2281.00,21.2801
2281.50,21.2868
2282.00,21.2893
2282.50,21.2902
2283.00,21.2819
2283.50,21.2556
2284.00,21.2154
2284.50,21.1799
2285.00,21.1696
2285.50,21.1920
2286.00,21.2372
2286.50,21.2866
2287.00,21.3249
2287.50,21.3439
2288.00,21.3380
2288.50,21.3015
2289.00,21.2347
2289.50,21.1509
2290.00,21.0754
2290.50,21.0337
2291.00,21.0393
2291.50,21.0903
2292.00,21.1720
2292.50,21.2633
2293.00,21.3425
2293.50,21.3937
2294.00,21.4126
2294.50,21.4062
2295.00,21.3876
2295.50,21.3693
2296.00,21.3606
2296.50,21.3668
2297.00,21.3877
2297.50,21.4150
2298.00,21.4353
2298.50,21.4391
2299.00,21.4287
2299.50,21.4163
2300.00,21.4122
2300.50,21.4147
2301.00,21.4123
2301.50,21.3971
2302.00,21.3754
2302.50,21.3641
2303.00,21.3754
2303.50,21.4036
2304.00,21.4264
2304.50,21.4210
2305.00,21.3796
2305.50,21.3139
2306.00,21.2475
2306.50,21.2011
2307.00,21.1807
2307.50,21.1780
2308.00,21.1806
2308.50,21.1831
2309.00,21.1895
2309.50,21.2088
2310.00,21.2502
2310.50,21.3181
2311.00,21.4039
2311.50,21.4834
2312.00,21.5273
2312.50,21.5201
2313.00,21.4714
2313.50,21.4081
2314.00,21.3586
2314.50,21.3376
2315.00,21.3392
2315.50,21.3403
2316.00,21.3176
2316.50,21.2688
2317.00,21.2207
2317.50,21.2111
2318.00,21.2576
2318.50,21.3447
2319.00,21.4409
2319.50,21.5273
2320.00,21.6057
2320.50,21.6833
2321.00,21.7552
2321.50,21.8051
2322.00,21.8207
2322.50,21.8058
2323.00,21.7774
2323.50,21.7505
2324.00,21.7261
2324.50,21.6922
2325.00,21.6391
2325.50,21.5712
2326.00,21.5058
2326.50,21.4592
2327.00,21.4360
2327.50,21.4324
2328.00,21.4458
2328.50,21.4798
2329.00,21.5409
2329.50,21.6302
2330.00,21.7372
2330.50,21.8383
2331.00,21.9060
2331.50,21.9245
2332.00,21.8991
2332.50,21.8489
2333.00,21.7899
2333.50,21.7263
2334.00,21.6537
2334.50,21.5672
2335.00,21.4646
2335.50,21.3469
2336.00,21.2216
2336.50,21.1050
2337.00,21.0194
2337.50,20.9829
2338.00,20.9977
2338.50,21.0476
2339.00,21.1070
2339.50,21.1574
2340.00,21.1957
2340.50,21.2311
2341.00,21.2736
2341.50,21.3247
2342.00,21.3759
2342.50,21.4137
2343.00,21.4281
2343.50,21.4196
2344.00,21.3995
2344.50,21.3846
2345.00,21.3867
2345.50,21.4054
2346.00,21.4289
2346.50,21.4430
2347.00,21.4388
2347.50,21.4144
2348.00,21.3727
2348.50,21.3215
2349.00,21.2716
2349.50,21.2306
2350.00,21.1987
2350.50,21.1708
2351.00,21.1439
2351.50,21.1219
2352.00,21.1133
2352.50,21.1251
2353.00,21.1579
2353.50,21.2043
2354.00,21.2508
2354.50,21.2830
2355.00,21.2923
2355.50,21.2796
2356.00,21.2532
2356.50,21.2232
2357.00,21.1976
2357.50,21.1834
2358.00,21.1880
2358.50,21.2171
2359.00,21.2697
2359.50,21.3350
2360.00,21.3947
2360.50,21.4324
2361.00,21.4414
2361.50,21.4277
2362.00,21.4038
2362.50,21.3760
2363.00,21.3360
2363.50,21.2665
2364.00,21.1597
2364.50,21.0301
2365.00,20.9088
2365.50,20.8242
2366.00,20.7865
2366.50,20.7877
2367.00,20.8135
2367.50,20.8535
2368.00,20.9020
2368.50,20.9512
2369.00,20.9885
2369.50,21.0007
2370.00,20.9837
2370.50,20.9449
2371.00,20.8978
2371.50,20.8527
2372.00,20.8123
2372.50,20.7733
2373.00,20.7342
2373.50,20.7017
2374.00,20.6889
2374.50,20.7050
2375.00,20.7450
2375.50,20.7905
2376.00,20.8202
2376.50,20.8238
2377.00,20.8086
2377.50,20.7975
2378.00,20.8163
2378.50,20.8750
2379.00,20.9585
2379.50,21.0367
2380.00,21.0856
2380.50,21.1018
2381.00,21.0970
2381.50,21.0801
2382.00,21.0483
2382.50,20.9949
2383.00,20.9231
2383.50,20.8488
2384.00,20.7890
2384.50,20.7496
2385.00,20.7245
2385.50,20.7038
2386.00,20.6821
2386.50,20.6619
2387.00,20.6519
2387.50,20.6639
2388.00,20.7050
2388.50,20.7695
2389.00,20.8370
2389.50,20.8820
2390.00,20.8879
2390.50,20.8553
2391.00,20.8019
2391.50,20.7545
2392.00,20.7373
2392.50,20.7579
2393.00,20.7999
2393.50,20.8284
2394.00,20.8093
2394.50,20.7307
2395.00,20.6109
2395.50,20.4840
2396.00,20.3763
2396.50,20.2950
2397.00,20.2348
2397.50,20.1915
2398.00,20.1668
2398.50,20.1633
2399.00,20.1784
2399.50,20.2034
2400.00,20.2295
2400.50,20.2583
2401.00,20.3033
2401.50,20.3793
2402.00,20.4829
2402.50,20.5849
2403.00,20.6460
2403.50,20.6446
2404.00,20.5937
2404.50,20.5296
2405.00,20.4841
2405.50,20.4656
2406.00,20.4631
2406.50,20.4645
2407.00,20.4679
2407.50,20.4785
2408.00,20.5017
2408.50,20.5397
2409.00,20.5923
2409.50,20.6555
2410.00,20.7192
2410.50,20.7698
2411.00,20.7991
2411.50,20.8144
2412.00,20.8338
2412.50,20.8676
2413.00,20.9034
2413.50,20.9130
2414.00,20.8754
2414.50,20.7940
2415.00,20.6924
2415.50,20.5973
2416.00,20.5244
2416.50,20.4754
2417.00,20.4415
2417.50,20.4095
2418.00,20.3683
2418.50,20.3145
2419.00,20.2537
2419.50,20.1941
2420.00,20.1396
2420.50,20.0860
2421.00,20.0262
2421.50,19.9571
2422.00,19.8850
2422.50,19.8242
2423.00,19.7888
2423.50,19.7831
2424.00,19.8023
2424.50,19.8393
2425.00,19.8914
2425.50,19.9542
2426.00,20.0147
2426.50,20.0539
2427.00,20.0596
2427.50,20.0369
2428.00,20.0076
2428.50,20.0016
2429.00,20.0425
2429.50,20.1318
2430.00,20.2453
2430.50,20.3483
2431.00,20.4189
2431.50,20.4589
2432.00,20.4838
2432.50,20.5061
2433.00,20.5264
2433.50,20.5351
2434.00,20.5215
2434.50,20.4814
2435.00,20.4229
2435.50,20.3649
2436.00,20.3308
2436.50,20.3360
2437.00,20.3776
2437.50,20.4336
2438.00,20.4750
2438.50,20.4828
2439.00,20.4580
2439.50,20.4204
2440.00,20.3988
2440.50,20.4164
2441.00,20.4799
2441.50,20.5768
2442.00,20.6857
2442.50,20.7890
2443.00,20.8770
2443.50,20.9416
2444.00,20.9708
2444.50,20.9547
2445.00,20.8973
2445.50,20.8194
2446.00,20.7466
2446.50,20.6930
2447.00,20.6568
2447.50,20.6300
2448.00,20.6115
2448.50,20.6099
2449.00,20.6343
2449.50,20.6829
2450.00,20.7401
2450.50,20.7829
2451.00,20.7940
2451.50,20.7711
2452.00,20.7266
2452.50,20.6780
2453.00,20.6358
2453.50,20.5980
2454.00,20.5544
2454.50,20.4968
2455.00,20.4311
2455.50,20.3769
2456.00,20.3516
2456.50,20.3522
2457.00,20.3580
2457.50,20.3539
2458.00,20.3474
2458.50,20.3579
2459.00,20.3929
2459.50,20.4419
2460.00,20.4933
2460.50,20.5509
2461.00,20.6304
2461.50,20.7384
2462.00,20.8573
2462.50,20.9530
2463.00,21.0019
2463.50,21.0099
2464.00,21.0056
2464.50,21.0125
2465.00,21.0304
2465.50,21.0410
2466.00,21.0265
2466.50,20.9844
2467.00,20.9272
2467.50,20.8725
2468.00,20.8307
2468.50,20.8007
2469.00,20.7778
2469.50,20.7651
2470.00,20.7736
2470.50,20.8061
2471.00,20.8453
2471.50,20.8622
2472.00,20.8409
2472.50,20.7928
2473.00,20.7476
2473.50,20.7306
2474.00,20.7465
2474.50,20.7807
2475.00,20.8114
2475.50,20.8230
2476.00,20.8126
2476.50,20.7910
2477.00,20.7756
2477.50,20.7810
2478.00,20.8123
2478.50,20.8644
2479.00,20.9251
2479.50,20.9811
2480.00,21.0236
2480.50,21.0521
2481.00,21.0702
2481.50,21.0799
2482.00,21.0770
2482.50,21.0555
2483.00,21.0149
2483.50,20.9637
2484.00,20.9151
2484.50,20.8781
2485.00,20.8555
2485.50,20.8482
2486.00,20.8589
2486.50,20.8881
2487.00,20.9287
2487.50,20.9679
2488.00,20.9939
2488.50,21.0004
2489.00,20.9855
2489.50,20.9525
2490.00,20.9102
2490.50,20.8714
2491.00,20.8462
2491.50,20.8375
2492.00,20.8422
2492.50,20.8552
2493.00,20.8703
2493.50,20.8763
2494.00,20.8588
2494.50,20.8122
2495.00,20.7539
2495.50,20.7191
2496.00,20.7346
2496.50,20.7975
2497.00,20.8797
2497.50,20.9518
2498.00,21.0015
2498.50,21.0338
2499.00,21.0566
2499.50,21.0712
2500.00,21.0745
2500.50,21.0681
2501.00,21.0597
2501.50,21.0562
2502.00,21.0560
2502.50,21.0504
2503.00,21.0318
2503.50,21.0010
2504.00,20.9692
2504.50,20.9533
2505.00,20.9660
2505.50,21.0060
2506.00,21.0569
2506.50,21.0981
2507.00,21.1195
2507.50,21.1253
2508.00,21.1278
2508.50,21.1373
2509.00,21.1560
2509.50,21.1791
2510.00,21.1997
2510.50,21.2131
2511.00,21.2177
2511.50,21.2135
2512.00,21.2023
2512.50,21.1898
2513.00,21.1847
2513.50,21.1909
2514.00,21.2019
2514.50,21.2036
2515.00,21.1850
2515.50,21.1482
2516.00,21.1081
2516.50,21.0845
2517.00,21.0907
2517.50,21.1252
2518.00,21.1714
2518.50,21.2079
2519.00,21.2208
2519.50,21.2107
2520.00,21.1890
2520.50,21.1701
2521.00,21.1655
2521.50,21.1811
2522.00,21.2166
2522.50,21.2643
2523.00,21.3109
2523.50,21.3407
2524.00,21.3427
2524.50,21.3151
2525.00,21.2645
2525.50,21.2005
2526.00,21.1286
2526.50,21.0496
2527.00,20.9635
2527.50,20.8764
2528.00,20.8015
2528.50,20.7523
2529.00,20.7314
2529.50,20.7258
2530.00,20.7158
2530.50,20.6878
2531.00,20.6427
2531.50,20.5916
2532.00,20.5492
2532.50,20.5279
2533.00,20.5328
2533.50,20.5560
2534.00,20.5801
2534.50,20.5895
2535.00,20.5817
2535.50,20.5662
2536.00,20.5543
2536.50,20.5507
2537.00,20.5531
2537.50,20.5570
2538.00,20.5593
2538.50,20.5594
2539.00,20.5573
2539.50,20.5525
2540.00,20.5479
2540.50,20.5517
2541.00,20.5742
2541.50,20.6178
2542.00,20.6718
2542.50,20.7152
2543.00,20.7281
2543.50,20.7016
2544.00,20.6413
2544.50,20.5653
2545.00,20.4981
2545.50,20.4620
2546.00,20.4658
2546.50,20.4981
2547.00,20.5341
2547.50,20.5538
2548.00,20.5563
2548.50,20.5556
2549.00,20.5639
2549.50,20.5813
2550.00,20.6013
2550.50,20.6190
2551.00,20.6324
2551.50,20.6361
2552.00,20.6232
2552.50,20.5918
2553.00,20.5498
2553.50,20.5105
2554.00,20.4850
2554.50,20.4778
2555.00,20.4872
2555.50,20.5076
2556.00,20.5335
2556.50,20.5615
2557.00,20.5913
2557.50,20.6250
2558.00,20.6645
2558.50,20.7088
2559.00,20.7525
2559.50,20.7854
2560.00,20.7968
2560.50,20.7831
2561.00,20.7543
2561.50,20.7316
2562.00,20.7371
2562.50,20.7833
2563.00,20.8688
2563.50,20.9792
2564.00,21.0931
2564.50,21.1874
2565.00,21.2443
2565.50,21.2551
2566.00,21.2235
2566.50,21.1640
2567.00,21.0960
2567.50,21.0361
2568.00,20.9927
2568.50,20.9647
2569.00,20.9468
2569.50,20.9372
2570.00,20.9410
2570.50,20.9655
2571.00,21.0123
2571.50,21.0722
2572.00,21.1294
2572.50,21.1690
2573.00,21.1840
2573.50,21.1771
2574.00,21.1570
2574.50,21.1332
2575.00,21.1129
2575.50,21.1014
2576.00,21.1019
2576.50,21.1133
2577.00,21.1306
2577.50,21.1465
2578.00,21.1551
2578.50,21.1524
2579.00,21.1384
2579.50,21.1186
2580.00,21.1045
2580.50,21.1086
2581.00,21.1364
2581.50,21.1817
2582.00,21.2305
2582.50,21.2706
2583.00,21.2977
2583.50,21.3128
2584.00,21.3164
2584.50,21.3062
2585.00,21.2800
2585.50,21.2398
2586.00,21.1935
2586.50,21.1527
2587.00,21.1289
2587.50,21.1290
2588.00,21.1490
2588.50,21.1741
2589.00,21.1878
2589.50,21.1834
2590.00,21.1715
2590.50,21.1735
2591.00,21.2054
2591.50,21.2627
2592.00,21.3198
2592.50,21.3440
2593.00,21.3161
2593.50,21.2397
2594.00,21.1399
2594.50,21.0508
2595.00,21.0017
2595.50,21.0054
2596.00,21.0531
2596.50,21.1188
2597.00,21.1730
2597.50,21.1980
2598.00,21.1951
2598.50,21.1795
2599.00,21.1668
2599.50,21.1615
2600.00,21.1546
2600.50,21.1339
2601.00,21.0943
2601.50,21.0440
2602.00,20.9993
2602.50,20.9769
2603.00,20.9849
2603.50,21.0148
2604.00,21.0420
2604.50,21.0374
2605.00,20.9863
2605.50,20.9003
2606.00,20.8149
2606.50,20.7683
2607.00,20.7795
2607.50,20.8390
2608.00,20.9179
2608.50,20.9827
2609.00,21.0078
2609.50,20.9842
2610.00,20.9255
2610.50,20.8606
2611.00,20.8141
2611.50,20.7878
2612.00,20.7629
2612.50,20.7209
2613.00,20.6636
2613.50,20.6133
2614.00,20.5963
2614.50,20.6248
2615.00,20.6907
2615.50,20.7717
2616.00,20.8418
2616.50,20.8827
2617.00,20.8896
2617.50,20.8696
2618.00,20.8338
2618.50,20.7884
2619.00,20.7346
2619.50,20.6747
2620.00,20.6178
2620.50,20.5772
2621.00,20.5602
2621.50,20.5629
2622.00,20.5731
2622.50,20.5787
2623.00,20.5724
2623.50,20.5538
2624.00,20.5269
2624.50,20.4988
2625.00,20.4770
2625.50,20.4674
2626.00,20.4720
2626.50,20.4900
2627.00,20.5217
2627.50,20.5701
2628.00,20.6356
2628.50,20.7091
2629.00,20.7736
2629.50,20.8130
2630.00,20.8195
2630.50,20.7941
2631.00,20.7443
2631.50,20.6814
2632.00,20.6183
2632.50,20.5659
2633.00,20.5322
2633.50,20.5238
2634.00,20.5464
2634.50,20.5994
2635.00,20.6719
2635.50,20.7449
2636.00,20.8016
2636.50,20.8342
2637.00,20.8451
2637.50,20.8412
2638.00,20.8313
2638.50,20.8232
2639.00,20.8217
2639.50,20.8263
2640.00,20.8328
2640.50,20.8372
2641.00,20.8378
2641.50,20.8338
2642.00,20.8228
2642.50,20.7995
2643.00,20.7578
2643.50,20.6986
2644.00,20.6347
2644.50,20.5867
2645.00,20.5676
2645.50,20.5699
2646.00,20.5686
2646.50,20.5396
2647.00,20.4785
2647.50,20.4003
2648.00,20.3247
2648.50,20.2606
2649.00,20.2069
2649.50,20.1604
2650.00,20.1223
2650.50,20.0967
2651.00,20.0849
2651.50,20.0835
2652.00,20.0875
2652.50,20.0959
2653.00,20.1130
2653.50,20.1415
2654.00,20.1774
2654.50,20.2143
2655.00,20.2525
2655.50,20.3004
2656.00,20.3652
2656.50,20.4410
2657.00,20.5086
2657.50,20.5464
2658.00,20.5440
2658.50,20.5097
2659.00,20.4660
2659.50,20.4358
2660.00,20.4276
2660.50,20.4327
2661.00,20.4374
2661.50,20.4383
2662.00,20.4452
2662.50,20.4695
2663.00,20.5134
2663.50,20.5693
2664.00,20.6253
2664.50,20.6691
2665.00,20.6888
2665.50,20.6788
2666.00,20.6469
2666.50,20.6108
2667.00,20.5866
2667.50,20.5788
2668.00,20.5818
2668.50,20.5873
2669.00,20.5871
2669.50,20.5732
2670.00,20.5423
2670.50,20.5027
2671.00,20.4711
2671.50,20.4586
2672.00,20.4590
2672.50,20.4554
2673.00,20.4368
2673.50,20.4063
2674.00,20.3744
2674.50,20.3481
2675.00,20.3280
2675.50,20.3099
2676.00,20.2877
2676.50,20.2560
2677.00,20.2151
2677.50,20.1756
2678.00,20.1562
2678.50,20.1735
2679.00,20.2320
2679.50,20.3191
2680.00,20.4098
2680.50,20.4772
2681.00,20.5025
2681.50,20.4839
2682.00,20.4366
2682.50,20.3857
2683.00,20.3512
2683.50,20.3371
2684.00,20.3325
2684.50,20.3239
2685.00,20.3078
2685.50,20.2950
2686.00,20.3037
2686.50,20.3470
2687.00,20.4215
2687.50,20.5067
2688.00,20.5765
2688.50,20.6151
2689.00,20.6246
2689.50,20.6166
2690.00,20.6003
2690.50,20.5803
2691.00,20.5649
2691.50,20.5694
2692.00,20.6059
2692.50,20.6699
2693.00,20.7389
2693.50,20.7862
2694.00,20.7959
2694.50,20.7699
2695.00,20.7248
2695.50,20.6819
2696.00,20.6574
2696.50,20.6556
2697.00,20.6701
2697.50,20.6889
2698.00,20.7014
2698.50,20.7010
2699.00,20.6863
2699.50,20.6614
2700.00,20.6335
2700.50,20.6079
2701.00,20.5824
2701.50,20.5476
2702.00,20.4958
2702.50,20.4308
2703.00,20.3695
2703.50,20.3312
2704.00,20.3218
2704.50,20.3300
2705.00,20.3390
2705.50,20.3412
2706.00,20.3420
2706.50,20.3503
2707.00,20.3655
2707.50,20.3742
2708.00,20.3589
2708.50,20.3122
2709.00,20.2454
2709.50,20.1823
2710.00,20.1440
2710.50,20.1348
2711.00,20.1418
2711.50,20.1478
2712.00,20.1477
2712.50,20.1518
2713.00,20.1740
2713.50,20.2170
2714.00,20.2683
2714.50,20.3099
2715.00,20.3312
2715.50,20.3333
2716.00,20.3261
2716.50,20.3187
2717.00,20.3117
2717.50,20.2985
2718.00,20.2752
2718.50,20.2488
2719.00,20.2299
2719.50,20.2191
2720.00,20.2022
2720.50,20.1642
2721.00,20.1035
2721.50,20.0338
2722.00,19.9733
2722.50,19.9358
2723.00,19.9262
2723.50,19.9404
2724.00,19.9676
2724.50,19.9961
2725.00,20.0203
2725.50,20.0418
2726.00,20.0660
2726.50,20.0960
2727.00,20.1307
2727.50,20.1651
2728.00,20.1931
2728.50,20.2098
2729.00,20.2120
2729.50,20.1981
2730.00,20.1690
2730.50,20.1287
2731.00,20.0839
2731.50,20.0399
2732.00,19.9985
2732.50,19.9603
2733.00,19.9284
2733.50,19.9108
2734.00,19.9159
2734.50,19.9480
2735.00,20.0014
2735.50,20.0610
2736.00,20.1097
2736.50,20.1392
2737.00,20.1534
2737.50,20.1593
2738.00,20.1563
2738.50,20.1366
2739.00,20.0960
2739.50,20.0407
2740.00,19.9844
2740.50,19.9374
2741.00,19.8998
2741.50,19.8639
2742.00,19.8238
2742.50,19.7833
2743.00,19.7521
2743.50,19.7330
2744.00,19.7143
2744.50,19.6746
2745.00,19.5997
2745.50,19.4947
2746.00,19.3857
2746.50,19.3068
2747.00,19.2822
2747.50,19.3126
2748.00,19.3774
2748.50,19.4460
2749.00,19.4919
2749.50,19.5020
2750.00,19.4806
2750.50,19.4465
2751.00,19.4241
2751.50,19.4307
2752.00,19.4675
2752.50,19.5191
2753.00,19.5629
2753.50,19.5834
2754.00,19.5797
2754.50,19.5635
2755.00,19.5486
2755.50,19.5414
2756.00,19.5377
2756.50,19.5260
2757.00,19.4970
2757.50,19.4518
2758.00,19.4040
2758.50,19.3738
2759.00,19.3765
2759.50,19.4143
2760.00,19.4764
2760.50,19.5455
2761.00,19.6064
2761.50,19.6537
2762.00,19.6924
2762.50,19.7319
2763.00,19.7798
2763.50,19.8395
2764.00,19.9091
2764.50,19.9784
2765.00,20.0254
2765.50,20.0224
2766.00,19.9515
2766.50,19.8183
2767.00,19.6540
2767.50,19.5043
2768.00,19.4122
2768.50,19.3979
2769.00,19.4459
2769.50,19.5135
2770.00,19.5614
2770.50,19.5826
2771.00,19.6024
2771.50,19.6485
2772.00,19.7210
2772.50,19.7931
2773.00,19.8372
2773.50,19.8487
2774.00,19.8471
2774.50,19.8571
2775.00,19.8891
2775.50,19.9336
2776.00,19.9717
2776.50,19.9920
2777.00,19.9993
2777.50,20.0100
2778.00,20.0397
2778.50,20.0917
2779.00,20.1539
2779.50,20.2057
2780.00,20.2293
2780.50,20.2156
2781.00,20.1651
2781.50,20.0865
2782.00,19.9959
2782.50,19.9122
2783.00,19.8478
2783.50,19.8034
2784.00,19.7746
2784.50,19.7642
2785.00,19.7836
2785.50,19.8394
2786.00,19.9190
2786.50,19.9945
2787.00,20.0437
2787.50,20.0680
2788.00,20.0877
2788.50,20.1201
2789.00,20.1652
2789.50,20.2100
2790.00,20.2413
2790.50,20.2519
2791.00,20.2378
2791.50,20.1987
2792.00,20.1411
2792.50,20.0768
2793.00,20.0181
2793.50,19.9781
2794.00,19.9746
2794.50,20.0264
2795.00,20.1372
2795.50,20.2847
2796.00,20.4289
2796.50,20.5346
2797.00,20.5874
2797.50,20.5924
2798.00,20.5614
2798.50,20.5060
2799.00,20.4399
2799.50,20.3818
2800.00,20.3521
2800.50,20.3630
2801.00,20.4127
2801.50,20.4865
2802.00,20.5664
2802.50,20.6386
2803.00,20.6984
2803.50,20.7485
2804.00,20.7956
2804.50,20.8417
2805.00,20.8779
2805.50,20.8881
2806.00,20.8638
2806.50,20.8146
2807.00,20.7628
2807.50,20.7267
2808.00,20.7099
2808.50,20.7058
2809.00,20.7102
2809.50,20.7254
2810.00,20.7547
2810.50,20.7945
2811.00,20.8377
2811.50,20.8794
2812.00,20.9167
2812.50,20.9444
2813.00,20.9546
2813.50,20.9440
2814.00,20.9208
2814.50,20.9009
2815.00,20.8989
2815.50,20.9211
2816.00,20.9660
2816.50,21.0257
2817.00,21.0869
2817.50,21.1322
2818.00,21.1457
2818.50,21.1201
2819.00,21.0622
2819.50,20.9916
2820.00,20.9336
2820.50,20.9071
2821.00,20.9154
2821.50,20.9455
2822.00,20.9792
2822.50,21.0036
2823.00,21.0146
2823.50,21.0133
2824.00,21.0015
2824.50,20.9783
2825.00,20.9410
2825.50,20.8898
2826.00,20.8332
2826.50,20.7871
2827.00,20.7662
2827.50,20.7726
2828.00,20.7945
2828.50,20.8162
2829.00,20.8305
2829.50,20.8416
2830.00,20.8560
2830.50,20.8731
2831.00,20.8840
2831.50,20.8803
2832.00,20.8615
2832.50,20.8366
2833.00,20.8156
2833.50,20.8012
2834.00,20.7887
2834.50,20.7726
2835.00,20.7496
2835.50,20.7179
2836.00,20.6747
2836.50,20.6202
2837.00,20.5637
2837.50,20.5232
2838.00,20.5179
2838.50,20.5561
2839.00,20.6266
2839.50,20.7016
2840.00,20.7504
2840.50,20.7577
2841.00,20.7312
2841.50,20.6944
2842.00,20.6733
2842.50,20.6863
2843.00,20.7396
2843.50,20.8233
2844.00,20.9121
2844.50,20.9740
2845.00,20.9861
2845.50,20.9459
2846.00,20.8693
2846.50,20.7797
2847.00,20.6965
2847.50,20.6311
2848.00,20.5890
2848.50,20.5720
2849.00,20.5760
2849.50,20.5906
2850.00,20.6038
2850.50,20.6113
2851.00,20.6195
2851.50,20.6370
2852.00,20.6631
2852.50,20.6855
2853.00,20.6927
2853.50,20.6868
2854.00,20.6803
2854.50,20.6794
2855.00,20.6724
2855.50,20.6388
2856.00,20.5710
2856.50,20.4840
2857.00,20.4042
2857.50,20.3482
2858.00,20.3126
2858.50,20.2821
2859.00,20.2456
2859.50,20.2028
2860.00,20.1575
2860.50,20.1110
2861.00,20.0633
2861.50,20.0197
2862.00,19.9919
2862.50,19.9899
2863.00,20.0151
2863.50,20.0607
2864.00,20.1157
2864.50,20.1696
2865.00,20.2144
2865.50,20.2473
2866.00,20.2680
2866.50,20.2740
2867.00,20.2567
2867.50,20.2080
2868.00,20.1293
2868.50,20.0363
2869.00,19.9522
2869.50,19.8951
2870.00,19.8713
2870.50,19.8765
2871.00,19.9010
2871.50,19.9314
2872.00,19.9500
2872.50,19.9434
2873.00,19.9150
2873.50,19.8886
2874.00,19.8921
2874.50,19.9375
2875.00,20.0151
2875.50,20.1062
2876.00,20.1987
2876.50,20.2890
2877.00,20.3764
2877.50,20.4591
2878.00,20.5366
2878.50,20.6132
2879.00,20.6957
2879.50,20.7865
2880.00,20.8806
2880.50,20.9708
2881.00,21.0564
2881.50,21.1440
2882.00,21.2396
2882.50,21.3376
2883.00,21.4209
2883.50,21.4742
2884.00,21.4990
2884.50,21.5170
2885.00,21.5561
2885.50,21.6292
2886.00,21.7206
2886.50,21.7942
2887.00,21.8207
2887.50,21.8007
2888.00,21.7611
2888.50,21.7308
2889.00,21.7182
2889.50,21.7132
2890.00,21.7053
2890.50,21.6960
2891.00,21.6940
2891.50,21.7014
2892.00,21.7083
2892.50,21.6997
2893.00,21.6668
2893.50,21.6123
2894.00,21.5494
2894.50,21.4969
2895.00,21.4733
2895.50,21.4896
2896.00,21.5445
2896.50,21.6240
2897.00,21.7048
2897.50,21.7600
2898.00,21.7698
2898.50,21.7332
2899.00,21.6720
2899.50,21.6180
2900.00,21.5929
2900.50,21.6000
2901.00,21.6316
2901.50,21.6802
2902.00,21.7376
2902.50,21.7878
2903.00,21.8093
2903.50,21.7908
2904.00,21.7439
2904.50,21.6997
