0.00,0.0000
0.50,0.6612
1.00,1.5115
1.50,2.4699
2.00,3.4334
2.50,4.3132
3.00,5.0561
3.50,5.6475
4.00,6.1020
4.50,6.4511
5.00,6.7308
5.50,6.9678
6.00,7.1747
6.50,7.3553
7.00,7.5152
7.50,7.6639
8.00,7.8077
8.50,7.9467
9.00,8.0793
9.50,8.2042
10.00,8.3149
10.50,8.3968
11.00,8.4374
11.50,8.4416
12.00,8.4325
12.50,8.4387
13.00,8.4803
13.50,8.5641
14.00,8.6831
14.50,8.8174
15.00,8.9415
15.50,9.0379
16.00,9.1068
16.50,9.1623
17.00,9.2210
17.50,9.2941
18.00,9.3848
18.50,9.4881
19.00,9.5945
19.50,9.6966
20.00,9.7920
20.50,9.8804
21.00,9.9554
21.50,10.0034
22.00,10.0131
22.50,9.9897
23.00,9.9583
23.50,9.9487
24.00,9.9745
24.50,10.0253
25.00,10.0772
25.50,10.1118
26.00,10.1288
26.50,10.1416
27.00,10.1632
27.50,10.1963
28.00,10.2375
28.50,10.2895
29.00,10.3663
29.50,10.4821
30.00,10.6348
30.50,10.7975
31.00,10.9296
31.50,10.9989
32.00,11.0009
32.50,10.9611
33.00,10.9192
33.50,10.9077
34.00,10.9389
34.50,11.0045
35.00,11.0837
35.50,11.1525
36.00,11.1963
36.50,11.2198
37.00,11.2450
37.50,11.2935
38.00,11.3662
38.50,11.4430
39.00,11.5022
39.50,11.5390
40.00,11.5659
40.50,11.5997
41.00,11.6506
41.50,11.7157
42.00,11.7789
42.50,11.8161
43.00,11.8101
43.50,11.7654
44.00,11.7105
44.50,11.6810
45.00,11.6963
45.50,11.7488
46.00,11.8108
46.50,11.8526
47.00,11.8572
47.50,11.8288
48.00,11.7932
48.50,11.7881
49.00,11.8423
49.50,11.9546
50.00,12.0913
50.50,12.2087
51.00,12.2810
51.50,12.3118
52.00,12.3233
52.50,12.3358
53.00,12.3561
53.50,12.3788
54.00,12.3960
54.50,12.4055
55.00,12.4135
55.50,12.4286
56.00,12.4557
56.50,12.4942
57.00,12.5405
57.50,12.5910
58.00,12.6419
58.50,12.6883
59.00,12.7261
59.50,12.7560
60.00,12.7850
60.50,12.8242
61.00,12.8816
61.50,12.9551
62.00,13.0280
62.50,13.0756
63.00,13.0794
63.50,13.0413
64.00,12.9853
64.50,12.9450
65.00,12.9473
65.50,12.9999
66.00,13.0916
66.50,13.2017
67.00,13.3099
67.50,13.4017
68.00,13.4690
68.50,13.5094
69.00,13.5267
69.50,13.5318
70.00,13.5412
70.50,13.5698
71.00,13.6237
71.50,13.6965
72.00,13.7726
72.50,13.8348
73.00,13.8725
73.50,13.8845
74.00,13.8764
74.50,13.8565
75.00,13.8345
75.50,13.8201
76.00,13.8202
76.50,13.8348
77.00,13.8566
77.50,13.8766
78.00,13.8898
78.50,13.8983
79.00,13.9074
79.50,13.9195
80.00,13.9317
80.50,13.9382
81.00,13.9359
81.50,13.9286
82.00,13.9228
82.50,13.9215
83.00,13.9250
83.50,13.9358
84.00,13.9618
84.50,14.0099
85.00,14.0782
85.50,14.1549
86.00,14.2228
86.50,14.2665
87.00,14.2791
87.50,14.2671
88.00,14.2487
88.50,14.2426
89.00,14.2585
89.50,14.2953
90.00,14.3476
90.50,14.4085
91.00,14.4663
91.50,14.5039
92.00,14.5074
92.50,14.4786
93.00,14.4369
93.50,14.4066
94.00,14.3995
94.50,14.4092
95.00,14.4236
95.50,14.4394
96.00,14.4638
96.50,14.5018
97.00,14.5477
97.50,14.5859
98.00,14.6018
98.50,14.5913
99.00,14.5657
99.50,14.5501
100.00,14.5706
100.50,14.6371
101.00,14.7336
101.50,14.8282
102.00,14.8972
102.50,14.9395
103.00,14.9708
103.50,15.0062
104.00,15.0491
104.50,15.0939
105.00,15.1348
105.50,15.1701
106.00,15.2005
106.50,15.2258
107.00,15.2448
107.50,15.2580
108.00,15.2704
108.50,15.2924
109.00,15.3369
109.50,15.4121
110.00,15.5131
110.50,15.6189
111.00,15.7002
111.50,15.7360
112.00,15.7291
112.50,15.7032
113.00,15.6837
113.50,15.6780
114.00,15.6748
114.50,15.6603
115.00,15.6340
115.50,15.6081
116.00,15.5968
116.50,15.6061
117.00,15.6321
117.50,15.6649
118.00,15.6959
118.50,15.7231
119.00,15.7494
119.50,15.7762
120.00,15.8005
120.50,15.8197
121.00,15.8382
121.50,15.8683
122.00,15.9222
122.50,16.0049
123.00,16.1078
123.50,16.2100
124.00,16.2870
124.50,16.3228
125.00,16.3184
125.50,16.2889
126.00,16.2530
126.50,16.2269
127.00,16.2231
127.50,16.2488
128.00,16.3005
128.50,16.3640
129.00,16.4229
129.50,16.4690
130.00,16.5053
130.50,16.5406
131.00,16.5789
131.50,16.6143
132.00,16.6329
132.50,16.6248
133.00,16.5934
133.50,16.5552
134.00,16.5295
134.50,16.5295
135.00,16.5575
135.50,16.6048
136.00,16.6540
136.50,16.6898
137.00,16.7128
137.50,16.7400
138.00,16.7884
138.50,16.8552
139.00,16.9194
139.50,16.9611
140.00,16.9785
140.50,16.9859
141.00,16.9971
141.50,17.0147
142.00,17.0350
142.50,17.0586
143.00,17.0915
143.50,17.1390
144.00,17.2012
144.50,17.2722
145.00,17.3395
145.50,17.3836
146.00,17.3850
146.50,17.3361
147.00,17.2486
147.50,17.1503
148.00,17.0748
148.50,17.0471
149.00,17.0706
149.50,17.1268
150.00,17.1896
150.50,17.2424
151.00,17.2797
151.50,17.2979
152.00,17.2911
152.50,17.2618
153.00,17.2283
153.50,17.2149
154.00,17.2331
154.50,17.2764
155.00,17.3325
155.50,17.3930
156.00,17.4512
156.50,17.4971
157.00,17.5228
157.50,17.5308
158.00,17.5344
158.50,17.5464
159.00,17.5684
159.50,17.5886
160.00,17.5889
160.50,17.5581
161.00,17.5027
161.50,17.4475
162.00,17.4219
162.50,17.4423
163.00,17.5024
163.50,17.5799
164.00,17.6505
164.50,17.7000
165.00,17.7267
165.50,17.7358
166.00,17.7331
166.50,17.7230
167.00,17.7081
167.50,17.6932
168.00,17.6845
168.50,17.6884
169.00,17.7066
169.50,17.7349
170.00,17.7654
170.50,17.7940
171.00,17.8256
171.50,17.8720
172.00,17.9418
172.50,18.0286
173.00,18.1098
173.50,18.1592
174.00,18.1647
174.50,18.1361
175.00,18.0963
175.50,18.0641
176.00,18.0446
176.50,18.0314
177.00,18.0148
177.50,17.9902
178.00,17.9618
178.50,17.9400
179.00,17.9370
179.50,17.9630
180.00,18.0254
180.50,18.1218
181.00,18.2294
181.50,18.3094
182.00,18.3342
182.50,18.3130
183.00,18.2855
183.50,18.2884
184.00,18.3298
184.50,18.3951
185.00,18.4672
185.50,18.5369
186.00,18.5974
186.50,18.6391
187.00,18.6535
187.50,18.6396
188.00,18.6022
188.50,18.5475
189.00,18.4834
189.50,18.4247
190.00,18.3923
190.50,18.4016
191.00,18.4521
191.50,18.5283
192.00,18.6108
192.50,18.6871
193.00,18.7520
193.50,18.8017
194.00,18.8305
194.50,18.8332
195.00,18.8097
195.50,18.7676
196.00,18.7210
196.50,18.6873
197.00,18.6859
197.50,18.7304
198.00,18.8194
198.50,18.9285
199.00,19.0193
199.50,19.0623
200.00,19.0557
200.50,19.0225
201.00,18.9889
201.50,18.9638
202.00,18.9393
202.50,18.9060
203.00,18.8666
203.50,18.8363
204.00,18.8316
204.50,18.8584
205.00,18.9098
205.50,18.9714
206.00,19.0297
206.50,19.0785
207.00,19.1187
207.50,19.1528
208.00,19.1783
208.50,19.1886
209.00,19.1793
209.50,19.1531
210.00,19.1198
210.50,19.0914
211.00,19.0756
211.50,19.0707
212.00,19.0689
212.50,19.0655
213.00,19.0653
213.50,19.0782
214.00,19.1074
214.50,19.1426
215.00,19.1674
215.50,19.1701
216.00,19.1489
216.50,19.1099
217.00,19.0676
217.50,19.0446
218.00,19.0624
218.50,19.1272
219.00,19.2245
219.50,19.3290
220.00,19.4204
220.50,19.4907
221.00,19.5429
221.50,19.5874
222.00,19.6359
222.50,19.6914
223.00,19.7393
223.50,19.7527
224.00,19.7139
224.50,19.6345
225.00,19.5530
225.50,19.5098
226.00,19.5208
226.50,19.5714
227.00,19.6332
227.50,19.6830
228.00,19.7147
228.50,19.7369
229.00,19.7601
229.50,19.7828
230.00,19.7899
230.50,19.7679
231.00,19.7215
231.50,19.6737
232.00,19.6487
232.50,19.6580
233.00,19.7000
233.50,19.7657
234.00,19.8413
234.50,19.9101
235.00,19.9607
235.50,19.9952
236.00,20.0254
236.50,20.0597
237.00,20.0954
237.50,20.1229
238.00,20.1347
238.50,20.1299
239.00,20.1116
239.50,20.0866
240.00,20.0636
240.50,20.0497
241.00,20.0451
241.50,20.0434
242.00,20.0378
242.50,20.0242
243.00,20.0022
243.50,19.9729
244.00,19.9380
244.50,19.8964
245.00,19.8430
245.50,19.7763
246.00,19.7048
246.50,19.6448
247.00,19.6068
247.50,19.5886
248.00,19.5815
248.50,19.5811
249.00,19.5894
249.50,19.6079
250.00,19.6311
250.50,19.6498
251.00,19.6624
251.50,19.6781
252.00,19.7067
252.50,19.7454
253.00,19.7814
253.50,19.8067
254.00,19.8283
254.50,19.8622
255.00,19.9198
255.50,19.9976
256.00,20.0754
256.50,20.1228
257.00,20.1161
257.50,20.0546
258.00,19.9638
258.50,19.8775
259.00,19.8157
259.50,19.7771
260.00,19.7500
260.50,19.7286
261.00,19.7189
261.50,19.7321
262.00,19.7707
262.50,19.8185
263.00,19.8451
263.50,19.8249
264.00,19.7555
264.50,19.6595
265.00,19.5711
265.50,19.5200
266.00,19.5203
266.50,19.5670
267.00,19.6405
267.50,19.7206
268.00,19.7976
268.50,19.8736
269.00,19.9504
269.50,20.0201
270.00,20.0703
270.50,20.0995
271.00,20.1229
271.50,20.1594
272.00,20.2121
272.50,20.2609
273.00,20.2780
273.50,20.2516
274.00,20.1942
274.50,20.1317
275.00,20.0853
275.50,20.0634
276.00,20.0621
276.50,20.0684
277.00,20.0659
277.50,20.0446
278.00,20.0089
278.50,19.9772
279.00,19.9708
279.50,20.0022
280.00,20.0689
280.50,20.1535
281.00,20.2315
281.50,20.2806
282.00,20.2921
282.50,20.2740
283.00,20.2439
283.50,20.2141
284.00,20.1829
284.50,20.1408
285.00,20.0862
285.50,20.0342
286.00,20.0108
286.50,20.0352
287.00,20.1052
287.50,20.1974
288.00,20.2839
288.50,20.3518
289.00,20.4075
289.50,20.4629
290.00,20.5190
290.50,20.5644
291.00,20.5879
291.50,20.5900
292.00,20.5805
292.50,20.5671
293.00,20.5471
293.50,20.5130
294.00,20.4626
294.50,20.4029
295.00,20.3440
295.50,20.2934
296.00,20.2537
296.50,20.2246
297.00,20.2048
297.50,20.1950
298.00,20.2004
298.50,20.2295
299.00,20.2874
299.50,20.3695
300.00,20.4582
300.50,20.5279
301.00,20.5574
301.50,20.5423
302.00,20.4966
302.50,20.4419
303.00,20.3923
303.50,20.3520
304.00,20.3206
304.50,20.2994
305.00,20.2897
305.50,20.2883
306.00,20.2877
306.50,20.2809
307.00,20.2670
307.50,20.2511
308.00,20.2394
308.50,20.2334
309.00,20.2275
309.50,20.2143
310.00,20.1911
310.50,20.1652
311.00,20.1515
311.50,20.1633
312.00,20.2025
312.50,20.2555
313.00,20.3020
313.50,20.3290
314.00,20.3369
314.50,20.3351
315.00,20.3326
315.50,20.3347
316.00,20.3465
316.50,20.3767
317.00,20.4326
317.50,20.5128
318.00,20.6034
318.50,20.6813
319.00,20.7255
319.50,20.7283
320.00,20.6970
320.50,20.6454
321.00,20.5852
321.50,20.5249
322.00,20.4735
322.50,20.4408
323.00,20.4350
323.50,20.4611
324.00,20.5201
324.50,20.6086
325.00,20.7175
325.50,20.8332
326.00,20.9396
326.50,21.0196
327.00,21.0585
327.50,21.0508
328.00,21.0039
328.50,20.9342
329.00,20.8601
329.50,20.7971
330.00,20.7581
330.50,20.7515
331.00,20.7771
331.50,20.8240
332.00,20.8756
332.50,20.9179
333.00,20.9454
333.50,20.9602
334.00,20.9660
334.50,20.9646
335.00,20.9559
335.50,20.9412
336.00,20.9239
336.50,20.9071
337.00,20.8885
337.50,20.8588
338.00,20.8057
338.50,20.7229
339.00,20.6157
339.50,20.5002
340.00,20.3979
340.50,20.3327
341.00,20.3266
341.50,20.3895
342.00,20.5114
342.50,20.6639
343.00,20.8163
343.50,20.9469
344.00,21.0427
344.50,21.0928
345.00,21.0911
345.50,21.0453
346.00,20.9809
346.50,20.9315
347.00,20.9228
347.50,20.9617
348.00,21.0360
348.50,21.1240
349.00,21.2033
349.50,21.2575
350.00,21.2790
350.50,21.2694
351.00,21.2350
351.50,21.1810
352.00,21.1102
352.50,21.0291
353.00,20.9537
353.50,20.9048
354.00,20.8916
354.50,20.9000
355.00,20.8998
355.50,20.8666
356.00,20.8002
356.50,20.7229
357.00,20.6632
357.50,20.6398
358.00,20.6565
358.50,20.7077
359.00,20.7838
359.50,20.8723
360.00,20.9539
360.50,21.0066
361.00,21.0211
361.50,21.0121
362.00,21.0057
362.50,21.0101
363.00,21.0015
363.50,20.9459
364.00,20.8357
364.50,20.7038
365.00,20.6019
365.50,20.5673
366.00,20.6038
366.50,20.6842
367.00,20.7670
367.50,20.8172
368.00,20.8242
368.50,20.8031
369.00,20.7824
369.50,20.7831
370.00,20.8077
370.50,20.8445
371.00,20.8811
371.50,20.9134
372.00,20.9446
372.50,20.9766
373.00,21.0072
373.50,21.0331
374.00,21.0543
374.50,21.0712
375.00,21.0780
375.50,21.0613
376.00,21.0096
376.50,20.9233
377.00,20.8189
377.50,20.7236
378.00,20.6655
378.50,20.6635
379.00,20.7219
379.50,20.8308
380.00,20.9709
380.50,21.1171
381.00,21.2432
381.50,21.3278
382.00,21.3636
382.50,21.3591
383.00,21.3307
383.50,21.2901
384.00,21.2388
384.50,21.1733
385.00,21.0958
385.50,21.0200
386.00,20.9650
386.50,20.9409
387.00,20.9405
387.50,20.9427
388.00,20.9265
388.50,20.8830
389.00,20.8188
389.50,20.7510
390.00,20.7013
390.50,20.6892
391.00,20.7233
391.50,20.7932
392.00,20.8702
392.50,20.9212
393.00,20.9275
393.50,20.8963
394.00,20.8575
394.50,20.8459
395.00,20.8785
395.50,20.9416
396.00,20.9993
396.50,21.0201
397.00,20.9981
397.50,20.9528
398.00,20.9081
398.50,20.8761
399.00,20.8573
399.50,20.8524
400.00,20.8663
400.50,20.9018
401.00,20.9520
401.50,21.0063
402.00,21.0602
402.50,21.1158
403.00,21.1737
403.50,21.2255
404.00,21.2527
404.50,21.2353
405.00,21.1649
405.50,21.0586
406.00,20.9557
406.50,20.8919
407.00,20.8735
407.50,20.8766
408.00,20.8731
408.50,20.8551
409.00,20.8351
409.50,20.8299
410.00,20.8470
410.50,20.8834
411.00,20.9308
411.50,20.9816
412.00,21.0311
412.50,21.0745
413.00,21.1025
413.50,21.1040
414.00,21.0770
414.50,21.0358
415.00,21.0021
415.50,20.9841
416.00,20.9668
416.50,20.9283
417.00,20.8644
417.50,20.7987
418.00,20.7627
418.50,20.7709
419.00,20.8105
419.50,20.8536
420.00,20.8772
420.50,20.8781
421.00,20.8759
421.50,20.9007
422.00,20.9714
422.50,21.0790
423.00,21.1900
423.50,21.2673
424.00,21.2915
424.50,21.2692
425.00,21.2236
425.50,21.1800
426.00,21.1537
426.50,21.1464
427.00,21.1499
427.50,21.1559
428.00,21.1629
428.50,21.1749
429.00,21.1933
429.50,21.2126
430.00,21.2258
430.50,21.2313
431.00,21.2320
431.50,21.2268
432.00,21.2107
432.50,21.1846
433.00,21.1623
433.50,21.1617
434.00,21.1874
434.50,21.2244
435.00,21.2490
435.50,21.2474
436.00,21.2243
436.50,21.1987
437.00,21.1921
437.50,21.2154
438.00,21.2604
438.50,21.3033
439.00,21.3208
439.50,21.3061
440.00,21.2712
440.50,21.2355
441.00,21.2131
441.50,21.2103
442.00,21.2282
442.50,21.2644
443.00,21.3109
443.50,21.3558
444.00,21.3888
444.50,21.4065
445.00,21.4088
445.50,21.3947
446.00,21.3636
446.50,21.3189
447.00,21.2662
447.50,21.2070
448.00,21.1396
448.50,21.0681
449.00,21.0084
449.50,20.9788
450.00,20.9838
450.50,21.0071
451.00,21.0238
451.50,21.0182
452.00,20.9912
452.50,20.9520
453.00,20.9075
453.50,20.8608
454.00,20.8185
454.50,20.7931
455.00,20.7962
455.50,20.8277
456.00,20.8735
456.50,20.9142
457.00,20.9394
457.50,20.9553
458.00,20.9771
458.50,21.0128
459.00,21.0544
459.50,21.0874
460.00,21.1065
460.50,21.1199
461.00,21.1370
461.50,21.1576
462.00,21.1733
462.50,21.1785
463.00,21.1744
463.50,21.1651
464.00,21.1528
464.50,21.1401
465.00,21.1334
465.50,21.1400
466.00,21.1626
466.50,21.1980
467.00,21.2415
467.50,21.2911
468.00,21.3454
468.50,21.4015
469.00,21.4536
469.50,21.4948
470.00,21.5187
470.50,21.5199
471.00,21.4971
471.50,21.4566
472.00,21.4110
472.50,21.3707
473.00,21.3344
473.50,21.2940
474.00,21.2520
474.50,21.2297
475.00,21.2517
475.50,21.3200
476.00,21.4099
476.50,21.4910
477.00,21.5490
477.50,21.5874
478.00,21.6127
478.50,21.6264
479.00,21.6280
479.50,21.6201
480.00,21.6082
480.50,21.5972
481.00,21.5903
481.50,21.5869
482.00,21.5816
482.50,21.5678
483.00,21.5422
483.50,21.5060
484.00,21.4623
484.50,21.4135
485.00,21.3644
485.50,21.3232
486.00,21.2948
486.50,21.2745
487.00,21.2513
487.50,21.2207
488.00,21.1928
488.50,21.1856
489.00,21.2083
489.50,21.2522
490.00,21.2975
490.50,21.3273
491.00,21.3355
491.50,21.3275
492.00,21.3187
492.50,21.3316
493.00,21.3868
493.50,21.4890
494.00,21.6191
494.50,21.7412
495.00,21.8169
495.50,21.8190
496.00,21.7413
496.50,21.6039
497.00,21.4505
497.50,21.3335
498.00,21.2904
498.50,21.3276
499.00,21.4229
499.50,21.5412
500.00,21.6504
500.50,21.7272
501.00,21.7584
501.50,21.7441
502.00,21.7000
502.50,21.6516
503.00,21.6226
503.50,21.6237
504.00,21.6482
504.50,21.6772
505.00,21.6917
505.50,21.6866
506.00,21.6733
506.50,21.6680
507.00,21.6748
507.50,21.6812
508.00,21.6680
508.50,21.6249
509.00,21.5613
509.50,21.5055
510.00,21.4901
510.50,21.5287
511.00,21.6030
511.50,21.6710
512.00,21.6934
512.50,21.6544
513.00,21.5671
513.50,21.4642
514.00,21.3859
514.50,21.3661
515.00,21.4166
515.50,21.5197
516.00,21.6390
516.50,21.7417
517.00,21.8150
517.50,21.8627
518.00,21.8889
518.50,21.8904
519.00,21.8651
519.50,21.8222
520.00,21.7765
520.50,21.7327
521.00,21.6800
521.50,21.6044
522.00,21.5034
522.50,21.3900
523.00,21.2860
523.50,21.2125
524.00,21.1821
524.50,21.1940
525.00,21.2343
525.50,21.2862
526.00,21.3426
526.50,21.4119
527.00,21.5081
527.50,21.6325
528.00,21.7639
528.50,21.8687
529.00,21.9224
529.50,21.9251
530.00,21.8966
530.50,21.8612
531.00,21.8350
531.50,21.8240
532.00,21.8255
532.50,21.8316
533.00,21.8347
533.50,21.8340
534.00,21.8354
534.50,21.8443
535.00,21.8593
535.50,21.8728
536.00,21.8785
536.50,21.8796
537.00,21.8876
537.50,21.9141
538.00,21.9619
538.50,22.0246
539.00,22.0950
539.50,22.1706
540.00,22.2529
540.50,22.3415
541.00,22.4309
541.50,22.5104
542.00,22.5662
542.50,22.5852
543.00,22.5625
543.50,22.5098
544.00,22.4541
544.50,22.4258
545.00,22.4423
545.50,22.4993
546.00,22.5722
546.50,22.6298
547.00,22.6508
547.50,22.6333
548.00,22.5916
548.50,22.5444
549.00,22.5058
549.50,22.4839
550.00,22.4836
550.50,22.5043
551.00,22.5367
551.50,22.5632
552.00,22.5680
552.50,22.5470
553.00,22.5099
553.50,22.4747
554.00,22.4603
554.50,22.4803
555.00,22.5381
555.50,22.6233
556.00,22.7145
556.50,22.7897
557.00,22.8363
557.50,22.8557
558.00,22.8590
558.50,22.8579
559.00,22.8585
559.50,22.8600
560.00,22.8608
560.50,22.8646
561.00,22.8784
561.50,22.9035
562.00,22.9295
562.50,22.9404
563.00,22.9265
563.50,22.8912
564.00,22.8504
564.50,22.8253
565.00,22.8320
565.50,22.8716
566.00,22.9298
566.50,22.9872
567.00,23.0316
567.50,23.0624
568.00,23.0847
568.50,23.1022
569.00,23.1152
569.50,23.1233
570.00,23.1255
570.50,23.1173
571.00,23.0894
571.50,23.0359
572.00,22.9631
572.50,22.8898
573.00,22.8350
573.50,22.8093
574.00,22.8145
574.50,22.8504
575.00,22.9174
575.50,23.0113
576.00,23.1171
576.50,23.2089
577.00,23.2615
577.50,23.2661
578.00,23.2371
578.50,23.2048
579.00,23.1943
579.50,23.2089
580.00,23.2313
580.50,23.2412
581.00,23.2322
581.50,23.2154
582.00,23.2117
582.50,23.2379
583.00,23.2953
583.50,23.3667
584.00,23.4268
584.50,23.4573
585.00,23.4557
585.50,23.4313
586.00,23.3959
586.50,23.3586
587.00,23.3265
587.50,23.3050
588.00,23.2968
588.50,23.3012
589.00,23.3148
589.50,23.3321
590.00,23.3471
590.50,23.3566
591.00,23.3634
591.50,23.3778
592.00,23.4138
592.50,23.4819
593.00,23.5802
593.50,23.6909
594.00,23.7874
594.50,23.8463
595.00,23.8567
595.50,23.8223
596.00,23.7574
596.50,23.6843
597.00,23.6273
597.50,23.6022
598.00,23.6069
598.50,23.6252
599.00,23.6401
599.50,23.6452
600.00,23.6431
600.50,23.6395
601.00,23.6373
601.50,23.6358
602.00,23.6313
602.50,23.6207
603.00,23.6059
603.50,23.5951
604.00,23.5987
604.50,23.6213
605.00,23.6583
605.50,23.7002
606.00,23.7385
606.50,23.7684
607.00,23.7863
607.50,23.7910
608.00,23.7866
608.50,23.7833
609.00,23.7879
609.50,23.7965
610.00,23.7977
610.50,23.7848
611.00,23.7646
611.50,23.7521
612.00,23.7551
612.50,23.7665
613.00,23.7698
613.50,23.7568
614.00,23.7375
614.50,23.7324
615.00,23.7525
615.50,23.7856
616.00,23.8028
616.50,23.7803
617.00,23.7163
617.50,23.6298
618.00,23.5471
618.50,23.4879
619.00,23.4598
619.50,23.4595
620.00,23.4785
620.50,23.5070
621.00,23.5343
621.50,23.5442
622.00,23.5143
622.50,23.4257
623.00,23.2790
623.50,23.1045
624.00,22.9518
624.50,22.8643
625.00,22.8580
625.50,22.9212
626.00,23.0261
626.50,23.1415
627.00,23.2386
627.50,23.2991
628.00,23.3217
628.50,23.3216
629.00,23.3189
629.50,23.3243
630.00,23.3356
630.50,23.3501
631.00,23.3740
631.50,23.4179
632.00,23.4782
632.50,23.5307
633.00,23.5452
633.50,23.5090
634.00,23.4320
634.50,23.3335
635.00,23.2282
635.50,23.1240
636.00,23.0253
636.50,22.9346
637.00,22.8511
637.50,22.7704
638.00,22.6904
638.50,22.6186
639.00,22.5753
639.50,22.5855
640.00,22.6612
640.50,22.7880
641.00,22.9274
641.50,23.0370
642.00,23.0911
642.50,23.0901
643.00,23.0563
643.50,23.0210
644.00,23.0102
644.50,23.0303
645.00,23.0646
645.50,23.0849
646.00,23.0740
646.50,23.0386
647.00,23.0044
647.50,22.9982
648.00,23.0316
648.50,23.0968
649.00,23.1742
649.50,23.2467
650.00,23.3075
650.50,23.3578
651.00,23.3950
651.50,23.4050
652.00,23.3675
652.50,23.2735
653.00,23.1397
653.50,23.0030
654.00,22.8990
654.50,22.8421
655.00,22.8255
655.50,22.8324
656.00,22.8463
656.50,22.8540
657.00,22.8487
657.50,22.8364
658.00,22.8367
658.50,22.8719
659.00,22.9505
659.50,23.0565
660.00,23.1564
660.50,23.2221
661.00,23.2521
661.50,23.2724
662.00,23.3142
662.50,23.3869
663.00,23.4699
663.50,23.5308
664.00,23.5502
664.50,23.5296
665.00,23.4826
665.50,23.4271
666.00,23.3830
666.50,23.3688
667.00,23.3888
667.50,23.4240
668.00,23.4456
668.50,23.4412
669.00,23.4264
669.50,23.4246
670.00,23.4377
670.50,23.4385
671.00,23.3950
671.50,23.3007
672.00,23.1827
672.50,23.0822
673.00,23.0280
673.50,23.0233
674.00,23.0530
674.50,23.1001
675.00,23.1542
675.50,23.2088
676.00,23.2540
676.50,23.2780
677.00,23.2764
677.50,23.2570
678.00,23.2349
678.50,23.2201
679.00,23.2152
679.50,23.2216
680.00,23.2449
680.50,23.2922
681.00,23.3651
681.50,23.4555
682.00,23.5443
682.50,23.6015
683.00,23.5962
683.50,23.5128
684.00,23.3642
684.50,23.1864
685.00,23.0211
685.50,22.8987
686.00,22.8327
686.50,22.8209
687.00,22.8492
687.50,22.8966
688.00,22.9416
688.50,22.9690
689.00,22.9747
689.50,22.9683
690.00,22.9685
690.50,22.9914
691.00,23.0366
691.50,23.0849
692.00,23.1074
692.50,23.0834
693.00,23.0156
693.50,22.9321
694.00,22.8691
694.50,22.8448
695.00,22.8478
695.50,22.8519
696.00,22.8444
696.50,22.8394
697.00,22.8680
697.50,22.9527
698.00,23.0864
698.50,23.2312
699.00,23.3402
699.50,23.3890
700.00,23.3890
700.50,23.3706
701.00,23.3536
701.50,23.3354
702.00,23.3045
702.50,23.2607
703.00,23.2183
703.50,23.1909
704.00,23.1761
704.50,23.1581
705.00,23.1231
705.50,23.0735
706.00,23.0267
706.50,23.0056
707.00,23.0290
707.50,23.1058
708.00,23.2306
708.50,23.3815
709.00,23.5250
709.50,23.6290
710.00,23.6768
710.50,23.6740
711.00,23.6444
711.50,23.6189
712.00,23.6223
712.50,23.6619
713.00,23.7258
713.50,23.7915
714.00,23.8397
714.50,23.8626
715.00,23.8611
715.50,23.8410
716.00,23.8141
716.50,23.7992
717.00,23.8143
717.50,23.8623
718.00,23.9263
718.50,23.9818
719.00,24.0132
719.50,24.0206
720.00,24.0132
720.50,24.0019
721.00,23.9925
721.50,23.9830
722.00,23.9630
722.50,23.9205
723.00,23.8504
723.50,23.7594
724.00,23.6655
724.50,23.5905
725.00,23.5515
725.50,23.5535
726.00,23.5898
726.50,23.6474
727.00,23.7119
727.50,23.7697
728.00,23.8103
728.50,23.8304
729.00,23.8354
729.50,23.8371
730.00,23.8468
730.50,23.8701
731.00,23.9061
731.50,23.9507
732.00,23.9972
732.50,24.0350
733.00,24.0514
733.50,24.0385
734.00,24.0005
734.50,23.9535
735.00,23.9154
735.50,23.8958
736.00,23.8923
736.50,23.8969
737.00,23.9033
737.50,23.9107
738.00,23.9209
738.50,23.9354
739.00,23.9530
739.50,23.9720
740.00,23.9932
740.50,24.0205
741.00,24.0538
741.50,24.0854
742.00,24.1063
742.50,24.1183
743.00,24.1363
743.50,24.1747
744.00,24.2317
744.50,24.2848
745.00,24.3027
745.50,24.2644
746.00,24.1723
746.50,24.0523
747.00,23.9419
747.50,23.8707
748.00,23.8449
748.50,23.8474
749.00,23.8543
749.50,23.8572
750.00,23.8693
750.50,23.9090
751.00,23.9799
751.50,24.0661
752.00,24.1458
752.50,24.2069
753.00,24.2495
753.50,24.2812
754.00,24.3112
754.50,24.3454
755.00,24.3825
755.50,24.4141
756.00,24.4297
756.50,24.4245
757.00,24.4020
757.50,24.3699
758.00,24.3351
758.50,24.2985
759.00,24.2542
759.50,24.1946
760.00,24.1207
760.50,24.0500
761.00,24.0097
761.50,24.0164
762.00,24.0596
762.50,24.1065
763.00,24.1240
763.50,24.1015
764.00,24.0560
764.50,24.0179
765.00,24.0090
765.50,24.0301
766.00,24.0663
766.50,24.1032
767.00,24.1348
767.50,24.1616
768.00,24.1851
768.50,24.2079
769.00,24.2352
769.50,24.2693
770.00,24.3044
770.50,24.3278
771.00,24.3304
771.50,24.3192
772.00,24.3155
772.50,24.3370
773.00,24.3801
773.50,24.4195
774.00,24.4285
774.50,24.3982
775.00,24.3422
775.50,24.2868
776.00,24.2582
776.50,24.2710
777.00,24.3184
777.50,24.3716
778.00,24.3922
778.50,24.3560
779.00,24.2678
779.50,24.1578
780.00,24.0639
780.50,24.0145
781.00,24.0198
781.50,24.0708
782.00,24.1450
782.50,24.2160
783.00,24.2654
783.50,24.2894
784.00,24.2976
784.50,24.3055
785.00,24.3222
785.50,24.3470
786.00,24.3739
786.50,24.3989
787.00,24.4210
787.50,24.4372
788.00,24.4414
788.50,24.4294
789.00,24.4030
789.50,24.3674
790.00,24.3259
790.50,24.2778
791.00,24.2216
791.50,24.1602
792.00,24.1041
792.50,24.0686
793.00,24.0650
793.50,24.0905
794.00,24.1291
794.50,24.1623
795.00,24.1817
795.50,24.1910
796.00,24.1987
796.50,24.2095
797.00,24.2198
797.50,24.2198
798.00,24.1974
798.50,24.1441
799.00,24.0600
799.50,23.9589
800.00,23.8663
800.50,23.8103
801.00,23.8073
801.50,23.8543
802.00,23.9355
802.50,24.0333
803.00,24.1323
803.50,24.2165
804.00,24.2680
804.50,24.2762
805.00,24.2510
805.50,24.2205
806.00,24.2126
806.50,24.2343
807.00,24.2710
807.50,24.3007
808.00,24.3099
808.50,24.2983
809.00,24.2740
809.50,24.2441
810.00,24.2090
810.50,24.1644
811.00,24.1070
811.50,24.0389
812.00,23.9676
812.50,23.9026
813.00,23.8538
813.50,23.8291
814.00,23.8314
814.50,23.8549
815.00,23.8861
815.50,23.9083
816.00,23.9115
816.50,23.8987
817.00,23.8828
817.50,23.8754
818.00,23.8810
818.50,23.8992
819.00,23.9287
819.50,23.9669
820.00,24.0114
820.50,24.0641
821.00,24.1300
821.50,24.2064
822.00,24.2753
822.50,24.3127
823.00,24.3071
823.50,24.2681
824.00,24.2148
824.50,24.1598
825.00,24.1024
825.50,24.0324
826.00,23.9390
826.50,23.8219
827.00,23.6994
827.50,23.5998
828.00,23.5398
828.50,23.5113
829.00,23.4944
829.50,23.4825
830.00,23.4896
830.50,23.5302
831.00,23.5974
831.50,23.6635
832.00,23.7013
832.50,23.7057
833.00,23.6959
833.50,23.7008
834.00,23.7413
834.50,23.8183
835.00,23.9134
835.50,24.0019
836.00,24.0693
836.50,24.1169
837.00,24.1531
837.50,24.1814
838.00,24.1991
838.50,24.2044
839.00,24.1972
839.50,24.1750
840.00,24.1335
840.50,24.0768
841.00,24.0213
841.50,23.9857
842.00,23.9769
842.50,23.9864
843.00,23.9964
843.50,23.9894
844.00,23.9569
844.50,23.9052
845.00,23.8522
845.50,23.8130
846.00,23.7884
846.50,23.7692
847.00,23.7508
847.50,23.7392
848.00,23.7409
848.50,23.7509
849.00,23.7535
849.50,23.7348
850.00,23.6932
850.50,23.6401
851.00,23.5926
851.50,23.5636
852.00,23.5533
852.50,23.5514
853.00,23.5486
853.50,23.5488
854.00,23.5644
854.50,23.5997
855.00,23.6401
855.50,23.6628
856.00,23.6566
856.50,23.6306
857.00,23.6060
857.50,23.6002
858.00,23.6177
858.50,23.6460
859.00,23.6616
859.50,23.6475
860.00,23.6118
860.50,23.5853
861.00,23.5959
861.50,23.6429
862.00,23.6992
862.50,23.7375
863.00,23.7523
863.50,23.7589
864.00,23.7735
864.50,23.7945
865.00,23.8015
865.50,23.7706
866.00,23.6937
866.50,23.5847
867.00,23.4707
867.50,23.3776
868.00,23.3224
868.50,23.3123
869.00,23.3456
869.50,23.4144
870.00,23.5117
870.50,23.6337
871.00,23.7751
871.50,23.9192
872.00,24.0396
872.50,24.1139
873.00,24.1400
873.50,24.1399
874.00,24.1443
874.50,24.1714
875.00,24.2139
875.50,24.2453
876.00,24.2398
876.50,24.1959
877.00,24.1403
877.50,24.1102
878.00,24.1231
878.50,24.1646
879.00,24.2013
879.50,24.2065
880.00,24.1746
880.50,24.1115
881.00,24.0217
881.50,23.9074
882.00,23.7804
882.50,23.6683
883.00,23.6015
883.50,23.5950
884.00,23.6397
884.50,23.7088
885.00,23.7715
885.50,23.8075
886.00,23.8134
886.50,23.8032
887.00,23.8018
887.50,23.8314
888.00,23.8967
888.50,23.9764
889.00,24.0322
889.50,24.0355
890.00,23.9884
890.50,23.9217
891.00,23.8724
891.50,23.8583
892.00,23.8700
892.50,23.8818
893.00,23.8693
893.50,23.8248
894.00,23.7602
894.50,23.6977
895.00,23.6548
895.50,23.6336
896.00,23.6231
896.50,23.6140
897.00,23.6086
897.50,23.6191
898.00,23.6524
898.50,23.6973
899.00,23.7265
899.50,23.7140
900.00,23.6544
900.50,23.5675
901.00,23.4872
901.50,23.4412
902.00,23.4382
902.50,23.4678
903.00,23.5083
903.50,23.5402
904.00,23.5583
904.50,23.5738
905.00,23.6058
905.50,23.6683
906.00,23.7639
906.50,23.8832
907.00,24.0094
907.50,24.1248
908.00,24.2180
908.50,24.2869
909.00,24.3347
909.50,24.3638
910.00,24.3757
910.50,24.3759
911.00,24.3770
911.50,24.3931
912.00,24.4298
912.50,24.4755
913.00,24.5074
913.50,24.5086
914.00,24.4822
914.50,24.4482
915.00,24.4287
915.50,24.4350
916.00,24.4660
916.50,24.5112
917.00,24.5542
917.50,24.5733
918.00,24.5463
918.50,24.4603
919.00,24.3220
919.50,24.1591
920.00,24.0066
920.50,23.8895
921.00,23.8149
921.50,23.7778
922.00,23.7691
922.50,23.7782
923.00,23.7918
923.50,23.7979
924.00,23.7911
924.50,23.7724
925.00,23.7439
925.50,23.7052
926.00,23.6592
926.50,23.6207
927.00,23.6143
927.50,23.6578
928.00,23.7457
928.50,23.8470
929.00,23.9248
929.50,23.9607
930.00,23.9660
930.50,23.9715
931.00,24.0058
931.50,24.0784
932.00,24.1782
932.50,24.2802
933.00,24.3543
933.50,24.3731
934.00,24.3227
934.50,24.2123
935.00,24.0748
935.50,23.9514
936.00,23.8703
936.50,23.8355
937.00,23.8338
937.50,23.8506
938.00,23.8798
938.50,23.9216
939.00,23.9740
939.50,24.0277
940.00,24.0679
940.50,24.0835
941.00,24.0744
941.50,24.0502
942.00,24.0193
942.50,23.9817
943.00,23.9338
943.50,23.8798
944.00,23.8352
944.50,23.8185
945.00,23.8382
945.50,23.8858
946.00,23.9398
946.50,23.9786
947.00,23.9924
947.50,23.9858
948.00,23.9683
948.50,23.9462
949.00,23.9213
949.50,23.8980
950.00,23.8865
950.50,23.8976
951.00,23.9318
951.50,23.9732
952.00,23.9962
952.50,23.9801
953.00,23.9240
953.50,23.8481
954.00,23.7821
954.50,23.7479
955.00,23.7495
955.50,23.7743
956.00,23.8054
956.50,23.8352
957.00,23.8675
957.50,23.9089
958.00,23.9569
958.50,23.9981
959.00,24.0171
959.50,24.0088
960.00,23.9828
960.50,23.9537
961.00,23.9300
961.50,23.9091
962.00,23.8861
962.50,23.8637
963.00,23.8522
963.50,23.8605
964.00,23.8865
964.50,23.9177
965.00,23.9407
965.50,23.9506
966.00,23.9509
966.50,23.9462
967.00,23.9375
967.50,23.9278
968.00,23.9289
968.50,23.9577
969.00,24.0176
969.50,24.0879
970.00,24.1327
970.50,24.1246
971.00,24.0598
971.50,23.9576
972.00,23.8483
972.50,23.7602
973.00,23.7071
973.50,23.6847
974.00,23.6761
974.50,23.6678
975.00,23.6627
975.50,23.6796
976.00,23.7360
976.50,23.8256
977.00,23.9149
977.50,23.9667
978.00,23.9710
978.50,23.9513
979.00,23.9422
979.50,23.9632
980.00,24.0141
980.50,24.0879
981.00,24.1808
981.50,24.2898
982.00,24.4051
982.50,24.5082
983.00,24.5777
983.50,24.5988
984.00,24.5692
984.50,24.4995
985.00,24.4071
985.50,24.3086
986.00,24.2151
986.50,24.1306
987.00,24.0509
987.50,23.9648
988.00,23.8620
988.50,23.7455
989.00,23.6371
989.50,23.5674
990.00,23.5581
990.50,23.6095
991.00,23.7026
991.50,23.8122
992.00,23.9197
992.50,24.0164
993.00,24.0981
993.50,24.1565
994.00,24.1804
994.50,24.1651
995.00,24.1194
995.50,24.0639
996.00,24.0190
996.50,23.9930
997.00,23.9784
997.50,23.9589
998.00,23.9212
998.50,23.8644
999.00,23.7998
999.50,23.7421
1000.00,23.6992
1000.50,23.6715
1001.00,23.6599
1001.50,23.6723
1002.00,23.7211
1002.50,23.8146
1003.00,23.9523
1003.50,24.1239
1004.00,24.3109
1004.50,24.4864
1005.00,24.6224
1005.50,24.7034
1006.00,24.7345
1006.50,24.7343
1007.00,24.7186
1007.50,24.6920
1008.00,24.6553
1008.50,24.6160
1009.00,24.5900
1009.50,24.5902
1010.00,24.6182
1010.50,24.6677
1011.00,24.7355
1011.50,24.8219
1012.00,24.9204
1012.50,25.0097
1013.00,25.0631
1013.50,25.0663
1014.00,25.0260
1014.50,24.9619
1015.00,24.8943
1015.50,24.8396
1016.00,24.8082
1016.50,24.8005
1017.00,24.8063
1017.50,24.8149
1018.00,24.8284
1018.50,24.8611
1019.00,24.9243
1019.50,25.0108
1020.00,25.0985
1020.50,25.1657
1021.00,25.2026
1021.50,25.2101
1022.00,25.1914
1022.50,25.1489
1023.00,25.0877
1023.50,25.0187
1024.00,24.9566
1024.50,24.9125
1025.00,24.8886
1025.50,24.8773
1026.00,24.8685
1026.50,24.8582
1027.00,24.8542
1027.50,24.8700
1028.00,24.9095
1028.50,24.9578
1029.00,24.9883
1029.50,24.9814
1030.00,24.9391
1030.50,24.8806
1031.00,24.8275
1031.50,24.7909
1032.00,24.7709
1032.50,24.7635
1033.00,24.7643
1033.50,24.7686
1034.00,24.7700
1034.50,24.7624
1035.00,24.7447
1035.50,24.7242
1036.00,24.7146
1036.50,24.7288
1037.00,24.7706
1037.50,24.8311
1038.00,24.8939
1038.50,24.9435
1039.00,24.9741
1039.50,24.9912
1040.00,25.0052
1040.50,25.0216
1041.00,25.0334
1041.50,25.0271
1042.00,24.9973
1042.50,24.9576
1043.00,24.9348
1043.50,24.9459
1044.00,24.9822
1044.50,25.0163
1045.00,25.0244
1045.50,25.0025
1046.00,24.9626
1046.50,24.9200
1047.00,24.8870
1047.50,24.8721
1048.00,24.8775
1048.50,24.8956
1049.00,24.9099
1049.50,24.9025
1050.00,24.8670
1050.50,24.8195
1051.00,24.7949
1051.50,24.8240
1052.00,24.9037
1052.50,24.9886
1053.00,25.0185
1053.50,24.9621
1054.00,24.8373
1054.50,24.6950
1055.00,24.5831
1055.50,24.5234
1056.00,24.5099
1056.50,24.5214
1057.00,24.5365
1057.50,24.5421
1058.00,24.5346
1058.50,24.5134
1059.00,24.4750
1059.50,24.4165
1060.00,24.3457
1060.50,24.2854
1061.00,24.2598
1061.50,24.2728
1062.00,24.3005
1062.50,24.3074
1063.00,24.2741
1063.50,24.2109
1064.00,24.1471
1064.50,24.1083
1065.00,24.1036
1065.50,24.1272
1066.00,24.1636
1066.50,24.1921
1067.00,24.1978
1067.50,24.1864
1068.00,24.1852
1068.50,24.2210
1069.00,24.2943
1069.50,24.3776
1070.00,24.4402
1070.50,24.4735
1071.00,24.4917
1071.50,24.5121
1072.00,24.5379
1072.50,24.5566
1073.00,24.5504
1073.50,24.5058
1074.00,24.4171
1074.50,24.2861
1075.00,24.1224
1075.50,23.9457
1076.00,23.7874
1076.50,23.6887
1077.00,23.6845
1077.50,23.7830
1078.00,23.9534
1078.50,24.1396
1079.00,24.2901
1079.50,24.3802
1080.00,24.4124
1080.50,24.4040
1081.00,24.3767
1081.50,24.3507
1082.00,24.3412
1082.50,24.3560
1083.00,24.3932
1083.50,24.4416
1084.00,24.4854
1084.50,24.5110
1085.00,24.5116
1085.50,24.4857
1086.00,24.4350
1086.50,24.3663
1087.00,24.2928
1087.50,24.2299
1088.00,24.1895
1088.50,24.1768
1089.00,24.1903
1089.50,24.2217
1090.00,24.2581
1090.50,24.2883
1091.00,24.3107
1091.50,24.3319
1092.00,24.3600
1092.50,24.3967
1093.00,24.4348
1093.50,24.4600
1094.00,24.4571
1094.50,24.4204
1095.00,24.3596
1095.50,24.2933
1096.00,24.2359
1096.50,24.1910
1097.00,24.1582
1097.50,24.1402
1098.00,24.1407
1098.50,24.1546
1099.00,24.1681
1099.50,24.1703
1100.00,24.1675
1100.50,24.1812
1101.00,24.2289
1101.50,24.3028
1102.00,24.3690
1102.50,24.3885
1103.00,24.3438
1103.50,24.2488
1104.00,24.1397
1104.50,24.0572
1105.00,24.0291
1105.50,24.0602
1106.00,24.1336
1106.50,24.2220
1107.00,24.2994
1107.50,24.3486
1108.00,24.3606
1108.50,24.3343
1109.00,24.2815
1109.50,24.2296
1110.00,24.2126
1110.50,24.2511
1111.00,24.3349
1111.50,24.4271
1112.00,24.4851
1112.50,24.4854
1113.00,24.4334
1113.50,24.3558
1114.00,24.2822
1114.50,24.2322
1115.00,24.2129
1115.50,24.2237
1116.00,24.2593
1116.50,24.3084
1117.00,24.3532
1117.50,24.3765
1118.00,24.3717
1118.50,24.3450
1119.00,24.3073
1119.50,24.2645
1120.00,24.2159
1120.50,24.1612
1121.00,24.1075
1121.50,24.0678
1122.00,24.0554
1122.50,24.0767
1123.00,24.1279
1123.50,24.1969
1124.00,24.2670
1124.50,24.3208
1125.00,24.3421
1125.50,24.3191
1126.00,24.2529
1126.50,24.1655
1127.00,24.0929
1127.50,24.0620
1128.00,24.0712
1128.50,24.0952
1129.00,24.1093
1129.50,24.1059
1130.00,24.0902
1130.50,24.0664
1131.00,24.0354
1131.50,24.0067
1132.00,24.0077
1132.50,24.0684
1133.00,24.1919
1133.50,24.3395
1134.00,24.4512
1134.50,24.4854
1135.00,24.4461
1135.50,24.3756
1136.00,24.3242
1136.50,24.3198
1137.00,24.3548
1137.50,24.3969
1138.00,24.4118
1138.50,24.3841
1139.00,24.3229
1139.50,24.2538
1140.00,24.2025
1140.50,24.1778
1141.00,24.1637
1141.50,24.1291
1142.00,24.0530
1142.50,23.9451
1143.00,23.8446
1143.50,23.7949
1144.00,23.8159
1144.50,23.8935
1145.00,23.9912
1145.50,24.0716
1146.00,24.1139
1146.50,24.1194
1147.00,24.1045
1147.50,24.0874
1148.00,24.0786
1148.50,24.0799
1149.00,24.0882
1149.50,24.1004
1150.00,24.1175
1150.50,24.1430
1151.00,24.1755
1151.50,24.2008
1152.00,24.1973
1152.50,24.1516
1153.00,24.0703
1153.50,23.9765
1154.00,23.8939
1154.50,23.8370
1155.00,23.8097
1155.50,23.8099
1156.00,23.8325
1156.50,23.8714
1157.00,23.9204
1157.50,23.9746
1158.00,24.0302
1158.50,24.0845
1159.00,24.1321
1159.50,24.1641
1160.00,24.1712
1160.50,24.1525
1161.00,24.1223
1161.50,24.1044
1162.00,24.1173
1162.50,24.1575
1163.00,24.2025
1163.50,24.2278
1164.00,24.2252
1164.50,24.2035
1165.00,24.1772
1165.50,24.1555
1166.00,24.1400
1166.50,24.1251
1167.00,24.0998
1167.50,24.0517
1168.00,23.9764
1168.50,23.8867
1169.00,23.8088
1169.50,23.7690
1170.00,23.7793
1170.50,23.8320
1171.00,23.9059
1171.50,23.9778
1172.00,24.0349
1172.50,24.0796
1173.00,24.1245
1173.50,24.1794
1174.00,24.2400
1174.50,24.2898
1175.00,24.3115
1175.50,24.3010
1176.00,24.2705
1176.50,24.2425
1177.00,24.2355
1177.50,24.2494
1178.00,24.2617
1178.50,24.2397
1179.00,24.1653
1179.50,24.0517
1180.00,23.9358
1180.50,23.8507
1181.00,23.8026
1181.50,23.7732
1182.00,23.7445
1182.50,23.7188
1183.00,23.7178
1183.50,23.7618
1184.00,23.8491
1184.50,23.9490
1185.00,24.0188
1185.50,24.0315
1186.00,23.9951
1186.50,23.9460
1187.00,23.9210
1187.50,23.9307
1188.00,23.9521
1188.50,23.9457
1189.00,23.8844
1189.50,23.7728
1190.00,23.6431
1190.50,23.5340
1191.00,23.4696
1191.50,23.4527
1192.00,23.4742
1192.50,23.5247
1193.00,23.5966
1193.50,23.6780
1194.00,23.7502
1194.50,23.7945
1195.00,23.8057
1195.50,23.7960
1196.00,23.7847
1196.50,23.7835
1197.00,23.7942
1197.50,23.8184
1198.00,23.8617
1198.50,23.9226
1199.00,23.9832
1199.50,24.0193
1200.00,24.0216
1200.50,24.0065
1201.00,24.0018
1201.50,24.0237
1202.00,24.0642
1202.50,24.0976
1203.00,24.0976
1203.50,24.0536
1204.00,23.9772
1204.50,23.8974
1205.00,23.8462
1205.50,23.8403
1206.00,23.8687
1206.50,23.8969
1207.00,23.8875
1207.50,23.8234
1208.00,23.7184
1208.50,23.6054
1209.00,23.5151
1209.50,23.4605
1210.00,23.4385
1210.50,23.4411
1211.00,23.4659
1211.50,23.5166
1212.00,23.5939
1212.50,23.6858
1213.00,23.7665
1213.50,23.8111
1214.00,23.8143
1214.50,23.7929
1215.00,23.7705
1215.50,23.7593
1216.00,23.7577
1216.50,23.7642
1217.00,23.7882
1217.50,23.8433
1218.00,23.9284
1218.50,24.0182
1219.00,24.0766
1219.50,24.0841
1220.00,24.0525
1220.50,24.0142
1221.00,23.9947
1221.50,23.9920
1222.00,23.9838
1222.50,23.9540
1223.00,23.9117
1223.50,23.8843
1224.00,23.8919
1224.50,23.9278
1225.00,23.9629
1225.50,23.9681
1226.00,23.9374
1226.50,23.8900
1227.00,23.8531
1227.50,23.8393
1228.00,23.8402
1228.50,23.8385
1229.00,23.8218
1229.50,23.7886
1230.00,23.7434
1230.50,23.6907
1231.00,23.6363
1231.50,23.5880
1232.00,23.5536
1232.50,23.5346
1233.00,23.5244
1233.50,23.5157
1234.00,23.5091
1234.50,23.5143
1235.00,23.5414
1235.50,23.5908
1236.00,23.6535
1236.50,23.7176
1237.00,23.7726
1237.50,23.8101
1238.00,23.8253
1238.50,23.8214
1239.00,23.8081
1239.50,23.7930
1240.00,23.7768
1240.50,23.7576
1241.00,23.7363
1241.50,23.7158
1242.00,23.6954
1242.50,23.6745
1243.00,23.6597
1243.50,23.6667
1244.00,23.7083
1244.50,23.7797
1245.00,23.8576
1245.50,23.9147
1246.00,23.9377
1246.50,23.9327
1247.00,23.9164
1247.50,23.9031
1248.00,23.8993
1248.50,23.9049
1249.00,23.9159
1249.50,23.9253
1250.00,23.9257
1250.50,23.9132
1251.00,23.8890
1251.50,23.8571
1252.00,23.8219
1252.50,23.7907
1253.00,23.7765
1253.50,23.7938
1254.00,23.8473
1254.50,23.9237
1255.00,23.9983
1255.50,24.0503
1256.00,24.0734
1256.50,24.0727
1257.00,24.0561
1257.50,24.0304
1258.00,24.0033
1258.50,23.9858
1259.00,23.9888
1259.50,24.0149
1260.00,24.0525
1260.50,24.0817
1261.00,24.0903
1261.50,24.0830
1262.00,24.0760
1262.50,24.0803
1263.00,24.0891
1263.50,24.0827
1264.00,24.0446
1264.50,23.9742
1265.00,23.8880
1265.50,23.8085
1266.00,23.7548
1266.50,23.7379
1267.00,23.7597
1267.50,23.8115
1268.00,23.8742
1268.50,23.9256
1269.00,23.9490
1269.50,23.9402
1270.00,23.9062
1270.50,23.8613
1271.00,23.8244
1271.50,23.8131
1272.00,23.8339
1272.50,23.8765
1273.00,23.9217
1273.50,23.9583
1274.00,23.9884
1274.50,24.0174
1275.00,24.0432
1275.50,24.0568
1276.00,24.0499
1276.50,24.0181
1277.00,23.9635
1277.50,23.9009
1278.00,23.8593
1278.50,23.8681
1279.00,23.9356
1279.50,24.0405
1280.00,24.1462
1280.50,24.2272
1281.00,24.2818
1281.50,24.3212
1282.00,24.3506
1282.50,24.3612
1283.00,24.3393
1283.50,24.2818
1284.00,24.2041
1284.50,24.1339
1285.00,24.0940
1285.50,24.0906
1286.00,24.1151
1286.50,24.1565
1287.00,24.2090
1287.50,24.2678
1288.00,24.3198
1288.50,24.3435
1289.00,24.3218
1289.50,24.2552
1290.00,24.1658
1290.50,24.0861
1291.00,24.0421
1291.50,24.0423
1292.00,24.0785
1292.50,24.1301
1293.00,24.1696
1293.50,24.1725
1294.00,24.1318
1294.50,24.0654
1295.00,24.0043
1295.50,23.9696
1296.00,23.9608
1296.50,23.9651
1297.00,23.9758
1297.50,23.9995
1298.00,24.0467
1298.50,24.1192
1299.00,24.2039
1299.50,24.2763
1300.00,24.3123
1300.50,24.3023
1301.00,24.2599
1301.50,24.2125
1302.00,24.1801
1302.50,24.1606
1303.00,24.1363
1303.50,24.0944
1304.00,24.0415
1304.50,23.9993
1305.00,23.9877
1305.50,24.0078
1306.00,24.0406
1306.50,24.0564
1307.00,24.0328
1307.50,23.9685
1308.00,23.8870
1308.50,23.8272
1309.00,23.8246
1309.50,23.8912
1310.00,24.0054
1310.50,24.1181
1311.00,24.1773
1311.50,24.1565
1312.00,24.0723
1312.50,23.9740
1313.00,23.9120
1313.50,23.9054
1314.00,23.9329
1314.50,23.9543
1315.00,23.9419
1315.50,23.8987
1316.00,23.8514
1316.50,23.8288
1317.00,23.8431
1317.50,23.8858
1318.00,23.9380
1318.50,23.9806
1319.00,23.9990
1319.50,23.9839
1320.00,23.9362
1320.50,23.8735
1321.00,23.8237
1321.50,23.8051
1322.00,23.8115
1322.50,23.8177
1323.00,23.7996
1323.50,23.7495
1324.00,23.6796
1324.50,23.6181
1325.00,23.5988
1325.50,23.6427
1326.00,23.7393
1326.50,23.8478
1327.00,23.9244
1327.50,23.9501
1328.00,23.9338
1328.50,23.8953
1329.00,23.8510
1329.50,23.8168
1330.00,23.8105
1330.50,23.8406
1331.00,23.8924
1331.50,23.9329
1332.00,23.9321
1332.50,23.8835
1333.00,23.8084
1333.50,23.7450
1334.00,23.7281
1334.50,23.7722
1335.00,23.8656
1335.50,23.9790
1336.00,24.0790
1336.50,24.1365
1337.00,24.1319
1337.50,24.0652
1338.00,23.9623
1338.50,23.8650
1339.00,23.8043
1339.50,23.7816
1340.00,23.7751
1340.50,23.7609
1341.00,23.7308
1341.50,23.6954
1342.00,23.6749
1342.50,23.6861
1343.00,23.7301
1343.50,23.7899
1344.00,23.8382
1344.50,23.8522
1345.00,23.8284
1345.50,23.7856
1346.00,23.7489
1346.50,23.7247
1347.00,23.6939
1347.50,23.6320
1348.00,23.5372
1348.50,23.4360
1349.00,23.3636
1349.50,23.3395
1350.00,23.3578
1350.50,23.3940
1351.00,23.4193
1351.50,23.4155
1352.00,23.3827
1352.50,23.3344
1353.00,23.2862
1353.50,23.2477
1354.00,23.2222
1354.50,23.2105
1355.00,23.2127
1355.50,23.2287
1356.00,23.2588
1356.50,23.3037
1357.00,23.3599
1357.50,23.4153
1358.00,23.4504
1358.50,23.4499
1359.00,23.4154
1359.50,23.3680
1360.00,23.3333
1360.50,23.3224
1361.00,23.3264
1361.50,23.3294
1362.00,23.3256
1362.50,23.3196
1363.00,23.3125
1363.50,23.2929
1364.00,23.2476
1364.50,23.1820
1365.00,23.1275
1365.50,23.1243
1366.00,23.1914
1366.50,23.3080
1367.00,23.4226
1367.50,23.4885
1368.00,23.4970
1368.50,23.4793
1369.00,23.4761
1369.50,23.5055
1370.00,23.5550
1370.50,23.6010
1371.00,23.6327
1371.50,23.6590
1372.00,23.6955
1372.50,23.7466
1373.00,23.8005
1373.50,23.8371
1374.00,23.8396
1374.50,23.7956
1375.00,23.6960
1375.50,23.5405
1376.00,23.3493
1376.50,23.1653
1377.00,23.0366
1377.50,22.9907
1378.00,23.0201
1378.50,23.0905
1379.00,23.1630
1379.50,23.2121
1380.00,23.2308
1380.50,23.2251
1381.00,23.2063
1381.50,23.1849
1382.00,23.1681
1382.50,23.1607
1383.00,23.1656
1383.50,23.1856
1384.00,23.2224
1384.50,23.2751
1385.00,23.3402
1385.50,23.4097
1386.00,23.4734
1386.50,23.5213
1387.00,23.5484
1387.50,23.5569
1388.00,23.5559
1388.50,23.5555
1389.00,23.5598
1389.50,23.5630
1390.00,23.5542
1390.50,23.5263
1391.00,23.4782
1391.50,23.4123
1392.00,23.3321
1392.50,23.2470
1393.00,23.1772
1393.50,23.1436
1394.00,23.1537
1394.50,23.1958
1395.00,23.2485
1395.50,23.2935
1396.00,23.3198
1396.50,23.3244
1397.00,23.3150
1397.50,23.3116
1398.00,23.3404
1398.50,23.4189
1399.00,23.5395
1399.50,23.6628
1400.00,23.7331
1400.50,23.7148
1401.00,23.6234
1401.50,23.5215
1402.00,23.4782
1402.50,23.5256
1403.00,23.6450
1403.50,23.7837
1404.00,23.8837
1404.50,23.9057
1405.00,23.8449
1405.50,23.7311
1406.00,23.6104
1406.50,23.5198
1407.00,23.4711
1407.50,23.4543
1408.00,23.4519
1408.50,23.4529
1409.00,23.4572
1409.50,23.4681
1410.00,23.4806
1410.50,23.4773
1411.00,23.4412
1411.50,23.3737
1412.00,23.3018
1412.50,23.2612
1413.00,23.2688
1413.50,23.3062
1414.00,23.3316
1414.50,23.3111
1415.00,23.2462
1415.50,23.1756
1416.00,23.1468
1416.50,23.1819
1417.00,23.2645
1417.50,23.3556
1418.00,23.4209
1418.50,23.4492
1419.00,23.4502
1419.50,23.4410
1420.00,23.4337
1420.50,23.4318
1421.00,23.4350
1421.50,23.4443
1422.00,23.4625
1422.50,23.4893
1423.00,23.5148
1423.50,23.5240
1424.00,23.5074
1424.50,23.4678
1425.00,23.4161
1425.50,23.3618
1426.00,23.3108
1426.50,23.2683
1427.00,23.2436
1427.50,23.2514
1428.00,23.3042
1428.50,23.3985
1429.00,23.5091
1429.50,23.6009
1430.00,23.6518
1430.50,23.6647
1431.00,23.6581
1431.50,23.6472
1432.00,23.6349
1432.50,23.6189
1433.00,23.6009
1433.50,23.5892
1434.00,23.5927
1434.50,23.6135
1435.00,23.6436
1435.50,23.6661
1436.00,23.6610
1436.50,23.6135
1437.00,23.5219
1437.50,23.4028
1438.00,23.2847
1438.50,23.1924
1439.00,23.1317
1439.50,23.0915
1440.00,23.0624
1440.50,23.0526
1441.00,23.0819
1441.50,23.1595
1442.00,23.2690
1442.50,23.3782
1443.00,23.4600
1443.50,23.5038
1444.00,23.5104
1444.50,23.4844
1445.00,23.4344
1445.50,23.3727
1446.00,23.3093
1446.50,23.2452
1447.00,23.1771
1447.50,23.1094
1448.00,23.0588
1448.50,23.0432
1449.00,23.0690
1449.50,23.1298
1450.00,23.2138
1450.50,23.3084
1451.00,23.4008
1451.50,23.4785
1452.00,23.5330
1452.50,23.5632
1453.00,23.5753
1453.50,23.5801
1454.00,23.5906
1454.50,23.6190
1455.00,23.6736
1455.50,23.7534
1456.00,23.8460
1456.50,23.9286
1457.00,23.9746
1457.50,23.9616
1458.00,23.8829
1458.50,23.7550
1459.00,23.6127
1459.50,23.4912
1460.00,23.4078
1460.50,23.3595
1461.00,23.3367
1461.50,23.3387
1462.00,23.3747
1462.50,23.4494
1463.00,23.5495
1463.50,23.6479
1464.00,23.7227
1464.50,23.7712
1465.00,23.8085
1465.50,23.8495
1466.00,23.8913
1466.50,23.9132
1467.00,23.8984
1467.50,23.8552
1468.00,23.8117
1468.50,23.7901
1469.00,23.7900
1469.50,23.7943
1470.00,23.7866
1470.50,23.7594
1471.00,23.7136
1471.50,23.6580
1472.00,23.6109
1472.50,23.5924
1473.00,23.6125
1473.50,23.6641
1474.00,23.7276
1474.50,23.7816
1475.00,23.8120
1475.50,23.8162
1476.00,23.8031
1476.50,23.7878
1477.00,23.7822
1477.50,23.7918
1478.00,23.8186
1478.50,23.8606
1479.00,23.9083
1479.50,23.9490
1480.00,23.9793
1480.50,24.0100
1481.00,24.0508
1481.50,24.0900
1482.00,24.0954
1482.50,24.0404
1483.00,23.9298
1483.50,23.7986
1484.00,23.6868
1484.50,23.6143
1485.00,23.5748
1485.50,23.5502
1486.00,23.5283
1486.50,23.5128
1487.00,23.5181
1487.50,23.5571
1488.00,23.6307
1488.50,23.7269
1489.00,23.8287
1489.50,23.9242
1490.00,24.0093
1490.50,24.0798
1491.00,24.1227
1491.50,24.1221
1492.00,24.0776
1492.50,24.0131
1493.00,23.9623
1493.50,23.9436
1494.00,23.9504
1494.50,23.9637
1495.00,23.9683
1495.50,23.9535
1496.00,23.9087
1496.50,23.8274
1497.00,23.7198
1497.50,23.6163
1498.00,23.5523
1498.50,23.5467
1499.00,23.5937
1499.50,23.6699
1500.00,23.7459
1500.50,23.7948
1501.00,23.8003
1501.50,23.7659
1502.00,23.7164
1502.50,23.6847
1503.00,23.6900
1503.50,23.7265
1504.00,23.7700
1504.50,23.7973
1505.00,23.7992
1505.50,23.7783
1506.00,23.7407
1506.50,23.6942
1507.00,23.6519
1507.50,23.6307
1508.00,23.6412
1508.50,23.6775
1509.00,23.7205
1509.50,23.7504
1510.00,23.7586
1510.50,23.7491
1511.00,23.7357
1511.50,23.7363
1512.00,23.7664
1512.50,23.8302
1513.00,23.9126
1513.50,23.9821
1514.00,24.0084
1514.50,23.9814
1515.00,23.9182
1515.50,23.8525
1516.00,23.8148
1516.50,23.8162
1517.00,23.8460
1517.50,23.8833
1518.00,23.9101
1518.50,23.9178
1519.00,23.9055
1519.50,23.8752
1520.00,23.8287
1520.50,23.7650
1521.00,23.6851
1521.50,23.6015
1522.00,23.5407
1522.50,23.5292
1523.00,23.5723
1523.50,23.6465
1524.00,23.7098
1524.50,23.7265
1525.00,23.6903
1525.50,23.6306
1526.00,23.5956
1526.50,23.6198
1527.00,23.7009
1527.50,23.8012
1528.00,23.8733
1528.50,23.8874
1529.00,23.8478
1529.50,23.7876
1530.00,23.7468
1530.50,23.7476
1531.00,23.7816
1531.50,23.8183
1532.00,23.8286
1532.50,23.8051
1533.00,23.7638
1533.50,23.7288
1534.00,23.7124
1534.50,23.7078
1535.00,23.6979
1535.50,23.6744
1536.00,23.6482
1536.50,23.6411
1537.00,23.6637
1537.50,23.7042
1538.00,23.7398
1538.50,23.7590
1539.00,23.7693
1539.50,23.7829
1540.00,23.8008
1540.50,23.8148
1541.00,23.8244
1541.50,23.8456
1542.00,23.8999
1542.50,23.9949
1543.00,24.1152
1543.50,24.2324
1544.00,24.3215
1544.50,24.3698
1545.00,24.3753
1545.50,24.3403
1546.00,24.2697
1546.50,24.1720
1547.00,24.0619
1547.50,23.9567
1548.00,23.8707
1548.50,23.8106
1549.00,23.7785
1549.50,23.7795
1550.00,23.8228
1550.50,23.9127
1551.00,24.0400
1551.50,24.1833
1552.00,24.3201
1552.50,24.4337
1553.00,24.5120
1553.50,24.5463
1554.00,24.5349
1554.50,24.4853
1555.00,24.4117
1555.50,24.3301
1556.00,24.2550
1556.50,24.1997
1557.00,24.1736
1557.50,24.1788
1558.00,24.2085
1558.50,24.2492
1559.00,24.2844
1559.50,24.3021
1560.00,24.2989
1560.50,24.2813
1561.00,24.2599
1561.50,24.2408
1562.00,24.2209
1562.50,24.1908
1563.00,24.1457
1563.50,24.0945
1564.00,24.0586
1564.50,24.0572
1565.00,24.0928
1565.50,24.1480
1566.00,24.1993
1566.50,24.2362
1567.00,24.2651
1567.50,24.2953
1568.00,24.3229
1568.50,24.3328
1569.00,24.3164
1569.50,24.2859
1570.00,24.2698
1570.50,24.2910
1571.00,24.3457
1571.50,24.4002
1572.00,24.4130
1572.50,24.3640
1573.00,24.2702
1573.50,24.1743
1574.00,24.1188
1574.50,24.1247
1575.00,24.1846
1575.50,24.2671
1576.00,24.3292
1576.50,24.3351
1577.00,24.2724
1577.50,24.1562
1578.00,24.0218
1578.50,23.9109
1579.00,23.8545
1579.50,23.8625
1580.00,23.9227
1580.50,24.0115
1581.00,24.1057
1581.50,24.1871
1582.00,24.2407
1582.50,24.2514
1583.00,24.2074
1583.50,24.1091
1584.00,23.9731
1584.50,23.8279
1585.00,23.7028
1585.50,23.6219
1586.00,23.6024
1586.50,23.6497
1587.00,23.7523
1587.50,23.8820
1588.00,24.0055
1588.50,24.1007
1589.00,24.1659
1589.50,24.2154
1590.00,24.2635
1590.50,24.3104
1591.00,24.3385
1591.50,24.3229
1592.00,24.2493
1592.50,24.1277
1593.00,23.9942
1593.50,23.8979
1594.00,23.8772
1594.50,23.9379
1595.00,24.0508
1595.50,24.1712
1596.00,24.2646
1596.50,24.3196
1597.00,24.3413
1597.50,24.3372
1598.00,24.3067
1598.50,24.2421
1599.00,24.1370
1599.50,23.9947
1600.00,23.8317
1600.50,23.6731
1601.00,23.5447
1601.50,23.4618
1602.00,23.4226
1602.50,23.4124
1603.00,23.4164
1603.50,23.4285
1604.00,23.4520
1604.50,23.4950
1605.00,23.5673
1605.50,23.6759
1606.00,23.8157
1606.50,23.9615
1607.00,24.0712
1607.50,24.1033
1608.00,24.0397
1608.50,23.8984
1609.00,23.7283
1609.50,23.5848
1610.00,23.5025
1610.50,23.4839
1611.00,23.5092
1611.50,23.5574
1612.00,23.6205
1612.50,23.7028
1613.00,23.8118
1613.50,23.9458
1614.00,24.0853
1614.50,24.1957
1615.00,24.2445
1615.50,24.2211
1616.00,24.1460
1616.50,24.0591
1617.00,23.9945
1617.50,23.9604
1618.00,23.9392
1618.50,23.9060
1619.00,23.8477
1619.50,23.7711
1620.00,23.6977
1620.50,23.6511
1621.00,23.6433
1621.50,23.6653
1622.00,23.6907
1622.50,23.6925
1623.00,23.6619
1623.50,23.6120
1624.00,23.5647
1624.50,23.5316
1625.00,23.5084
1625.50,23.4837
1626.00,23.4535
1626.50,23.4265
1627.00,23.4145
1627.50,23.4196
1628.00,23.4347
1628.50,23.4524
1629.00,23.4731
1629.50,23.4983
1630.00,23.5201
1630.50,23.5181
1631.00,23.4729
1631.50,23.3854
1632.00,23.2842
1632.50,23.2109
1633.00,23.1943
1633.50,23.2345
1634.00,23.3067
1634.50,23.3799
1635.00,23.4327
1635.50,23.4572
1636.00,23.4527
1636.50,23.4218
1637.00,23.3709
1637.50,23.3105
1638.00,23.2519
1638.50,23.2046
1639.00,23.1758
1639.50,23.1675
1640.00,23.1748
1640.50,23.1886
1641.00,23.2039
1641.50,23.2227
1642.00,23.2488
1642.50,23.2818
1643.00,23.3208
1643.50,23.3719
1644.00,23.4469
1644.50,23.5479
1645.00,23.6551
1645.50,23.7339
1646.00,23.7587
1646.50,23.7287
1647.00,23.6613
1647.50,23.5752
1648.00,23.4829
1648.50,23.3965
1649.00,23.3323
1649.50,23.3083
1650.00,23.3377
1650.50,23.4212
1651.00,23.5420
1651.50,23.6655
1652.00,23.7525
1652.50,23.7797
1653.00,23.7509
1653.50,23.6898
1654.00,23.6213
1654.50,23.5582
1655.00,23.5038
1655.50,23.4593
1656.00,23.4288
1656.50,23.4155
1657.00,23.4172
1657.50,23.4248
1658.00,23.4249
1658.50,23.4044
1659.00,23.3578
1659.50,23.2916
1660.00,23.2217
1660.50,23.1628
1661.00,23.1182
1661.50,23.0805
1662.00,23.0488
1662.50,23.0406
1663.00,23.0783
1663.50,23.1613
1664.00,23.2602
1664.50,23.3465
1665.00,23.4234
1665.50,23.5158
1666.00,23.6282
1666.50,23.7214
1667.00,23.7382
1667.50,23.6524
1668.00,23.4904
1668.50,23.3102
1669.00,23.1663
1669.50,23.0888
1670.00,23.0827
1670.50,23.1337
1671.00,23.2143
1671.50,23.2939
1672.00,23.3522
1672.50,23.3865
1673.00,23.4068
1673.50,23.4223
1674.00,23.4326
1674.50,23.4305
1675.00,23.4124
1675.50,23.3870
1676.00,23.3733
1676.50,23.3884
1677.00,23.4337
1677.50,23.4903
1678.00,23.5326
1678.50,23.5469
1679.00,23.5404
1679.50,23.5298
1680.00,23.5259
1680.50,23.5275
1681.00,23.5314
1681.50,23.5435
1682.00,23.5778
1682.50,23.6400
1683.00,23.7134
1683.50,23.7630
1684.00,23.7597
1684.50,23.7033
1685.00,23.6224
1685.50,23.5523
1686.00,23.5139
1686.50,23.5091
1687.00,23.5284
1687.50,23.5558
1688.00,23.5715
1688.50,23.5565
1689.00,23.5040
1689.50,23.4256
1690.00,23.3470
1690.50,23.2943
1691.00,23.2797
1691.50,23.2976
1692.00,23.3329
1692.50,23.3741
1693.00,23.4223
1693.50,23.4878
1694.00,23.5775
1694.50,23.6820
1695.00,23.7733
1695.50,23.8176
1696.00,23.7961
1696.50,23.7173
1697.00,23.6126
1697.50,23.5161
1698.00,23.4478
1698.50,23.4079
1699.00,23.3842
1699.50,23.3638
1700.00,23.3414
1700.50,23.3219
1701.00,23.3183
1701.50,23.3471
1702.00,23.4174
1702.50,23.5165
1703.00,23.6075
1703.50,23.6491
1704.00,23.6264
1704.50,23.5636
1705.00,23.5038
1705.50,23.4755
1706.00,23.4748
1706.50,23.4757
1707.00,23.4540
1707.50,23.4071
1708.00,23.3558
1708.50,23.3264
1709.00,23.3306
1709.50,23.3608
1710.00,23.4028
1710.50,23.4490
1711.00,23.4981
1711.50,23.5448
1712.00,23.5791
1712.50,23.5939
1713.00,23.5893
1713.50,23.5689
1714.00,23.5340
1714.50,23.4887
1715.00,23.4499
1715.50,23.4458
1716.00,23.4986
1716.50,23.6050
1717.00,23.7370
1717.50,23.8621
1718.00,23.9631
1718.50,24.0406
1719.00,24.1007
1719.50,24.1488
1720.00,24.1954
1720.50,24.2573
1721.00,24.3455
1721.50,24.4492
1722.00,24.5364
1722.50,24.5752
1723.00,24.5559
1723.50,24.4987
1724.00,24.4408
1724.50,24.4144
1725.00,24.4282
1725.50,24.4676
1726.00,24.5095
1726.50,24.5404
1727.00,24.5626
1727.50,24.5858
1728.00,24.6168
1728.50,24.6556
1729.00,24.6990
1729.50,24.7434
1730.00,24.7809
1730.50,24.7954
1731.00,24.7677
1731.50,24.6924
1732.00,24.5907
1732.50,24.5039
1733.00,24.4684
1733.50,24.4914
1734.00,24.5490
1734.50,24.6035
1735.00,24.6254
1735.50,24.6065
1736.00,24.5612
1736.50,24.5170
1737.00,24.4994
1737.50,24.5166
1738.00,24.5553
1738.50,24.5913
1739.00,24.6073
1739.50,24.6036
1740.00,24.5901
1740.50,24.5725
1741.00,24.5466
1741.50,24.5068
1742.00,24.4580
1742.50,24.4168
1743.00,24.3991
1743.50,24.4060
1744.00,24.4206
1744.50,24.4214
1745.00,24.3994
1745.50,24.3632
1746.00,24.3308
1746.50,24.3187
1747.00,24.3350
1747.50,24.3770
1748.00,24.4317
1748.50,24.4816
1749.00,24.5149
1749.50,24.5307
1750.00,24.5326
1750.50,24.5199
1751.00,24.4885
1751.50,24.4402
1752.00,24.3895
1752.50,24.3576
1753.00,24.3574
1753.50,24.3851
1754.00,24.4268
1754.50,24.4715
1755.00,24.5184
1755.50,24.5671
1756.00,24.6070
1756.50,24.6200
1757.00,24.5990
1757.50,24.5599
1758.00,24.5281
1758.50,24.5140
1759.00,24.5046
1759.50,24.4791
1760.00,24.4310
1760.50,24.3736
1761.00,24.3294
1761.50,24.3131
1762.00,24.3249
1762.50,24.3541
1763.00,24.3889
1763.50,24.4214
1764.00,24.4492
1764.50,24.4761
1765.00,24.5099
1765.50,24.5546
1766.00,24.6041
1766.50,24.6460
1767.00,24.6755
1767.50,24.7024
1768.00,24.7399
1768.50,24.7872
1769.00,24.8276
1769.50,24.8412
1770.00,24.8216
1770.50,24.7800
1771.00,24.7392
1771.50,24.7225
1772.00,24.7408
1772.50,24.7860
1773.00,24.8357
1773.50,24.8667
1774.00,24.8680
1774.50,24.8421
1775.00,24.7999
1775.50,24.7562
1776.00,24.7264
1776.50,24.7204
1777.00,24.7368
1777.50,24.7627
1778.00,24.7837
1778.50,24.7945
1779.00,24.8002
1779.50,24.8084
1780.00,24.8201
1780.50,24.8290
1781.00,24.8278
1781.50,24.8132
1782.00,24.7853
1782.50,24.7466
1783.00,24.7046
1783.50,24.6730
1784.00,24.6627
1784.50,24.6727
1785.00,24.6909
1785.50,24.7041
1786.00,24.7078
1786.50,24.7077
1787.00,24.7146
1787.50,24.7364
1788.00,24.7696
1788.50,24.7973
1789.00,24.7993
1789.50,24.7698
1790.00,24.7250
1790.50,24.6919
1791.00,24.6876
1791.50,24.7077
1792.00,24.7345
1792.50,24.7537
1793.00,24.7642
1793.50,24.7757
1794.00,24.7988
1794.50,24.8354
1795.00,24.8739
1795.50,24.8948
1796.00,24.8848
1796.50,24.8497
1797.00,24.8115
1797.50,24.7908
1798.00,24.7903
1798.50,24.7947
1799.00,24.7870
1799.50,24.7661
1800.00,24.7492
1800.50,24.7598
1801.00,24.8115
1801.50,24.8997
1802.00,25.0024
1802.50,25.0900
1803.00,25.1403
1803.50,25.1454
1804.00,25.1053
1804.50,25.0187
1805.00,24.8863
1805.50,24.7246
1806.00,24.5699
1806.50,24.4606
1807.00,24.4093
1807.50,24.3929
1808.00,24.3712
1808.50,24.3199
1809.00,24.2480
1809.50,24.1880
1810.00,24.1709
1810.50,24.2075
1811.00,24.2844
1811.50,24.3711
1812.00,24.4322
1812.50,24.4444
1813.00,24.4108
1813.50,24.3598
1814.00,24.3240
1814.50,24.3135
1815.00,24.3085
1815.50,24.2804
1816.00,24.2211
1816.50,24.1498
1817.00,24.0928
1817.50,24.0569
1818.00,24.0261
1818.50,23.9811
1819.00,23.9216
1819.50,23.8708
1820.00,23.8611
1820.50,23.9104
1821.00,24.0086
1821.50,24.1203
1822.00,24.2064
1822.50,24.2447
1823.00,24.2360
1823.50,24.1964
1824.00,24.1474
1824.50,24.1087
1825.00,24.0923
1825.50,24.1011
1826.00,24.1317
1826.50,24.1786
1827.00,24.2347
1827.50,24.2896
1828.00,24.3312
1828.50,24.3503
1829.00,24.3432
1829.50,24.3097
1830.00,24.2504
1830.50,24.1680
1831.00,24.0723
1831.50,23.9832
1832.00,23.9249
1832.50,23.9132
1833.00,23.9464
1833.50,24.0084
1834.00,24.0739
1834.50,24.1177
1835.00,24.1253
1835.50,24.1025
1836.00,24.0734
1836.50,24.0625
1837.00,24.0793
1837.50,24.1171
1838.00,24.1651
1838.50,24.2176
1839.00,24.2772
1839.50,24.3486
1840.00,24.4295
1840.50,24.5062
1841.00,24.5580
1841.50,24.5724
1842.00,24.5557
1842.50,24.5286
1843.00,24.5082
1843.50,24.4949
1844.00,24.4775
1844.50,24.4500
1845.00,24.4219
1845.50,24.4104
1846.00,24.4237
1846.50,24.4514
1847.00,24.4721
1847.50,24.4692
1848.00,24.4393
1848.50,24.3871
1849.00,24.3187
1849.50,24.2416
1850.00,24.1716
1850.50,24.1306
1851.00,24.1311
1851.50,24.1624
1852.00,24.1939
1852.50,24.1956
1853.00,24.1586
1853.50,24.0983
1854.00,24.0400
1854.50,24.0027
1855.00,23.9929
1855.50,24.0062
1856.00,24.0300
1856.50,24.0473
1857.00,24.0442
1857.50,24.0174
1858.00,23.9734
1858.50,23.9210
1859.00,23.8643
1859.50,23.8049
1860.00,23.7507
1860.50,23.7189
1861.00,23.7304
1861.50,23.7973
1862.00,23.9114
1862.50,24.0444
1863.00,24.1609
1863.50,24.2352
1864.00,24.2603
1864.50,24.2456
1865.00,24.2070
1865.50,24.1555
1866.00,24.0916
1866.50,24.0079
1867.00,23.9011
1867.50,23.7846
1868.00,23.6857
1868.50,23.6304
1869.00,23.6260
1869.50,23.6597
1870.00,23.7128
1870.50,23.7757
1871.00,23.8506
1871.50,23.9405
1872.00,24.0345
1872.50,24.1066
1873.00,24.1287
1873.50,24.0894
1874.00,24.0030
1874.50,23.9009
1875.00,23.8125
1875.50,23.7472
1876.00,23.6931
1876.50,23.6333
1877.00,23.5647
1877.50,23.5015
1878.00,23.4620
1878.50,23.4561
1879.00,23.4838
1879.50,23.5406
1880.00,23.6173
1880.50,23.6976
1881.00,23.7610
1881.50,23.7921
1882.00,23.7872
1882.50,23.7511
1883.00,23.6922
1883.50,23.6229
1884.00,23.5656
1884.50,23.5461
1885.00,23.5736
1885.50,23.6275
1886.00,23.6694
1886.50,23.6731
1887.00,23.6443
1887.50,23.6151
1888.00,23.6207
1888.50,23.6771
1889.00,23.7731
1889.50,23.8788
1890.00,23.9641
1890.50,24.0132
1891.00,24.0244
1891.50,24.0009
1892.00,23.9433
1892.50,23.8529
1893.00,23.7388
1893.50,23.6226
1894.00,23.5337
1894.50,23.5007
1895.00,23.5381
1895.50,23.6362
1896.00,23.7635
1896.50,23.8810
1897.00,23.9593
1897.50,23.9861
1898.00,23.9659
1898.50,23.9173
1899.00,23.8677
1899.50,23.8372
1900.00,23.8211
1900.50,23.7885
1901.00,23.7065
1901.50,23.5731
1902.00,23.4261
1902.50,23.3182
1903.00,23.2798
1903.50,23.3037
1904.00,23.3598
1904.50,23.4206
1905.00,23.4710
1905.50,23.5044
1906.00,23.5163
1906.50,23.5050
1907.00,23.4749
1907.50,23.4347
1908.00,23.3925
1908.50,23.3537
1909.00,23.3215
1909.50,23.2993
1910.00,23.2908
1910.50,23.2972
1911.00,23.3133
1911.50,23.3282
1912.00,23.3324
1912.50,23.3253
1913.00,23.3155
1913.50,23.3127
1914.00,23.3215
1914.50,23.3402
1915.00,23.3675
1915.50,23.4024
1916.00,23.4406
1916.50,23.4734
1917.00,23.4949
1917.50,23.5102
1918.00,23.5275
1918.50,23.5443
1919.00,23.5446
1919.50,23.5162
1920.00,23.4662
1920.50,23.4191
1921.00,23.3996
1921.50,23.4188
1922.00,23.4706
1922.50,23.5342
1923.00,23.5832
1923.50,23.6019
1924.00,23.5980
1924.50,23.5975
1925.00,23.6264
1925.50,23.6935
1926.00,23.7885
1926.50,23.8892
1927.00,23.9720
1927.50,24.0207
1928.00,24.0340
1928.50,24.0286
1929.00,24.0309
1929.50,24.0563
1930.00,24.0924
1930.50,24.1023
1931.00,24.0514
1931.50,23.9364
1932.00,23.7912
1932.50,23.6658
1933.00,23.5965
1933.50,23.5909
1934.00,23.6327
1934.50,23.6960
1935.00,23.7570
1935.50,23.7991
1936.00,23.8153
1936.50,23.8091
1937.00,23.7906
1937.50,23.7673
1938.00,23.7373
1938.50,23.6914
1939.00,23.6261
1939.50,23.5544
1940.00,23.5025
1940.50,23.4901
1941.00,23.5110
1941.50,23.5348
1942.00,23.5290
1942.50,23.4833
1943.00,23.4135
1943.50,23.3465
1944.00,23.3018
1944.50,23.2839
1945.00,23.2878
1945.50,23.3077
1946.00,23.3380
1946.50,23.3713
1947.00,23.4003
1947.50,23.4238
1948.00,23.4524
1948.50,23.5060
1949.00,23.5999
1949.50,23.7303
1950.00,23.8721
1950.50,23.9925
1951.00,24.0723
1951.50,24.1143
1952.00,24.1378
1952.50,24.1649
1953.00,24.2103
1953.50,24.2776
1954.00,24.3604
1954.50,24.4478
1955.00,24.5281
1955.50,24.5914
1956.00,24.6302
1956.50,24.6408
1957.00,24.6265
1957.50,24.5994
1958.00,24.5763
1958.50,24.5693
1959.00,24.5782
1959.50,24.5927
1960.00,24.6017
1960.50,24.6035
1961.00,24.6062
1961.50,24.6218
1962.00,24.6562
1962.50,24.7047
1963.00,24.7529
1963.50,24.7861
1964.00,24.7968
1964.50,24.7876
1965.00,24.7667
1965.50,24.7441
1966.00,24.7298
1966.50,24.7295
1967.00,24.7363
1967.50,24.7304
1968.00,24.6944
1968.50,24.6339
1969.00,24.5788
1969.50,24.5600
1970.00,24.5815
1970.50,24.6170
1971.00,24.6314
1971.50,24.6084
1972.00,24.5617
1972.50,24.5269
1973.00,24.5408
1973.50,24.6202
1974.00,24.7495
1974.50,24.8863
1975.00,24.9834
1975.50,25.0143
1976.00,24.9834
1976.50,24.9182
1977.00,24.8509
1977.50,24.8033
1978.00,24.7811
1978.50,24.7765
1979.00,24.7764
1979.50,24.7712
1980.00,24.7561
1980.50,24.7286
1981.00,24.6866
1981.50,24.6310
1982.00,24.5713
1982.50,24.5260
1983.00,24.5125
1983.50,24.5332
1984.00,24.5707
1984.50,24.6005
1985.00,24.6107
1985.50,24.6096
1986.00,24.6149
1986.50,24.6356
1987.00,24.6648
1987.50,24.6877
1988.00,24.6944
1988.50,24.6878
1989.00,24.6809
1989.50,24.6865
1990.00,24.7054
1990.50,24.7254
1991.00,24.7322
1991.50,24.7240
1992.00,24.7126
1992.50,24.7103
1993.00,24.7173
1993.50,24.7216
1994.00,24.7123
1994.50,24.6900
1995.00,24.6660
1995.50,24.6513
1996.00,24.6463
1996.50,24.6417
1997.00,24.6277
1997.50,24.6021
1998.00,24.5709
1998.50,24.5444
1999.00,24.5333
1999.50,24.5447
2000.00,24.5798
2000.50,24.6343
2001.00,24.7034
2001.50,24.7825
2002.00,24.8650
2002.50,24.9397
2003.00,24.9941
2003.50,25.0190
2004.00,25.0109
2004.50,24.9698
2005.00,24.8982
2005.50,24.8045
2006.00,24.7048
2006.50,24.6199
2007.00,24.5639
2007.50,24.5366
2008.00,24.5245
2008.50,24.5127
2009.00,24.4959
2009.50,24.4792
2010.00,24.4691
2010.50,24.4636
2011.00,24.4515
2011.50,24.4209
2012.00,24.3694
2012.50,24.3076
2013.00,24.2548
2013.50,24.2322
2014.00,24.2527
2014.50,24.3129
2015.00,24.3894
2015.50,24.4449
2016.00,24.4472
2016.50,24.3909
2017.00,24.3028
2017.50,24.2264
2018.00,24.1942
2018.50,24.2113
2019.00,24.2581
2019.50,24.3043
2020.00,24.3232
2020.50,24.3022
2021.00,24.2487
2021.50,24.1833
2022.00,24.1235
2022.50,24.0726
2023.00,24.0269
2023.50,23.9917
2024.00,23.9852
2024.50,24.0224
2025.00,24.0978
2025.50,24.1837
2026.00,24.2464
2026.50,24.2640
2027.00,24.2333
2027.50,24.1667
2028.00,24.0868
2028.50,24.0220
2029.00,23.9987
2029.50,24.0257
2030.00,24.0815
2030.50,24.1195
2031.00,24.0977
2031.50,24.0085
2032.00,23.8834
2032.50,23.7672
2033.00,23.6898
2033.50,23.6598
2034.00,23.6740
2034.50,23.7261
2035.00,23.8074
2035.50,23.9064
2036.00,24.0106
2036.50,24.1070
2037.00,24.1803
2037.50,24.2152
2038.00,24.2029
2038.50,24.1475
2039.00,24.0645
2039.50,23.9736
2040.00,23.8940
2040.50,23.8395
2041.00,23.8128
2041.50,23.8045
2042.00,23.7984
2042.50,23.7843
2043.00,23.7656
2043.50,23.7553
2044.00,23.7659
2044.50,23.8006
2045.00,23.8503
2045.50,23.8976
2046.00,23.9274
2046.50,23.9368
2047.00,23.9377
2047.50,23.9434
2048.00,23.9549
2048.50,23.9583
2049.00,23.9363
2049.50,23.8815
2050.00,23.8011
2050.50,23.7165
2051.00,23.6594
2051.50,23.6589
2052.00,23.7218
2052.50,23.8214
2053.00,23.9130
2053.50,23.9621
2054.00,23.9609
2054.50,23.9209
2055.00,23.8609
2055.50,23.8002
2056.00,23.7564
2056.50,23.7401
2057.00,23.7471
2057.50,23.7580
2058.00,23.7519
2058.50,23.7247
2059.00,23.6927
2059.50,23.6774
2060.00,23.6834
2060.50,23.6939
2061.00,23.6871
2061.50,23.6540
2062.00,23.6035
2062.50,23.5553
2063.00,23.5305
2063.50,23.5430
2064.00,23.5924
2064.50,23.6619
2065.00,23.7258
2065.50,23.7619
2066.00,23.7612
2066.50,23.7330
2067.00,23.7032
2067.50,23.7030
2068.00,23.7487
2068.50,23.8259
2069.00,23.8972
2069.50,23.9303
2070.00,23.9220
2070.50,23.8967
2071.00,23.8834
2071.50,23.8941
2072.00,23.9207
2072.50,23.9440
2073.00,23.9466
2073.50,23.9214
2074.00,23.8735
2074.50,23.8178
2075.00,23.7706
2075.50,23.7436
2076.00,23.7427
2076.50,23.7711
2077.00,23.8292
2077.50,23.9088
2078.00,23.9904
2078.50,24.0496
2079.00,24.0686
2079.50,24.0440
2080.00,23.9870
2080.50,23.9202
2081.00,23.8740
2081.50,23.8782
2082.00,23.9491
2082.50,24.0760
2083.00,24.2173
2083.50,24.3148
2084.00,24.3233
2084.50,24.2400
2085.00,24.1075
2085.50,23.9855
2086.00,23.9099
2086.50,23.8752
2087.00,23.8512
2087.50,23.8155
2088.00,23.7721
2088.50,23.7423
2089.00,23.7412
2089.50,23.7612
2090.00,23.7774
2090.50,23.7682
2091.00,23.7354
2091.50,23.7033
2092.00,23.7016
2092.50,23.7455
2093.00,23.8282
2093.50,23.9255
2094.00,24.0039
2094.50,24.0297
2095.00,23.9811
2095.50,23.8601
2096.00,23.6936
2096.50,23.5187
2097.00,23.3653
2097.50,23.2474
2098.00,23.1660
2098.50,23.1142
2099.00,23.0805
2099.50,23.0560
2100.00,23.0405
2100.50,23.0423
2101.00,23.0705
2101.50,23.1265
2102.00,23.1995
2102.50,23.2715
2103.00,23.3257
2103.50,23.3580
2104.00,23.3800
2104.50,23.4091
2105.00,23.4524
2105.50,23.4990
2106.00,23.5285
2106.50,23.5280
2107.00,23.5009
2107.50,23.4607
2108.00,23.4178
2108.50,23.3711
2109.00,23.3125
2109.50,23.2403
2110.00,23.1684
2110.50,23.1226
2111.00,23.1241
2111.50,23.1757
2112.00,23.2589
2112.50,23.3472
2113.00,23.4254
2113.50,23.4990
2114.00,23.5841
2114.50,23.6875
2115.00,23.7993
2115.50,23.9033
2116.00,23.9924
2116.50,24.0703
2117.00,24.1416
2117.50,24.2025
2118.00,24.2390
2118.50,24.2318
2119.00,24.1664
2119.50,24.0419
2120.00,23.8764
2120.50,23.7031
2121.00,23.5593
2121.50,23.4743
2122.00,23.4610
2122.50,23.5122
2123.00,23.6022
2123.50,23.6943
2124.00,23.7534
2124.50,23.7580
2125.00,23.7056
2125.50,23.6096
2126.00,23.4942
2126.50,23.3913
2127.00,23.3322
2127.50,23.3347
2128.00,23.3893
2128.50,23.4604
2129.00,23.5072
2129.50,23.5100
2130.00,23.4837
2130.50,23.4652
2131.00,23.4875
2131.50,23.5583
2132.00,23.6580
2132.50,23.7555
2133.00,23.8257
2133.50,23.8610
2134.00,23.8724
2134.50,23.8829
2135.00,23.9129
2135.50,23.9635
2136.00,24.0128
2136.50,24.0327
2137.00,24.0135
2137.50,23.9701
2138.00,23.9264
2138.50,23.8955
2139.00,23.8733
2139.50,23.8464
2140.00,23.8047
2140.50,23.7498
2141.00,23.6959
2141.50,23.6622
2142.00,23.6594
2142.50,23.6793
2143.00,23.7003
2143.50,23.7029
2144.00,23.6840
2144.50,23.6585
2145.00,23.6457
2145.50,23.6535
2146.00,23.6714
2146.50,23.6800
2147.00,23.6686
2147.50,23.6453
2148.00,23.6279
2148.50,23.6263
2149.00,23.6327
2149.50,23.6298
2150.00,23.6084
2150.50,23.5752
2151.00,23.5475
2151.50,23.5421
2152.00,23.5672
2152.50,23.6217
2153.00,23.6936
2153.50,23.7606
2154.00,23.7968
2154.50,23.7859
2155.00,23.7328
2155.50,23.6627
2156.00,23.6099
2156.50,23.6014
2157.00,23.6455
2157.50,23.7290
2158.00,23.8235
2158.50,23.9002
2159.00,23.9447
2159.50,23.9617
2160.00,23.9650
2160.50,23.9623
2161.00,23.9516
2161.50,23.9359
2162.00,23.9340
2162.50,23.9716
2163.00,24.0580
2163.50,24.1736
2164.00,24.2802
2164.50,24.3423
2165.00,24.3428
2165.50,24.2902
2166.00,24.2128
2166.50,24.1412
2167.00,24.0914
2167.50,24.0630
2168.00,24.0527
2168.50,24.0585
2169.00,24.0691
2169.50,24.0568
2170.00,23.9918
2170.50,23.8674
2171.00,23.7102
2171.50,23.5682
2172.00,23.4870
2172.50,23.4878
2173.00,23.5563
2173.50,23.6507
2174.00,23.7284
2174.50,23.7744
2175.00,23.8076
2175.50,23.8603
2176.00,23.9479
2176.50,24.0552
2177.00,24.1473
2177.50,24.1953
2178.00,24.1942
2178.50,24.1623
2179.00,24.1255
2179.50,24.1026
2180.00,24.1012
2180.50,24.1207
2181.00,24.1565
2181.50,24.2015
2182.00,24.2493
2182.50,24.2959
2183.00,24.3365
2183.50,24.3601
2184.00,24.3523
2184.50,24.3072
2185.00,24.2362
2185.50,24.1617
2186.00,24.1024
2186.50,24.0616
2187.00,24.0297
2187.50,23.9958
2188.00,23.9575
2188.50,23.9223
2189.00,23.9014
2189.50,23.9051
2190.00,23.9404
2190.50,24.0067
2191.00,24.0900
2191.50,24.1651
2192.00,24.2091
2192.50,24.2156
2193.00,24.1943
2193.50,24.1571
2194.00,24.1085
2194.50,24.0470
2195.00,23.9740
2195.50,23.8987
2196.00,23.8368
2196.50,23.8070
2197.00,23.8236
2197.50,23.8880
2198.00,23.9843
2198.50,24.0855
2199.00,24.1667
2199.50,24.2161
2200.00,24.2354
2200.50,24.2336
2201.00,24.2203
2201.50,24.2030
2202.00,24.1854
2202.50,24.1665
2203.00,24.1400
2203.50,24.0989
2204.00,24.0445
2204.50,23.9911
2205.00,23.9582
2205.50,23.9553
2206.00,23.9726
2206.50,23.9879
2207.00,23.9841
2207.50,23.9615
2208.00,23.9359
2208.50,23.9252
2209.00,23.9379
2209.50,23.9700
2210.00,24.0099
2210.50,24.0427
2211.00,24.0540
2211.50,24.0332
2212.00,23.9809
2212.50,23.9144
2213.00,23.8629
2213.50,23.8478
2214.00,23.8667
2214.50,23.8951
2215.00,23.9090
2215.50,23.9040
2216.00,23.8941
2216.50,23.8957
2217.00,23.9135
2217.50,23.9389
2218.00,23.9576
2218.50,23.9591
2219.00,23.9437
2219.50,23.9203
2220.00,23.8981
2220.50,23.8788
2221.00,23.8603
2221.50,23.8500
2222.00,23.8693
2222.50,23.9421
2223.00,24.0727
2223.50,24.2347
2224.00,24.3794
2224.50,24.4609
2225.00,24.4614
2225.50,24.3989
2226.00,24.3112
2226.50,24.2330
2227.00,24.1825
2227.50,24.1617
2228.00,24.1646
2228.50,24.1844
2229.00,24.2192
2229.50,24.2725
2230.00,24.3471
2230.50,24.4376
2231.00,24.5277
2231.50,24.5985
2232.00,24.6394
2232.50,24.6539
2233.00,24.6532
2233.50,24.6470
2234.00,24.6373
2234.50,24.6205
2235.00,24.5943
2235.50,24.5619
2236.00,24.5330
2236.50,24.5179
2237.00,24.5197
2237.50,24.5293
2238.00,24.5300
2238.50,24.5092
2239.00,24.4690
2239.50,24.4225
2240.00,24.3805
2240.50,24.3414
2241.00,24.2941
2241.50,24.2321
2242.00,24.1654
2242.50,24.1183
2243.00,24.1111
2243.50,24.1408
2244.00,24.1784
2244.50,24.1892
2245.00,24.1579
2245.50,24.0955
2246.00,24.0247
2246.50,23.9626
2247.00,23.9182
2247.50,23.8989
2248.00,23.9133
2248.50,23.9644
2249.00,24.0432
2249.50,24.1333
2250.00,24.2214
2250.50,24.3037
2251.00,24.3825
2251.50,24.4560
2252.00,24.5114
2252.50,24.5321
2253.00,24.5134
2253.50,24.4693
2254.00,24.4256
2254.50,24.4041
2255.00,24.4152
2255.50,24.4561
2256.00,24.5119
2256.50,24.5579
2257.00,24.5689
2257.50,24.5301
2258.00,24.4419
2258.50,24.3157
2259.00,24.1710
2259.50,24.0369
2260.00,23.9503
2260.50,23.9406
2261.00,24.0092
2261.50,24.1240
2262.00,24.2367
2262.50,24.3107
2263.00,24.3365
2263.50,24.3270
2264.00,24.3019
2264.50,24.2736
2265.00,24.2438
2265.50,24.2102
2266.00,24.1742
2266.50,24.1425
2267.00,24.1210
2267.50,24.1118
2268.00,24.1141
2268.50,24.1273
2269.00,24.1515
2269.50,24.1852
2270.00,24.2244
2270.50,24.2608
2271.00,24.2834
2271.50,24.2851
2272.00,24.2691
2272.50,24.2472
2273.00,24.2295
2273.50,24.2179
2274.00,24.2100
2274.50,24.2077
2275.00,24.2203
2275.50,24.2562
2276.00,24.3090
2276.50,24.3563
2277.00,24.3750
2277.50,24.3602
2278.00,24.3281
2278.50,24.3014
2279.00,24.2936
2279.50,24.3042
2280.00,24.3230
2280.50,24.3380
2281.00,24.3420
2281.50,24.3379
2282.00,24.3341
2282.50,24.3341
2283.00,24.3294
2283.50,24.3078
2284.00,24.2694
2284.50,24.2315
2285.00,24.2168
2285.50,24.2365
2286.00,24.2830
2286.50,24.3389
2287.00,24.3911
2287.50,24.4344
2288.00,24.4628
2288.50,24.4625
2289.00,24.4201
2289.50,24.3376
2290.00,24.2407
2290.50,24.1673
2291.00,24.1455
2291.50,24.1796
2292.00,24.2522
2292.50,24.3384
2293.00,24.4155
2293.50,24.4672
2294.00,24.4859
2294.50,24.4744
2295.00,24.4461
2295.50,24.4201
2296.00,24.4140
2296.50,24.4339
2297.00,24.4692
2297.50,24.4978
2298.00,24.5023
2298.50,24.4843
2299.00,24.4652
2299.50,24.4714
2300.00,24.5152
2300.50,24.5830
2301.00,24.6429
2301.50,24.6665
2302.00,24.6483
2302.50,24.6059
2303.00,24.5629
2303.50,24.5307
2304.00,24.5047
2304.50,24.4746
2305.00,24.4362
2305.50,24.3946
2306.00,24.3581
2306.50,24.3312
2307.00,24.3107
2307.50,24.2887
2308.00,24.2596
2308.50,24.2227
2309.00,24.1797
2309.50,24.1359
2310.00,24.1069
2310.50,24.1192
2311.00,24.1899
2311.50,24.3015
2312.00,24.4031
2312.50,24.4465
2313.00,24.4222
2313.50,24.3592
2314.00,24.2950
2314.50,24.2481
2315.00,24.2168
2315.50,24.1927
2316.00,24.1716
2316.50,24.1569
2317.00,24.1592
2317.50,24.1919
2318.00,24.2605
2318.50,24.3555
2319.00,24.4585
2319.50,24.5580
2320.00,24.6564
2320.50,24.7579
2321.00,24.8524
2321.50,24.9170
2322.00,24.9338
2322.50,24.9055
2323.00,24.8525
2323.50,24.7974
2324.00,24.7511
2324.50,24.7119
2325.00,24.6745
2325.50,24.6380
2326.00,24.6047
2326.50,24.5729
2327.00,24.5381
2327.50,24.5024
2328.00,24.4801
2328.50,24.4892
2329.00,24.5365
2329.50,24.6142
2330.00,24.7048
2330.50,24.7863
2331.00,24.8363
2331.50,24.8395
2332.00,24.7938
2332.50,24.7124
2333.00,24.6155
2333.50,24.5212
2334.00,24.4365
2334.50,24.3554
2335.00,24.2656
2335.50,24.1606
2336.00,24.0472
2336.50,23.9419
2337.00,23.8621
2337.50,23.8189
2338.00,23.8133
2338.50,23.8369
2339.00,23.8780
2339.50,23.9281
2340.00,23.9829
2340.50,24.0375
2341.00,24.0834
2341.50,24.1115
2342.00,24.1170
2342.50,24.0995
2343.00,24.0625
2343.50,24.0164
2344.00,23.9800
2344.50,23.9714
2345.00,23.9959
2345.50,24.0429
2346.00,24.0968
2346.50,24.1492
2347.00,24.1974
2347.50,24.2348
2348.00,24.2506
2348.50,24.2410
2349.00,24.2165
2349.50,24.1926
2350.00,24.1740
2350.50,24.1532
2351.00,24.1237
2351.50,24.0914
2352.00,24.0705
2352.50,24.0691
2353.00,24.0811
2353.50,24.0906
2354.00,24.0810
2354.50,24.0416
2355.00,23.9699
2355.50,23.8736
2356.00,23.7717
2356.50,23.6914
2357.00,23.6601
2357.50,23.6915
2358.00,23.7769
2358.50,23.8882
2359.00,23.9932
2359.50,24.0714
2360.00,24.1188
2360.50,24.1435
2361.00,24.1570
2361.50,24.1669
2362.00,24.1722
2362.50,24.1618
2363.00,24.1192
2363.50,24.0331
2364.00,23.9087
2364.50,23.7690
2365.00,23.6450
2365.50,23.5627
2366.00,23.5336
2366.50,23.5529
2367.00,23.6046
2367.50,23.6696
2368.00,23.7310
2368.50,23.7753
2369.00,23.7908
2369.50,23.7712
2370.00,23.7212
2370.50,23.6577
2371.00,23.6020
2371.50,23.5669
2372.00,23.5508
2372.50,23.5426
2373.00,23.5338
2373.50,23.5274
2374.00,23.5340
2374.50,23.5603
2375.00,23.5992
2375.50,23.6331
2376.00,23.6476
2376.50,23.6443
2377.00,23.6442
2377.50,23.6773
2378.00,23.7628
2378.50,23.8911
2379.00,24.0257
2379.50,24.1257
2380.00,24.1725
2380.50,24.1775
2381.00,24.1628
2381.50,24.1375
2382.00,24.0917
2382.50,24.0116
2383.00,23.8990
2383.50,23.7744
2384.00,23.6659
2384.50,23.5947
2385.00,23.5665
2385.50,23.5711
2386.00,23.5893
2386.50,23.6075
2387.00,23.6290
2387.50,23.6705
2388.00,23.7441
2388.50,23.8382
2389.00,23.9185
2389.50,23.9500
2390.00,23.9227
2390.50,23.8588
2391.00,23.7987
2391.50,23.7769
2392.00,23.8053
2392.50,23.8712
2393.00,23.9442
2393.50,23.9890
2394.00,23.9798
2394.50,23.9144
2395.00,23.8183
2395.50,23.7288
2396.00,23.6697
2396.50,23.6391
2397.00,23.6219
2397.50,23.6081
2398.00,23.5975
2398.50,23.5898
2399.00,23.5778
2399.50,23.5532
2400.00,23.5207
2400.50,23.5056
2401.00,23.5420
2401.50,23.6471
2402.00,23.7981
2402.50,23.9371
2403.00,24.0036
2403.50,23.9747
2404.00,23.8813
2404.50,23.7865
2405.00,23.7421
2405.50,23.7580
2406.00,23.8084
2406.50,23.8612
2407.00,23.9001
2407.50,23.9277
2408.00,23.9584
2408.50,24.0096
2409.00,24.0906
2409.50,24.1950
2410.00,24.3037
2410.50,24.3958
2411.00,24.4613
2411.50,24.5056
2412.00,24.5429
2412.50,24.5833
2413.00,24.6227
2413.50,24.6475
2414.00,24.6466
2414.50,24.6194
2415.00,24.5740
2415.50,24.5207
2416.00,24.4669
2416.50,24.4160
2417.00,24.3671
2417.50,24.3169
2418.00,24.2635
2418.50,24.2078
2419.00,24.1526
2419.50,24.0983
2420.00,24.0398
2420.50,23.9693
2421.00,23.8812
2421.50,23.7763
2422.00,23.6635
2422.50,23.5593
2423.00,23.4811
2423.50,23.4383
2424.00,23.4291
2424.50,23.4464
2425.00,23.4834
2425.50,23.5324
2426.00,23.5803
2426.50,23.6150
2427.00,23.6346
2427.50,23.6480
2428.00,23.6652
2428.50,23.6907
2429.00,23.7267
2429.50,23.7744
2430.00,23.8297
2430.50,23.8828
2431.00,23.9269
2431.50,23.9665
2432.00,24.0126
2432.50,24.0671
2433.00,24.1147
2433.50,24.1308
2434.00,24.0968
2434.50,24.0123
2435.00,23.8981
2435.50,23.7915
2436.00,23.7323
2436.50,23.7429
2437.00,23.8129
2437.50,23.9037
2438.00,23.9726
2438.50,23.9985
2439.00,23.9897
2439.50,23.9710
2440.00,23.9650
2440.50,23.9816
2441.00,24.0201
2441.50,24.0758
2442.00,24.1452
2442.50,24.2254
2443.00,24.3095
2443.50,24.3825
2444.00,24.4224
2444.50,24.4126
2445.00,24.3558
2445.50,24.2751
2446.00,24.1982
2446.50,24.1398
2447.00,24.0987
2447.50,24.0707
2448.00,24.0590
2448.50,24.0734
2449.00,24.1183
2449.50,24.1830
2450.00,24.2409
2450.50,24.2624
2451.00,24.2307
2451.50,24.1531
2452.00,24.0573
2452.50,23.9747
2453.00,23.9245
2453.50,23.9073
2454.00,23.9087
2454.50,23.9102
2455.00,23.8992
2455.50,23.8746
2456.00,23.8430
2456.50,23.8089
2457.00,23.7752
2457.50,23.7512
2458.00,23.7552
2458.50,23.8023
2459.00,23.8901
2459.50,23.9999
2460.00,24.1123
2460.50,24.2174
2461.00,24.3146
2461.50,24.4044
2462.00,24.4828
2462.50,24.5419
2463.00,24.5781
2463.50,24.6014
2464.00,24.6306
2464.50,24.6767
2465.00,24.7290
2465.50,24.7611
2466.00,24.7517
2466.50,24.7023
2467.00,24.6348
2467.50,24.5736
2468.00,24.5289
2468.50,24.4981
2469.00,24.4800
2469.50,24.4847
2470.00,24.5252
2470.50,24.5996
2471.00,24.6841
2471.50,24.7424
2472.00,24.7477
2472.50,24.6999
2473.00,24.6249
2473.50,24.5572
2474.00,24.5191
2474.50,24.5139
2475.00,24.5337
2475.50,24.5679
2476.00,24.6060
2476.50,24.6401
2477.00,24.6690
2477.50,24.6985
2478.00,24.7358
2478.50,24.7823
2479.00,24.8328
2479.50,24.8800
2480.00,24.9192
2480.50,24.9505
2481.00,24.9778
2481.50,25.0055
2482.00,25.0334
2482.50,25.0543
2483.00,25.0579
2483.50,25.0401
2484.00,25.0090
2484.50,24.9824
2485.00,24.9777
2485.50,25.0017
2486.00,25.0458
2486.50,25.0935
2487.00,25.1337
2487.50,25.1655
2488.00,25.1878
2488.50,25.1875
2489.00,25.1458
2489.50,25.0592
2490.00,24.9502
2490.50,24.8557
2491.00,24.8033
2491.50,24.7996
2492.00,24.8370
2492.50,24.9034
2493.00,24.9823
2493.50,25.0489
2494.00,25.0764
2494.50,25.0544
2495.00,25.0032
2495.50,24.9666
2496.00,24.9826
2496.50,25.0563
2497.00,25.1587
2497.50,25.2513
2498.00,25.3136
2498.50,25.3498
2499.00,25.3738
2499.50,25.3901
2500.00,25.3923
2500.50,25.3771
2501.00,25.3543
2501.50,25.3379
2502.00,25.3310
2502.50,25.3213
2503.00,25.2925
2503.50,25.2405
2504.00,25.1826
2504.50,25.1500
2505.00,25.1668
2505.50,25.2278
2506.00,25.3008
2506.50,25.3501
2507.00,25.3630
2507.50,25.3540
2508.00,25.3502
2508.50,25.3738
2509.00,25.4306
2509.50,25.5079
2510.00,25.5805
2510.50,25.6262
2511.00,25.6378
2511.50,25.6229
2512.00,25.5944
2512.50,25.5611
2513.00,25.5275
2513.50,25.4959
2514.00,25.4687
2514.50,25.4474
2515.00,25.4318
2515.50,25.4211
2516.00,25.4171
2516.50,25.4261
2517.00,25.4545
2517.50,25.5004
2518.00,25.5503
2518.50,25.5867
2519.00,25.6000
2519.50,25.5924
2520.00,25.5720
2520.50,25.5447
2521.00,25.5126
2521.50,25.4815
2522.00,25.4623
2522.50,25.4635
2523.00,25.4801
2523.50,25.4931
2524.00,25.4814
2524.50,25.4373
2525.00,25.3695
2525.50,25.2923
2526.00,25.2132
2526.50,25.1306
2527.00,25.0413
2527.50,24.9506
2528.00,24.8719
2528.50,24.8172
2529.00,24.7844
2529.50,24.7576
2530.00,24.7195
2530.50,24.6645
2531.00,24.6016
2531.50,24.5465
2532.00,24.5131
2532.50,24.5077
2533.00,24.5238
2533.50,24.5424
2534.00,24.5418
2534.50,24.5123
2535.00,24.4613
2535.50,24.4058
2536.00,24.3607
2536.50,24.3338
2537.00,24.3261
2537.50,24.3333
2538.00,24.3475
2538.50,24.3587
2539.00,24.3578
2539.50,24.3413
2540.00,24.3165
2540.50,24.3001
2541.00,24.3060
2541.50,24.3298
2542.00,24.3456
2542.50,24.3227
2543.00,24.2473
2543.50,24.1340
2544.00,24.0192
2544.50,23.9439
2545.00,23.9367
2545.50,24.0024
2546.00,24.1185
2546.50,24.2431
2547.00,24.3351
2547.50,24.3754
2548.00,24.3738
2548.50,24.3547
2549.00,24.3363
2549.50,24.3217
2550.00,24.3083
2550.50,24.2976
2551.00,24.2926
2551.50,24.2874
2552.00,24.2675
2552.50,24.2227
2553.00,24.1583
2553.50,24.0933
2554.00,24.0474
2554.50,24.0317
2555.00,24.0454
2555.50,24.0771
2556.00,24.1102
2556.50,24.1319
2557.00,24.1420
2557.50,24.1518
2558.00,24.1741
2558.50,24.2136
2559.00,24.2638
2559.50,24.3104
2560.00,24.3382
2560.50,24.3398
2561.00,24.3232
2561.50,24.3104
2562.00,24.3271
2562.50,24.3897
2563.00,24.4986
2563.50,24.6370
2564.00,24.7731
2564.50,24.8678
2565.00,24.8900
2565.50,24.8353
2566.00,24.7330
2566.50,24.6307
2567.00,24.5659
2567.50,24.5453
2568.00,24.5482
2568.50,24.5486
2569.00,24.5365
2569.50,24.5232
2570.00,24.5292
2570.50,24.5669
2571.00,24.6309
2571.50,24.7010
2572.00,24.7547
2572.50,24.7783
2573.00,24.7701
2573.50,24.7362
2574.00,24.6862
2574.50,24.6322
2575.00,24.5895
2575.50,24.5729
2576.00,24.5873
2576.50,24.6202
2577.00,24.6485
2577.50,24.6537
2578.00,24.6336
2578.50,24.5997
2579.00,24.5664
2579.50,24.5445
2580.00,24.5433
2580.50,24.5718
2581.00,24.6341
2581.50,24.7211
2582.00,24.8108
2582.50,24.8791
2583.00,24.9140
2583.50,24.9206
2584.00,24.9143
2584.50,24.9097
2585.00,24.9112
2585.50,24.9122
2586.00,24.9031
2586.50,24.8832
2587.00,24.8648
2587.50,24.8635
2588.00,24.8813
2588.50,24.9022
2589.00,24.9054
2589.50,24.8834
2590.00,24.8502
2590.50,24.8307
2591.00,24.8426
2591.50,24.8824
2592.00,24.9277
2592.50,24.9490
2593.00,24.9250
2593.50,24.8516
2594.00,24.7460
2594.50,24.6404
2595.00,24.5707
2595.50,24.5601
2596.00,24.6077
2596.50,24.6873
2597.00,24.7614
2597.50,24.8037
2598.00,24.8143
2598.50,24.8144
2599.00,24.8232
2599.50,24.8388
2600.00,24.8401
2600.50,24.8067
2601.00,24.7339
2601.50,24.6316
2602.00,24.5168
2602.50,24.4113
2603.00,24.3416
2603.50,24.3259
2604.00,24.3564
2604.50,24.3991
2605.00,24.4188
2605.50,24.4076
2606.00,24.3880
2606.50,24.3877
2607.00,24.4150
2607.50,24.4559
2608.00,24.4905
2608.50,24.5066
2609.00,24.5022
2609.50,24.4835
2610.00,24.4621
2610.50,24.4496
2611.00,24.4501
2611.50,24.4541
2612.00,24.4434
2612.50,24.4033
2613.00,24.3341
2613.50,24.2540
2614.00,24.1912
2614.50,24.1720
2615.00,24.2085
2615.50,24.2925
2616.00,24.3987
2616.50,24.4974
2617.00,24.5675
2617.50,24.6016
2618.00,24.6021
2618.50,24.5737
2619.00,24.5214
2619.50,24.4519
2620.00,24.3761
2620.50,24.3067
2621.00,24.2525
2621.50,24.2159
2622.00,24.1951
2622.50,24.1849
2623.00,24.1774
2623.50,24.1636
2624.00,24.1429
2624.50,24.1273
2625.00,24.1338
2625.50,24.1680
2626.00,24.2166
2626.50,24.2582
2627.00,24.2833
2627.50,24.3019
2628.00,24.3305
2628.50,24.3748
2629.00,24.4250
2629.50,24.4649
2630.00,24.4837
2630.50,24.4820
2631.00,24.4693
2631.50,24.4565
2632.00,24.4484
2632.50,24.4437
2633.00,24.4407
2633.50,24.4429
2634.00,24.4590
2634.50,24.4941
2635.00,24.5441
2635.50,24.5955
2636.00,24.6356
2636.50,24.6602
2637.00,24.6747
2637.50,24.6884
2638.00,24.7075
2638.50,24.7331
2639.00,24.7620
2639.50,24.7911
2640.00,24.8213
2640.50,24.8577
2641.00,24.9027
2641.50,24.9488
2642.00,24.9766
2642.50,24.9664
2643.00,24.9126
2643.50,24.8307
2644.00,24.7483
2644.50,24.6874
2645.00,24.6497
2645.50,24.6165
2646.00,24.5630
2646.50,24.4795
2647.00,24.3801
2647.50,24.2921
2648.00,24.2340
2648.50,24.2016
2649.00,24.1752
2649.50,24.1394
2650.00,24.0976
2650.50,24.0707
2651.00,24.0811
2651.50,24.1372
2652.00,24.2276
2652.50,24.3291
2653.00,24.4198
2653.50,24.4865
2654.00,24.5282
2654.50,24.5559
2655.00,24.5888
2655.50,24.6446
2656.00,24.7276
2656.50,24.8269
2657.00,24.9239
2657.50,25.0021
2658.00,25.0515
2658.50,25.0680
2659.00,25.0540
2659.50,25.0165
2660.00,24.9658
2660.50,24.9139
2661.00,24.8746
2661.50,24.8601
2662.00,24.8752
2662.50,24.9146
2663.00,24.9651
2663.50,25.0125
2664.00,25.0448
2664.50,25.0536
2665.00,25.0334
2665.50,24.9853
2666.00,24.9208
2666.50,24.8623
2667.00,24.8375
2667.50,24.8656
2668.00,24.9447
2668.50,25.0474
2669.00,25.1341
2669.50,25.1738
2670.00,25.1619
2670.50,25.1195
2671.00,25.0778
2671.50,25.0583
2672.00,25.0630
2672.50,25.0819
2673.00,25.1040
2673.50,25.1216
2674.00,25.1246
2674.50,25.0999
2675.00,25.0393
2675.50,24.9488
2676.00,24.8463
2676.50,24.7513
2677.00,24.6779
2677.50,24.6376
2678.00,24.6430
2678.50,24.7030
2679.00,24.8117
2679.50,24.9457
2680.00,25.0723
2680.50,25.1609
2681.00,25.1939
2681.50,25.1746
2682.00,25.1285
2682.50,25.0917
2683.00,25.0876
2683.50,25.1107
2684.00,25.1345
2684.50,25.1351
2685.00,25.1090
2685.50,25.0725
2686.00,25.0492
2686.50,25.0587
2687.00,25.1083
2687.50,25.1891
2688.00,25.2753
2688.50,25.3356
2689.00,25.3499
2689.50,25.3189
2690.00,25.2597
2690.50,25.1951
2691.00,25.1470
2691.50,25.1336
2692.00,25.1653
2692.50,25.2389
2693.00,25.3350
2693.50,25.4235
2694.00,25.4745
2694.50,25.4730
2695.00,25.4302
2695.50,25.3792
2696.00,25.3554
2696.50,25.3749
2697.00,25.4268
2697.50,25.4851
2698.00,25.5252
2698.50,25.5335
2699.00,25.5083
2699.50,25.4578
2700.00,25.3952
2700.50,25.3311
2701.00,25.2687
2701.50,25.2043
2702.00,25.1343
2702.50,25.0621
2703.00,25.0010
2703.50,24.9686
2704.00,24.9750
2704.50,25.0145
2705.00,25.0711
2705.50,25.1317
2706.00,25.1919
2706.50,25.2490
2707.00,25.2925
2707.50,25.3052
2708.00,25.2767
2708.50,25.2138
2709.00,25.1406
2709.50,25.0868
2710.00,25.0732
2710.50,25.1007
2711.00,25.1497
2711.50,25.1937
2712.00,25.2190
2712.50,25.2356
2713.00,25.2673
2713.50,25.3281
2714.00,25.4093
2714.50,25.4862
2715.00,25.5360
2715.50,25.5522
2716.00,25.5443
2716.50,25.5273
2717.00,25.5096
2717.50,25.4897
2718.00,25.4635
2718.50,25.4325
2719.00,25.4030
2719.50,25.3768
2720.00,25.3473
2720.50,25.3074
2721.00,25.2593
2721.50,25.2145
2722.00,25.1867
2722.50,25.1843
2723.00,25.2081
2723.50,25.2506
2724.00,25.2984
2724.50,25.3371
2725.00,25.3591
2725.50,25.3685
2726.00,25.3766
2726.50,25.3929
2727.00,25.4175
2727.50,25.4444
2728.00,25.4691
2728.50,25.4935
2729.00,25.5214
2729.50,25.5517
2730.00,25.5752
2730.50,25.5803
2731.00,25.5596
2731.50,25.5143
2732.00,25.4527
2732.50,25.3873
2733.00,25.3308
2733.50,25.2896
2734.00,25.2623
2734.50,25.2442
2735.00,25.2381
2735.50,25.2559
2736.00,25.3076
2736.50,25.3886
2737.00,25.4783
2737.50,25.5512
2738.00,25.5902
2738.50,25.5914
2739.00,25.5613
2739.50,25.5113
2740.00,25.4526
2740.50,25.3946
2741.00,25.3437
2741.50,25.3030
2742.00,25.2731
2742.50,25.2550
2743.00,25.2491
2743.50,25.2503
2744.00,25.2406
2744.50,25.1927
2745.00,25.0866
2745.50,24.9288
2746.00,24.7578
2746.50,24.6265
2747.00,24.5712
2747.50,24.5915
2748.00,24.6549
2748.50,24.7199
2749.00,24.7548
2749.50,24.7456
2750.00,24.6956
2750.50,24.6242
2751.00,24.5630
2751.50,24.5427
2752.00,24.5759
2752.50,24.6495
2753.00,24.7326
2753.50,24.7949
2754.00,24.8232
2754.50,24.8246
2755.00,24.8151
2755.50,24.8039
2756.00,24.7846
2756.50,24.7427
2757.00,24.6719
2757.50,24.5861
2758.00,24.5173
2758.50,24.4996
2759.00,24.5512
2759.50,24.6642
2760.00,24.8083
2760.50,24.9456
2761.00,25.0482
2761.50,25.1102
2762.00,25.1468
2762.50,25.1863
2763.00,25.2555
2763.50,25.3668
2764.00,25.5126
2764.50,25.6670
2765.00,25.7938
2765.50,25.8569
2766.00,25.8362
2766.50,25.7400
2767.00,25.6063
2767.50,25.4898
2768.00,25.4405
2768.50,25.4811
2769.00,25.5929
2769.50,25.7252
2770.00,25.8287
2770.50,25.8900
2771.00,25.9360
2771.50,26.0015
2772.00,26.0907
2772.50,26.1705
2773.00,26.2008
2773.50,26.1704
2774.00,26.1060
2774.50,26.0516
2775.00,26.0370
2775.50,26.0620
2776.00,26.1039
2776.50,26.1400
2777.00,26.1624
2777.50,26.1790
2778.00,26.2020
2778.50,26.2372
2779.00,26.2772
2779.50,26.3037
2780.00,26.2959
2780.50,26.2407
2781.00,26.1396
2781.50,26.0075
2782.00,25.8682
2782.50,25.7469
2783.00,25.6611
2783.50,25.6138
2784.00,25.5949
2784.50,25.5923
2785.00,25.6006
2785.50,25.6195
2786.00,25.6462
2786.50,25.6730
2787.00,25.6956
2787.50,25.7214
2788.00,25.7661
2788.50,25.8368
2789.00,25.9195
2789.50,25.9853
2790.00,26.0103
2790.50,25.9871
2791.00,25.9218
2791.50,25.8258
2792.00,25.7140
2792.50,25.6062
2793.00,25.5250
2793.50,25.4920
2794.00,25.5252
2794.50,25.6325
2795.00,25.8002
2795.50,25.9882
2796.00,26.1447
2796.50,26.2327
2797.00,26.2459
2797.50,26.2040
2798.00,26.1352
2798.50,26.0635
2799.00,26.0056
2799.50,25.9729
2800.00,25.9715
2800.50,26.0017
2801.00,26.0599
2801.50,26.1402
2802.00,26.2344
2802.50,26.3313
2803.00,26.4181
2803.50,26.4857
2804.00,26.5329
2804.50,26.5632
2805.00,26.5769
2805.50,26.5684
2806.00,26.5349
2806.50,26.4858
2807.00,26.4403
2807.50,26.4142
2808.00,26.4102
2808.50,26.4226
2809.00,26.4481
2809.50,26.4889
2810.00,26.5460
2810.50,26.6123
2811.00,26.6750
2811.50,26.7226
2812.00,26.7504
2812.50,26.7598
2813.00,26.7544
2813.50,26.7388
2814.00,26.7183
2814.50,26.7001
2815.00,26.6918
2815.50,26.7025
2816.00,26.7404
2816.50,26.8057
2817.00,26.8832
2817.50,26.9437
2818.00,26.9585
2818.50,26.9163
2819.00,26.8309
2819.50,26.7364
2820.00,26.6730
2820.50,26.6686
2821.00,26.7231
2821.50,26.8102
2822.00,26.8931
2822.50,26.9433
2823.00,26.9511
2823.50,26.9252
2824.00,26.8849
2824.50,26.8459
2825.00,26.8114
2825.50,26.7751
2826.00,26.7341
2826.50,26.6959
2827.00,26.6736
2827.50,26.6746
2828.00,26.6975
2828.50,26.7376
2829.00,26.7910
2829.50,26.8501
2830.00,26.8984
2830.50,26.9169
2831.00,26.8996
2831.50,26.8614
2832.00,26.8294
2832.50,26.8254
2833.00,26.8516
2833.50,26.8911
2834.00,26.9193
2834.50,26.9185
2835.00,26.8847
2835.50,26.8255
2836.00,26.7524
2836.50,26.6762
2837.00,26.6057
2837.50,26.5506
2838.00,26.5226
2838.50,26.5326
2839.00,26.5806
2839.50,26.6469
2840.00,26.6979
2840.50,26.7058
2841.00,26.6678
2841.50,26.6081
2842.00,26.5636
2842.50,26.5627
2843.00,26.6145
2843.50,26.7065
2844.00,26.8108
2844.50,26.8953
2845.00,26.9379
2845.50,26.9351
2846.00,26.9009
2846.50,26.8548
2847.00,26.8096
2847.50,26.7688
2848.00,26.7340
2848.50,26.7116
2849.00,26.7098
2849.50,26.7289
2850.00,26.7581
2850.50,26.7853
2851.00,26.8093
2851.50,26.8359
2852.00,26.8644
2852.50,26.8808
2853.00,26.8702
2853.50,26.8367
2854.00,26.8037
2854.50,26.7920
2855.00,26.7964
2855.50,26.7886
2856.00,26.7430
2856.50,26.6586
2857.00,26.5569
2857.50,26.4605
2858.00,26.3748
2858.50,26.2920
2859.00,26.2066
2859.50,26.1264
2860.00,26.0662
2860.50,26.0333
2861.00,26.0213
2861.50,26.0163
2862.00,26.0085
2862.50,25.9980
2863.00,25.9953
2863.50,26.0162
2864.00,26.0719
2864.50,26.1598
2865.00,26.2608
2865.50,26.3461
2866.00,26.3886
2866.50,26.3731
2867.00,26.3004
2867.50,26.1880
2868.00,26.0645
2868.50,25.9584
2869.00,25.8871
2869.50,25.8540
2870.00,25.8525
2870.50,25.8746
2871.00,25.9125
2871.50,25.9533
2872.00,25.9755
2872.50,25.9609
2873.00,25.9138
2873.50,25.8667
2874.00,25.8591
2874.50,25.9070
2875.00,25.9925
2875.50,26.0796
2876.00,26.1390
2876.50,26.1606
2877.00,26.1499
2877.50,26.1179
2878.00,26.0738
2878.50,26.0239
2879.00,25.9759
2879.50,25.9406
2880.00,25.9286
2880.50,25.9424
2881.00,25.9758
2881.50,26.0211
2882.00,26.0765
2882.50,26.1408
2883.00,26.2027
2883.50,26.2416
2884.00,26.2442
2884.50,26.2218
2885.00,26.2043
2885.50,26.2144
2886.00,26.2474
2886.50,26.2747
2887.00,26.2707
2887.50,26.2349
2888.00,26.1913
2888.50,26.1653
2889.00,26.1613
2889.50,26.1624
2890.00,26.1505
2890.50,26.1239
2891.00,26.0947
2891.50,26.0731
2892.00,26.0575
2892.50,26.0390
2893.00,26.0109
2893.50,25.9721
2894.00,25.9250
2894.50,25.8752
2895.00,25.8331
2895.50,25.8127
2896.00,25.8266
2896.50,25.8770
2897.00,25.9494
2897.50,26.0136
2898.00,26.0351
2898.50,25.9973
2899.00,25.9145
2899.50,25.8260
2900.00,25.7722
2900.50,25.7747
2901.00,25.8304
2901.50,25.9184
2902.00,26.0096
2902.50,26.0752
2903.00,26.0963
2903.50,26.0731
2904.00,26.0267
2904.50,25.9895
