0.00,0.0000
0.50,0.7705
1.00,1.7753
1.50,2.9166
2.00,4.0654
2.50,5.1082
3.00,5.9780
3.50,6.6569
4.00,7.1660
4.50,7.5485
5.00,7.8531
5.50,8.1167
6.00,8.3544
6.50,8.5635
7.00,8.7354
7.50,8.8680
8.00,8.9685
8.50,9.0518
9.00,9.1369
9.50,9.2389
10.00,9.3595
10.50,9.4826
11.00,9.5868
11.50,9.6627
12.00,9.7192
12.50,9.7735
13.00,9.8382
13.50,9.9193
14.00,10.0182
14.50,10.1313
15.00,10.2487
15.50,10.3592
16.00,10.4569
16.50,10.5428
17.00,10.6204
17.50,10.6923
18.00,10.7577
18.50,10.8143
19.00,10.8610
19.50,10.9019
20.00,10.9467
20.50,11.0022
21.00,11.0632
21.50,11.1119
22.00,11.1312
22.50,11.1215
23.00,11.1068
23.50,11.1210
24.00,11.1837
24.50,11.2839
25.00,11.3852
25.50,11.4508
26.00,11.4689
26.50,11.4593
27.00,11.4560
27.50,11.4842
28.00,11.5492
28.50,11.6423
29.00,11.7511
29.50,11.8649
30.00,11.9732
30.50,12.0648
31.00,12.1294
31.50,12.1636
32.00,12.1731
32.50,12.1712
33.00,12.1737
33.50,12.1948
34.00,12.2442
34.50,12.3228
35.00,12.4176
35.50,12.5043
36.00,12.5608
36.50,12.5834
37.00,12.5895
37.50,12.6013
38.00,12.6248
38.50,12.6463
39.00,12.6493
39.50,12.6329
40.00,12.6156
40.50,12.6226
41.00,12.6701
41.50,12.7562
42.00,12.8578
42.50,12.9389
43.00,12.9692
43.50,12.9454
44.00,12.8978
44.50,12.8710
45.00,12.8941
45.50,12.9632
46.00,13.0510
46.50,13.1285
47.00,13.1794
47.50,13.2014
48.00,13.2066
48.50,13.2186
49.00,13.2620
49.50,13.3426
50.00,13.4375
50.50,13.5096
51.00,13.5364
51.50,13.5240
52.00,13.4979
52.50,13.4826
53.00,13.4891
53.50,13.5149
54.00,13.5510
54.50,13.5910
55.00,13.6340
55.50,13.6822
56.00,13.7360
56.50,13.7916
57.00,13.8440
57.50,13.8901
58.00,13.9305
58.50,13.9701
59.00,14.0157
59.50,14.0715
60.00,14.1345
60.50,14.1972
61.00,14.2548
61.50,14.3068
62.00,14.3521
62.50,14.3828
63.00,14.3878
63.50,14.3624
64.00,14.3177
64.50,14.2767
65.00,14.2626
65.50,14.2872
66.00,14.3502
66.50,14.4437
67.00,14.5561
67.50,14.6725
68.00,14.7776
68.50,14.8593
69.00,14.9114
69.50,14.9353
70.00,14.9407
70.50,14.9446
71.00,14.9659
71.50,15.0158
72.00,15.0890
72.50,15.1644
73.00,15.2153
73.50,15.2261
74.00,15.2008
74.50,15.1609
75.00,15.1336
75.50,15.1381
76.00,15.1760
76.50,15.2302
77.00,15.2773
77.50,15.3032
78.00,15.3112
78.50,15.3169
79.00,15.3356
79.50,15.3711
80.00,15.4134
80.50,15.4444
81.00,15.4506
81.50,15.4316
82.00,15.3985
82.50,15.3656
83.00,15.3437
83.50,15.3427
84.00,15.3714
84.50,15.4310
85.00,15.5098
85.50,15.5864
86.00,15.6400
86.50,15.6587
87.00,15.6447
87.50,15.6160
88.00,15.5987
88.50,15.6113
89.00,15.6524
89.50,15.7054
90.00,15.7556
90.50,15.7988
91.00,15.8356
91.50,15.8600
92.00,15.8618
92.50,15.8412
93.00,15.8148
93.50,15.8042
94.00,15.8145
94.50,15.8299
95.00,15.8309
95.50,15.8153
96.00,15.7988
96.50,15.7988
97.00,15.8188
97.50,15.8479
98.00,15.8721
98.50,15.8866
99.00,15.8992
99.50,15.9253
100.00,15.9756
100.50,16.0457
101.00,16.1189
101.50,16.1792
102.00,16.2250
102.50,16.2656
103.00,16.3085
103.50,16.3516
104.00,16.3886
104.50,16.4173
105.00,16.4408
105.50,16.4619
106.00,16.4799
106.50,16.4926
107.00,16.5021
107.50,16.5151
108.00,16.5396
108.50,16.5817
109.00,16.6430
109.50,16.7186
110.00,16.7948
110.50,16.8525
111.00,16.8780
111.50,16.8736
112.00,16.8572
112.50,16.8499
113.00,16.8597
113.50,16.8754
114.00,16.8757
114.50,16.8480
115.00,16.7993
115.50,16.7522
116.00,16.7304
116.50,16.7430
117.00,16.7810
117.50,16.8254
118.00,16.8628
118.50,16.8933
119.00,16.9230
119.50,16.9524
120.00,16.9752
120.50,16.9876
121.00,16.9969
121.50,17.0179
122.00,17.0655
122.50,17.1479
123.00,17.2618
123.50,17.3868
124.00,17.4901
124.50,17.5428
125.00,17.5393
125.50,17.4983
126.00,17.4468
126.50,17.4056
127.00,17.3875
127.50,17.4008
128.00,17.4478
128.50,17.5213
129.00,17.6046
129.50,17.6803
130.00,17.7398
130.50,17.7852
131.00,17.8236
131.50,17.8566
132.00,17.8783
132.50,17.8829
133.00,17.8727
133.50,17.8579
134.00,17.8472
134.50,17.8420
135.00,17.8391
135.50,17.8361
136.00,17.8339
136.50,17.8363
137.00,17.8496
137.50,17.8818
138.00,17.9374
138.50,18.0094
139.00,18.0784
139.50,18.1236
140.00,18.1379
140.50,18.1317
141.00,18.1238
141.50,18.1285
142.00,18.1530
142.50,18.1995
143.00,18.2653
143.50,18.3419
144.00,18.4180
144.50,18.4836
145.00,18.5292
145.50,18.5438
146.00,18.5189
146.50,18.4574
147.00,18.3764
147.50,18.3004
148.00,18.2534
148.50,18.2497
149.00,18.2859
149.50,18.3423
150.00,18.3952
150.50,18.4315
151.00,18.4494
151.50,18.4497
152.00,18.4320
152.50,18.4017
153.00,18.3747
153.50,18.3680
154.00,18.3878
154.50,18.4297
155.00,18.4888
155.50,18.5612
156.00,18.6356
156.50,18.6916
157.00,18.7154
157.50,18.7152
158.00,18.7177
158.50,18.7468
159.00,18.8041
159.50,18.8664
160.00,18.9009
160.50,18.8857
161.00,18.8242
161.50,18.7437
162.00,18.6800
162.50,18.6582
163.00,18.6832
163.50,18.7424
164.00,18.8156
164.50,18.8857
165.00,18.9429
165.50,18.9831
166.00,19.0056
166.50,19.0122
167.00,19.0057
167.50,18.9887
168.00,18.9641
168.50,18.9377
169.00,18.9182
169.50,18.9123
170.00,18.9215
170.50,18.9450
171.00,18.9855
171.50,19.0476
172.00,19.1298
172.50,19.2182
173.00,19.2905
173.50,19.3269
174.00,19.3209
174.50,19.2825
175.00,19.2333
175.50,19.1956
176.00,19.1821
176.50,19.1886
177.00,19.1967
177.50,19.1873
178.00,19.1577
178.50,19.1265
179.00,19.1217
179.50,19.1633
180.00,19.2552
180.50,19.3817
181.00,19.5089
181.50,19.5971
182.00,19.6250
182.50,19.6060
183.00,19.5770
183.50,19.5677
184.00,19.5841
184.50,19.6178
185.00,19.6622
185.50,19.7143
186.00,19.7640
186.50,19.7931
187.00,19.7866
187.50,19.7445
188.00,19.6802
188.50,19.6110
189.00,19.5533
189.50,19.5225
190.00,19.5315
190.50,19.5846
191.00,19.6708
191.50,19.7665
192.00,19.8473
192.50,19.9000
193.00,19.9268
193.50,19.9388
194.00,19.9462
194.50,19.9507
195.00,19.9440
195.50,19.9166
196.00,19.8716
196.50,19.8310
197.00,19.8251
197.50,19.8733
198.00,19.9687
198.50,20.0787
199.00,20.1623
199.50,20.1951
200.00,20.1831
200.50,20.1523
201.00,20.1236
201.50,20.0988
202.00,20.0678
202.50,20.0265
203.00,19.9854
203.50,19.9647
204.00,19.9807
204.50,20.0347
205.00,20.1131
205.50,20.1946
206.00,20.2608
206.50,20.3016
207.00,20.3162
207.50,20.3114
208.00,20.2974
208.50,20.2826
209.00,20.2697
209.50,20.2571
210.00,20.2452
210.50,20.2398
211.00,20.2477
211.50,20.2680
212.00,20.2915
212.50,20.3098
213.00,20.3234
213.50,20.3387
214.00,20.3589
214.50,20.3773
215.00,20.3820
215.50,20.3649
216.00,20.3273
216.50,20.2797
217.00,20.2397
217.50,20.2263
218.00,20.2521
218.50,20.3180
219.00,20.4145
219.50,20.5270
220.00,20.6379
220.50,20.7289
221.00,20.7881
221.50,20.8209
222.00,20.8481
222.50,20.8871
223.00,20.9319
223.50,20.9533
224.00,20.9240
224.50,20.8458
225.00,20.7541
225.50,20.6956
226.00,20.6983
226.50,20.7576
227.00,20.8441
227.50,20.9242
228.00,20.9783
228.50,21.0070
229.00,21.0203
229.50,21.0232
230.00,21.0107
230.50,20.9786
231.00,20.9353
231.50,20.8984
232.00,20.8847
232.50,20.9027
233.00,20.9529
233.50,21.0270
234.00,21.1083
234.50,21.1800
235.00,21.2378
235.50,21.2912
236.00,21.3511
236.50,21.4162
237.00,21.4738
237.50,21.5094
238.00,21.5140
238.50,21.4867
239.00,21.4341
239.50,21.3723
240.00,21.3225
240.50,21.3005
241.00,21.3050
241.50,21.3180
242.00,21.3191
242.50,21.3005
243.00,21.2700
243.50,21.2411
244.00,21.2180
244.50,21.1910
245.00,21.1459
245.50,21.0808
246.00,21.0116
246.50,20.9609
247.00,20.9392
247.50,20.9391
248.00,20.9454
248.50,20.9489
249.00,20.9510
249.50,20.9589
250.00,20.9778
250.50,21.0081
251.00,21.0476
251.50,21.0946
252.00,21.1461
252.50,21.1947
253.00,21.2317
253.50,21.2562
254.00,21.2775
254.50,21.3090
255.00,21.3583
255.50,21.4202
256.00,21.4759
256.50,21.5008
257.00,21.4801
257.50,21.4229
258.00,21.3568
258.50,21.3073
259.00,21.2796
259.50,21.2616
260.00,21.2408
260.50,21.2164
261.00,21.1995
261.50,21.2031
262.00,21.2310
262.50,21.2731
263.00,21.3084
263.50,21.3170
264.00,21.2923
264.50,21.2446
265.00,21.1958
265.50,21.1707
266.00,21.1851
266.50,21.2359
267.00,21.3034
267.50,21.3680
268.00,21.4265
268.50,21.4914
269.00,21.5722
269.50,21.6587
270.00,21.7281
270.50,21.7679
271.00,21.7920
271.50,21.8272
272.00,21.8831
272.50,21.9353
273.00,21.9423
273.50,21.8831
274.00,21.7788
274.50,21.6788
275.00,21.6273
275.50,21.6368
276.00,21.6838
276.50,21.7277
277.00,21.7366
277.50,21.7044
278.00,21.6503
278.50,21.6035
279.00,21.5858
279.50,21.6061
280.00,21.6626
280.50,21.7482
281.00,21.8508
281.50,21.9497
282.00,22.0197
282.50,22.0422
283.00,22.0175
283.50,21.9634
284.00,21.9029
284.50,21.8516
285.00,21.8166
285.50,21.8020
286.00,21.8127
286.50,21.8486
287.00,21.8996
287.50,21.9489
288.00,21.9881
288.50,22.0269
289.00,22.0849
289.50,22.1701
290.00,22.2674
290.50,22.3509
291.00,22.4073
291.50,22.4424
292.00,22.4673
292.50,22.4816
293.00,22.4726
293.50,22.4291
294.00,22.3542
294.50,22.2675
295.00,22.1946
295.50,22.1539
296.00,22.1471
296.50,22.1601
297.00,22.1730
297.50,22.1739
298.00,22.1678
298.50,22.1729
299.00,22.2063
299.50,22.2696
300.00,22.3425
300.50,22.3915
301.00,22.3907
301.50,22.3423
302.00,22.2760
302.50,22.2262
303.00,22.2054
303.50,22.1993
304.00,22.1849
304.50,22.1526
305.00,22.1108
305.50,22.0739
306.00,22.0489
306.50,22.0346
307.00,22.0281
307.50,22.0280
308.00,22.0301
308.50,22.0261
309.00,22.0077
309.50,21.9719
310.00,21.9222
310.50,21.8683
311.00,21.8252
311.50,21.8087
312.00,21.8265
312.50,21.8733
313.00,21.9360
313.50,22.0019
314.00,22.0617
314.50,22.1092
315.00,22.1404
315.50,22.1562
316.00,22.1643
316.50,22.1771
317.00,22.2047
317.50,22.2487
318.00,22.3001
318.50,22.3438
319.00,22.3672
319.50,22.3667
320.00,22.3467
320.50,22.3149
321.00,22.2792
321.50,22.2462
322.00,22.2204
322.50,22.2029
323.00,22.1931
323.50,22.1936
324.00,22.2133
324.50,22.2630
325.00,22.3475
325.50,22.4574
326.00,22.5664
326.50,22.6420
327.00,22.6641
327.50,22.6379
328.00,22.5884
328.50,22.5413
329.00,22.5089
329.50,22.4913
330.00,22.4847
330.50,22.4875
331.00,22.4987
331.50,22.5163
332.00,22.5375
332.50,22.5593
333.00,22.5790
333.50,22.5970
334.00,22.6171
334.50,22.6439
335.00,22.6783
335.50,22.7157
336.00,22.7488
336.50,22.7695
337.00,22.7676
337.50,22.7329
338.00,22.6606
338.50,22.5571
339.00,22.4385
339.50,22.3241
340.00,22.2298
340.50,22.1688
341.00,22.1527
341.50,22.1894
342.00,22.2768
342.50,22.4013
343.00,22.5404
343.50,22.6697
344.00,22.7674
344.50,22.8201
345.00,22.8286
345.50,22.8089
346.00,22.7854
346.50,22.7787
347.00,22.7974
347.50,22.8372
348.00,22.8862
348.50,22.9314
349.00,22.9646
349.50,22.9853
350.00,22.9988
350.50,23.0083
351.00,23.0078
351.50,22.9832
352.00,22.9263
352.50,22.8489
353.00,22.7819
353.50,22.7559
354.00,22.7759
354.50,22.8128
355.00,22.8202
355.50,22.7668
356.00,22.6589
356.50,22.5348
357.00,22.4393
357.50,22.4001
358.00,22.4227
358.50,22.4993
359.00,22.6164
359.50,22.7542
360.00,22.8847
360.50,22.9774
361.00,23.0173
361.50,23.0164
362.00,23.0035
362.50,22.9950
363.00,22.9761
363.50,22.9161
364.00,22.8044
364.50,22.6700
365.00,22.5650
365.50,22.5292
366.00,22.5676
366.50,22.6532
367.00,22.7446
367.50,22.8065
368.00,22.8253
368.50,22.8122
369.00,22.7916
369.50,22.7851
370.00,22.8035
370.50,22.8494
371.00,22.9200
371.50,23.0058
372.00,23.0884
372.50,23.1458
373.00,23.1635
373.50,23.1435
374.00,23.1036
374.50,23.0658
375.00,23.0406
375.50,23.0202
376.00,22.9849
376.50,22.9187
377.00,22.8224
377.50,22.7174
378.00,22.6366
378.50,22.6097
379.00,22.6522
379.50,22.7620
380.00,22.9211
380.50,23.0977
381.00,23.2523
381.50,23.3522
382.00,23.3882
382.50,23.3758
383.00,23.3397
383.50,23.2926
384.00,23.2313
384.50,23.1493
385.00,23.0511
385.50,22.9535
386.00,22.8750
386.50,22.8246
387.00,22.7984
387.50,22.7854
388.00,22.7739
388.50,22.7579
389.00,22.7383
389.50,22.7214
390.00,22.7164
390.50,22.7316
391.00,22.7705
391.50,22.8248
392.00,22.8738
392.50,22.8941
393.00,22.8740
393.50,22.8245
394.00,22.7780
394.50,22.7724
395.00,22.8260
395.50,22.9213
396.00,23.0124
396.50,23.0573
397.00,23.0461
397.50,23.0032
398.00,22.9631
398.50,22.9453
399.00,22.9491
399.50,22.9666
400.00,22.9925
400.50,23.0243
401.00,23.0576
401.50,23.0901
402.00,23.1272
402.50,23.1802
403.00,23.2540
403.50,23.3373
404.00,23.4000
404.50,23.4046
405.00,23.3296
405.50,23.1914
406.00,23.0413
406.50,22.9342
407.00,22.8916
407.50,22.8954
408.00,22.9121
408.50,22.9222
409.00,22.9264
409.50,22.9342
410.00,22.9521
410.50,22.9830
411.00,23.0280
411.50,23.0882
412.00,23.1625
412.50,23.2430
413.00,23.3108
413.50,23.3421
414.00,23.3262
414.50,23.2814
415.00,23.2444
415.50,23.2384
416.00,23.2510
416.50,23.2467
417.00,23.2016
417.50,23.1271
418.00,23.0594
418.50,23.0297
419.00,23.0434
419.50,23.0826
420.00,23.1251
420.50,23.1630
421.00,23.2089
421.50,23.2847
422.00,23.3989
422.50,23.5312
423.00,23.6386
423.50,23.6813
424.00,23.6486
424.50,23.5638
425.00,23.4676
425.50,23.3948
426.00,23.3602
426.50,23.3573
427.00,23.3689
427.50,23.3796
428.00,23.3847
428.50,23.3895
429.00,23.4022
429.50,23.4281
430.00,23.4675
430.50,23.5154
431.00,23.5600
431.50,23.5834
432.00,23.5736
432.50,23.5393
433.00,23.5107
433.50,23.5170
434.00,23.5609
434.50,23.6155
435.00,23.6492
435.50,23.6530
436.00,23.6448
436.50,23.6495
437.00,23.6772
437.50,23.7180
438.00,23.7507
438.50,23.7590
439.00,23.7413
439.50,23.7105
440.00,23.6825
440.50,23.6652
441.00,23.6571
441.50,23.6561
442.00,23.6642
442.50,23.6835
443.00,23.7106
443.50,23.7396
444.00,23.7691
444.50,23.8027
445.00,23.8387
445.50,23.8644
446.00,23.8624
446.50,23.8238
447.00,23.7538
447.50,23.6656
448.00,23.5732
448.50,23.4899
449.00,23.4304
449.50,23.4049
450.00,23.4105
450.50,23.4280
451.00,23.4332
451.50,23.4132
452.00,23.3731
452.50,23.3274
453.00,23.2859
453.50,23.2489
454.00,23.2145
454.50,23.1855
455.00,23.1695
455.50,23.1711
456.00,23.1894
456.50,23.2212
457.00,23.2674
457.50,23.3319
458.00,23.4134
458.50,23.4962
459.00,23.5567
459.50,23.5795
460.00,23.5707
460.50,23.5515
461.00,23.5387
461.50,23.5316
462.00,23.5184
462.50,23.4933
463.00,23.4619
463.50,23.4329
464.00,23.4109
464.50,23.3989
465.00,23.4037
465.50,23.4310
466.00,23.4764
466.50,23.5234
467.00,23.5552
467.50,23.5699
468.00,23.5838
468.50,23.6192
469.00,23.6833
469.50,23.7586
470.00,23.8119
470.50,23.8154
471.00,23.7640
471.50,23.6781
472.00,23.5901
472.50,23.5232
473.00,23.4788
473.50,23.4434
474.00,23.4129
474.50,23.4042
475.00,23.4398
475.50,23.5225
476.00,23.6306
476.50,23.7372
477.00,23.8270
477.50,23.8951
478.00,23.9382
478.50,23.9545
479.00,23.9494
479.50,23.9338
480.00,23.9164
480.50,23.9004
481.00,23.8856
481.50,23.8714
482.00,23.8544
482.50,23.8284
483.00,23.7886
483.50,23.7340
484.00,23.6683
484.50,23.5987
485.00,23.5373
485.50,23.4971
486.00,23.4820
486.50,23.4802
487.00,23.4710
487.50,23.4419
488.00,23.3992
488.50,23.3616
489.00,23.3438
489.50,23.3473
490.00,23.3636
490.50,23.3842
491.00,23.4042
491.50,23.4235
492.00,23.4477
492.50,23.4891
493.00,23.5606
493.50,23.6642
494.00,23.7854
494.50,23.8976
495.00,23.9713
495.50,23.9807
496.00,23.9121
496.50,23.7742
497.00,23.6032
497.50,23.4517
498.00,23.3645
498.50,23.3607
499.00,23.4331
499.50,23.5588
500.00,23.7071
500.50,23.8408
501.00,23.9251
501.50,23.9422
502.00,23.9009
502.50,23.8310
503.00,23.7655
503.50,23.7255
504.00,23.7140
504.50,23.7191
505.00,23.7255
505.50,23.7273
506.00,23.7298
506.50,23.7376
507.00,23.7438
507.50,23.7317
508.00,23.6880
508.50,23.6119
509.00,23.5196
509.50,23.4422
510.00,23.4141
510.50,23.4526
511.00,23.5432
511.50,23.6463
512.00,23.7216
512.50,23.7474
513.00,23.7227
513.50,23.6610
514.00,23.5854
514.50,23.5249
515.00,23.5048
515.50,23.5359
516.00,23.6096
516.50,23.7053
517.00,23.8029
517.50,23.8877
518.00,23.9474
518.50,23.9704
519.00,23.9532
519.50,23.9082
520.00,23.8550
520.50,23.8017
521.00,23.7374
521.50,23.6480
522.00,23.5356
522.50,23.4217
523.00,23.3340
523.50,23.2900
524.00,23.2908
524.50,23.3243
525.00,23.3720
525.50,23.4181
526.00,23.4581
526.50,23.5017
527.00,23.5663
527.50,23.6606
528.00,23.7711
528.50,23.8658
529.00,23.9139
529.50,23.9041
530.00,23.8495
530.50,23.7791
531.00,23.7258
531.50,23.7131
532.00,23.7421
532.50,23.7901
533.00,23.8241
533.50,23.8250
534.00,23.7982
534.50,23.7666
535.00,23.7514
535.50,23.7581
536.00,23.7790
536.50,23.8046
537.00,23.8328
537.50,23.8674
538.00,23.9116
538.50,23.9660
539.00,24.0307
539.50,24.1038
540.00,24.1783
540.50,24.2432
541.00,24.2895
541.50,24.3163
542.00,24.3282
542.50,24.3295
543.00,24.3226
543.50,24.3113
544.00,24.3047
544.50,24.3129
545.00,24.3393
545.50,24.3767
546.00,24.4105
546.50,24.4282
547.00,24.4258
547.50,24.4073
548.00,24.3794
548.50,24.3458
549.00,24.3087
549.50,24.2743
550.00,24.2543
550.50,24.2557
551.00,24.2702
551.50,24.2757
552.00,24.2539
552.50,24.2054
553.00,24.1492
553.50,24.1074
554.00,24.0935
554.50,24.1108
555.00,24.1551
555.50,24.2146
556.00,24.2703
556.50,24.3046
557.00,24.3130
557.50,24.3079
558.00,24.3077
558.50,24.3218
559.00,24.3446
559.50,24.3630
560.00,24.3690
560.50,24.3667
561.00,24.3675
561.50,24.3771
562.00,24.3867
562.50,24.3788
563.00,24.3427
563.50,24.2858
564.00,24.2317
564.50,24.2064
565.00,24.2243
565.50,24.2794
566.00,24.3506
566.50,24.4152
567.00,24.4606
567.50,24.4862
568.00,24.4989
568.50,24.5059
569.00,24.5109
569.50,24.5120
570.00,24.5030
570.50,24.4763
571.00,24.4277
571.50,24.3615
572.00,24.2911
572.50,24.2335
573.00,24.1983
573.50,24.1822
574.00,24.1763
574.50,24.1771
575.00,24.1913
575.50,24.2276
576.00,24.2840
576.50,24.3424
577.00,24.3780
577.50,24.3767
578.00,24.3500
578.50,24.3305
579.00,24.3462
579.50,24.3947
580.00,24.4424
580.50,24.4510
581.00,24.4078
581.50,24.3352
582.00,24.2759
582.50,24.2671
583.00,24.3187
583.50,24.4084
584.00,24.4968
584.50,24.5535
585.00,24.5721
585.50,24.5647
586.00,24.5461
586.50,24.5248
587.00,24.5049
587.50,24.4882
588.00,24.4737
588.50,24.4583
589.00,24.4404
589.50,24.4228
590.00,24.4108
590.50,24.4068
591.00,24.4102
591.50,24.4227
592.00,24.4530
592.50,24.5131
593.00,24.6067
593.50,24.7212
594.00,24.8324
594.50,24.9161
595.00,24.9548
595.50,24.9396
596.00,24.8741
596.50,24.7808
597.00,24.6960
597.50,24.6495
598.00,24.6449
598.50,24.6595
599.00,24.6642
599.50,24.6456
600.00,24.6133
600.50,24.5896
601.00,24.5912
601.50,24.6164
602.00,24.6463
602.50,24.6607
603.00,24.6530
603.50,24.6332
604.00,24.6161
604.50,24.6084
605.00,24.6070
605.50,24.6075
606.00,24.6112
606.50,24.6209
607.00,24.6331
607.50,24.6386
608.00,24.6318
608.50,24.6176
609.00,24.6031
609.50,24.5873
610.00,24.5622
610.50,24.5284
611.00,24.5031
611.50,24.5083
612.00,24.5473
612.50,24.5960
613.00,24.6186
613.50,24.5982
614.00,24.5533
614.50,24.5237
615.00,24.5354
615.50,24.5768
616.00,24.6090
616.50,24.5999
617.00,24.5483
617.50,24.4776
618.00,24.4131
618.50,24.3668
619.00,24.3403
619.50,24.3349
620.00,24.3533
620.50,24.3924
621.00,24.4364
621.50,24.4585
622.00,24.4326
622.50,24.3462
623.00,24.2099
623.50,24.0574
624.00,23.9316
624.50,23.8638
625.00,23.8622
625.50,23.9164
626.00,24.0056
626.50,24.1011
627.00,24.1705
627.50,24.1914
628.00,24.1660
628.50,24.1206
629.00,24.0867
629.50,24.0819
630.00,24.1053
630.50,24.1494
631.00,24.2108
631.50,24.2870
632.00,24.3642
632.50,24.4156
633.00,24.4193
633.50,24.3749
634.00,24.3015
634.50,24.2196
635.00,24.1391
635.50,24.0602
636.00,23.9796
636.50,23.8927
637.00,23.7974
637.50,23.6980
638.00,23.6077
638.50,23.5447
639.00,23.5269
639.50,23.5662
640.00,23.6627
640.50,23.7987
641.00,23.9400
641.50,24.0474
642.00,24.0920
642.50,24.0662
643.00,23.9866
643.50,23.8889
644.00,23.8130
644.50,23.7840
645.00,23.7994
645.50,23.8338
646.00,23.8583
646.50,23.8583
647.00,23.8382
647.50,23.8153
648.00,23.8106
648.50,23.8386
649.00,23.9006
649.50,23.9841
650.00,24.0720
650.50,24.1511
651.00,24.2126
651.50,24.2428
652.00,24.2203
652.50,24.1314
653.00,23.9894
653.50,23.8341
654.00,23.7071
654.50,23.6267
655.00,23.5882
655.50,23.5806
656.00,23.5959
656.50,23.6258
657.00,23.6591
657.50,23.6903
658.00,23.7265
658.50,23.7833
659.00,23.8684
659.50,23.9699
660.00,24.0601
660.50,24.1134
661.00,24.1273
661.50,24.1274
662.00,24.1490
662.50,24.2085
663.00,24.2919
663.50,24.3706
664.00,24.4233
664.50,24.4425
665.00,24.4268
665.50,24.3795
666.00,24.3157
666.50,24.2607
667.00,24.2321
667.50,24.2238
668.00,24.2166
668.50,24.2035
669.00,24.1980
669.50,24.2139
670.00,24.2400
670.50,24.2422
671.00,24.1920
671.50,24.0930
672.00,23.9782
672.50,23.8879
673.00,23.8474
673.50,23.8595
674.00,23.9099
674.50,23.9774
675.00,24.0438
675.50,24.0993
676.00,24.1411
676.50,24.1695
677.00,24.1838
677.50,24.1830
678.00,24.1683
678.50,24.1453
679.00,24.1252
679.50,24.1223
680.00,24.1499
680.50,24.2136
681.00,24.3082
681.50,24.4187
682.00,24.5218
682.50,24.5889
683.00,24.5938
683.50,24.5242
684.00,24.3884
684.50,24.2135
685.00,24.0342
685.50,23.8820
686.00,23.7783
686.50,23.7288
687.00,23.7221
687.50,23.7348
688.00,23.7450
688.50,23.7427
689.00,23.7312
689.50,23.7211
690.00,23.7247
690.50,23.7514
691.00,23.8023
691.50,23.8647
692.00,23.9118
692.50,23.9167
693.00,23.8719
693.50,23.7980
694.00,23.7294
694.50,23.6891
695.00,23.6750
695.50,23.6703
696.00,23.6646
696.50,23.6677
697.00,23.7034
697.50,23.7909
698.00,23.9241
698.50,24.0664
699.00,24.1730
699.50,24.2247
700.00,24.2415
700.50,24.2594
701.00,24.2910
701.50,24.3139
702.00,24.2971
702.50,24.2356
703.00,24.1556
703.50,24.0893
704.00,24.0502
704.50,24.0304
705.00,24.0161
705.50,24.0001
706.00,23.9855
706.50,23.9847
707.00,24.0157
707.50,24.0948
708.00,24.2237
708.50,24.3813
709.00,24.5271
709.50,24.6207
710.00,24.6433
710.50,24.6099
711.00,24.5601
711.50,24.5370
712.00,24.5639
712.50,24.6349
713.00,24.7211
713.50,24.7905
714.00,24.8258
714.50,24.8285
715.00,24.8081
715.50,24.7733
716.00,24.7332
716.50,24.7025
717.00,24.6975
717.50,24.7240
718.00,24.7705
718.50,24.8183
719.00,24.8557
719.50,24.8834
720.00,24.9077
720.50,24.9320
721.00,24.9531
721.50,24.9616
722.00,24.9462
722.50,24.8984
723.00,24.8183
723.50,24.7145
724.00,24.6011
724.50,24.4939
725.00,24.4067
725.50,24.3486
726.00,24.3220
726.50,24.3242
727.00,24.3502
727.50,24.3935
728.00,24.4457
728.50,24.4976
729.00,24.5427
729.50,24.5775
730.00,24.5999
730.50,24.6098
731.00,24.6130
731.50,24.6214
732.00,24.6435
732.50,24.6729
733.00,24.6914
733.50,24.6834
734.00,24.6501
734.50,24.6089
735.00,24.5798
735.50,24.5709
736.00,24.5751
736.50,24.5783
737.00,24.5719
737.50,24.5589
738.00,24.5500
738.50,24.5547
739.00,24.5743
739.50,24.6008
740.00,24.6255
740.50,24.6461
741.00,24.6643
741.50,24.6788
742.00,24.6856
742.50,24.6860
743.00,24.6915
743.50,24.7130
744.00,24.7461
744.50,24.7674
745.00,24.7500
745.50,24.6832
746.00,24.5800
746.50,24.4671
747.00,24.3711
747.50,24.3081
748.00,24.2794
748.50,24.2725
749.00,24.2714
749.50,24.2731
750.00,24.2932
750.50,24.3494
751.00,24.4374
751.50,24.5280
752.00,24.5902
752.50,24.6182
753.00,24.6343
753.50,24.6683
754.00,24.7334
754.50,24.8173
755.00,24.8916
755.50,24.9321
756.00,24.9337
756.50,24.9112
757.00,24.8849
757.50,24.8643
758.00,24.8443
758.50,24.8123
759.00,24.7570
759.50,24.6726
760.00,24.5630
760.50,24.4469
761.00,24.3570
761.50,24.3238
762.00,24.3533
762.50,24.4209
763.00,24.4877
763.50,24.5265
764.00,24.5351
764.50,24.5295
765.00,24.5266
765.50,24.5335
766.00,24.5487
766.50,24.5693
767.00,24.5928
767.50,24.6163
768.00,24.6357
768.50,24.6501
769.00,24.6628
769.50,24.6779
770.00,24.6951
770.50,24.7103
771.00,24.7209
771.50,24.7308
772.00,24.7489
772.50,24.7793
773.00,24.8135
773.50,24.8338
774.00,24.8259
774.50,24.7908
775.00,24.7447
775.50,24.7104
776.00,24.7053
776.50,24.7332
777.00,24.7791
777.50,24.8130
778.00,24.8051
778.50,24.7440
779.00,24.6454
779.50,24.5434
780.00,24.4717
780.50,24.4488
781.00,24.4743
781.50,24.5348
782.00,24.6122
782.50,24.6891
783.00,24.7518
783.50,24.7935
784.00,24.8168
784.50,24.8301
785.00,24.8390
785.50,24.8431
786.00,24.8401
786.50,24.8341
787.00,24.8358
787.50,24.8530
788.00,24.8808
788.50,24.9031
789.00,24.9026
789.50,24.8723
790.00,24.8221
790.50,24.7746
791.00,24.7499
791.50,24.7506
792.00,24.7622
792.50,24.7684
793.00,24.7666
793.50,24.7674
794.00,24.7829
794.50,24.8170
795.00,24.8630
795.50,24.9072
796.00,24.9328
796.50,24.9272
797.00,24.8897
797.50,24.8324
798.00,24.7698
798.50,24.7079
799.00,24.6442
799.50,24.5785
800.00,24.5196
800.50,24.4795
801.00,24.4656
801.50,24.4811
802.00,24.5316
802.50,24.6242
803.00,24.7538
803.50,24.8915
804.00,24.9936
804.50,25.0281
805.00,24.9973
805.50,24.9352
806.00,24.8829
806.50,24.8629
807.00,24.8717
807.50,24.8912
808.00,24.9069
808.50,24.9163
809.00,24.9231
809.50,24.9250
810.00,24.9115
810.50,24.8726
811.00,24.8100
811.50,24.7361
812.00,24.6639
812.50,24.6000
813.00,24.5462
813.50,24.5049
814.00,24.4794
814.50,24.4696
815.00,24.4699
815.50,24.4728
816.00,24.4750
816.50,24.4788
817.00,24.4891
817.50,24.5061
818.00,24.5253
818.50,24.5429
819.00,24.5604
819.50,24.5830
820.00,24.6168
820.50,24.6685
821.00,24.7443
821.50,24.8395
822.00,24.9307
822.50,24.9844
823.00,24.9791
823.50,24.9194
824.00,24.8304
824.50,24.7402
825.00,24.6667
825.50,24.6122
826.00,24.5633
826.50,24.5007
827.00,24.4162
827.50,24.3222
828.00,24.2407
828.50,24.1828
829.00,24.1458
829.50,24.1263
830.00,24.1299
830.50,24.1627
831.00,24.2166
831.50,24.2680
832.00,24.2933
832.50,24.2876
833.00,24.2674
833.50,24.2573
834.00,24.2730
834.50,24.3151
835.00,24.3736
835.50,24.4366
836.00,24.4961
836.50,24.5484
837.00,24.5922
837.50,24.6279
838.00,24.6619
838.50,24.7045
839.00,24.7580
839.50,24.8044
840.00,24.8128
840.50,24.7669
841.00,24.6818
841.50,24.5933
842.00,24.5303
842.50,24.4979
843.00,24.4796
843.50,24.4518
844.00,24.4006
844.50,24.3322
845.00,24.2674
845.50,24.2236
846.00,24.1992
846.50,24.1797
847.00,24.1556
847.50,24.1313
848.00,24.1153
848.50,24.1068
849.00,24.0962
849.50,24.0748
850.00,24.0429
850.50,24.0083
851.00,23.9825
851.50,23.9737
852.00,23.9814
852.50,23.9970
853.00,24.0114
853.50,24.0242
854.00,24.0397
854.50,24.0569
855.00,24.0651
855.50,24.0543
856.00,24.0298
856.50,24.0130
857.00,24.0248
857.50,24.0702
858.00,24.1358
858.50,24.1977
859.00,24.2301
859.50,24.2182
860.00,24.1702
860.50,24.1189
861.00,24.1019
861.50,24.1343
862.00,24.1990
862.50,24.2640
863.00,24.3101
863.50,24.3414
864.00,24.3709
864.50,24.3981
865.00,24.4022
865.50,24.3583
866.00,24.2610
866.50,24.1329
867.00,24.0109
867.50,23.9266
868.00,23.8940
868.50,23.9100
869.00,23.9603
869.50,24.0311
870.00,24.1199
870.50,24.2350
871.00,24.3789
871.50,24.5315
872.00,24.6546
872.50,24.7174
873.00,24.7229
873.50,24.7067
874.00,24.7102
874.50,24.7489
875.00,24.8015
875.50,24.8280
876.00,24.8013
876.50,24.7308
877.00,24.6588
877.50,24.6304
878.00,24.6607
878.50,24.7240
879.00,24.7729
879.50,24.7707
880.00,24.7089
880.50,24.6007
881.00,24.4629
881.50,24.3107
882.00,24.1641
882.50,24.0506
883.00,23.9929
883.50,23.9956
884.00,24.0448
884.50,24.1162
885.00,24.1848
885.50,24.2310
886.00,24.2469
886.50,24.2411
887.00,24.2347
887.50,24.2499
888.00,24.2923
888.50,24.3432
889.00,24.3715
889.50,24.3591
890.00,24.3157
890.50,24.2680
891.00,24.2352
891.50,24.2166
892.00,24.1996
892.50,24.1757
893.00,24.1452
893.50,24.1122
894.00,24.0788
894.50,24.0462
895.00,24.0176
895.50,23.9956
896.00,23.9783
896.50,23.9615
897.00,23.9458
897.50,23.9376
898.00,23.9393
898.50,23.9386
899.00,23.9113
899.50,23.8418
900.00,23.7417
900.50,23.6471
901.00,23.5941
901.50,23.5951
902.00,23.6361
902.50,23.6918
903.00,23.7405
903.50,23.7724
904.00,23.7906
904.50,23.8083
905.00,23.8411
905.50,23.8990
906.00,23.9816
906.50,24.0795
907.00,24.1783
907.50,24.2643
908.00,24.3307
908.50,24.3765
909.00,24.4007
909.50,24.4009
910.00,24.3803
910.50,24.3551
911.00,24.3506
911.50,24.3846
912.00,24.4521
912.50,24.5237
913.00,24.5633
913.50,24.5542
914.00,24.5088
914.50,24.4567
915.00,24.4219
915.50,24.4126
916.00,24.4264
916.50,24.4568
917.00,24.4905
917.50,24.5054
918.00,24.4784
918.50,24.4019
919.00,24.2927
919.50,24.1816
920.00,24.0940
920.50,24.0366
921.00,24.0016
921.50,23.9793
922.00,23.9647
922.50,23.9527
923.00,23.9346
923.50,23.9024
924.00,23.8580
924.50,23.8104
925.00,23.7653
925.50,23.7210
926.00,23.6771
926.50,23.6463
927.00,23.6517
927.50,23.7110
928.00,23.8186
928.50,23.9431
929.00,24.0452
929.50,24.1035
930.00,24.1288
930.50,24.1547
931.00,24.2113
931.50,24.3054
932.00,24.4200
932.50,24.5270
933.00,24.5985
933.50,24.6128
934.00,24.5597
934.50,24.4483
935.00,24.3091
935.50,24.1815
936.00,24.0919
936.50,24.0427
937.00,24.0221
937.50,24.0241
938.00,24.0559
938.50,24.1264
939.00,24.2265
939.50,24.3242
940.00,24.3829
940.50,24.3865
941.00,24.3507
941.50,24.3043
942.00,24.2624
942.50,24.2171
943.00,24.1561
943.50,24.0859
944.00,24.0322
944.50,24.0184
945.00,24.0461
945.50,24.0938
946.00,24.1337
946.50,24.1504
947.00,24.1476
947.50,24.1420
948.00,24.1470
948.50,24.1619
949.00,24.1742
949.50,24.1732
950.00,24.1627
950.50,24.1597
951.00,24.1794
951.50,24.2185
952.00,24.2520
952.50,24.2495
953.00,24.1980
953.50,24.1125
954.00,24.0276
954.50,23.9751
955.00,23.9652
955.50,23.9840
956.00,24.0096
956.50,24.0322
957.00,24.0590
957.50,24.0986
958.00,24.1424
958.50,24.1662
959.00,24.1520
959.50,24.1070
960.00,24.0584
960.50,24.0307
961.00,24.0275
961.50,24.0345
962.00,24.0362
962.50,24.0281
963.00,24.0164
963.50,24.0081
964.00,24.0045
964.50,24.0034
965.00,24.0037
965.50,24.0048
966.00,24.0018
966.50,23.9853
967.00,23.9525
967.50,23.9182
968.00,23.9130
968.50,23.9613
969.00,24.0557
969.50,24.1533
970.00,24.2000
970.50,24.1652
971.00,24.0571
971.50,23.9118
972.00,23.7730
972.50,23.6742
973.00,23.6278
973.50,23.6233
974.00,23.6366
974.50,23.6478
975.00,23.6548
975.50,23.6717
976.00,23.7140
976.50,23.7794
977.00,23.8442
977.50,23.8814
978.00,23.8857
978.50,23.8764
979.00,23.8766
979.50,23.8951
980.00,23.9273
980.50,23.9693
981.00,24.0246
981.50,24.0973
982.00,24.1826
982.50,24.2629
983.00,24.3141
983.50,24.3186
984.00,24.2783
984.50,24.2137
985.00,24.1477
985.50,24.0881
986.00,24.0262
986.50,23.9510
987.00,23.8606
987.50,23.7608
988.00,23.6591
988.50,23.5636
989.00,23.4864
989.50,23.4399
990.00,23.4304
990.50,23.4540
991.00,23.5004
991.50,23.5605
992.00,23.6333
992.50,23.7236
993.00,23.8298
993.50,23.9315
994.00,23.9925
994.50,23.9850
995.00,23.9118
995.50,23.8076
996.00,23.7168
996.50,23.6673
997.00,23.6583
997.50,23.6664
998.00,23.6628
998.50,23.6305
999.00,23.5716
999.50,23.5018
1000.00,23.4410
1000.50,23.4065
1001.00,23.4105
1001.50,23.4589
1002.00,23.5488
1002.50,23.6711
1003.00,23.8153
1003.50,23.9710
1004.00,24.1232
1004.50,24.2477
1005.00,24.3216
1005.50,24.3413
1006.00,24.3278
1006.50,24.3109
1007.00,24.3056
1007.50,24.3057
1008.00,24.2985
1008.50,24.2827
1009.00,24.2705
1009.50,24.2751
1010.00,24.3016
1010.50,24.3491
1011.00,24.4199
1011.50,24.5184
1012.00,24.6385
1012.50,24.7552
1013.00,24.8332
1013.50,24.8511
1014.00,24.8152
1014.50,24.7526
1015.00,24.6916
1015.50,24.6476
1016.00,24.6218
1016.50,24.6055
1017.00,24.5868
1017.50,24.5608
1018.00,24.5371
1018.50,24.5354
1019.00,24.5698
1019.50,24.6365
1020.00,24.7170
1020.50,24.7927
1021.00,24.8514
1021.50,24.8837
1022.00,24.8793
1022.50,24.8334
1023.00,24.7551
1023.50,24.6670
1024.00,24.5930
1024.50,24.5455
1025.00,24.5192
1025.50,24.4992
1026.00,24.4742
1026.50,24.4484
1027.00,24.4396
1027.50,24.4653
1028.00,24.5247
1028.50,24.5932
1029.00,24.6334
1029.50,24.6183
1030.00,24.5497
1030.50,24.4571
1031.00,24.3764
1031.50,24.3285
1032.00,24.3114
1032.50,24.3085
1033.00,24.3023
1033.50,24.2831
1034.00,24.2531
1034.50,24.2234
1035.00,24.2063
1035.50,24.2087
1036.00,24.2288
1036.50,24.2582
1037.00,24.2863
1037.50,24.3060
1038.00,24.3152
1038.50,24.3165
1039.00,24.3155
1039.50,24.3188
1040.00,24.3301
1040.50,24.3443
1041.00,24.3487
1041.50,24.3325
1042.00,24.3006
1042.50,24.2749
1043.00,24.2789
1043.50,24.3178
1044.00,24.3735
1044.50,24.4196
1045.00,24.4394
1045.50,24.4329
1046.00,24.4104
1046.50,24.3837
1047.00,24.3606
1047.50,24.3437
1048.00,24.3299
1048.50,24.3106
1049.00,24.2751
1049.50,24.2164
1050.00,24.1411
1050.50,24.0740
1051.00,24.0503
1051.50,24.0915
1052.00,24.1840
1052.50,24.2784
1053.00,24.3186
1053.50,24.2767
1054.00,24.1665
1054.50,24.0278
1055.00,23.9003
1055.50,23.8048
1056.00,23.7415
1056.50,23.6985
1057.00,23.6621
1057.50,23.6260
1058.00,23.5931
1058.50,23.5698
1059.00,23.5560
1059.50,23.5419
1060.00,23.5168
1060.50,23.4839
1061.00,23.4602
1061.50,23.4610
1062.00,23.4817
1062.50,23.5003
1063.00,23.4975
1063.50,23.4750
1064.00,23.4526
1064.50,23.4494
1065.00,23.4712
1065.50,23.5110
1066.00,23.5545
1066.50,23.5854
1067.00,23.5927
1067.50,23.5822
1068.00,23.5772
1068.50,23.6005
1069.00,23.6510
1069.50,23.7027
1070.00,23.7260
1070.50,23.7118
1071.00,23.6741
1071.50,23.6371
1072.00,23.6179
1072.50,23.6188
1073.00,23.6277
1073.50,23.6241
1074.00,23.5878
1074.50,23.5085
1075.00,23.3924
1075.50,23.2636
1076.00,23.1580
1076.50,23.1117
1077.00,23.1442
1077.50,23.2452
1078.00,23.3755
1078.50,23.4881
1079.00,23.5548
1079.50,23.5794
1080.00,23.5849
1080.50,23.5936
1081.00,23.6155
1081.50,23.6516
1082.00,23.6997
1082.50,23.7552
1083.00,23.8083
1083.50,23.8457
1084.00,23.8590
1084.50,23.8508
1085.00,23.8296
1085.50,23.8000
1086.00,23.7604
1086.50,23.7100
1087.00,23.6542
1087.50,23.6020
1088.00,23.5616
1088.50,23.5397
1089.00,23.5423
1089.50,23.5712
1090.00,23.6191
1090.50,23.6724
1091.00,23.7223
1091.50,23.7694
1092.00,23.8183
1092.50,23.8673
1093.00,23.9063
1093.50,23.9229
1094.00,23.9107
1094.50,23.8720
1095.00,23.8167
1095.50,23.7558
1096.00,23.6955
1096.50,23.6379
1097.00,23.5872
1097.50,23.5521
1098.00,23.5371
1098.50,23.5342
1099.00,23.5281
1099.50,23.5111
1100.00,23.4904
1100.50,23.4829
1101.00,23.5001
1101.50,23.5392
1102.00,23.5848
1102.50,23.6192
1103.00,23.6286
1103.50,23.6067
1104.00,23.5593
1104.50,23.5066
1105.00,23.4774
1105.50,23.4929
1106.00,23.5521
1106.50,23.6326
1107.00,23.7041
1107.50,23.7447
1108.00,23.7456
1108.50,23.7100
1109.00,23.6504
1109.50,23.5906
1110.00,23.5622
1110.50,23.5905
1111.00,23.6736
1111.50,23.7761
1112.00,23.8477
1112.50,23.8541
1113.00,23.7984
1113.50,23.7152
1114.00,23.6454
1114.50,23.6131
1115.00,23.6182
1115.50,23.6465
1116.00,23.6812
1116.50,23.7097
1117.00,23.7245
1117.50,23.7254
1118.00,23.7215
1118.50,23.7239
1119.00,23.7347
1119.50,23.7426
1120.00,23.7340
1120.50,23.7080
1121.00,23.6791
1121.50,23.6650
1122.00,23.6737
1122.50,23.6999
1123.00,23.7311
1123.50,23.7539
1124.00,23.7599
1124.50,23.7475
1125.00,23.7207
1125.50,23.6826
1126.00,23.6342
1126.50,23.5806
1127.00,23.5355
1127.50,23.5128
1128.00,23.5116
1128.50,23.5154
1129.00,23.5081
1129.50,23.4862
1130.00,23.4559
1130.50,23.4232
1131.00,23.3936
1131.50,23.3821
1132.00,23.4154
1132.50,23.5149
1133.00,23.6709
1133.50,23.8344
1134.00,23.9415
1134.50,23.9530
1135.00,23.8778
1135.50,23.7650
1136.00,23.6747
1136.50,23.6456
1137.00,23.6779
1137.50,23.7408
1138.00,23.7967
1138.50,23.8228
1139.00,23.8158
1139.50,23.7848
1140.00,23.7417
1140.50,23.6952
1141.00,23.6468
1141.50,23.5921
1142.00,23.5284
1142.50,23.4627
1143.00,23.4127
1143.50,23.3987
1144.00,23.4325
1144.50,23.5080
1145.00,23.6034
1145.50,23.6891
1146.00,23.7416
1146.50,23.7528
1147.00,23.7320
1147.50,23.7010
1148.00,23.6810
1148.50,23.6801
1149.00,23.6893
1149.50,23.6948
1150.00,23.6941
1150.50,23.6979
1151.00,23.7141
1151.50,23.7326
1152.00,23.7310
1152.50,23.6953
1153.00,23.6338
1153.50,23.5690
1154.00,23.5197
1154.50,23.4919
1155.00,23.4831
1155.50,23.4904
1156.00,23.5120
1156.50,23.5455
1157.00,23.5867
1157.50,23.6302
1158.00,23.6722
1158.50,23.7113
1159.00,23.7483
1159.50,23.7826
1160.00,23.8092
1160.50,23.8212
1161.00,23.8187
1161.50,23.8117
1162.00,23.8127
1162.50,23.8236
1163.00,23.8331
1163.50,23.8292
1164.00,23.8137
1164.50,23.8004
1165.00,23.7999
1165.50,23.8067
1166.00,23.8013
1166.50,23.7637
1167.00,23.6850
1167.50,23.5719
1168.00,23.4460
1168.50,23.3386
1169.00,23.2800
1169.50,23.2867
1170.00,23.3557
1170.50,23.4685
1171.00,23.6003
1171.50,23.7264
1172.00,23.8279
1172.50,23.8968
1173.00,23.9380
1173.50,23.9630
1174.00,23.9786
1174.50,23.9814
1175.00,23.9649
1175.50,23.9324
1176.00,23.9017
1176.50,23.8958
1177.00,23.9254
1177.50,23.9777
1178.00,24.0226
1178.50,24.0303
1179.00,23.9891
1179.50,23.9112
1180.00,23.8200
1180.50,23.7328
1181.00,23.6504
1181.50,23.5657
1182.00,23.4811
1182.50,23.4155
1183.00,23.3919
1183.50,23.4193
1184.00,23.4846
1184.50,23.5601
1185.00,23.6180
1185.50,23.6418
1186.00,23.6330
1186.50,23.6087
1187.00,23.5898
1187.50,23.5856
1188.00,23.5834
1188.50,23.5549
1189.00,23.4757
1189.50,23.3456
1190.00,23.1941
1190.50,23.0649
1191.00,22.9919
1191.50,22.9851
1192.00,23.0351
1192.50,23.1241
1193.00,23.2338
1193.50,23.3436
1194.00,23.4296
1194.50,23.4704
1195.00,23.4600
1195.50,23.4162
1196.00,23.3722
1196.50,23.3552
1197.00,23.3714
1197.50,23.4091
1198.00,23.4510
1198.50,23.4816
1199.00,23.4890
1199.50,23.4706
1200.00,23.4394
1200.50,23.4208
1201.00,23.4381
1201.50,23.4943
1202.00,23.5655
1202.50,23.6121
1203.00,23.6001
1203.50,23.5206
1204.00,23.3951
1204.50,23.2658
1205.00,23.1755
1205.50,23.1462
1206.00,23.1686
1206.50,23.2083
1207.00,23.2253
1207.50,23.1959
1208.00,23.1238
1208.50,23.0345
1209.00,22.9593
1209.50,22.9200
1210.00,22.9211
1210.50,22.9533
1211.00,23.0046
1211.50,23.0681
1212.00,23.1386
1212.50,23.2022
1213.00,23.2359
1213.50,23.2252
1214.00,23.1809
1214.50,23.1345
1215.00,23.1124
1215.50,23.1173
1216.00,23.1346
1216.50,23.1564
1217.00,23.1927
1217.50,23.2593
1218.00,23.3551
1218.50,23.4551
1219.00,23.5273
1219.50,23.5562
1220.00,23.5510
1220.50,23.5356
1221.00,23.5283
1221.50,23.5294
1222.00,23.5262
1222.50,23.5097
1223.00,23.4868
1223.50,23.4748
1224.00,23.4868
1224.50,23.5210
1225.00,23.5633
1225.50,23.5978
1226.00,23.6166
1226.50,23.6215
1227.00,23.6185
1227.50,23.6110
1228.00,23.5969
1228.50,23.5729
1229.00,23.5372
1229.50,23.4910
1230.00,23.4379
1230.50,23.3847
1231.00,23.3419
1231.50,23.3211
1232.00,23.3275
1232.50,23.3538
1233.00,23.3837
1233.50,23.4043
1234.00,23.4170
1234.50,23.4346
1235.00,23.4677
1235.50,23.5144
1236.00,23.5645
1236.50,23.6105
1237.00,23.6509
1237.50,23.6863
1238.00,23.7163
1238.50,23.7429
1239.00,23.7711
1239.50,23.8022
1240.00,23.8292
1240.50,23.8411
1241.00,23.8329
1241.50,23.8084
1242.00,23.7734
1242.50,23.7296
1243.00,23.6804
1243.50,23.6392
1244.00,23.6276
1244.50,23.6588
1245.00,23.7241
1245.50,23.7991
1246.00,23.8620
1246.50,23.9072
1247.00,23.9420
1247.50,23.9744
1248.00,24.0030
1248.50,24.0223
1249.00,24.0313
1249.50,24.0362
1250.00,24.0425
1250.50,24.0466
1251.00,24.0375
1251.50,24.0083
1252.00,23.9653
1252.50,23.9256
1253.00,23.9073
1253.50,23.9201
1254.00,23.9615
1254.50,24.0173
1255.00,24.0679
1255.50,24.0972
1256.00,24.0988
1256.50,24.0771
1257.00,24.0414
1257.50,24.0010
1258.00,23.9643
1258.50,23.9401
1259.00,23.9361
1259.50,23.9531
1260.00,23.9811
1260.50,24.0040
1261.00,24.0106
1261.50,24.0003
1262.00,23.9799
1262.50,23.9553
1263.00,23.9269
1263.50,23.8916
1264.00,23.8455
1264.50,23.7863
1265.00,23.7133
1265.50,23.6305
1266.00,23.5512
1266.50,23.4967
1267.00,23.4828
1267.50,23.5056
1268.00,23.5424
1268.50,23.5681
1269.00,23.5719
1269.50,23.5608
1270.00,23.5485
1270.50,23.5439
1271.00,23.5481
1271.50,23.5576
1272.00,23.5665
1272.50,23.5687
1273.00,23.5631
1273.50,23.5597
1274.00,23.5753
1274.50,23.6196
1275.00,23.6853
1275.50,23.7518
1276.00,23.7956
1276.50,23.7970
1277.00,23.7464
1277.50,23.6542
1278.00,23.5543
1278.50,23.4890
1279.00,23.4841
1279.50,23.5336
1280.00,23.6067
1280.50,23.6709
1281.00,23.7097
1281.50,23.7239
1282.00,23.7189
1282.50,23.6944
1283.00,23.6460
1283.50,23.5765
1284.00,23.5008
1284.50,23.4376
1285.00,23.3969
1285.50,23.3777
1286.00,23.3782
1286.50,23.4017
1287.00,23.4505
1287.50,23.5160
1288.00,23.5766
1288.50,23.6077
1289.00,23.5958
1289.50,23.5458
1290.00,23.4759
1290.50,23.4062
1291.00,23.3468
1291.50,23.2982
1292.00,23.2581
1292.50,23.2256
1293.00,23.1981
1293.50,23.1719
1294.00,23.1500
1294.50,23.1452
1295.00,23.1681
1295.50,23.2115
1296.00,23.2515
1296.50,23.2687
1297.00,23.2665
1297.50,23.2677
1298.00,23.2944
1298.50,23.3504
1299.00,23.4178
1299.50,23.4697
1300.00,23.4874
1300.50,23.4706
1301.00,23.4361
1301.50,23.4045
1302.00,23.3843
1302.50,23.3688
1303.00,23.3444
1303.50,23.3052
1304.00,23.2597
1304.50,23.2264
1305.00,23.2217
1305.50,23.2477
1306.00,23.2877
1306.50,23.3143
1307.00,23.3049
1307.50,23.2559
1308.00,23.1859
1308.50,23.1282
1309.00,23.1132
1309.50,23.1521
1310.00,23.2277
1310.50,23.3020
1311.00,23.3371
1311.50,23.3181
1312.00,23.2636
1312.50,23.2142
1313.00,23.2044
1313.50,23.2361
1314.00,23.2785
1314.50,23.2944
1315.00,23.2725
1315.50,23.2347
1316.00,23.2167
1316.50,23.2415
1317.00,23.3090
1317.50,23.4040
1318.00,23.5090
1318.50,23.6053
1319.00,23.6682
1319.50,23.6716
1320.00,23.6077
1320.50,23.5014
1321.00,23.3978
1321.50,23.3299
1322.00,23.3006
1322.50,23.2919
1323.00,23.2859
1323.50,23.2730
1324.00,23.2506
1324.50,23.2230
1325.00,23.2066
1325.50,23.2227
1326.00,23.2788
1326.50,23.3554
1327.00,23.4189
1327.50,23.4474
1328.00,23.4429
1328.50,23.4214
1329.00,23.3966
1329.50,23.3790
1330.00,23.3804
1330.50,23.4114
1331.00,23.4695
1331.50,23.5320
1332.00,23.5647
1332.50,23.5433
1333.00,23.4724
1333.50,23.3888
1334.00,23.3434
1334.50,23.3723
1335.00,23.4759
1335.50,23.6226
1336.00,23.7676
1336.50,23.8709
1337.00,23.9057
1337.50,23.8631
1338.00,23.7581
1338.50,23.6272
1339.00,23.5119
1339.50,23.4377
1340.00,23.4066
1340.50,23.4053
1341.00,23.4196
1341.50,23.4414
1342.00,23.4679
1342.50,23.4950
1343.00,23.5166
1343.50,23.5269
1344.00,23.5243
1344.50,23.5139
1345.00,23.5097
1345.50,23.5308
1346.00,23.5854
1346.50,23.6531
1347.00,23.6891
1347.50,23.6542
1348.00,23.5479
1348.50,23.4127
1349.00,23.3063
1349.50,23.2661
1350.00,23.2892
1350.50,23.3372
1351.00,23.3593
1351.50,23.3228
1352.00,23.2322
1352.50,23.1217
1353.00,23.0298
1353.50,22.9767
1354.00,22.9628
1354.50,22.9788
1355.00,23.0142
1355.50,23.0597
1356.00,23.1125
1356.50,23.1779
1357.00,23.2616
1357.50,23.3539
1358.00,23.4239
1358.50,23.4392
1359.00,23.3954
1359.50,23.3250
1360.00,23.2739
1360.50,23.2679
1361.00,23.2978
1361.50,23.3368
1362.00,23.3657
1362.50,23.3795
1363.00,23.3751
1363.50,23.3417
1364.00,23.2713
1364.50,23.1796
1365.00,23.1112
1365.50,23.1145
1366.00,23.2045
1366.50,23.3466
1367.00,23.4774
1367.50,23.5476
1368.00,23.5512
1368.50,23.5205
1369.00,23.4952
1369.50,23.4951
1370.00,23.5171
1370.50,23.5495
1371.00,23.5875
1371.50,23.6386
1372.00,23.7121
1372.50,23.8063
1373.00,23.9031
1373.50,23.9762
1374.00,24.0023
1374.50,23.9665
1375.00,23.8631
1375.50,23.7001
1376.00,23.5045
1376.50,23.3189
1377.00,23.1863
1377.50,23.1330
1378.00,23.1597
1378.50,23.2439
1379.00,23.3482
1379.50,23.4340
1380.00,23.4772
1380.50,23.4786
1381.00,23.4597
1381.50,23.4448
1382.00,23.4446
1382.50,23.4529
1383.00,23.4587
1383.50,23.4588
1384.00,23.4624
1384.50,23.4851
1385.00,23.5362
1385.50,23.6099
1386.00,23.6866
1386.50,23.7432
1387.00,23.7658
1387.50,23.7546
1388.00,23.7216
1388.50,23.6845
1389.00,23.6598
1389.50,23.6557
1390.00,23.6687
1390.50,23.6859
1391.00,23.6900
1391.50,23.6637
1392.00,23.5976
1392.50,23.4984
1393.00,23.3914
1393.50,23.3079
1394.00,23.2664
1394.50,23.2657
1395.00,23.2927
1395.50,23.3324
1396.00,23.3715
1396.50,23.4027
1397.00,23.4297
1397.50,23.4692
1398.00,23.5420
1398.50,23.6573
1399.00,23.8014
1399.50,23.9374
1400.00,24.0175
1400.50,24.0071
1401.00,23.9102
1401.50,23.7772
1402.00,23.6815
1402.50,23.6772
1403.00,23.7681
1403.50,23.9084
1404.00,24.0321
1404.50,24.0891
1405.00,24.0674
1405.50,23.9912
1406.00,23.8995
1406.50,23.8231
1407.00,23.7729
1407.50,23.7437
1408.00,23.7258
1408.50,23.7141
1409.00,23.7080
1409.50,23.7055
1410.00,23.6991
1410.50,23.6788
1411.00,23.6392
1411.50,23.5865
1412.00,23.5400
1412.50,23.5220
1413.00,23.5393
1413.50,23.5707
1414.00,23.5783
1414.50,23.5384
1415.00,23.4666
1415.50,23.4091
1416.00,23.4072
1416.50,23.4651
1417.00,23.5489
1417.50,23.6132
1418.00,23.6310
1418.50,23.6051
1419.00,23.5580
1419.50,23.5135
1420.00,23.4861
1420.50,23.4801
1421.00,23.4949
1421.50,23.5273
1422.00,23.5707
1422.50,23.6129
1423.00,23.6389
1423.50,23.6384
1424.00,23.6130
1424.50,23.5729
1425.00,23.5275
1425.50,23.4804
1426.00,23.4348
1426.50,23.3989
1427.00,23.3861
1427.50,23.4084
1428.00,23.4705
1428.50,23.5633
1429.00,23.6646
1429.50,23.7485
1430.00,23.7998
1430.50,23.8197
1431.00,23.8162
1431.50,23.7943
1432.00,23.7554
1432.50,23.7076
1433.00,23.6690
1433.50,23.6562
1434.00,23.6677
1434.50,23.6837
1435.00,23.6832
1435.50,23.6609
1436.00,23.6250
1436.50,23.5810
1437.00,23.5221
1437.50,23.4386
1438.00,23.3332
1438.50,23.2221
1439.00,23.1223
1439.50,23.0439
1440.00,22.9966
1440.50,22.9971
1441.00,23.0597
1441.50,23.1776
1442.00,23.3199
1442.50,23.4512
1443.00,23.5511
1443.50,23.6131
1444.00,23.6340
1444.50,23.6130
1445.00,23.5610
1445.50,23.4993
1446.00,23.4448
1446.50,23.3971
1447.00,23.3459
1447.50,23.2903
1448.00,23.2450
1448.50,23.2288
1449.00,23.2494
1449.50,23.3001
1450.00,23.3674
1450.50,23.4371
1451.00,23.4967
1451.50,23.5373
1452.00,23.5592
1452.50,23.5742
1453.00,23.5979
1453.50,23.6381
1454.00,23.6922
1454.50,23.7542
1455.00,23.8203
1455.50,23.8868
1456.00,23.9461
1456.50,23.9892
1457.00,24.0094
1457.50,24.0007
1458.00,23.9559
1458.50,23.8726
1459.00,23.7628
1459.50,23.6498
1460.00,23.5539
1460.50,23.4826
1461.00,23.4353
1461.50,23.4165
1462.00,23.4365
1462.50,23.4981
1463.00,23.5841
1463.50,23.6639
1464.00,23.7148
1464.50,23.7391
1465.00,23.7615
1465.50,23.8062
1466.00,23.8736
1466.50,23.9392
1467.00,23.9775
1467.50,23.9853
1468.00,23.9811
1468.50,23.9827
1469.00,23.9928
1469.50,24.0042
1470.00,24.0096
1470.50,24.0016
1471.00,23.9688
1471.50,23.9032
1472.00,23.8143
1472.50,23.7315
1473.00,23.6881
1473.50,23.6983
1474.00,23.7492
1474.50,23.8143
1475.00,23.8715
1475.50,23.9141
1476.00,23.9455
1476.50,23.9705
1477.00,23.9898
1477.50,24.0035
1478.00,24.0152
1478.50,24.0300
1479.00,24.0476
1479.50,24.0623
1480.00,24.0722
1480.50,24.0837
1481.00,24.1021
1481.50,24.1176
1482.00,24.1063
1482.50,24.0495
1483.00,23.9529
1483.50,23.8460
1484.00,23.7611
1484.50,23.7117
1485.00,23.6872
1485.50,23.6671
1486.00,23.6414
1486.50,23.6192
1487.00,23.6199
1487.50,23.6575
1488.00,23.7308
1488.50,23.8250
1489.00,23.9202
1489.50,24.0002
1490.00,24.0564
1490.50,24.0840
1491.00,24.0778
1491.50,24.0380
1492.00,23.9831
1492.50,23.9483
1493.00,23.9609
1493.50,24.0152
1494.00,24.0777
1494.50,24.1159
1495.00,24.1196
1495.50,24.0921
1496.00,24.0329
1496.50,23.9389
1497.00,23.8221
1497.50,23.7164
1498.00,23.6592
1498.50,23.6657
1499.00,23.7206
1499.50,23.7908
1500.00,23.8425
1500.50,23.8530
1501.00,23.8175
1501.50,23.7535
1502.00,23.6951
1502.50,23.6737
1503.00,23.6974
1503.50,23.7470
1504.00,23.7934
1504.50,23.8202
1505.00,23.8303
1505.50,23.8338
1506.00,23.8338
1506.50,23.8273
1507.00,23.8163
1507.50,23.8138
1508.00,23.8341
1508.50,23.8794
1509.00,23.9341
1509.50,23.9749
1510.00,23.9850
1510.50,23.9657
1511.00,23.9365
1511.50,23.9261
1512.00,23.9555
1512.50,24.0227
1513.00,24.1013
1513.50,24.1563
1514.00,24.1667
1514.50,24.1386
1515.00,24.0975
1515.50,24.0712
1516.00,24.0751
1516.50,24.1083
1517.00,24.1582
1517.50,24.2092
1518.00,24.2480
1518.50,24.2644
1519.00,24.2483
1519.50,24.1941
1520.00,24.1047
1520.50,23.9910
1521.00,23.8692
1521.50,23.7609
1522.00,23.6940
1522.50,23.6916
1523.00,23.7538
1523.50,23.8489
1524.00,23.9258
1524.50,23.9432
1525.00,23.8957
1525.50,23.8192
1526.00,23.7668
1526.50,23.7718
1527.00,23.8273
1527.50,23.8957
1528.00,23.9348
1528.50,23.9203
1529.00,23.8544
1529.50,23.7636
1530.00,23.6869
1530.50,23.6578
1531.00,23.6865
1531.50,23.7530
1532.00,23.8197
1532.50,23.8567
1533.00,23.8609
1533.50,23.8538
1534.00,23.8584
1534.50,23.8793
1535.00,23.9013
1535.50,23.9087
1536.00,23.9018
1536.50,23.8962
1537.00,23.9044
1537.50,23.9229
1538.00,23.9373
1538.50,23.9382
1539.00,23.9277
1539.50,23.9114
1540.00,23.8897
1540.50,23.8618
1541.00,23.8369
1541.50,23.8364
1542.00,23.8818
1542.50,23.9768
1543.00,24.1017
1543.50,24.2219
1544.00,24.3042
1544.50,24.3315
1545.00,24.3069
1545.50,24.2477
1546.00,24.1717
1546.50,24.0870
1547.00,23.9942
1547.50,23.8944
1548.00,23.7943
1548.50,23.7039
1549.00,23.6347
1549.50,23.6009
1550.00,23.6187
1550.50,23.6980
1551.00,23.8311
1551.50,23.9935
1552.00,24.1568
1552.50,24.2994
1553.00,24.4078
1553.50,24.4698
1554.00,24.4764
1554.50,24.4275
1555.00,24.3355
1555.50,24.2226
1556.00,24.1137
1556.50,24.0298
1557.00,23.9829
1557.50,23.9755
1558.00,24.0032
1558.50,24.0562
1559.00,24.1179
1559.50,24.1697
1560.00,24.2003
1560.50,24.2114
1561.00,24.2129
1561.50,24.2100
1562.00,24.1974
1562.50,24.1665
1563.00,24.1179
1563.50,24.0660
1564.00,24.0308
1564.50,24.0259
1565.00,24.0523
1565.50,24.1011
1566.00,24.1609
1566.50,24.2243
1567.00,24.2871
1567.50,24.3419
1568.00,24.3739
1568.50,24.3700
1569.00,24.3336
1569.50,24.2896
1570.00,24.2711
1570.50,24.2954
1571.00,24.3489
1571.50,24.3923
1572.00,24.3863
1572.50,24.3195
1573.00,24.2187
1573.50,24.1321
1574.00,24.1010
1574.50,24.1404
1575.00,24.2350
1575.50,24.3457
1576.00,24.4247
1576.50,24.4361
1577.00,24.3703
1577.50,24.2462
1578.00,24.1003
1578.50,23.9739
1579.00,23.9000
1579.50,23.8946
1580.00,23.9538
1580.50,24.0567
1581.00,24.1730
1581.50,24.2714
1582.00,24.3256
1582.50,24.3186
1583.00,24.2457
1583.50,24.1193
1584.00,23.9681
1584.50,23.8269
1585.00,23.7238
1585.50,23.6747
1586.00,23.6850
1586.50,23.7535
1587.00,23.8695
1587.50,24.0107
1588.00,24.1477
1588.50,24.2565
1589.00,24.3309
1589.50,24.3823
1590.00,24.4254
1590.50,24.4631
1591.00,24.4838
1591.50,24.4721
1592.00,24.4213
1592.50,24.3404
1593.00,24.2543
1593.50,24.1958
1594.00,24.1895
1594.50,24.2363
1595.00,24.3133
1595.50,24.3902
1596.00,24.4472
1596.50,24.4795
1597.00,24.4887
1597.50,24.4754
1598.00,24.4385
1598.50,24.3769
1599.00,24.2920
1599.50,24.1891
1600.00,24.0789
1600.50,23.9785
1601.00,23.9068
1601.50,23.8749
1602.00,23.8762
1602.50,23.8895
1603.00,23.8952
1603.50,23.8915
1604.00,23.8931
1604.50,23.9182
1605.00,23.9764
1605.50,24.0651
1606.00,24.1699
1606.50,24.2671
1607.00,24.3287
1607.50,24.3324
1608.00,24.2729
1608.50,24.1670
1609.00,24.0462
1609.50,23.9396
1610.00,23.8612
1610.50,23.8118
1611.00,23.7906
1611.50,23.8018
1612.00,23.8535
1612.50,23.9510
1613.00,24.0903
1613.50,24.2551
1614.00,24.4158
1614.50,24.5386
1615.00,24.5987
1615.50,24.5939
1616.00,24.5463
1616.50,24.4908
1617.00,24.4544
1617.50,24.4379
1618.00,24.4202
1618.50,24.3802
1619.00,24.3174
1619.50,24.2523
1620.00,24.2105
1620.50,24.2055
1621.00,24.2305
1621.50,24.2635
1622.00,24.2778
1622.50,24.2573
1623.00,24.2049
1623.50,24.1399
1624.00,24.0842
1624.50,24.0476
1625.00,24.0224
1625.50,23.9918
1626.00,23.9457
1626.50,23.8887
1627.00,23.8354
1627.50,23.7986
1628.00,23.7816
1628.50,23.7808
1629.00,23.7916
1629.50,23.8108
1630.00,23.8327
1630.50,23.8448
1631.00,23.8317
1631.50,23.7860
1632.00,23.7189
1632.50,23.6578
1633.00,23.6321
1633.50,23.6561
1634.00,23.7221
1634.50,23.8069
1635.00,23.8836
1635.50,23.9289
1636.00,23.9272
1636.50,23.8772
1637.00,23.7953
1637.50,23.7071
1638.00,23.6334
1638.50,23.5832
1639.00,23.5581
1639.50,23.5557
1640.00,23.5680
1640.50,23.5826
1641.00,23.5889
1641.50,23.5847
1642.00,23.5759
1642.50,23.5731
1643.00,23.5887
1643.50,23.6364
1644.00,23.7247
1644.50,23.8446
1645.00,23.9653
1645.50,24.0487
1646.00,24.0734
1646.50,24.0443
1647.00,23.9805
1647.50,23.8974
1648.00,23.8053
1648.50,23.7199
1649.00,23.6658
1649.50,23.6668
1650.00,23.7338
1650.50,23.8602
1651.00,24.0241
1651.50,24.1921
1652.00,24.3269
1652.50,24.3992
1653.00,24.3992
1653.50,24.3371
1654.00,24.2350
1654.50,24.1174
1655.00,24.0079
1655.50,23.9271
1656.00,23.8879
1656.50,23.8873
1657.00,23.9040
1657.50,23.9068
1658.00,23.8708
1658.50,23.7919
1659.00,23.6895
1659.50,23.5932
1660.00,23.5240
1660.50,23.4821
1661.00,23.4518
1661.50,23.4206
1662.00,23.3977
1662.50,23.4115
1663.00,23.4858
1663.50,23.6150
1664.00,23.7646
1664.50,23.8984
1665.00,24.0050
1665.50,24.0934
1666.00,24.1675
1666.50,24.2091
1667.00,24.1904
1667.50,24.1008
1668.00,23.9591
1668.50,23.8031
1669.00,23.6689
1669.50,23.5809
1670.00,23.5520
1670.50,23.5839
1671.00,23.6617
1671.50,23.7565
1672.00,23.8396
1672.50,23.8997
1673.00,23.9406
1673.50,23.9649
1674.00,23.9630
1674.50,23.9236
1675.00,23.8542
1675.50,23.7859
1676.00,23.7563
1676.50,23.7848
1677.00,23.8615
1677.50,23.9562
1678.00,24.0369
1678.50,24.0860
1679.00,24.1031
1679.50,24.0964
1680.00,24.0731
1680.50,24.0377
1681.00,23.9978
1681.50,23.9689
1682.00,23.9696
1682.50,24.0073
1683.00,24.0668
1683.50,24.1157
1684.00,24.1252
1684.50,24.0900
1685.00,24.0302
1685.50,23.9741
1686.00,23.9437
1686.50,23.9479
1687.00,23.9819
1687.50,24.0261
1688.00,24.0520
1688.50,24.0359
1689.00,23.9741
1689.50,23.8868
1690.00,23.8070
1690.50,23.7641
1691.00,23.7704
1691.50,23.8197
1692.00,23.8956
1692.50,23.9798
1693.00,24.0595
1693.50,24.1305
1694.00,24.1944
1694.50,24.2509
1695.00,24.2897
1695.50,24.2925
1696.00,24.2468
1696.50,24.1593
1697.00,24.0564
1697.50,23.9673
1698.00,23.9059
1698.50,23.8669
1699.00,23.8347
1699.50,23.7972
1700.00,23.7530
1700.50,23.7112
1701.00,23.6877
1701.50,23.6996
1702.00,23.7573
1702.50,23.8523
1703.00,23.9546
1703.50,24.0273
1704.00,24.0522
1704.50,24.0418
1705.00,24.0239
1705.50,24.0156
1706.00,24.0106
1706.50,23.9886
1707.00,23.9355
1707.50,23.8580
1708.00,23.7830
1708.50,23.7395
1709.00,23.7401
1709.50,23.7766
1710.00,23.8333
1710.50,23.9009
1711.00,23.9751
1711.50,24.0462
1712.00,24.0976
1712.50,24.1152
1713.00,24.0976
1713.50,24.0511
1714.00,23.9815
1714.50,23.8975
1715.00,23.8226
1715.50,23.7943
1716.00,23.8407
1716.50,23.9537
1717.00,24.0903
1717.50,24.2039
1718.00,24.2750
1718.50,24.3141
1719.00,24.3420
1719.50,24.3750
1720.00,24.4260
1720.50,24.5068
1721.00,24.6179
1721.50,24.7376
1722.00,24.8292
1722.50,24.8629
1723.00,24.8336
1723.50,24.7608
1724.00,24.6762
1724.50,24.6065
1725.00,24.5650
1725.50,24.5499
1726.00,24.5527
1726.50,24.5673
1727.00,24.5938
1727.50,24.6339
1728.00,24.6866
1728.50,24.7470
1729.00,24.8096
1729.50,24.8704
1730.00,24.9209
1730.50,24.9420
1731.00,24.9086
1731.50,24.8077
1732.00,24.6575
1732.50,24.5046
1733.00,24.3943
1733.50,24.3415
1734.00,24.3260
1734.50,24.3135
1735.00,24.2810
1735.50,24.2276
1736.00,24.1703
1736.50,24.1327
1737.00,24.1331
1737.50,24.1752
1738.00,24.2454
1738.50,24.3195
1739.00,24.3758
1739.50,24.4051
1740.00,24.4090
1740.50,24.3908
1741.00,24.3498
1741.50,24.2839
1742.00,24.2005
1742.50,24.1207
1743.00,24.0700
1743.50,24.0609
1744.00,24.0848
1744.50,24.1178
1745.00,24.1332
1745.50,24.1145
1746.00,24.0636
1746.50,24.0029
1747.00,23.9665
1747.50,23.9803
1748.00,24.0440
1748.50,24.1305
1749.00,24.2032
1749.50,24.2360
1750.00,24.2208
1750.50,24.1630
1751.00,24.0765
1751.50,23.9850
1752.00,23.9191
1752.50,23.9052
1753.00,23.9474
1753.50,24.0241
1754.00,24.1027
1754.50,24.1628
1755.00,24.2047
1755.50,24.2353
1756.00,24.2526
1756.50,24.2479
1757.00,24.2233
1757.50,24.1993
1758.00,24.1975
1758.50,24.2175
1759.00,24.2357
1759.50,24.2260
1760.00,24.1810
1760.50,24.1138
1761.00,24.0461
1761.50,23.9952
1762.00,23.9687
1762.50,23.9663
1763.00,23.9833
1763.50,24.0131
1764.00,24.0480
1764.50,24.0805
1765.00,24.1047
1765.50,24.1182
1766.00,24.1233
1766.50,24.1284
1767.00,24.1455
1767.50,24.1826
1768.00,24.2344
1768.50,24.2830
1769.00,24.3073
1769.50,24.2970
1770.00,24.2573
1770.50,24.2073
1771.00,24.1717
1771.50,24.1695
1772.00,24.2015
1772.50,24.2466
1773.00,24.2738
1773.50,24.2623
1774.00,24.2132
1774.50,24.1439
1775.00,24.0737
1775.50,24.0152
1776.00,23.9734
1776.50,23.9466
1777.00,23.9287
1777.50,23.9129
1778.00,23.8984
1778.50,23.8899
1779.00,23.8911
1779.50,23.8995
1780.00,23.9080
1780.50,23.9134
1781.00,23.9174
1781.50,23.9194
1782.00,23.9092
1782.50,23.8725
1783.00,23.8063
1783.50,23.7277
1784.00,23.6622
1784.50,23.6238
1785.00,23.6076
1785.50,23.5973
1786.00,23.5808
1786.50,23.5581
1787.00,23.5392
1787.50,23.5340
1788.00,23.5401
1788.50,23.5422
1789.00,23.5242
1789.50,23.4841
1790.00,23.4356
1790.50,23.3951
1791.00,23.3692
1791.50,23.3522
1792.00,23.3356
1792.50,23.3176
1793.00,23.3052
1793.50,23.3075
1794.00,23.3288
1794.50,23.3631
1795.00,23.3963
1795.50,23.4128
1796.00,23.4048
1796.50,23.3766
1797.00,23.3395
1797.50,23.3028
1798.00,23.2650
1798.50,23.2172
1799.00,23.1547
1799.50,23.0865
1800.00,23.0335
1800.50,23.0165
1801.00,23.0455
1801.50,23.1121
1802.00,23.1883
1802.50,23.2391
1803.00,23.2435
1803.50,23.2054
1804.00,23.1411
1804.50,23.0573
1805.00,22.9477
1805.50,22.8085
1806.00,22.6534
1806.50,22.5100
1807.00,22.4014
1807.50,22.3316
1808.00,22.2847
1808.50,22.2398
1809.00,22.1890
1809.50,22.1428
1810.00,22.1202
1810.50,22.1327
1811.00,22.1747
1811.50,22.2241
1812.00,22.2513
1812.50,22.2351
1813.00,22.1776
1813.50,22.1055
1814.00,22.0513
1814.50,22.0278
1815.00,22.0172
1815.50,21.9882
1816.00,21.9253
1816.50,21.8433
1817.00,21.7716
1817.50,21.7286
1818.00,21.7095
1818.50,21.6991
1819.00,21.6910
1819.50,21.6947
1820.00,21.7267
1820.50,21.7941
1821.00,21.8867
1821.50,21.9798
1822.00,22.0485
1822.50,22.0779
1823.00,22.0652
1823.50,22.0179
1824.00,21.9534
1824.50,21.8970
1825.00,21.8742
1825.50,21.8986
1826.00,21.9655
1826.50,22.0559
1827.00,22.1461
1827.50,22.2184
1828.00,22.2650
1828.50,22.2863
1829.00,22.2847
1829.50,22.2591
1830.00,22.2066
1830.50,22.1301
1831.00,22.0447
1831.50,21.9757
1832.00,21.9466
1832.50,21.9671
1833.00,22.0288
1833.50,22.1095
1834.00,22.1817
1834.50,22.2217
1835.00,22.2230
1835.50,22.2040
1836.00,22.1992
1836.50,22.2362
1837.00,22.3189
1837.50,22.4303
1838.00,22.5495
1838.50,22.6638
1839.00,22.7699
1839.50,22.8666
1840.00,22.9473
1840.50,22.9994
1841.00,23.0126
1841.50,22.9911
1842.00,22.9560
1842.50,22.9319
1843.00,22.9300
1843.50,22.9422
1844.00,22.9527
1844.50,22.9544
1845.00,22.9550
1845.50,22.9687
1846.00,23.0024
1846.50,23.0490
1847.00,23.0936
1847.50,23.1237
1848.00,23.1352
1848.50,23.1286
1849.00,23.1038
1849.50,23.0623
1850.00,23.0148
1850.50,22.9856
1851.00,22.9999
1851.50,23.0612
1852.00,23.1402
1852.50,23.1929
1853.00,23.1910
1853.50,23.1399
1854.00,23.0684
1854.50,23.0082
1855.00,22.9806
1855.50,22.9925
1856.00,23.0355
1856.50,23.0898
1857.00,23.1358
1857.50,23.1638
1858.00,23.1733
1858.50,23.1647
1859.00,23.1358
1859.50,23.0880
1860.00,23.0331
1860.50,22.9923
1861.00,22.9872
1861.50,23.0275
1862.00,23.1030
1862.50,23.1879
1863.00,23.2553
1863.50,23.2929
1864.00,23.3073
1864.50,23.3166
1865.00,23.3370
1865.50,23.3700
1866.00,23.3991
1866.50,23.3993
1867.00,23.3569
1867.50,23.2829
1868.00,23.2081
1868.50,23.1619
1869.00,23.1535
1869.50,23.1713
1870.00,23.1993
1870.50,23.2351
1871.00,23.2924
1871.50,23.3842
1872.00,23.5012
1872.50,23.6076
1873.00,23.6604
1873.50,23.6379
1874.00,23.5548
1874.50,23.4512
1875.00,23.3641
1875.50,23.3037
1876.00,23.2531
1876.50,23.1909
1877.00,23.1153
1877.50,23.0455
1878.00,23.0052
1878.50,23.0064
1879.00,23.0484
1879.50,23.1226
1880.00,23.2129
1880.50,23.2973
1881.00,23.3548
1881.50,23.3764
1882.00,23.3678
1882.50,23.3398
1883.00,23.2984
1883.50,23.2492
1884.00,23.2067
1884.50,23.1930
1885.00,23.2182
1885.50,23.2647
1886.00,23.3001
1886.50,23.3062
1887.00,23.2957
1887.50,23.2983
1888.00,23.3350
1888.50,23.4028
1889.00,23.4812
1889.50,23.5479
1890.00,23.5922
1890.50,23.6173
1891.00,23.6307
1891.50,23.6315
1892.00,23.6054
1892.50,23.5355
1893.00,23.4188
1893.50,23.2777
1894.00,23.1569
1894.50,23.1040
1895.00,23.1430
1895.50,23.2569
1896.00,23.3967
1896.50,23.5117
1897.00,23.5747
1897.50,23.5832
1898.00,23.5480
1898.50,23.4870
1899.00,23.4259
1899.50,23.3898
1900.00,23.3829
1900.50,23.3802
1901.00,23.3438
1901.50,23.2568
1902.00,23.1390
1902.50,23.0325
1903.00,22.9708
1903.50,22.9632
1904.00,22.9999
1904.50,23.0621
1905.00,23.1255
1905.50,23.1647
1906.00,23.1641
1906.50,23.1281
1907.00,23.0772
1907.50,23.0306
1908.00,22.9925
1908.50,22.9570
1909.00,22.9218
1909.50,22.8976
1910.00,22.9000
1910.50,22.9345
1911.00,22.9868
1911.50,23.0288
1912.00,23.0364
1912.50,23.0074
1913.00,22.9628
1913.50,22.9310
1914.00,22.9268
1914.50,22.9458
1915.00,22.9760
1915.50,23.0119
1916.00,23.0546
1916.50,23.1041
1917.00,23.1587
1917.50,23.2195
1918.00,23.2867
1918.50,23.3472
1919.00,23.3745
1919.50,23.3493
1920.00,23.2805
1920.50,23.2024
1921.00,23.1512
1921.50,23.1443
1922.00,23.1746
1922.50,23.2179
1923.00,23.2480
1923.50,23.2532
1924.00,23.2459
1924.50,23.2539
1925.00,23.2991
1925.50,23.3827
1926.00,23.4871
1926.50,23.5914
1927.00,23.6824
1927.50,23.7538
1928.00,23.8010
1928.50,23.8225
1929.00,23.8258
1929.50,23.8226
1930.00,23.8150
1930.50,23.7883
1931.00,23.7250
1931.50,23.6259
1932.00,23.5168
1932.50,23.4328
1933.00,23.3952
1933.50,23.4016
1934.00,23.4329
1934.50,23.4684
1935.00,23.4963
1935.50,23.5165
1936.00,23.5366
1936.50,23.5658
1937.00,23.6056
1937.50,23.6435
1938.00,23.6563
1938.50,23.6249
1939.00,23.5498
1939.50,23.4549
1940.00,23.3742
1940.50,23.3300
1941.00,23.3188
1941.50,23.3162
1942.00,23.2982
1942.50,23.2584
1943.00,23.2085
1943.50,23.1644
1944.00,23.1350
1944.50,23.1212
1945.00,23.1192
1945.50,23.1232
1946.00,23.1285
1946.50,23.1361
1947.00,23.1528
1947.50,23.1861
1948.00,23.2403
1948.50,23.3187
1949.00,23.4247
1949.50,23.5548
1950.00,23.6915
1950.50,23.8087
1951.00,23.8864
1951.50,23.9211
1952.00,23.9251
1952.50,23.9192
1953.00,23.9254
1953.50,23.9609
1954.00,24.0326
1954.50,24.1350
1955.00,24.2519
1955.50,24.3603
1956.00,24.4353
1956.50,24.4593
1957.00,24.4339
1957.50,24.3844
1958.00,24.3465
1958.50,24.3424
1959.00,24.3643
1959.50,24.3833
1960.00,24.3748
1960.50,24.3375
1961.00,24.2917
1961.50,24.2612
1962.00,24.2590
1962.50,24.2849
1963.00,24.3309
1963.50,24.3854
1964.00,24.4339
1964.50,24.4611
1965.00,24.4570
1965.50,24.4251
1966.00,24.3826
1966.50,24.3485
1967.00,24.3277
1967.50,24.3059
1968.00,24.2634
1968.50,24.1950
1969.00,24.1192
1969.50,24.0660
1970.00,24.0537
1970.50,24.0742
1971.00,24.0987
1971.50,24.0987
1972.00,24.0685
1972.50,24.0317
1973.00,24.0256
1973.50,24.0743
1974.00,24.1682
1974.50,24.2691
1975.00,24.3345
1975.50,24.3439
1976.00,24.3060
1976.50,24.2479
1977.00,24.1972
1977.50,24.1688
1978.00,24.1603
1978.50,24.1587
1979.00,24.1516
1979.50,24.1361
1980.00,24.1150
1980.50,24.0889
1981.00,24.0550
1981.50,24.0134
1982.00,23.9726
1982.50,23.9463
1983.00,23.9436
1983.50,23.9630
1984.00,23.9932
1984.50,24.0213
1985.00,24.0419
1985.50,24.0592
1986.00,24.0797
1986.50,24.1042
1987.00,24.1261
1987.50,24.1373
1988.00,24.1370
1988.50,24.1331
1989.00,24.1361
1989.50,24.1491
1990.00,24.1629
1990.50,24.1625
1991.00,24.1416
1991.50,24.1104
1992.00,24.0874
1992.50,24.0832
1993.00,24.0920
1993.50,24.0978
1994.00,24.0892
1994.50,24.0685
1995.00,24.0485
1995.50,24.0397
1996.00,24.0400
1996.50,24.0372
1997.00,24.0213
1997.50,23.9935
1998.00,23.9619
1998.50,23.9312
1999.00,23.9003
1999.50,23.8685
2000.00,23.8421
2000.50,23.8336
2001.00,23.8535
2001.50,23.9018
2002.00,23.9674
2002.50,24.0357
2003.00,24.0981
2003.50,24.1533
2004.00,24.1977
2004.50,24.2180
2005.00,24.1978
2005.50,24.1348
2006.00,24.0513
2006.50,23.9804
2007.00,23.9403
2007.50,23.9188
2008.00,23.8850
2008.50,23.8173
2009.00,23.7223
2009.50,23.6302
2010.00,23.5696
2010.50,23.5469
2011.00,23.5470
2011.50,23.5498
2012.00,23.5440
2012.50,23.5273
2013.00,23.5039
2013.50,23.4853
2014.00,23.4885
2014.50,23.5237
2015.00,23.5784
2015.50,23.6171
2016.00,23.6039
2016.50,23.5304
2017.00,23.4235
2017.50,23.3268
2018.00,23.2737
2018.50,23.2737
2019.00,23.3152
2019.50,23.3735
2020.00,23.4199
2020.50,23.4348
2021.00,23.4191
2021.50,23.3894
2022.00,23.3602
2022.50,23.3327
2023.00,23.3052
2023.50,23.2870
2024.00,23.2956
2024.50,23.3347
2025.00,23.3843
2025.50,23.4131
2026.00,23.4028
2026.50,23.3582
2027.00,23.2975
2027.50,23.2385
2028.00,23.1937
2028.50,23.1737
2029.00,23.1880
2029.50,23.2358
2030.00,23.2950
2030.50,23.3240
2031.00,23.2854
2031.50,23.1746
2032.00,23.0269
2032.50,22.8937
2033.00,22.8097
2033.50,22.7802
2034.00,22.7931
2034.50,22.8368
2035.00,22.9082
2035.50,23.0062
2036.00,23.1211
2036.50,23.2313
2037.00,23.3108
2037.50,23.3442
2038.00,23.3324
2038.50,23.2867
2039.00,23.2202
2039.50,23.1467
2040.00,23.0805
2040.50,23.0336
2041.00,23.0096
2041.50,23.0031
2042.00,23.0042
2042.50,23.0057
2043.00,23.0065
2043.50,23.0146
2044.00,23.0419
2044.50,23.0940
2045.00,23.1624
2045.50,23.2272
2046.00,23.2710
2046.50,23.2904
2047.00,23.2933
2047.50,23.2875
2048.00,23.2725
2048.50,23.2426
2049.00,23.1951
2049.50,23.1337
2050.00,23.0687
2050.50,23.0166
2051.00,22.9972
2051.50,23.0246
2052.00,23.0931
2052.50,23.1748
2053.00,23.2340
2053.50,23.2485
2054.00,23.2172
2054.50,23.1532
2055.00,23.0768
2055.50,23.0104
2056.00,22.9726
2056.50,22.9711
2057.00,23.0004
2057.50,23.0451
2058.00,23.0868
2058.50,23.1135
2059.00,23.1255
2059.50,23.1317
2060.00,23.1367
2060.50,23.1324
2061.00,23.1065
2061.50,23.0572
2062.00,22.9982
2062.50,22.9531
2063.00,22.9441
2063.50,22.9829
2064.00,23.0645
2064.50,23.1661
2065.00,23.2570
2065.50,23.3126
2066.00,23.3243
2066.50,23.2996
2067.00,23.2584
2067.50,23.2277
2068.00,23.2311
2068.50,23.2719
2069.00,23.3275
2069.50,23.3672
2070.00,23.3795
2070.50,23.3796
2071.00,23.3898
2071.50,23.4163
2072.00,23.4451
2072.50,23.4556
2073.00,23.4357
2073.50,23.3868
2074.00,23.3230
2074.50,23.2650
2075.00,23.2326
2075.50,23.2384
2076.00,23.2853
2076.50,23.3677
2077.00,23.4715
2077.50,23.5761
2078.00,23.6615
2078.50,23.7143
2079.00,23.7313
2079.50,23.7168
2080.00,23.6796
2080.50,23.6345
2081.00,23.6039
2081.50,23.6127
2082.00,23.6774
2082.50,23.7942
2083.00,23.9318
2083.50,24.0373
2084.00,24.0601
2084.50,23.9845
2085.00,23.8434
2085.50,23.6965
2086.00,23.5903
2086.50,23.5343
2087.00,23.5123
2087.50,23.5068
2088.00,23.5152
2088.50,23.5454
2089.00,23.6017
2089.50,23.6711
2090.00,23.7252
2090.50,23.7377
2091.00,23.7059
2091.50,23.6557
2092.00,23.6240
2092.50,23.6351
2093.00,23.6885
2093.50,23.7630
2094.00,23.8262
2094.50,23.8452
2095.00,23.7982
2095.50,23.6858
2096.00,23.5318
2096.50,23.3714
2097.00,23.2351
2097.50,23.1393
2098.00,23.0838
2098.50,23.0535
2099.00,23.0269
2099.50,22.9902
2100.00,22.9458
2100.50,22.9090
2101.00,22.8983
2101.50,22.9246
2102.00,22.9862
2102.50,23.0674
2103.00,23.1455
2103.50,23.2045
2104.00,23.2469
2104.50,23.2900
2105.00,23.3505
2105.50,23.4266
2106.00,23.4956
2106.50,23.5306
2107.00,23.5200
2107.50,23.4720
2108.00,23.4028
2108.50,23.3228
2109.00,23.2337
2109.50,23.1385
2110.00,23.0509
2110.50,22.9929
2111.00,22.9825
2111.50,23.0200
2112.00,23.0867
2112.50,23.1587
2113.00,23.2261
2113.50,23.3001
2114.00,23.3991
2114.50,23.5272
2115.00,23.6661
2115.50,23.7903
2116.00,23.8870
2116.50,23.9629
2117.00,24.0298
2117.50,24.0881
2118.00,24.1204
2118.50,24.1016
2119.00,24.0126
2119.50,23.8522
2120.00,23.6419
2120.50,23.4220
2121.00,23.2381
2121.50,23.1240
2122.00,23.0911
2122.50,23.1269
2123.00,23.2017
2123.50,23.2779
2124.00,23.3235
2124.50,23.3234
2125.00,23.2814
2125.50,23.2132
2126.00,23.1368
2126.50,23.0690
2127.00,23.0254
2127.50,23.0157
2128.00,23.0346
2128.50,23.0591
2129.00,23.0600
2129.50,23.0244
2130.00,22.9703
2130.50,22.9381
2131.00,22.9641
2131.50,23.0531
2132.00,23.1743
2132.50,23.2828
2133.00,23.3467
2133.50,23.3600
2134.00,23.3374
2134.50,23.3048
2135.00,23.2880
2135.50,23.3005
2136.00,23.3360
2136.50,23.3742
2137.00,23.3969
2137.50,23.3984
2138.00,23.3829
2138.50,23.3563
2139.00,23.3181
2139.50,23.2621
2140.00,23.1843
2140.50,23.0962
2141.00,23.0260
2141.50,23.0011
2142.00,23.0250
2142.50,23.0724
2143.00,23.1082
2143.50,23.1112
2144.00,23.0834
2144.50,23.0434
2145.00,23.0114
2145.50,22.9960
2146.00,22.9898
2146.50,22.9786
2147.00,22.9575
2147.50,22.9369
2148.00,22.9310
2148.50,22.9408
2149.00,22.9498
2149.50,22.9366
2150.00,22.8930
2150.50,22.8317
2151.00,22.7779
2151.50,22.7547
2152.00,22.7722
2152.50,22.8256
2153.00,22.8984
2153.50,22.9646
2154.00,22.9963
2154.50,22.9766
2155.00,22.9117
2155.50,22.8317
2156.00,22.7760
2156.50,22.7742
2157.00,22.8330
2157.50,22.9356
2158.00,23.0509
2158.50,23.1479
2159.00,23.2100
2159.50,23.2392
2160.00,23.2481
2160.50,23.2465
2161.00,23.2377
2161.50,23.2265
2162.00,23.2271
2162.50,23.2574
2163.00,23.3243
2163.50,23.4156
2164.00,23.5061
2164.50,23.5686
2165.00,23.5842
2165.50,23.5529
2166.00,23.4963
2166.50,23.4446
2167.00,23.4173
2167.50,23.4152
2168.00,23.4318
2168.50,23.4619
2169.00,23.4958
2169.50,23.5093
2170.00,23.4718
2170.50,23.3692
2171.00,23.2236
2171.50,23.0871
2172.00,23.0128
2172.50,23.0216
2173.00,23.0915
2173.50,23.1762
2174.00,23.2384
2174.50,23.2733
2175.00,23.3051
2175.50,23.3633
2176.00,23.4578
2176.50,23.5717
2177.00,23.6721
2177.50,23.7314
2178.00,23.7409
2178.50,23.7126
2179.00,23.6688
2179.50,23.6310
2180.00,23.6143
2180.50,23.6251
2181.00,23.6600
2181.50,23.7078
2182.00,23.7568
2182.50,23.8021
2183.00,23.8440
2183.50,23.8788
2184.00,23.8950
2184.50,23.8820
2185.00,23.8402
2185.50,23.7811
2186.00,23.7194
2186.50,23.6642
2187.00,23.6173
2187.50,23.5755
2188.00,23.5383
2188.50,23.5111
2189.00,23.5052
2189.50,23.5307
2190.00,23.5896
2190.50,23.6714
2191.00,23.7546
2191.50,23.8154
2192.00,23.8395
2192.50,23.8286
2193.00,23.7970
2193.50,23.7617
2194.00,23.7328
2194.50,23.7094
2195.00,23.6834
2195.50,23.6450
2196.00,23.5921
2196.50,23.5390
2197.00,23.5152
2197.50,23.5472
2198.00,23.6361
2198.50,23.7508
2199.00,23.8483
2199.50,23.9016
2200.00,23.9117
2200.50,23.8966
2201.00,23.8754
2201.50,23.8598
2202.00,23.8515
2202.50,23.8424
2203.00,23.8163
2203.50,23.7587
2204.00,23.6693
2204.50,23.5671
2205.00,23.4814
2205.50,23.4349
2206.00,23.4317
2206.50,23.4572
2207.00,23.4915
2207.50,23.5235
2208.00,23.5551
2208.50,23.5937
2209.00,23.6398
2209.50,23.6817
2210.00,23.6988
2210.50,23.6753
2211.00,23.6112
2211.50,23.5220
2212.00,23.4294
2212.50,23.3536
2213.00,23.3091
2213.50,23.3004
2214.00,23.3169
2214.50,23.3361
2215.00,23.3415
2215.50,23.3376
2216.00,23.3447
2216.50,23.3773
2217.00,23.4271
2217.50,23.4661
2218.00,23.4681
2218.50,23.4279
2219.00,23.3626
2219.50,23.2970
2220.00,23.2447
2220.50,23.2019
2221.00,23.1606
2221.50,23.1263
2222.00,23.1238
2222.50,23.1796
2223.00,23.2951
2223.50,23.4361
2224.00,23.5474
2224.50,23.5867
2225.00,23.5481
2225.50,23.4623
2226.00,23.3734
2226.50,23.3183
2227.00,23.3163
2227.50,23.3655
2228.00,23.4439
2228.50,23.5187
2229.00,23.5680
2229.50,23.5974
2230.00,23.6325
2230.50,23.6943
2231.00,23.7800
2231.50,23.8658
2232.00,23.9251
2232.50,23.9442
2233.00,23.9260
2233.50,23.8840
2234.00,23.8342
2234.50,23.7888
2235.00,23.7527
2235.50,23.7250
2236.00,23.7041
2236.50,23.6932
2237.00,23.6953
2237.50,23.7053
2238.00,23.7088
2238.50,23.6930
2239.00,23.6580
2239.50,23.6159
2240.00,23.5767
2240.50,23.5357
2241.00,23.4789
2241.50,23.4002
2242.00,23.3139
2242.50,23.2486
2243.00,23.2242
2243.50,23.2327
2244.00,23.2412
2244.50,23.2181
2245.00,23.1568
2245.50,23.0770
2246.00,23.0045
2246.50,22.9531
2247.00,22.9251
2247.50,22.9239
2248.00,22.9582
2248.50,23.0321
2249.00,23.1334
2249.50,23.2373
2250.00,23.3243
2250.50,23.3945
2251.00,23.4630
2251.50,23.5401
2252.00,23.6173
2252.50,23.6727
2253.00,23.6914
2253.50,23.6780
2254.00,23.6494
2254.50,23.6208
2255.00,23.6012
2255.50,23.5965
2256.00,23.6075
2256.50,23.6234
2257.00,23.6220
2257.50,23.5826
2258.00,23.4981
2258.50,23.3784
2259.00,23.2456
2259.50,23.1310
2260.00,23.0711
2260.50,23.0934
2261.00,23.1970
2261.50,23.3442
2262.00,23.4775
2262.50,23.5528
2263.00,23.5633
2263.50,23.5366
2264.00,23.5103
2264.50,23.5052
2265.00,23.5159
2265.50,23.5208
2266.00,23.5015
2266.50,23.4554
2267.00,23.3938
2267.50,23.3312
2268.00,23.2766
2268.50,23.2362
2269.00,23.2191
2269.50,23.2371
2270.00,23.2918
2270.50,23.3647
2271.00,23.4252
2271.50,23.4520
2272.00,23.4452
2272.50,23.4195
2273.00,23.3898
2273.50,23.3651
2274.00,23.3517
2274.50,23.3554
2275.00,23.3813
2275.50,23.4302
2276.00,23.4944
2276.50,23.5561
2277.00,23.5961
2277.50,23.6045
2278.00,23.5876
2278.50,23.5623
2279.00,23.5445
2279.50,23.5406
2280.00,23.5451
2280.50,23.5454
2281.00,23.5324
2281.50,23.5103
2282.00,23.4934
2282.50,23.4906
2283.00,23.4940
2283.50,23.4875
2284.00,23.4664
2284.50,23.4447
2285.00,23.4440
2285.50,23.4736
2286.00,23.5240
2286.50,23.5767
2287.00,23.6184
2287.50,23.6445
2288.00,23.6506
2288.50,23.6274
2289.00,23.5687
2289.50,23.4835
2290.00,23.3970
2290.50,23.3400
2291.00,23.3333
2291.50,23.3800
2292.00,23.4665
2292.50,23.5687
2293.00,23.6612
2293.50,23.7251
2294.00,23.7536
2294.50,23.7505
2295.00,23.7252
2295.50,23.6906
2296.00,23.6639
2296.50,23.6620
2297.00,23.6908
2297.50,23.7387
2298.00,23.7827
2298.50,23.8049
2299.00,23.8045
2299.50,23.7958
2300.00,23.7926
2300.50,23.7958
2301.00,23.7959
2301.50,23.7865
2302.00,23.7747
2302.50,23.7772
2303.00,23.8042
2303.50,23.8468
2304.00,23.8803
2304.50,23.8815
2305.00,23.8435
2305.50,23.7786
2306.00,23.7082
2306.50,23.6502
2307.00,23.6111
2307.50,23.5885
2308.00,23.5777
2308.50,23.5771
2309.00,23.5860
2309.50,23.6045
2310.00,23.6388
2310.50,23.7001
2311.00,23.7905
2311.50,23.8865
2312.00,23.9476
2312.50,23.9452
2313.00,23.8846
2313.50,23.7981
2314.00,23.7190
2314.50,23.6627
2315.00,23.6234
2315.50,23.5836
2316.00,23.5302
2316.50,23.4685
2317.00,23.4264
2317.50,23.4366
2318.00,23.5119
2318.50,23.6349
2319.00,23.7739
2319.50,23.9085
2320.00,24.0366
2320.50,24.1574
2321.00,24.2538
2321.50,24.2989
2322.00,24.2806
2322.50,24.2167
2323.00,24.1439
2323.50,24.0909
2324.00,24.0608
2324.50,24.0360
2325.00,23.9980
2325.50,23.9422
2326.00,23.8775
2326.50,23.8145
2327.00,23.7606
2327.50,23.7243
2328.00,23.7185
2328.50,23.7547
2329.00,23.8336
2329.50,23.9443
2330.00,24.0665
2330.50,24.1741
2331.00,24.2409
2331.50,24.2526
2332.00,24.2159
2332.50,24.1521
2333.00,24.0805
2333.50,24.0080
2334.00,23.9295
2334.50,23.8349
2335.00,23.7161
2335.50,23.5748
2336.00,23.4267
2336.50,23.2983
2337.00,23.2153
2337.50,23.1894
2338.00,23.2119
2338.50,23.2588
2339.00,23.3070
2339.50,23.3487
2340.00,23.3905
2340.50,23.4409
2341.00,23.4986
2341.50,23.5536
2342.00,23.5942
2342.50,23.6118
2343.00,23.6037
2343.50,23.5762
2344.00,23.5467
2344.50,23.5371
2345.00,23.5592
2345.50,23.6050
2346.00,23.6531
2346.50,23.6848
2347.00,23.6933
2347.50,23.6799
2348.00,23.6487
2348.50,23.6077
2349.00,23.5695
2349.50,23.5428
2350.00,23.5240
2350.50,23.5005
2351.00,23.4659
2351.50,23.4281
2352.00,23.4030
2352.50,23.4024
2353.00,23.4256
2353.50,23.4626
2354.00,23.4992
2354.50,23.5201
2355.00,23.5130
2355.50,23.4732
2356.00,23.4099
2356.50,23.3455
2357.00,23.3085
2357.50,23.3197
2358.00,23.3823
2358.50,23.4812
2359.00,23.5927
2359.50,23.6938
2360.00,23.7686
2360.50,23.8095
2361.00,23.8183
2361.50,23.8043
2362.00,23.7777
2362.50,23.7396
2363.00,23.6776
2363.50,23.5757
2364.00,23.4321
2364.50,23.2689
2365.00,23.1250
2365.50,23.0359
2366.00,23.0169
2366.50,23.0584
2367.00,23.1358
2367.50,23.2215
2368.00,23.2946
2368.50,23.3417
2369.00,23.3555
2369.50,23.3366
2370.00,23.2940
2370.50,23.2437
2371.00,23.2017
2371.50,23.1769
2372.00,23.1678
2372.50,23.1638
2373.00,23.1553
2373.50,23.1441
2374.00,23.1432
2374.50,23.1641
2375.00,23.2041
2375.50,23.2461
2376.00,23.2711
2376.50,23.2707
2377.00,23.2546
2377.50,23.2498
2378.00,23.2859
2378.50,23.3730
2379.00,23.4913
2379.50,23.6034
2380.00,23.6817
2380.50,23.7230
2381.00,23.7380
2381.50,23.7314
2382.00,23.6942
2382.50,23.6176
2383.00,23.5092
2383.50,23.3940
2384.00,23.2993
2384.50,23.2387
2385.00,23.2100
2385.50,23.2013
2386.00,23.2019
2386.50,23.2083
2387.00,23.2282
2387.50,23.2754
2388.00,23.3578
2388.50,23.4654
2389.00,23.5721
2389.50,23.6512
2390.00,23.6917
2390.50,23.7027
2391.00,23.7051
2391.50,23.7199
2392.00,23.7588
2392.50,23.8182
2393.00,23.8781
2393.50,23.9079
2394.00,23.8803
2394.50,23.7906
2395.00,23.6637
2395.50,23.5389
2396.00,23.4433
2396.50,23.3778
2397.00,23.3264
2397.50,23.2774
2398.00,23.2326
2398.50,23.2022
2399.00,23.1937
2399.50,23.2068
2400.00,23.2379
2400.50,23.2897
2401.00,23.3714
2401.50,23.4881
2402.00,23.6244
2402.50,23.7443
2403.00,23.8099
2403.50,23.8087
2404.00,23.7647
2404.50,23.7225
2405.00,23.7159
2405.50,23.7467
2406.00,23.7916
2406.50,23.8257
2407.00,23.8389
2407.50,23.8385
2408.00,23.8416
2408.50,23.8680
2409.00,23.9308
2409.50,24.0279
2410.00,24.1392
2410.50,24.2363
2411.00,24.3013
2411.50,24.3411
2412.00,24.3803
2412.50,24.4352
2413.00,24.4930
2413.50,24.5192
2414.00,24.4865
2414.50,24.3963
2415.00,24.2754
2415.50,24.1557
2416.00,24.0582
2416.50,23.9899
2417.00,23.9462
2417.50,23.9141
2418.00,23.8765
2418.50,23.8200
2419.00,23.7415
2419.50,23.6478
2420.00,23.5495
2420.50,23.4548
2421.00,23.3655
2421.50,23.2796
2422.00,23.2001
2422.50,23.1391
2423.00,23.1099
2423.50,23.1130
2424.00,23.1361
2424.50,23.1678
2425.00,23.2083
2425.50,23.2601
2426.00,23.3133
2426.50,23.3478
2427.00,23.3502
2427.50,23.3267
2428.00,23.3000
2428.50,23.2971
2429.00,23.3369
2429.50,23.4183
2430.00,23.5187
2430.50,23.6070
2431.00,23.6658
2431.50,23.7009
2432.00,23.7305
2432.50,23.7638
2433.00,23.7912
2433.50,23.7917
2434.00,23.7497
2434.50,23.6685
2435.00,23.5697
2435.50,23.4835
2436.00,23.4376
2436.50,23.4464
2437.00,23.5047
2437.50,23.5881
2438.00,23.6642
2438.50,23.7089
2439.00,23.7185
2439.50,23.7086
2440.00,23.7039
2440.50,23.7252
2441.00,23.7806
2441.50,23.8643
2442.00,23.9635
2442.50,24.0660
2443.00,24.1599
2443.50,24.2290
2444.00,24.2542
2444.50,24.2248
2445.00,24.1512
2445.50,24.0628
2446.00,23.9887
2446.50,23.9396
2447.00,23.9065
2447.50,23.8757
2448.00,23.8469
2448.50,23.8351
2449.00,23.8565
2449.50,23.9106
2450.00,23.9746
2450.50,24.0166
2451.00,24.0157
2451.50,23.9746
2452.00,23.9145
2452.50,23.8583
2453.00,23.8148
2453.50,23.7768
2454.00,23.7301
2454.50,23.6676
2455.00,23.5985
2455.50,23.5461
2456.00,23.5304
2456.50,23.5487
2457.00,23.5772
2457.50,23.5970
2458.00,23.6146
2458.50,23.6522
2459.00,23.7190
2459.50,23.8009
2460.00,23.8776
2460.50,23.9460
2461.00,24.0201
2461.50,24.1105
2462.00,24.2057
2462.50,24.2769
2463.00,24.3044
2463.50,24.2988
2464.00,24.2928
2464.50,24.3117
2465.00,24.3534
2465.50,24.3926
2466.00,24.4038
2466.50,24.3785
2467.00,24.3282
2467.50,24.2726
2468.00,24.2250
2468.50,24.1875
2469.00,24.1603
2469.50,24.1529
2470.00,24.1796
2470.50,24.2411
2471.00,24.3112
2471.50,24.3500
2472.00,24.3329
2472.50,24.2689
2473.00,24.1908
2473.50,24.1298
2474.00,24.0987
2474.50,24.0952
2475.00,24.1117
2475.50,24.1396
2476.00,24.1677
2476.50,24.1843
2477.00,24.1851
2477.50,24.1778
2478.00,24.1784
2478.50,24.1985
2479.00,24.2371
2479.50,24.2830
2480.00,24.3249
2480.50,24.3604
2481.00,24.3931
2481.50,24.4241
2482.00,24.4453
2482.50,24.4426
2483.00,24.4070
2483.50,24.3431
2484.00,24.2682
2484.50,24.2025
2485.00,24.1622
2485.50,24.1560
2486.00,24.1825
2486.50,24.2274
2487.00,24.2704
2487.50,24.2968
2488.00,24.3023
2488.50,24.2861
2489.00,24.2453
2489.50,24.1798
2490.00,24.1013
2490.50,24.0307
2491.00,23.9843
2491.50,23.9647
2492.00,23.9652
2492.50,23.9794
2493.00,24.0026
2493.50,24.0236
2494.00,24.0227
2494.50,23.9885
2495.00,23.9385
2495.50,23.9157
2496.00,23.9550
2496.50,24.0533
2497.00,24.1713
2497.50,24.2661
2498.00,24.3212
2498.50,24.3483
2499.00,24.3644
2499.50,24.3734
2500.00,24.3689
2500.50,24.3499
2501.00,24.3274
2501.50,24.3146
2502.00,24.3140
2502.50,24.3150
2503.00,24.3036
2503.50,24.2735
2504.00,24.2328
2504.50,24.2007
2505.00,24.1936
2505.50,24.2105
2506.00,24.2330
2506.50,24.2429
2507.00,24.2410
2507.50,24.2449
2508.00,24.2712
2508.50,24.3206
2509.00,24.3789
2509.50,24.4284
2510.00,24.4598
2510.50,24.4754
2511.00,24.4828
2511.50,24.4855
2512.00,24.4814
2512.50,24.4700
2513.00,24.4567
2513.50,24.4483
2514.00,24.4446
2514.50,24.4369
2515.00,24.4170
2515.50,24.3878
2516.00,24.3651
2516.50,24.3699
2517.00,24.4133
2517.50,24.4864
2518.00,24.5638
2518.50,24.6188
2519.00,24.6407
2519.50,24.6369
2520.00,24.6241
2520.50,24.6160
2521.00,24.6181
2521.50,24.6303
2522.00,24.6522
2522.50,24.6833
2523.00,24.7190
2523.50,24.7465
2524.00,24.7496
2524.50,24.7187
2525.00,24.6571
2525.50,24.5776
2526.00,24.4943
2526.50,24.4160
2527.00,24.3466
2527.50,24.2882
2528.00,24.2449
2528.50,24.2195
2529.00,24.2065
2529.50,24.1908
2530.00,24.1566
2530.50,24.1014
2531.00,24.0369
2531.50,23.9807
2532.00,23.9476
2532.50,23.9464
2533.00,23.9767
2533.50,24.0239
2534.00,24.0630
2534.50,24.0745
2535.00,24.0579
2535.50,24.0285
2536.00,24.0034
2536.50,23.9909
2537.00,23.9912
2537.50,24.0021
2538.00,24.0219
2538.50,24.0472
2539.00,24.0702
2539.50,24.0832
2540.00,24.0861
2540.50,24.0905
2541.00,24.1119
2541.50,24.1542
2542.00,24.2031
2542.50,24.2325
2543.00,24.2208
2543.50,24.1644
2544.00,24.0807
2544.50,24.0001
2545.00,23.9518
2545.50,23.9505
2546.00,23.9888
2546.50,24.0413
2547.00,24.0790
2547.50,24.0888
2548.00,24.0807
2548.50,24.0766
2549.00,24.0900
2549.50,24.1174
2550.00,24.1470
2550.50,24.1689
2551.00,24.1767
2551.50,24.1616
2552.00,24.1159
2552.50,24.0444
2553.00,23.9664
2553.50,23.9049
2554.00,23.8733
2554.50,23.8715
2555.00,23.8920
2555.50,23.9237
2556.00,23.9542
2556.50,23.9760
2557.00,23.9908
2557.50,24.0089
2558.00,24.0395
2558.50,24.0841
2559.00,24.1332
2559.50,24.1703
2560.00,24.1800
2560.50,24.1585
2561.00,24.1201
2561.50,24.0926
2562.00,24.1030
2562.50,24.1644
2563.00,24.2722
2563.50,24.4068
2564.00,24.5392
2564.50,24.6378
2565.00,24.6781
2565.50,24.6537
2566.00,24.5810
2566.50,24.4908
2567.00,24.4116
2567.50,24.3552
2568.00,24.3155
2568.50,24.2792
2569.00,24.2403
2569.50,24.2065
2570.00,24.1954
2570.50,24.2214
2571.00,24.2849
2571.50,24.3702
2572.00,24.4529
2572.50,24.5091
2573.00,24.5238
2573.50,24.4955
2574.00,24.4365
2574.50,24.3689
2575.00,24.3177
2575.50,24.3013
2576.00,24.3238
2576.50,24.3713
2577.00,24.4194
2577.50,24.4481
2578.00,24.4516
2578.50,24.4364
2579.00,24.4126
2579.50,24.3885
2580.00,24.3724
2580.50,24.3728
2581.00,24.3933
2581.50,24.4279
2582.00,24.4645
2582.50,24.4935
2583.00,24.5132
2583.50,24.5261
2584.00,24.5333
2584.50,24.5326
2585.00,24.5215
2585.50,24.5018
2586.00,24.4802
2586.50,24.4667
2587.00,24.4723
2587.50,24.5016
2588.00,24.5450
2588.50,24.5804
2589.00,24.5879
2589.50,24.5663
2590.00,24.5369
2590.50,24.5296
2591.00,24.5617
2591.50,24.6246
2592.00,24.6878
2592.50,24.7158
2593.00,24.6862
2593.50,24.6006
2594.00,24.4845
2594.50,24.3777
2595.00,24.3180
2595.50,24.3244
2596.00,24.3878
2596.50,24.4752
2597.00,24.5469
2597.50,24.5773
2598.00,24.5666
2598.50,24.5370
2599.00,24.5149
2599.50,24.5112
2600.00,24.5154
2600.50,24.5070
2601.00,24.4741
2601.50,24.4210
2602.00,24.3641
2602.50,24.3236
2603.00,24.3159
2603.50,24.3447
2604.00,24.3914
2604.50,24.4196
2605.00,24.3971
2605.50,24.3229
2606.00,24.2324
2606.50,24.1739
2607.00,24.1758
2607.50,24.2326
2608.00,24.3168
2608.50,24.3965
2609.00,24.4464
2609.50,24.4546
2610.00,24.4298
2610.50,24.3970
2611.00,24.3794
2611.50,24.3773
2612.00,24.3686
2612.50,24.3311
2613.00,24.2665
2613.50,24.2025
2614.00,24.1739
2614.50,24.2002
2615.00,24.2751
2615.50,24.3724
2616.00,24.4606
2616.50,24.5185
2617.00,24.5430
2617.50,24.5441
2618.00,24.5307
2618.50,24.5020
2619.00,24.4525
2619.50,24.3839
2620.00,24.3104
2620.50,24.2491
2621.00,24.2055
2621.50,24.1707
2622.00,24.1330
2622.50,24.0898
2623.00,24.0493
2623.50,24.0234
2624.00,24.0209
2624.50,24.0442
2625.00,24.0895
2625.50,24.1464
2626.00,24.2002
2626.50,24.2388
2627.00,24.2619
2627.50,24.2814
2628.00,24.3109
2628.50,24.3538
2629.00,24.4017
2629.50,24.4427
2630.00,24.4664
2630.50,24.4661
2631.00,24.4413
2631.50,24.3997
2632.00,24.3546
2632.50,24.3184
2633.00,24.2991
2633.50,24.3036
2634.00,24.3397
2634.50,24.4103
2635.00,24.5051
2635.50,24.6004
2636.00,24.6718
2636.50,24.7064
2637.00,24.7065
2637.50,24.6851
2638.00,24.6582
2638.50,24.6385
2639.00,24.6314
2639.50,24.6351
2640.00,24.6459
2640.50,24.6628
2641.00,24.6851
2641.50,24.7056
2642.00,24.7086
2642.50,24.6786
2643.00,24.6124
2643.50,24.5266
2644.00,24.4510
2644.50,24.4111
2645.00,24.4101
2645.50,24.4245
2646.00,24.4184
2646.50,24.3681
2647.00,24.2791
2647.50,24.1791
2648.00,24.0958
2648.50,24.0377
2649.00,23.9964
2649.50,23.9621
2650.00,23.9344
2650.50,23.9205
2651.00,23.9262
2651.50,23.9496
2652.00,23.9824
2652.50,24.0165
2653.00,24.0482
2653.50,24.0772
2654.00,24.1049
2654.50,24.1362
2655.00,24.1808
2655.50,24.2485
2656.00,24.3389
2656.50,24.4357
2657.00,24.5132
2657.50,24.5503
2658.00,24.5412
2658.50,24.4996
2659.00,24.4516
2659.50,24.4213
2660.00,24.4156
2660.50,24.4233
2661.00,24.4299
2661.50,24.4331
2662.00,24.4446
2662.50,24.4769
2663.00,24.5314
2663.50,24.5961
2664.00,24.6528
2664.50,24.6839
2665.00,24.6785
2665.50,24.6381
2666.00,24.5784
2666.50,24.5251
2667.00,24.5007
2667.50,24.5140
2668.00,24.5583
2668.50,24.6152
2669.00,24.6633
2669.50,24.6842
2670.00,24.6719
2670.50,24.6379
2671.00,24.6050
2671.50,24.5895
2672.00,24.5881
2672.50,24.5837
2673.00,24.5643
2673.50,24.5334
2674.00,24.5025
2674.50,24.4778
2675.00,24.4573
2675.50,24.4344
2676.00,24.4018
2676.50,24.3532
2677.00,24.2882
2677.50,24.2202
2678.00,24.1757
2678.50,24.1824
2679.00,24.2510
2679.50,24.3665
2680.00,24.4943
2680.50,24.5976
2681.00,24.6540
2681.50,24.6644
2682.00,24.6491
2682.50,24.6343
2683.00,24.6350
2683.50,24.6454
2684.00,24.6461
2684.50,24.6212
2685.00,24.5727
2685.50,24.5213
2686.00,24.4966
2686.50,24.5213
2687.00,24.5987
2687.50,24.7084
2688.00,24.8182
2688.50,24.9021
2689.00,24.9514
2689.50,24.9694
2690.00,24.9610
2690.50,24.9323
2691.00,24.8993
2691.50,24.8876
2692.00,24.9158
2692.50,24.9804
2693.00,25.0572
2693.50,25.1166
2694.00,25.1397
2694.50,25.1253
2695.00,25.0886
2695.50,25.0530
2696.00,25.0385
2696.50,25.0506
2697.00,25.0799
2697.50,25.1103
2698.00,25.1286
2698.50,25.1290
2699.00,25.1124
2699.50,25.0860
2700.00,25.0598
2700.50,25.0392
2701.00,25.0202
2701.50,24.9930
2702.00,24.9527
2702.50,24.9073
2703.00,24.8744
2703.50,24.8697
2704.00,24.8945
2704.50,24.9362
2705.00,24.9801
2705.50,25.0215
2706.00,25.0648
2706.50,25.1121
2707.00,25.1544
2707.50,25.1750
2708.00,25.1612
2708.50,25.1128
2709.00,25.0429
2709.50,24.9724
2710.00,24.9201
2710.50,24.8936
2711.00,24.8869
2711.50,24.8875
2712.00,24.8921
2712.50,24.9115
2713.00,24.9601
2713.50,25.0377
2714.00,25.1237
2714.50,25.1906
2715.00,25.2218
2715.50,25.2200
2716.00,25.2004
2716.50,25.1770
2717.00,25.1526
2717.50,25.1226
2718.00,25.0867
2718.50,25.0547
2719.00,25.0373
2719.50,25.0302
2720.00,25.0151
2720.50,24.9760
2721.00,24.9139
2721.50,24.8460
2722.00,24.7913
2722.50,24.7610
2723.00,24.7554
2723.50,24.7656
2724.00,24.7777
2724.50,24.7788
2725.00,24.7661
2725.50,24.7495
2726.00,24.7450
2726.50,24.7624
2727.00,24.7973
2727.50,24.8351
2728.00,24.8608
2728.50,24.8675
2729.00,24.8562
2729.50,24.8294
2730.00,24.7879
2730.50,24.7318
2731.00,24.6643
2731.50,24.5923
2732.00,24.5212
2732.50,24.4533
2733.00,24.3903
2733.50,24.3374
2734.00,24.3024
2734.50,24.2921
2735.00,24.3068
2735.50,24.3374
2736.00,24.3700
2736.50,24.3952
2737.00,24.4129
2737.50,24.4246
2738.00,24.4244
2738.50,24.3995
2739.00,24.3423
2739.50,24.2604
2740.00,24.1736
2740.50,24.1025
2741.00,24.0553
2741.50,24.0249
2742.00,23.9968
2742.50,23.9619
2743.00,23.9220
2743.50,23.8815
2744.00,23.8354
2744.50,23.7680
2745.00,23.6642
2745.50,23.5261
2746.00,23.3802
2746.50,23.2675
2747.00,23.2195
2747.50,23.2387
2748.00,23.2988
2748.50,23.3612
2749.00,23.3943
2749.50,23.3834
2750.00,23.3320
2750.50,23.2598
2751.00,23.1961
2751.50,23.1669
2752.00,23.1817
2752.50,23.2287
2753.00,23.2824
2753.50,23.3202
2754.00,23.3359
2754.50,23.3398
2755.00,23.3473
2755.50,23.3625
2756.00,23.3736
2756.50,23.3595
2757.00,23.3065
2757.50,23.2213
2758.00,23.1325
2758.50,23.0770
2759.00,23.0794
2759.50,23.1387
2760.00,23.2298
2760.50,23.3188
2761.00,23.3802
2761.50,23.4085
2762.00,23.4183
2762.50,23.4351
2763.00,23.4804
2763.50,23.5607
2764.00,23.6646
2764.50,23.7652
2765.00,23.8269
2765.50,23.8189
2766.00,23.7293
2766.50,23.5744
2767.00,23.3931
2767.50,23.2355
2768.00,23.1465
2768.50,23.1472
2769.00,23.2198
2769.50,23.3157
2770.00,23.3878
2770.50,23.4244
2771.00,23.4515
2771.50,23.5022
2772.00,23.5816
2772.50,23.6642
2773.00,23.7195
2773.50,23.7398
2774.00,23.7448
2774.50,23.7625
2775.00,23.8065
2775.50,23.8671
2776.00,23.9225
2776.50,23.9580
2777.00,23.9766
2777.50,23.9940
2778.00,24.0248
2778.50,24.0726
2779.00,24.1274
2779.50,24.1703
2780.00,24.1803
2780.50,24.1429
2781.00,24.0551
2781.50,23.9307
2782.00,23.7979
2782.50,23.6873
2783.00,23.6169
2783.50,23.5833
2784.00,23.5701
2784.50,23.5649
2785.00,23.5685
2785.50,23.5876
2786.00,23.6217
2786.50,23.6595
2787.00,23.6919
2787.50,23.7228
2788.00,23.7671
2788.50,23.8332
2789.00,23.9112
2789.50,23.9787
2790.00,24.0152
2790.50,24.0097
2791.00,23.9592
2791.50,23.8694
2792.00,23.7582
2792.50,23.6518
2793.00,23.5751
2793.50,23.5471
2794.00,23.5834
2794.50,23.6942
2795.00,23.8688
2795.50,24.0657
2796.00,24.2265
2796.50,24.3103
2797.00,24.3155
2797.50,24.2711
2798.00,24.2087
2798.50,24.1464
2799.00,24.0917
2799.50,24.0529
2800.00,24.0409
2800.50,24.0622
2801.00,24.1127
2801.50,24.1796
2802.00,24.2491
2802.50,24.3125
2803.00,24.3670
2803.50,24.4158
2804.00,24.4642
2804.50,24.5139
2805.00,24.5559
2805.50,24.5738
2806.00,24.5576
2806.50,24.5138
2807.00,24.4598
2807.50,24.4086
2808.00,24.3617
2808.50,24.3190
2809.00,24.2902
2809.50,24.2930
2810.00,24.3351
2810.50,24.4053
2811.00,24.4815
2811.50,24.5476
2812.00,24.5984
2812.50,24.6315
2813.00,24.6405
2813.50,24.6219
2814.00,24.5846
2814.50,24.5482
2815.00,24.5313
2815.50,24.5427
2816.00,24.5814
2816.50,24.6391
2817.00,24.7000
2817.50,24.7420
2818.00,24.7444
2818.50,24.6992
2819.00,24.6164
2819.50,24.5212
2820.00,24.4442
2820.50,24.4089
2821.00,24.4221
2821.50,24.4726
2822.00,24.5376
2822.50,24.5919
2823.00,24.6178
2823.50,24.6111
2824.00,24.5812
2824.50,24.5408
2825.00,24.4958
2825.50,24.4445
2826.00,24.3881
2826.50,24.3374
2827.00,24.3069
2827.50,24.3030
2828.00,24.3187
2828.50,24.3418
2829.00,24.3637
2829.50,24.3819
2830.00,24.3944
2830.50,24.3971
2831.00,24.3868
2831.50,24.3657
2832.00,24.3411
2832.50,24.3202
2833.00,24.3042
2833.50,24.2880
2834.00,24.2656
2834.50,24.2354
2835.00,24.2002
2835.50,24.1611
2836.00,24.1163
2836.50,24.0648
2837.00,24.0144
2837.50,23.9804
2838.00,23.9792
2838.50,24.0173
2839.00,24.0843
2839.50,24.1520
2840.00,24.1879
2840.50,24.1747
2841.00,24.1220
2841.50,24.0607
2842.00,24.0248
2842.50,24.0370
2843.00,24.1015
2843.50,24.2031
2844.00,24.3096
2844.50,24.3835
2845.00,24.4008
2845.50,24.3646
2846.00,24.3007
2846.50,24.2391
2847.00,24.1954
2847.50,24.1686
2848.00,24.1531
2848.50,24.1496
2849.00,24.1629
2849.50,24.1906
2850.00,24.2200
2850.50,24.2395
2851.00,24.2499
2851.50,24.2624
2852.00,24.2827
2852.50,24.3028
2853.00,24.3107
2853.50,24.3068
2854.00,24.3046
2854.50,24.3120
2855.00,24.3156
2855.50,24.2892
2856.00,24.2201
2856.50,24.1242
2857.00,24.0329
2857.50,23.9661
2858.00,23.9186
2858.50,23.8715
2859.00,23.8141
2859.50,23.7513
2860.00,23.6924
2860.50,23.6393
2861.00,23.5880
2861.50,23.5400
2862.00,23.5060
2862.50,23.4990
2863.00,23.5244
2863.50,23.5778
2864.00,23.6485
2864.50,23.7243
2865.00,23.7960
2865.50,23.8583
2866.00,23.9059
2866.50,23.9277
2867.00,23.9085
2867.50,23.8388
2868.00,23.7263
2868.50,23.5986
2869.00,23.4908
2869.50,23.4290
2870.00,23.4194
2870.50,23.4499
2871.00,23.4979
2871.50,23.5379
2872.00,23.5477
2872.50,23.5187
2873.00,23.4665
2873.50,23.4275
2874.00,23.4353
2874.50,23.4950
2875.00,23.5812
2875.50,23.6589
2876.00,23.7065
2876.50,23.7220
2877.00,23.7159
2877.50,23.6983
2878.00,23.6746
2878.50,23.6480
2879.00,23.6258
2879.50,23.6185
2880.00,23.6331
2880.50,23.6673
2881.00,23.7120
2881.50,23.7602
2882.00,23.8093
2882.50,23.8542
2883.00,23.8806
2883.50,23.8725
2884.00,23.8307
2884.50,23.7812
2885.00,23.7611
2885.50,23.7887
2886.00,23.8454
2886.50,23.8900
2887.00,23.8929
2887.50,23.8608
2888.00,23.8266
2888.50,23.8166
2889.00,23.8285
2889.50,23.8385
2890.00,23.8277
2890.50,23.8001
2891.00,23.7746
2891.50,23.7650
2892.00,23.7668
2892.50,23.7625
2893.00,23.7369
2893.50,23.6881
2894.00,23.6273
2894.50,23.5732
2895.00,23.5443
2895.50,23.5538
2896.00,23.6060
2896.50,23.6924
2897.00,23.7882
2897.50,23.8554
2898.00,23.8605
2898.50,23.7963
2899.00,23.6921
2899.50,23.5964
2900.00,23.5481
2900.50,23.5588
2901.00,23.6188
2901.50,23.7098
2902.00,23.8086
2902.50,23.8867
2903.00,23.9175
2903.50,23.8924
2904.00,23.8303
2904.50,23.7704
