0.00,0.0000
0.50,0.8221
1.00,1.8843
1.50,3.0775
2.00,4.2634
2.50,5.3263
3.00,6.2031
3.50,6.8842
4.00,7.3971
4.50,7.7872
5.00,8.0990
5.50,8.3633
6.00,8.5935
6.50,8.7931
7.00,8.9662
7.50,9.1207
8.00,9.2632
8.50,9.3965
9.00,9.5223
9.50,9.6412
10.00,9.7477
10.50,9.8288
11.00,9.8744
11.50,9.8907
12.00,9.9006
12.50,9.9295
13.00,9.9927
13.50,10.0930
14.00,10.2235
14.50,10.3674
15.00,10.5018
15.50,10.6077
16.00,10.6795
16.50,10.7258
17.00,10.7625
17.50,10.8054
18.00,10.8643
18.50,10.9383
19.00,11.0187
19.50,11.0967
20.00,11.1707
20.50,11.2434
21.00,11.3129
21.50,11.3679
22.00,11.3959
22.50,11.3977
23.00,11.3917
23.50,11.4020
24.00,11.4404
24.50,11.4978
25.00,11.5524
25.50,11.5863
26.00,11.5974
26.50,11.5981
27.00,11.6049
27.50,11.6284
28.00,11.6720
28.50,11.7377
29.00,11.8296
29.50,11.9502
30.00,12.0913
30.50,12.2294
31.00,12.3327
31.50,12.3780
32.00,12.3659
32.50,12.3218
33.00,12.2824
33.50,12.2767
34.00,12.3152
34.50,12.3892
35.00,12.4770
35.50,12.5525
36.00,12.5983
36.50,12.6167
37.00,12.6294
37.50,12.6605
38.00,12.7157
38.50,12.7786
39.00,12.8290
39.50,12.8613
40.00,12.8866
40.50,12.9213
41.00,12.9753
41.50,13.0461
42.00,13.1172
42.50,13.1630
43.00,13.1642
43.50,13.1237
44.00,13.0704
44.50,13.0411
45.00,13.0565
45.50,13.1092
46.00,13.1719
46.50,13.2153
47.00,13.2226
47.50,13.1968
48.00,13.1626
48.50,13.1567
49.00,13.2074
49.50,13.3128
50.00,13.4401
50.50,13.5486
51.00,13.6157
51.50,13.6456
52.00,13.6578
52.50,13.6707
53.00,13.6931
53.50,13.7234
54.00,13.7542
54.50,13.7789
55.00,13.7962
55.50,13.8104
56.00,13.8282
56.50,13.8544
57.00,13.8920
57.50,13.9413
58.00,13.9984
58.50,14.0536
59.00,14.0960
59.50,14.1224
60.00,14.1425
60.50,14.1752
61.00,14.2352
61.50,14.3215
62.00,14.4128
62.50,14.4781
63.00,14.4945
63.50,14.4620
64.00,14.4041
64.50,14.3551
65.00,14.3423
65.50,14.3745
66.00,14.4435
66.50,14.5320
67.00,14.6230
67.50,14.7025
68.00,14.7607
68.50,14.7922
69.00,14.7992
69.50,14.7932
70.00,14.7927
70.50,14.8146
71.00,14.8660
71.50,14.9398
72.00,15.0188
72.50,15.0847
73.00,15.1252
73.50,15.1381
74.00,15.1281
74.50,15.1052
75.00,15.0821
75.50,15.0723
76.00,15.0840
76.50,15.1157
77.00,15.1558
77.50,15.1891
78.00,15.2054
78.50,15.2057
79.00,15.2005
79.50,15.2020
80.00,15.2154
80.50,15.2355
81.00,15.2530
81.50,15.2616
82.00,15.2613
82.50,15.2555
83.00,15.2498
83.50,15.2535
84.00,15.2767
84.50,15.3241
85.00,15.3897
85.50,15.4589
86.00,15.5153
86.50,15.5462
87.00,15.5482
87.50,15.5313
88.00,15.5157
88.50,15.5199
89.00,15.5501
89.50,15.6003
90.00,15.6619
90.50,15.7271
91.00,15.7862
91.50,15.8241
92.00,15.8278
92.50,15.7993
93.00,15.7596
93.50,15.7350
94.00,15.7379
94.50,15.7619
95.00,15.7940
95.50,15.8281
96.00,15.8652
96.50,15.9050
97.00,15.9407
97.50,15.9628
98.00,15.9652
98.50,15.9499
99.00,15.9299
99.50,15.9281
100.00,15.9675
100.50,16.0537
101.00,16.1663
101.50,16.2715
102.00,16.3449
102.50,16.3855
103.00,16.4094
103.50,16.4338
104.00,16.4656
104.50,16.5019
105.00,16.5354
105.50,16.5612
106.00,16.5777
106.50,16.5868
107.00,16.5929
107.50,16.6022
108.00,16.6226
108.50,16.6612
109.00,16.7230
109.50,16.8070
110.00,16.9042
110.50,16.9968
111.00,17.0639
111.50,17.0928
112.00,17.0880
112.50,17.0687
113.00,17.0539
113.50,17.0478
114.00,17.0388
114.50,17.0149
115.00,16.9771
115.50,16.9400
116.00,16.9201
116.50,16.9248
117.00,16.9490
117.50,16.9810
118.00,17.0126
118.50,17.0452
119.00,17.0852
119.50,17.1334
120.00,17.1811
120.50,17.2193
121.00,17.2494
121.50,17.2845
122.00,17.3401
122.50,17.4222
123.00,17.5214
123.50,17.6147
124.00,17.6768
124.50,17.6957
125.00,17.6796
125.50,17.6499
126.00,17.6263
126.50,17.6189
127.00,17.6316
127.50,17.6647
128.00,17.7136
128.50,17.7682
129.00,17.8179
129.50,17.8595
130.00,17.8985
130.50,17.9423
131.00,17.9926
131.50,18.0417
132.00,18.0767
132.50,18.0868
133.00,18.0712
133.50,18.0387
134.00,18.0030
134.50,17.9780
135.00,17.9741
135.50,17.9924
136.00,18.0238
136.50,18.0567
137.00,18.0894
137.50,18.1321
138.00,18.1937
138.50,18.2676
139.00,18.3331
139.50,18.3719
140.00,18.3828
140.50,18.3798
141.00,18.3770
141.50,18.3791
142.00,18.3858
142.50,18.4011
143.00,18.4344
143.50,18.4919
144.00,18.5705
144.50,18.6576
145.00,18.7340
145.50,18.7777
146.00,18.7720
146.50,18.7159
147.00,18.6279
147.50,18.5392
148.00,18.4803
148.50,18.4683
149.00,18.4987
149.50,18.5504
150.00,18.6004
150.50,18.6368
151.00,18.6579
151.50,18.6611
152.00,18.6411
152.50,18.6012
153.00,18.5606
153.50,18.5443
154.00,18.5648
154.50,18.6149
155.00,18.6789
155.50,18.7439
156.00,18.8004
156.50,18.8389
157.00,18.8548
157.50,18.8557
158.00,18.8584
158.50,18.8771
159.00,18.9123
159.50,18.9485
160.00,18.9624
160.50,18.9388
161.00,18.8832
161.50,18.8220
162.00,18.7868
162.50,18.7959
163.00,18.8476
163.50,18.9248
164.00,19.0063
164.50,19.0749
165.00,19.1212
165.50,19.1438
166.00,19.1470
166.50,19.1370
167.00,19.1190
167.50,19.0974
168.00,19.0786
168.50,19.0698
169.00,19.0749
169.50,19.0900
170.00,19.1081
170.50,19.1290
171.00,19.1636
171.50,19.2269
172.00,19.3226
172.50,19.4342
173.00,19.5295
173.50,19.5791
174.00,19.5752
174.50,19.5356
175.00,19.4891
175.50,19.4557
176.00,19.4378
176.50,19.4265
177.00,19.4109
177.50,19.3848
178.00,19.3497
178.50,19.3155
179.00,19.2977
179.50,19.3132
180.00,19.3737
180.50,19.4748
181.00,19.5883
181.50,19.6715
182.00,19.6970
182.50,19.6768
183.00,19.6535
183.50,19.6651
184.00,19.7202
184.50,19.8038
185.00,19.8971
185.50,19.9873
186.00,20.0609
186.50,20.1017
187.00,20.0996
187.50,20.0591
188.00,19.9962
188.50,19.9257
189.00,19.8567
189.50,19.7970
190.00,19.7588
190.50,19.7543
191.00,19.7876
191.50,19.8515
192.00,19.9336
192.50,20.0223
193.00,20.1079
193.50,20.1794
194.00,20.2238
194.50,20.2298
195.00,20.1942
195.50,20.1256
196.00,20.0453
196.50,19.9825
197.00,19.9666
197.50,20.0156
198.00,20.1246
198.50,20.2611
199.00,20.3789
199.50,20.4446
200.00,20.4577
200.50,20.4424
201.00,20.4225
201.50,20.4017
202.00,20.3686
202.50,20.3151
203.00,20.2496
203.50,20.1941
204.00,20.1712
204.50,20.1907
205.00,20.2450
205.50,20.3132
206.00,20.3731
206.50,20.4141
207.00,20.4422
207.50,20.4707
208.00,20.5057
208.50,20.5386
209.00,20.5527
209.50,20.5369
210.00,20.4959
210.50,20.4491
211.00,20.4177
211.50,20.4096
212.00,20.4162
212.50,20.4248
213.00,20.4344
213.50,20.4545
214.00,20.4915
214.50,20.5378
215.00,20.5755
215.50,20.5899
216.00,20.5759
216.50,20.5388
217.00,20.4932
217.50,20.4612
218.00,20.4648
218.50,20.5138
219.00,20.6012
219.50,20.7081
220.00,20.8130
220.50,20.8991
221.00,20.9605
221.50,21.0055
222.00,21.0512
222.50,21.1061
223.00,21.1553
223.50,21.1678
224.00,21.1239
224.50,21.0371
225.00,20.9496
225.50,20.9027
226.00,20.9122
226.50,20.9648
227.00,21.0339
227.50,21.0971
228.00,21.1452
228.50,21.1791
229.00,21.2019
229.50,21.2108
230.00,21.1974
230.50,21.1567
231.00,21.0965
231.50,21.0359
232.00,20.9948
232.50,20.9856
233.00,21.0133
233.50,21.0739
234.00,21.1542
234.50,21.2353
235.00,21.3037
235.50,21.3575
236.00,21.4005
236.50,21.4318
237.00,21.4448
237.50,21.4356
238.00,21.4096
238.50,21.3764
239.00,21.3435
239.50,21.3155
240.00,21.2974
240.50,21.2936
241.00,21.3027
241.50,21.3148
242.00,21.3173
242.50,21.3034
243.00,21.2741
243.50,21.2356
244.00,21.1927
244.50,21.1437
245.00,21.0837
245.50,21.0139
246.00,20.9466
246.50,20.8970
247.00,20.8701
247.50,20.8583
248.00,20.8525
248.50,20.8510
249.00,20.8587
249.50,20.8786
250.00,20.9053
250.50,20.9295
251.00,20.9486
251.50,20.9695
252.00,20.9986
252.50,21.0314
253.00,21.0554
253.50,21.0658
254.00,21.0736
254.50,21.0985
255.00,21.1536
255.50,21.2349
256.00,21.3182
256.50,21.3672
257.00,21.3541
257.50,21.2805
258.00,21.1796
258.50,21.0932
259.00,21.0426
259.50,21.0206
260.00,21.0077
260.50,20.9924
261.00,20.9807
261.50,20.9875
262.00,21.0206
262.50,21.0679
263.00,21.1005
263.50,21.0907
264.00,21.0318
264.50,20.9432
265.00,20.8595
265.50,20.8128
266.00,20.8178
266.50,20.8671
267.00,20.9395
267.50,21.0156
268.00,21.0887
268.50,21.1621
269.00,21.2353
269.50,21.2970
270.00,21.3355
270.50,21.3548
271.00,21.3768
271.50,21.4223
272.00,21.4879
272.50,21.5435
273.00,21.5539
273.50,21.5075
274.00,21.4246
274.50,21.3427
275.00,21.2920
275.50,21.2824
276.00,21.3020
276.50,21.3266
277.00,21.3314
277.50,21.3051
278.00,21.2562
278.50,21.2094
279.00,21.1928
279.50,21.2228
280.00,21.2976
280.50,21.3983
281.00,21.4964
281.50,21.5638
282.00,21.5858
282.50,21.5675
283.00,21.5282
283.50,21.4842
284.00,21.4366
284.50,21.3785
285.00,21.3132
285.50,21.2621
286.00,21.2524
286.50,21.2953
287.00,21.3760
287.50,21.4645
288.00,21.5382
288.50,21.5969
289.00,21.6557
289.50,21.7244
290.00,21.7940
290.50,21.8447
291.00,21.8653
291.50,21.8622
292.00,21.8519
292.50,21.8443
293.00,21.8367
293.50,21.8194
294.00,21.7869
294.50,21.7414
295.00,21.6887
295.50,21.6340
296.00,21.5824
296.50,21.5393
297.00,21.5094
297.50,21.4951
298.00,21.4993
298.50,21.5283
299.00,21.5889
299.50,21.6802
300.00,21.7848
300.50,21.8710
301.00,21.9083
301.50,21.8873
302.00,21.8253
302.50,21.7528
303.00,21.6932
303.50,21.6534
304.00,21.6296
304.50,21.6166
305.00,21.6107
305.50,21.6082
306.00,21.6034
306.50,21.5919
307.00,21.5741
307.50,21.5551
308.00,21.5401
308.50,21.5306
309.00,21.5220
309.50,21.5062
310.00,21.4773
310.50,21.4401
311.00,21.4114
311.50,21.4117
312.00,21.4488
312.50,21.5097
313.00,21.5697
313.50,21.6103
314.00,21.6292
314.50,21.6345
315.00,21.6358
315.50,21.6409
316.00,21.6591
316.50,21.6993
317.00,21.7640
317.50,21.8446
318.00,21.9249
318.50,21.9872
319.00,22.0187
319.50,22.0155
320.00,21.9820
320.50,21.9277
321.00,21.8624
321.50,21.7966
322.00,21.7423
322.50,21.7108
323.00,21.7080
323.50,21.7345
324.00,21.7885
324.50,21.8691
325.00,21.9736
325.50,22.0931
326.00,22.2083
326.50,22.2934
327.00,22.3275
327.50,22.3078
328.00,22.2521
328.50,22.1869
329.00,22.1319
329.50,22.0956
330.00,22.0807
330.50,22.0885
331.00,22.1163
331.50,22.1541
332.00,22.1895
332.50,22.2147
333.00,22.2301
333.50,22.2404
334.00,22.2498
334.50,22.2591
335.00,22.2660
335.50,22.2680
336.00,22.2641
336.50,22.2550
337.00,22.2396
337.50,22.2119
338.00,22.1625
338.50,22.0863
339.00,21.9874
339.50,21.8803
340.00,21.7855
340.50,21.7254
341.00,21.7208
341.50,21.7830
342.00,21.9057
342.50,22.0641
343.00,22.2272
343.50,22.3696
344.00,22.4736
344.50,22.5255
345.00,22.5192
345.50,22.4647
346.00,22.3906
346.50,22.3330
347.00,22.3184
347.50,22.3516
348.00,22.4187
348.50,22.4974
349.00,22.5673
349.50,22.6142
350.00,22.6314
350.50,22.6186
351.00,22.5799
351.50,22.5192
352.00,22.4417
352.50,22.3589
353.00,22.2905
353.50,22.2548
354.00,22.2537
354.50,22.2656
355.00,22.2574
355.50,22.2070
356.00,22.1198
356.50,22.0235
357.00,21.9511
357.50,21.9249
358.00,21.9504
358.50,22.0204
359.00,22.1208
359.50,22.2342
360.00,22.3395
360.50,22.4148
361.00,22.4496
361.50,22.4548
362.00,22.4523
362.50,22.4492
363.00,22.4245
363.50,22.3496
364.00,22.2241
364.50,22.0861
365.00,21.9886
365.50,21.9647
366.00,22.0121
366.50,22.1002
367.00,22.1886
367.50,22.2469
368.00,22.2676
368.50,22.2665
369.00,22.2690
369.50,22.2927
370.00,22.3382
370.50,22.3929
371.00,22.4431
371.50,22.4826
372.00,22.5118
372.50,22.5329
373.00,22.5472
373.50,22.5570
374.00,22.5676
374.50,22.5807
375.00,22.5870
375.50,22.5685
376.00,22.5107
376.50,22.4164
377.00,22.3065
377.50,22.2110
378.00,22.1572
378.50,22.1626
379.00,22.2313
379.50,22.3551
380.00,22.5147
380.50,22.6818
381.00,22.8239
381.50,22.9153
382.00,22.9479
382.50,22.9313
383.00,22.8826
383.50,22.8141
384.00,22.7305
384.50,22.6346
385.00,22.5350
385.50,22.4471
386.00,22.3862
386.50,22.3579
387.00,22.3539
387.50,22.3565
388.00,22.3487
388.50,22.3233
389.00,22.2846
389.50,22.2438
390.00,22.2147
390.50,22.2106
391.00,22.2392
391.50,22.2951
392.00,22.3575
392.50,22.3991
393.00,22.4023
393.50,22.3716
394.00,22.3342
394.50,22.3248
395.00,22.3623
395.50,22.4329
396.00,22.4979
396.50,22.5223
397.00,22.4996
397.50,22.4516
398.00,22.4050
398.50,22.3727
399.00,22.3539
399.50,22.3471
400.00,22.3580
400.50,22.3919
401.00,22.4463
401.50,22.5132
402.00,22.5877
402.50,22.6690
403.00,22.7528
403.50,22.8253
404.00,22.8637
404.50,22.8444
405.00,22.7592
405.50,22.6292
406.00,22.5011
406.50,22.4197
407.00,22.3972
407.50,22.4085
408.00,22.4182
408.50,22.4088
409.00,22.3875
409.50,22.3724
410.00,22.3778
410.50,22.4079
411.00,22.4569
411.50,22.5147
412.00,22.5731
412.50,22.6265
413.00,22.6657
413.50,22.6760
414.00,22.6504
414.50,22.6025
415.00,22.5615
415.50,22.5454
416.00,22.5423
416.50,22.5225
417.00,22.4712
417.50,22.4054
418.00,22.3590
418.50,22.3535
419.00,22.3828
419.50,22.4227
420.00,22.4509
420.50,22.4627
421.00,22.4743
421.50,22.5128
422.00,22.5953
422.50,22.7126
423.00,22.8298
423.50,22.9073
424.00,22.9252
424.50,22.8934
425.00,22.8415
425.50,22.7984
426.00,22.7782
426.50,22.7786
427.00,22.7886
427.50,22.7992
428.00,22.8075
428.50,22.8149
429.00,22.8225
429.50,22.8301
430.00,22.8390
430.50,22.8537
431.00,22.8757
431.50,22.8951
432.00,22.8966
432.50,22.8750
433.00,22.8449
433.50,22.8290
434.00,22.8381
434.50,22.8625
435.00,22.8845
435.50,22.8926
436.00,22.8870
436.50,22.8765
437.00,22.8727
437.50,22.8835
438.00,22.9062
438.50,22.9270
439.00,22.9325
439.50,22.9210
440.00,22.9028
440.50,22.8899
441.00,22.8886
441.50,22.9015
442.00,22.9303
442.50,22.9740
443.00,23.0244
443.50,23.0694
444.00,23.0996
444.50,23.1131
445.00,23.1112
445.50,23.0936
446.00,23.0592
446.50,23.0082
447.00,22.9419
447.50,22.8611
448.00,22.7703
448.50,22.6848
449.00,22.6285
449.50,22.6189
450.00,22.6506
450.50,22.6954
451.00,22.7216
451.50,22.7140
452.00,22.6787
452.50,22.6302
453.00,22.5775
453.50,22.5240
454.00,22.4757
454.50,22.4448
455.00,22.4426
455.50,22.4696
456.00,22.5132
456.50,22.5579
457.00,22.5977
457.50,22.6406
458.00,22.6969
458.50,22.7639
459.00,22.8232
459.50,22.8562
460.00,22.8607
460.50,22.8508
461.00,22.8419
461.50,22.8388
462.00,22.8379
462.50,22.8364
463.00,22.8362
463.50,22.8376
464.00,22.8371
464.50,22.8320
465.00,22.8268
465.50,22.8316
466.00,22.8533
466.50,22.8897
467.00,22.9328
467.50,22.9766
468.00,23.0217
468.50,23.0711
469.00,23.1237
469.50,23.1695
470.00,23.1938
470.50,23.1871
471.00,23.1528
471.50,23.1060
472.00,23.0634
472.50,23.0312
473.00,23.0022
473.50,22.9679
474.00,22.9356
474.50,22.9309
475.00,22.9762
475.50,23.0658
476.00,23.1669
476.50,23.2476
477.00,23.3001
477.50,23.3361
478.00,23.3661
478.50,23.3891
479.00,23.4006
479.50,23.4007
480.00,23.3938
480.50,23.3831
481.00,23.3690
481.50,23.3517
482.00,23.3312
482.50,23.3072
483.00,23.2786
483.50,23.2433
484.00,23.1983
484.50,23.1427
485.00,23.0815
485.50,23.0256
486.00,22.9835
486.50,22.9536
487.00,22.9263
487.50,22.8965
488.00,22.8728
488.50,22.8716
489.00,22.9001
489.50,22.9468
490.00,22.9890
490.50,23.0098
491.00,23.0093
491.50,23.0028
492.00,23.0122
492.50,23.0577
493.00,23.1485
493.50,23.2769
494.00,23.4171
494.50,23.5328
495.00,23.5890
495.50,23.5630
496.00,23.4535
496.50,23.2853
497.00,23.1041
497.50,22.9608
498.00,22.8923
498.50,22.9092
499.00,22.9979
499.50,23.1301
500.00,23.2725
500.50,23.3920
501.00,23.4633
501.50,23.4782
502.00,23.4497
502.50,23.4043
503.00,23.3686
503.50,23.3569
504.00,23.3657
504.50,23.3782
505.00,23.3771
505.50,23.3604
506.00,23.3438
506.50,23.3465
507.00,23.3714
507.50,23.3985
508.00,23.3985
508.50,23.3542
509.00,23.2766
509.50,23.2028
510.00,23.1742
510.50,23.2084
511.00,23.2858
511.50,23.3633
512.00,23.4019
512.50,23.3855
513.00,23.3230
513.50,23.2407
514.00,23.1739
514.50,23.1551
515.00,23.1984
515.50,23.2913
516.00,23.4040
516.50,23.5091
517.00,23.5944
517.50,23.6586
518.00,23.6985
518.50,23.7062
519.00,23.6787
519.50,23.6261
520.00,23.5637
520.50,23.4980
521.00,23.4226
521.50,23.3284
522.00,23.2153
522.50,23.0936
523.00,22.9804
523.50,22.8961
524.00,22.8577
524.50,22.8705
525.00,22.9227
525.50,22.9923
526.00,23.0637
526.50,23.1397
527.00,23.2343
527.50,23.3532
528.00,23.4793
528.50,23.5806
529.00,23.6332
529.50,23.6375
530.00,23.6133
530.50,23.5837
531.00,23.5626
531.50,23.5549
532.00,23.5585
532.50,23.5659
533.00,23.5688
533.50,23.5658
534.00,23.5637
534.50,23.5692
535.00,23.5801
535.50,23.5877
536.00,23.5872
536.50,23.5856
537.00,23.5980
537.50,23.6350
538.00,23.6950
538.50,23.7667
539.00,23.8393
539.50,23.9091
540.00,23.9774
540.50,24.0445
541.00,24.1059
541.50,24.1542
542.00,24.1800
542.50,24.1762
543.00,24.1436
543.50,24.0966
544.00,24.0606
544.50,24.0600
545.00,24.1044
545.50,24.1818
546.00,24.2639
546.50,24.3206
547.00,24.3351
547.50,24.3114
548.00,24.2673
548.50,24.2206
549.00,24.1809
549.50,24.1513
550.00,24.1337
550.50,24.1281
551.00,24.1276
551.50,24.1196
552.00,24.0940
552.50,24.0519
553.00,24.0059
553.50,23.9739
554.00,23.9715
554.50,24.0071
555.00,24.0776
555.50,24.1684
556.00,24.2581
556.50,24.3276
557.00,24.3691
557.50,24.3867
558.00,24.3909
558.50,24.3906
559.00,24.3889
559.50,24.3852
560.00,24.3811
560.50,24.3833
561.00,24.3977
561.50,24.4206
562.00,24.4360
562.50,24.4267
563.00,24.3879
563.50,24.3314
564.00,24.2797
564.50,24.2550
565.00,24.2694
565.50,24.3192
566.00,24.3879
566.50,24.4555
567.00,24.5091
567.50,24.5445
568.00,24.5641
568.50,24.5723
569.00,24.5746
569.50,24.5765
570.00,24.5813
570.50,24.5843
571.00,24.5735
571.50,24.5378
572.00,24.4787
572.50,24.4107
573.00,24.3517
573.50,24.3128
574.00,24.2991
574.50,24.3150
575.00,24.3659
575.50,24.4498
576.00,24.5501
576.50,24.6378
577.00,24.6846
577.50,24.6802
578.00,24.6409
578.50,24.6013
579.00,24.5908
579.50,24.6128
580.00,24.6442
580.50,24.6563
581.00,24.6372
581.50,24.5987
582.00,24.5676
582.50,24.5698
583.00,24.6151
583.50,24.6902
584.00,24.7668
584.50,24.8182
585.00,24.8320
585.50,24.8122
586.00,24.7715
586.50,24.7249
587.00,24.6853
587.50,24.6614
588.00,24.6550
588.50,24.6622
589.00,24.6761
589.50,24.6912
590.00,24.7044
590.50,24.7151
591.00,24.7255
591.50,24.7432
592.00,24.7817
592.50,24.8545
593.00,24.9634
593.50,25.0907
594.00,25.2052
594.50,25.2784
595.00,25.2957
595.50,25.2593
596.00,25.1850
596.50,25.0996
597.00,25.0330
597.50,25.0036
598.00,25.0069
598.50,25.0206
599.00,25.0246
599.50,25.0145
600.00,25.0005
600.50,24.9945
601.00,25.0010
601.50,25.0143
602.00,25.0231
602.50,25.0184
603.00,25.0012
603.50,24.9840
604.00,24.9819
604.50,25.0010
605.00,25.0360
605.50,25.0757
606.00,25.1110
606.50,25.1364
607.00,25.1473
607.50,25.1422
608.00,25.1279
608.50,25.1181
609.00,25.1214
609.50,25.1299
610.00,25.1259
610.50,25.0996
611.00,25.0620
611.50,25.0372
612.00,25.0412
612.50,25.0678
613.00,25.0945
613.50,25.1035
614.00,25.0977
614.50,25.0968
615.00,25.1149
615.50,25.1424
616.00,25.1512
616.50,25.1180
617.00,25.0442
617.50,24.9531
618.00,24.8732
618.50,24.8226
619.00,24.8048
619.50,24.8153
620.00,24.8481
620.50,24.8979
621.00,24.9534
621.50,24.9917
622.00,24.9821
622.50,24.9019
623.00,24.7561
623.50,24.5828
624.00,24.4365
624.50,24.3583
625.00,24.3570
625.50,24.4130
626.00,24.4963
626.50,24.5808
627.00,24.6486
627.50,24.6912
628.00,24.7132
628.50,24.7290
629.00,24.7524
629.50,24.7847
630.00,24.8180
630.50,24.8487
631.00,24.8857
631.50,24.9388
632.00,24.9989
632.50,25.0361
633.00,25.0221
633.50,24.9537
634.00,24.8525
634.50,24.7447
635.00,24.6458
635.50,24.5592
636.00,24.4838
636.50,24.4157
637.00,24.3488
637.50,24.2771
638.00,24.2018
638.50,24.1363
639.00,24.1039
639.50,24.1280
640.00,24.2162
640.50,24.3496
641.00,24.4878
641.50,24.5875
642.00,24.6220
642.50,24.5909
643.00,24.5183
643.50,24.4439
644.00,24.4051
644.50,24.4164
645.00,24.4604
645.50,24.5011
646.00,24.5107
646.50,24.4881
647.00,24.4558
647.50,24.4428
648.00,24.4676
648.50,24.5291
649.00,24.6102
649.50,24.6896
650.00,24.7554
650.50,24.8074
651.00,24.8466
651.50,24.8618
652.00,24.8303
652.50,24.7384
653.00,24.6012
653.50,24.4592
654.00,24.3526
654.50,24.2979
655.00,24.2863
655.50,24.2984
656.00,24.3157
656.50,24.3237
657.00,24.3160
657.50,24.2999
658.00,24.2971
658.50,24.3308
659.00,24.4085
659.50,24.5129
660.00,24.6114
660.50,24.6783
661.00,24.7147
661.50,24.7464
662.00,24.8013
662.50,24.8848
663.00,24.9757
663.50,25.0450
664.00,25.0760
664.50,25.0701
665.00,25.0367
665.50,24.9877
666.00,24.9389
666.50,24.9082
667.00,24.9028
667.50,24.9088
668.00,24.9031
668.50,24.8782
669.00,24.8512
669.50,24.8438
670.00,24.8538
670.50,24.8525
671.00,24.8106
671.50,24.7255
672.00,24.6235
672.50,24.5399
673.00,24.4953
673.50,24.4882
674.00,24.5041
674.50,24.5296
675.00,24.5597
675.50,24.5935
676.00,24.6263
676.50,24.6487
677.00,24.6534
677.50,24.6425
678.00,24.6267
678.50,24.6181
679.00,24.6238
679.50,24.6472
680.00,24.6901
680.50,24.7525
681.00,24.8320
681.50,24.9222
682.00,25.0092
682.50,25.0671
683.00,25.0633
683.50,24.9766
684.00,24.8147
684.50,24.6142
685.00,24.4223
685.50,24.2759
686.00,24.1914
686.50,24.1661
687.00,24.1838
687.50,24.2221
688.00,24.2606
688.50,24.2878
689.00,24.3042
689.50,24.3205
690.00,24.3509
690.50,24.4030
691.00,24.4701
691.50,24.5298
692.00,24.5538
692.50,24.5237
693.00,24.4456
693.50,24.3507
694.00,24.2769
694.50,24.2433
695.00,24.2398
695.50,24.2416
696.00,24.2344
696.50,24.2291
697.00,24.2544
697.50,24.3343
698.00,24.4653
698.50,24.6114
699.00,24.7232
699.50,24.7722
700.00,24.7688
700.50,24.7472
701.00,24.7324
701.50,24.7222
702.00,24.7002
702.50,24.6602
703.00,24.6147
703.50,24.5812
704.00,24.5634
704.50,24.5490
705.00,24.5246
705.50,24.4899
706.00,24.4578
706.50,24.4454
707.00,24.4673
707.50,24.5320
708.00,24.6367
708.50,24.7652
709.00,24.8896
709.50,24.9816
710.00,25.0253
710.50,25.0256
711.00,25.0069
711.50,25.0011
712.00,25.0298
712.50,25.0922
713.00,25.1675
713.50,25.2309
714.00,25.2695
714.50,25.2841
715.00,25.2797
715.50,25.2594
716.00,25.2288
716.50,25.2033
717.00,25.2039
717.50,25.2419
718.00,25.3089
718.50,25.3823
719.00,25.4405
719.50,25.4732
720.00,25.4829
720.50,25.4805
721.00,25.4764
721.50,25.4714
722.00,25.4532
722.50,25.4056
723.00,25.3215
723.50,25.2112
724.00,25.0995
724.50,25.0140
725.00,24.9711
725.50,24.9695
726.00,24.9946
726.50,25.0306
727.00,25.0686
727.50,25.1061
728.00,25.1414
728.50,25.1711
729.00,25.1927
729.50,25.2073
730.00,25.2196
730.50,25.2360
731.00,25.2624
731.50,25.3024
732.00,25.3526
732.50,25.3991
733.00,25.4212
733.50,25.4048
734.00,25.3545
734.50,25.2928
735.00,25.2459
735.50,25.2283
736.00,25.2371
736.50,25.2598
737.00,25.2836
737.50,25.3018
738.00,25.3133
738.50,25.3193
739.00,25.3221
739.50,25.3255
740.00,25.3371
740.50,25.3647
741.00,25.4069
741.50,25.4496
742.00,25.4761
742.50,25.4840
743.00,25.4902
743.50,25.5151
744.00,25.5608
744.50,25.6047
745.00,25.6124
745.50,25.5601
746.00,25.4491
746.50,25.3074
747.00,25.1754
747.50,25.0861
748.00,25.0474
748.50,25.0423
749.00,25.0465
749.50,25.0519
750.00,25.0716
750.50,25.1238
751.00,25.2085
751.50,25.3044
752.00,25.3854
752.50,25.4391
753.00,25.4720
753.50,25.4992
754.00,25.5335
754.50,25.5783
755.00,25.6273
755.50,25.6688
756.00,25.6942
756.50,25.7023
757.00,25.6969
757.50,25.6815
758.00,25.6565
758.50,25.6205
759.00,25.5690
759.50,25.4962
760.00,25.4023
760.50,25.3030
761.00,25.2275
761.50,25.1999
762.00,25.2206
762.50,25.2625
763.00,25.2909
763.50,25.2870
764.00,25.2591
764.50,25.2308
765.00,25.2210
765.50,25.2317
766.00,25.2543
766.50,25.2824
767.00,25.3155
767.50,25.3524
768.00,25.3871
768.50,25.4143
769.00,25.4360
769.50,25.4584
770.00,25.4823
770.50,25.4997
771.00,25.5021
771.50,25.4933
772.00,25.4901
772.50,25.5083
773.00,25.5459
773.50,25.5810
774.00,25.5884
774.50,25.5568
775.00,25.4964
775.50,25.4323
776.00,25.3942
776.50,25.4013
777.00,25.4479
777.50,25.5019
778.00,25.5221
778.50,25.4857
779.00,25.4023
779.50,25.3047
780.00,25.2278
780.50,25.1929
781.00,25.2052
781.50,25.2559
782.00,25.3275
782.50,25.3994
783.00,25.4550
783.50,25.4882
784.00,25.5051
784.50,25.5183
785.00,25.5381
785.50,25.5655
786.00,25.5950
786.50,25.6204
787.00,25.6374
787.50,25.6424
788.00,25.6328
788.50,25.6096
789.00,25.5772
789.50,25.5396
790.00,25.4974
790.50,25.4501
791.00,25.3989
791.50,25.3496
792.00,25.3119
792.50,25.2974
793.00,25.3126
793.50,25.3516
794.00,25.3983
794.50,25.4366
795.00,25.4609
795.50,25.4750
796.00,25.4841
796.50,25.4884
797.00,25.4823
797.50,25.4587
798.00,25.4117
798.50,25.3390
799.00,25.2449
799.50,25.1449
800.00,25.0648
800.50,25.0301
801.00,25.0513
801.50,25.1203
802.00,25.2187
802.50,25.3300
803.00,25.4403
803.50,25.5321
804.00,25.5855
804.50,25.5900
805.00,25.5578
805.50,25.5196
806.00,25.5042
806.50,25.5208
807.00,25.5571
807.50,25.5923
808.00,25.6105
808.50,25.6076
809.00,25.5883
809.50,25.5583
810.00,25.5172
810.50,25.4599
811.00,25.3853
811.50,25.3016
812.00,25.2241
812.50,25.1676
813.00,25.1390
813.50,25.1373
814.00,25.1558
814.50,25.1856
815.00,25.2172
815.50,25.2399
816.00,25.2455
816.50,25.2339
817.00,25.2142
817.50,25.1977
818.00,25.1921
818.50,25.1991
819.00,25.2171
819.50,25.2416
820.00,25.2697
820.50,25.3055
821.00,25.3583
821.50,25.4292
822.00,25.5010
822.50,25.5481
823.00,25.5570
823.50,25.5353
824.00,25.5002
824.50,25.4618
825.00,25.4173
825.50,25.3566
826.00,25.2696
826.50,25.1556
827.00,25.0292
827.50,24.9153
828.00,24.8319
828.50,24.7784
829.00,24.7455
829.50,24.7336
830.00,24.7549
830.50,24.8150
831.00,24.8974
831.50,24.9698
832.00,25.0073
832.50,25.0084
833.00,24.9941
833.50,24.9921
834.00,25.0210
834.50,25.0825
835.00,25.1643
835.50,25.2493
836.00,25.3258
836.50,25.3900
837.00,25.4399
837.50,25.4717
838.00,25.4832
838.50,25.4800
839.00,25.4693
839.50,25.4490
840.00,25.4087
840.50,25.3450
841.00,25.2730
841.50,25.2185
842.00,25.1994
842.50,25.2134
843.00,25.2380
843.50,25.2441
844.00,25.2139
844.50,25.1539
845.00,25.0883
845.50,25.0381
846.00,25.0053
846.50,24.9796
847.00,24.9569
847.50,24.9463
848.00,24.9561
848.50,24.9796
849.00,24.9972
849.50,24.9916
850.00,24.9603
850.50,24.9151
851.00,24.8725
851.50,24.8436
852.00,24.8290
852.50,24.8222
853.00,24.8188
853.50,24.8232
854.00,24.8425
854.50,24.8758
855.00,24.9095
855.50,24.9280
856.00,24.9264
856.50,24.9133
857.00,24.9025
857.50,24.9040
858.00,24.9188
858.50,24.9361
859.00,24.9369
859.50,24.9083
860.00,24.8607
860.50,24.8267
861.00,24.8360
861.50,24.8893
862.00,24.9594
862.50,25.0157
863.00,25.0482
863.50,25.0673
864.00,25.0860
864.50,25.1023
865.00,25.0986
865.50,25.0561
866.00,24.9724
866.50,24.8662
867.00,24.7663
867.50,24.6968
868.00,24.6679
868.50,24.6770
869.00,24.7144
869.50,24.7727
870.00,24.8540
870.50,24.9673
871.00,25.1134
871.50,25.2717
872.00,25.4048
872.50,25.4806
873.00,25.4957
873.50,25.4777
874.00,25.4651
874.50,25.4797
875.00,25.5124
875.50,25.5326
876.00,25.5149
876.50,25.4626
877.00,25.4085
877.50,25.3908
878.00,25.4215
878.50,25.4758
879.00,25.5121
879.50,25.5038
880.00,25.4535
880.50,25.3780
881.00,25.2859
881.50,25.1756
882.00,25.0524
882.50,24.9394
883.00,24.8686
883.50,24.8607
884.00,24.9138
884.50,25.0057
885.00,25.1035
885.50,25.1767
886.00,25.2106
886.50,25.2132
887.00,25.2104
887.50,25.2289
888.00,25.2768
888.50,25.3334
889.00,25.3624
889.50,25.3389
890.00,25.2695
890.50,25.1881
891.00,25.1321
891.50,25.1186
892.00,25.1371
892.50,25.1591
893.00,25.1576
893.50,25.1236
894.00,25.0698
894.50,25.0196
895.00,24.9891
895.50,24.9775
896.00,24.9735
896.50,24.9706
897.00,24.9748
897.50,24.9965
898.00,25.0345
898.50,25.0688
899.00,25.0709
899.50,25.0241
900.00,24.9387
900.50,24.8463
901.00,24.7799
901.50,24.7543
902.00,24.7619
902.50,24.7831
903.00,24.8009
903.50,24.8096
904.00,24.8166
904.50,24.8370
905.00,24.8838
905.50,24.9614
906.00,25.0653
906.50,25.1846
907.00,25.3050
907.50,25.4127
908.00,25.4991
908.50,25.5635
909.00,25.6071
909.50,25.6293
910.00,25.6308
910.50,25.6217
911.00,25.6216
911.50,25.6472
912.00,25.6979
912.50,25.7518
913.00,25.7805
913.50,25.7696
914.00,25.7287
914.50,25.6818
915.00,25.6521
915.50,25.6518
916.00,25.6812
916.50,25.7305
917.00,25.7805
917.50,25.8060
918.00,25.7824
918.50,25.6977
919.00,25.5620
919.50,25.4057
920.00,25.2642
920.50,25.1609
921.00,25.1007
921.50,25.0771
922.00,25.0814
922.50,25.1027
923.00,25.1265
923.50,25.1379
924.00,25.1301
924.50,25.1052
925.00,25.0670
925.50,25.0172
926.00,24.9614
926.50,24.9181
927.00,24.9142
927.50,24.9669
928.00,25.0668
928.50,25.1799
929.00,25.2686
929.50,25.3149
930.00,25.3305
930.50,25.3460
931.00,25.3895
931.50,25.4708
932.00,25.5791
932.50,25.6903
933.00,25.7750
933.50,25.8046
934.00,25.7611
934.50,25.6482
935.00,25.4960
935.50,25.3479
936.00,25.2382
936.50,25.1799
937.00,25.1678
937.50,25.1916
938.00,25.2429
938.50,25.3140
939.00,25.3938
939.50,25.4665
940.00,25.5154
940.50,25.5320
941.00,25.5219
941.50,25.4979
942.00,25.4652
942.50,25.4158
943.00,25.3420
943.50,25.2537
944.00,25.1796
944.50,25.1496
945.00,25.1747
945.50,25.2402
946.00,25.3154
946.50,25.3736
947.00,25.4059
947.50,25.4197
948.00,25.4239
948.50,25.4176
949.00,25.3958
949.50,25.3629
950.00,25.3361
950.50,25.3335
951.00,25.3580
951.50,25.3922
952.00,25.4085
952.50,25.3869
953.00,25.3289
953.50,25.2569
954.00,25.2009
954.50,25.1813
955.00,25.1990
955.50,25.2387
956.00,25.2825
956.50,25.3231
957.00,25.3653
957.50,25.4159
958.00,25.4717
958.50,25.5183
959.00,25.5412
959.50,25.5369
960.00,25.5151
960.50,25.4893
961.00,25.4667
961.50,25.4450
962.00,25.4189
962.50,25.3892
963.00,25.3633
963.50,25.3478
964.00,25.3416
964.50,25.3371
965.00,25.3279
965.50,25.3150
966.00,25.3043
966.50,25.2996
967.00,25.3003
967.50,25.3084
968.00,25.3331
968.50,25.3847
969.00,25.4589
969.50,25.5302
970.00,25.5651
970.50,25.5419
971.00,25.4619
971.50,25.3452
972.00,25.2211
972.50,25.1169
973.00,25.0479
973.50,25.0112
974.00,24.9927
974.50,24.9813
975.00,24.9816
975.50,25.0111
976.00,25.0826
976.50,25.1850
977.00,25.2819
977.50,25.3353
978.00,25.3350
978.50,25.3060
979.00,25.2855
979.50,25.2962
980.00,25.3387
980.50,25.4038
981.00,25.4851
981.50,25.5804
982.00,25.6826
982.50,25.7748
983.00,25.8353
983.50,25.8484
984.00,25.8138
984.50,25.7449
985.00,25.6586
985.50,25.5660
986.00,25.4717
986.50,25.3773
987.00,25.2815
987.50,25.1794
988.00,25.0668
988.50,24.9506
989.00,24.8526
989.50,24.7990
990.00,24.8041
990.50,24.8627
991.00,24.9556
991.50,25.0610
992.00,25.1647
992.50,25.2606
993.00,25.3432
993.50,25.4002
994.00,25.4155
994.50,25.3822
995.00,25.3121
995.50,25.2315
996.00,25.1665
996.50,25.1288
997.00,25.1122
997.50,25.0989
998.00,25.0712
998.50,25.0222
999.00,24.9581
999.50,24.8924
1000.00,24.8374
1000.50,24.8020
1001.00,24.7932
1001.50,24.8179
1002.00,24.8818
1002.50,24.9870
1003.00,25.1314
1003.50,25.3075
1004.00,25.4956
1004.50,25.6631
1005.00,25.7778
1005.50,25.8271
1006.00,25.8256
1006.50,25.7988
1007.00,25.7629
1007.50,25.7192
1008.00,25.6666
1008.50,25.6151
1009.00,25.5832
1009.50,25.5840
1010.00,25.6179
1010.50,25.6790
1011.00,25.7644
1011.50,25.8721
1012.00,25.9893
1012.50,26.0885
1013.00,26.1415
1013.50,26.1392
1014.00,26.0951
1014.50,26.0334
1015.00,25.9754
1015.50,25.9350
1016.00,25.9176
1016.50,25.9176
1017.00,25.9219
1017.50,25.9219
1018.00,25.9255
1018.50,25.9525
1019.00,26.0152
1019.50,26.1051
1020.00,26.1978
1020.50,26.2709
1021.00,26.3147
1021.50,26.3293
1022.00,26.3165
1022.50,26.2782
1023.00,26.2206
1023.50,26.1557
1024.00,26.0973
1024.50,26.0539
1025.00,26.0259
1025.50,26.0064
1026.00,25.9883
1026.50,25.9730
1027.00,25.9733
1027.50,26.0049
1028.00,26.0703
1028.50,26.1493
1029.00,26.2077
1029.50,26.2173
1030.00,26.1737
1030.50,26.0976
1031.00,26.0202
1031.50,25.9645
1032.00,25.9377
1032.50,25.9344
1033.00,25.9434
1033.50,25.9530
1034.00,25.9547
1034.50,25.9454
1035.00,25.9289
1035.50,25.9152
1036.00,25.9167
1036.50,25.9417
1037.00,25.9900
1037.50,26.0518
1038.00,26.1124
1038.50,26.1597
1039.00,26.1893
1039.50,26.2065
1040.00,26.2220
1040.50,26.2421
1041.00,26.2608
1041.50,26.2632
1042.00,26.2416
1042.50,26.2083
1043.00,26.1909
1043.50,26.2089
1044.00,26.2547
1044.50,26.2997
1045.00,26.3174
1045.50,26.3003
1046.00,26.2583
1046.50,26.2085
1047.00,26.1666
1047.50,26.1437
1048.00,26.1417
1048.50,26.1509
1049.00,26.1526
1049.50,26.1296
1050.00,26.0781
1050.50,26.0170
1051.00,25.9834
1051.50,26.0094
1052.00,26.0918
1052.50,26.1838
1053.00,26.2222
1053.50,26.1723
1054.00,26.0513
1054.50,25.9115
1055.00,25.8031
1055.50,25.7468
1056.00,25.7328
1056.50,25.7368
1057.00,25.7381
1057.50,25.7300
1058.00,25.7167
1058.50,25.7033
1059.00,25.6862
1059.50,25.6554
1060.00,25.6078
1060.50,25.5576
1061.00,25.5292
1061.50,25.5363
1062.00,25.5663
1062.50,25.5873
1063.00,25.5746
1063.50,25.5310
1064.00,25.4836
1064.50,25.4596
1065.00,25.4684
1065.50,25.5007
1066.00,25.5376
1066.50,25.5591
1067.00,25.5545
1067.50,25.5345
1068.00,25.5303
1068.50,25.5703
1069.00,25.6530
1069.50,25.7459
1070.00,25.8132
1070.50,25.8434
1071.00,25.8511
1071.50,25.8560
1072.00,25.8641
1072.50,25.8646
1073.00,25.8415
1073.50,25.7829
1074.00,25.6846
1074.50,25.5494
1075.00,25.3876
1075.50,25.2196
1076.00,25.0764
1076.50,24.9949
1077.00,25.0045
1077.50,25.1088
1078.00,25.2772
1078.50,25.4577
1079.00,25.6039
1079.50,25.6953
1080.00,25.7371
1080.50,25.7468
1081.00,25.7434
1081.50,25.7428
1082.00,25.7554
1082.50,25.7835
1083.00,25.8186
1083.50,25.8453
1084.00,25.8512
1084.50,25.8361
1085.00,25.8087
1085.50,25.7745
1086.00,25.7305
1086.50,25.6727
1087.00,25.6065
1087.50,25.5453
1088.00,25.5030
1088.50,25.4893
1089.00,25.5081
1089.50,25.5556
1090.00,25.6179
1090.50,25.6783
1091.00,25.7283
1091.50,25.7715
1092.00,25.8160
1092.50,25.8623
1093.00,25.8990
1093.50,25.9083
1094.00,25.8787
1094.50,25.8143
1095.00,25.7343
1095.50,25.6607
1096.00,25.6051
1096.50,25.5670
1097.00,25.5438
1097.50,25.5380
1098.00,25.5528
1098.50,25.5827
1099.00,25.6137
1099.50,25.6351
1100.00,25.6516
1100.50,25.6800
1101.00,25.7319
1101.50,25.7980
1102.00,25.8494
1102.50,25.8556
1103.00,25.8034
1103.50,25.7049
1104.00,25.5915
1104.50,25.5010
1105.00,25.4629
1105.50,25.4863
1106.00,25.5599
1106.50,25.6600
1107.00,25.7605
1107.50,25.8383
1108.00,25.8749
1108.50,25.8602
1109.00,25.8013
1109.50,25.7282
1110.00,25.6844
1110.50,25.7016
1111.00,25.7772
1111.50,25.8724
1112.00,25.9373
1112.50,25.9425
1113.00,25.8936
1113.50,25.8218
1114.00,25.7610
1114.50,25.7301
1115.00,25.7324
1115.50,25.7626
1116.00,25.8120
1116.50,25.8664
1117.00,25.9069
1117.50,25.9183
1118.00,25.8995
1118.50,25.8631
1119.00,25.8237
1119.50,25.7861
1120.00,25.7470
1120.50,25.7035
1121.00,25.6592
1121.50,25.6232
1122.00,25.6049
1122.50,25.6095
1123.00,25.6364
1123.50,25.6790
1124.00,25.7252
1124.50,25.7600
1125.00,25.7688
1125.50,25.7420
1126.00,25.6815
1126.50,25.6053
1127.00,25.5428
1127.50,25.5164
1128.00,25.5256
1128.50,25.5492
1129.00,25.5640
1129.50,25.5589
1130.00,25.5340
1130.50,25.4925
1131.00,25.4408
1131.50,25.3981
1132.00,25.3972
1132.50,25.4660
1133.00,25.5991
1133.50,25.7493
1134.00,25.8537
1134.50,25.8744
1135.00,25.8195
1135.50,25.7331
1136.00,25.6654
1136.50,25.6450
1137.00,25.6671
1137.50,25.7030
1138.00,25.7202
1138.50,25.7014
1139.00,25.6508
1139.50,25.5874
1140.00,25.5340
1140.50,25.5038
1141.00,25.4904
1141.50,25.4698
1142.00,25.4188
1142.50,25.3377
1143.00,25.2562
1143.50,25.2151
1144.00,25.2374
1144.50,25.3133
1145.00,25.4066
1145.50,25.4776
1146.00,25.5049
1146.50,25.4930
1147.00,25.4632
1147.50,25.4359
1148.00,25.4202
1148.50,25.4134
1149.00,25.4088
1149.50,25.4022
1150.00,25.3970
1150.50,25.4008
1151.00,25.4151
1151.50,25.4264
1152.00,25.4123
1152.50,25.3599
1153.00,25.2784
1153.50,25.1929
1154.00,25.1264
1154.50,25.0880
1155.00,25.0745
1155.50,25.0779
1156.00,25.0916
1156.50,25.1126
1157.00,25.1400
1157.50,25.1736
1158.00,25.2131
1158.50,25.2588
1159.00,25.3094
1159.50,25.3584
1160.00,25.3942
1160.50,25.4087
1161.00,25.4066
1161.50,25.4061
1162.00,25.4243
1162.50,25.4613
1163.00,25.4987
1163.50,25.5174
1164.00,25.5139
1164.50,25.4993
1165.00,25.4868
1165.50,25.4798
1166.00,25.4715
1166.50,25.4490
1167.00,25.3991
1167.50,25.3142
1168.00,25.2015
1168.50,25.0863
1169.00,25.0040
1169.50,24.9827
1170.00,25.0278
1170.50,25.1208
1171.00,25.2303
1171.50,25.3282
1172.00,25.4012
1172.50,25.4533
1173.00,25.4989
1173.50,25.5489
1174.00,25.6004
1174.50,25.6375
1175.00,25.6454
1175.50,25.6250
1176.00,25.5962
1176.50,25.5862
1177.00,25.6103
1177.50,25.6582
1178.00,25.6972
1178.50,25.6910
1179.00,25.6245
1179.50,25.5158
1180.00,25.4046
1180.50,25.3236
1181.00,25.2773
1181.50,25.2478
1182.00,25.2201
1182.50,25.1996
1183.00,25.2073
1183.50,25.2586
1184.00,25.3456
1184.50,25.4357
1185.00,25.4887
1185.50,25.4826
1186.00,25.4299
1186.50,25.3688
1187.00,25.3362
1187.50,25.3402
1188.00,25.3546
1188.50,25.3391
1189.00,25.2684
1189.50,25.1493
1190.00,25.0155
1190.50,24.9077
1191.00,24.8518
1191.50,24.8526
1192.00,24.9002
1192.50,24.9814
1193.00,25.0832
1193.50,25.1890
1194.00,25.2768
1194.50,25.3269
1195.00,25.3342
1195.50,25.3145
1196.00,25.2945
1196.50,25.2946
1197.00,25.3194
1197.50,25.3640
1198.00,25.4211
1198.50,25.4790
1199.00,25.5182
1199.50,25.5217
1200.00,25.4930
1200.50,25.4598
1201.00,25.4545
1201.50,25.4892
1202.00,25.5468
1202.50,25.5929
1203.00,25.5968
1203.50,25.5478
1204.00,25.4603
1204.50,25.3672
1205.00,25.3040
1205.50,25.2897
1206.00,25.3143
1206.50,25.3430
1207.00,25.3361
1207.50,25.2730
1208.00,25.1645
1208.50,25.0452
1209.00,24.9524
1209.50,24.9075
1210.00,24.9102
1210.50,24.9456
1211.00,24.9989
1211.50,25.0635
1212.00,25.1364
1212.50,25.2059
1213.00,25.2493
1213.50,25.2493
1214.00,25.2122
1214.50,25.1670
1215.00,25.1424
1215.50,25.1456
1216.00,25.1643
1216.50,25.1863
1217.00,25.2161
1217.50,25.2693
1218.00,25.3519
1218.50,25.4461
1219.00,25.5186
1219.50,25.5469
1220.00,25.5361
1220.50,25.5121
1221.00,25.4960
1221.50,25.4859
1222.00,25.4646
1222.50,25.4243
1223.00,25.3807
1223.50,25.3620
1224.00,25.3824
1224.50,25.4270
1225.00,25.4626
1225.50,25.4631
1226.00,25.4281
1226.50,25.3802
1227.00,25.3456
1227.50,25.3352
1228.00,25.3401
1228.50,25.3419
1229.00,25.3265
1229.50,25.2916
1230.00,25.2428
1230.50,25.1883
1231.00,25.1369
1231.50,25.0980
1232.00,25.0788
1232.50,25.0779
1233.00,25.0853
1233.50,25.0914
1234.00,25.0968
1234.50,25.1121
1235.00,25.1463
1235.50,25.1989
1236.00,25.2616
1236.50,25.3253
1237.00,25.3808
1237.50,25.4183
1238.00,25.4324
1238.50,25.4283
1239.00,25.4183
1239.50,25.4102
1240.00,25.4008
1240.50,25.3843
1241.00,25.3612
1241.50,25.3369
1242.00,25.3132
1242.50,25.2877
1243.00,25.2650
1243.50,25.2628
1244.00,25.3003
1244.50,25.3789
1245.00,25.4761
1245.50,25.5604
1246.00,25.6129
1246.50,25.6357
1247.00,25.6431
1247.50,25.6477
1248.00,25.6528
1248.50,25.6558
1249.00,25.6548
1249.50,25.6505
1250.00,25.6431
1250.50,25.6302
1251.00,25.6076
1251.50,25.5737
1252.00,25.5324
1252.50,25.4944
1253.00,25.4748
1253.50,25.4872
1254.00,25.5354
1254.50,25.6095
1255.00,25.6894
1255.50,25.7542
1256.00,25.7899
1256.50,25.7918
1257.00,25.7653
1257.50,25.7228
1258.00,25.6803
1258.50,25.6530
1259.00,25.6517
1259.50,25.6778
1260.00,25.7197
1260.50,25.7561
1261.00,25.7698
1261.50,25.7597
1262.00,25.7405
1262.50,25.7280
1263.00,25.7241
1263.50,25.7140
1264.00,25.6793
1264.50,25.6131
1265.00,25.5253
1265.50,25.4355
1266.00,25.3649
1266.50,25.3299
1267.00,25.3369
1267.50,25.3779
1268.00,25.4338
1268.50,25.4831
1269.00,25.5117
1269.50,25.5156
1270.00,25.4986
1270.50,25.4700
1271.00,25.4440
1271.50,25.4349
1272.00,25.4479
1272.50,25.4741
1273.00,25.4995
1273.50,25.5209
1274.00,25.5470
1274.50,25.5840
1275.00,25.6243
1275.50,25.6514
1276.00,25.6520
1276.50,25.6213
1277.00,25.5627
1277.50,25.4921
1278.00,25.4386
1278.50,25.4328
1279.00,25.4851
1279.50,25.5762
1280.00,25.6694
1280.50,25.7374
1281.00,25.7776
1281.50,25.8030
1282.00,25.8208
1282.50,25.8230
1283.00,25.7950
1283.50,25.7331
1284.00,25.6514
1284.50,25.5737
1285.00,25.5187
1285.50,25.4925
1286.00,25.4933
1286.50,25.5199
1287.00,25.5714
1287.50,25.6396
1288.00,25.7033
1288.50,25.7356
1289.00,25.7186
1289.50,25.6559
1290.00,25.5721
1290.50,25.4988
1291.00,25.4566
1291.50,25.4486
1292.00,25.4651
1292.50,25.4894
1293.00,25.4999
1293.50,25.4775
1294.00,25.4204
1294.50,25.3513
1295.00,25.3016
1295.50,25.2868
1296.00,25.2964
1296.50,25.3097
1297.00,25.3184
1297.50,25.3325
1298.00,25.3683
1298.50,25.4325
1299.00,25.5139
1299.50,25.5863
1300.00,25.6219
1300.50,25.6095
1301.00,25.5640
1301.50,25.5141
1302.00,25.4788
1302.50,25.4534
1303.00,25.4200
1303.50,25.3689
1304.00,25.3100
1304.50,25.2645
1305.00,25.2480
1305.50,25.2591
1306.00,25.2805
1306.50,25.2881
1307.00,25.2639
1307.50,25.2052
1308.00,25.1289
1308.50,25.0690
1309.00,25.0619
1309.50,25.1255
1310.00,25.2431
1310.50,25.3667
1311.00,25.4417
1311.50,25.4393
1312.00,25.3737
1312.50,25.2913
1313.00,25.2378
1313.50,25.2280
1314.00,25.2408
1314.50,25.2418
1315.00,25.2128
1315.50,25.1630
1316.00,25.1182
1316.50,25.1025
1317.00,25.1263
1317.50,25.1863
1318.00,25.2680
1318.50,25.3489
1319.00,25.4007
1319.50,25.3987
1320.00,25.3382
1320.50,25.2439
1321.00,25.1572
1321.50,25.1083
1322.00,25.0971
1322.50,25.0984
1323.00,25.0840
1323.50,25.0404
1324.00,24.9752
1324.50,24.9142
1325.00,24.8911
1325.50,24.9282
1326.00,25.0172
1326.50,25.1200
1327.00,25.1939
1327.50,25.2203
1328.00,25.2090
1328.50,25.1806
1329.00,25.1501
1329.50,25.1282
1330.00,25.1273
1330.50,25.1556
1331.00,25.2054
1331.50,25.2513
1332.00,25.2640
1332.50,25.2297
1333.00,25.1621
1333.50,25.0977
1334.00,25.0765
1334.50,25.1179
1335.00,25.2117
1335.50,25.3284
1336.00,25.4350
1336.50,25.5036
1337.00,25.5139
1337.50,25.4607
1338.00,25.3635
1338.50,25.2607
1339.00,25.1868
1339.50,25.1514
1340.00,25.1401
1340.50,25.1309
1341.00,25.1115
1341.50,25.0853
1342.00,25.0686
1342.50,25.0793
1343.00,25.1235
1343.50,25.1887
1344.00,25.2492
1344.50,25.2814
1345.00,25.2814
1345.50,25.2673
1346.00,25.2605
1346.50,25.2602
1347.00,25.2392
1347.50,25.1705
1348.00,25.0571
1348.50,24.9348
1349.00,24.8476
1349.50,24.8189
1350.00,24.8392
1350.50,24.8741
1351.00,24.8857
1351.50,24.8545
1352.00,24.7887
1352.50,24.7150
1353.00,24.6582
1353.50,24.6285
1354.00,24.6218
1354.50,24.6302
1355.00,24.6484
1355.50,24.6755
1356.00,24.7142
1356.50,24.7682
1357.00,24.8368
1357.50,24.9079
1358.00,24.9579
1358.50,24.9664
1359.00,24.9340
1359.50,24.8870
1360.00,24.8589
1360.50,24.8655
1361.00,24.8955
1361.50,24.9269
1362.00,24.9470
1362.50,24.9567
1363.00,24.9567
1363.50,24.9357
1364.00,24.8812
1364.50,24.8013
1365.00,24.7328
1365.50,24.7221
1366.00,24.7894
1366.50,24.9081
1367.00,25.0197
1367.50,25.0759
1368.00,25.0728
1368.50,25.0469
1369.00,25.0392
1369.50,25.0621
1370.00,25.0999
1370.50,25.1339
1371.00,25.1639
1371.50,25.2071
1372.00,25.2782
1372.50,25.3716
1373.00,25.4616
1373.50,25.5184
1374.00,25.5232
1374.50,25.4688
1375.00,25.3540
1375.50,25.1852
1376.00,24.9859
1376.50,24.7977
1377.00,24.6648
1377.50,24.6112
1378.00,24.6301
1378.50,24.6925
1379.00,24.7649
1379.50,24.8234
1380.00,24.8593
1380.50,24.8766
1381.00,24.8868
1381.50,24.9002
1382.00,24.9197
1382.50,24.9400
1383.00,24.9542
1383.50,24.9609
1384.00,24.9676
1384.50,24.9877
1385.00,25.0321
1385.50,25.1010
1386.00,25.1818
1386.50,25.2559
1387.00,25.3078
1387.50,25.3324
1388.00,25.3348
1388.50,25.3254
1389.00,25.3122
1389.50,25.2950
1390.00,25.2687
1390.50,25.2291
1391.00,25.1768
1391.50,25.1133
1392.00,25.0400
1392.50,24.9638
1393.00,24.9026
1393.50,24.8762
1394.00,24.8914
1394.50,24.9370
1395.00,24.9932
1395.50,25.0423
1396.00,25.0731
1396.50,25.0838
1397.00,25.0854
1397.50,25.1016
1398.00,25.1582
1398.50,25.2674
1399.00,25.4133
1399.50,25.5508
1400.00,25.6235
1400.50,25.5980
1401.00,25.4926
1401.50,25.3733
1402.00,25.3152
1402.50,25.3572
1403.00,25.4838
1403.50,25.6387
1404.00,25.7561
1404.50,25.7891
1405.00,25.7306
1405.50,25.6140
1406.00,25.4911
1406.50,25.4007
1407.00,25.3514
1407.50,25.3302
1408.00,25.3220
1408.50,25.3225
1409.00,25.3343
1409.50,25.3553
1410.00,25.3712
1410.50,25.3616
1411.00,25.3161
1411.50,25.2458
1412.00,25.1813
1412.50,25.1531
1413.00,25.1676
1413.50,25.1986
1414.00,25.2039
1414.50,25.1586
1415.00,25.0771
1415.50,25.0059
1416.00,24.9899
1416.50,25.0409
1417.00,25.1313
1417.50,25.2177
1418.00,25.2708
1418.50,25.2887
1419.00,25.2877
1419.50,25.2842
1420.00,25.2846
1420.50,25.2878
1421.00,25.2924
1421.50,25.3008
1422.00,25.3165
1422.50,25.3384
1423.00,25.3582
1423.50,25.3642
1424.00,25.3504
1424.50,25.3189
1425.00,25.2759
1425.50,25.2268
1426.00,25.1770
1426.50,25.1362
1427.00,25.1196
1427.50,25.1446
1428.00,25.2196
1428.50,25.3322
1429.00,25.4492
1429.50,25.5336
1430.00,25.5683
1430.50,25.5637
1431.00,25.5451
1431.50,25.5305
1432.00,25.5221
1432.50,25.5134
1433.00,25.5018
1433.50,25.4925
1434.00,25.4918
1434.50,25.4998
1435.00,25.5090
1435.50,25.5077
1436.00,25.4835
1436.50,25.4265
1437.00,25.3323
1437.50,25.2094
1438.00,25.0793
1438.50,24.9654
1439.00,24.8785
1439.50,24.8163
1440.00,24.7785
1440.50,24.7788
1441.00,24.8367
1441.50,24.9549
1442.00,25.1086
1442.50,25.2583
1443.00,25.3719
1443.50,25.4344
1444.00,25.4447
1444.50,25.4109
1445.00,25.3501
1445.50,25.2841
1446.00,25.2261
1446.50,25.1715
1447.00,25.1079
1447.50,25.0350
1448.00,24.9714
1448.50,24.9413
1449.00,24.9564
1449.50,25.0120
1450.00,25.0949
1450.50,25.1908
1451.00,25.2853
1451.50,25.3654
1452.00,25.4215
1452.50,25.4503
1453.00,25.4562
1453.50,25.4512
1454.00,25.4535
1454.50,25.4818
1455.00,25.5465
1455.50,25.6424
1456.00,25.7493
1456.50,25.8399
1457.00,25.8892
1457.50,25.8795
1458.00,25.8062
1458.50,25.6824
1459.00,25.5372
1459.50,25.4024
1460.00,25.2956
1460.50,25.2159
1461.00,25.1565
1461.50,25.1223
1462.00,25.1296
1462.50,25.1872
1463.00,25.2796
1463.50,25.3720
1464.00,25.4348
1464.50,25.4652
1465.00,25.4848
1465.50,25.5166
1466.00,25.5620
1466.50,25.6007
1467.00,25.6144
1467.50,25.6071
1468.00,25.6000
1468.50,25.6078
1469.00,25.6240
1469.50,25.6308
1470.00,25.6156
1470.50,25.5759
1471.00,25.5154
1471.50,25.4417
1472.00,25.3710
1472.50,25.3257
1473.00,25.3226
1473.50,25.3618
1474.00,25.4261
1474.50,25.4908
1475.00,25.5352
1475.50,25.5527
1476.00,25.5512
1476.50,25.5460
1477.00,25.5477
1477.50,25.5581
1478.00,25.5755
1478.50,25.5990
1479.00,25.6267
1479.50,25.6547
1480.00,25.6824
1480.50,25.7139
1481.00,25.7477
1481.50,25.7667
1482.00,25.7450
1482.50,25.6698
1483.00,25.5562
1483.50,25.4385
1484.00,25.3463
1484.50,25.2869
1485.00,25.2467
1485.50,25.2074
1486.00,25.1621
1486.50,25.1223
1487.00,25.1095
1487.50,25.1404
1488.00,25.2163
1488.50,25.3231
1489.00,25.4401
1489.50,25.5503
1490.00,25.6424
1490.50,25.7064
1491.00,25.7288
1491.50,25.7006
1492.00,25.6330
1492.50,25.5599
1493.00,25.5188
1493.50,25.5232
1494.00,25.5570
1494.50,25.5922
1495.00,25.6083
1495.50,25.5945
1496.00,25.5415
1496.50,25.4440
1497.00,25.3140
1497.50,25.1860
1498.00,25.1009
1498.50,25.0818
1499.00,25.1223
1499.50,25.1946
1500.00,25.2643
1500.50,25.3023
1501.00,25.2943
1501.50,25.2477
1502.00,25.1904
1502.50,25.1564
1503.00,25.1646
1503.50,25.2091
1504.00,25.2667
1504.50,25.3144
1505.00,25.3391
1505.50,25.3373
1506.00,25.3100
1506.50,25.2634
1507.00,25.2117
1507.50,25.1742
1508.00,25.1643
1508.50,25.1798
1509.00,25.2054
1509.50,25.2233
1510.00,25.2240
1510.50,25.2100
1511.00,25.1944
1511.50,25.1952
1512.00,25.2256
1512.50,25.2853
1513.00,25.3553
1513.50,25.4054
1514.00,25.4118
1514.50,25.3735
1515.00,25.3145
1515.50,25.2706
1516.00,25.2674
1516.50,25.3069
1517.00,25.3685
1517.50,25.4257
1518.00,25.4604
1518.50,25.4661
1519.00,25.4414
1519.50,25.3869
1520.00,25.3056
1520.50,25.2034
1521.00,25.0898
1521.50,24.9820
1522.00,24.9068
1522.50,24.8891
1523.00,24.9348
1523.50,25.0217
1524.00,25.1075
1524.50,25.1521
1525.00,25.1425
1525.50,25.1043
1526.00,25.0859
1526.50,25.1230
1527.00,25.2114
1527.50,25.3102
1528.00,25.3697
1528.50,25.3622
1529.00,25.2952
1529.50,25.2041
1530.00,25.1315
1530.50,25.1050
1531.00,25.1244
1531.50,25.1656
1532.00,25.1980
1532.50,25.2040
1533.00,25.1870
1533.50,25.1634
1534.00,25.1465
1534.50,25.1368
1535.00,25.1273
1535.50,25.1161
1536.00,25.1135
1536.50,25.1326
1537.00,25.1728
1537.50,25.2148
1538.00,25.2368
1538.50,25.2359
1539.00,25.2287
1539.50,25.2322
1540.00,25.2459
1540.50,25.2580
1541.00,25.2651
1541.50,25.2837
1542.00,25.3385
1542.50,25.4401
1543.00,25.5737
1543.50,25.7073
1544.00,25.8101
1544.50,25.8641
1545.00,25.8649
1545.50,25.8169
1546.00,25.7300
1546.50,25.6180
1547.00,25.4961
1547.50,25.3783
1548.00,25.2740
1548.50,25.1892
1549.00,25.1312
1549.50,25.1125
1550.00,25.1486
1550.50,25.2457
1551.00,25.3904
1551.50,25.5543
1552.00,25.7094
1552.50,25.8386
1553.00,25.9325
1553.50,25.9823
1554.00,25.9816
1554.50,25.9323
1555.00,25.8474
1555.50,25.7464
1556.00,25.6495
1556.50,25.5728
1557.00,25.5257
1557.50,25.5119
1558.00,25.5298
1558.50,25.5712
1559.00,25.6197
1559.50,25.6569
1560.00,25.6717
1560.50,25.6653
1561.00,25.6474
1561.50,25.6270
1562.00,25.6052
1562.50,25.5762
1563.00,25.5344
1563.50,25.4838
1564.00,25.4392
1564.50,25.4196
1565.00,25.4353
1565.50,25.4799
1566.00,25.5350
1566.50,25.5843
1567.00,25.6231
1567.50,25.6525
1568.00,25.6677
1568.50,25.6588
1569.00,25.6244
1569.50,25.5823
1570.00,25.5619
1570.50,25.5817
1571.00,25.6310
1571.50,25.6714
1572.00,25.6634
1572.50,25.5973
1573.00,25.5022
1573.50,25.4249
1574.00,25.3990
1574.50,25.4291
1575.00,25.4957
1575.50,25.5658
1576.00,25.6033
1576.50,25.5809
1577.00,25.4904
1577.50,25.3474
1578.00,25.1861
1578.50,25.0464
1579.00,24.9615
1579.50,24.9479
1580.00,25.0029
1580.50,25.1085
1581.00,25.2364
1581.50,25.3536
1582.00,25.4291
1582.50,25.4400
1583.00,25.3788
1583.50,25.2587
1584.00,25.1098
1584.50,24.9667
1585.00,24.8553
1585.50,24.7910
1586.00,24.7823
1586.50,24.8314
1587.00,24.9286
1587.50,25.0497
1588.00,25.1649
1588.50,25.2548
1589.00,25.3200
1589.50,25.3763
1590.00,25.4362
1590.50,25.4944
1591.00,25.5278
1591.50,25.5122
1592.00,25.4393
1592.50,25.3255
1593.00,25.2080
1593.50,25.1301
1594.00,25.1219
1594.50,25.1847
1595.00,25.2909
1595.50,25.4007
1596.00,25.4834
1596.50,25.5266
1597.00,25.5319
1597.50,25.5041
1598.00,25.4469
1598.50,25.3630
1599.00,25.2575
1599.50,25.1382
1600.00,25.0151
1600.50,24.9005
1601.00,24.8096
1601.50,24.7540
1602.00,24.7330
1602.50,24.7322
1603.00,24.7354
1603.50,24.7376
1604.00,24.7471
1604.50,24.7779
1605.00,24.8422
1605.50,24.9446
1606.00,25.0760
1606.50,25.2098
1607.00,25.3067
1607.50,25.3306
1608.00,25.2666
1608.50,25.1318
1609.00,24.9697
1609.50,24.8291
1610.00,24.7420
1610.50,24.7146
1611.00,24.7350
1611.50,24.7888
1612.00,24.8685
1612.50,24.9748
1613.00,25.1102
1613.50,25.2681
1614.00,25.4252
1614.50,25.5455
1615.00,25.5986
1615.50,25.5795
1616.00,25.5133
1616.50,25.4402
1617.00,25.3890
1617.50,25.3614
1618.00,25.3361
1618.50,25.2895
1619.00,25.2142
1619.50,25.1235
1620.00,25.0440
1620.50,25.0019
1621.00,25.0078
1621.50,25.0477
1622.00,25.0893
1622.50,25.1027
1623.00,25.0794
1623.50,25.0356
1624.00,24.9945
1624.50,24.9669
1625.00,24.9451
1625.50,24.9150
1626.00,24.8730
1626.50,24.8310
1627.00,24.8058
1627.50,24.8047
1628.00,24.8227
1628.50,24.8517
1629.00,24.8879
1629.50,24.9282
1630.00,24.9611
1630.50,24.9649
1631.00,24.9209
1631.50,24.8324
1632.00,24.7309
1632.50,24.6601
1633.00,24.6502
1633.50,24.7014
1634.00,24.7886
1634.50,24.8804
1635.00,24.9536
1635.50,24.9953
1636.00,24.9998
1636.50,24.9688
1637.00,24.9136
1637.50,24.8511
1638.00,24.7957
1638.50,24.7548
1639.00,24.7303
1639.50,24.7199
1640.00,24.7173
1640.50,24.7165
1641.00,24.7189
1641.50,24.7332
1642.00,24.7660
1642.50,24.8153
1643.00,24.8761
1643.50,24.9505
1644.00,25.0463
1644.50,25.1620
1645.00,25.2751
1645.50,25.3532
1646.00,25.3768
1646.50,25.3504
1647.00,25.2895
1647.50,25.2051
1648.00,25.1034
1648.50,24.9992
1649.00,24.9199
1649.50,24.8954
1650.00,24.9419
1650.50,25.0541
1651.00,25.2057
1651.50,25.3571
1652.00,25.4687
1652.50,25.5172
1653.00,25.5042
1653.50,25.4494
1654.00,25.3754
1654.50,25.2978
1655.00,25.2260
1655.50,25.1681
1656.00,25.1297
1656.50,25.1110
1657.00,25.1052
1657.50,25.1019
1658.00,25.0892
1658.50,25.0567
1659.00,25.0008
1659.50,24.9300
1660.00,24.8601
1660.50,24.8022
1661.00,24.7538
1661.50,24.7047
1662.00,24.6580
1662.50,24.6392
1663.00,24.6768
1663.50,24.7726
1664.00,24.8960
1664.50,25.0149
1665.00,25.1255
1665.50,25.2441
1666.00,25.3700
1666.50,25.4656
1667.00,25.4795
1667.50,25.3894
1668.00,25.2219
1668.50,25.0337
1669.00,24.8793
1669.50,24.7910
1670.00,24.7778
1670.50,24.8293
1671.00,24.9192
1671.50,25.0126
1672.00,25.0814
1672.50,25.1174
1673.00,25.1293
1673.50,25.1273
1674.00,25.1127
1674.50,25.0822
1675.00,25.0403
1675.50,25.0026
1676.00,24.9890
1676.50,25.0108
1677.00,25.0627
1677.50,25.1241
1678.00,25.1709
1678.50,25.1902
1679.00,25.1860
1679.50,25.1697
1680.00,25.1478
1680.50,25.1203
1681.00,25.0914
1681.50,25.0780
1682.00,25.1018
1682.50,25.1689
1683.00,25.2560
1683.50,25.3194
1684.00,25.3252
1684.50,25.2730
1685.00,25.1938
1685.50,25.1249
1686.00,25.0873
1686.50,25.0825
1687.00,25.1006
1687.50,25.1249
1688.00,25.1340
1688.50,25.1076
1689.00,25.0405
1689.50,24.9499
1690.00,24.8680
1690.50,24.8226
1691.00,24.8229
1691.50,24.8584
1692.00,24.9111
1692.50,24.9689
1693.00,25.0315
1693.50,25.1059
1694.00,25.1949
1694.50,25.2876
1695.00,25.3597
1695.50,25.3860
1696.00,25.3554
1696.50,25.2791
1697.00,25.1831
1697.50,25.0936
1698.00,25.0247
1698.50,24.9768
1699.00,24.9423
1699.50,24.9126
1700.00,24.8829
1700.50,24.8557
1701.00,24.8430
1701.50,24.8626
1702.00,24.9263
1702.50,25.0236
1703.00,25.1177
1703.50,25.1670
1704.00,25.1576
1704.50,25.1151
1705.00,25.0809
1705.50,25.0766
1706.00,25.0883
1706.50,25.0822
1707.00,25.0343
1707.50,24.9513
1708.00,24.8664
1708.50,24.8156
1709.00,24.8124
1709.50,24.8452
1710.00,24.8945
1710.50,24.9507
1711.00,25.0112
1711.50,25.0694
1712.00,25.1127
1712.50,25.1325
1713.00,25.1298
1713.50,25.1094
1714.00,25.0714
1714.50,25.0181
1715.00,24.9672
1715.50,24.9526
1716.00,25.0022
1716.50,25.1150
1717.00,25.2602
1717.50,25.4003
1718.00,25.5134
1718.50,25.5962
1719.00,25.6531
1719.50,25.6908
1720.00,25.7238
1720.50,25.7745
1721.00,25.8577
1721.50,25.9622
1722.00,26.0524
1722.50,26.0924
1723.00,26.0709
1723.50,26.0090
1724.00,25.9449
1724.50,25.9115
1725.00,25.9193
1725.50,25.9562
1726.00,25.9999
1726.50,26.0343
1727.00,26.0571
1727.50,26.0751
1728.00,26.0957
1728.50,26.1227
1729.00,26.1573
1729.50,26.1986
1730.00,26.2380
1730.50,26.2556
1731.00,26.2283
1731.50,26.1503
1732.00,26.0460
1732.50,25.9592
1733.00,25.9245
1733.50,25.9440
1734.00,25.9878
1734.50,26.0166
1735.00,26.0067
1735.50,25.9623
1736.00,25.9089
1736.50,25.8767
1737.00,25.8845
1737.50,25.9308
1738.00,25.9967
1738.50,26.0554
1739.00,26.0877
1739.50,26.0908
1740.00,26.0744
1740.50,26.0487
1741.00,26.0161
1741.50,25.9750
1742.00,25.9294
1742.50,25.8923
1743.00,25.8772
1743.50,25.8839
1744.00,25.8952
1744.50,25.8892
1745.00,25.8561
1745.50,25.8040
1746.00,25.7522
1746.50,25.7206
1747.00,25.7229
1747.50,25.7607
1748.00,25.8220
1748.50,25.8864
1749.00,25.9365
1749.50,25.9638
1750.00,25.9660
1750.50,25.9402
1751.00,25.8860
1751.50,25.8140
1752.00,25.7478
1752.50,25.7128
1753.00,25.7201
1753.50,25.7610
1754.00,25.8172
1754.50,25.8765
1755.00,25.9361
1755.50,25.9927
1756.00,26.0323
1756.50,26.0384
1757.00,26.0117
1757.50,25.9762
1758.00,25.9593
1758.50,25.9645
1759.00,25.9679
1759.50,25.9412
1760.00,25.8782
1760.50,25.7998
1761.00,25.7377
1761.50,25.7134
1762.00,25.7285
1762.50,25.7695
1763.00,25.8202
1763.50,25.8692
1764.00,25.9111
1764.50,25.9447
1765.00,25.9738
1765.50,26.0040
1766.00,26.0374
1766.50,26.0711
1767.00,26.1039
1767.50,26.1404
1768.00,26.1856
1768.50,26.2347
1769.00,26.2718
1769.50,26.2797
1770.00,26.2518
1770.50,26.1981
1771.00,26.1414
1771.50,26.1056
1772.00,26.1020
1772.50,26.1234
1773.00,26.1515
1773.50,26.1695
1774.00,26.1708
1774.50,26.1560
1775.00,26.1274
1775.50,26.0903
1776.00,26.0559
1776.50,26.0371
1777.00,26.0389
1777.50,26.0543
1778.00,26.0719
1778.50,26.0869
1779.00,26.1031
1779.50,26.1239
1780.00,26.1457
1780.50,26.1591
1781.00,26.1569
1781.50,26.1373
1782.00,26.1004
1782.50,26.0465
1783.00,25.9834
1783.50,25.9284
1784.00,25.9004
1784.50,25.9054
1785.00,25.9349
1785.50,25.9734
1786.00,26.0089
1786.50,26.0370
1787.00,26.0609
1787.50,26.0863
1788.00,26.1128
1788.50,26.1295
1789.00,26.1219
1789.50,26.0861
1790.00,26.0361
1790.50,25.9948
1791.00,25.9782
1791.50,25.9854
1792.00,26.0039
1792.50,26.0223
1793.00,26.0389
1793.50,26.0601
1794.00,26.0917
1794.50,26.1329
1795.00,26.1740
1795.50,26.2010
1796.00,26.2069
1796.50,26.1970
1797.00,26.1843
1797.50,26.1769
1798.00,26.1704
1798.50,26.1540
1799.00,26.1249
1799.50,26.0963
1800.00,26.0913
1800.50,26.1286
1801.00,26.2112
1801.50,26.3245
1802.00,26.4402
1802.50,26.5275
1803.00,26.5677
1803.50,26.5597
1804.00,26.5110
1804.50,26.4252
1805.00,26.3040
1805.50,26.1599
1806.00,26.0200
1806.50,25.9142
1807.00,25.8537
1807.50,25.8234
1808.00,25.7933
1808.50,25.7423
1809.00,25.6729
1809.50,25.6083
1810.00,25.5766
1810.50,25.5952
1811.00,25.6609
1811.50,25.7477
1812.00,25.8152
1812.50,25.8316
1813.00,25.7952
1813.50,25.7354
1814.00,25.6866
1814.50,25.6580
1815.00,25.6280
1815.50,25.5706
1816.00,25.4855
1816.50,25.4017
1817.00,25.3504
1817.50,25.3364
1818.00,25.3375
1818.50,25.3264
1819.00,25.2958
1819.50,25.2647
1820.00,25.2649
1820.50,25.3172
1821.00,25.4149
1821.50,25.5246
1822.00,25.6068
1822.50,25.6375
1823.00,25.6175
1823.50,25.5667
1824.00,25.5120
1824.50,25.4766
1825.00,25.4717
1825.50,25.4958
1826.00,25.5394
1826.50,25.5922
1827.00,25.6456
1827.50,25.6908
1828.00,25.7189
1828.50,25.7240
1829.00,25.7053
1829.50,25.6640
1830.00,25.6005
1830.50,25.5148
1831.00,25.4143
1831.50,25.3180
1832.00,25.2523
1832.50,25.2374
1833.00,25.2751
1833.50,25.3467
1834.00,25.4210
1834.50,25.4669
1835.00,25.4692
1835.50,25.4391
1836.00,25.4064
1836.50,25.3987
1837.00,25.4254
1837.50,25.4790
1838.00,25.5474
1838.50,25.6226
1839.00,25.7025
1839.50,25.7870
1840.00,25.8713
1840.50,25.9414
1841.00,25.9791
1841.50,25.9750
1842.00,25.9393
1842.50,25.8964
1843.00,25.8658
1843.50,25.8475
1844.00,25.8287
1844.50,25.8021
1845.00,25.7769
1845.50,25.7691
1846.00,25.7837
1846.50,25.8091
1847.00,25.8257
1847.50,25.8202
1848.00,25.7902
1848.50,25.7381
1849.00,25.6663
1849.50,25.5812
1850.00,25.5003
1850.50,25.4490
1851.00,25.4442
1851.50,25.4776
1852.00,25.5173
1852.50,25.5291
1853.00,25.5004
1853.50,25.4427
1854.00,25.3769
1854.50,25.3202
1855.00,25.2841
1855.50,25.2756
1856.00,25.2921
1856.50,25.3188
1857.00,25.3365
1857.50,25.3346
1858.00,25.3148
1858.50,25.2835
1859.00,25.2437
1859.50,25.1969
1860.00,25.1486
1860.50,25.1127
1861.00,25.1075
1861.50,25.1466
1862.00,25.2295
1862.50,25.3369
1863.00,25.4387
1863.50,25.5085
1864.00,25.5369
1864.50,25.5322
1865.00,25.5109
1865.50,25.4827
1866.00,25.4437
1866.50,25.3814
1867.00,25.2902
1867.50,25.1834
1868.00,25.0895
1868.50,25.0342
1869.00,25.0240
1869.50,25.0460
1870.00,25.0845
1870.50,25.1364
1871.00,25.2113
1871.50,25.3149
1872.00,25.4319
1872.50,25.5260
1873.00,25.5611
1873.50,25.5243
1874.00,25.4335
1874.50,25.3249
1875.00,25.2286
1875.50,25.1522
1876.00,25.0815
1876.50,25.0006
1877.00,24.9120
1877.50,24.8374
1878.00,24.8015
1878.50,24.8157
1879.00,24.8758
1879.50,24.9682
1880.00,25.0729
1880.50,25.1659
1881.00,25.2277
1881.50,25.2528
1882.00,25.2500
1882.50,25.2303
1883.00,25.1979
1883.50,25.1565
1884.00,25.1208
1884.50,25.1132
1885.00,25.1423
1885.50,25.1888
1886.00,25.2181
1886.50,25.2103
1887.00,25.1785
1887.50,25.1588
1888.00,25.1847
1888.50,25.2644
1889.00,25.3768
1889.50,25.4862
1890.00,25.5636
1890.50,25.5998
1891.00,25.6000
1891.50,25.5706
1892.00,25.5108
1892.50,25.4181
1893.00,25.3003
1893.50,25.1810
1894.00,25.0945
1894.50,25.0726
1895.00,25.1283
1895.50,25.2467
1896.00,25.3915
1896.50,25.5224
1897.00,25.6103
1897.50,25.6422
1898.00,25.6220
1898.50,25.5696
1899.00,25.5158
1899.50,25.4844
1900.00,25.4720
1900.50,25.4463
1901.00,25.3721
1901.50,25.2465
1902.00,25.1077
1902.50,25.0083
1903.00,24.9771
1903.50,25.0055
1904.00,25.0652
1904.50,25.1314
1905.00,25.1906
1905.50,25.2329
1906.00,25.2495
1906.50,25.2366
1907.00,25.1998
1907.50,25.1493
1908.00,25.0937
1908.50,25.0382
1909.00,24.9890
1909.50,24.9553
1910.00,24.9461
1910.50,24.9632
1911.00,24.9959
1911.50,25.0249
1912.00,25.0334
1912.50,25.0193
1913.00,24.9969
1913.50,24.9862
1914.00,24.9990
1914.50,25.0337
1915.00,25.0808
1915.50,25.1305
1916.00,25.1731
1916.50,25.2004
1917.00,25.2115
1917.50,25.2173
1918.00,25.2307
1918.50,25.2498
1919.00,25.2551
1919.50,25.2291
1920.00,25.1771
1920.50,25.1255
1921.00,25.1024
1921.50,25.1199
1922.00,25.1697
1922.50,25.2284
1923.00,25.2710
1923.50,25.2874
1924.00,25.2911
1924.50,25.3103
1925.00,25.3667
1925.50,25.4619
1926.00,25.5798
1926.50,25.6968
1927.00,25.7916
1927.50,25.8501
1928.00,25.8711
1928.50,25.8684
1929.00,25.8652
1929.50,25.8770
1930.00,25.8936
1930.50,25.8810
1931.00,25.8074
1931.50,25.6731
1932.00,25.5175
1932.50,25.3944
1933.00,25.3385
1933.50,25.3500
1934.00,25.4031
1934.50,25.4659
1935.00,25.5137
1935.50,25.5349
1936.00,25.5311
1936.50,25.5143
1937.00,25.4981
1937.50,25.4862
1938.00,25.4692
1938.50,25.4316
1939.00,25.3680
1939.50,25.2918
1940.00,25.2295
1940.50,25.2007
1941.00,25.2013
1941.50,25.2053
1942.00,25.1847
1942.50,25.1295
1943.00,25.0531
1943.50,24.9794
1944.00,24.9277
1944.50,24.9057
1945.00,24.9120
1945.50,24.9396
1946.00,24.9777
1946.50,25.0134
1947.00,25.0376
1947.50,25.0530
1948.00,25.0763
1948.50,25.1325
1949.00,25.2379
1949.50,25.3851
1950.00,25.5417
1950.50,25.6684
1951.00,25.7415
1951.50,25.7637
1952.00,25.7581
1952.50,25.7548
1953.00,25.7795
1953.50,25.8448
1954.00,25.9467
1954.50,26.0668
1955.00,26.1807
1955.50,26.2668
1956.00,26.3116
1956.50,26.3123
1957.00,26.2797
1957.50,26.2362
1958.00,26.2055
1958.50,26.1978
1959.00,26.2038
1959.50,26.2040
1960.00,26.1865
1960.50,26.1560
1961.00,26.1298
1961.50,26.1258
1962.00,26.1512
1962.50,26.2004
1963.00,26.2595
1963.50,26.3131
1964.00,26.3497
1964.50,26.3641
1965.00,26.3577
1965.50,26.3404
1966.00,26.3272
1966.50,26.3281
1967.00,26.3366
1967.50,26.3312
1968.00,26.2927
1968.50,26.2261
1969.00,26.1610
1969.50,26.1277
1970.00,26.1298
1970.50,26.1425
1971.00,26.1353
1971.50,26.0993
1972.00,26.0546
1972.50,26.0372
1973.00,26.0769
1973.50,26.1784
1974.00,26.3161
1974.50,26.4457
1975.00,26.5266
1975.50,26.5416
1976.00,26.5009
1976.50,26.4328
1977.00,26.3679
1977.50,26.3267
1978.00,26.3136
1978.50,26.3177
1979.00,26.3223
1979.50,26.3130
1980.00,26.2822
1980.50,26.2284
1981.00,26.1571
1981.50,26.0814
1982.00,26.0203
1982.50,25.9912
1983.00,26.0008
1983.50,26.0407
1984.00,26.0908
1984.50,26.1318
1985.00,26.1572
1985.50,26.1741
1986.00,26.1920
1986.50,26.2120
1987.00,26.2250
1987.50,26.2217
1988.00,26.2038
1988.50,26.1849
1989.00,26.1817
1989.50,26.2001
1990.00,26.2293
1990.50,26.2498
1991.00,26.2503
1991.50,26.2368
1992.00,26.2257
1992.50,26.2273
1993.00,26.2360
1993.50,26.2374
1994.00,26.2244
1994.50,26.2054
1995.00,26.1965
1995.50,26.2051
1996.00,26.2219
1996.50,26.2282
1997.00,26.2120
1997.50,26.1741
1998.00,26.1243
1998.50,26.0742
1999.00,26.0357
1999.50,26.0199
2000.00,26.0346
2000.50,26.0801
2001.00,26.1506
2001.50,26.2359
2002.00,26.3242
2002.50,26.4021
2003.00,26.4581
2003.50,26.4848
2004.00,26.4798
2004.50,26.4443
2005.00,26.3818
2005.50,26.2998
2006.00,26.2115
2006.50,26.1330
2007.00,26.0755
2007.50,26.0384
2008.00,26.0111
2008.50,25.9828
2009.00,25.9515
2009.50,25.9245
2010.00,25.9103
2010.50,25.9082
2011.00,25.9070
2011.50,25.8926
2012.00,25.8585
2012.50,25.8108
2013.00,25.7670
2013.50,25.7506
2014.00,25.7805
2014.50,25.8569
2015.00,25.9516
2015.50,26.0173
2016.00,26.0135
2016.50,25.9340
2017.00,25.8124
2017.50,25.7012
2018.00,25.6418
2018.50,25.6456
2019.00,25.6955
2019.50,25.7571
2020.00,25.7949
2020.50,25.7888
2021.00,25.7447
2021.50,25.6865
2022.00,25.6349
2022.50,25.5926
2023.00,25.5533
2023.50,25.5216
2024.00,25.5156
2024.50,25.5497
2025.00,25.6160
2025.50,25.6857
2026.00,25.7278
2026.50,25.7261
2027.00,25.6831
2027.50,25.6132
2028.00,25.5369
2028.50,25.4783
2029.00,25.4589
2029.50,25.4848
2030.00,25.5346
2030.50,25.5651
2031.00,25.5383
2031.50,25.4508
2032.00,25.3339
2032.50,25.2281
2033.00,25.1566
2033.50,25.1248
2034.00,25.1333
2034.50,25.1841
2035.00,25.2739
2035.50,25.3883
2036.00,25.5060
2036.50,25.6071
2037.00,25.6774
2037.50,25.7083
2038.00,25.6969
2038.50,25.6465
2039.00,25.5676
2039.50,25.4774
2040.00,25.3970
2040.50,25.3433
2041.00,25.3203
2041.50,25.3174
2042.00,25.3170
2042.50,25.3068
2043.00,25.2870
2043.50,25.2691
2044.00,25.2677
2044.50,25.2921
2045.00,25.3395
2045.50,25.3954
2046.00,25.4416
2046.50,25.4687
2047.00,25.4810
2047.50,25.4889
2048.00,25.4967
2048.50,25.4962
2049.00,25.4734
2049.50,25.4184
2050.00,25.3347
2050.50,25.2424
2051.00,25.1761
2051.50,25.1687
2052.00,25.2285
2052.50,25.3268
2053.00,25.4140
2053.50,25.4512
2054.00,25.4304
2054.50,25.3689
2055.00,25.2930
2055.50,25.2260
2056.00,25.1832
2056.50,25.1706
2057.00,25.1825
2057.50,25.2030
2058.00,25.2132
2058.50,25.2049
2059.00,25.1871
2059.50,25.1750
2060.00,25.1726
2060.50,25.1672
2061.00,25.1434
2061.50,25.0993
2062.00,25.0497
2062.50,25.0157
2063.00,25.0157
2063.50,25.0585
2064.00,25.1383
2064.50,25.2328
2065.00,25.3108
2065.50,25.3470
2066.00,25.3339
2066.50,25.2844
2067.00,25.2285
2067.50,25.2016
2068.00,25.2255
2068.50,25.2916
2069.00,25.3649
2069.50,25.4110
2070.00,25.4230
2070.50,25.4214
2071.00,25.4311
2071.50,25.4595
2072.00,25.4941
2072.50,25.5149
2073.00,25.5070
2073.50,25.4686
2074.00,25.4114
2074.50,25.3548
2075.00,25.3161
2075.50,25.3043
2076.00,25.3215
2076.50,25.3668
2077.00,25.4364
2077.50,25.5189
2078.00,25.5946
2078.50,25.6417
2079.00,25.6457
2079.50,25.6064
2080.00,25.5386
2080.50,25.4685
2081.00,25.4286
2081.50,25.4470
2082.00,25.5356
2082.50,25.6792
2083.00,25.8333
2083.50,25.9369
2084.00,25.9425
2084.50,25.8465
2085.00,25.6946
2085.50,25.5506
2086.00,25.4544
2086.50,25.4037
2087.00,25.3725
2087.50,25.3433
2088.00,25.3221
2088.50,25.3272
2089.00,25.3657
2089.50,25.4213
2090.00,25.4626
2090.50,25.4672
2091.00,25.4395
2091.50,25.4088
2092.00,25.4086
2092.50,25.4571
2093.00,25.5485
2093.50,25.6565
2094.00,25.7427
2094.50,25.7674
2095.00,25.7052
2095.50,25.5594
2096.00,25.3622
2096.50,25.1585
2097.00,24.9861
2097.50,24.8649
2098.00,24.7956
2098.50,24.7640
2099.00,24.7487
2099.50,24.7343
2100.00,24.7201
2100.50,24.7196
2101.00,24.7481
2101.50,24.8096
2102.00,24.8916
2102.50,24.9711
2103.00,25.0289
2103.50,25.0630
2104.00,25.0900
2104.50,25.1333
2105.00,25.2032
2105.50,25.2861
2106.00,25.3516
2106.50,25.3730
2107.00,25.3449
2107.50,25.2835
2108.00,25.2097
2108.50,25.1345
2109.00,25.0566
2109.50,24.9755
2110.00,24.9034
2110.50,24.8636
2111.00,24.8756
2111.50,24.9397
2112.00,25.0338
2112.50,25.1277
2113.00,25.2057
2113.50,25.2787
2114.00,25.3718
2114.50,25.4976
2115.00,25.6430
2115.50,25.7817
2116.00,25.8972
2116.50,25.9911
2117.00,26.0725
2117.50,26.1411
2118.00,26.1812
2118.50,26.1678
2119.00,26.0816
2119.50,25.9231
2120.00,25.7188
2120.50,25.5127
2121.00,25.3496
2121.50,25.2599
2122.00,25.2531
2122.50,25.3183
2123.00,25.4264
2123.50,25.5364
2124.00,25.6080
2124.50,25.6168
2125.00,25.5620
2125.50,25.4623
2126.00,25.3463
2126.50,25.2439
2127.00,25.1796
2127.50,25.1652
2128.00,25.1922
2128.50,25.2329
2129.00,25.2547
2129.50,25.2422
2130.00,25.2116
2130.50,25.2017
2131.00,25.2468
2131.50,25.3518
2132.00,25.4884
2132.50,25.6141
2133.00,25.6965
2133.50,25.7281
2134.00,25.7256
2134.50,25.7183
2135.00,25.7317
2135.50,25.7710
2136.00,25.8184
2136.50,25.8472
2137.00,25.8438
2137.50,25.8160
2138.00,25.7818
2138.50,25.7533
2139.00,25.7289
2139.50,25.6967
2140.00,25.6453
2140.50,25.5761
2141.00,25.5072
2141.50,25.4633
2142.00,25.4563
2142.50,25.4752
2143.00,25.4945
2143.50,25.4944
2144.00,25.4753
2144.50,25.4562
2145.00,25.4577
2145.50,25.4832
2146.00,25.5129
2146.50,25.5186
2147.00,25.4877
2147.50,25.4346
2148.00,25.3884
2148.50,25.3679
2149.00,25.3677
2149.50,25.3668
2150.00,25.3480
2150.50,25.3118
2151.00,25.2737
2151.50,25.2542
2152.00,25.2688
2152.50,25.3220
2153.00,25.4031
2153.50,25.4865
2154.00,25.5411
2154.50,25.5474
2155.00,25.5098
2155.50,25.4551
2156.00,25.4172
2156.50,25.4214
2157.00,25.4735
2157.50,25.5594
2158.00,25.6542
2158.50,25.7352
2159.00,25.7925
2159.50,25.8298
2160.00,25.8551
2160.50,25.8705
2161.00,25.8739
2161.50,25.8705
2162.00,25.8812
2162.50,25.9321
2163.00,26.0325
2163.50,26.1635
2164.00,26.2874
2164.50,26.3679
2165.00,26.3861
2165.50,26.3479
2166.00,26.2794
2166.50,26.2106
2167.00,26.1576
2167.50,26.1226
2168.00,26.1056
2168.50,26.1068
2169.00,26.1143
2169.50,26.0969
2170.00,26.0210
2170.50,25.8796
2171.00,25.7038
2171.50,25.5486
2172.00,25.4645
2172.50,25.4722
2173.00,25.5525
2173.50,25.6580
2174.00,25.7434
2174.50,25.7946
2175.00,25.8327
2175.50,25.8911
2176.00,25.9845
2176.50,26.0963
2177.00,26.1908
2177.50,26.2387
2178.00,26.2339
2178.50,26.1933
2179.00,26.1426
2179.50,26.1042
2180.00,26.0899
2180.50,26.1002
2181.00,26.1275
2181.50,26.1609
2182.00,26.1932
2182.50,26.2222
2183.00,26.2463
2183.50,26.2581
2184.00,26.2464
2184.50,26.2073
2185.00,26.1499
2185.50,26.0904
2186.00,26.0391
2186.50,25.9942
2187.00,25.9456
2187.50,25.8871
2188.00,25.8228
2188.50,25.7669
2189.00,25.7360
2189.50,25.7420
2190.00,25.7877
2190.50,25.8652
2191.00,25.9547
2191.50,26.0301
2192.00,26.0709
2192.50,26.0728
2193.00,26.0465
2193.50,26.0050
2194.00,25.9545
2194.50,25.8944
2195.00,25.8242
2195.50,25.7495
2196.00,25.6852
2196.50,25.6531
2197.00,25.6735
2197.50,25.7511
2198.00,25.8652
2198.50,25.9789
2199.00,26.0603
2199.50,26.0988
2200.00,26.1029
2200.50,26.0845
2201.00,26.0514
2201.50,26.0102
2202.00,25.9708
2202.50,25.9404
2203.00,25.9148
2203.50,25.8793
2204.00,25.8243
2204.50,25.7584
2205.00,25.7047
2205.50,25.6821
2206.00,25.6905
2206.50,25.7122
2207.00,25.7279
2207.50,25.7306
2208.00,25.7272
2208.50,25.7296
2209.00,25.7451
2209.50,25.7725
2210.00,25.8027
2210.50,25.8222
2211.00,25.8173
2211.50,25.7813
2212.00,25.7210
2212.50,25.6572
2213.00,25.6160
2213.50,25.6107
2214.00,25.6311
2214.50,25.6507
2215.00,25.6491
2215.50,25.6293
2216.00,25.6135
2216.50,25.6226
2217.00,25.6586
2217.50,25.7025
2218.00,25.7278
2218.50,25.7187
2219.00,25.6806
2219.50,25.6346
2220.00,25.5993
2220.50,25.5776
2221.00,25.5616
2221.50,25.5523
2222.00,25.5705
2222.50,25.6447
2223.00,25.7843
2223.50,25.9616
2224.00,26.1204
2224.50,26.2060
2225.00,26.1970
2225.50,26.1145
2226.00,26.0038
2226.50,25.9076
2227.00,25.8493
2227.50,25.8322
2228.00,25.8455
2228.50,25.8748
2229.00,25.9125
2229.50,25.9624
2230.00,26.0343
2230.50,26.1291
2231.00,26.2320
2231.50,26.3190
2232.00,26.3724
2232.50,26.3913
2233.00,26.3872
2233.50,26.3731
2234.00,26.3521
2234.50,26.3181
2235.00,26.2644
2235.50,26.1944
2236.00,26.1246
2236.50,26.0768
2237.00,26.0624
2237.50,26.0722
2238.00,26.0828
2238.50,26.0749
2239.00,26.0472
2239.50,26.0123
2240.00,25.9789
2240.50,25.9398
2241.00,25.8792
2241.50,25.7920
2242.00,25.6958
2242.50,25.6235
2243.00,25.6000
2243.50,25.6199
2244.00,25.6500
2244.50,25.6524
2245.00,25.6129
2245.50,25.5452
2246.00,25.4739
2246.50,25.4165
2247.00,25.3800
2247.50,25.3690
2248.00,25.3909
2248.50,25.4496
2249.00,25.5378
2249.50,25.6377
2250.00,25.7321
2250.50,25.8156
2251.00,25.8937
2251.50,25.9717
2252.00,26.0419
2252.50,26.0866
2253.00,26.0941
2253.50,26.0706
2254.00,26.0366
2254.50,26.0119
2255.00,26.0068
2255.50,26.0203
2256.00,26.0412
2256.50,26.0497
2257.00,26.0251
2257.50,25.9566
2258.00,25.8481
2258.50,25.7146
2259.00,25.5758
2259.50,25.4559
2260.00,25.3832
2260.50,25.3793
2261.00,25.4429
2261.50,25.5448
2262.00,25.6428
2262.50,25.7066
2263.00,25.7301
2263.50,25.7272
2264.00,25.7153
2264.50,25.7035
2265.00,25.6899
2265.50,25.6689
2266.00,25.6386
2266.50,25.6027
2267.00,25.5672
2267.50,25.5377
2268.00,25.5194
2268.50,25.5177
2269.00,25.5360
2269.50,25.5728
2270.00,25.6204
2270.50,25.6649
2271.00,25.6914
2271.50,25.6928
2272.00,25.6757
2272.50,25.6554
2273.00,25.6435
2273.50,25.6413
2274.00,25.6438
2274.50,25.6487
2275.00,25.6611
2275.50,25.6870
2276.00,25.7244
2276.50,25.7594
2277.00,25.7756
2277.50,25.7671
2278.00,25.7428
2278.50,25.7188
2279.00,25.7091
2279.50,25.7185
2280.00,25.7417
2280.50,25.7656
2281.00,25.7774
2281.50,25.7741
2282.00,25.7626
2282.50,25.7485
2283.00,25.7282
2283.50,25.6951
2284.00,25.6528
2284.50,25.6182
2285.00,25.6084
2285.50,25.6274
2286.00,25.6645
2286.50,25.7057
2287.00,25.7441
2287.50,25.7771
2288.00,25.7981
2288.50,25.7948
2289.00,25.7586
2289.50,25.6964
2290.00,25.6299
2290.50,25.5855
2291.00,25.5816
2291.50,25.6216
2292.00,25.6959
2292.50,25.7859
2293.00,25.8695
2293.50,25.9266
2294.00,25.9467
2294.50,25.9324
2295.00,25.8975
2295.50,25.8613
2296.00,25.8429
2296.50,25.8532
2297.00,25.8872
2297.50,25.9255
2298.00,25.9471
2298.50,25.9465
2299.00,25.9383
2299.50,25.9456
2300.00,25.9803
2300.50,26.0304
2301.00,26.0669
2301.50,26.0663
2302.00,26.0294
2302.50,25.9807
2303.00,25.9474
2303.50,25.9381
2304.00,25.9401
2304.50,25.9338
2305.00,25.9094
2305.50,25.8716
2306.00,25.8320
2306.50,25.8002
2307.00,25.7790
2307.50,25.7657
2308.00,25.7565
2308.50,25.7489
2309.00,25.7409
2309.50,25.7337
2310.00,25.7381
2310.50,25.7748
2311.00,25.8560
2311.50,25.9638
2312.00,26.0531
2312.50,26.0834
2313.00,26.0493
2313.50,25.9792
2314.00,25.9078
2314.50,25.8528
2315.00,25.8118
2315.50,25.7740
2316.00,25.7330
2316.50,25.6948
2317.00,25.6795
2317.50,25.7091
2318.00,25.7895
2318.50,25.9027
2319.00,26.0217
2319.50,26.1331
2320.00,26.2409
2320.50,26.3474
2321.00,26.4359
2321.50,26.4789
2322.00,26.4639
2322.50,26.4072
2323.00,26.3423
2323.50,26.2953
2324.00,26.2701
2324.50,26.2523
2325.00,26.2254
2325.50,26.1844
2326.00,26.1345
2326.50,26.0809
2327.00,26.0257
2327.50,25.9759
2328.00,25.9497
2328.50,25.9665
2329.00,26.0315
2329.50,26.1305
2330.00,26.2377
2330.50,26.3258
2331.00,26.3749
2331.50,26.3784
2332.00,26.3437
2332.50,26.2853
2333.00,26.2162
2333.50,26.1443
2334.00,26.0692
2334.50,25.9821
2335.00,25.8716
2335.50,25.7356
2336.00,25.5893
2336.50,25.4587
2337.00,25.3673
2337.50,25.3252
2338.00,25.3262
2338.50,25.3539
2339.00,25.3935
2339.50,25.4408
2340.00,25.5000
2340.50,25.5722
2341.00,25.6469
2341.50,25.7067
2342.00,25.7377
2342.50,25.7361
2343.00,25.7082
2343.50,25.6698
2344.00,25.6433
2344.50,25.6474
2345.00,25.6847
2345.50,25.7390
2346.00,25.7890
2346.50,25.8226
2347.00,25.8395
2347.50,25.8415
2348.00,25.8283
2348.50,25.8041
2349.00,25.7800
2349.50,25.7649
2350.00,25.7557
2350.50,25.7406
2351.00,25.7130
2351.50,25.6806
2352.00,25.6580
2352.50,25.6544
2353.00,25.6669
2353.50,25.6837
2354.00,25.6897
2354.50,25.6714
2355.00,25.6222
2355.50,25.5463
2356.00,25.4601
2356.50,25.3881
2357.00,25.3552
2357.50,25.3763
2358.00,25.4481
2358.50,25.5496
2359.00,25.6543
2359.50,25.7425
2360.00,25.8065
2360.50,25.8482
2361.00,25.8732
2361.50,25.8867
2362.00,25.8885
2362.50,25.8701
2363.00,25.8157
2363.50,25.7125
2364.00,25.5631
2364.50,25.3901
2365.00,25.2287
2365.50,25.1129
2366.00,25.0629
2366.50,25.0784
2367.00,25.1415
2367.50,25.2261
2368.00,25.3066
2368.50,25.3617
2369.00,25.3757
2369.50,25.3447
2370.00,25.2812
2370.50,25.2105
2371.00,25.1572
2371.50,25.1319
2372.00,25.1286
2372.50,25.1335
2373.00,25.1377
2373.50,25.1445
2374.00,25.1641
2374.50,25.2021
2375.00,25.2500
2375.50,25.2899
2376.00,25.3067
2376.50,25.3005
2377.00,25.2912
2377.50,25.3112
2378.00,25.3854
2378.50,25.5096
2379.00,25.6477
2379.50,25.7551
2380.00,25.8085
2380.50,25.8157
2381.00,25.7970
2381.50,25.7617
2382.00,25.7038
2382.50,25.6159
2383.00,25.5041
2383.50,25.3870
2384.00,25.2850
2384.50,25.2123
2385.00,25.1746
2385.50,25.1691
2386.00,25.1858
2386.50,25.2152
2387.00,25.2593
2387.50,25.3328
2388.00,25.4452
2388.50,25.5810
2389.00,25.6998
2389.50,25.7614
2390.00,25.7543
2390.50,25.7022
2391.00,25.6480
2391.50,25.6295
2392.00,25.6619
2392.50,25.7328
2393.00,25.8086
2393.50,25.8488
2394.00,25.8260
2394.50,25.7420
2395.00,25.6285
2395.50,25.5263
2396.00,25.4572
2396.50,25.4142
2397.00,25.3780
2397.50,25.3398
2398.00,25.3063
2398.50,25.2872
2399.00,25.2816
2399.50,25.2812
2400.00,25.2849
2400.50,25.3099
2401.00,25.3838
2401.50,25.5188
2402.00,25.6901
2402.50,25.8411
2403.00,25.9167
2403.50,25.9002
2404.00,25.8259
2404.50,25.7545
2405.00,25.7324
2405.50,25.7643
2406.00,25.8210
2406.50,25.8678
2407.00,25.8872
2407.50,25.8846
2408.00,25.8818
2408.50,25.9056
2409.00,25.9733
2409.50,26.0817
2410.00,26.2073
2410.50,26.3202
2411.00,26.4032
2411.50,26.4611
2412.00,26.5138
2412.50,26.5739
2413.00,26.6327
2413.50,26.6665
2414.00,26.6573
2414.50,26.6065
2415.00,26.5309
2415.50,26.4500
2416.00,26.3763
2416.50,26.3125
2417.00,26.2549
2417.50,26.1974
2418.00,26.1352
2418.50,26.0666
2419.00,25.9931
2419.50,25.9167
2420.00,25.8371
2420.50,25.7513
2421.00,25.6547
2421.50,25.5454
2422.00,25.4301
2422.50,25.3267
2423.00,25.2563
2423.50,25.2292
2424.00,25.2382
2424.50,25.2682
2425.00,25.3078
2425.50,25.3497
2426.00,25.3847
2426.50,25.4039
2427.00,25.4072
2427.50,25.4043
2428.00,25.4067
2428.50,25.4232
2429.00,25.4603
2429.50,25.5203
2430.00,25.5960
2430.50,25.6706
2431.00,25.7303
2431.50,25.7745
2432.00,25.8114
2432.50,25.8446
2433.00,25.8641
2433.50,25.8506
2434.00,25.7896
2434.50,25.6829
2435.00,25.5522
2435.50,25.4340
2436.00,25.3662
2436.50,25.3699
2437.00,25.4352
2437.50,25.5242
2438.00,25.5937
2438.50,25.6209
2439.00,25.6129
2439.50,25.5957
2440.00,25.5936
2440.50,25.6173
2441.00,25.6651
2441.50,25.7305
2442.00,25.8097
2442.50,25.9016
2443.00,26.0020
2443.50,26.0958
2444.00,26.1572
2444.50,26.1629
2445.00,26.1091
2445.50,26.0154
2446.00,25.9119
2446.50,25.8202
2447.00,25.7464
2447.50,25.6899
2448.00,25.6545
2448.50,25.6500
2449.00,25.6823
2449.50,25.7417
2450.00,25.8007
2450.50,25.8274
2451.00,25.8042
2451.50,25.7385
2452.00,25.6573
2452.50,25.5890
2453.00,25.5470
2453.50,25.5265
2454.00,25.5118
2454.50,25.4880
2455.00,25.4511
2455.50,25.4099
2456.00,25.3771
2456.50,25.3567
2457.00,25.3438
2457.50,25.3361
2458.00,25.3440
2458.50,25.3813
2459.00,25.4515
2459.50,25.5438
2460.00,25.6440
2460.50,25.7454
2461.00,25.8490
2461.50,25.9549
2462.00,26.0548
2462.50,26.1322
2463.00,26.1764
2463.50,26.1945
2464.00,26.2085
2464.50,26.2354
2465.00,26.2702
2465.50,26.2905
2466.00,26.2762
2466.50,26.2264
2467.00,26.1586
2467.50,26.0930
2468.00,26.0396
2468.50,25.9989
2469.00,25.9750
2469.50,25.9825
2470.00,26.0360
2470.50,26.1307
2471.00,26.2343
2471.50,26.3009
2472.00,26.2995
2472.50,26.2325
2473.00,26.1332
2473.50,26.0428
2474.00,25.9884
2474.50,25.9762
2475.00,25.9986
2475.50,26.0424
2476.00,26.0910
2476.50,26.1276
2477.00,26.1434
2477.50,26.1448
2478.00,26.1500
2478.50,26.1759
2479.00,26.2272
2479.50,26.2949
2480.00,26.3648
2480.50,26.4286
2481.00,26.4866
2481.50,26.5442
2482.00,26.6029
2482.50,26.6577
2483.00,26.7008
2483.50,26.7312
2484.00,26.7584
2484.50,26.7989
2485.00,26.8664
2485.50,26.9638
2486.00,27.0816
2486.50,27.2047
2487.00,27.3239
2487.50,27.4391
2488.00,27.5496
2488.50,27.6430
2489.00,27.7004
2489.50,27.7149
2490.00,27.7022
2490.50,27.6903
2491.00,27.6989
2491.50,27.7322
2492.00,27.7858
2492.50,27.8544
2493.00,27.9287
2493.50,27.9885
2494.00,28.0086
2494.50,27.9791
2495.00,27.9214
2495.50,27.8804
2496.00,27.8945
2496.50,27.9683
2497.00,28.0722
2497.50,28.1666
2498.00,28.2296
2498.50,28.2643
2499.00,28.2854
2499.50,28.3005
2500.00,28.3062
2500.50,28.2993
2501.00,28.2854
2501.50,28.2742
2502.00,28.2673
2502.50,28.2548
2503.00,28.2230
2503.50,28.1677
2504.00,28.1039
2504.50,28.0609
2505.00,28.0629
2505.50,28.1079
2506.00,28.1679
2506.50,28.2125
2507.00,28.2329
2507.50,28.2421
2508.00,28.2587
2508.50,28.2916
2509.00,28.3378
2509.50,28.3867
2510.00,28.4259
2510.50,28.4472
2511.00,28.4493
2511.50,28.4369
2512.00,28.4157
2512.50,28.3919
2513.00,28.3709
2513.50,28.3555
2514.00,28.3432
2514.50,28.3271
2515.00,28.3036
2515.50,28.2776
2516.00,28.2611
2516.50,28.2661
2517.00,28.2961
2517.50,28.3435
2518.00,28.3929
2518.50,28.4286
2519.00,28.4414
2519.50,28.4310
2520.00,28.4035
2520.50,28.3680
2521.00,28.3360
2521.50,28.3206
2522.00,28.3307
2522.50,28.3628
2523.00,28.3980
2523.50,28.4111
2524.00,28.3854
2524.50,28.3205
2525.00,28.2288
2525.50,28.1249
2526.00,28.0184
2526.50,27.9145
2527.00,27.8182
2527.50,27.7369
2528.00,27.6791
2528.50,27.6484
2529.00,27.6379
2529.50,27.6314
2530.00,27.6122
2530.50,27.5733
2531.00,27.5182
2531.50,27.4578
2532.00,27.4075
2532.50,27.3829
2533.00,27.3890
2533.50,27.4124
2534.00,27.4274
2534.50,27.4158
2535.00,27.3793
2535.50,27.3346
2536.00,27.2981
2536.50,27.2768
2537.00,27.2712
2537.50,27.2820
2538.00,27.3116
2538.50,27.3578
2539.00,27.4079
2539.50,27.4436
2540.00,27.4566
2540.50,27.4575
2541.00,27.4665
2541.50,27.4896
2542.00,27.5083
2542.50,27.4926
2543.00,27.4261
2543.50,27.3209
2544.00,27.2122
2544.50,27.1411
2545.00,27.1362
2545.50,27.2010
2546.00,27.3120
2546.50,27.4284
2547.00,27.5125
2547.50,27.5493
2548.00,27.5514
2548.50,27.5437
2549.00,27.5412
2549.50,27.5428
2550.00,27.5415
2550.50,27.5366
2551.00,27.5311
2551.50,27.5206
2552.00,27.4925
2552.50,27.4400
2553.00,27.3734
2553.50,27.3150
2554.00,27.2839
2554.50,27.2870
2555.00,27.3182
2555.50,27.3613
2556.00,27.3974
2556.50,27.4151
2557.00,27.4200
2557.50,27.4302
2558.00,27.4614
2558.50,27.5146
2559.00,27.5775
2559.50,27.6317
2560.00,27.6627
2560.50,27.6667
2561.00,27.6547
2561.50,27.6499
2562.00,27.6769
2562.50,27.7494
2563.00,27.8636
2563.50,27.9980
2564.00,28.1202
2564.50,28.1971
2565.00,28.2096
2565.50,28.1631
2566.00,28.0857
2566.50,28.0127
2567.00,27.9662
2567.50,27.9449
2568.00,27.9308
2568.50,27.9072
2569.00,27.8731
2569.50,27.8446
2570.00,27.8438
2570.50,27.8834
2571.00,27.9576
2571.50,28.0448
2572.00,28.1197
2572.50,28.1640
2573.00,28.1702
2573.50,28.1398
2574.00,28.0810
2574.50,28.0090
2575.00,27.9464
2575.50,27.9166
2576.00,27.9290
2576.50,27.9709
2577.00,28.0152
2577.50,28.0399
2578.00,28.0405
2578.50,28.0251
2579.00,28.0026
2579.50,27.9795
2580.00,27.9663
2580.50,27.9795
2581.00,28.0301
2581.50,28.1102
2582.00,28.1937
2582.50,28.2538
2583.00,28.2797
2583.50,28.2792
2584.00,28.2674
2584.50,28.2547
2585.00,28.2417
2585.50,28.2228
2586.00,28.1943
2586.50,28.1613
2587.00,28.1389
2587.50,28.1409
2588.00,28.1659
2588.50,28.1952
2589.00,28.2069
2589.50,28.1941
2590.00,28.1723
2590.50,28.1669
2591.00,28.1920
2591.50,28.2394
2592.00,28.2831
2592.50,28.2937
2593.00,28.2523
2593.50,28.1585
2594.00,28.0331
2594.50,27.9137
2595.00,27.8397
2595.50,27.8337
2596.00,27.8899
2596.50,27.9771
2597.00,28.0566
2597.50,28.1035
2598.00,28.1176
2598.50,28.1157
2599.00,28.1143
2599.50,28.1149
2600.00,28.1049
2600.50,28.0701
2601.00,28.0037
2601.50,27.9082
2602.00,27.7944
2602.50,27.6848
2603.00,27.6104
2603.50,27.5941
2604.00,27.6287
2604.50,27.6762
2605.00,27.6962
2605.50,27.6789
2606.00,27.6511
2606.50,27.6493
2607.00,27.6894
2607.50,27.7584
2608.00,27.8300
2608.50,27.8822
2609.00,27.9053
2609.50,27.9014
2610.00,27.8839
2610.50,27.8707
2611.00,27.8705
2611.50,27.8740
2612.00,27.8592
2612.50,27.8092
2613.00,27.7270
2613.50,27.6355
2614.00,27.5660
2614.50,27.5430
2615.00,27.5751
2615.50,27.6515
2616.00,27.7481
2616.50,27.8392
2617.00,27.9074
2617.50,27.9448
2618.00,27.9477
2618.50,27.9147
2619.00,27.8494
2619.50,27.7628
2620.00,27.6702
2620.50,27.5849
2621.00,27.5129
2621.50,27.4551
2622.00,27.4114
2622.50,27.3819
2623.00,27.3644
2623.50,27.3538
2624.00,27.3484
2624.50,27.3554
2625.00,27.3846
2625.50,27.4358
2626.00,27.4933
2626.50,27.5376
2627.00,27.5639
2627.50,27.5854
2628.00,27.6184
2628.50,27.6671
2629.00,27.7216
2629.50,27.7673
2630.00,27.7928
2630.50,27.7943
2631.00,27.7768
2631.50,27.7513
2632.00,27.7285
2632.50,27.7144
2633.00,27.7105
2633.50,27.7192
2634.00,27.7447
2634.50,27.7891
2635.00,27.8464
2635.50,27.9037
2636.00,27.9479
2636.50,27.9724
2637.00,27.9775
2637.50,27.9681
2638.00,27.9533
2638.50,27.9444
2639.00,27.9511
2639.50,27.9764
2640.00,28.0180
2640.50,28.0713
2641.00,28.1287
2641.50,28.1753
2642.00,28.1890
2642.50,28.1525
2643.00,28.0681
2643.50,27.9626
2644.00,27.8744
2644.50,27.8302
2645.00,27.8263
2645.50,27.8308
2646.00,27.8061
2646.50,27.7356
2647.00,27.6350
2647.50,27.5380
2648.00,27.4704
2648.50,27.4326
2649.00,27.4054
2649.50,27.3696
2650.00,27.3240
2650.50,27.2862
2651.00,27.2800
2651.50,27.3177
2652.00,27.3925
2652.50,27.4831
2653.00,27.5664
2653.50,27.6293
2654.00,27.6724
2654.50,27.7085
2655.00,27.7544
2655.50,27.8217
2656.00,27.9101
2656.50,28.0085
2657.00,28.1007
2657.50,28.1714
2658.00,28.2102
2658.50,28.2138
2659.00,28.1870
2659.50,28.1399
2660.00,28.0825
2660.50,28.0248
2661.00,27.9790
2661.50,27.9582
2662.00,27.9700
2662.50,28.0103
2663.00,28.0637
2663.50,28.1097
2664.00,28.1307
2664.50,28.1177
2665.00,28.0720
2665.50,28.0037
2666.00,27.9296
2666.50,27.8716
2667.00,27.8518
2667.50,27.8839
2668.00,27.9638
2668.50,28.0673
2669.00,28.1606
2669.50,28.2150
2670.00,28.2199
2670.50,28.1866
2671.00,28.1402
2671.50,28.1043
2672.00,28.0884
2672.50,28.0871
2673.00,28.0897
2673.50,28.0858
2674.00,28.0650
2674.50,28.0161
2675.00,27.9336
2675.50,27.8239
2676.00,27.7039
2676.50,27.5937
2677.00,27.5088
2677.50,27.4602
2678.00,27.4559
2678.50,27.4995
2679.00,27.5850
2679.50,27.6947
2680.00,27.8036
2680.50,27.8870
2681.00,27.9296
2681.50,27.9337
2682.00,27.9196
2682.50,27.9127
2683.00,27.9231
2683.50,27.9363
2684.00,27.9266
2684.50,27.8802
2685.00,27.8075
2685.50,27.7355
2686.00,27.6933
2686.50,27.7008
2687.00,27.7618
2687.50,27.8597
2688.00,27.9606
2688.50,28.0284
2689.00,28.0440
2689.50,28.0119
2690.00,27.9524
2690.50,27.8893
2691.00,27.8460
2691.50,27.8426
2692.00,27.8885
2692.50,27.9740
2693.00,28.0717
2693.50,28.1485
2694.00,28.1799
2694.50,28.1614
2695.00,28.1109
2695.50,28.0600
2696.00,28.0362
2696.50,28.0478
2697.00,28.0836
2697.50,28.1237
2698.00,28.1522
2698.50,28.1612
2699.00,28.1490
2699.50,28.1198
2700.00,28.0813
2700.50,28.0395
2701.00,27.9930
2701.50,27.9344
2702.00,27.8582
2702.50,27.7700
2703.00,27.6882
2703.50,27.6355
2704.00,27.6242
2704.50,27.6482
2705.00,27.6909
2705.50,27.7411
2706.00,27.7960
2706.50,27.8519
2707.00,27.8937
2707.50,27.9006
2708.00,27.8621
2708.50,27.7879
2709.00,27.7045
2709.50,27.6423
2710.00,27.6222
2710.50,27.6463
2711.00,27.6959
2711.50,27.7438
2712.00,27.7733
2712.50,27.7913
2713.00,27.8197
2713.50,27.8734
2714.00,27.9455
2714.50,28.0127
2715.00,28.0539
2715.50,28.0638
2716.00,28.0528
2716.50,28.0355
2717.00,28.0177
2717.50,27.9946
2718.00,27.9608
2718.50,27.9202
2719.00,27.8837
2719.50,27.8560
2720.00,27.8296
2720.50,27.7923
2721.00,27.7405
2721.50,27.6837
2722.00,27.6378
2722.50,27.6176
2723.00,27.6307
2723.50,27.6734
2724.00,27.7297
2724.50,27.7791
2725.00,27.8101
2725.50,27.8276
2726.00,27.8468
2726.50,27.8782
2727.00,27.9183
2727.50,27.9543
2728.00,27.9762
2728.50,27.9840
2729.00,27.9837
2729.50,27.9792
2730.00,27.9681
2730.50,27.9447
2731.00,27.9048
2731.50,27.8486
2732.00,27.7802
2732.50,27.7075
2733.00,27.6417
2733.50,27.5930
2734.00,27.5647
2734.50,27.5542
2735.00,27.5587
2735.50,27.5808
2736.00,27.6248
2736.50,27.6889
2737.00,27.7597
2737.50,27.8151
2738.00,27.8336
2738.50,27.8063
2739.00,27.7420
2739.50,27.6627
2740.00,27.5913
2740.50,27.5424
2741.00,27.5182
2741.50,27.5111
2742.00,27.5114
2742.50,27.5135
2743.00,27.5169
2743.50,27.5186
2744.00,27.5044
2744.50,27.4509
2745.00,27.3388
2745.50,27.1719
2746.00,26.9848
2746.50,26.8299
2747.00,26.7500
2747.50,26.7558
2748.00,26.8243
2748.50,26.9151
2749.00,26.9883
2749.50,27.0162
2750.00,26.9896
2750.50,26.9209
2751.00,26.8425
2751.50,26.7912
2752.00,26.7896
2752.50,26.8345
2753.00,26.9029
2753.50,26.9684
2754.00,27.0161
2754.50,27.0466
2755.00,27.0674
2755.50,27.0801
2756.00,27.0739
2756.50,27.0321
2757.00,26.9486
2757.50,26.8413
2758.00,26.7487
2758.50,26.7110
2759.00,26.7470
2759.50,26.8436
2760.00,26.9633
2760.50,27.0642
2761.00,27.1180
2761.50,27.1194
2762.00,27.0859
2762.50,27.0484
2763.00,27.0369
2763.50,27.0664
2764.00,27.1305
2764.50,27.2029
2765.00,27.2462
2765.50,27.2255
2766.00,27.1247
2766.50,26.9566
2767.00,26.7610
2767.50,26.5917
2768.00,26.4975
2768.50,26.5010
2769.00,26.5836
2769.50,26.6939
2770.00,26.7812
2770.50,26.8304
2771.00,26.8663
2771.50,26.9209
2772.00,26.9961
2772.50,27.0605
2773.00,27.0793
2773.50,27.0481
2774.00,26.9969
2774.50,26.9656
2775.00,26.9739
2775.50,27.0123
2776.00,27.0561
2776.50,27.0882
2777.00,27.1092
2777.50,27.1311
2778.00,27.1638
2778.50,27.2068
2779.00,27.2480
2779.50,27.2679
2780.00,27.2476
2780.50,27.1754
2781.00,27.0517
2781.50,26.8911
2782.00,26.7216
2782.50,26.5768
2783.00,26.4812
2783.50,26.4376
2784.00,26.4300
2784.50,26.4401
2785.00,26.4598
2785.50,26.4896
2786.00,26.5280
2786.50,26.5670
2787.00,26.6000
2787.50,26.6316
2788.00,26.6746
2788.50,26.7348
2789.00,26.7993
2789.50,26.8447
2790.00,26.8539
2790.50,26.8243
2791.00,26.7608
2791.50,26.6710
2792.00,26.5677
2792.50,26.4702
2793.00,26.4003
2793.50,26.3778
2794.00,26.4207
2794.50,26.5388
2795.00,26.7192
2795.50,26.9174
2796.00,27.0745
2796.50,27.1511
2797.00,27.1476
2797.50,27.0955
2798.00,27.0302
2798.50,26.9723
2799.00,26.9291
2799.50,26.9027
2800.00,26.8962
2800.50,26.9128
2801.00,26.9536
2801.50,27.0166
2802.00,27.0979
2802.50,27.1910
2803.00,27.2865
2803.50,27.3741
2804.00,27.4458
2804.50,27.4954
2805.00,27.5159
2805.50,27.5009
2806.00,27.4534
2806.50,27.3903
2807.00,27.3356
2807.50,27.3056
2808.00,27.3018
2808.50,27.3178
2809.00,27.3504
2809.50,27.4019
2810.00,27.4728
2810.50,27.5560
2811.00,27.6386
2811.50,27.7083
2812.00,27.7564
2812.50,27.7774
2813.00,27.7705
2813.50,27.7422
2814.00,27.7050
2814.50,27.6726
2815.00,27.6551
2815.50,27.6600
2816.00,27.6942
2816.50,27.7582
2817.00,27.8366
2817.50,27.8998
2818.00,27.9177
2818.50,27.8782
2819.00,27.7934
2819.50,27.6952
2820.00,27.6230
2820.50,27.6066
2821.00,27.6512
2821.50,27.7359
2822.00,27.8262
2822.50,27.8902
2823.00,27.9107
2823.50,27.8893
2824.00,27.8422
2824.50,27.7890
2825.00,27.7409
2825.50,27.6989
2826.00,27.6619
2826.50,27.6335
2827.00,27.6175
2827.50,27.6126
2828.00,27.6138
2828.50,27.6209
2829.00,27.6394
2829.50,27.6715
2830.00,27.7072
2830.50,27.7308
2831.00,27.7345
2831.50,27.7259
2832.00,27.7199
2832.50,27.7264
2833.00,27.7426
2833.50,27.7550
2834.00,27.7473
2834.50,27.7090
2835.00,27.6408
2835.50,27.5527
2836.00,27.4587
2836.50,27.3716
2837.00,27.3023
2837.50,27.2596
2838.00,27.2509
2838.50,27.2787
2839.00,27.3349
2839.50,27.3961
2840.00,27.4321
2840.50,27.4236
2841.00,27.3771
2841.50,27.3225
2842.00,27.2955
2842.50,27.3186
2843.00,27.3922
2843.50,27.4956
2844.00,27.5962
2844.50,27.6617
2845.00,27.6742
2845.50,27.6375
2846.00,27.5737
2846.50,27.5107
2847.00,27.4669
2847.50,27.4454
2848.00,27.4378
2848.50,27.4356
2849.00,27.4350
2849.50,27.4345
2850.00,27.4338
2850.50,27.4365
2851.00,27.4534
2851.50,27.4933
2852.00,27.5496
2852.50,27.5985
2853.00,27.6175
2853.50,27.6070
2854.00,27.5895
2854.50,27.5834
2855.00,27.5792
2855.50,27.5459
2856.00,27.4622
2856.50,27.3386
2857.00,27.2093
2857.50,27.1030
2858.00,27.0233
2858.50,26.9552
2859.00,26.8856
2859.50,26.8161
2860.00,26.7573
2860.50,26.7151
2861.00,26.6861
2861.50,26.6638
2862.00,26.6460
2862.50,26.6362
2863.00,26.6395
2863.50,26.6613
2864.00,26.7060
2864.50,26.7736
2865.00,26.8557
2865.50,26.9341
2866.00,26.9861
2866.50,26.9912
2867.00,26.9391
2867.50,26.8360
2868.00,26.7044
2868.50,26.5756
2869.00,26.4775
2869.50,26.4248
2870.00,26.4158
2870.50,26.4375
2871.00,26.4722
2871.50,26.4996
2872.00,26.4999
2872.50,26.4639
2873.00,26.4072
2873.50,26.3695
2874.00,26.3889
2874.50,26.4716
2875.00,26.5864
2875.50,26.6878
2876.00,26.7463
2876.50,26.7603
2877.00,26.7456
2877.50,26.7185
2878.00,26.6855
2878.50,26.6475
2879.00,26.6086
2879.50,26.5795
2880.00,26.5706
2880.50,26.5837
2881.00,26.6124
2881.50,26.6510
2882.00,26.6995
2882.50,26.7569
2883.00,26.8102
2883.50,26.8367
2884.00,26.8245
2884.50,26.7894
2885.00,26.7670
2885.50,26.7816
2886.00,26.8218
2886.50,26.8495
2887.00,26.8360
2887.50,26.7906
2888.00,26.7534
2888.50,26.7575
2889.00,26.7988
2889.50,26.8408
2890.00,26.8488
2890.50,26.8182
2891.00,26.7697
2891.50,26.7241
2892.00,26.6856
2892.50,26.6466
2893.00,26.6012
2893.50,26.5522
2894.00,26.5077
2894.50,26.4754
2895.00,26.4608
2895.50,26.4682
2896.00,26.5019
2896.50,26.5622
2897.00,26.6369
2897.50,26.6967
2898.00,26.7066
2898.50,26.6501
2899.00,26.5469
2899.50,26.4439
2900.00,26.3877
2900.50,26.3998
2901.00,26.4712
2901.50,26.5727
2902.00,26.6691
2902.50,26.7309
2903.00,26.7447
2903.50,26.7196
2904.00,26.6826
2904.50,26.6658
