0.00,0.0000
0.50,0.5852
1.00,1.3277
1.50,2.1525
2.00,2.9694
2.50,3.7043
3.00,4.3178
3.50,4.8028
4.00,5.1734
4.50,5.4520
5.00,5.6627
5.50,5.8252
6.00,5.9544
6.50,6.0632
7.00,6.1667
7.50,6.2764
8.00,6.3923
8.50,6.5045
9.00,6.6039
9.50,6.6878
10.00,6.7530
10.50,6.7901
11.00,6.7925
11.50,6.7691
12.00,6.7432
12.50,6.7386
13.00,6.7692
13.50,6.8393
14.00,6.9431
14.50,7.0625
15.00,7.1703
15.50,7.2439
16.00,7.2778
16.50,7.2838
17.00,7.2816
17.50,7.2904
18.00,7.3235
18.50,7.3860
19.00,7.4735
19.50,7.5751
20.00,7.6775
20.50,7.7684
21.00,7.8370
21.50,7.8767
22.00,7.8882
22.50,7.8821
23.00,7.8741
23.50,7.8741
24.00,7.8811
24.50,7.8871
25.00,7.8872
25.50,7.8839
26.00,7.8838
26.50,7.8913
27.00,7.9039
27.50,7.9137
28.00,7.9161
28.50,7.9214
29.00,7.9560
29.50,8.0480
30.00,8.2036
30.50,8.3933
31.00,8.5626
31.50,8.6602
32.00,8.6669
32.50,8.6050
33.00,8.5246
33.50,8.4740
34.00,8.4772
34.50,8.5271
35.00,8.5968
35.50,8.6559
36.00,8.6884
36.50,8.7026
37.00,8.7249
37.50,8.7782
38.00,8.8621
38.50,8.9553
39.00,9.0357
39.50,9.0975
40.00,9.1483
40.50,9.1974
41.00,9.2488
41.50,9.2990
42.00,9.3345
42.50,9.3350
43.00,9.2877
43.50,9.2032
44.00,9.1156
44.50,9.0633
45.00,9.0647
45.50,9.1073
46.00,9.1560
46.50,9.1728
47.00,9.1387
47.50,9.0674
48.00,9.0033
48.50,8.9972
49.00,9.0727
49.50,9.2084
50.00,9.3542
50.50,9.4676
51.00,9.5369
51.50,9.5761
52.00,9.6055
52.50,9.6357
53.00,9.6637
53.50,9.6792
54.00,9.6748
54.50,9.6534
55.00,9.6270
55.50,9.6089
56.00,9.6072
56.50,9.6239
57.00,9.6591
57.50,9.7119
58.00,9.7751
58.50,9.8288
59.00,9.8487
59.50,9.8252
60.00,9.7773
60.50,9.7464
61.00,9.7685
61.50,9.8480
62.00,9.9518
62.50,10.0313
63.00,10.0549
63.50,10.0278
64.00,9.9846
64.50,9.9657
65.00,9.9946
65.50,10.0693
66.00,10.1669
66.50,10.2578
67.00,10.3205
67.50,10.3489
68.00,10.3493
68.50,10.3326
69.00,10.3093
69.50,10.2904
70.00,10.2882
70.50,10.3124
71.00,10.3632
71.50,10.4287
72.00,10.4924
72.50,10.5443
73.00,10.5854
73.50,10.6205
74.00,10.6482
74.50,10.6582
75.00,10.6409
75.50,10.5985
76.00,10.5475
76.50,10.5090
77.00,10.4948
77.50,10.5013
78.00,10.5136
78.50,10.5159
79.00,10.4994
79.50,10.4653
80.00,10.4234
80.50,10.3877
81.00,10.3708
81.50,10.3786
82.00,10.4066
82.50,10.4431
83.00,10.4774
83.50,10.5069
84.00,10.5356
84.50,10.5677
85.00,10.6042
85.50,10.6447
86.00,10.6889
86.50,10.7323
87.00,10.7639
87.50,10.7724
88.00,10.7574
88.50,10.7323
89.00,10.7181
89.50,10.7327
90.00,10.7833
90.50,10.8612
91.00,10.9430
91.50,10.9993
92.00,11.0088
92.50,10.9717
93.00,10.9108
93.50,10.8578
94.00,10.8337
94.50,10.8393
95.00,10.8630
95.50,10.8963
96.00,10.9372
96.50,10.9821
97.00,11.0191
97.50,11.0332
98.00,11.0166
98.50,10.9742
99.00,10.9250
99.50,10.8975
100.00,10.9196
100.50,11.0010
101.00,11.1215
101.50,11.2402
102.00,11.3230
102.50,11.3650
103.00,11.3865
103.50,11.4082
104.00,11.4329
104.50,11.4491
105.00,11.4483
105.50,11.4354
106.00,11.4236
106.50,11.4215
107.00,11.4274
107.50,11.4334
108.00,11.4356
108.50,11.4394
109.00,11.4589
109.50,11.5094
110.00,11.5975
110.50,11.7097
111.00,11.8137
111.50,11.8750
112.00,11.8809
112.50,11.8493
113.00,11.8116
113.50,11.7874
114.00,11.7750
114.50,11.7643
115.00,11.7512
115.50,11.7396
116.00,11.7340
116.50,11.7340
117.00,11.7350
117.50,11.7339
118.00,11.7329
118.50,11.7400
119.00,11.7621
119.50,11.7978
120.00,11.8377
120.50,11.8725
121.00,11.9016
121.50,11.9336
122.00,11.9791
122.50,12.0404
123.00,12.1072
123.50,12.1610
124.00,12.1871
124.50,12.1860
125.00,12.1715
125.50,12.1607
126.00,12.1647
126.50,12.1889
127.00,12.2354
127.50,12.3003
128.00,12.3682
128.50,12.4172
129.00,12.4348
129.50,12.4287
130.00,12.4223
130.50,12.4377
131.00,12.4818
131.50,12.5418
132.00,12.5915
132.50,12.6057
133.00,12.5759
133.50,12.5156
134.00,12.4542
134.50,12.4212
135.00,12.4324
135.50,12.4819
136.00,12.5464
136.50,12.6040
137.00,12.6508
137.50,12.6999
138.00,12.7611
138.50,12.8265
139.00,12.8774
139.50,12.9039
140.00,12.9154
140.50,12.9291
141.00,12.9535
141.50,12.9805
142.00,12.9970
142.50,12.9988
143.00,12.9947
143.50,12.9990
144.00,13.0223
144.50,13.0652
145.00,13.1173
145.50,13.1595
146.00,13.1732
146.50,13.1502
147.00,13.0963
147.50,13.0289
148.00,12.9692
148.50,12.9357
149.00,12.9367
149.50,12.9663
150.00,13.0108
150.50,13.0551
151.00,13.0869
151.50,13.0951
152.00,13.0744
152.50,13.0335
153.00,12.9948
153.50,12.9790
154.00,12.9900
154.50,13.0173
155.00,13.0537
155.50,13.1025
156.00,13.1664
156.50,13.2342
157.00,13.2851
157.50,13.3074
158.00,13.3084
158.50,13.3072
159.00,13.3181
159.50,13.3384
160.00,13.3508
160.50,13.3383
161.00,13.3015
161.50,13.2625
162.00,13.2495
162.50,13.2749
163.00,13.3286
163.50,13.3884
164.00,13.4353
164.50,13.4609
165.00,13.4655
165.50,13.4545
166.00,13.4351
166.50,13.4156
167.00,13.4038
167.50,13.4072
168.00,13.4304
168.50,13.4706
169.00,13.5170
169.50,13.5547
170.00,13.5741
170.50,13.5766
171.00,13.5769
171.50,13.5963
172.00,13.6509
172.50,13.7369
173.00,13.8294
173.50,13.8964
174.00,13.9202
174.50,13.9064
175.00,13.8730
175.50,13.8344
176.00,13.7962
176.50,13.7615
177.00,13.7340
177.50,13.7145
178.00,13.6979
178.50,13.6788
179.00,13.6589
179.50,13.6510
180.00,13.6736
180.50,13.7347
181.00,13.8174
181.50,13.8843
182.00,13.9076
182.50,13.8944
183.00,13.8829
183.50,13.9097
184.00,13.9835
184.50,14.0841
185.00,14.1826
185.50,14.2591
186.00,14.3071
186.50,14.3303
187.00,14.3374
187.50,14.3362
188.00,14.3261
188.50,14.2954
189.00,14.2311
189.50,14.1361
190.00,14.0365
190.50,13.9707
191.00,13.9684
191.50,14.0365
192.00,14.1602
192.50,14.3121
193.00,14.4604
193.50,14.5763
194.00,14.6388
194.50,14.6407
195.00,14.5914
195.50,14.5140
196.00,14.4362
196.50,14.3824
197.00,14.3724
197.50,14.4181
198.00,14.5163
198.50,14.6419
199.00,14.7558
199.50,14.8265
200.00,14.8490
200.50,14.8424
201.00,14.8293
201.50,14.8167
202.00,14.7939
202.50,14.7483
203.00,14.6811
203.50,14.6108
204.00,14.5633
204.50,14.5564
205.00,14.5893
205.50,14.6436
206.00,14.6949
206.50,14.7310
207.00,14.7595
207.50,14.7966
208.00,14.8463
208.50,14.8919
209.00,14.9089
209.50,14.8843
210.00,14.8258
210.50,14.7562
211.00,14.6974
211.50,14.6579
212.00,14.6320
212.50,14.6133
213.00,14.6074
213.50,14.6295
214.00,14.6858
214.50,14.7616
215.00,14.8292
215.50,14.8671
216.00,14.8687
216.50,14.8403
217.00,14.7974
217.50,14.7650
218.00,14.7698
218.50,14.8237
219.00,14.9135
219.50,15.0103
220.00,15.0911
220.50,15.1515
221.00,15.2023
221.50,15.2568
222.00,15.3206
222.50,15.3849
223.00,15.4269
223.50,15.4219
224.00,15.3653
224.50,15.2828
225.00,15.2174
225.50,15.2007
226.00,15.2332
226.50,15.2910
227.00,15.3465
227.50,15.3854
228.00,15.4095
228.50,15.4294
229.00,15.4525
229.50,15.4740
230.00,15.4772
230.50,15.4474
231.00,15.3903
231.50,15.3331
232.00,15.3057
232.50,15.3200
233.00,15.3679
233.50,15.4325
234.00,15.4980
234.50,15.5530
235.00,15.5936
235.50,15.6241
236.00,15.6506
236.50,15.6721
237.00,15.6807
237.50,15.6713
238.00,15.6486
238.50,15.6216
239.00,15.5949
239.50,15.5689
240.00,15.5473
240.50,15.5383
241.00,15.5464
241.50,15.5669
242.00,15.5888
242.50,15.6010
243.00,15.5959
243.50,15.5716
244.00,15.5323
244.50,15.4852
245.00,15.4339
245.50,15.3788
246.00,15.3229
246.50,15.2746
247.00,15.2414
247.50,15.2243
248.00,15.2186
248.50,15.2197
249.00,15.2252
249.50,15.2318
250.00,15.2342
250.50,15.2300
251.00,15.2252
251.50,15.2312
252.00,15.2533
252.50,15.2839
253.00,15.3098
253.50,15.3272
254.00,15.3471
254.50,15.3871
255.00,15.4586
255.50,15.5583
256.00,15.6640
256.50,15.7371
257.00,15.7385
257.50,15.6546
258.00,15.5112
258.50,15.3610
259.00,15.2494
259.50,15.1911
260.00,15.1733
260.50,15.1777
261.00,15.1993
261.50,15.2445
262.00,15.3125
262.50,15.3819
263.00,15.4181
263.50,15.3962
264.00,15.3179
264.50,15.2083
265.00,15.1011
265.50,15.0243
266.00,14.9932
266.50,15.0076
267.00,15.0543
267.50,15.1158
268.00,15.1792
268.50,15.2387
269.00,15.2903
269.50,15.3297
270.00,15.3580
270.50,15.3862
271.00,15.4296
271.50,15.4933
272.00,15.5647
272.50,15.6214
273.00,15.6476
273.50,15.6420
274.00,15.6143
274.50,15.5754
275.00,15.5341
275.50,15.4994
276.00,15.4789
276.50,15.4733
277.00,15.4728
277.50,15.4649
278.00,15.4467
278.50,15.4310
279.00,15.4397
279.50,15.4880
280.00,15.5721
280.50,15.6650
281.00,15.7281
281.50,15.7334
282.00,15.6824
282.50,15.6056
283.00,15.5388
283.50,15.4968
284.00,15.4667
284.50,15.4271
285.00,15.3738
285.50,15.3272
286.00,15.3174
286.50,15.3614
287.00,15.4507
287.50,15.5566
288.00,15.6492
288.50,15.7147
289.00,15.7582
289.50,15.7919
290.00,15.8195
290.50,15.8330
291.00,15.8240
291.50,15.7975
292.00,15.7713
292.50,15.7613
293.00,15.7667
293.50,15.7714
294.00,15.7588
294.50,15.7224
295.00,15.6650
295.50,15.5940
296.00,15.5204
296.50,15.4586
297.00,15.4204
297.50,15.4094
298.00,15.4227
298.50,15.4584
299.00,15.5195
299.50,15.6063
300.00,15.7057
300.50,15.7904
301.00,15.8339
301.50,15.8284
302.00,15.7857
302.50,15.7245
303.00,15.6590
303.50,15.6005
304.00,15.5627
304.50,15.5566
305.00,15.5781
305.50,15.6059
306.00,15.6148
306.50,15.5921
307.00,15.5436
307.50,15.4887
308.00,15.4476
308.50,15.4295
309.00,15.4269
309.50,15.4232
310.00,15.4058
310.50,15.3780
311.00,15.3579
311.50,15.3667
312.00,15.4116
312.50,15.4765
313.00,15.5306
313.50,15.5510
314.00,15.5380
314.50,15.5106
315.00,15.4903
315.50,15.4897
316.00,15.5134
316.50,15.5609
317.00,15.6264
317.50,15.6993
318.00,15.7667
318.50,15.8168
319.00,15.8405
319.50,15.8355
320.00,15.8063
320.50,15.7597
321.00,15.7004
321.50,15.6333
322.00,15.5702
322.50,15.5279
323.00,15.5203
323.50,15.5511
324.00,15.6147
324.50,15.7018
325.00,15.8032
325.50,15.9120
326.00,16.0197
326.50,16.1109
327.00,16.1644
327.50,16.1644
328.00,16.1123
328.50,16.0288
329.00,15.9430
329.50,15.8804
330.00,15.8565
330.50,15.8726
331.00,15.9154
331.50,15.9640
332.00,16.0029
332.50,16.0300
333.00,16.0525
333.50,16.0733
334.00,16.0849
334.50,16.0771
335.00,16.0473
335.50,16.0036
336.00,15.9584
336.50,15.9214
337.00,15.8946
337.50,15.8702
338.00,15.8345
338.50,15.7769
339.00,15.6993
339.50,15.6166
340.00,15.5502
340.50,15.5213
341.00,15.5479
341.50,15.6376
342.00,15.7793
342.50,15.9454
343.00,16.1076
343.50,16.2481
344.00,16.3547
344.50,16.4096
345.00,16.3938
345.50,16.3063
346.00,16.1778
346.50,16.0621
347.00,16.0093
347.50,16.0403
348.00,16.1394
348.50,16.2688
349.00,16.3875
349.50,16.4648
350.00,16.4874
350.50,16.4616
351.00,16.4061
351.50,16.3368
352.00,16.2582
352.50,16.1698
353.00,16.0804
353.50,16.0105
354.00,15.9785
354.50,15.9836
355.00,16.0050
355.50,16.0185
356.00,16.0133
356.50,15.9959
357.00,15.9818
357.50,15.9837
358.00,16.0049
358.50,16.0389
359.00,16.0762
359.50,16.1091
360.00,16.1316
360.50,16.1385
361.00,16.1302
361.50,16.1169
362.00,16.1111
362.50,16.1095
363.00,16.0892
363.50,16.0270
364.00,15.9252
364.50,15.8162
365.00,15.7424
365.50,15.7321
366.00,15.7860
366.50,15.8783
367.00,15.9686
367.50,16.0218
368.00,16.0252
368.50,15.9927
369.00,15.9525
369.50,15.9285
370.00,15.9267
370.50,15.9358
371.00,15.9386
371.50,15.9282
372.00,15.9144
372.50,15.9164
373.00,15.9498
373.50,16.0165
374.00,16.1026
374.50,16.1805
375.00,16.2164
375.50,16.1858
376.00,16.0897
376.50,15.9575
377.00,15.8329
377.50,15.7532
378.00,15.7374
378.50,15.7853
379.00,15.8820
379.50,16.0052
380.00,16.1319
380.50,16.2443
381.00,16.3310
381.50,16.3866
382.00,16.4100
382.50,16.4031
383.00,16.3698
383.50,16.3149
384.00,16.2427
384.50,16.1575
385.00,16.0671
385.50,15.9846
386.00,15.9249
386.50,15.8952
387.00,15.8885
387.50,15.8883
388.00,15.8797
388.50,15.8570
389.00,15.8222
389.50,15.7815
390.00,15.7465
390.50,15.7343
391.00,15.7602
391.50,15.8224
392.00,15.8965
392.50,15.9474
393.00,15.9522
393.50,15.9152
394.00,15.8664
394.50,15.8429
395.00,15.8644
395.50,15.9186
396.00,15.9688
396.50,15.9823
397.00,15.9525
397.50,15.8981
398.00,15.8427
398.50,15.7981
399.00,15.7666
399.50,15.7546
400.00,15.7746
400.50,15.8323
401.00,15.9166
401.50,16.0067
402.00,16.0886
402.50,16.1612
403.00,16.2274
403.50,16.2831
404.00,16.3136
404.50,16.3002
405.00,16.2345
405.50,16.1318
406.00,16.0282
406.50,15.9574
407.00,15.9255
407.50,15.9128
408.00,15.8985
408.50,15.8805
409.00,15.8734
409.50,15.8918
410.00,15.9385
410.50,16.0022
411.00,16.0632
411.50,16.1054
412.00,16.1250
412.50,16.1296
413.00,16.1268
413.50,16.1157
414.00,16.0920
414.50,16.0587
415.00,16.0281
415.50,16.0091
416.00,15.9958
416.50,15.9750
417.00,15.9436
417.50,15.9157
418.00,15.9085
418.50,15.9268
419.00,15.9591
419.50,15.9854
420.00,15.9881
420.50,15.9624
421.00,15.9234
421.50,15.9020
422.00,15.9271
422.50,16.0064
423.00,16.1215
423.50,16.2394
424.00,16.3301
424.50,16.3778
425.00,16.3846
425.50,16.3651
426.00,16.3377
426.50,16.3158
427.00,16.3063
427.50,16.3114
428.00,16.3306
428.50,16.3587
429.00,16.3838
429.50,16.3932
430.00,16.3834
430.50,16.3652
431.00,16.3543
431.50,16.3567
432.00,16.3647
432.50,16.3676
433.00,16.3625
433.50,16.3551
434.00,16.3514
434.50,16.3520
435.00,16.3526
435.50,16.3474
436.00,16.3327
436.50,16.3126
437.00,16.3003
437.50,16.3113
438.00,16.3491
438.50,16.3985
439.00,16.4372
439.50,16.4537
440.00,16.4559
440.50,16.4594
441.00,16.4730
441.50,16.4948
442.00,16.5191
442.50,16.5431
443.00,16.5644
443.50,16.5764
444.00,16.5715
444.50,16.5498
445.00,16.5212
445.50,16.4973
446.00,16.4834
446.50,16.4758
447.00,16.4645
447.50,16.4376
448.00,16.3884
448.50,16.3244
449.00,16.2678
449.50,16.2417
450.00,16.2530
450.50,16.2859
451.00,16.3135
451.50,16.3165
452.00,16.2902
452.50,16.2398
453.00,16.1732
453.50,16.1028
454.00,16.0489
454.50,16.0355
455.00,16.0767
455.50,16.1648
456.00,16.2695
456.50,16.3525
457.00,16.3890
457.50,16.3841
458.00,16.3659
458.50,16.3599
459.00,16.3689
459.50,16.3781
460.00,16.3749
460.50,16.3617
461.00,16.3504
461.50,16.3520
462.00,16.3704
462.50,16.4029
463.00,16.4425
463.50,16.4789
464.00,16.5016
464.50,16.5040
465.00,16.4889
465.50,16.4686
466.00,16.4597
466.50,16.4750
467.00,16.5197
467.50,16.5896
468.00,16.6718
468.50,16.7467
469.00,16.7971
469.50,16.8187
470.00,16.8209
470.50,16.8183
471.00,16.8195
471.50,16.8256
472.00,16.8339
472.50,16.8382
473.00,16.8289
473.50,16.8005
474.00,16.7654
474.50,16.7538
475.00,16.7910
475.50,16.8712
476.00,16.9571
476.50,17.0114
477.00,17.0259
477.50,17.0208
478.00,17.0201
478.50,17.0338
479.00,17.0591
479.50,17.0901
480.00,17.1208
480.50,17.1439
481.00,17.1537
481.50,17.1483
482.00,17.1285
482.50,17.0943
483.00,17.0444
483.50,16.9791
484.00,16.9013
484.50,16.8172
485.00,16.7373
485.50,16.6753
486.00,16.6421
486.50,16.6387
487.00,16.6562
487.50,16.6831
488.00,16.7148
488.50,16.7555
489.00,16.8086
489.50,16.8676
490.00,16.9176
490.50,16.9452
491.00,16.9487
491.50,16.9387
492.00,16.9335
492.50,16.9541
493.00,17.0157
493.50,17.1177
494.00,17.2381
494.50,17.3380
495.00,17.3781
495.50,17.3356
496.00,17.2157
496.50,17.0528
497.00,16.9004
497.50,16.8115
498.00,16.8160
498.50,16.9046
499.00,17.0342
499.50,17.1508
500.00,17.2162
500.50,17.2211
501.00,17.1810
501.50,17.1249
502.00,17.0819
502.50,17.0716
503.00,17.0989
503.50,17.1542
504.00,17.2174
504.50,17.2658
505.00,17.2848
505.50,17.2761
506.00,17.2558
506.50,17.2412
507.00,17.2372
507.50,17.2326
508.00,17.2101
508.50,17.1630
509.00,17.1047
509.50,17.0637
510.00,17.0653
510.50,17.1127
511.00,17.1802
511.50,17.2257
512.00,17.2141
512.50,17.1365
513.00,17.0156
513.50,16.8972
514.00,16.8327
514.50,16.8543
515.00,16.9577
515.50,17.1042
516.00,17.2443
516.50,17.3457
517.00,17.4025
517.50,17.4246
518.00,17.4221
518.50,17.4015
519.00,17.3716
519.50,17.3448
520.00,17.3292
520.50,17.3200
521.00,17.3018
521.50,17.2582
522.00,17.1790
522.50,17.0639
523.00,16.9264
523.50,16.7955
524.00,16.7070
524.50,16.6855
525.00,16.7299
525.50,16.8158
526.00,16.9159
526.50,17.0187
527.00,17.1273
527.50,17.2418
528.00,17.3471
528.50,17.4213
529.00,17.4548
529.50,17.4585
530.00,17.4533
530.50,17.4509
531.00,17.4487
531.50,17.4374
532.00,17.4120
532.50,17.3757
533.00,17.3401
533.50,17.3208
534.00,17.3285
534.50,17.3594
535.00,17.3954
535.50,17.4173
536.00,17.4185
536.50,17.4099
537.00,17.4121
537.50,17.4431
538.00,17.5076
538.50,17.5952
539.00,17.6868
539.50,17.7684
540.00,17.8385
540.50,17.9054
541.00,17.9762
541.50,18.0462
542.00,18.0977
542.50,18.1087
543.00,18.0694
543.50,17.9938
544.00,17.9185
544.50,17.8851
545.00,17.9169
545.50,18.0032
546.00,18.1037
546.50,18.1724
547.00,18.1850
547.50,18.1507
548.00,18.0989
548.50,18.0552
549.00,18.0295
549.50,18.0191
550.00,18.0195
550.50,18.0274
551.00,18.0379
551.50,18.0418
552.00,18.0287
552.50,17.9956
553.00,17.9526
553.50,17.9195
554.00,17.9152
554.50,17.9480
555.00,18.0139
555.50,18.1007
556.00,18.1935
556.50,18.2784
557.00,18.3442
557.50,18.3838
558.00,18.3970
558.50,18.3917
559.00,18.3808
559.50,18.3740
560.00,18.3744
560.50,18.3815
561.00,18.3947
561.50,18.4113
562.00,18.4230
562.50,18.4201
563.00,18.3977
563.50,18.3605
564.00,18.3229
564.50,18.3035
565.00,18.3151
565.50,18.3548
566.00,18.4039
566.50,18.4419
567.00,18.4606
567.50,18.4660
568.00,18.4692
568.50,18.4761
569.00,18.4863
569.50,18.4979
570.00,18.5075
570.50,18.5059
571.00,18.4785
571.50,18.4169
572.00,18.3313
572.50,18.2470
573.00,18.1874
573.50,18.1620
574.00,18.1716
574.50,18.2172
575.00,18.3016
575.50,18.4194
576.00,18.5491
576.50,18.6580
577.00,18.7179
577.50,18.7202
578.00,18.6811
578.50,18.6330
579.00,18.6066
579.50,18.6154
580.00,18.6512
580.50,18.6932
581.00,18.7233
581.50,18.7364
582.00,18.7427
582.50,18.7602
583.00,18.8004
583.50,18.8572
584.00,18.9082
584.50,18.9288
585.00,18.9059
585.50,18.8447
586.00,18.7639
586.50,18.6876
587.00,18.6340
587.50,18.6107
588.00,18.6158
588.50,18.6428
589.00,18.6845
589.50,18.7326
590.00,18.7770
590.50,18.8093
591.00,18.8290
591.50,18.8465
592.00,18.8792
592.50,18.9401
593.00,19.0278
593.50,19.1231
594.00,19.1968
594.50,19.2269
595.00,19.2120
595.50,19.1697
596.00,19.1249
596.50,19.0971
597.00,19.0948
597.50,19.1146
598.00,19.1436
598.50,19.1665
599.00,19.1746
599.50,19.1694
600.00,19.1587
600.50,19.1479
601.00,19.1365
601.50,19.1200
602.00,19.0969
602.50,19.0724
603.00,19.0581
603.50,19.0659
604.00,19.1007
604.50,19.1562
605.00,19.2178
605.50,19.2713
606.00,19.3105
606.50,19.3360
607.00,19.3499
607.50,19.3532
608.00,19.3500
608.50,19.3492
609.00,19.3572
609.50,19.3716
610.00,19.3826
610.50,19.3827
611.00,19.3746
611.50,19.3683
612.00,19.3721
612.50,19.3854
613.00,19.4014
613.50,19.4153
614.00,19.4292
614.50,19.4477
615.00,19.4698
615.50,19.4832
616.00,19.4703
616.50,19.4214
617.00,19.3426
617.50,19.2532
618.00,19.1767
618.50,19.1300
619.00,19.1171
619.50,19.1294
620.00,19.1535
620.50,19.1801
621.00,19.2048
621.50,19.2186
622.00,19.2018
622.50,19.1321
623.00,19.0046
623.50,18.8451
624.00,18.7019
624.50,18.6199
625.00,18.6162
625.50,18.6775
626.00,18.7741
626.50,18.8781
627.00,18.9701
627.50,19.0407
628.00,19.0903
628.50,19.1273
629.00,19.1602
629.50,19.1883
630.00,19.2035
630.50,19.2050
631.00,19.2075
631.50,19.2297
632.00,19.2705
632.50,19.3027
633.00,19.2925
633.50,19.2280
634.00,19.1261
634.50,19.0162
635.00,18.9196
635.50,18.8413
636.00,18.7750
636.50,18.7108
637.00,18.6401
637.50,18.5587
638.00,18.4699
638.50,18.3878
639.00,18.3356
639.50,18.3375
640.00,18.4031
640.50,18.5167
641.00,18.6425
641.50,18.7411
642.00,18.7886
642.50,18.7854
643.00,18.7553
643.50,18.7337
644.00,18.7482
644.50,18.7995
645.00,18.8617
645.50,18.9014
646.00,18.9027
646.50,18.8778
647.00,18.8581
647.50,18.8727
648.00,18.9294
648.50,19.0095
649.00,19.0821
649.50,19.1258
650.00,19.1414
650.50,19.1440
651.00,19.1434
651.50,19.1324
652.00,19.0945
652.50,19.0218
653.00,18.9270
653.50,18.8397
654.00,18.7881
654.50,18.7821
655.00,18.8099
655.50,18.8464
656.00,18.8663
656.50,18.8546
657.00,18.8129
657.50,18.7612
658.00,18.7296
658.50,18.7431
659.00,18.8067
659.50,18.9008
660.00,18.9932
660.50,19.0604
661.00,19.1032
661.50,19.1429
662.00,19.2018
662.50,19.2830
663.00,19.3673
663.50,19.4265
664.00,19.4429
664.50,19.4184
665.00,19.3698
665.50,19.3206
666.00,19.2938
666.50,19.3027
667.00,19.3419
667.50,19.3849
668.00,19.4008
668.50,19.3786
669.00,19.3375
669.50,19.3088
670.00,19.3053
670.50,19.3080
671.00,19.2833
671.50,19.2147
672.00,19.1192
672.50,19.0334
673.00,18.9847
673.50,18.9735
674.00,18.9821
674.50,18.9967
675.00,19.0182
675.50,19.0517
676.00,19.0908
676.50,19.1172
677.00,19.1166
677.50,19.0940
678.00,19.0696
678.50,19.0607
679.00,19.0693
679.50,19.0873
680.00,19.1093
680.50,19.1392
681.00,19.1862
681.50,19.2538
682.00,19.3305
682.50,19.3863
683.00,19.3845
683.50,19.3054
684.00,19.1640
684.50,19.0043
685.00,18.8719
685.50,18.7904
686.00,18.7565
686.50,18.7537
687.00,18.7683
687.50,18.7933
688.00,18.8241
688.50,18.8536
689.00,18.8771
689.50,18.9000
690.00,18.9356
690.50,18.9919
691.00,19.0586
691.50,19.1102
692.00,19.1208
692.50,19.0803
693.00,19.0036
693.50,18.9251
694.00,18.8789
694.50,18.8759
695.00,18.8966
695.50,18.9096
696.00,18.9002
696.50,18.8845
697.00,18.8980
697.50,18.9694
698.00,19.0969
698.50,19.2423
699.00,19.3509
699.50,19.3849
700.00,19.3458
700.50,19.2681
701.00,19.1917
701.50,19.1412
702.00,19.1228
702.50,19.1332
703.00,19.1646
703.50,19.2046
704.00,19.2344
704.50,19.2350
705.00,19.1991
705.50,19.1378
706.00,19.0749
706.50,19.0337
707.00,19.0294
707.50,19.0686
708.00,19.1480
708.50,19.2521
709.00,19.3559
709.50,19.4348
710.00,19.4746
710.50,19.4756
711.00,19.4519
711.50,19.4272
712.00,19.4240
712.50,19.4519
713.00,19.5026
713.50,19.5582
714.00,19.6041
714.50,19.6340
715.00,19.6458
715.50,19.6391
716.00,19.6208
716.50,19.6110
717.00,19.6341
717.50,19.7014
718.00,19.8004
718.50,19.9017
719.00,19.9757
719.50,20.0048
720.00,19.9880
720.50,19.9395
721.00,19.8812
721.50,19.8302
722.00,19.7899
722.50,19.7509
723.00,19.7013
723.50,19.6377
724.00,19.5705
724.50,19.5202
725.00,19.5070
725.50,19.5381
726.00,19.6046
726.50,19.6874
727.00,19.7672
727.50,19.8300
728.00,19.8691
728.50,19.8835
729.00,19.8781
729.50,19.8652
730.00,19.8609
730.50,19.8757
731.00,19.9075
731.50,19.9448
732.00,19.9767
732.50,19.9972
733.00,20.0012
733.50,19.9834
734.00,19.9436
734.50,19.8935
735.00,19.8519
735.50,19.8322
736.00,19.8342
736.50,19.8474
737.00,19.8619
737.50,19.8742
738.00,19.8854
738.50,19.8956
739.00,19.9041
739.50,19.9125
740.00,19.9268
740.50,19.9521
741.00,19.9852
741.50,20.0157
742.00,20.0372
742.50,20.0572
743.00,20.0915
743.50,20.1486
744.00,20.2183
744.50,20.2746
745.00,20.2881
745.50,20.2404
746.00,20.1354
746.50,20.0035
747.00,19.8909
747.50,19.8336
748.00,19.8339
748.50,19.8614
749.00,19.8796
749.50,19.8770
750.00,19.8735
750.50,19.8973
751.00,19.9571
751.50,20.0354
752.00,20.1047
752.50,20.1472
753.00,20.1616
753.50,20.1603
754.00,20.1628
754.50,20.1871
755.00,20.2394
755.50,20.3075
756.00,20.3657
756.50,20.3911
757.00,20.3769
757.50,20.3343
758.00,20.2845
758.50,20.2436
759.00,20.2113
759.50,20.1726
760.00,20.1143
760.50,20.0435
761.00,19.9870
761.50,19.9696
762.00,19.9908
762.50,20.0247
763.00,20.0411
763.50,20.0297
764.00,20.0045
764.50,19.9882
765.00,19.9921
765.50,20.0098
766.00,20.0272
766.50,20.0377
767.00,20.0447
767.50,20.0538
768.00,20.0678
768.50,20.0903
769.00,20.1287
769.50,20.1863
770.00,20.2505
770.50,20.2956
771.00,20.3024
771.50,20.2778
772.00,20.2517
772.50,20.2534
773.00,20.2852
773.50,20.3204
774.00,20.3253
774.50,20.2835
775.00,20.2049
775.50,20.1198
776.00,20.0646
776.50,20.0653
777.00,20.1216
777.50,20.2019
778.00,20.2599
778.50,20.2634
779.00,20.2111
779.50,20.1258
780.00,20.0381
780.50,19.9745
781.00,19.9531
781.50,19.9779
782.00,20.0348
782.50,20.0989
783.00,20.1504
783.50,20.1853
784.00,20.2130
784.50,20.2462
785.00,20.2908
785.50,20.3443
786.00,20.3994
786.50,20.4483
787.00,20.4816
787.50,20.4898
788.00,20.4697
788.50,20.4299
789.00,20.3854
789.50,20.3424
790.00,20.2913
790.50,20.2147
791.00,20.1064
791.50,19.9831
792.00,19.8796
792.50,19.8299
793.00,19.8459
793.50,19.9106
794.00,19.9903
794.50,20.0575
795.00,20.1024
795.50,20.1322
796.00,20.1595
796.50,20.1932
797.00,20.2314
797.50,20.2601
798.00,20.2593
798.50,20.2153
799.00,20.1300
799.50,20.0219
800.00,19.9207
800.50,19.8566
801.00,19.8480
801.50,19.8938
802.00,19.9762
802.50,20.0723
803.00,20.1624
803.50,20.2309
804.00,20.2669
804.50,20.2691
805.00,20.2536
805.50,20.2476
806.00,20.2722
806.50,20.3281
807.00,20.3983
807.50,20.4599
808.00,20.4934
808.50,20.4880
809.00,20.4443
809.50,20.3738
810.00,20.2916
810.50,20.2089
811.00,20.1306
811.50,20.0590
812.00,19.9978
812.50,19.9529
813.00,19.9308
813.50,19.9371
814.00,19.9746
814.50,20.0383
815.00,20.1114
815.50,20.1705
816.00,20.1997
816.50,20.2015
817.00,20.1925
817.50,20.1877
818.00,20.1909
818.50,20.1994
819.00,20.2109
819.50,20.2257
820.00,20.2467
820.50,20.2814
821.00,20.3372
821.50,20.4107
822.00,20.4834
822.50,20.5328
823.00,20.5498
823.50,20.5409
824.00,20.5153
824.50,20.4727
825.00,20.4048
825.50,20.3032
826.00,20.1700
826.50,20.0237
827.00,19.8970
827.50,19.8195
828.00,19.7936
828.50,19.7912
829.00,19.7797
829.50,19.7534
830.00,19.7358
830.50,19.7505
831.00,19.7946
831.50,19.8415
832.00,19.8662
832.50,19.8674
833.00,19.8657
833.50,19.8866
834.00,19.9450
834.50,20.0384
835.00,20.1507
835.50,20.2614
836.00,20.3571
836.50,20.4342
837.00,20.4916
837.50,20.5222
838.00,20.5149
838.50,20.4642
839.00,20.3761
839.50,20.2670
840.00,20.1588
840.50,20.0751
841.00,20.0344
841.50,20.0424
842.00,20.0879
842.50,20.1479
843.00,20.1970
843.50,20.2158
844.00,20.1979
844.50,20.1544
845.00,20.1078
845.50,20.0763
846.00,20.0609
846.50,20.0510
847.00,20.0417
847.50,20.0403
848.00,20.0541
848.50,20.0742
849.00,20.0772
849.50,20.0437
850.00,19.9750
850.50,19.8926
851.00,19.8238
851.50,19.7847
852.00,19.7728
852.50,19.7734
853.00,19.7750
853.50,19.7793
854.00,19.7976
854.50,19.8347
855.00,19.8787
855.50,19.9074
856.00,19.9054
856.50,19.8749
857.00,19.8358
857.50,19.8134
858.00,19.8218
858.50,19.8505
859.00,19.8686
859.50,19.8532
860.00,19.8131
860.50,19.7834
861.00,19.7906
861.50,19.8275
862.00,19.8623
862.50,19.8698
863.00,19.8507
863.50,19.8240
864.00,19.8084
864.50,19.8101
865.00,19.8205
865.50,19.8223
866.00,19.7995
866.50,19.7488
867.00,19.6823
867.50,19.6209
868.00,19.5841
868.50,19.5834
869.00,19.6195
869.50,19.6864
870.00,19.7780
870.50,19.8916
871.00,20.0219
871.50,20.1529
872.00,20.2591
872.50,20.3175
873.00,20.3216
873.50,20.2867
874.00,20.2429
874.50,20.2190
875.00,20.2272
875.50,20.2570
876.00,20.2846
876.50,20.2936
877.00,20.2893
877.50,20.2915
878.00,20.3130
878.50,20.3450
879.00,20.3661
879.50,20.3615
880.00,20.3319
880.50,20.2838
881.00,20.2171
881.50,20.1273
882.00,20.0207
882.50,19.9213
883.00,19.8591
883.50,19.8513
884.00,19.8927
884.50,19.9600
885.00,20.0226
885.50,20.0543
886.00,20.0446
886.50,20.0066
887.00,19.9739
887.50,19.9831
888.00,20.0498
888.50,20.1536
889.00,20.2469
889.50,20.2848
890.00,20.2572
890.50,20.1954
891.00,20.1508
891.50,20.1574
892.00,20.2087
892.50,20.2627
893.00,20.2730
893.50,20.2223
894.00,20.1322
894.50,20.0427
895.00,19.9801
895.50,19.9438
896.00,19.9196
896.50,19.9035
897.00,19.9082
897.50,19.9468
898.00,20.0140
898.50,20.0843
899.00,20.1267
899.50,20.1229
900.00,20.0744
900.50,19.9991
901.00,19.9205
901.50,19.8587
902.00,19.8234
902.50,19.8118
903.00,19.8119
903.50,19.8118
904.00,19.8096
904.50,19.8167
905.00,19.8503
905.50,19.9217
906.00,20.0284
906.50,20.1563
907.00,20.2855
907.50,20.3987
908.00,20.4879
908.50,20.5555
909.00,20.6064
909.50,20.6408
910.00,20.6562
910.50,20.6567
911.00,20.6560
911.50,20.6699
912.00,20.7009
912.50,20.7330
913.00,20.7427
913.50,20.7171
914.00,20.6652
914.50,20.6113
915.00,20.5808
915.50,20.5884
916.00,20.6331
916.50,20.7006
917.00,20.7690
917.50,20.8159
918.00,20.8207
918.50,20.7680
919.00,20.6552
919.50,20.5003
920.00,20.3373
920.50,20.2012
921.00,20.1139
921.50,20.0805
922.00,20.0925
922.50,20.1327
923.00,20.1796
923.50,20.2162
924.00,20.2363
924.50,20.2427
925.00,20.2372
925.50,20.2160
926.00,20.1772
926.50,20.1336
927.00,20.1134
927.50,20.1415
928.00,20.2165
928.50,20.3064
929.00,20.3705
929.50,20.3887
930.00,20.3741
930.50,20.3604
931.00,20.3790
931.50,20.4438
932.00,20.5479
932.50,20.6663
933.00,20.7605
933.50,20.7903
934.00,20.7332
934.50,20.6002
935.00,20.4345
935.50,20.2899
936.00,20.2044
936.50,20.1860
937.00,20.2183
937.50,20.2756
938.00,20.3360
938.50,20.3874
939.00,20.4283
939.50,20.4641
940.00,20.4987
940.50,20.5295
941.00,20.5491
941.50,20.5500
942.00,20.5263
942.50,20.4740
943.00,20.3961
943.50,20.3078
944.00,20.2353
944.50,20.2049
945.00,20.2286
945.50,20.2954
946.00,20.3771
946.50,20.4451
947.00,20.4846
947.50,20.4968
948.00,20.4883
948.50,20.4639
949.00,20.4284
949.50,20.3923
950.00,20.3713
950.50,20.3744
951.00,20.3955
951.50,20.4151
952.00,20.4136
952.50,20.3844
953.00,20.3369
953.50,20.2889
954.00,20.2554
954.50,20.2423
955.00,20.2453
955.50,20.2544
956.00,20.2621
956.50,20.2695
957.00,20.2867
957.50,20.3240
958.00,20.3829
958.50,20.4525
959.00,20.5138
959.50,20.5486
960.00,20.5481
960.50,20.5158
961.00,20.4635
961.50,20.4043
962.00,20.3494
962.50,20.3102
963.00,20.2970
963.50,20.3129
964.00,20.3488
964.50,20.3864
965.00,20.4087
965.50,20.4114
966.00,20.4046
966.50,20.4009
967.00,20.4022
967.50,20.4020
968.00,20.3988
968.50,20.4038
969.00,20.4305
969.50,20.4788
970.00,20.5298
970.50,20.5553
971.00,20.5334
971.50,20.4608
972.00,20.3553
972.50,20.2462
973.00,20.1568
973.50,20.0938
974.00,20.0512
974.50,20.0246
975.00,20.0243
975.50,20.0718
976.00,20.1761
976.50,20.3121
977.00,20.4251
977.50,20.4680
978.00,20.4376
978.50,20.3753
979.00,20.3328
979.50,20.3371
980.00,20.3852
980.50,20.4622
981.00,20.5575
981.50,20.6653
982.00,20.7749
982.50,20.8672
983.00,20.9206
983.50,20.9229
984.00,20.8780
984.50,20.8029
985.00,20.7181
985.50,20.6374
986.00,20.5643
986.50,20.4930
987.00,20.4114
987.50,20.3079
988.00,20.1805
988.50,20.0439
989.00,19.9272
989.50,19.8613
990.00,19.8647
990.50,19.9362
991.00,20.0560
991.50,20.1956
992.00,20.3298
992.50,20.4416
993.00,20.5203
993.50,20.5588
994.00,20.5569
994.50,20.5243
995.00,20.4788
995.50,20.4382
996.00,20.4132
996.50,20.4034
997.00,20.3992
997.50,20.3850
998.00,20.3470
998.50,20.2813
999.00,20.1988
999.50,20.1185
1000.00,20.0577
1000.50,20.0239
1001.00,20.0176
1001.50,20.0392
1002.00,20.0926
1002.50,20.1816
1003.00,20.3050
1003.50,20.4555
1004.00,20.6195
1004.50,20.7768
1005.00,20.9053
1005.50,20.9894
1006.00,21.0265
1006.50,21.0248
1007.00,20.9956
1007.50,20.9508
1008.00,20.9045
1008.50,20.8730
1009.00,20.8687
1009.50,20.8927
1010.00,20.9364
1010.50,20.9909
1011.00,21.0549
1011.50,21.1308
1012.00,21.2130
1012.50,21.2835
1013.00,21.3227
1013.50,21.3236
1014.00,21.2937
1014.50,21.2466
1015.00,21.1960
1015.50,21.1584
1016.00,21.1497
1016.50,21.1732
1017.00,21.2145
1017.50,21.2546
1018.00,21.2897
1018.50,21.3350
1019.00,21.4072
1019.50,21.5040
1020.00,21.6027
1020.50,21.6756
1021.00,21.7068
1021.50,21.6964
1022.00,21.6534
1022.50,21.5885
1023.00,21.5131
1023.50,21.4403
1024.00,21.3833
1024.50,21.3509
1025.00,21.3425
1025.50,21.3485
1026.00,21.3559
1026.50,21.3582
1027.00,21.3615
1027.50,21.3787
1028.00,21.4155
1028.50,21.4613
1029.00,21.4954
1029.50,21.5020
1030.00,21.4803
1030.50,21.4416
1031.00,21.4008
1031.50,21.3686
1032.00,21.3516
1032.50,21.3541
1033.00,21.3757
1033.50,21.4085
1034.00,21.4374
1034.50,21.4480
1035.00,21.4362
1035.50,21.4127
1036.00,21.3988
1036.50,21.4165
1037.00,21.4761
1037.50,21.5710
1038.00,21.6815
1038.50,21.7865
1039.00,21.8728
1039.50,21.9362
1040.00,21.9775
1040.50,21.9978
1041.00,21.9968
1041.50,21.9739
1042.00,21.9332
1042.50,21.8875
1043.00,21.8559
1043.50,21.8519
1044.00,21.8715
1044.50,21.8947
1045.00,21.8997
1045.50,21.8756
1046.00,21.8251
1046.50,21.7605
1047.00,21.7005
1047.50,21.6643
1048.00,21.6616
1048.50,21.6847
1049.00,21.7116
1049.50,21.7206
1050.00,21.7046
1050.50,21.6793
1051.00,21.6762
1051.50,21.7197
1052.00,21.8004
1052.50,21.8696
1053.00,21.8688
1053.50,21.7760
1054.00,21.6244
1054.50,21.4794
1055.00,21.3939
1055.50,21.3812
1056.00,21.4197
1056.50,21.4747
1057.00,21.5206
1057.50,21.5481
1058.00,21.5598
1058.50,21.5582
1059.00,21.5381
1059.50,21.4930
1060.00,21.4285
1060.50,21.3672
1061.00,21.3351
1061.50,21.3390
1062.00,21.3579
1062.50,21.3576
1063.00,21.3173
1063.50,21.2438
1064.00,21.1637
1064.50,21.1039
1065.00,21.0788
1065.50,21.0888
1066.00,21.1202
1066.50,21.1487
1067.00,21.1532
1067.50,21.1358
1068.00,21.1271
1068.50,21.1616
1069.00,21.2454
1069.50,21.3481
1070.00,21.4296
1070.50,21.4728
1071.00,21.4910
1071.50,21.5061
1072.00,21.5243
1072.50,21.5330
1073.00,21.5134
1073.50,21.4548
1074.00,21.3561
1074.50,21.2221
1075.00,21.0613
1075.50,20.8890
1076.00,20.7324
1076.50,20.6316
1077.00,20.6276
1077.50,20.7380
1078.00,20.9385
1078.50,21.1697
1079.00,21.3674
1079.50,21.4904
1080.00,21.5295
1080.50,21.4997
1081.00,21.4300
1081.50,21.3536
1082.00,21.3001
1082.50,21.2880
1083.00,21.3191
1083.50,21.3773
1084.00,21.4358
1084.50,21.4700
1085.00,21.4680
1085.50,21.4306
1086.00,21.3676
1086.50,21.2948
1087.00,21.2307
1087.50,21.1899
1088.00,21.1776
1088.50,21.1907
1089.00,21.2224
1089.50,21.2630
1090.00,21.2990
1090.50,21.3189
1091.00,21.3210
1091.50,21.3156
1092.00,21.3171
1092.50,21.3343
1093.00,21.3624
1093.50,21.3850
1094.00,21.3856
1094.50,21.3619
1095.00,21.3280
1095.50,21.2999
1096.00,21.2808
1096.50,21.2630
1097.00,21.2421
1097.50,21.2267
1098.00,21.2290
1098.50,21.2496
1099.00,21.2733
1099.50,21.2841
1100.00,21.2852
1100.50,21.3002
1101.00,21.3512
1101.50,21.4324
1102.00,21.5051
1102.50,21.5234
1103.00,21.4664
1103.50,21.3531
1104.00,21.2288
1104.50,21.1398
1105.00,21.1113
1105.50,21.1432
1106.00,21.2179
1106.50,21.3122
1107.00,21.4028
1107.50,21.4661
1108.00,21.4805
1108.50,21.4368
1109.00,21.3517
1109.50,21.2693
1110.00,21.2394
1110.50,21.2842
1111.00,21.3798
1111.50,21.4724
1112.00,21.5145
1112.50,21.4930
1113.00,21.4283
1113.50,21.3539
1114.00,21.2957
1114.50,21.2668
1115.00,21.2703
1115.50,21.3055
1116.00,21.3674
1116.50,21.4420
1117.00,21.5061
1117.50,21.5364
1118.00,21.5218
1118.50,21.4702
1119.00,21.4006
1119.50,21.3302
1120.00,21.2672
1120.50,21.2118
1121.00,21.1629
1121.50,21.1209
1122.00,21.0891
1122.50,21.0744
1123.00,21.0871
1123.50,21.1360
1124.00,21.2169
1124.50,21.3061
1125.00,21.3677
1125.50,21.3738
1126.00,21.3214
1126.50,21.2363
1127.00,21.1565
1127.50,21.1085
1128.00,21.0935
1128.50,21.0967
1129.00,21.1050
1129.50,21.1128
1130.00,21.1146
1130.50,21.0987
1131.00,21.0566
1131.50,21.0008
1132.00,20.9688
1132.50,21.0015
1133.00,21.1104
1133.50,21.2607
1134.00,21.3890
1134.50,21.4434
1135.00,21.4151
1135.50,21.3404
1136.00,21.2737
1136.50,21.2514
1137.00,21.2717
1137.50,21.3006
1138.00,21.2979
1138.50,21.2447
1139.00,21.1527
1139.50,21.0551
1140.00,20.9858
1140.50,20.9607
1141.00,20.9661
1141.50,20.9651
1142.00,20.9213
1142.50,20.8287
1143.00,20.7209
1143.50,20.6502
1144.00,20.6503
1144.50,20.7125
1145.00,20.7925
1145.50,20.8420
1146.00,20.8411
1146.50,20.8079
1147.00,20.7780
1147.50,20.7732
1148.00,20.7874
1148.50,20.7995
1149.00,20.7942
1149.50,20.7738
1150.00,20.7546
1150.50,20.7542
1151.00,20.7769
1151.50,20.8057
1152.00,20.8102
1152.50,20.7683
1153.00,20.6827
1153.50,20.5790
1154.00,20.4889
1154.50,20.4344
1155.00,20.4223
1155.50,20.4446
1156.00,20.4858
1156.50,20.5322
1157.00,20.5765
1157.50,20.6170
1158.00,20.6528
1158.50,20.6823
1159.00,20.7033
1159.50,20.7133
1160.00,20.7096
1160.50,20.6946
1161.00,20.6817
1161.50,20.6916
1162.00,20.7371
1162.50,20.8090
1163.00,20.8813
1163.50,20.9315
1164.00,20.9553
1164.50,20.9604
1165.00,20.9551
1165.50,20.9436
1166.00,20.9294
1166.50,20.9128
1167.00,20.8849
1167.50,20.8308
1168.00,20.7450
1168.50,20.6447
1169.00,20.5637
1169.50,20.5312
1170.00,20.5523
1170.50,20.6046
1171.00,20.6538
1171.50,20.6766
1172.00,20.6760
1172.50,20.6789
1173.00,20.7150
1173.50,20.7923
1174.00,20.8884
1174.50,20.9658
1175.00,20.9978
1175.50,20.9852
1176.00,20.9520
1176.50,20.9277
1177.00,20.9290
1177.50,20.9490
1178.00,20.9583
1178.50,20.9230
1179.00,20.8299
1179.50,20.7029
1180.00,20.5919
1180.50,20.5374
1181.00,20.5432
1181.50,20.5793
1182.00,20.6120
1182.50,20.6302
1183.00,20.6473
1183.50,20.6833
1184.00,20.7412
1184.50,20.7977
1185.00,20.8172
1185.50,20.7818
1186.00,20.7106
1186.50,20.6501
1187.00,20.6403
1187.50,20.6847
1188.00,20.7467
1188.50,20.7747
1189.00,20.7359
1189.50,20.6347
1190.00,20.5065
1190.50,20.3944
1191.00,20.3286
1191.50,20.3178
1192.00,20.3554
1192.50,20.4283
1193.00,20.5218
1193.50,20.6190
1194.00,20.7014
1194.50,20.7551
1195.00,20.7797
1195.50,20.7881
1196.00,20.7942
1196.50,20.8026
1197.00,20.8120
1197.50,20.8288
1198.00,20.8680
1198.50,20.9343
1199.00,21.0079
1199.50,21.0551
1200.00,21.0599
1200.50,21.0378
1201.00,21.0205
1201.50,21.0275
1202.00,21.0542
1202.50,21.0809
1203.00,21.0882
1203.50,21.0689
1204.00,21.0308
1204.50,20.9934
1205.00,20.9761
1205.50,20.9847
1206.00,21.0040
1206.50,21.0037
1207.00,20.9566
1207.50,20.8568
1208.00,20.7265
1208.50,20.6034
1209.00,20.5195
1209.50,20.4867
1210.00,20.4967
1210.50,20.5330
1211.00,20.5830
1211.50,20.6443
1212.00,20.7204
1212.50,20.8074
1213.00,20.8866
1213.50,20.9330
1214.00,20.9359
1214.50,20.9095
1215.00,20.8795
1215.50,20.8622
1216.00,20.8581
1216.50,20.8641
1217.00,20.8870
1217.50,20.9390
1218.00,21.0187
1218.50,21.0997
1219.00,21.1452
1219.50,21.1369
1220.00,21.0927
1220.50,21.0516
1221.00,21.0417
1221.50,21.0575
1222.00,21.0705
1222.50,21.0595
1223.00,21.0318
1223.50,21.0147
1224.00,21.0267
1224.50,21.0562
1225.00,21.0701
1225.50,21.0417
1226.00,20.9760
1226.50,20.9085
1227.00,20.8779
1227.50,20.8979
1228.00,20.9492
1228.50,20.9964
1229.00,21.0132
1229.50,20.9941
1230.00,20.9483
1230.50,20.8902
1231.00,20.8338
1231.50,20.7912
1232.00,20.7687
1232.50,20.7621
1233.00,20.7604
1233.50,20.7569
1234.00,20.7573
1234.50,20.7745
1235.00,20.8143
1235.50,20.8694
1236.00,20.9272
1236.50,20.9808
1237.00,21.0285
1237.50,21.0671
1238.00,21.0911
1238.50,21.0997
1239.00,21.0961
1239.50,21.0822
1240.00,21.0560
1240.50,21.0184
1241.00,20.9772
1241.50,20.9414
1242.00,20.9148
1242.50,20.9009
1243.00,20.9111
1243.50,20.9621
1244.00,21.0603
1244.50,21.1886
1245.00,21.3111
1245.50,21.3930
1246.00,21.4204
1246.50,21.4045
1247.00,21.3690
1247.50,21.3333
1248.00,21.3055
1248.50,21.2859
1249.00,21.2719
1249.50,21.2573
1250.00,21.2329
1250.50,21.1941
1251.00,21.1462
1251.50,21.1002
1252.00,21.0618
1252.50,21.0302
1253.00,21.0073
1253.50,21.0030
1254.00,21.0277
1254.50,21.0800
1255.00,21.1457
1255.50,21.2071
1256.00,21.2521
1256.50,21.2756
1257.00,21.2782
1257.50,21.2661
1258.00,21.2482
1258.50,21.2347
1259.00,21.2342
1259.50,21.2500
1260.00,21.2761
1260.50,21.2991
1261.00,21.3093
1261.50,21.3115
1262.00,21.3212
1262.50,21.3465
1263.00,21.3752
1263.50,21.3788
1264.00,21.3337
1264.50,21.2397
1265.00,21.1214
1265.50,21.0143
1266.00,20.9476
1266.50,20.9350
1267.00,20.9745
1267.50,21.0508
1268.00,21.1381
1268.50,21.2061
1269.00,21.2301
1269.50,21.2003
1270.00,21.1247
1270.50,21.0269
1271.00,20.9401
1271.50,20.8950
1272.00,20.9039
1272.50,20.9532
1273.00,21.0137
1273.50,21.0616
1274.00,21.0884
1274.50,21.0944
1275.00,21.0788
1275.50,21.0407
1276.00,20.9844
1276.50,20.9200
1277.00,20.8608
1277.50,20.8234
1278.00,20.8275
1278.50,20.8858
1279.00,20.9912
1279.50,21.1146
1280.00,21.2231
1280.50,21.3022
1281.00,21.3610
1281.50,21.4126
1282.00,21.4537
1282.50,21.4646
1283.00,21.4277
1283.50,21.3448
1284.00,21.2390
1284.50,21.1425
1285.00,21.0806
1285.50,21.0613
1286.00,21.0794
1286.50,21.1274
1287.00,21.1991
1287.50,21.2817
1288.00,21.3492
1288.50,21.3691
1289.00,21.3223
1289.50,21.2187
1290.00,21.0944
1290.50,20.9921
1291.00,20.9396
1291.50,20.9418
1292.00,20.9840
1292.50,21.0392
1293.00,21.0734
1293.50,21.0569
1294.00,20.9829
1294.50,20.8770
1295.00,20.7835
1295.50,20.7347
1296.00,20.7315
1296.50,20.7513
1297.00,20.7736
1297.50,20.7957
1298.00,20.8281
1298.50,20.8797
1299.00,20.9471
1299.50,21.0126
1300.00,21.0528
1300.50,21.0546
1301.00,21.0270
1301.50,20.9942
1302.00,20.9733
1302.50,20.9595
1303.00,20.9342
1303.50,20.8869
1304.00,20.8288
1304.50,20.7832
1305.00,20.7649
1305.50,20.7693
1306.00,20.7767
1306.50,20.7651
1307.00,20.7227
1307.50,20.6556
1308.00,20.5888
1308.50,20.5580
1309.00,20.5917
1309.50,20.6938
1310.00,20.8350
1310.50,20.9634
1311.00,21.0283
1311.50,21.0065
1312.00,20.9146
1312.50,20.7999
1313.00,20.7112
1313.50,20.6717
1314.00,20.6699
1314.50,20.6758
1315.00,20.6648
1315.50,20.6329
1316.00,20.5941
1316.50,20.5683
1317.00,20.5696
1317.50,20.5995
1318.00,20.6464
1318.50,20.6893
1319.00,20.7043
1319.50,20.6742
1320.00,20.6018
1320.50,20.5167
1321.00,20.4615
1321.50,20.4620
1322.00,20.5041
1322.50,20.5409
1323.00,20.5240
1323.50,20.4369
1324.00,20.3081
1324.50,20.1987
1325.00,20.1691
1325.50,20.2417
1326.00,20.3850
1326.50,20.5343
1327.00,20.6356
1327.50,20.6756
1328.00,20.6732
1328.50,20.6493
1329.00,20.6120
1329.50,20.5676
1330.00,20.5302
1330.50,20.5134
1331.00,20.5156
1331.50,20.5194
1332.00,20.5073
1332.50,20.4759
1333.00,20.4380
1333.50,20.4142
1334.00,20.4207
1334.50,20.4600
1335.00,20.5213
1335.50,20.5889
1336.00,20.6457
1336.50,20.6716
1337.00,20.6486
1337.50,20.5774
1338.00,20.4868
1338.50,20.4194
1339.00,20.3995
1339.50,20.4167
1340.00,20.4375
1340.50,20.4311
1341.00,20.3884
1341.50,20.3257
1342.00,20.2762
1342.50,20.2723
1343.00,20.3259
1343.50,20.4186
1344.00,20.5106
1344.50,20.5630
1345.00,20.5604
1345.50,20.5175
1346.00,20.4620
1346.50,20.4087
1347.00,20.3486
1347.50,20.2652
1348.00,20.1595
1348.50,20.0555
1349.00,19.9824
1349.50,19.9529
1350.00,19.9565
1350.50,19.9699
1351.00,19.9748
1351.50,19.9680
1352.00,19.9590
1352.50,19.9575
1353.00,19.9646
1353.50,19.9721
1354.00,19.9684
1354.50,19.9469
1355.00,19.9112
1355.50,19.8752
1356.00,19.8565
1356.50,19.8669
1357.00,19.9049
1357.50,19.9552
1358.00,19.9969
1358.50,20.0160
1359.00,20.0137
1359.50,20.0039
1360.00,20.0008
1360.50,20.0074
1361.00,20.0149
1361.50,20.0154
1362.00,20.0120
1362.50,20.0160
1363.00,20.0318
1363.50,20.0482
1364.00,20.0470
1364.50,20.0226
1365.00,19.9934
1365.50,19.9927
1366.00,20.0406
1366.50,20.1229
1367.00,20.1962
1367.50,20.2210
1368.00,20.1946
1368.50,20.1512
1369.00,20.1325
1369.50,20.1538
1370.00,20.2010
1370.50,20.2517
1371.00,20.2980
1371.50,20.3480
1372.00,20.4106
1372.50,20.4807
1373.00,20.5409
1373.50,20.5742
1374.00,20.5734
1374.50,20.5366
1375.00,20.4593
1375.50,20.3356
1376.00,20.1738
1376.50,20.0065
1377.00,19.8799
1377.50,19.8261
1378.00,19.8437
1378.50,19.9019
1379.00,19.9644
1379.50,20.0098
1380.00,20.0367
1380.50,20.0534
1381.00,20.0680
1381.50,20.0836
1382.00,20.1007
1382.50,20.1204
1383.00,20.1452
1383.50,20.1765
1384.00,20.2127
1384.50,20.2497
1385.00,20.2845
1385.50,20.3157
1386.00,20.3412
1386.50,20.3573
1387.00,20.3620
1387.50,20.3605
1388.00,20.3656
1388.50,20.3892
1389.00,20.4289
1389.50,20.4646
1390.00,20.4701
1390.50,20.4318
1391.00,20.3567
1391.50,20.2657
1392.00,20.1801
1392.50,20.1168
1393.00,20.0899
1393.50,20.1089
1394.00,20.1701
1394.50,20.2537
1395.00,20.3321
1395.50,20.3840
1396.00,20.4028
1396.50,20.3961
1397.00,20.3802
1397.50,20.3735
1398.00,20.3921
1398.50,20.4442
1399.00,20.5226
1399.50,20.5979
1400.00,20.6293
1400.50,20.5945
1401.00,20.5153
1401.50,20.4512
1402.00,20.4590
1402.50,20.5553
1403.00,20.7093
1403.50,20.8627
1404.00,20.9571
1404.50,20.9563
1405.00,20.8622
1405.50,20.7151
1406.00,20.5717
1406.50,20.4738
1407.00,20.4315
1407.50,20.4295
1408.00,20.4440
1408.50,20.4584
1409.00,20.4685
1409.50,20.4776
1410.00,20.4833
1410.50,20.4709
1411.00,20.4248
1411.50,20.3502
1412.00,20.2791
1412.50,20.2484
1413.00,20.2680
1413.50,20.3091
1414.00,20.3242
1414.50,20.2816
1415.00,20.1882
1415.50,20.0857
1416.00,20.0238
1416.50,20.0303
1417.00,20.0977
1417.50,20.1932
1418.00,20.2823
1418.50,20.3468
1419.00,20.3875
1419.50,20.4145
1420.00,20.4362
1420.50,20.4550
1421.00,20.4695
1421.50,20.4804
1422.00,20.4926
1422.50,20.5103
1423.00,20.5321
1423.50,20.5502
1424.00,20.5564
1424.50,20.5463
1425.00,20.5209
1425.50,20.4854
1426.00,20.4481
1426.50,20.4181
1427.00,20.4059
1427.50,20.4244
1428.00,20.4833
1428.50,20.5761
1429.00,20.6748
1429.50,20.7430
1430.00,20.7620
1430.50,20.7428
1431.00,20.7156
1431.50,20.7059
1432.00,20.7204
1432.50,20.7490
1433.00,20.7773
1433.50,20.7971
1434.00,20.8097
1434.50,20.8225
1435.00,20.8391
1435.50,20.8499
1436.00,20.8332
1436.50,20.7678
1437.00,20.6502
1437.50,20.5028
1438.00,20.3642
1438.50,20.2670
1439.00,20.2192
1439.50,20.2057
1440.00,20.2082
1440.50,20.2243
1441.00,20.2675
1441.50,20.3490
1442.00,20.4612
1442.50,20.5756
1443.00,20.6605
1443.50,20.6978
1444.00,20.6882
1444.50,20.6457
1445.00,20.5874
1445.50,20.5270
1446.00,20.4682
1446.50,20.4051
1447.00,20.3319
1447.50,20.2568
1448.00,20.2016
1448.50,20.1859
1449.00,20.2132
1449.50,20.2740
1450.00,20.3582
1450.50,20.4605
1451.00,20.5749
1451.50,20.6900
1452.00,20.7882
1452.50,20.8524
1453.00,20.8727
1453.50,20.8561
1454.00,20.8288
1454.50,20.8262
1455.00,20.8730
1455.50,20.9666
1456.00,21.0772
1456.50,21.1630
1457.00,21.1879
1457.50,21.1364
1458.00,21.0204
1458.50,20.8736
1459.00,20.7342
1459.50,20.6245
1460.00,20.5449
1460.50,20.4847
1461.00,20.4397
1461.50,20.4207
1462.00,20.4454
1462.50,20.5187
1463.00,20.6230
1463.50,20.7261
1464.00,20.8033
1464.50,20.8519
1465.00,20.8894
1465.50,20.9328
1466.00,20.9802
1466.50,21.0092
1467.00,20.9999
1467.50,20.9579
1468.00,20.9113
1468.50,20.8839
1469.00,20.8758
1469.50,20.8691
1470.00,20.8479
1470.50,20.8089
1471.00,20.7589
1471.50,20.7097
1472.00,20.6760
1472.50,20.6707
1473.00,20.6977
1473.50,20.7501
1474.00,20.8127
1474.50,20.8651
1475.00,20.8878
1475.50,20.8735
1476.00,20.8368
1476.50,20.8067
1477.00,20.8046
1477.50,20.8296
1478.00,20.8662
1478.50,20.9003
1479.00,20.9257
1479.50,20.9433
1480.00,20.9605
1480.50,20.9897
1481.00,21.0367
1481.50,21.0869
1482.00,21.1089
1482.50,21.0774
1483.00,20.9951
1483.50,20.8901
1484.00,20.7951
1484.50,20.7279
1485.00,20.6874
1485.50,20.6623
1486.00,20.6435
1486.50,20.6328
1487.00,20.6434
1487.50,20.6904
1488.00,20.7777
1488.50,20.8924
1489.00,21.0136
1489.50,21.1259
1490.00,21.2241
1490.50,21.3033
1491.00,21.3486
1491.50,21.3403
1492.00,21.2730
1492.50,21.1693
1493.00,21.0689
1493.50,21.0025
1494.00,20.9757
1494.50,20.9735
1495.00,20.9767
1495.50,20.9697
1496.00,20.9399
1496.50,20.8776
1497.00,20.7837
1497.50,20.6787
1498.00,20.5969
1498.50,20.5680
1499.00,20.5999
1499.50,20.6746
1500.00,20.7598
1500.50,20.8237
1501.00,20.8485
1501.50,20.8381
1502.00,20.8165
1502.50,20.8139
1503.00,20.8473
1503.50,20.9086
1504.00,20.9712
1504.50,21.0080
1505.00,21.0051
1505.50,20.9639
1506.00,20.8969
1506.50,20.8247
1507.00,20.7721
1507.50,20.7585
1508.00,20.7854
1508.50,20.8342
1509.00,20.8777
1509.50,20.8974
1510.00,20.8928
1510.50,20.8765
1511.00,20.8649
1511.50,20.8716
1512.00,20.9046
1512.50,20.9618
1513.00,21.0263
1513.50,21.0706
1514.00,21.0719
1514.50,21.0292
1515.00,20.9664
1515.50,20.9188
1516.00,20.9115
1516.50,20.9454
1517.00,20.9988
1517.50,21.0424
1518.00,21.0574
1518.50,21.0420
1519.00,21.0064
1519.50,20.9637
1520.00,20.9212
1520.50,20.8782
1521.00,20.8296
1521.50,20.7771
1522.00,20.7339
1522.50,20.7183
1523.00,20.7382
1523.50,20.7802
1524.00,20.8137
1524.50,20.8103
1525.00,20.7670
1525.50,20.7156
1526.00,20.7053
1526.50,20.7660
1527.00,20.8836
1527.50,21.0080
1528.00,21.0862
1528.50,21.0943
1529.00,21.0461
1529.50,20.9769
1530.00,20.9178
1530.50,20.8801
1531.00,20.8551
1531.50,20.8268
1532.00,20.7876
1532.50,20.7441
1533.00,20.7102
1533.50,20.6926
1534.00,20.6821
1534.50,20.6589
1535.00,20.6119
1535.50,20.5546
1536.00,20.5192
1536.50,20.5314
1537.00,20.5872
1537.50,20.6558
1538.00,20.7050
1538.50,20.7245
1539.00,20.7270
1539.50,20.7283
1540.00,20.7327
1540.50,20.7351
1541.00,20.7363
1541.50,20.7510
1542.00,20.7989
1542.50,20.8871
1543.00,21.0018
1543.50,21.1165
1544.00,21.2062
1544.50,21.2551
1545.00,21.2552
1545.50,21.2047
1546.00,21.1106
1546.50,20.9891
1547.00,20.8612
1547.50,20.7447
1548.00,20.6505
1548.50,20.5832
1549.00,20.5455
1549.50,20.5432
1550.00,20.5835
1550.50,20.6663
1551.00,20.7783
1551.50,20.8978
1552.00,21.0070
1552.50,21.0973
1553.00,21.1634
1553.50,21.1977
1554.00,21.1942
1554.50,21.1554
1555.00,21.0925
1555.50,21.0202
1556.00,20.9497
1556.50,20.8887
1557.00,20.8442
1557.50,20.8233
1558.00,20.8278
1558.50,20.8492
1559.00,20.8694
1559.50,20.8707
1560.00,20.8469
1560.50,20.8067
1561.00,20.7670
1561.50,20.7420
1562.00,20.7332
1562.50,20.7275
1563.00,20.7072
1563.50,20.6668
1564.00,20.6217
1564.50,20.5969
1565.00,20.6050
1565.50,20.6341
1566.00,20.6607
1566.50,20.6741
1567.00,20.6844
1567.50,20.7065
1568.00,20.7376
1568.50,20.7582
1569.00,20.7537
1569.50,20.7322
1570.00,20.7210
1570.50,20.7414
1571.00,20.7866
1571.50,20.8209
1572.00,20.8050
1572.50,20.7267
1573.00,20.6123
1573.50,20.5093
1574.00,20.4563
1574.50,20.4650
1575.00,20.5196
1575.50,20.5855
1576.00,20.6211
1576.50,20.5941
1577.00,20.4973
1577.50,20.3528
1578.00,20.2031
1578.50,20.0922
1579.00,20.0470
1579.50,20.0692
1580.00,20.1402
1580.50,20.2354
1581.00,20.3339
1581.50,20.4195
1582.00,20.4771
1582.50,20.4918
1583.00,20.4561
1583.50,20.3770
1584.00,20.2751
1584.50,20.1738
1585.00,20.0909
1585.50,20.0392
1586.00,20.0309
1586.50,20.0726
1587.00,20.1562
1587.50,20.2571
1588.00,20.3455
1588.50,20.4020
1589.00,20.4277
1589.50,20.4404
1590.00,20.4599
1590.50,20.4907
1591.00,20.5150
1591.50,20.5025
1592.00,20.4311
1592.50,20.3061
1593.00,20.1640
1593.50,20.0584
1594.00,20.0334
1594.50,20.0992
1595.00,20.2272
1595.50,20.3677
1596.00,20.4785
1596.50,20.5435
1597.00,20.5686
1597.50,20.5644
1598.00,20.5322
1598.50,20.4655
1599.00,20.3610
1599.50,20.2267
1600.00,20.0794
1600.50,19.9404
1601.00,19.8303
1601.50,19.7633
1602.00,19.7393
1602.50,19.7434
1603.00,19.7572
1603.50,19.7723
1604.00,19.7940
1604.50,19.8364
1605.00,19.9141
1605.50,20.0351
1606.00,20.1913
1606.50,20.3512
1607.00,20.4658
1607.50,20.4901
1608.00,20.4083
1608.50,20.2445
1609.00,20.0536
1609.50,19.8955
1610.00,19.8083
1610.50,19.7953
1611.00,19.8347
1611.50,19.9005
1612.00,19.9795
1612.50,20.0719
1613.00,20.1821
1613.50,20.3075
1614.00,20.4300
1614.50,20.5171
1615.00,20.5366
1615.50,20.4770
1616.00,20.3582
1616.50,20.2214
1617.00,20.1065
1617.50,20.0311
1618.00,19.9873
1618.50,19.9510
1619.00,19.9004
1619.50,19.8302
1620.00,19.7571
1620.50,19.7102
1621.00,19.7098
1621.50,19.7504
1622.00,19.8019
1622.50,19.8299
1623.00,19.8187
1623.50,19.7781
1624.00,19.7297
1624.50,19.6871
1625.00,19.6471
1625.50,19.6009
1626.00,19.5504
1626.50,19.5129
1627.00,19.5069
1627.50,19.5348
1628.00,19.5817
1628.50,19.6302
1629.00,19.6716
1629.50,19.7020
1630.00,19.7104
1630.50,19.6779
1631.00,19.5918
1631.50,19.4651
1632.00,19.3383
1632.50,19.2586
1633.00,19.2515
1633.50,19.3091
1634.00,19.3998
1634.50,19.4899
1635.00,19.5577
1635.50,19.5955
1636.00,19.6045
1636.50,19.5885
1637.00,19.5522
1637.50,19.5008
1638.00,19.4409
1638.50,19.3823
1639.00,19.3376
1639.50,19.3154
1640.00,19.3138
1640.50,19.3229
1641.00,19.3368
1641.50,19.3587
1642.00,19.3931
1642.50,19.4362
1643.00,19.4813
1643.50,19.5324
1644.00,19.6038
1644.50,19.7015
1645.00,19.8062
1645.50,19.8824
1646.00,19.9044
1646.50,19.8721
1647.00,19.8023
1647.50,19.7121
1648.00,19.6133
1648.50,19.5178
1649.00,19.4408
1649.50,19.3981
1650.00,19.4013
1650.50,19.4529
1651.00,19.5391
1651.50,19.6290
1652.00,19.6858
1652.50,19.6890
1653.00,19.6463
1653.50,19.5861
1654.00,19.5345
1654.50,19.5003
1655.00,19.4769
1655.50,19.4526
1656.00,19.4206
1656.50,19.3823
1657.00,19.3469
1657.50,19.3254
1658.00,19.3205
1658.50,19.3199
1659.00,19.3051
1659.50,19.2673
1660.00,19.2164
1660.50,19.1718
1661.00,19.1420
1661.50,19.1181
1662.00,19.0903
1662.50,19.0665
1663.00,19.0654
1663.50,19.0910
1664.00,19.1265
1664.50,19.1614
1665.00,19.2158
1665.50,19.3221
1666.00,19.4774
1666.50,19.6236
1667.00,19.6811
1667.50,19.6078
1668.00,19.4267
1668.50,19.2059
1669.00,19.0175
1669.50,18.9081
1670.00,18.8895
1670.50,18.9439
1671.00,19.0352
1671.50,19.1242
1672.00,19.1837
1672.50,19.2048
1673.00,19.1951
1673.50,19.1697
1674.00,19.1432
1674.50,19.1245
1675.00,19.1158
1675.50,19.1157
1676.00,19.1244
1676.50,19.1433
1677.00,19.1689
1677.50,19.1874
1678.00,19.1826
1678.50,19.1517
1679.00,19.1111
1679.50,19.0836
1680.00,19.0779
1680.50,19.0854
1681.00,19.0969
1681.50,19.1179
1682.00,19.1638
1682.50,19.2383
1683.00,19.3179
1683.50,19.3630
1684.00,19.3479
1684.50,19.2815
1685.00,19.2008
1685.50,19.1405
1686.00,19.1111
1686.50,19.1017
1687.00,19.0979
1687.50,19.0932
1688.00,19.0836
1688.50,19.0613
1689.00,19.0189
1689.50,18.9592
1690.00,18.8977
1690.50,18.8529
1691.00,18.8331
1691.50,18.8318
1692.00,18.8364
1692.50,18.8419
1693.00,18.8585
1693.50,18.9052
1694.00,18.9921
1694.50,19.1059
1695.00,19.2115
1695.50,19.2679
1696.00,19.2508
1696.50,19.1643
1697.00,19.0385
1697.50,18.9135
1698.00,18.8206
1698.50,18.7710
1699.00,18.7556
1699.50,18.7552
1700.00,18.7535
1700.50,18.7464
1701.00,18.7433
1701.50,18.7622
1702.00,18.8159
1702.50,18.8974
1703.00,18.9762
1703.50,19.0163
1704.00,19.0033
1704.50,18.9540
1705.00,18.9016
1705.50,18.8689
1706.00,18.8547
1706.50,18.8400
1707.00,18.8059
1707.50,18.7503
1708.00,18.6919
1708.50,18.6561
1709.00,18.6562
1709.50,18.6871
1710.00,18.7355
1710.50,18.7907
1711.00,18.8441
1711.50,18.8852
1712.00,18.9052
1712.50,18.9046
1713.00,18.8937
1713.50,18.8809
1714.00,18.8638
1714.50,18.8351
1715.00,18.7998
1715.50,18.7811
1716.00,18.8066
1716.50,18.8859
1717.00,19.0045
1717.50,19.1361
1718.00,19.2603
1718.50,19.3664
1719.00,19.4475
1719.50,19.4996
1720.00,19.5298
1720.50,19.5588
1721.00,19.6071
1721.50,19.6755
1722.00,19.7419
1722.50,19.7793
1723.00,19.7781
1723.50,19.7544
1724.00,19.7386
1724.50,19.7544
1725.00,19.8024
1725.50,19.8611
1726.00,19.9032
1726.50,19.9149
1727.00,19.9020
1727.50,19.8810
1728.00,19.8671
1728.50,19.8679
1729.00,19.8850
1729.50,19.9141
1730.00,19.9435
1730.50,19.9537
1731.00,19.9272
1731.50,19.8647
1732.00,19.7929
1732.50,19.7504
1733.00,19.7615
1733.50,19.8208
1734.00,19.9000
1734.50,19.9669
1735.00,20.0013
1735.50,20.0005
1736.00,19.9772
1736.50,19.9538
1737.00,19.9519
1737.50,19.9797
1738.00,20.0253
1738.50,20.0626
1739.00,20.0715
1739.50,20.0517
1740.00,20.0187
1740.50,19.9873
1741.00,19.9618
1741.50,19.9405
1742.00,19.9255
1742.50,19.9247
1743.00,19.9427
1743.50,19.9702
1744.00,19.9850
1744.50,19.9684
1745.00,19.9223
1745.50,19.8691
1746.00,19.8361
1746.50,19.8398
1747.00,19.8809
1747.50,19.9464
1748.00,20.0153
1748.50,20.0679
1749.00,20.0981
1749.50,20.1149
1750.00,20.1298
1750.50,20.1413
1751.00,20.1364
1751.50,20.1063
1752.00,20.0578
1752.50,20.0086
1753.00,19.9753
1753.50,19.9655
1754.00,19.9800
1754.50,20.0172
1755.00,20.0748
1755.50,20.1431
1756.00,20.2002
1756.50,20.2206
1757.00,20.1965
1757.50,20.1463
1758.00,20.1005
1758.50,20.0745
1759.00,20.0584
1759.50,20.0318
1760.00,19.9869
1760.50,19.9382
1761.00,19.9108
1761.50,19.9210
1762.00,19.9660
1762.50,20.0288
1763.00,20.0902
1763.50,20.1384
1764.00,20.1712
1764.50,20.1953
1765.00,20.2228
1765.50,20.2618
1766.00,20.3097
1766.50,20.3549
1767.00,20.3917
1767.50,20.4269
1768.00,20.4705
1768.50,20.5194
1769.00,20.5562
1769.50,20.5623
1770.00,20.5324
1770.50,20.4775
1771.00,20.4191
1771.50,20.3795
1772.00,20.3717
1772.50,20.3951
1773.00,20.4394
1773.50,20.4917
1774.00,20.5395
1774.50,20.5717
1775.00,20.5812
1775.50,20.5716
1776.00,20.5590
1776.50,20.5616
1777.00,20.5857
1777.50,20.6204
1778.00,20.6472
1778.50,20.6557
1779.00,20.6500
1779.50,20.6420
1780.00,20.6374
1780.50,20.6308
1781.00,20.6134
1781.50,20.5829
1782.00,20.5460
1782.50,20.5128
1783.00,20.4913
1783.50,20.4851
1784.00,20.4937
1784.50,20.5127
1785.00,20.5368
1785.50,20.5618
1786.00,20.5854
1786.50,20.6078
1787.00,20.6324
1787.50,20.6635
1788.00,20.6986
1788.50,20.7254
1789.00,20.7292
1789.50,20.7060
1790.00,20.6682
1790.50,20.6361
1791.00,20.6236
1791.50,20.6296
1792.00,20.6431
1792.50,20.6542
1793.00,20.6616
1793.50,20.6719
1794.00,20.6940
1794.50,20.7299
1795.00,20.7700
1795.50,20.7965
1796.00,20.7990
1796.50,20.7854
1797.00,20.7755
1797.50,20.7819
1798.00,20.7986
1798.50,20.8087
1799.00,20.8026
1799.50,20.7897
1800.00,20.7917
1800.50,20.8275
1801.00,20.9021
1801.50,21.0045
1802.00,21.1129
1802.50,21.2025
1803.00,21.2544
1803.50,21.2605
1804.00,21.2195
1804.50,21.1302
1805.00,20.9955
1805.50,20.8363
1806.00,20.6947
1806.50,20.6127
1807.00,20.5988
1807.50,20.6172
1808.00,20.6145
1808.50,20.5629
1809.00,20.4797
1809.50,20.4098
1810.00,20.3924
1810.50,20.4409
1811.00,20.5407
1811.50,20.6558
1812.00,20.7418
1812.50,20.7684
1813.00,20.7386
1813.50,20.6855
1814.00,20.6441
1814.50,20.6224
1815.00,20.6010
1815.50,20.5603
1816.00,20.5058
1816.50,20.4648
1817.00,20.4570
1817.50,20.4728
1818.00,20.4797
1818.50,20.4487
1819.00,20.3790
1819.50,20.3005
1820.00,20.2563
1820.50,20.2757
1821.00,20.3538
1821.50,20.4556
1822.00,20.5401
1822.50,20.5852
1823.00,20.5942
1823.50,20.5851
1824.00,20.5774
1824.50,20.5824
1825.00,20.5996
1825.50,20.6211
1826.00,20.6399
1826.50,20.6564
1827.00,20.6754
1827.50,20.6987
1828.00,20.7231
1828.50,20.7434
1829.00,20.7553
1829.50,20.7545
1830.00,20.7355
1830.50,20.6932
1831.00,20.6284
1831.50,20.5531
1832.00,20.4896
1832.50,20.4596
1833.00,20.4714
1833.50,20.5172
1834.00,20.5765
1834.50,20.6241
1835.00,20.6395
1835.50,20.6177
1836.00,20.5732
1836.50,20.5302
1837.00,20.5096
1837.50,20.5213
1838.00,20.5638
1838.50,20.6291
1839.00,20.7089
1839.50,20.7993
1840.00,20.8968
1840.50,20.9889
1841.00,21.0532
1841.50,21.0721
1842.00,21.0494
1842.50,21.0110
1843.00,20.9813
1843.50,20.9627
1844.00,20.9388
1844.50,20.9004
1845.00,20.8620
1845.50,20.8512
1846.00,20.8825
1846.50,20.9424
1847.00,20.9992
1847.50,21.0253
1848.00,21.0089
1848.50,20.9529
1849.00,20.8681
1849.50,20.7731
1850.00,20.6939
1850.50,20.6532
1851.00,20.6553
1851.50,20.6809
1852.00,20.7018
1852.50,20.7025
1853.00,20.6887
1853.50,20.6771
1854.00,20.6786
1854.50,20.6932
1855.00,20.7174
1855.50,20.7485
1856.00,20.7808
1856.50,20.8015
1857.00,20.7961
1857.50,20.7592
1858.00,20.6981
1858.50,20.6264
1859.00,20.5543
1859.50,20.4880
1860.00,20.4357
1860.50,20.4121
1861.00,20.4339
1861.50,20.5090
1862.00,20.6268
1862.50,20.7596
1863.00,20.8737
1863.50,20.9466
1864.00,20.9757
1864.50,20.9748
1865.00,20.9608
1865.50,20.9386
1866.00,20.8980
1866.50,20.8230
1867.00,20.7103
1867.50,20.5807
1868.00,20.4711
1868.50,20.4132
1869.00,20.4148
1869.50,20.4606
1870.00,20.5283
1870.50,20.6037
1871.00,20.6847
1871.50,20.7723
1872.00,20.8577
1872.50,20.9190
1873.00,20.9336
1873.50,20.8947
1874.00,20.8192
1874.50,20.7378
1875.00,20.6746
1875.50,20.6315
1876.00,20.5901
1876.50,20.5319
1877.00,20.4594
1877.50,20.3954
1878.00,20.3642
1878.50,20.3737
1879.00,20.4182
1879.50,20.4889
1880.00,20.5781
1880.50,20.6722
1881.00,20.7500
1881.50,20.7932
1882.00,20.7979
1882.50,20.7741
1883.00,20.7364
1883.50,20.6987
1884.00,20.6765
1884.50,20.6835
1885.00,20.7209
1885.50,20.7697
1886.00,20.8001
1886.50,20.7927
1887.00,20.7548
1887.50,20.7190
1888.00,20.7245
1888.50,20.7921
1889.00,20.9102
1889.50,21.0420
1890.00,21.1487
1890.50,21.2072
1891.00,21.2122
1891.50,21.1663
1892.00,21.0757
1892.50,20.9537
1893.00,20.8236
1893.50,20.7138
1894.00,20.6489
1894.50,20.6451
1895.00,20.7071
1895.50,20.8241
1896.00,20.9689
1896.50,21.1047
1897.00,21.2002
1897.50,21.2412
1898.00,21.2342
1898.50,21.2010
1899.00,21.1665
1899.50,21.1423
1900.00,21.1151
1900.50,21.0542
1901.00,20.9369
1901.50,20.7744
1902.00,20.6136
1902.50,20.5090
1903.00,20.4858
1903.50,20.5271
1904.00,20.5943
1904.50,20.6590
1905.00,20.7159
1905.50,20.7707
1906.00,20.8220
1906.50,20.8579
1907.00,20.8661
1907.50,20.8450
1908.00,20.8054
1908.50,20.7621
1909.00,20.7257
1909.50,20.6985
1910.00,20.6795
1910.50,20.6694
1911.00,20.6706
1911.50,20.6809
1912.00,20.6934
1912.50,20.7010
1913.00,20.7029
1913.50,20.7042
1914.00,20.7129
1914.50,20.7371
1915.00,20.7819
1915.50,20.8428
1916.00,20.9018
1916.50,20.9364
1917.00,20.9361
1917.50,20.9102
1918.00,20.8769
1918.50,20.8450
1919.00,20.8105
1919.50,20.7697
1920.00,20.7313
1920.50,20.7114
1921.00,20.7205
1921.50,20.7569
1922.00,20.8088
1922.50,20.8599
1923.00,20.8954
1923.50,20.9115
1924.00,20.9208
1924.50,20.9451
1925.00,21.0010
1925.50,21.0915
1926.00,21.2063
1926.50,21.3242
1927.00,21.4190
1927.50,21.4699
1928.00,21.4761
1928.50,21.4611
1929.00,21.4574
1929.50,21.4815
1930.00,21.5178
1930.50,21.5273
1931.00,21.4768
1931.50,21.3654
1932.00,21.2279
1932.50,21.1125
1933.00,21.0544
1933.50,21.0630
1934.00,21.1239
1934.50,21.2083
1935.00,21.2842
1935.50,21.3291
1936.00,21.3378
1936.50,21.3210
1937.00,21.2938
1937.50,21.2647
1938.00,21.2319
1938.50,21.1896
1939.00,21.1389
1939.50,21.0920
1940.00,21.0678
1940.50,21.0761
1941.00,21.1077
1941.50,21.1365
1942.00,21.1376
1942.50,21.1030
1943.00,21.0460
1943.50,20.9882
1944.00,20.9455
1944.50,20.9234
1945.00,20.9233
1945.50,20.9464
1946.00,20.9872
1946.50,21.0286
1947.00,21.0499
1947.50,21.0464
1948.00,21.0397
1948.50,21.0646
1949.00,21.1433
1949.50,21.2669
1950.00,21.4033
1950.50,21.5191
1951.00,21.5968
1951.50,21.6368
1952.00,21.6506
1952.50,21.6569
1953.00,21.6770
1953.50,21.7283
1954.00,21.8152
1954.50,21.9247
1955.00,22.0325
1955.50,22.1148
1956.00,22.1585
1956.50,22.1649
1957.00,22.1454
1957.50,22.1147
1958.00,22.0836
1958.50,22.0556
1959.00,22.0286
1959.50,22.0014
1960.00,21.9779
1960.50,21.9677
1961.00,21.9813
1961.50,22.0244
1962.00,22.0916
1962.50,22.1663
1963.00,22.2269
1963.50,22.2573
1964.00,22.2561
1964.50,22.2354
1965.00,22.2121
1965.50,22.1995
1966.00,22.2037
1966.50,22.2210
1967.00,22.2352
1967.50,22.2214
1968.00,22.1644
1968.50,22.0791
1969.00,22.0079
1969.50,21.9889
1970.00,22.0223
1970.50,22.0706
1971.00,22.0913
1971.50,22.0716
1972.00,22.0359
1972.50,22.0249
1973.00,22.0673
1973.50,22.1642
1974.00,22.2902
1974.50,22.4070
1975.00,22.4806
1975.50,22.4955
1976.00,22.4588
1976.50,22.3920
1977.00,22.3204
1977.50,22.2634
1978.00,22.2307
1978.50,22.2207
1979.00,22.2220
1979.50,22.2198
1980.00,22.2009
1980.50,22.1589
1981.00,22.0954
1981.50,22.0204
1982.00,21.9506
1982.50,21.9046
1983.00,21.8965
1983.50,21.9246
1984.00,21.9700
1984.50,22.0083
1985.00,22.0286
1985.50,22.0402
1986.00,22.0604
1986.50,22.0942
1987.00,22.1281
1987.50,22.1407
1988.00,22.1209
1988.50,22.0777
1989.00,22.0350
1989.50,22.0160
1990.00,22.0304
1990.50,22.0706
1991.00,22.1196
1991.50,22.1629
1992.00,22.1944
1992.50,22.2138
1993.00,22.2199
1993.50,22.2111
1994.00,22.1898
1994.50,22.1649
1995.00,22.1472
1995.50,22.1408
1996.00,22.1403
1996.50,22.1361
1997.00,22.1211
1997.50,22.0928
1998.00,22.0524
1998.50,22.0079
1999.00,21.9773
1999.50,21.9818
2000.00,22.0321
2000.50,22.1220
2001.00,22.2353
2001.50,22.3565
2002.00,22.4709
2002.50,22.5584
2003.00,22.5953
2003.50,22.5647
2004.00,22.4694
2004.50,22.3333
2005.00,22.1894
2005.50,22.0644
2006.00,21.9718
2006.50,21.9162
2007.00,21.8984
2007.50,21.9141
2008.00,21.9510
2008.50,21.9920
2009.00,22.0244
2009.50,22.0440
2010.00,22.0526
2010.50,22.0500
2011.00,22.0301
2011.50,21.9849
2012.00,21.9132
2012.50,21.8280
2013.00,21.7555
2013.50,21.7233
2014.00,21.7454
2014.50,21.8106
2015.00,21.8860
2015.50,21.9314
2016.00,21.9214
2016.50,21.8598
2017.00,21.7779
2017.50,21.7165
2018.00,21.7026
2018.50,21.7351
2019.00,21.7877
2019.50,21.8232
2020.00,21.8114
2020.50,21.7437
2021.00,21.6376
2021.50,21.5246
2022.00,21.4300
2022.50,21.3587
2023.00,21.3024
2023.50,21.2610
2024.00,21.2525
2024.50,21.2999
2025.00,21.4057
2025.50,21.5410
2026.00,21.6579
2026.50,21.7161
2027.00,21.7014
2027.50,21.6280
2028.00,21.5294
2028.50,21.4460
2029.00,21.4118
2029.50,21.4377
2030.00,21.5001
2030.50,21.5506
2031.00,21.5478
2031.50,21.4851
2032.00,21.3895
2032.50,21.2979
2033.00,21.2353
2033.50,21.2136
2034.00,21.2371
2034.50,21.3023
2035.00,21.3941
2035.50,21.4908
2036.00,21.5756
2036.50,21.6424
2037.00,21.6898
2037.50,21.7144
2038.00,21.7107
2038.50,21.6771
2039.00,21.6183
2039.50,21.5457
2040.00,21.4757
2040.50,21.4238
2041.00,21.3955
2041.50,21.3811
2042.00,21.3645
2042.50,21.3371
2043.00,21.3049
2043.50,21.2825
2044.00,21.2825
2044.50,21.3089
2045.00,21.3566
2045.50,21.4116
2046.00,21.4567
2046.50,21.4816
2047.00,21.4906
2047.50,21.4970
2048.00,21.5086
2048.50,21.5178
2049.00,21.5070
2049.50,21.4625
2050.00,21.3842
2050.50,21.2906
2051.00,21.2161
2051.50,21.1971
2052.00,21.2468
2052.50,21.3399
2053.00,21.4263
2053.50,21.4641
2054.00,21.4429
2054.50,21.3819
2055.00,21.3127
2055.50,21.2618
2056.00,21.2426
2056.50,21.2540
2057.00,21.2811
2057.50,21.3016
2058.00,21.2984
2058.50,21.2718
2059.00,21.2392
2059.50,21.2180
2060.00,21.2095
2060.50,21.2002
2061.00,21.1781
2061.50,21.1446
2062.00,21.1113
2062.50,21.0906
2063.00,21.0908
2063.50,21.1161
2064.00,21.1632
2064.50,21.2184
2065.00,21.2620
2065.50,21.2775
2066.00,21.2601
2066.50,21.2212
2067.00,21.1885
2067.50,21.1956
2068.00,21.2596
2068.50,21.3642
2069.00,21.4673
2069.50,21.5290
2070.00,21.5366
2070.50,21.5072
2071.00,21.4708
2071.50,21.4502
2072.00,21.4511
2072.50,21.4635
2073.00,21.4701
2073.50,21.4582
2074.00,21.4270
2074.50,21.3872
2075.00,21.3525
2075.50,21.3305
2076.00,21.3239
2076.50,21.3367
2077.00,21.3754
2077.50,21.4405
2078.00,21.5177
2078.50,21.5811
2079.00,21.6080
2079.50,21.5909
2080.00,21.5398
2080.50,21.4774
2081.00,21.4338
2081.50,21.4371
2082.00,21.5029
2082.50,21.6220
2083.00,21.7546
2083.50,21.8423
2084.00,21.8398
2084.50,21.7474
2085.00,21.6152
2085.50,21.5072
2086.00,21.4540
2086.50,21.4361
2087.00,21.4104
2087.50,21.3536
2088.00,21.2813
2088.50,21.2302
2089.00,21.2229
2089.50,21.2480
2090.00,21.2724
2090.50,21.2720
2091.00,21.2518
2091.50,21.2398
2092.00,21.2641
2092.50,21.3348
2093.00,21.4413
2093.50,21.5573
2094.00,21.6464
2094.50,21.6727
2095.00,21.6160
2095.50,21.4848
2096.00,21.3139
2096.50,21.1452
2097.00,21.0089
2097.50,20.9178
2098.00,20.8716
2098.50,20.8610
2099.00,20.8696
2099.50,20.8810
2100.00,20.8891
2100.50,20.9022
2101.00,20.9336
2101.50,20.9864
2102.00,21.0476
2102.50,21.0957
2103.00,21.1181
2103.50,21.1225
2104.00,21.1321
2104.50,21.1662
2105.00,21.2215
2105.50,21.2720
2106.00,21.2883
2106.50,21.2604
2107.00,21.2044
2107.50,21.1466
2108.00,21.1009
2108.50,21.0599
2109.00,21.0074
2109.50,20.9412
2110.00,20.8813
2110.50,20.8568
2111.00,20.8815
2111.50,20.9426
2112.00,21.0095
2112.50,21.0561
2113.00,21.0818
2113.50,21.1121
2114.00,21.1779
2114.50,21.2879
2115.00,21.4206
2115.50,21.5429
2116.00,21.6344
2116.50,21.6969
2117.00,21.7425
2117.50,21.7785
2118.00,21.7977
2118.50,21.7820
2119.00,21.7161
2119.50,21.6009
2120.00,21.4568
2120.50,21.3144
2121.00,21.2025
2121.50,21.1421
2122.00,21.1444
2122.50,21.2068
2123.00,21.3090
2123.50,21.4155
2124.00,21.4862
2124.50,21.4917
2125.00,21.4222
2125.50,21.2900
2126.00,21.1261
2126.50,20.9740
2127.00,20.8763
2127.50,20.8564
2128.00,20.9045
2128.50,20.9814
2129.00,21.0424
2129.50,21.0649
2130.00,21.0601
2130.50,21.0597
2131.00,21.0902
2131.50,21.1556
2132.00,21.2384
2132.50,21.3137
2133.00,21.3642
2133.50,21.3894
2134.00,21.4062
2134.50,21.4390
2135.00,21.5024
2135.50,21.5860
2136.00,21.6587
2136.50,21.6896
2137.00,21.6716
2137.50,21.6238
2138.00,21.5754
2138.50,21.5450
2139.00,21.5328
2139.50,21.5239
2140.00,21.4987
2140.50,21.4453
2141.00,21.3677
2141.50,21.2857
2142.00,21.2213
2142.50,21.1838
2143.00,21.1646
2143.50,21.1476
2144.00,21.1267
2144.50,21.1112
2145.00,21.1152
2145.50,21.1408
2146.00,21.1704
2146.50,21.1779
2147.00,21.1478
2147.50,21.0891
2148.00,21.0287
2148.50,20.9914
2149.00,20.9820
2149.50,20.9865
2150.00,20.9867
2150.50,20.9745
2151.00,20.9559
2151.50,20.9459
2152.00,20.9615
2152.50,21.0131
2153.00,21.0951
2153.50,21.1837
2154.00,21.2479
2154.50,21.2680
2155.00,21.2452
2155.50,21.1993
2156.00,21.1574
2156.50,21.1425
2157.00,21.1642
2157.50,21.2151
2158.00,21.2738
2158.50,21.3180
2159.00,21.3370
2159.50,21.3354
2160.00,21.3254
2160.50,21.3134
2161.00,21.2977
2161.50,21.2800
2162.00,21.2796
2162.50,21.3258
2163.00,21.4324
2163.50,21.5796
2164.00,21.7213
2164.50,21.8102
2165.00,21.8228
2165.50,21.7701
2166.00,21.6874
2166.50,21.6101
2167.00,21.5527
2167.50,21.5117
2168.00,21.4822
2168.50,21.4640
2169.00,21.4482
2169.50,21.4074
2170.00,21.3127
2170.50,21.1597
2171.00,20.9781
2171.50,20.8167
2172.00,20.7213
2172.50,20.7155
2173.00,20.7883
2173.50,20.8976
2174.00,20.9957
2174.50,21.0616
2175.00,21.1109
2175.50,21.1731
2176.00,21.2608
2176.50,21.3564
2177.00,21.4277
2177.50,21.4547
2178.00,21.4438
2178.50,21.4189
2179.00,21.4010
2179.50,21.3961
2180.00,21.4010
2180.50,21.4120
2181.00,21.4269
2181.50,21.4429
2182.00,21.4556
2182.50,21.4615
2183.00,21.4568
2183.50,21.4351
2184.00,21.3905
2184.50,21.3269
2185.00,21.2614
2185.50,21.2163
2186.00,21.2026
2186.50,21.2120
2187.00,21.2236
2187.50,21.2194
2188.00,21.1956
2188.50,21.1614
2189.00,21.1312
2189.50,21.1182
2190.00,21.1313
2190.50,21.1732
2191.00,21.2351
2191.50,21.2977
2192.00,21.3408
2192.50,21.3544
2193.00,21.3393
2193.50,21.2988
2194.00,21.2331
2194.50,21.1433
2195.00,21.0402
2195.50,20.9470
2196.00,20.8929
2196.50,20.9000
2197.00,20.9703
2197.50,21.0820
2198.00,21.2003
2198.50,21.2969
2199.00,21.3614
2199.50,21.3971
2200.00,21.4101
2200.50,21.4026
2201.00,21.3766
2201.50,21.3404
2202.00,21.3084
2202.50,21.2915
2203.00,21.2851
2203.50,21.2722
2204.00,21.2396
2204.50,21.1941
2205.00,21.1580
2205.50,21.1474
2206.00,21.1576
2206.50,21.1673
2207.00,21.1580
2207.50,21.1274
2208.00,21.0893
2208.50,21.0622
2209.00,21.0615
2209.50,21.0951
2210.00,21.1590
2210.50,21.2321
2211.00,21.2794
2211.50,21.2707
2212.00,21.2042
2212.50,21.1137
2213.00,21.0472
2213.50,21.0311
2214.00,21.0534
2214.50,21.0786
2215.00,21.0789
2215.50,21.0536
2216.00,21.0227
2216.50,21.0099
2217.00,21.0288
2217.50,21.0777
2218.00,21.1401
2218.50,21.1932
2219.00,21.2221
2219.50,21.2283
2220.00,21.2245
2220.50,21.2207
2221.00,21.2198
2221.50,21.2272
2222.00,21.2579
2222.50,21.3318
2223.00,21.4565
2223.50,21.6141
2224.00,21.7628
2224.50,21.8560
2225.00,21.8696
2225.50,21.8157
2226.00,21.7298
2226.50,21.6437
2227.00,21.5687
2227.50,21.5028
2228.00,21.4468
2228.50,21.4119
2229.00,21.4125
2229.50,21.4550
2230.00,21.5329
2230.50,21.6294
2231.00,21.7247
2231.50,21.8037
2232.00,21.8610
2232.50,21.9011
2233.00,21.9325
2233.50,21.9586
2234.00,21.9749
2234.50,21.9714
2235.00,21.9404
2235.50,21.8847
2236.00,21.8206
2236.50,21.7717
2237.00,21.7526
2237.50,21.7572
2238.00,21.7636
2238.50,21.7527
2239.00,21.7233
2239.50,21.6888
2240.00,21.6594
2240.50,21.6303
2241.00,21.5878
2241.50,21.5262
2242.00,21.4588
2242.50,21.4116
2243.00,21.4052
2243.50,21.4366
2244.00,21.4780
2244.50,21.4958
2245.00,21.4745
2245.50,21.4231
2246.00,21.3628
2246.50,21.3109
2247.00,21.2760
2247.50,21.2614
2248.00,21.2676
2248.50,21.2913
2249.00,21.3268
2249.50,21.3682
2250.00,21.4121
2250.50,21.4566
2251.00,21.5015
2251.50,21.5452
2252.00,21.5827
2252.50,21.6083
2253.00,21.6234
2253.50,21.6373
2254.00,21.6608
2254.50,21.6981
2255.00,21.7456
2255.50,21.7949
2256.00,21.8335
2256.50,21.8464
2257.00,21.8213
2257.50,21.7544
2258.00,21.6511
2258.50,21.5227
2259.00,21.3853
2259.50,21.2618
2260.00,21.1786
2260.50,21.1521
2261.00,21.1773
2261.50,21.2297
2262.00,21.2833
2262.50,21.3248
2263.00,21.3522
2263.50,21.3657
2264.00,21.3627
2264.50,21.3421
2265.00,21.3077
2265.50,21.2686
2266.00,21.2354
2266.50,21.2144
2267.00,21.2057
2267.50,21.2085
2268.00,21.2257
2268.50,21.2611
2269.00,21.3099
2269.50,21.3583
2270.00,21.3939
2270.50,21.4126
2271.00,21.4157
2271.50,21.4045
2272.00,21.3836
2272.50,21.3630
2273.00,21.3521
2273.50,21.3513
2274.00,21.3532
2274.50,21.3565
2275.00,21.3729
2275.50,21.4163
2276.00,21.4838
2276.50,21.5521
2277.00,21.5948
2277.50,21.6028
2278.00,21.5868
2278.50,21.5645
2279.00,21.5489
2279.50,21.5460
2280.00,21.5557
2280.50,21.5719
2281.00,21.5858
2281.50,21.5916
2282.00,21.5880
2282.50,21.5739
2283.00,21.5460
2283.50,21.5036
2284.00,21.4560
2284.50,21.4197
2285.00,21.4081
2285.50,21.4211
2286.00,21.4467
2286.50,21.4733
2287.00,21.4976
2287.50,21.5219
2288.00,21.5425
2288.50,21.5455
2289.00,21.5155
2289.50,21.4495
2290.00,21.3640
2290.50,21.2878
2291.00,21.2466
2291.50,21.2509
2292.00,21.2938
2292.50,21.3580
2293.00,21.4218
2293.50,21.4652
2294.00,21.4775
2294.50,21.4632
2295.00,21.4395
2295.50,21.4274
2296.00,21.4392
2296.50,21.4703
2297.00,21.4996
2297.50,21.5028
2298.00,21.4725
2298.50,21.4266
2299.00,21.3989
2299.50,21.4169
2300.00,21.4830
2300.50,21.5701
2301.00,21.6350
2301.50,21.6444
2302.00,21.5953
2302.50,21.5135
2303.00,21.4329
2303.50,21.3743
2304.00,21.3402
2304.50,21.3237
2305.00,21.3183
2305.50,21.3200
2306.00,21.3246
2306.50,21.3254
2307.00,21.3149
2307.50,21.2883
2308.00,21.2454
2308.50,21.1897
2309.00,21.1263
2309.50,21.0640
2310.00,21.0234
2310.50,21.0350
2311.00,21.1175
2311.50,21.2531
2312.00,21.3888
2312.50,21.4695
2313.00,21.4741
2313.50,21.4182
2314.00,21.3308
2314.50,21.2354
2315.00,21.1479
2315.50,21.0813
2316.00,21.0434
2316.50,21.0327
2317.00,21.0446
2317.50,21.0790
2318.00,21.1397
2318.50,21.2230
2319.00,21.3150
2319.50,21.4023
2320.00,21.4836
2320.50,21.5642
2321.00,21.6405
2321.50,21.6951
2322.00,21.7085
2322.50,21.6760
2323.00,21.6104
2323.50,21.5331
2324.00,21.4622
2324.50,21.4076
2325.00,21.3722
2325.50,21.3550
2326.00,21.3502
2326.50,21.3448
2327.00,21.3256
2327.50,21.2920
2328.00,21.2619
2328.50,21.2585
2329.00,21.2912
2329.50,21.3490
2330.00,21.4095
2330.50,21.4509
2331.00,21.4616
2331.50,21.4428
2332.00,21.4043
2332.50,21.3566
2333.00,21.3063
2333.50,21.2552
2334.00,21.1987
2334.50,21.1250
2335.00,21.0237
2335.50,20.8985
2336.00,20.7704
2336.50,20.6670
2337.00,20.6078
2337.50,20.5957
2338.00,20.6190
2338.50,20.6600
2339.00,20.7054
2339.50,20.7526
2340.00,20.8059
2340.50,20.8644
2341.00,20.9169
2341.50,20.9490
2342.00,20.9524
2342.50,20.9282
2343.00,20.8831
2343.50,20.8293
2344.00,20.7839
2344.50,20.7624
2345.00,20.7680
2345.50,20.7928
2346.00,20.8291
2346.50,20.8763
2347.00,20.9331
2347.50,20.9860
2348.00,21.0154
2348.50,21.0150
2349.00,20.9995
2349.50,20.9904
2350.00,20.9932
2350.50,20.9941
2351.00,20.9771
2351.50,20.9413
2352.00,20.9006
2352.50,20.8687
2353.00,20.8487
2353.50,20.8337
2354.00,20.8121
2354.50,20.7724
2355.00,20.7076
2355.50,20.6203
2356.00,20.5254
2356.50,20.4475
2357.00,20.4133
2357.50,20.4389
2358.00,20.5192
2358.50,20.6283
2359.00,20.7323
2359.50,20.8073
2360.00,20.8498
2360.50,20.8737
2361.00,20.8970
2361.50,20.9268
2362.00,20.9524
2362.50,20.9515
2363.00,20.9063
2363.50,20.8162
2364.00,20.6985
2364.50,20.5760
2365.00,20.4675
2365.50,20.3859
2366.00,20.3411
2366.50,20.3394
2367.00,20.3783
2367.50,20.4461
2368.00,20.5231
2368.50,20.5863
2369.00,20.6142
2369.50,20.5954
2370.00,20.5355
2370.50,20.4558
2371.00,20.3831
2371.50,20.3372
2372.00,20.3242
2372.50,20.3375
2373.00,20.3642
2373.50,20.3937
2374.00,20.4232
2374.50,20.4548
2375.00,20.4879
2375.50,20.5145
2376.00,20.5253
2376.50,20.5217
2377.00,20.5242
2377.50,20.5642
2378.00,20.6605
2378.50,20.8000
2379.00,20.9401
2379.50,21.0364
2380.00,21.0712
2380.50,21.0586
2381.00,21.0246
2381.50,20.9829
2382.00,20.9283
2382.50,20.8485
2383.00,20.7387
2383.50,20.6090
2384.00,20.4820
2384.50,20.3861
2385.00,20.3436
2385.50,20.3579
2386.00,20.4105
2386.50,20.4756
2387.00,20.5418
2387.50,20.6178
2388.00,20.7141
2388.50,20.8195
2389.00,20.8973
2389.50,20.9097
2390.00,20.8499
2390.50,20.7521
2391.00,20.6717
2391.50,20.6521
2392.00,20.7037
2392.50,20.8044
2393.00,20.9149
2393.50,20.9952
2394.00,21.0201
2394.50,20.9895
2395.00,20.9291
2395.50,20.8724
2396.00,20.8379
2396.50,20.8206
2397.00,20.8074
2397.50,20.7945
2398.00,20.7867
2398.50,20.7826
2399.00,20.7680
2399.50,20.7290
2400.00,20.6724
2400.50,20.6331
2401.00,20.6550
2401.50,20.7575
2402.00,20.9136
2402.50,21.0615
2403.00,21.1424
2403.50,21.1367
2404.00,21.0744
2404.50,21.0127
2405.00,20.9971
2405.50,21.0354
2406.00,21.1027
2406.50,21.1672
2407.00,21.2117
2407.50,21.2380
2408.00,21.2622
2408.50,21.3041
2409.00,21.3747
2409.50,21.4678
2410.00,21.5634
2410.50,21.6431
2411.00,21.7019
2411.50,21.7482
2412.00,21.7939
2412.50,21.8438
2413.00,21.8944
2413.50,21.9397
2414.00,21.9758
2414.50,22.0000
2415.00,22.0093
2415.50,22.0034
2416.00,21.9867
2416.50,21.9635
2417.00,21.9317
2417.50,21.8845
2418.00,21.8192
2418.50,21.7419
2419.00,21.6638
2419.50,21.5933
2420.00,21.5316
2420.50,21.4734
2421.00,21.4089
2421.50,21.3293
2422.00,21.2348
2422.50,21.1406
2423.00,21.0711
2423.50,21.0435
2424.00,21.0566
2424.50,21.0936
2425.00,21.1350
2425.50,21.1655
2426.00,21.1759
2426.50,21.1676
2427.00,21.1550
2427.50,21.1567
2428.00,21.1816
2428.50,21.2244
2429.00,21.2753
2429.50,21.3296
2430.00,21.3851
2430.50,21.4356
2431.00,21.4733
2431.50,21.4983
2432.00,21.5179
2432.50,21.5363
2433.00,21.5460
2433.50,21.5316
2434.00,21.4796
2434.50,21.3864
2435.00,21.2652
2435.50,21.1480
2436.00,21.0768
2436.50,21.0805
2437.00,21.1526
2437.50,21.2523
2438.00,21.3330
2438.50,21.3728
2439.00,21.3850
2439.50,21.3985
2440.00,21.4303
2440.50,21.4748
2441.00,21.5165
2441.50,21.5503
2442.00,21.5872
2442.50,21.6428
2443.00,21.7206
2443.50,21.8054
2444.00,21.8691
2444.50,21.8873
2445.00,21.8537
2445.50,21.7827
2446.00,21.6985
2446.50,21.6201
2447.00,21.5565
2447.50,21.5107
2448.00,21.4860
2448.50,21.4865
2449.00,21.5131
2449.50,21.5577
2450.00,21.6023
2450.50,21.6244
2451.00,21.6089
2451.50,21.5571
2452.00,21.4861
2452.50,21.4188
2453.00,21.3715
2453.50,21.3479
2454.00,21.3399
2454.50,21.3334
2455.00,21.3151
2455.50,21.2783
2456.00,21.2251
2456.50,21.1646
2457.00,21.1125
2457.50,21.0889
2458.00,21.1106
2458.50,21.1817
2459.00,21.2896
2459.50,21.4139
2460.00,21.5369
2460.50,21.6465
2461.00,21.7345
2461.50,21.7972
2462.00,21.8377
2462.50,21.8644
2463.00,21.8889
2463.50,21.9250
2464.00,21.9878
2464.50,22.0843
2465.00,22.2036
2465.50,22.3195
2466.00,22.4071
2466.50,22.4593
2467.00,22.4890
2467.50,22.5159
2468.00,22.5519
2468.50,22.6009
2469.00,22.6682
2469.50,22.7655
2470.00,22.9008
2470.50,23.0643
2471.00,23.2258
2471.50,23.3469
2472.00,23.4002
2472.50,23.3834
2473.00,23.3183
2473.50,23.2370
2474.00,23.1668
2474.50,23.1250
2475.00,23.1220
2475.50,23.1587
2476.00,23.2204
2476.50,23.2805
2477.00,23.3174
2477.50,23.3304
2478.00,23.3381
2478.50,23.3616
2479.00,23.4093
2479.50,23.4733
2480.00,23.5368
2480.50,23.5865
2481.00,23.6213
2481.50,23.6503
2482.00,23.6820
2482.50,23.7135
2483.00,23.7298
2483.50,23.7162
2484.00,23.6721
2484.50,23.6158
2485.00,23.5736
2485.50,23.5610
2486.00,23.5741
2486.50,23.5985
2487.00,23.6269
2487.50,23.6613
2488.00,23.6960
2488.50,23.7060
2489.00,23.6619
2489.50,23.5586
2490.00,23.4266
2490.50,23.3138
2491.00,23.2551
2491.50,23.2594
2492.00,23.3162
2492.50,23.4066
2493.00,23.5040
2493.50,23.5757
2494.00,23.5943
2494.50,23.5561
2495.00,23.4892
2495.50,23.4393
2496.00,23.4421
2496.50,23.5023
2497.00,23.5928
2497.50,23.6754
2498.00,23.7263
2498.50,23.7469
2499.00,23.7534
2499.50,23.7558
2500.00,23.7493
2500.50,23.7263
2501.00,23.6914
2501.50,23.6600
2502.00,23.6420
2502.50,23.6308
2503.00,23.6089
2503.50,23.5665
2504.00,23.5156
2504.50,23.4868
2505.00,23.5064
2505.50,23.5731
2506.00,23.6558
2506.50,23.7168
2507.00,23.7375
2507.50,23.7248
2508.00,23.7017
2508.50,23.6932
2509.00,23.7132
2509.50,23.7571
2510.00,23.8051
2510.50,23.8371
2511.00,23.8459
2511.50,23.8375
2512.00,23.8196
2512.50,23.7943
2513.00,23.7600
2513.50,23.7193
2514.00,23.6805
2514.50,23.6524
2515.00,23.6369
2515.50,23.6315
2516.00,23.6355
2516.50,23.6539
2517.00,23.6919
2517.50,23.7458
2518.00,23.7993
2518.50,23.8320
2519.00,23.8330
2519.50,23.8068
2520.00,23.7678
2520.50,23.7295
2521.00,23.7010
2521.50,23.6886
2522.00,23.6964
2522.50,23.7223
2523.00,23.7547
2523.50,23.7765
2524.00,23.7726
2524.50,23.7367
2525.00,23.6726
2525.50,23.5908
2526.00,23.5032
2526.50,23.4203
2527.00,23.3514
2527.50,23.3052
2528.00,23.2867
2528.50,23.2904
2529.00,23.2988
2529.50,23.2921
2530.00,23.2622
2530.50,23.2174
2531.00,23.1734
2531.50,23.1427
2532.00,23.1313
2532.50,23.1404
2533.00,23.1635
2533.50,23.1834
2534.00,23.1791
2534.50,23.1414
2535.00,23.0820
2535.50,23.0265
2536.00,22.9974
2536.50,23.0022
2537.00,23.0338
2537.50,23.0795
2538.00,23.1292
2538.50,23.1775
2539.00,23.2186
2539.50,23.2435
2540.00,23.2482
2540.50,23.2412
2541.00,23.2378
2541.50,23.2398
2542.00,23.2261
2542.50,23.1672
2543.00,23.0529
2543.50,22.9077
2544.00,22.7810
2544.50,22.7228
2545.00,22.7602
2545.50,22.8868
2546.00,23.0652
2546.50,23.2421
2547.00,23.3717
2547.50,23.4369
2548.00,23.4524
2548.50,23.4461
2549.00,23.4359
2549.50,23.4226
2550.00,23.4011
2550.50,23.3736
2551.00,23.3466
2551.50,23.3203
2552.00,23.2855
2552.50,23.2350
2553.00,23.1760
2553.50,23.1275
2554.00,23.1079
2554.50,23.1236
2555.00,23.1657
2555.50,23.2152
2556.00,23.2512
2556.50,23.2628
2557.00,23.2555
2557.50,23.2472
2558.00,23.2556
2558.50,23.2878
2559.00,23.3358
2559.50,23.3819
2560.00,23.4075
2560.50,23.4055
2561.00,23.3878
2561.50,23.3814
2562.00,23.4118
2562.50,23.4891
2563.00,23.6048
2563.50,23.7371
2564.00,23.8575
2564.50,23.9362
2565.00,23.9508
2565.50,23.8993
2566.00,23.8076
2566.50,23.7194
2567.00,23.6694
2567.50,23.6616
2568.00,23.6703
2568.50,23.6654
2569.00,23.6387
2569.50,23.6096
2570.00,23.6064
2570.50,23.6439
2571.00,23.7119
2571.50,23.7833
2572.00,23.8300
2572.50,23.8370
2573.00,23.8080
2573.50,23.7604
2574.00,23.7135
2574.50,23.6802
2575.00,23.6657
2575.50,23.6700
2576.00,23.6864
2576.50,23.7000
2577.00,23.6947
2577.50,23.6656
2578.00,23.6248
2578.50,23.5911
2579.00,23.5756
2579.50,23.5777
2580.00,23.5943
2580.50,23.6284
2581.00,23.6852
2581.50,23.7589
2582.00,23.8290
2582.50,23.8730
2583.00,23.8838
2583.50,23.8762
2584.00,23.8747
2584.50,23.8955
2585.00,23.9362
2585.50,23.9798
2586.00,24.0082
2586.50,24.0160
2587.00,24.0142
2587.50,24.0188
2588.00,24.0351
2588.50,24.0516
2589.00,24.0506
2589.50,24.0240
2590.00,23.9807
2590.50,23.9398
2591.00,23.9175
2591.50,23.9182
2592.00,23.9323
2592.50,23.9403
2593.00,23.9204
2593.50,23.8599
2594.00,23.7649
2594.50,23.6621
2595.00,23.5876
2595.50,23.5684
2596.00,23.6084
2596.50,23.6867
2597.00,23.7698
2597.50,23.8311
2598.00,23.8638
2598.50,23.8785
2599.00,23.8884
2599.50,23.8949
2600.00,23.8868
2600.50,23.8505
2601.00,23.7787
2601.50,23.6710
2602.00,23.5343
2602.50,23.3904
2603.00,23.2765
2603.50,23.2279
2604.00,23.2490
2604.50,23.3053
2605.00,23.3516
2605.50,23.3706
2606.00,23.3823
2606.50,23.4164
2607.00,23.4791
2607.50,23.5485
2608.00,23.5941
2608.50,23.5995
2609.00,23.5695
2609.50,23.5235
2610.00,23.4841
2610.50,23.4669
2611.00,23.4744
2611.50,23.4946
2612.00,23.5054
2612.50,23.4842
2613.00,23.4206
2613.50,23.3240
2614.00,23.2220
2614.50,23.1498
2615.00,23.1340
2615.50,23.1815
2616.00,23.2766
2616.50,23.3900
2617.00,23.4906
2617.50,23.5551
2618.00,23.5713
2618.50,23.5391
2619.00,23.4681
2619.50,23.3740
2620.00,23.2733
2620.50,23.1787
2621.00,23.0984
2621.50,23.0381
2622.00,23.0006
2622.50,22.9845
2623.00,22.9812
2623.50,22.9792
2624.00,22.9751
2624.50,22.9796
2625.00,23.0074
2625.50,23.0591
2626.00,23.1146
2626.50,23.1490
2627.00,23.1561
2627.50,23.1524
2628.00,23.1588
2628.50,23.1805
2629.00,23.2061
2629.50,23.2223
2630.00,23.2247
2630.50,23.2178
2631.00,23.2088
2631.50,23.2023
2632.00,23.1998
2632.50,23.2019
2633.00,23.2110
2633.50,23.2319
2634.00,23.2683
2634.50,23.3169
2635.00,23.3657
2635.50,23.4005
2636.00,23.4146
2636.50,23.4137
2637.00,23.4098
2637.50,23.4122
2638.00,23.4217
2638.50,23.4332
2639.00,23.4428
2639.50,23.4524
2640.00,23.4707
2640.50,23.5091
2641.00,23.5706
2641.50,23.6394
2642.00,23.6838
2642.50,23.6756
2643.00,23.6131
2643.50,23.5256
2644.00,23.4532
2644.50,23.4187
2645.00,23.4126
2645.50,23.4029
2646.00,23.3593
2646.50,23.2747
2647.00,23.1702
2647.50,23.0797
2648.00,23.0261
2648.50,23.0067
2649.00,22.9986
2649.50,22.9789
2650.00,22.9437
2650.50,22.9132
2651.00,22.9185
2651.50,22.9805
2652.00,23.0932
2652.50,23.2248
2653.00,23.3354
2653.50,23.4006
2654.00,23.4246
2654.50,23.4363
2655.00,23.4680
2655.50,23.5344
2656.00,23.6267
2656.50,23.7242
2657.00,23.8107
2657.50,23.8798
2658.00,23.9296
2658.50,23.9562
2659.00,23.9537
2659.50,23.9176
2660.00,23.8505
2660.50,23.7661
2661.00,23.6869
2661.50,23.6362
2662.00,23.6258
2662.50,23.6510
2663.00,23.6933
2663.50,23.7293
2664.00,23.7411
2664.50,23.7231
2665.00,23.6828
2665.50,23.6337
2666.00,23.5884
2666.50,23.5597
2667.00,23.5655
2667.50,23.6230
2668.00,23.7300
2668.50,23.8542
2669.00,23.9480
2669.50,23.9803
2670.00,23.9569
2670.50,23.9124
2671.00,23.8824
2671.50,23.8826
2672.00,23.9065
2672.50,23.9395
2673.00,23.9710
2673.50,23.9930
2674.00,23.9935
2674.50,23.9563
2675.00,23.8721
2675.50,23.7492
2676.00,23.6126
2676.50,23.4911
2677.00,23.4049
2677.50,23.3658
2678.00,23.3810
2678.50,23.4523
2679.00,23.5693
2679.50,23.7068
2680.00,23.8324
2680.50,23.9162
2681.00,23.9427
2681.50,23.9187
2682.00,23.8733
2682.50,23.8418
2683.00,23.8410
2683.50,23.8582
2684.00,23.8654
2684.50,23.8444
2685.00,23.7981
2685.50,23.7438
2686.00,23.7027
2686.50,23.6940
2687.00,23.7305
2687.50,23.8087
2688.00,23.9034
2688.50,23.9756
2689.00,23.9935
2689.50,23.9511
2690.00,23.8697
2690.50,23.7856
2691.00,23.7331
2691.50,23.7337
2692.00,23.7919
2692.50,23.8964
2693.00,24.0211
2693.50,24.1282
2694.00,24.1779
2694.50,24.1492
2695.00,24.0559
2695.50,23.9439
2696.00,23.8646
2696.50,23.8478
2697.00,23.8915
2697.50,23.9694
2698.00,24.0472
2698.50,24.0949
2699.00,24.0966
2699.50,24.0548
2700.00,23.9850
2700.50,23.9022
2701.00,23.8115
2701.50,23.7118
2702.00,23.6061
2702.50,23.5061
2703.00,23.4288
2703.50,23.3886
2704.00,23.3893
2704.50,23.4217
2705.00,23.4707
2705.50,23.5261
2706.00,23.5846
2706.50,23.6398
2707.00,23.6741
2707.50,23.6659
2708.00,23.6072
2708.50,23.5154
2709.00,23.4264
2709.50,23.3747
2710.00,23.3767
2710.50,23.4245
2711.00,23.4912
2711.50,23.5476
2712.00,23.5788
2712.50,23.5932
2713.00,23.6120
2713.50,23.6505
2714.00,23.7053
2714.50,23.7590
2715.00,23.7963
2715.50,23.8145
2716.00,23.8222
2716.50,23.8280
2717.00,23.8323
2717.50,23.8266
2718.00,23.8020
2718.50,23.7584
2719.00,23.7048
2719.50,23.6505
2720.00,23.5986
2720.50,23.5482
2721.00,23.5009
2721.50,23.4624
2722.00,23.4397
2722.50,23.4391
2723.00,23.4653
2723.50,23.5171
2724.00,23.5835
2724.50,23.6466
2725.00,23.6932
2725.50,23.7249
2726.00,23.7528
2726.50,23.7828
2727.00,23.8073
2727.50,23.8131
2728.00,23.7980
2728.50,23.7749
2729.00,23.7618
2729.50,23.7669
2730.00,23.7834
2730.50,23.7970
2731.00,23.7951
2731.50,23.7722
2732.00,23.7305
2732.50,23.6782
2733.00,23.6269
2733.50,23.5854
2734.00,23.5536
2734.50,23.5264
2735.00,23.5038
2735.50,23.4986
2736.00,23.5269
2736.50,23.5905
2737.00,23.6691
2737.50,23.7307
2738.00,23.7515
2738.50,23.7271
2739.00,23.6697
2739.50,23.5979
2740.00,23.5287
2740.50,23.4748
2741.00,23.4453
2741.50,23.4446
2742.00,23.4703
2742.50,23.5146
2743.00,23.5677
2743.50,23.6180
2744.00,23.6469
2744.50,23.6275
2745.00,23.5364
2745.50,23.3747
2746.00,23.1789
2746.50,23.0071
2747.00,22.9068
2747.50,22.8909
2748.00,22.9365
2748.50,23.0029
2749.00,23.0503
2749.50,23.0507
2750.00,22.9959
2750.50,22.9036
2751.00,22.8127
2751.50,22.7657
2752.00,22.7839
2752.50,22.8579
2753.00,22.9573
2753.50,23.0509
2754.00,23.1206
2754.50,23.1644
2755.00,23.1905
2755.50,23.2054
2756.00,23.2037
2756.50,23.1708
2757.00,23.0983
2757.50,22.9984
2758.00,22.9063
2758.50,22.8637
2759.00,22.8966
2759.50,22.9974
2760.00,23.1267
2760.50,23.2335
2761.00,23.2819
2761.50,23.2684
2762.00,23.2182
2762.50,23.1690
2763.00,23.1503
2763.50,23.1720
2764.00,23.2237
2764.50,23.2821
2765.00,23.3177
2765.50,23.3030
2766.00,23.2228
2766.50,23.0854
2767.00,22.9239
2767.50,22.7856
2768.00,22.7128
2768.50,22.7224
2769.00,22.7950
2769.50,22.8847
2770.00,22.9485
2770.50,22.9781
2771.00,23.0011
2771.50,23.0504
2772.00,23.1281
2772.50,23.1994
2773.00,23.2212
2773.50,23.1789
2774.00,23.0983
2774.50,23.0260
2775.00,22.9975
2775.50,23.0175
2776.00,23.0660
2776.50,23.1196
2777.00,23.1667
2777.50,23.2068
2778.00,23.2429
2778.50,23.2750
2779.00,23.2984
2779.50,23.3025
2780.00,23.2727
2780.50,23.1977
2781.00,23.0785
2781.50,22.9319
2782.00,22.7859
2782.50,22.6711
2783.00,22.6084
2783.50,22.5986
2784.00,22.6236
2784.50,22.6594
2785.00,22.6915
2785.50,22.7179
2786.00,22.7403
2786.50,22.7584
2787.00,22.7723
2787.50,22.7904
2788.00,22.8265
2788.50,22.8857
2789.00,22.9523
2789.50,22.9977
2790.00,23.0012
2790.50,22.9623
2791.00,22.8941
2791.50,22.8099
2792.00,22.7204
2792.50,22.6398
2793.00,22.5878
2793.50,22.5860
2794.00,22.6489
2794.50,22.7764
2795.00,22.9467
2795.50,23.1170
2796.00,23.2391
2796.50,23.2835
2797.00,23.2545
2797.50,23.1838
2798.00,23.1080
2798.50,23.0502
2799.00,23.0160
2799.50,23.0025
2800.00,23.0079
2800.50,23.0352
2801.00,23.0888
2801.50,23.1685
2802.00,23.2672
2802.50,23.3733
2803.00,23.4744
2803.50,23.5605
2804.00,23.6257
2804.50,23.6664
2805.00,23.6805
2805.50,23.6668
2806.00,23.6300
2806.50,23.5845
2807.00,23.5495
2807.50,23.5358
2808.00,23.5399
2808.50,23.5519
2809.00,23.5681
2809.50,23.5945
2810.00,23.6404
2810.50,23.7093
2811.00,23.7934
2811.50,23.8747
2812.00,23.9330
2812.50,23.9573
2813.00,23.9520
2813.50,23.9297
2814.00,23.8996
2814.50,23.8635
2815.00,23.8244
2815.50,23.7963
2816.00,23.8012
2816.50,23.8515
2817.00,23.9346
2817.50,24.0142
2818.00,24.0508
2818.50,24.0250
2819.00,23.9474
2819.50,23.8538
2820.00,23.7897
2820.50,23.7889
2821.00,23.8548
2821.50,23.9579
2822.00,24.0530
2822.50,24.1042
2823.00,24.1016
2823.50,24.0597
2824.00,24.0049
2824.50,23.9588
2825.00,23.9287
2825.50,23.9106
2826.00,23.8974
2826.50,23.8853
2827.00,23.8723
2827.50,23.8584
2828.00,23.8491
2828.50,23.8574
2829.00,23.8937
2829.50,23.9507
2830.00,24.0032
2830.50,24.0261
2831.00,24.0168
2831.50,23.9963
2832.00,23.9913
2832.50,24.0126
2833.00,24.0505
2833.50,24.0847
2834.00,24.0977
2834.50,24.0824
2835.00,24.0399
2835.50,23.9742
2836.00,23.8906
2836.50,23.7971
2837.00,23.7063
2837.50,23.6337
2838.00,23.5948
2838.50,23.5998
2839.00,23.6462
2839.50,23.7136
2840.00,23.7676
2840.50,23.7783
2841.00,23.7416
2841.50,23.6856
2842.00,23.6521
2842.50,23.6690
2843.00,23.7337
2843.50,23.8212
2844.00,23.9028
2844.50,23.9603
2845.00,23.9886
2845.50,23.9922
2846.00,23.9814
2846.50,23.9678
2847.00,23.9582
2847.50,23.9504
2848.00,23.9375
2848.50,23.9167
2849.00,23.8947
2849.50,23.8829
2850.00,23.8888
2850.50,23.9152
2851.00,23.9632
2851.50,24.0297
2852.00,24.0984
2852.50,24.1418
2853.00,24.1401
2853.50,24.1021
2854.00,24.0615
2854.50,24.0453
2855.00,24.0454
2855.50,24.0248
2856.00,23.9521
2856.50,23.8312
2857.00,23.6972
2857.50,23.5854
2858.00,23.5048
2858.50,23.4382
2859.00,23.3661
2859.50,23.2882
2860.00,23.2231
2860.50,23.1905
2861.00,23.1943
2861.50,23.2195
2862.00,23.2448
2862.50,23.2574
2863.00,23.2617
2863.50,23.2739
2864.00,23.3111
2864.50,23.3782
2865.00,23.4633
2865.50,23.5399
2866.00,23.5771
2866.50,23.5520
2867.00,23.4623
2867.50,23.3312
2868.00,23.1982
2868.50,23.0997
2869.00,23.0524
2869.50,23.0515
2870.00,23.0798
2870.50,23.1174
2871.00,23.1465
2871.50,23.1516
2872.00,23.1230
2872.50,23.0633
2873.00,22.9937
2873.50,22.9491
2874.00,22.9589
2874.50,23.0279
2875.00,23.1322
2875.50,23.2345
2876.00,23.3047
2876.50,23.3312
2877.00,23.3199
2877.50,23.2837
2878.00,23.2339
2878.50,23.1769
2879.00,23.1198
2879.50,23.0746
2880.00,23.0547
2880.50,23.0639
2881.00,23.0953
2881.50,23.1412
2882.00,23.2028
2882.50,23.2832
2883.00,23.3708
2883.50,23.4369
2884.00,23.4564
2884.50,23.4321
2885.00,23.3930
2885.50,23.3676
2886.00,23.3609
2886.50,23.3579
2887.00,23.3442
2887.50,23.3226
2888.00,23.3096
2888.50,23.3166
2889.00,23.3360
2889.50,23.3454
2890.00,23.3272
2890.50,23.2843
2891.00,23.2326
2891.50,23.1840
2892.00,23.1378
2892.50,23.0906
2893.00,23.0453
2893.50,23.0099
2894.00,22.9881
2894.50,22.9763
2895.00,22.9691
2895.50,22.9668
2896.00,22.9761
2896.50,23.0047
2897.00,23.0505
2897.50,23.0952
2898.00,23.1100
2898.50,23.0738
2899.00,22.9911
2899.50,22.8932
2900.00,22.8221
2900.50,22.8099
2901.00,22.8639
2901.50,22.9642
2902.00,23.0735
2902.50,23.1542
2903.00,23.1868
2903.50,23.1775
2904.00,23.1527
2904.50,23.1416
